10 8
0.166667 0.166667 0.166667 0.166667 0.166667 0.166667 0.0 0.0 
0 1 73 32 22 36 27 25 35 26
0 2 90 9 15 15 21 19 13 14
0 3 57 40 40 45 47 43 51 49
0 4 48 58 47 46 51 44 57 52
0 5 99 12 12 0 3 5 3 11
0 6 25 72 70 69 73 64 78 72
0 7 23 66 74 79 70 69 73 78
0 8 57 46 46 39 43 43 35 48
0 9 19 79 75 71 69 71 73 73
1 2 0 87 91 98 97 88 98 97
1 3 69 33 38 39 34 33 40 31
1 4 21 77 80 68 73 68 72 74
1 5 98 13 13 9 4 9 2 8
1 6 19 73 76 74 83 78 82 73
1 7 86 24 15 25 24 13 20 11
1 8 22 75 77 80 74 73 77 79
1 9 95 9 13 11 9 7 6 16
2 3 66 31 40 34 42 33 40 42
2 4 36 65 56 58 54 57 66 62
2 5 48 52 56 49 49 52 51 55
2 6 80 20 18 25 28 29 28 25
2 7 80 23 23 17 28 27 18 20
2 8 30 63 70 72 64 72 70 70
2 9 71 27 30 35 24 33 38 25
3 4 25 70 63 77 73 71 70 75
3 5 61 46 39 46 38 35 41 41
3 6 94 15 15 7 11 8 9 5
3 7 96 10 12 3 5 4 14 4
3 8 67 39 28 38 37 30 40 32
3 9 61 42 35 46 35 45 32 42
4 5 82 23 22 17 26 21 28 29
4 6 2 96 92 83 89 84 83 90
4 7 25 77 63 74 73 66 72 74
4 8 18 77 71 80 80 75 79 69
4 9 43 51 49 53 56 58 58 62
5 6 85 21 25 21 14 13 18 26
5 7 6 89 93 87 83 86 81 82
5 8 68 31 35 41 36 36 36 32
5 9 27 75 76 74 68 67 70 65
6 7 67 30 40 36 33 36 39 42
6 8 87 15 15 22 14 15 11 13
6 9 29 69 68 73 70 61 61 67
7 8 63 44 31 36 39 36 41 31
7 9 3 96 91 91 91 91 85 86
8 9 49 54 45 52 57 55 56 49
