20 8
0.166667 0.166667 0.166667 0.166667 0.166667 0.166667 0.0 0.0 
0 1 69 30 36 36 37 40 35 35
0 2 89 22 11 21 12 20 14 16
0 3 98 4 2 13 5 9 10 3
0 4 47 48 58 48 54 56 50 47
0 5 29 70 68 74 65 74 63 62
0 6 27 69 62 75 71 72 75 65
0 7 49 49 57 57 43 51 44 44
0 8 53 44 52 49 51 43 50 41
0 9 87 12 22 16 20 10 11 16
0 10 74 30 35 31 27 35 29 28
0 11 78 18 24 25 26 28 32 32
0 12 4 86 89 95 86 84 88 86
0 13 10 85 89 87 77 86 89 86
0 14 67 31 31 28 33 40 36 37
0 15 38 64 53 58 62 52 60 60
0 16 55 42 43 50 42 47 50 40
0 17 92 10 17 14 9 18 16 14
0 18 44 58 57 59 47 54 54 58
0 19 68 36 32 31 30 40 32 27
1 2 37 58 56 56 65 63 56 57
1 3 4 88 87 87 92 85 82 83
1 4 72 28 37 35 32 24 31 37
1 5 44 48 60 60 50 58 60 50
1 6 44 50 55 50 48 60 56 55
1 7 1 95 85 84 93 84 88 92
1 8 88 14 10 23 10 19 20 12
1 9 52 54 50 43 46 42 53 41
1 10 7 79 83 79 88 92 81 86
1 11 17 82 84 72 79 75 70 78
1 12 75 21 23 25 24 26 25 33
1 13 49 53 51 50 56 45 48 48
1 14 36 57 60 66 66 63 56 67
1 15 25 63 69 78 77 65 77 72
1 16 10 87 89 77 83 89 79 83
1 17 52 49 49 43 54 41 54 52
1 18 3 90 92 90 88 83 85 87
1 19 65 43 33 39 35 34 43 42
2 3 43 51 48 53 54 53 58 57
2 4 74 26 31 23 34 36 28 26
2 5 75 23 22 27 32 24 27 32
2 6 42 56 58 53 55 63 55 49
2 7 57 44 50 37 50 45 43 41
2 8 58 49 38 42 44 42 44 43
2 9 22 80 73 75 73 72 77 68
2 10 84 18 23 21 26 24 17 13
2 11 70 38 29 37 28 40 39 26
2 12 44 50 56 49 53 51 55 58
2 13 7 89 83 90 80 81 85 86
2 14 87 14 13 20 25 23 17 21
2 15 65 38 31 29 33 42 35 39
2 16 40 57 57 63 64 52 57 55
2 17 53 45 41 48 45 49 50 42
2 18 84 22 27 25 24 22 19 21
2 19 50 43 54 53 51 52 45 50
3 4 18 76 71 81 72 84 79 79
3 5 44 56 56 59 50 58 51 61
3 6 52 43 52 52 53 46 49 42
3 7 53 50 46 51 44 41 47 40
3 8 93 11 14 12 19 14 15 8
3 9 19 72 80 73 72 73 79 73
3 10 46 52 59 55 50 47 54 46
3 11 82 28 29 16 28 16 25 26
3 12 74 35 25 29 23 36 35 24
3 13 69 26 30 32 26 36 32 34
3 14 66 28 38 38 37 41 40 38
3 15 14 76 73 86 79 87 83 83
3 16 60 40 38 33 47 34 38 43
3 17 76 22 23 26 23 26 34 33
3 18 26 73 75 63 65 62 72 63
3 19 81 25 21 24 21 17 25 16
4 5 2 91 88 93 94 94 87 84
4 6 7 92 89 84 90 85 79 79
4 7 78 19 25 19 18 22 25 30
4 8 81 18 24 17 26 16 27 22
4 9 57 39 46 46 43 37 36 44
4 10 64 30 36 36 41 36 35 38
4 11 37 55 54 65 64 56 61 53
4 12 21 77 70 75 68 75 73 68
4 13 22 72 80 73 75 73 68 71
4 14 69 36 37 26 36 36 37 31
4 15 21 75 69 71 77 72 72 79
4 16 50 48 56 44 47 45 43 48
4 17 12 88 86 84 83 85 85 85
4 18 21 73 74 67 80 74 81 77
4 19 19 80 73 71 76 71 73 77
5 6 76 29 31 20 25 33 28 28
5 7 58 41 42 45 41 46 35 47
5 8 11 89 85 88 82 83 80 78
5 9 31 69 67 72 64 66 70 61
5 10 27 67 64 74 61 66 73 72
5 11 19 71 77 77 77 83 76 77
5 12 69 31 33 30 32 28 38 34
5 13 14 73 78 77 81 86 85 85
5 14 96 15 5 8 14 6 17 15
5 15 99 9 14 8 0 12 11 14
5 16 30 61 71 71 64 63 61 60
5 17 26 70 71 63 70 66 65 69
5 18 57 47 41 40 44 41 47 49
5 19 24 63 67 72 74 73 64 77
6 7 99 6 2 2 10 0 5 11
6 8 5 92 80 89 92 86 85 94
6 9 24 74 67 65 74 72 66 78
6 10 10 88 79 89 78 86 82 76
6 11 2 90 86 85 90 92 94 84
6 12 52 46 42 53 43 53 50 42
6 13 33 57 66 63 60 62 61 69
6 14 96 16 13 10 17 15 5 6
6 15 46 56 58 56 59 59 57 58
6 16 32 64 67 59 60 65 67 63
6 17 95 7 14 13 18 17 9 10
6 18 95 12 4 7 18 8 12 17
6 19 45 53 53 54 57 49 53 47
7 8 9 88 79 91 85 85 77 84
7 9 80 29 18 21 24 24 25 21
7 10 95 11 7 11 4 13 14 14
7 11 54 43 39 52 46 45 42 46
7 12 94 10 6 6 13 5 7 7
7 13 15 73 78 75 80 79 74 75
7 14 74 23 33 24 25 28 28 23
7 15 84 26 17 16 20 16 14 15
7 16 41 55 50 63 57 59 52 63
7 17 46 58 46 51 52 53 50 59
7 18 2 96 86 83 92 85 89 84
7 19 95 11 11 18 14 7 7 13
8 9 38 54 57 53 63 60 55 55
8 10 37 58 54 57 65 65 62 62
8 11 53 44 40 49 51 51 46 39
8 12 57 43 43 41 38 45 42 39
8 13 40 58 56 59 61 55 53 55
8 14 46 60 59 49 50 46 55 53
8 15 89 8 15 23 20 17 20 18
8 16 95 9 6 17 18 12 5 17
8 17 73 27 25 23 35 23 32 34
8 18 56 49 46 49 40 42 39 46
8 19 46 47 56 55 58 47 46 46
9 10 52 49 50 52 52 53 47 41
9 11 34 58 67 59 65 69 67 61
9 12 52 40 42 44 43 52 54 42
9 13 76 31 28 24 27 31 33 32
9 14 13 88 76 84 73 73 79 79
9 15 88 15 17 21 10 16 14 11
9 16 8 81 83 80 84 90 84 93
9 17 39 54 59 65 58 57 57 57
9 18 99 10 2 12 5 7 13 2
9 19 76 24 25 26 28 33 24 33
10 11 64 41 42 43 33 45 31 31
10 12 58 46 35 39 36 43 36 36
10 13 65 30 35 34 31 44 32 40
10 14 48 57 48 56 45 54 51 55
10 15 81 17 16 25 30 21 28 28
10 16 2 90 92 85 92 87 87 83
10 17 92 8 6 8 12 14 18 16
10 18 37 66 65 53 59 54 53 60
10 19 91 16 20 18 17 16 14 17
11 12 43 54 61 58 57 55 57 55
11 13 20 73 79 80 78 80 80 69
11 14 3 89 86 89 93 92 90 94
11 15 28 72 65 64 65 69 73 74
11 16 39 59 60 60 56 56 61 62
11 17 1 93 88 84 86 96 88 85
11 18 27 63 68 62 69 69 69 75
11 19 53 52 47 50 52 49 39 52
12 13 78 22 23 22 32 28 31 22
12 14 73 36 23 33 37 27 34 23
12 15 35 56 67 58 60 66 59 63
12 16 76 25 23 22 30 25 21 26
12 17 71 34 32 36 32 25 27 30
12 18 69 34 37 33 39 26 34 33
12 19 32 62 57 59 71 67 69 71
13 14 67 28 31 30 29 28 39 36
13 15 61 45 39 42 39 35 40 37
13 16 4 95 93 91 95 94 83 81
13 17 85 21 12 18 19 14 25 26
13 18 13 86 75 85 74 82 83 80
13 19 11 81 83 87 78 86 79 75
14 15 18 82 80 73 72 73 77 72
14 16 19 76 74 72 80 79 76 79
14 17 1 83 98 92 87 85 86 85
14 18 14 75 82 84 75 85 82 72
14 19 76 34 32 28 24 33 31 34
15 16 26 62 63 73 68 74 67 75
15 17 25 65 68 69 68 70 65 66
15 18 58 43 36 36 45 38 36 35
15 19 65 32 39 31 33 37 35 34
16 17 74 27 23 22 32 33 26 24
16 18 42 51 59 57 52 54 58 58
16 19 56 48 44 37 37 46 45 51
17 18 78 25 27 21 29 32 21 26
17 19 70 30 37 27 34 38 31 30
18 19 4 91 87 92 81 84 95 87
