22 8
0.142857 0.142857 0.142857 0.142857 0.142857 0.142857 0.142857 0.0 
0 1 34 64 59 67 56 66 64 61
0 2 16 71 74 74 77 75 76 81
0 3 69 30 40 30 32 27 27 39
0 4 8 86 92 84 89 78 88 89
0 5 81 20 29 21 29 18 23 17
0 6 79 32 29 30 27 23 27 21
0 7 90 12 20 10 19 12 16 21
0 8 93 9 11 6 6 11 16 17
0 9 98 8 3 13 2 2 11 13
0 10 16 72 85 83 85 79 82 73
0 11 14 79 73 79 77 84 80 81
0 12 74 29 23 23 22 23 24 25
0 13 28 74 72 70 65 64 62 61
0 14 91 13 21 13 14 13 8 7
0 15 20 76 71 81 71 77 75 71
0 16 4 94 89 95 86 90 94 90
0 17 62 38 41 34 36 36 46 33
0 18 31 71 71 59 65 70 61 64
0 19 71 29 25 27 37 35 37 25
0 20 53 51 53 48 40 52 50 40
0 21 57 50 50 40 45 47 48 43
1 2 47 47 52 54 51 48 58 52
1 3 74 29 26 25 26 28 26 29
1 4 40 52 59 53 65 53 55 60
1 5 36 68 55 63 61 54 58 68
1 6 50 49 56 56 45 42 52 44
1 7 75 22 28 34 20 35 35 30
1 8 76 26 25 34 29 27 20 22
1 9 49 51 43 57 54 53 56 50
1 10 17 76 84 77 79 80 72 84
1 11 19 74 74 81 81 75 83 79
1 12 98 4 6 10 6 15 9 7
1 13 0 91 91 90 95 90 99 95
1 14 42 51 55 60 60 49 51 50
1 15 94 8 13 14 8 14 12 18
1 16 54 53 51 44 43 38 44 48
1 17 11 85 87 85 76 86 87 86
1 18 46 51 50 56 52 50 51 57
1 19 42 53 58 55 63 51 57 62
1 20 57 50 44 47 37 40 47 48
1 21 29 65 72 62 70 73 60 65
2 3 79 17 23 17 29 27 18 29
2 4 46 48 45 56 53 51 58 58
2 5 3 91 93 89 87 91 83 93
2 6 38 66 56 61 56 64 58 64
2 7 95 15 8 6 17 9 16 13
2 8 24 77 69 64 64 79 78 72
2 9 56 40 47 46 40 51 51 50
2 10 16 77 71 77 80 76 72 75
2 11 84 16 26 17 27 27 26 18
2 12 61 41 39 43 47 42 46 42
2 13 19 75 74 80 82 82 74 70
2 14 61 34 48 34 40 47 47 43
2 15 24 73 66 72 69 76 65 67
2 16 50 43 46 47 47 42 53 42
2 17 85 26 22 15 25 16 13 22
2 18 50 42 50 48 52 53 52 49
2 19 25 70 64 74 64 68 67 75
2 20 86 16 18 11 14 22 23 18
2 21 60 48 40 41 39 47 43 34
3 4 82 17 29 18 15 19 20 24
3 5 29 70 68 60 66 68 60 69
3 6 80 27 27 25 26 24 20 28
3 7 71 39 37 27 29 39 26 38
3 8 0 93 91 86 95 95 98 86
3 9 32 66 69 61 59 64 63 68
3 10 15 80 81 72 84 77 73 85
3 11 54 48 50 51 44 39 45 45
3 12 58 36 38 42 42 36 38 45
3 13 36 55 53 65 65 59 61 65
3 14 0 97 86 97 86 89 89 93
3 15 63 35 45 45 37 40 45 43
3 16 49 46 51 54 57 43 56 49
3 17 96 6 8 15 10 5 11 4
3 18 86 18 16 14 21 17 24 16
3 19 93 12 11 6 10 18 10 7
3 20 1 84 89 94 92 94 84 89
3 21 15 80 83 82 81 81 73 80
4 5 49 43 45 46 50 56 51 46
4 6 33 69 63 69 59 62 62 66
4 7 26 63 75 67 65 71 63 69
4 8 47 44 51 49 49 51 45 48
4 9 19 83 70 80 75 72 81 81
4 10 79 27 17 31 28 28 30 19
4 11 21 71 70 80 74 71 71 80
4 12 96 16 6 4 9 14 15 16
4 13 50 48 54 43 43 52 45 50
4 14 56 37 37 44 39 38 49 41
4 15 48 44 57 54 56 44 54 56
4 16 64 40 39 30 44 41 30 40
4 17 34 66 66 67 61 61 67 58
4 18 33 59 56 71 66 59 69 64
4 19 9 89 85 91 84 85 85 83
4 20 74 33 23 27 25 34 32 24
4 21 47 47 52 54 55 51 57 55
5 6 88 20 20 24 24 15 13 24
5 7 18 80 80 81 74 75 82 83
5 8 6 81 85 81 80 91 88 80
5 9 19 74 75 75 73 80 82 78
5 10 72 28 37 25 25 29 36 32
5 11 68 30 36 32 33 40 27 34
5 12 39 55 58 59 52 56 59 55
5 13 34 62 58 59 68 59 60 61
5 14 32 70 61 72 61 68 59 72
5 15 22 78 78 78 70 67 65 71
5 16 18 77 77 81 76 71 82 77
5 17 71 25 31 24 36 29 38 29
5 18 14 84 81 84 84 85 77 74
5 19 36 64 67 55 59 55 67 66
5 20 11 89 81 85 75 87 84 84
5 21 95 7 7 17 16 16 7 7
6 7 13 83 83 83 82 85 73 86
6 8 17 78 79 71 70 78 76 78
6 9 54 40 39 43 52 50 42 42
6 10 34 60 61 64 58 67 57 59
6 11 91 12 13 20 11 13 12 11
6 12 70 31 29 27 29 27 33 37
6 13 54 39 46 46 49 50 42 47
6 14 87 19 13 15 16 14 23 21
6 15 32 58 58 66 58 61 65 62
6 16 30 59 71 66 71 72 64 71
6 17 57 38 44 45 39 49 47 50
6 18 75 23 32 28 25 35 34 22
6 19 46 48 53 59 46 55 56 49
6 20 45 58 55 50 46 60 46 54
6 21 72 25 27 24 31 24 29 28
7 8 64 30 30 41 40 38 41 36
7 9 55 47 46 45 44 50 49 42
7 10 88 15 23 10 20 16 21 11
7 11 68 38 36 39 39 30 40 31
7 12 17 84 84 82 76 77 83 83
7 13 52 54 45 53 43 41 40 45
7 14 29 64 65 60 60 67 71 71
7 15 23 78 69 74 71 77 73 66
7 16 42 51 57 49 62 53 61 61
7 17 28 68 67 70 63 65 64 68
7 18 30 66 61 73 64 70 71 71
7 19 25 65 66 65 68 68 76 68
7 20 79 23 24 32 20 30 24 28
7 21 68 41 28 32 30 27 32 39
8 9 60 34 43 47 41 37 45 41
8 10 94 16 6 8 4 8 17 8
8 11 53 53 48 50 49 43 48 50
8 12 24 77 78 73 74 69 71 76
8 13 43 54 55 58 57 48 58 49
8 14 95 16 9 9 17 6 7 9
8 15 10 76 80 80 85 86 79 86
8 16 25 64 75 75 74 67 75 76
8 17 78 19 25 22 26 28 27 23
8 18 58 41 42 45 38 35 42 49
8 19 83 14 14 13 26 18 24 15
8 20 76 21 24 33 31 22 25 35
8 21 25 73 73 72 65 68 64 66
9 10 61 44 36 37 46 43 41 35
9 11 18 75 79 70 69 73 81 78
9 12 17 72 80 71 81 80 74 84
9 13 2 89 88 84 96 85 90 86
9 14 26 66 68 67 72 76 75 72
9 15 71 31 27 31 34 30 33 29
9 16 72 36 35 37 23 35 30 32
9 17 36 58 68 56 65 55 60 55
9 18 44 51 61 54 60 54 61 60
9 19 4 95 95 84 83 94 94 93
9 20 59 39 37 49 34 36 42 43
9 21 76 21 25 30 29 20 31 27
10 11 12 78 80 86 77 75 86 88
10 12 92 18 12 16 19 19 9 15
10 13 60 38 35 33 47 40 34 44
10 14 92 6 11 10 7 14 9 19
10 15 83 20 19 14 25 15 19 24
10 16 74 29 31 22 36 34 26 34
10 17 18 83 72 72 80 77 80 78
10 18 86 18 11 16 19 24 17 20
10 19 87 15 12 18 16 17 11 25
10 20 13 82 84 77 81 88 84 88
10 21 53 48 40 40 45 49 43 39
11 12 40 54 54 62 53 62 61 53
11 13 32 61 62 68 64 63 71 60
11 14 77 26 31 27 22 20 27 33
11 15 74 31 30 24 23 27 27 24
11 16 88 22 16 13 12 23 9 22
11 17 81 20 23 28 21 26 20 26
11 18 91 12 11 8 19 21 8 18
11 19 61 37 34 43 40 46 40 41
11 20 56 50 39 42 43 37 42 39
11 21 83 24 24 17 25 16 21 18
12 13 21 77 72 72 78 70 75 77
12 14 95 18 6 14 14 6 12 5
12 15 58 44 49 41 35 44 39 43
12 16 91 9 19 16 18 14 8 7
12 17 67 41 28 32 41 28 39 39
12 18 63 38 38 34 31 38 36 37
12 19 27 62 66 76 74 62 62 75
12 20 56 37 41 47 42 45 42 43
12 21 46 58 45 53 59 47 49 55
13 14 13 84 74 88 74 76 85 77
13 15 81 21 28 17 22 28 26 19
13 16 77 21 23 25 20 30 19 28
13 17 46 58 49 46 56 46 47 51
13 18 19 71 79 72 74 72 71 82
13 19 84 14 16 20 26 17 17 22
13 20 75 31 26 28 30 34 35 29
13 21 85 26 14 21 12 20 25 23
14 15 94 18 16 10 6 11 9 17
14 16 38 52 64 66 56 66 62 60
14 17 78 22 32 20 32 21 32 19
14 18 74 33 24 32 28 31 31 31
14 19 49 44 43 50 56 51 44 51
14 20 68 36 29 29 32 27 38 34
14 21 90 12 10 11 16 21 10 18
15 16 76 26 32 33 21 20 23 34
15 17 57 39 42 41 43 43 38 46
15 18 0 86 88 84 96 89 89 84
15 19 22 71 70 72 73 72 73 67
15 20 47 50 44 55 58 47 47 52
15 21 52 44 47 47 44 45 49 51
16 17 99 6 7 14 8 12 7 12
16 18 8 91 80 82 84 78 80 78
16 19 93 7 10 14 9 5 12 9
16 20 67 33 30 31 38 42 28 39
16 21 83 26 17 18 22 22 28 21
17 18 28 69 70 70 73 66 67 68
17 19 62 36 34 37 45 33 43 46
17 20 56 48 40 42 39 48 49 42
17 21 65 34 32 36 35 34 40 42
18 19 34 56 70 69 65 61 60 60
18 20 60 36 46 34 34 44 40 48
18 21 91 12 16 12 11 11 12 9
19 20 76 29 24 31 21 24 21 28
19 21 66 39 34 37 31 35 32 43
20 21 20 72 79 79 74 69 71 82
