38 8
0.166667 0.166667 0.166667 0.166667 0.166667 0.166667 0.0 0.0 
0 1 25 66 66 70 77 76 72 63
0 2 22 73 80 73 72 78 70 71
0 3 40 63 56 57 56 59 63 65
0 4 72 38 29 27 31 34 32 32
0 5 40 63 55 55 60 61 54 65
0 6 44 58 59 56 55 50 54 50
0 7 14 86 78 86 85 78 74 78
0 8 66 34 39 35 30 42 29 36
0 9 40 56 50 53 59 57 55 58
0 10 64 38 42 34 39 30 41 38
0 11 55 46 48 43 45 47 39 51
0 12 78 28 24 22 31 31 19 29
0 13 91 20 19 13 13 16 12 17
0 14 26 64 64 65 72 63 70 67
0 15 58 43 47 46 46 41 45 49
0 16 54 41 42 53 49 42 43 39
0 17 71 34 28 35 38 35 26 26
0 18 51 52 44 51 47 54 47 47
0 19 93 11 7 10 9 15 16 6
0 20 11 81 87 87 85 76 81 79
0 21 35 65 60 60 58 55 67 56
0 22 64 35 37 42 30 40 36 31
0 23 60 46 36 43 44 37 37 37
0 24 27 75 62 73 63 72 71 74
0 25 17 72 79 72 76 79 80 77
0 26 91 14 10 21 18 20 10 11
0 27 31 60 65 62 69 59 69 68
0 28 58 45 35 38 43 44 48 48
0 29 31 66 67 65 71 62 67 71
0 30 59 35 43 34 38 46 35 46
0 31 65 32 30 43 41 34 38 44
0 32 0 95 93 96 89 93 97 88
0 33 32 66 62 57 57 58 60 57
0 34 55 44 51 40 43 41 38 42
0 35 37 60 64 65 64 59 67 57
0 36 86 21 17 19 13 24 25 16
0 37 28 74 73 73 68 68 72 62
1 2 96 3 17 15 3 8 13 7
1 3 72 26 37 29 36 24 28 37
1 4 0 86 98 92 87 96 98 93
1 5 33 58 61 65 64 69 70 59
1 6 77 33 19 24 25 26 20 20
1 7 92 11 15 13 12 18 16 14
1 8 81 22 28 18 23 17 26 30
1 9 20 75 74 71 68 71 69 80
1 10 72 37 33 25 26 35 37 23
1 11 77 23 33 28 21 26 23 19
1 12 9 88 82 89 90 78 90 89
1 13 72 30 28 25 33 25 26 29
1 14 47 56 53 45 58 53 50 54
1 15 95 5 5 11 15 16 17 8
1 16 4 92 83 92 85 92 89 85
1 17 32 65 70 64 66 66 65 67
1 18 36 62 56 57 57 66 57 56
1 19 92 10 20 18 19 19 6 6
1 20 15 78 86 79 79 82 83 77
1 21 34 61 69 69 61 60 58 69
1 22 58 49 47 45 44 40 42 38
1 23 31 68 64 71 70 69 64 62
1 24 86 12 21 22 20 17 21 22
1 25 96 17 9 6 17 11 8 6
1 26 69 31 39 41 29 26 39 27
1 27 33 66 58 62 67 67 59 69
1 28 13 87 88 79 75 82 77 82
1 29 36 65 65 59 65 56 59 67
1 30 0 93 98 89 93 99 97 89
1 31 93 8 8 8 19 8 13 19
1 32 88 14 11 19 19 16 17 11
1 33 36 64 62 61 54 68 65 57
1 34 42 53 57 49 57 57 61 49
1 35 32 69 68 58 59 69 62 69
1 36 65 42 39 38 33 41 34 31
1 37 25 73 72 75 75 76 64 67
2 3 59 41 47 43 46 43 42 39
2 4 89 10 21 15 15 21 16 16
2 5 48 56 54 58 49 51 47 44
2 6 92 8 15 20 18 15 14 18
2 7 14 74 77 81 75 85 73 86
2 8 84 26 13 13 24 27 26 21
2 9 55 38 52 42 48 40 51 48
2 10 52 51 54 43 48 43 54 47
2 11 6 85 88 85 85 92 93 90
2 12 9 77 86 91 78 77 82 87
2 13 28 71 74 64 69 74 74 66
2 14 27 70 66 76 66 65 75 69
2 15 34 69 66 64 57 70 61 65
2 16 47 59 52 49 56 57 44 57
2 17 94 6 16 8 13 10 4 5
2 18 20 81 79 72 74 79 76 79
2 19 85 23 17 26 19 20 17 24
2 20 12 85 79 74 81 75 88 82
2 21 37 56 57 60 55 63 63 55
2 22 96 4 5 15 10 5 12 4
2 23 39 53 64 65 56 52 61 61
2 24 2 90 85 89 87 84 89 94
2 25 8 88 81 91 85 85 79 84
2 26 12 83 79 88 82 87 78 82
2 27 96 6 16 15 6 16 6 18
2 28 71 34 25 25 30 33 39 38
2 29 7 78 93 91 89 88 79 80
2 30 84 24 16 14 22 17 13 28
2 31 90 11 13 20 15 16 17 16
2 32 13 74 81 81 74 81 74 86
2 33 87 15 24 12 15 13 19 13
2 34 41 61 62 61 51 54 50 50
2 35 67 40 31 30 36 36 29 28
2 36 41 50 57 62 61 55 54 55
2 37 19 78 70 80 76 72 71 80
3 4 40 61 53 57 58 64 62 60
3 5 87 19 14 18 15 11 21 11
3 6 14 82 81 79 82 73 75 76
3 7 5 80 92 89 83 94 89 80
3 8 5 94 87 90 85 85 95 93
3 9 45 55 56 60 50 61 60 58
3 10 85 18 14 25 21 24 16 24
3 11 13 74 84 79 84 73 74 75
3 12 50 42 52 55 54 47 55 56
3 13 42 56 55 54 49 49 59 61
3 14 14 82 86 74 80 75 74 81
3 15 61 40 32 41 44 40 39 41
3 16 73 33 24 37 23 36 32 36
3 17 48 54 44 57 46 51 57 48
3 18 5 80 80 94 90 94 85 93
3 19 2 97 91 97 95 87 92 90
3 20 60 34 34 38 35 44 46 34
3 21 56 47 46 46 49 49 37 42
3 22 87 21 19 22 17 16 25 16
3 23 78 19 26 32 27 28 29 25
3 24 81 28 16 18 26 30 22 28
3 25 25 69 77 69 65 68 75 73
3 26 54 42 45 46 39 43 44 41
3 27 90 18 10 19 8 20 17 17
3 28 58 36 49 39 46 46 35 44
3 29 58 36 36 43 48 39 41 46
3 30 38 59 56 60 66 59 63 61
3 31 72 23 27 28 29 27 34 33
3 32 94 17 9 12 18 19 8 4
3 33 74 33 22 25 32 26 26 33
3 34 63 43 44 35 36 44 40 32
3 35 21 67 68 79 74 81 75 72
3 36 69 32 34 35 27 40 26 39
3 37 68 40 32 30 27 35 28 27
4 5 4 83 91 96 92 87 87 93
4 6 5 88 91 91 86 90 87 83
4 7 6 83 85 81 89 80 92 91
4 8 40 55 57 63 63 51 59 57
4 9 68 36 41 27 28 41 27 39
4 10 49 56 46 55 53 51 53 52
4 11 55 48 44 48 38 42 39 50
4 12 45 47 48 55 57 59 54 53
4 13 43 48 60 54 54 57 56 48
4 14 69 28 38 27 27 27 32 39
4 15 7 91 87 87 83 83 93 90
4 16 83 28 17 27 16 16 20 23
4 17 0 95 98 99 85 89 98 97
4 18 47 45 56 53 58 52 50 50
4 19 54 46 40 42 40 47 41 49
4 20 33 59 71 68 68 64 57 57
4 21 3 88 95 82 95 95 82 89
4 22 38 64 60 61 54 60 63 59
4 23 30 73 74 64 68 71 67 71
4 24 9 80 91 86 83 78 89 86
4 25 70 31 25 34 24 35 27 30
4 26 20 75 73 73 75 78 80 67
4 27 92 10 17 15 9 15 8 17
4 28 93 13 7 12 7 10 6 11
4 29 88 17 16 23 16 14 14 17
4 30 92 14 14 15 18 11 6 15
4 31 21 72 71 69 79 69 73 73
4 32 16 76 70 85 82 78 72 85
4 33 94 12 9 16 7 5 14 15
4 34 37 63 63 53 56 60 63 64
4 35 33 58 56 57 61 69 57 62
4 36 28 70 74 67 69 70 68 74
4 37 61 35 37 36 40 34 40 45
5 6 25 63 65 68 65 68 76 64
5 7 58 49 39 47 47 48 45 44
5 8 10 81 88 90 77 87 77 78
5 9 62 44 38 45 38 42 46 33
5 10 15 73 78 82 83 73 77 76
5 11 89 19 21 22 17 9 21 12
5 12 36 57 58 66 67 54 58 60
5 13 81 25 18 20 19 25 21 20
5 14 78 29 28 26 31 27 22 32
5 15 59 49 38 48 42 37 35 43
5 16 17 80 70 81 71 77 83 72
5 17 62 38 39 40 43 37 34 31
5 18 74 24 23 36 34 32 22 27
5 19 56 47 41 43 42 37 51 40
5 20 92 8 16 13 19 11 9 17
5 21 80 26 26 29 27 21 27 17
5 22 6 88 82 84 80 91 83 84
5 23 94 12 11 11 18 6 18 15
5 24 69 38 32 36 32 28 36 28
5 25 74 24 32 30 32 22 30 26
5 26 66 41 38 31 33 42 33 37
5 27 15 77 85 82 78 86 86 73
5 28 38 58 60 52 59 63 63 58
5 29 59 40 35 46 35 41 35 35
5 30 62 43 42 42 41 33 36 45
5 31 63 44 42 31 31 30 34 31
5 32 38 61 57 54 60 61 53 59
5 33 60 47 42 39 46 35 34 37
5 34 84 13 25 15 13 22 25 14
5 35 70 33 30 25 34 35 33 28
5 36 63 36 40 44 36 44 44 42
5 37 70 30 37 33 37 33 36 28
6 7 4 82 85 88 90 96 83 93
6 8 33 70 66 56 61 70 70 58
6 9 44 59 60 51 57 56 49 53
6 10 35 57 55 55 58 58 67 55
6 11 45 58 52 51 52 55 54 50
6 12 30 73 71 66 62 73 66 71
6 13 8 80 84 92 82 83 89 89
6 14 11 88 87 87 89 79 86 84
6 15 21 72 72 70 80 71 70 77
6 16 94 11 19 10 15 12 4 10
6 17 23 78 68 79 73 79 66 70
6 18 33 65 63 65 71 66 67 58
6 19 75 24 28 24 29 34 22 24
6 20 6 81 84 92 87 84 82 93
6 21 35 59 61 69 59 62 64 68
6 22 72 37 33 33 38 27 24 31
6 23 64 41 34 33 39 41 36 36
6 24 94 12 12 12 14 17 10 11
6 25 28 63 69 64 64 72 67 75
6 26 29 64 65 73 62 64 74 74
6 27 1 91 85 97 85 89 87 98
6 28 42 52 56 58 54 63 60 59
6 29 38 62 63 54 53 65 52 62
6 30 87 17 13 15 11 24 15 22
6 31 82 19 20 18 20 26 24 19
6 32 60 41 45 45 37 44 43 33
6 33 93 7 20 15 5 7 8 6
6 34 91 15 11 10 20 18 18 16
6 35 45 61 55 55 50 61 59 50
6 36 57 45 40 48 39 44 38 43
6 37 96 3 12 17 15 15 17 11
7 8 41 62 62 58 58 52 63 51
7 9 97 3 7 8 14 15 6 4
7 10 56 39 39 42 40 40 49 48
7 11 44 60 57 58 53 56 57 59
7 12 7 91 89 85 85 88 79 87
7 13 39 62 63 57 56 59 61 60
7 14 92 17 16 20 9 13 18 19
7 15 69 33 37 32 38 31 32 35
7 16 31 72 58 71 61 60 68 70
7 17 6 80 85 93 85 81 90 92
7 18 76 29 33 33 34 20 27 34
7 19 56 37 48 51 48 38 47 51
7 20 10 76 88 79 85 89 82 86
7 21 8 90 91 86 87 79 90 81
7 22 58 39 46 40 47 46 37 39
7 23 16 71 72 78 82 82 73 74
7 24 5 82 90 83 85 89 82 83
7 25 5 89 94 82 86 90 83 87
7 26 95 4 15 5 11 8 18 12
7 27 45 52 53 47 55 47 48 48
7 28 68 28 41 34 30 40 36 41
7 29 42 56 63 62 61 50 61 62
7 30 37 59 66 57 54 66 67 57
7 31 78 30 27 32 29 24 26 30
7 32 93 18 10 14 11 18 17 12
7 33 4 84 86 91 94 93 88 94
7 34 61 47 34 45 40 33 46 36
7 35 90 22 17 13 13 18 22 11
7 36 71 30 29 31 25 38 39 33
7 37 46 47 51 56 57 56 56 56
8 9 5 91 93 89 82 81 93 84
8 10 0 93 86 85 97 85 88 88
8 11 92 10 18 13 14 20 19 8
8 12 12 81 79 86 75 77 85 82
8 13 85 22 23 14 25 15 24 20
8 14 43 49 59 57 58 58 48 57
8 15 0 94 91 94 89 88 87 91
8 16 78 23 26 21 18 20 25 24
8 17 25 63 71 67 76 67 75 68
8 18 71 38 28 25 34 32 30 25
8 19 40 61 51 55 51 58 55 61
8 20 65 39 40 40 43 37 29 43
8 21 69 35 32 28 37 37 39 29
8 22 36 61 61 65 54 58 59 63
8 23 22 73 72 67 70 75 73 79
8 24 52 45 46 47 42 49 48 51
8 25 39 62 60 62 56 60 65 52
8 26 64 40 40 36 34 34 39 37
8 27 64 42 40 42 43 32 33 36
8 28 43 48 56 58 61 52 52 62
8 29 48 57 48 58 51 51 55 54
8 30 79 20 18 25 27 26 26 27
8 31 4 83 90 87 88 94 87 83
8 32 53 52 39 46 53 53 46 52
8 33 39 51 59 59 55 54 59 53
8 34 87 24 20 19 10 12 15 17
8 35 14 81 82 78 84 77 80 84
8 36 72 26 31 27 28 26 28 37
8 37 36 61 62 67 56 59 60 56
9 10 68 33 39 32 38 38 28 33
9 11 64 39 44 37 44 44 33 41
9 12 22 69 72 69 70 80 74 79
9 13 38 57 58 59 65 53 58 64
9 14 57 47 36 45 37 46 47 47
9 15 45 60 59 60 52 49 51 55
9 16 2 84 87 90 90 91 95 88
9 17 28 71 61 70 74 71 70 67
9 18 45 56 55 47 51 52 50 51
9 19 73 25 32 29 32 37 31 26
9 20 31 63 58 62 71 58 68 59
9 21 85 13 21 20 27 19 21 18
9 22 59 48 45 44 37 47 34 49
9 23 78 33 29 26 28 31 18 32
9 24 17 81 79 70 71 72 78 73
9 25 99 11 6 6 5 5 7 7
9 26 97 5 13 5 12 1 4 15
9 27 17 75 78 81 72 72 70 75
9 28 98 2 5 10 3 9 2 13
9 29 65 42 32 39 36 29 37 40
9 30 39 61 55 62 62 55 52 55
9 31 51 50 41 47 48 46 41 55
9 32 40 51 65 60 58 53 53 64
9 33 90 9 13 14 8 18 16 10
9 34 0 88 88 90 85 97 86 98
9 35 48 45 54 51 49 46 53 51
9 36 93 19 17 6 12 6 15 11
9 37 11 85 85 76 85 79 88 75
10 11 82 17 14 28 21 16 15 17
10 12 4 82 95 91 84 82 95 84
10 13 80 22 23 28 31 17 18 19
10 14 34 58 62 64 65 66 59 58
10 15 14 79 75 77 79 80 72 83
10 16 57 42 42 50 50 51 45 48
10 17 97 4 2 11 14 4 10 7
10 18 54 43 49 53 52 43 47 49
10 19 68 35 39 39 38 36 27 40
10 20 22 65 77 74 78 76 79 68
10 21 28 70 72 72 60 72 69 63
10 22 4 84 85 91 83 84 87 84
10 23 82 27 20 20 26 15 19 27
10 24 1 94 92 85 88 96 94 93
10 25 99 7 14 7 7 6 15 9
10 26 71 28 30 31 28 30 28 32
10 27 73 23 32 31 36 29 32 26
10 28 41 56 49 53 56 54 49 51
10 29 9 86 86 90 83 89 88 82
10 30 21 74 73 78 74 70 81 72
10 31 69 38 29 38 30 26 39 26
10 32 8 83 84 84 85 81 89 92
10 33 69 36 34 35 35 28 38 39
10 34 74 34 24 25 34 35 28 33
10 35 96 15 13 12 15 13 3 5
10 36 74 31 36 32 25 29 27 35
10 37 85 26 16 16 27 16 23 16
11 12 14 77 76 81 74 86 80 86
11 13 78 19 22 19 25 24 26 31
11 14 55 51 44 46 45 38 50 52
11 15 53 40 49 52 44 40 48 47
11 16 97 15 13 10 17 4 9 4
11 17 7 82 83 83 79 90 84 92
11 18 22 76 77 78 78 66 68 78
11 19 31 60 57 61 59 64 67 63
11 20 7 84 82 82 89 78 89 84
11 21 11 84 78 87 87 86 89 83
11 22 17 81 75 78 79 70 72 72
11 23 97 5 10 12 7 10 4 13
11 24 72 33 33 32 26 30 24 24
11 25 51 50 56 46 49 52 52 47
11 26 7 88 86 87 83 92 86 86
11 27 79 30 27 22 23 27 29 29
11 28 79 21 27 31 32 25 21 29
11 29 57 37 36 44 48 48 37 37
11 30 43 61 57 59 60 58 52 62
11 31 3 83 83 95 88 91 84 90
11 32 46 55 55 55 47 49 48 53
11 33 44 57 60 53 52 52 54 50
11 34 26 69 73 71 72 75 70 75
11 35 16 72 78 85 79 75 72 76
11 36 29 63 69 62 61 63 60 61
11 37 64 33 41 43 43 42 35 33
12 13 51 49 41 49 41 54 52 49
12 14 47 52 47 57 45 49 48 59
12 15 5 83 85 92 89 90 86 92
12 16 27 75 64 63 69 63 70 67
12 17 12 77 77 80 79 88 78 86
12 18 99 8 11 3 0 7 6 8
12 19 36 64 61 56 59 66 66 62
12 20 31 62 58 66 63 65 58 61
12 21 0 85 94 95 90 90 85 97
12 22 92 7 17 14 15 20 18 10
12 23 4 88 85 82 92 92 93 85
12 24 57 47 47 41 37 43 49 38
12 25 35 58 58 56 57 60 62 65
12 26 49 55 50 50 43 56 46 45
12 27 18 74 79 72 75 72 74 80
12 28 75 28 29 33 25 28 23 21
12 29 24 79 68 69 76 73 65 66
12 30 39 52 64 54 57 60 57 52
12 31 12 76 85 78 80 79 82 75
12 32 86 19 19 12 17 14 15 20
12 33 33 65 63 65 60 61 70 63
12 34 75 23 29 33 25 29 30 21
12 35 46 46 46 50 55 57 57 55
12 36 64 41 36 44 42 42 34 34
12 37 22 75 74 73 75 75 74 69
13 14 43 49 61 61 60 54 58 51
13 15 81 23 17 21 18 21 28 29
13 16 20 78 82 82 75 77 74 80
13 17 71 28 36 38 31 28 28 25
13 18 29 72 70 60 69 66 68 68
13 19 81 17 28 26 21 21 22 16
13 20 82 20 17 21 15 25 15 24
13 21 18 78 71 75 80 70 83 74
13 22 77 28 25 21 29 21 21 29
13 23 86 25 14 12 23 18 18 21
13 24 49 57 44 55 48 51 50 54
13 25 45 51 58 59 47 53 47 46
13 26 13 86 77 81 79 78 82 87
13 27 79 27 32 24 20 26 19 19
13 28 64 40 39 36 44 32 34 40
13 29 22 74 80 77 80 78 78 72
13 30 34 60 66 59 56 69 67 68
13 31 93 17 5 13 15 17 13 16
13 32 22 77 70 74 77 71 67 69
13 33 57 37 49 39 47 37 44 40
13 34 52 48 42 47 45 48 40 50
13 35 52 55 52 50 43 49 41 44
13 36 33 59 69 70 61 60 68 66
13 37 95 4 8 6 17 15 5 12
14 15 21 67 72 71 69 72 73 77
14 16 51 52 42 41 44 54 43 44
14 17 85 17 23 16 23 23 19 15
14 18 50 52 45 56 44 51 44 43
14 19 16 82 74 72 71 79 79 78
14 20 71 32 27 28 32 38 28 28
14 21 19 74 74 69 81 72 76 82
14 22 17 81 80 70 81 71 73 70
14 23 90 20 16 9 21 20 12 9
14 24 32 63 67 58 67 67 59 67
14 25 68 29 28 34 29 36 33 33
14 26 97 10 3 4 14 9 8 16
14 27 51 54 54 42 46 43 55 47
14 28 0 90 99 87 86 97 94 96
14 29 24 72 76 67 77 71 75 69
14 30 75 26 28 28 34 22 23 26
14 31 22 78 76 74 67 80 69 78
14 32 79 20 26 26 27 25 28 27
14 33 78 20 27 31 24 22 23 30
14 34 0 98 87 90 94 86 97 91
14 35 2 97 86 96 85 84 91 97
14 36 66 31 30 39 43 40 35 28
14 37 16 85 77 74 72 84 76 72
15 16 16 72 77 85 82 80 82 75
15 17 59 47 47 42 36 39 38 37
15 18 14 82 77 76 73 81 79 85
15 19 61 38 32 40 40 46 37 33
15 20 91 10 11 18 17 7 18 13
15 21 10 79 82 82 79 84 79 77
15 22 50 47 52 48 44 47 55 55
15 23 9 79 83 81 83 80 87 80
15 24 30 60 61 69 68 67 71 65
15 25 46 59 46 59 50 51 54 59
15 26 77 22 30 34 26 32 22 24
15 27 71 34 31 36 34 31 25 32
15 28 66 36 30 32 33 29 41 40
15 29 5 91 94 93 91 84 92 82
15 30 71 37 31 33 31 32 37 29
15 31 41 53 54 59 63 57 59 53
15 32 6 89 86 89 80 87 89 80
15 33 61 46 38 43 41 43 43 47
15 34 84 22 24 24 14 21 23 25
15 35 29 67 68 69 61 73 72 60
15 36 56 49 46 43 44 44 50 39
15 37 48 57 58 45 55 46 57 47
16 17 73 25 24 34 26 24 29 29
16 18 79 31 21 29 32 32 29 18
16 19 9 79 91 88 83 87 88 87
16 20 56 47 50 46 43 40 50 50
16 21 65 39 43 30 30 38 43 32
16 22 32 59 58 68 70 63 70 61
16 23 57 48 43 41 49 37 42 49
16 24 67 34 29 41 28 28 28 36
16 25 34 68 61 66 67 59 66 61
16 26 35 59 66 57 59 68 66 69
16 27 77 28 27 24 32 33 29 21
16 28 60 34 38 48 35 44 37 44
16 29 49 53 47 49 51 45 57 54
16 30 67 37 31 35 30 40 37 27
16 31 73 24 33 35 35 27 37 33
16 32 53 39 41 42 39 50 45 53
16 33 6 91 81 80 81 84 94 90
16 34 33 68 58 58 71 68 61 65
16 35 25 65 67 70 78 71 77 65
16 36 28 72 73 68 73 69 70 74
16 37 42 60 52 61 53 59 50 59
17 18 48 56 48 48 45 53 54 48
17 19 23 72 73 66 70 73 77 78
17 20 14 82 75 81 87 79 86 86
17 21 14 74 84 74 76 85 86 86
17 22 65 38 39 32 31 32 43 34
17 23 62 39 44 41 46 43 43 32
17 24 38 63 60 56 62 61 59 57
17 25 48 58 51 50 50 53 57 52
17 26 65 35 30 30 43 33 35 36
17 27 49 56 45 43 49 50 56 49
17 28 99 5 4 11 4 4 11 12
17 29 57 39 39 44 42 39 39 50
17 30 69 35 38 35 32 37 27 31
17 31 26 72 63 71 67 68 66 67
17 32 42 62 59 52 60 52 55 55
17 33 29 61 64 70 71 73 72 63
17 34 3 96 94 91 88 84 82 84
17 35 10 81 78 86 82 89 78 80
17 36 12 83 85 84 75 78 82 80
17 37 79 22 22 29 24 19 20 29
18 19 94 12 7 5 11 9 13 10
18 20 51 42 47 55 48 51 41 50
18 21 51 54 56 48 47 44 55 56
18 22 5 86 85 87 87 88 94 89
18 23 16 77 79 80 85 74 78 81
18 24 97 16 7 12 11 13 15 13
18 25 94 13 16 12 17 9 6 16
18 26 16 85 81 80 73 79 72 74
18 27 35 60 55 55 67 62 56 60
18 28 25 67 64 74 66 75 73 76
18 29 87 14 16 25 20 13 22 18
18 30 72 38 37 30 24 34 35 24
18 31 29 72 72 69 60 66 74 74
18 32 92 18 18 8 8 9 13 7
18 33 95 8 9 14 16 18 4 15
18 34 85 26 23 26 17 26 25 13
18 35 61 42 37 40 47 39 36 44
18 36 3 91 86 92 89 95 86 95
18 37 24 77 72 71 72 64 76 73
19 20 23 73 69 70 77 76 74 79
19 21 7 85 81 85 81 82 83 86
19 22 59 46 35 41 35 46 41 44
19 23 2 87 95 93 95 97 94 86
19 24 56 37 48 45 43 46 40 41
19 25 76 26 32 29 31 26 28 33
19 26 62 45 36 42 38 44 39 46
19 27 35 65 62 60 63 60 60 69
19 28 21 72 70 71 75 77 74 81
19 29 98 1 6 12 6 5 1 1
19 30 92 6 6 7 16 6 19 11
19 31 75 29 31 33 34 32 31 21
19 32 27 75 65 64 70 70 63 76
19 33 12 75 79 77 81 75 77 88
19 34 51 47 43 49 48 46 47 47
19 35 11 75 86 83 84 78 87 79
19 36 57 50 37 39 50 42 50 47
19 37 5 94 91 89 91 82 92 81
20 21 90 19 22 18 12 14 19 8
20 22 99 4 15 6 4 12 10 13
20 23 36 66 67 62 60 57 62 62
20 24 5 85 93 89 83 91 87 89
20 25 78 28 27 26 21 24 29 26
20 26 68 35 28 35 34 40 28 29
20 27 7 85 84 91 79 81 83 84
20 28 41 52 51 53 53 61 58 59
20 29 79 31 31 22 19 31 23 27
20 30 36 63 59 59 69 59 61 61
20 31 26 66 68 66 68 66 66 66
20 32 89 18 23 15 14 23 22 9
20 33 79 23 27 19 19 24 24 31
20 34 50 43 45 50 57 43 42 44
20 35 92 20 18 9 12 16 18 8
20 36 46 53 48 54 50 52 52 47
20 37 75 28 27 35 29 20 25 35
21 22 5 94 85 93 89 93 87 90
21 23 70 29 31 28 31 33 29 27
21 24 29 71 62 72 63 70 65 61
21 25 63 36 31 34 40 37 32 38
21 26 32 59 72 72 71 61 61 60
21 27 33 69 67 70 71 67 57 59
21 28 93 11 16 12 20 18 13 15
21 29 62 44 40 45 39 36 45 33
21 30 43 52 60 62 55 50 57 55
21 31 62 44 44 43 46 37 41 42
21 32 0 95 94 91 91 90 99 94
21 33 8 90 80 89 79 90 78 86
21 34 28 62 70 68 65 64 62 66
21 35 12 84 79 82 81 77 89 75
21 36 18 82 80 77 74 82 78 74
21 37 39 51 55 64 60 62 63 56
22 23 41 50 62 55 56 56 61 59
22 24 84 26 25 20 26 19 21 25
22 25 38 57 62 66 55 61 53 59
22 26 4 82 90 88 82 84 95 83
22 27 49 43 46 54 43 53 43 56
22 28 0 88 91 94 91 85 91 94
22 29 80 27 17 23 26 29 25 31
22 30 0 90 87 90 88 84 98 85
22 31 29 66 63 72 71 62 72 73
22 32 59 45 40 42 35 46 46 47
22 33 60 36 45 36 47 38 44 39
22 34 32 71 67 58 60 71 67 70
22 35 22 67 80 73 68 67 75 79
22 36 54 49 42 40 44 39 50 52
22 37 36 61 59 65 57 64 61 56
23 24 88 19 22 17 10 22 19 17
23 25 18 81 71 79 79 78 74 79
23 26 4 84 85 88 83 93 83 84
23 27 74 27 32 27 22 23 30 26
23 28 48 47 54 52 53 54 49 50
23 29 68 32 33 39 38 41 39 37
23 30 9 80 88 87 80 88 78 84
23 31 77 33 25 32 30 30 31 30
23 32 5 88 81 83 84 87 80 92
23 33 93 13 8 6 11 18 8 6
23 34 12 83 81 75 79 76 84 83
23 35 10 78 81 87 89 87 81 76
23 36 19 79 72 79 73 81 77 71
23 37 35 63 59 59 67 57 67 60
24 25 63 43 34 33 34 33 31 41
24 26 44 49 56 61 54 47 60 49
24 27 15 84 76 85 77 71 74 72
24 28 6 86 93 93 86 83 91 83
24 29 19 71 77 74 83 72 78 82
24 30 18 75 83 81 69 81 81 82
24 31 20 73 78 81 70 74 80 77
24 32 52 43 54 53 49 46 49 45
24 33 97 4 2 4 15 13 5 11
24 34 88 24 14 24 15 17 16 21
24 35 39 54 62 57 62 55 65 60
24 36 10 89 80 77 87 79 77 78
24 37 25 63 71 66 74 68 64 69
25 26 95 9 13 11 4 13 12 10
25 27 86 20 21 19 14 24 14 20
25 28 79 27 22 29 30 17 25 22
25 29 25 65 75 76 65 73 74 63
25 30 71 28 37 37 32 31 36 32
25 31 90 14 21 18 11 16 18 21
25 32 29 62 71 70 72 61 70 73
25 33 57 41 36 46 49 46 49 49
25 34 59 43 36 45 42 46 49 38
25 35 85 26 18 19 19 24 13 21
25 36 56 42 44 40 45 51 39 51
25 37 9 80 78 90 80 90 87 82
26 27 65 35 29 43 43 38 43 41
26 28 66 38 29 28 43 41 39 33
26 29 66 40 30 35 37 40 31 37
26 30 11 80 85 79 75 88 81 76
26 31 55 40 49 50 51 40 47 45
26 32 65 37 31 37 41 39 42 40
26 33 59 39 44 38 47 42 49 44
26 34 92 9 6 10 12 15 9 13
26 35 24 73 77 76 75 67 75 65
26 36 88 24 21 22 17 18 14 19
26 37 56 50 39 43 51 49 46 44
27 28 11 79 86 82 76 83 80 75
27 29 60 40 47 40 41 45 38 47
27 30 38 67 59 66 64 58 53 61
27 31 79 22 29 29 25 29 27 19
27 32 25 65 71 65 76 75 77 74
27 33 13 86 80 77 81 78 84 77
27 34 15 73 78 75 86 80 76 80
27 35 5 90 91 86 89 93 93 90
27 36 23 69 73 72 69 73 76 75
27 37 67 30 38 30 36 40 37 33
28 29 69 37 27 38 30 26 29 35
28 30 91 21 16 18 14 10 19 17
28 31 82 21 18 22 29 20 23 24
28 32 28 71 67 63 65 64 65 74
28 33 78 28 27 19 23 31 22 27
28 34 65 29 34 31 43 32 29 32
28 35 77 23 31 25 25 25 33 32
28 36 19 70 73 78 76 75 72 72
28 37 96 8 17 11 7 6 8 10
29 30 92 11 8 7 9 12 16 8
29 31 86 22 26 26 16 23 13 18
29 32 81 28 27 18 25 22 30 30
29 33 57 39 39 46 48 48 38 43
29 34 80 29 21 29 19 26 26 20
29 35 31 71 72 63 59 64 63 58
29 36 28 69 67 70 62 61 62 64
29 37 11 85 80 80 78 78 87 78
30 31 58 41 44 40 41 39 42 45
30 32 54 53 47 45 39 41 50 48
30 33 15 76 84 73 80 79 80 84
30 34 43 48 50 50 60 59 55 50
30 35 36 58 57 59 62 58 55 59
30 36 50 49 51 44 45 52 54 42
30 37 25 69 75 64 70 68 69 77
31 32 48 57 50 49 58 51 46 51
31 33 60 47 36 37 36 37 41 47
31 34 95 7 7 5 14 7 13 10
31 35 24 72 76 77 71 67 72 71
31 36 1 91 88 88 86 83 89 88
31 37 29 65 62 74 61 63 71 66
32 33 64 32 35 41 40 40 39 42
32 34 51 48 47 44 41 47 41 50
32 35 8 78 86 85 79 89 79 90
32 36 26 65 77 63 77 76 72 63
32 37 56 46 50 40 37 43 48 43
33 34 24 74 68 66 77 73 66 75
33 35 58 45 46 40 49 45 36 42
33 36 89 17 16 19 8 18 9 11
33 37 36 56 58 55 64 54 54 66
34 35 95 16 17 4 14 15 4 16
34 36 54 48 41 50 42 47 50 44
34 37 29 72 65 73 74 73 66 68
35 36 88 17 12 24 17 16 24 20
35 37 10 78 82 79 83 86 83 78
36 37 13 73 76 86 75 80 79 76
