42 8
0.166667 0.166667 0.166667 0.166667 0.166667 0.166667 0.0 0.0 
0 1 18 53 74 66 48 55 64 56
0 2 25 84 44 41 45 73 75 65
0 3 63 26 47 44 41 42 22 57
0 4 18 53 62 64 67 69 62 87
0 5 25 51 72 39 81 57 51 39
0 6 1 67 81 91 83 71 81 69
0 7 14 55 77 64 58 74 85 52
0 8 62 64 37 50 30 59 46 22
0 9 28 68 44 43 84 77 44 36
0 10 26 78 39 68 81 81 52 53
0 11 22 74 88 68 43 81 52 84
0 12 37 35 37 79 33 75 51 71
0 13 53 69 71 73 36 55 42 33
0 14 8 76 67 87 46 91 78 93
0 15 93 21 16 42 36 21 35 37
0 16 87 42 44 33 13 10 10 44
0 17 72 37 59 43 37 27 34 17
0 18 51 37 31 35 55 26 68 54
0 19 28 67 73 38 48 54 53 77
0 20 12 76 90 84 46 52 91 83
0 21 11 71 67 58 62 46 47 92
0 22 55 26 25 25 51 56 61 54
0 23 16 41 48 87 67 63 82 63
0 24 58 34 36 50 66 46 41 35
0 25 43 33 52 65 35 29 65 73
0 26 62 35 28 53 68 41 52 59
0 27 78 26 39 38 41 40 19 54
0 28 47 28 60 37 58 74 65 68
0 29 15 76 83 90 71 52 59 68
0 30 3 64 59 61 62 88 76 56
0 31 81 52 55 53 38 57 42 33
0 32 39 74 60 66 65 65 62 60
0 33 95 41 13 30 32 20 25 17
0 34 12 51 49 63 82 65 51 80
0 35 88 51 32 52 12 42 24 47
0 36 65 58 27 47 58 53 59 38
0 37 17 53 55 55 47 75 61 86
0 38 83 20 18 56 11 47 41 44
0 39 49 40 60 65 52 50 35 52
0 40 40 45 67 79 35 30 60 68
0 41 64 66 22 64 48 61 32 33
1 2 50 39 33 70 41 63 72 34
1 3 42 63 64 34 37 47 49 34
1 4 56 59 45 24 66 57 32 49
1 5 17 53 69 86 72 45 45 70
1 6 58 53 59 51 50 28 35 21
1 7 51 67 24 73 30 43 67 34
1 8 87 26 50 17 36 29 40 34
1 9 32 45 83 81 66 63 64 42
1 10 81 25 9 52 37 40 13 18
1 11 95 11 51 51 12 39 49 44
1 12 56 59 33 45 46 52 38 68
1 13 96 6 39 31 10 47 12 47
1 14 27 70 56 68 65 52 48 72
1 15 39 43 61 30 43 60 36 55
1 16 56 53 25 66 28 37 55 26
1 17 80 46 22 28 38 36 34 38
1 18 2 69 81 54 71 76 88 64
1 19 35 39 69 44 73 45 56 43
1 20 15 90 46 76 75 69 91 88
1 21 36 59 35 62 47 56 72 66
1 22 18 43 52 56 74 55 62 68
1 23 99 21 45 43 16 48 1 34
1 24 33 71 36 82 34 35 77 40
1 25 87 19 27 31 23 7 13 10
1 26 4 87 60 56 90 53 95 90
1 27 65 60 52 32 61 22 19 57
1 28 72 60 41 59 58 30 34 40
1 29 88 19 31 44 38 29 55 15
1 30 62 47 18 22 43 52 48 29
1 31 25 74 63 48 85 83 37 85
1 32 58 61 22 70 35 57 53 38
1 33 88 47 15 53 23 29 50 54
1 34 74 27 46 62 33 45 41 30
1 35 45 56 30 74 27 67 45 50
1 36 23 80 76 63 71 40 83 69
1 37 8 52 54 69 61 89 68 60
1 38 16 52 89 88 82 65 46 81
1 39 7 68 66 81 62 62 50 69
1 40 26 69 50 86 59 49 58 61
1 41 72 15 33 23 28 27 40 33
2 3 13 89 79 85 82 68 91 58
2 4 91 8 46 29 46 36 34 40
2 5 45 52 75 38 74 43 57 51
2 6 60 22 43 33 21 31 51 29
2 7 73 40 26 43 22 34 62 44
2 8 0 63 84 87 89 98 91 54
2 9 27 60 42 70 48 62 85 60
2 10 26 37 38 67 57 83 39 51
2 11 71 29 34 44 41 53 48 42
2 12 40 58 68 36 67 69 52 78
2 13 49 69 73 25 63 28 45 33
2 14 30 47 59 47 38 42 69 36
2 15 31 55 54 57 53 53 76 51
2 16 36 32 60 80 75 39 50 63
2 17 19 51 76 55 43 63 82 77
2 18 1 70 74 50 50 93 69 57
2 19 47 49 64 31 52 65 32 73
2 20 23 63 69 45 63 87 55 82
2 21 1 49 56 58 86 71 54 65
2 22 67 57 54 22 38 18 54 47
2 23 30 82 51 81 58 75 70 61
2 24 77 32 55 29 13 42 48 34
2 25 72 47 48 32 56 52 51 20
2 26 56 66 43 57 48 26 51 49
2 27 26 66 77 70 42 56 52 53
2 28 8 72 95 59 87 88 49 90
2 29 98 45 45 44 18 21 46 20
2 30 17 77 54 78 87 55 50 77
2 31 38 70 68 41 43 37 65 60
2 32 58 26 21 33 51 61 23 21
2 33 32 66 77 65 58 64 70 51
2 34 65 41 36 60 55 41 27 33
2 35 58 21 50 62 48 39 55 21
2 36 69 36 61 59 37 52 51 43
2 37 79 25 21 21 34 57 36 33
2 38 0 85 91 59 53 93 51 64
2 39 3 75 92 49 94 73 81 98
2 40 36 32 62 58 53 42 62 55
2 41 65 42 19 51 45 64 66 38
3 4 96 21 17 41 33 36 40 33
3 5 61 64 44 55 28 59 61 25
3 6 85 40 44 20 36 50 18 28
3 7 83 22 47 42 12 17 45 31
3 8 22 47 57 56 68 74 88 70
3 9 14 72 55 67 46 87 59 48
3 10 39 31 57 51 33 35 47 64
3 11 57 51 59 60 59 37 25 62
3 12 59 41 42 63 29 29 69 40
3 13 33 55 65 53 62 63 57 52
3 14 67 34 46 43 24 54 38 35
3 15 29 41 51 62 38 67 40 56
3 16 0 54 95 56 52 59 57 97
3 17 92 10 17 46 11 9 11 35
3 18 82 26 11 48 32 9 12 43
3 19 77 46 30 51 45 50 42 18
3 20 53 40 64 24 28 65 31 57
3 21 1 97 95 68 77 93 55 98
3 22 47 50 60 27 75 43 63 45
3 23 85 18 42 8 54 26 11 16
3 24 81 29 39 19 56 10 38 37
3 25 39 58 53 63 58 51 34 63
3 26 47 70 34 45 56 70 43 37
3 27 46 32 59 49 30 30 66 26
3 28 92 49 49 46 47 33 27 39
3 29 58 26 59 50 27 67 44 38
3 30 3 61 70 81 82 54 87 72
3 31 2 49 92 95 69 49 69 86
3 32 46 73 74 46 71 43 48 43
3 33 15 49 85 83 57 61 46 57
3 34 31 69 39 63 73 44 47 38
3 35 79 54 34 12 31 23 18 15
3 36 3 55 52 53 60 50 66 94
3 37 10 88 86 59 58 47 94 76
3 38 79 13 33 10 51 39 19 58
3 39 49 47 60 51 59 39 39 71
3 40 70 50 57 33 48 35 51 16
3 41 40 67 40 61 35 57 76 70
4 5 69 19 60 55 45 40 52 33
4 6 44 67 62 74 71 46 74 42
4 7 47 34 27 30 35 36 63 47
4 8 73 38 49 26 40 13 36 50
4 9 49 41 35 67 72 62 25 35
4 10 13 70 69 53 89 85 67 52
4 11 51 72 60 52 73 36 63 60
4 12 11 64 89 87 51 67 58 64
4 13 5 83 83 85 73 55 96 69
4 14 43 34 40 31 28 32 53 58
4 15 18 45 72 78 87 58 61 47
4 16 27 61 52 46 41 41 77 81
4 17 83 30 18 56 27 51 40 53
4 18 2 61 69 59 73 64 97 59
4 19 78 21 48 27 42 40 34 13
4 20 85 33 17 27 31 18 32 42
4 21 60 52 39 37 50 43 58 21
4 22 42 65 61 71 60 71 56 46
4 23 54 62 35 63 54 38 40 37
4 24 22 72 43 83 59 58 43 79
4 25 10 45 52 80 75 74 68 57
4 26 46 30 41 64 48 46 66 35
4 27 19 52 85 80 78 40 53 60
4 28 96 48 34 38 14 13 49 8
4 29 56 25 35 39 70 24 32 22
4 30 77 47 33 60 21 32 33 31
4 31 84 44 50 22 56 11 39 27
4 32 20 51 43 75 70 70 60 76
4 33 34 55 34 38 37 73 72 60
4 34 82 26 15 33 58 28 50 19
4 35 10 88 83 45 45 70 81 82
4 36 58 60 65 43 58 47 38 47
4 37 85 12 31 24 17 12 53 37
4 38 35 73 38 64 63 79 70 56
4 39 60 65 28 27 23 39 66 67
4 40 8 90 61 74 80 83 53 82
4 41 72 26 38 27 35 14 14 48
5 6 87 51 15 26 9 35 11 41
5 7 26 60 56 84 79 38 70 48
5 8 72 49 48 57 59 41 14 61
5 9 38 42 79 67 47 78 33 58
5 10 39 34 67 33 36 33 36 75
5 11 64 41 26 64 64 35 53 43
5 12 53 73 58 62 67 73 43 36
5 13 2 55 87 72 61 58 91 49
5 14 74 51 61 43 32 17 22 61
5 15 9 61 67 75 62 72 83 94
5 16 52 62 41 48 48 36 37 28
5 17 38 33 54 41 52 55 36 55
5 18 74 52 34 17 28 28 22 13
5 19 45 57 75 44 65 42 69 54
5 20 69 36 35 37 28 60 48 57
5 21 33 35 63 78 67 33 36 81
5 22 97 4 41 14 23 21 45 17
5 23 47 45 40 57 75 64 61 34
5 24 34 57 43 50 66 80 64 55
5 25 61 20 58 36 29 32 50 29
5 26 90 54 18 42 15 27 19 24
5 27 47 41 72 70 71 61 38 54
5 28 6 62 58 86 58 49 87 70
5 29 83 32 38 37 33 24 26 29
5 30 40 36 30 39 61 73 35 66
5 31 79 41 24 52 46 20 30 18
5 32 30 45 60 52 56 78 41 53
5 33 22 75 60 87 51 78 57 40
5 34 91 33 31 27 49 6 26 31
5 35 36 46 47 38 68 38 48 37
5 36 28 81 50 44 68 79 59 38
5 37 15 86 66 71 78 66 50 61
5 38 42 50 56 58 55 59 36 38
5 39 58 66 44 57 30 25 41 70
5 40 39 70 51 52 66 34 30 55
5 41 62 32 55 37 62 21 31 45
6 7 44 28 28 34 41 59 29 73
6 8 92 52 36 6 37 17 23 35
6 9 26 79 50 53 42 71 58 54
6 10 93 24 43 20 26 32 5 15
6 11 15 45 89 80 54 68 60 61
6 12 57 57 70 40 31 23 25 51
6 13 33 36 37 72 33 73 82 54
6 14 20 58 58 46 76 46 61 70
6 15 32 63 55 82 49 78 34 36
6 16 14 58 83 82 67 50 55 76
6 17 73 44 29 14 36 32 45 53
6 18 16 52 85 70 53 77 43 64
6 19 25 56 47 39 40 82 41 70
6 20 40 38 34 58 73 52 79 57
6 21 4 91 92 94 50 57 93 93
6 22 16 64 47 60 45 50 62 43
6 23 28 66 84 51 44 73 60 79
6 24 84 18 41 54 40 48 15 17
6 25 64 49 39 20 42 62 63 20
6 26 57 35 61 58 55 39 65 66
6 27 36 33 44 77 42 79 65 61
6 28 26 40 74 72 62 81 40 55
6 29 64 20 28 57 61 36 29 53
6 30 73 57 52 35 44 17 27 53
6 31 68 27 18 17 27 24 32 50
6 32 75 29 24 57 14 18 41 46
6 33 77 53 25 25 35 36 18 15
6 34 11 51 53 61 90 84 46 89
6 35 32 75 37 73 47 53 66 38
6 36 13 90 57 71 68 92 53 59
6 37 36 78 50 54 56 44 81 53
6 38 78 38 55 41 27 57 14 32
6 39 20 56 43 85 74 52 63 81
6 40 14 82 44 46 74 58 79 54
6 41 59 36 31 32 42 49 65 44
7 8 47 44 67 62 42 68 71 26
7 9 34 47 74 35 65 59 71 39
7 10 60 42 55 47 50 57 39 44
7 11 18 47 74 51 51 59 55 79
7 12 13 91 75 92 64 46 70 93
7 13 9 86 91 76 76 78 82 62
7 14 4 90 74 79 61 77 69 63
7 15 10 54 74 50 47 62 83 46
7 16 85 12 12 47 10 19 22 40
7 17 72 55 26 58 30 45 60 49
7 18 80 27 28 45 38 58 24 27
7 19 72 63 29 46 21 60 32 59
7 20 70 51 43 38 23 17 61 63
7 21 14 67 57 52 82 76 75 73
7 22 11 88 61 60 56 83 54 51
7 23 54 29 65 71 68 63 46 67
7 24 26 64 45 85 80 37 82 79
7 25 53 41 31 38 40 42 38 26
7 26 19 41 80 82 80 41 82 69
7 27 42 61 39 36 37 49 30 49
7 28 83 14 31 23 11 29 47 17
7 29 74 61 12 38 50 55 52 30
7 30 75 39 30 57 14 20 25 60
7 31 10 75 70 54 92 51 91 75
7 32 17 84 52 77 82 41 76 79
7 33 34 70 41 39 72 68 63 41
7 34 46 34 69 47 66 64 48 50
7 35 65 26 62 60 55 37 25 35
7 36 29 43 58 66 74 59 49 36
7 37 50 55 49 60 63 50 26 45
7 38 17 65 91 59 58 64 43 52
7 39 86 22 36 29 34 45 21 9
7 40 58 24 32 64 43 62 56 28
7 41 99 6 37 6 12 18 26 38
8 9 92 23 6 12 42 45 52 47
8 10 65 46 29 34 48 38 63 47
8 11 40 42 77 45 54 45 52 34
8 12 84 9 24 15 50 21 21 33
8 13 68 37 32 26 25 25 34 34
8 14 7 66 57 59 66 75 46 47
8 15 99 8 37 20 42 40 6 0
8 16 0 87 51 93 81 88 59 73
8 17 56 38 63 40 68 31 52 55
8 18 20 58 50 45 49 72 76 47
8 19 51 55 31 32 31 27 49 31
8 20 33 56 58 37 33 36 73 62
8 21 34 41 40 46 50 80 71 64
8 22 24 48 40 38 72 66 57 76
8 23 39 65 72 45 67 45 76 47
8 24 13 82 55 75 64 77 44 70
8 25 52 54 50 49 51 44 71 37
8 26 22 48 42 57 78 86 45 49
8 27 82 19 25 58 35 12 19 39
8 28 1 64 93 56 85 62 80 79
8 29 81 48 32 9 39 30 41 55
8 30 52 69 57 53 33 58 73 55
8 31 18 58 45 49 55 43 89 59
8 32 79 59 50 30 24 46 58 46
8 33 19 87 74 86 50 87 85 49
8 34 7 80 65 81 51 64 86 54
8 35 6 78 93 89 88 72 90 61
8 36 41 55 78 36 35 50 35 60
8 37 41 70 74 45 61 33 40 57
8 38 95 28 46 19 35 27 24 34
8 39 36 53 78 43 45 52 54 34
8 40 21 42 47 70 67 66 62 86
8 41 35 58 71 46 53 79 61 55
9 10 3 91 62 59 61 79 52 91
9 11 70 31 43 21 64 28 44 19
9 12 22 63 49 74 65 44 74 47
9 13 16 74 65 75 67 51 71 64
9 14 2 91 48 85 64 81 95 91
9 15 52 23 58 57 28 51 27 54
9 16 95 21 18 3 11 18 39 11
9 17 21 51 49 71 80 56 51 63
9 18 74 28 17 42 50 40 56 39
9 19 41 74 54 32 62 44 60 34
9 20 27 38 77 52 49 77 43 65
9 21 78 11 15 36 28 39 34 50
9 22 83 39 25 22 51 21 45 12
9 23 66 59 26 25 46 42 57 60
9 24 22 52 79 72 52 63 76 60
9 25 37 53 35 40 65 67 52 44
9 26 92 19 9 24 31 21 15 44
9 27 66 21 47 54 44 24 49 57
9 28 78 59 32 31 14 58 25 12
9 29 6 69 94 85 77 63 77 90
9 30 85 45 18 20 8 31 20 40
9 31 42 65 43 75 33 68 54 35
9 32 74 34 48 14 47 30 18 59
9 33 10 60 51 93 51 87 49 73
9 34 55 26 65 55 52 34 43 53
9 35 4 83 95 67 91 87 79 76
9 36 42 38 69 66 30 71 49 35
9 37 40 52 45 30 76 68 59 33
9 38 34 78 45 65 47 41 75 56
9 39 40 30 52 41 78 34 33 47
9 40 70 53 46 15 39 59 25 26
9 41 61 63 53 20 21 51 52 26
10 11 65 41 51 36 63 23 19 38
10 12 46 50 65 53 60 60 34 33
10 13 40 40 41 36 60 54 60 46
10 14 39 47 38 77 62 73 33 46
10 15 59 62 52 43 70 59 53 21
10 16 66 32 24 21 23 61 61 64
10 17 11 50 59 68 68 50 69 79
10 18 98 41 8 34 47 41 39 19
10 19 46 63 43 57 44 60 31 48
10 20 21 42 45 67 62 69 79 61
10 21 87 46 20 36 23 53 17 32
10 22 65 30 61 43 49 64 62 36
10 23 92 16 47 16 13 17 39 34
10 24 51 45 45 53 28 58 72 43
10 25 16 82 50 81 74 43 83 48
10 26 88 20 9 54 50 19 43 22
10 27 76 47 40 18 42 14 56 50
10 28 54 37 36 60 40 54 37 50
10 29 73 22 60 44 25 55 21 14
10 30 21 73 40 40 56 82 39 72
10 31 8 92 71 58 81 91 81 56
10 32 37 70 65 40 80 69 43 76
10 33 85 14 40 44 31 10 32 41
10 34 60 47 34 62 63 45 54 24
10 35 18 54 68 50 81 79 78 84
10 36 86 40 41 41 10 50 19 40
10 37 31 78 54 73 72 48 75 42
10 38 37 34 75 42 47 64 50 49
10 39 59 60 23 51 60 30 23 21
10 40 53 67 39 65 65 54 52 26
10 41 43 77 42 32 60 65 42 50
11 12 41 36 61 72 79 54 65 35
11 13 30 38 75 63 84 37 67 39
11 14 44 69 76 59 76 54 65 56
11 15 27 79 58 71 39 77 82 58
11 16 64 64 27 35 54 39 47 43
11 17 30 38 60 70 65 39 58 81
11 18 14 60 82 87 48 64 87 54
11 19 83 21 17 50 9 41 52 43
11 20 60 26 30 25 39 60 54 29
11 21 91 24 5 7 51 42 15 14
11 22 95 24 46 52 28 27 41 28
11 23 15 59 50 71 89 58 61 84
11 24 81 20 21 49 55 52 41 28
11 25 34 71 38 34 38 81 52 57
11 26 88 51 53 11 51 26 19 50
11 27 68 46 29 52 18 36 49 40
11 28 35 57 75 71 45 59 81 59
11 29 76 58 47 61 19 33 17 42
11 30 77 49 36 54 54 12 56 43
11 31 86 20 15 33 12 45 47 23
11 32 86 28 10 16 14 49 33 18
11 33 36 61 58 38 43 79 65 47
11 34 67 30 21 18 62 59 47 40
11 35 75 46 37 16 52 31 47 38
11 36 78 46 36 48 20 49 13 32
11 37 90 37 42 49 30 11 53 50
11 38 99 26 28 8 23 49 40 36
11 39 72 38 40 47 61 44 54 20
11 40 46 35 67 68 40 37 61 58
11 41 85 32 55 21 55 16 54 40
12 13 63 56 50 41 32 26 20 47
12 14 16 65 46 60 72 53 58 69
12 15 69 18 48 30 41 18 60 60
12 16 98 6 22 25 45 10 27 44
12 17 20 44 86 59 77 63 65 60
12 18 84 29 54 28 15 35 39 27
12 19 99 46 13 2 48 1 4 46
12 20 2 91 84 84 61 87 82 52
12 21 54 41 62 50 57 71 46 55
12 22 90 26 54 34 32 41 21 41
12 23 16 73 47 63 57 89 88 69
12 24 17 43 79 86 74 55 81 50
12 25 8 70 61 64 53 69 47 56
12 26 4 84 81 95 90 75 72 95
12 27 64 21 47 54 59 43 61 57
12 28 32 41 34 39 53 60 43 57
12 29 50 27 59 63 37 49 25 60
12 30 57 57 67 38 53 43 25 34
12 31 89 25 16 50 18 21 49 24
12 32 22 57 60 62 45 87 81 77
12 33 14 48 79 44 57 82 90 69
12 34 10 46 76 82 81 54 67 65
12 35 66 62 21 60 56 38 19 28
12 36 94 30 40 50 44 34 47 43
12 37 95 29 15 25 12 18 7 47
12 38 32 35 57 38 46 67 78 54
12 39 40 60 32 45 31 39 36 68
12 40 53 66 44 24 28 36 54 41
12 41 42 44 57 44 58 65 39 49
13 14 12 46 73 51 69 84 53 86
13 15 86 41 55 19 30 15 43 48
13 16 64 32 48 28 23 51 41 49
13 17 79 20 34 53 57 39 29 54
13 18 90 26 9 52 23 4 27 43
13 19 36 48 57 44 34 68 33 38
13 20 70 39 62 44 45 52 38 32
13 21 57 49 22 38 23 66 52 48
13 22 98 7 18 46 38 49 18 10
13 23 59 30 57 22 21 20 39 58
13 24 35 57 62 76 77 60 64 39
13 25 89 36 49 29 17 17 10 12
13 26 31 82 54 43 54 64 55 40
13 27 85 12 10 10 26 10 10 19
13 28 60 29 52 62 64 37 39 57
13 29 98 47 14 33 41 43 18 21
13 30 82 30 15 41 25 25 36 31
13 31 57 35 53 42 50 49 53 35
13 32 47 36 69 52 70 48 76 66
13 33 8 67 76 61 71 74 79 86
13 34 81 57 48 53 51 57 48 9
13 35 19 45 78 46 75 75 41 66
13 36 56 71 45 43 42 54 31 46
13 37 60 45 34 35 33 21 53 60
13 38 39 50 78 31 56 33 51 61
13 39 18 74 54 46 88 50 67 83
13 40 68 36 22 44 43 59 53 29
13 41 76 48 45 14 17 45 20 28
14 15 38 73 55 40 58 63 73 35
14 16 13 91 85 53 57 58 85 63
14 17 4 79 96 68 83 64 76 86
14 18 98 29 45 31 13 42 14 48
14 19 61 52 48 49 21 59 53 49
14 20 95 18 45 27 39 42 35 13
14 21 24 62 76 40 75 53 37 85
14 22 20 47 85 82 72 56 54 41
14 23 96 41 14 23 4 22 7 25
14 24 67 22 17 59 30 63 65 30
14 25 89 38 35 45 35 30 10 15
14 26 81 58 54 38 19 20 25 53
14 27 78 35 13 59 20 35 21 44
14 28 12 48 73 93 65 92 69 74
14 29 78 19 30 35 34 42 30 14
14 30 58 57 46 45 21 59 24 50
14 31 9 63 74 77 85 90 81 52
14 32 31 75 58 69 76 63 66 37
14 33 47 57 29 56 66 65 68 40
14 34 41 55 56 34 51 77 73 63
14 35 63 30 32 37 28 32 37 39
14 36 67 29 24 21 44 17 35 47
14 37 57 69 40 58 21 53 51 31
14 38 35 53 80 47 64 73 43 33
14 39 80 43 21 32 35 32 21 12
14 40 9 72 58 72 90 60 55 61
14 41 54 27 35 58 56 31 26 66
15 16 71 48 51 17 57 62 42 40
15 17 47 72 74 35 73 73 40 33
15 18 17 42 59 55 65 46 72 76
15 19 31 46 75 70 38 65 36 68
15 20 61 64 33 19 39 19 20 22
15 21 36 62 74 63 52 70 76 60
15 22 17 65 50 67 74 50 70 51
15 23 5 68 52 77 73 67 92 74
15 24 94 22 31 39 15 17 31 45
15 25 74 54 13 18 23 50 49 55
15 26 56 25 41 61 42 59 41 41
15 27 91 51 21 27 29 52 19 49
15 28 11 70 51 93 45 78 88 66
15 29 0 88 72 94 51 55 82 68
15 30 10 63 63 58 76 60 47 74
15 31 1 56 72 64 50 59 79 96
15 32 47 46 46 67 68 50 64 56
15 33 73 28 26 43 31 42 16 18
15 34 78 55 50 24 49 31 41 24
15 35 44 62 74 59 35 59 63 45
15 36 18 70 43 88 66 53 64 42
15 37 50 41 73 31 57 68 40 32
15 38 68 55 33 57 61 23 17 15
15 39 82 31 36 24 40 25 27 30
15 40 97 38 19 24 1 42 31 16
15 41 19 80 78 74 50 48 49 80
16 17 75 37 25 12 31 49 20 26
16 18 3 53 68 82 66 77 94 94
16 19 44 71 71 34 32 71 32 76
16 20 23 84 64 53 48 54 77 76
16 21 44 50 50 63 37 71 40 34
16 22 45 47 30 60 35 29 68 57
16 23 20 85 68 62 46 44 66 66
16 24 79 12 33 40 59 43 11 25
16 25 15 75 78 90 67 74 71 64
16 26 22 85 60 84 54 70 81 80
16 27 6 92 80 92 93 47 54 58
16 28 79 51 24 19 31 37 51 50
16 29 32 34 52 46 74 35 44 42
16 30 11 94 72 83 51 87 66 53
16 31 74 50 60 39 59 57 44 26
16 32 91 7 35 21 47 43 7 50
16 33 51 63 45 70 70 71 35 48
16 34 99 37 48 46 40 16 24 3
16 35 87 24 12 8 15 38 20 14
16 36 46 69 34 71 75 48 37 64
16 37 42 48 42 50 40 57 60 36
16 38 94 14 26 19 47 32 42 29
16 39 9 73 48 64 94 89 85 88
16 40 30 40 43 58 74 67 39 73
16 41 88 48 38 16 46 21 14 19
17 18 34 46 55 80 54 58 50 66
17 19 81 24 16 37 28 13 30 48
17 20 59 24 22 49 42 53 26 45
17 21 11 87 46 64 88 89 68 70
17 22 61 22 58 34 58 45 27 31
17 23 68 18 50 63 18 39 46 57
17 24 27 66 65 83 74 59 70 70
17 25 86 37 53 46 26 21 27 39
17 26 81 34 33 13 52 24 11 47
17 27 26 86 71 58 46 72 76 78
17 28 93 42 17 31 15 13 44 45
17 29 20 56 71 63 81 45 82 47
17 30 35 59 64 43 38 50 32 35
17 31 66 26 33 59 49 42 53 53
17 32 18 45 64 86 78 50 89 49
17 33 77 16 29 28 47 44 54 42
17 34 21 73 56 61 88 47 54 69
17 35 3 85 93 51 90 90 51 51
17 36 13 90 51 45 60 58 55 52
17 37 70 39 24 62 61 18 55 64
17 38 53 64 57 64 46 53 72 55
17 39 58 43 31 35 51 43 67 25
17 40 86 48 50 12 23 40 40 37
17 41 63 27 55 54 25 39 62 57
18 19 58 24 55 38 69 45 42 31
18 20 36 67 74 61 75 34 75 80
18 21 31 79 71 40 67 69 34 41
18 22 55 29 24 69 31 46 62 43
18 23 54 38 54 34 32 66 42 61
18 24 94 39 34 30 16 49 34 20
18 25 42 63 62 69 70 34 48 57
18 26 76 25 21 22 14 24 49 31
18 27 79 30 11 14 24 14 58 29
18 28 7 74 70 77 59 86 93 53
18 29 10 91 71 90 59 60 81 62
18 30 67 38 64 27 22 32 65 52
18 31 66 32 25 50 50 60 65 40
18 32 24 51 45 49 48 55 47 58
18 33 5 59 83 50 56 84 96 58
18 34 2 84 72 52 65 95 81 96
18 35 45 31 75 48 52 52 49 28
18 36 67 58 52 37 32 58 37 56
18 37 2 70 63 75 94 81 89 53
18 38 60 24 39 44 30 67 31 38
18 39 16 49 44 75 83 63 66 55
18 40 81 49 18 11 29 34 52 31
18 41 97 21 51 45 24 13 36 49
19 20 88 24 7 38 17 38 45 28
19 21 70 60 23 16 36 18 34 36
19 22 13 57 51 75 74 79 58 54
19 23 48 64 35 52 34 64 29 71
19 24 98 25 33 46 10 13 40 23
19 25 15 47 51 44 91 91 64 59
19 26 95 33 21 12 31 23 20 14
19 27 34 36 42 72 63 54 59 57
19 28 39 34 50 50 51 30 30 56
19 29 48 26 69 71 53 29 56 64
19 30 22 44 87 60 46 75 49 40
19 31 61 31 51 40 59 47 31 54
19 32 5 91 88 54 50 47 74 51
19 33 3 92 91 94 77 69 49 89
19 34 35 63 43 78 41 73 58 53
19 35 87 38 22 48 53 47 34 13
19 36 77 46 38 58 40 20 38 20
19 37 21 73 58 77 40 45 53 69
19 38 13 73 85 55 73 69 81 81
19 39 15 69 45 60 62 47 88 89
19 40 8 83 94 85 50 67 54 70
19 41 16 76 76 52 83 43 48 48
20 21 60 41 40 35 56 57 43 52
20 22 4 68 58 90 78 50 52 50
20 23 54 66 57 65 63 24 68 55
20 24 15 50 56 45 76 78 72 89
20 25 11 65 57 49 78 59 84 63
20 26 92 35 46 49 8 45 39 43
20 27 35 67 35 54 59 55 75 74
20 28 99 22 21 1 15 27 25 47
20 29 56 24 35 68 55 47 36 45
20 30 14 52 68 69 50 85 55 58
20 31 42 46 59 52 60 52 74 50
20 32 87 53 52 37 52 40 11 25
20 33 15 55 51 63 86 65 87 61
20 34 89 51 23 47 45 17 28 8
20 35 29 64 82 48 72 47 58 72
20 36 29 53 84 80 57 56 51 82
20 37 21 72 72 69 70 63 71 62
20 38 80 41 22 51 12 17 44 27
20 39 28 82 77 39 85 75 38 58
20 40 97 38 6 38 34 20 37 24
20 41 75 27 50 57 61 25 17 25
21 22 89 34 15 20 19 18 47 36
21 23 79 39 28 41 36 14 15 14
21 24 26 57 39 72 41 38 75 57
21 25 80 54 19 18 37 36 38 20
21 26 2 75 59 97 78 95 72 54
21 27 23 68 58 66 46 50 67 77
21 28 71 21 16 21 45 55 39 26
21 29 78 53 35 15 54 44 31 12
21 30 75 53 37 54 26 22 35 56
21 31 57 28 56 51 67 30 40 64
21 32 16 91 66 75 49 50 45 44
21 33 61 51 29 46 66 24 41 52
21 34 84 54 56 52 17 30 13 9
21 35 63 48 20 58 27 21 43 33
21 36 31 45 42 57 37 36 36 36
21 37 84 21 26 11 25 23 11 28
21 38 25 37 40 70 64 77 66 44
21 39 8 46 60 92 73 51 62 50
21 40 49 37 67 53 58 56 57 62
21 41 97 4 24 20 40 28 6 51
22 23 62 21 54 30 59 64 65 35
22 24 36 35 54 69 77 41 68 65
22 25 46 44 56 75 44 36 64 58
22 26 82 24 31 18 52 50 25 52
22 27 68 21 16 57 23 53 43 60
22 28 39 70 67 60 62 67 46 58
22 29 9 89 57 91 54 74 90 73
22 30 58 70 34 68 59 29 40 68
22 31 34 68 33 36 60 65 72 43
22 32 75 43 14 42 27 36 16 38
22 33 72 42 56 37 61 38 49 46
22 34 0 74 76 99 93 73 85 75
22 35 50 65 31 68 27 25 70 37
22 36 15 45 50 65 72 68 82 65
22 37 67 57 57 57 36 41 30 27
22 38 90 53 33 47 36 32 25 50
22 39 23 42 45 70 41 86 48 44
22 40 11 50 68 52 73 53 75 69
22 41 9 60 93 80 57 86 73 89
23 24 83 32 43 21 14 31 9 37
23 25 93 33 36 40 20 3 38 34
23 26 17 50 78 60 62 82 75 53
23 27 56 23 25 24 46 53 52 44
23 28 46 51 52 48 64 58 63 33
23 29 99 30 49 30 16 22 30 33
23 30 29 56 82 39 48 53 73 49
23 31 23 79 45 49 49 65 49 38
23 32 83 13 56 38 49 36 20 50
23 33 92 17 20 23 29 47 39 17
23 34 37 54 59 76 75 55 66 43
23 35 9 60 70 87 55 69 48 85
23 36 36 38 80 45 52 52 59 74
23 37 63 38 38 61 54 27 59 65
23 38 25 79 70 42 53 63 58 60
23 39 90 48 49 23 50 8 34 54
23 40 9 48 88 81 70 83 62 66
23 41 40 78 71 56 61 70 44 71
24 25 39 44 73 43 38 78 68 77
24 26 70 28 20 29 40 59 60 51
24 27 50 59 28 51 43 71 73 59
24 28 84 33 51 43 14 53 29 14
24 29 61 51 41 47 57 20 56 25
24 30 90 8 27 10 47 5 4 35
24 31 70 49 58 44 22 44 37 25
24 32 82 42 19 39 58 54 21 35
24 33 73 58 52 22 49 27 63 29
24 34 57 70 70 36 23 50 53 31
24 35 39 52 40 74 64 41 33 47
24 36 24 46 60 82 41 42 51 44
24 37 1 78 55 55 50 93 98 76
24 38 25 56 59 49 43 78 72 45
24 39 14 63 62 69 78 65 81 88
24 40 63 25 38 46 61 41 32 54
24 41 7 84 47 75 89 70 91 49
25 26 65 46 44 46 44 40 35 27
25 27 73 43 17 37 34 22 52 18
25 28 44 53 40 27 44 66 47 75
25 29 82 45 12 38 25 18 19 21
25 30 35 72 63 44 75 48 50 54
25 31 19 82 75 65 55 89 73 70
25 32 80 13 27 46 25 51 47 40
25 33 62 59 22 22 26 48 37 49
25 34 45 55 70 41 45 40 63 30
25 35 69 41 62 30 58 16 21 51
25 36 98 45 1 11 5 22 43 31
25 37 60 65 59 57 33 45 40 28
25 38 62 36 66 43 27 36 45 34
25 39 31 75 65 37 53 58 41 56
25 40 33 81 64 81 50 60 49 74
25 41 72 45 54 54 30 58 34 25
26 27 29 51 70 58 38 37 85 57
26 28 63 29 51 54 27 22 45 21
26 29 63 26 29 28 31 68 53 58
26 30 50 63 36 43 71 32 57 68
26 31 18 67 75 40 59 77 86 71
26 32 42 32 65 76 62 38 41 32
26 33 25 55 86 86 79 51 50 63
26 34 72 28 22 14 24 30 48 41
26 35 24 57 52 67 66 79 61 83
26 36 8 58 59 80 52 51 74 92
26 37 24 38 86 78 42 62 54 47
26 38 16 55 82 87 75 90 51 58
26 39 48 69 30 72 30 46 46 29
26 40 76 36 27 39 53 55 51 55
26 41 91 32 21 37 37 8 52 27
27 28 78 54 10 46 44 50 54 24
27 29 51 41 68 35 67 44 60 34
27 30 51 40 31 59 60 43 70 55
27 31 30 50 56 55 64 44 72 47
27 32 10 79 47 89 64 68 76 81
27 33 53 23 28 48 26 25 33 62
27 34 10 66 70 55 78 69 63 62
27 35 74 25 19 16 44 61 43 53
27 36 76 41 32 60 11 22 19 28
27 37 94 23 20 45 10 49 31 33
27 38 80 12 54 39 14 35 29 38
27 39 55 28 48 30 42 28 47 42
27 40 21 65 82 67 78 61 58 57
27 41 41 31 38 49 71 70 65 45
28 29 63 44 19 31 26 43 28 39
28 30 85 32 52 49 8 42 10 38
28 31 21 60 59 64 69 80 51 52
28 32 64 39 20 50 42 42 64 35
28 33 14 47 57 78 83 64 46 81
28 34 30 76 83 70 63 72 38 61
28 35 13 63 47 90 68 90 48 88
28 36 34 54 45 42 48 48 34 64
28 37 2 53 81 53 97 91 98 59
28 38 80 49 56 59 35 40 40 19
28 39 49 25 40 50 39 49 70 35
28 40 36 46 38 55 74 58 45 58
28 41 7 65 73 78 91 68 50 92
29 30 41 71 60 52 57 63 72 65
29 31 79 40 58 50 46 58 28 24
29 32 10 52 69 74 75 47 81 60
29 33 93 21 39 15 39 40 15 24
29 34 94 35 12 12 38 25 18 51
29 35 74 27 21 31 60 40 36 41
29 36 17 66 71 86 55 50 52 64
29 37 53 62 66 68 58 64 45 51
29 38 28 78 52 83 78 70 40 68
29 39 86 32 42 15 12 8 17 32
29 40 66 20 25 48 50 62 50 24
29 41 65 37 18 30 62 25 56 62
30 31 59 48 39 61 37 58 63 25
30 32 41 62 49 59 31 76 34 73
30 33 57 30 33 34 37 49 22 64
30 34 74 44 16 28 34 35 59 49
30 35 62 31 40 46 47 54 35 46
30 36 7 62 66 50 76 92 95 67
30 37 44 38 38 28 61 49 43 50
30 38 44 47 30 28 75 68 39 65
30 39 66 63 42 17 44 44 39 59
30 40 19 58 48 46 87 86 77 68
30 41 0 79 68 67 80 89 91 93
31 32 38 39 49 76 30 38 61 60
31 33 37 51 54 76 38 37 47 79
31 34 9 50 81 72 71 45 93 46
31 35 13 64 63 87 82 68 87 86
31 36 69 52 45 53 34 51 32 51
31 37 24 60 41 47 56 59 75 46
31 38 20 61 62 81 47 60 60 77
31 39 62 45 46 67 29 21 56 28
31 40 18 70 73 49 88 43 53 52
31 41 99 30 16 1 24 39 30 32
32 33 82 12 19 42 37 48 27 33
32 34 78 18 37 43 44 48 29 59
32 35 52 54 63 34 73 52 66 33
32 36 75 21 32 25 54 58 19 13
32 37 67 28 16 24 41 48 35 55
32 38 82 52 38 37 44 22 32 25
32 39 98 2 7 10 37 27 43 7
32 40 26 49 75 37 69 49 45 85
32 41 99 45 25 4 1 30 24 17
33 34 78 25 40 58 51 48 10 18
33 35 94 22 25 35 6 21 34 50
33 36 56 43 54 70 35 35 28 42
33 37 41 46 50 75 46 72 37 75
33 38 61 21 57 45 32 45 33 34
33 39 59 25 24 36 34 53 39 41
33 40 5 89 63 76 88 50 86 60
33 41 94 10 6 45 23 6 34 15
34 35 38 52 57 61 77 34 40 55
34 36 9 46 68 77 93 47 93 50
34 37 43 75 38 53 57 34 37 42
34 38 64 23 37 34 26 66 41 60
34 39 84 39 55 50 15 53 55 13
34 40 34 62 74 57 34 50 52 38
34 41 94 30 4 26 4 42 23 22
35 36 95 35 3 13 27 42 35 43
35 37 8 50 46 75 82 91 93 58
35 38 12 60 65 58 62 72 50 50
35 39 40 67 72 55 40 54 66 65
35 40 97 36 14 11 21 17 44 7
35 41 46 44 33 64 28 46 63 73
36 37 87 7 7 50 40 41 37 52
36 38 1 65 88 82 52 70 78 55
36 39 6 61 90 60 94 60 84 83
36 40 35 59 58 37 76 71 75 69
36 41 46 76 31 45 46 50 39 43
37 38 99 23 41 6 36 23 15 45
37 39 89 45 33 44 12 16 40 39
37 40 77 44 33 12 26 45 47 29
37 41 24 49 75 70 37 40 82 77
38 39 19 49 87 77 50 72 54 84
38 40 68 51 62 19 42 45 31 35
38 41 96 33 44 19 25 30 4 29
39 40 64 39 31 43 46 38 43 34
39 41 24 49 64 44 51 55 66 58
40 41 25 51 39 71 57 60 83 84
