45 8
0.142857 0.142857 0.142857 0.142857 0.142857 0.142857 0.142857 0.0 
0 1 55 42 51 38 49 41 47 51
0 2 44 54 58 57 56 60 50 56
0 3 58 46 49 37 37 48 41 37
0 4 1 95 88 91 95 86 88 91
0 5 49 52 56 52 44 44 52 55
0 6 99 9 8 2 9 11 2 8
0 7 84 27 22 21 22 24 15 18
0 8 30 68 63 67 70 62 65 72
0 9 25 70 69 71 64 73 67 69
0 10 63 38 33 36 34 38 45 35
0 11 74 33 34 27 29 29 32 30
0 12 78 22 18 23 33 26 26 28
0 13 48 45 46 45 49 44 48 56
0 14 61 34 39 38 32 42 41 38
0 15 47 45 59 47 49 46 51 47
0 16 76 20 33 28 29 28 29 20
0 17 39 53 59 52 62 54 63 61
0 18 21 74 74 67 80 71 80 75
0 19 72 37 34 29 26 35 37 31
0 20 17 72 74 84 70 73 73 84
0 21 70 25 28 29 37 29 36 31
0 22 47 56 57 47 53 49 46 52
0 23 73 31 28 30 33 24 24 31
0 24 5 92 93 91 81 88 90 89
0 25 42 62 58 54 50 63 53 62
0 26 54 41 49 49 52 42 41 40
0 27 85 21 13 25 26 14 17 14
0 28 9 88 78 84 91 87 77 86
0 29 66 31 30 40 40 36 33 37
0 30 11 88 83 88 77 80 81 80
0 31 48 53 57 46 55 57 48 58
0 32 55 43 44 51 49 49 49 52
0 33 89 11 14 14 10 15 18 9
0 34 11 83 79 87 82 87 82 83
0 35 90 13 12 15 19 13 19 16
0 36 34 61 69 56 57 69 65 58
0 37 60 46 37 44 36 43 36 39
0 38 68 28 28 36 31 31 36 35
0 39 87 11 16 22 24 12 11 11
0 40 7 87 92 82 83 87 84 83
0 41 39 65 65 53 65 54 53 51
0 42 65 44 40 32 44 36 32 32
0 43 9 83 84 84 80 86 88 89
0 44 47 54 55 54 47 45 49 59
1 2 11 78 87 83 85 78 76 87
1 3 46 54 45 55 48 57 47 54
1 4 77 19 28 26 24 26 26 19
1 5 60 37 40 43 46 44 36 39
1 6 80 25 26 26 30 30 20 18
1 7 35 62 60 64 59 57 63 62
1 8 23 72 78 66 65 66 77 77
1 9 39 58 61 55 66 62 53 65
1 10 81 16 25 26 17 30 24 30
1 11 69 29 36 32 28 39 39 28
1 12 64 41 35 35 30 30 31 34
1 13 76 30 23 29 20 21 34 25
1 14 63 43 43 32 42 39 33 33
1 15 6 84 86 90 90 89 86 81
1 16 38 59 67 60 65 56 61 53
1 17 79 19 30 17 24 20 18 20
1 18 55 48 44 47 43 39 44 52
1 19 92 14 7 12 14 11 9 16
1 20 12 84 80 81 86 86 81 78
1 21 95 12 10 5 4 6 7 9
1 22 91 7 21 8 20 15 21 15
1 23 23 77 73 75 74 71 76 71
1 24 88 20 23 17 15 16 18 22
1 25 23 66 77 79 73 74 73 78
1 26 25 72 75 71 64 68 76 77
1 27 47 51 47 54 47 46 56 58
1 28 27 64 62 74 63 66 71 72
1 29 22 71 66 79 69 77 69 74
1 30 26 72 76 76 69 70 63 65
1 31 35 63 62 58 60 66 65 69
1 32 51 46 49 55 55 43 45 52
1 33 0 94 95 90 94 91 90 86
1 34 11 75 77 87 83 88 86 81
1 35 96 10 7 14 6 10 5 9
1 36 36 62 66 64 56 66 59 66
1 37 47 45 48 52 45 45 49 50
1 38 47 48 53 55 57 52 48 48
1 39 11 87 84 80 81 81 82 79
1 40 20 75 70 74 68 74 74 73
1 41 56 37 49 41 49 44 41 46
1 42 74 28 29 28 34 24 22 27
1 43 2 83 94 88 87 86 95 86
1 44 96 5 14 4 16 15 10 12
2 3 28 64 71 63 67 72 71 64
2 4 84 22 23 23 17 16 15 24
2 5 0 85 93 97 92 87 96 99
2 6 7 87 82 85 92 86 89 85
2 7 89 17 14 18 10 9 23 21
2 8 89 20 10 10 9 18 9 11
2 9 95 14 8 10 6 4 16 11
2 10 25 66 63 64 71 69 66 70
2 11 23 77 79 74 77 71 67 77
2 12 62 35 45 36 31 36 33 38
2 13 84 28 27 16 28 19 28 27
2 14 61 33 36 43 36 37 43 33
2 15 49 49 46 52 49 52 46 50
2 16 35 65 55 61 55 67 58 64
2 17 39 57 58 63 64 64 51 57
2 18 4 87 95 92 85 93 84 91
2 19 80 23 23 29 28 21 20 28
2 20 71 33 37 24 31 36 35 25
2 21 88 14 9 18 23 18 18 14
2 22 89 12 14 17 20 12 23 14
2 23 70 31 39 30 25 39 31 39
2 24 44 57 56 52 49 50 54 51
2 25 37 64 62 66 57 64 53 56
2 26 84 24 20 26 19 17 27 18
2 27 41 61 59 55 56 50 56 59
2 28 68 37 28 33 27 35 41 30
2 29 19 73 72 78 69 72 74 72
2 30 48 50 47 49 47 45 54 45
2 31 97 12 14 2 6 5 6 7
2 32 86 22 19 11 14 13 17 20
2 33 93 12 10 20 6 11 13 11
2 34 45 56 56 45 53 58 53 47
2 35 20 67 74 75 69 71 72 72
2 36 43 60 55 52 57 50 53 49
2 37 8 89 83 82 79 85 79 79
2 38 93 7 18 8 6 8 6 14
2 39 83 20 28 22 25 22 19 21
2 40 95 5 8 16 6 4 4 12
2 41 11 84 81 79 85 86 78 79
2 42 62 41 37 32 43 42 46 42
2 43 7 85 81 83 91 85 88 92
2 44 80 27 29 28 18 21 19 20
3 4 0 98 95 95 96 86 87 89
3 5 39 62 65 63 65 63 61 57
3 6 80 28 22 26 30 25 27 20
3 7 65 34 42 39 32 41 34 38
3 8 55 48 49 44 40 49 42 42
3 9 79 27 30 27 20 27 32 26
3 10 26 70 68 73 72 70 63 63
3 11 7 89 83 81 88 88 88 83
3 12 53 43 43 48 39 46 50 49
3 13 33 60 66 64 67 70 65 62
3 14 50 56 52 44 50 50 45 42
3 15 1 97 85 93 83 88 86 91
3 16 76 33 27 33 22 25 28 24
3 17 11 85 78 81 83 88 82 89
3 18 17 85 72 76 72 81 83 70
3 19 28 75 73 75 65 68 65 72
3 20 28 64 70 70 74 65 62 73
3 21 83 24 20 23 14 21 28 21
3 22 47 50 45 54 52 59 54 48
3 23 94 5 9 14 11 8 13 8
3 24 11 83 82 75 83 85 85 76
3 25 82 26 15 16 17 25 29 18
3 26 41 61 57 61 63 49 62 50
3 27 44 58 48 49 59 58 50 50
3 28 15 77 82 77 77 83 81 83
3 29 22 78 69 71 71 67 66 74
3 30 41 58 56 63 54 54 54 58
3 31 97 14 4 11 13 13 6 5
3 32 56 51 40 45 41 47 40 41
3 33 63 40 42 42 44 41 37 44
3 34 63 42 38 33 35 32 44 32
3 35 21 69 75 77 81 68 78 75
3 36 34 59 62 70 58 57 64 57
3 37 89 20 18 12 20 16 22 16
3 38 0 95 98 84 89 89 91 96
3 39 73 33 24 28 26 36 31 28
3 40 18 78 75 74 77 82 71 71
3 41 30 66 72 63 67 73 69 61
3 42 62 37 32 46 35 32 41 40
3 43 88 12 21 11 12 10 23 22
3 44 36 67 56 61 61 57 54 57
4 5 9 80 79 86 84 85 79 82
4 6 23 71 78 78 75 68 66 66
4 7 25 74 68 76 69 65 75 68
4 8 77 22 31 21 29 24 25 23
4 9 91 15 21 12 13 11 14 12
4 10 33 57 59 61 56 66 69 62
4 11 17 81 71 72 76 82 83 80
4 12 4 87 96 91 88 87 93 95
4 13 90 13 17 22 16 22 19 11
4 14 88 12 13 11 17 14 19 17
4 15 16 78 76 74 76 80 82 84
4 16 17 79 81 73 84 75 71 79
4 17 81 21 21 21 16 19 26 17
4 18 20 73 75 71 73 76 70 76
4 19 93 19 17 6 6 14 7 11
4 20 33 62 67 66 57 66 64 63
4 21 24 65 71 72 68 67 70 68
4 22 23 69 72 67 78 65 68 73
4 23 56 51 40 37 50 48 37 40
4 24 30 59 69 70 69 71 63 64
4 25 55 50 46 49 40 48 50 52
4 26 19 69 73 75 73 76 70 75
4 27 4 82 93 95 89 84 83 94
4 28 73 33 25 36 27 31 29 29
4 29 21 76 78 74 73 81 69 67
4 30 35 65 62 64 67 54 64 66
4 31 41 60 54 52 54 61 54 57
4 32 23 69 71 77 74 70 72 75
4 33 69 28 27 31 36 33 40 32
4 34 92 9 15 19 11 13 11 16
4 35 62 36 31 36 42 32 34 45
4 36 72 34 30 30 27 37 30 26
4 37 41 53 57 64 52 57 50 59
4 38 81 16 18 16 28 22 16 28
4 39 52 44 50 51 41 53 52 44
4 40 86 13 24 24 17 18 11 15
4 41 63 38 34 42 33 37 39 40
4 42 52 52 44 41 49 51 46 50
4 43 64 31 39 37 34 45 35 35
4 44 45 53 60 48 57 58 52 57
5 6 51 44 50 54 51 48 54 45
5 7 7 85 93 82 92 83 86 83
5 8 51 41 44 54 52 45 44 42
5 9 98 13 6 8 7 15 12 10
5 10 84 22 16 19 19 22 20 25
5 11 90 22 22 14 22 8 8 20
5 12 15 78 79 76 84 83 78 72
5 13 71 37 32 25 37 27 36 32
5 14 34 61 64 55 66 63 57 68
5 15 75 25 24 26 33 28 32 21
5 16 66 31 32 37 38 37 30 39
5 17 47 49 49 53 58 55 49 57
5 18 13 86 85 77 86 75 82 73
5 19 66 40 41 31 39 42 40 36
5 20 33 70 71 67 60 62 64 68
5 21 96 6 10 6 9 8 10 11
5 22 15 76 81 75 74 73 81 82
5 23 87 21 21 22 18 16 22 19
5 24 70 29 35 35 29 32 32 33
5 25 36 68 57 62 65 67 57 68
5 26 76 24 26 33 33 32 31 26
5 27 62 37 45 39 46 41 37 38
5 28 16 76 83 80 77 84 72 81
5 29 91 17 18 21 16 13 19 12
5 30 84 14 13 25 19 23 24 22
5 31 92 11 11 9 16 12 15 8
5 32 51 50 55 42 52 46 42 49
5 33 19 77 77 74 71 80 75 81
5 34 89 19 11 14 10 20 21 16
5 35 66 29 35 33 41 35 29 34
5 36 49 45 49 50 57 52 43 56
5 37 92 10 15 18 7 17 19 13
5 38 7 86 91 85 91 81 88 91
5 39 14 81 78 80 78 82 85 80
5 40 76 20 19 26 24 34 22 30
5 41 38 65 52 58 53 66 59 62
5 42 13 86 79 86 76 80 80 75
5 43 43 56 61 57 56 53 58 49
5 44 76 26 22 26 32 24 25 22
6 7 5 93 86 90 83 91 82 89
6 8 40 63 58 65 53 64 53 60
6 9 20 73 78 79 79 78 67 68
6 10 20 70 74 72 80 69 67 80
6 11 32 71 68 59 66 63 61 70
6 12 31 64 63 62 63 61 71 68
6 13 48 57 53 45 54 54 47 56
6 14 17 78 69 82 77 72 78 75
6 15 60 39 42 33 35 46 39 47
6 16 92 13 7 10 16 18 14 10
6 17 38 62 60 59 56 56 65 56
6 18 63 45 43 33 41 42 38 37
6 19 42 61 60 54 62 58 56 63
6 20 56 40 47 42 47 44 44 49
6 21 12 76 83 78 81 83 77 85
6 22 59 40 44 39 36 45 37 36
6 23 25 72 73 68 77 69 76 68
6 24 23 73 77 74 72 67 68 72
6 25 39 53 54 57 51 56 59 51
6 26 35 59 68 68 69 68 60 63
6 27 29 61 63 60 65 71 66 63
6 28 8 91 82 88 88 78 86 90
6 29 23 76 76 75 77 75 70 78
6 30 80 18 24 24 21 30 18 20
6 31 36 68 62 67 67 60 65 66
6 32 34 64 69 65 58 65 70 60
6 33 47 48 54 45 50 56 58 58
6 34 45 54 57 59 59 48 59 51
6 35 17 72 81 80 78 78 84 72
6 36 80 23 31 30 20 25 17 18
6 37 8 78 78 79 79 79 82 90
6 38 5 87 91 82 81 81 91 88
6 39 17 79 82 73 80 78 79 84
6 40 94 8 17 12 13 6 4 12
6 41 6 93 89 90 94 88 79 82
6 42 92 12 11 11 16 11 19 14
6 43 81 26 28 21 19 15 21 16
6 44 79 26 22 17 18 27 28 20
7 8 62 46 34 44 45 32 45 45
7 9 76 33 20 24 33 30 30 29
7 10 2 89 94 95 86 93 93 95
7 11 29 71 59 68 62 71 67 72
7 12 31 66 66 63 71 62 62 60
7 13 7 81 84 88 86 83 80 91
7 14 51 41 50 45 53 50 43 55
7 15 19 75 79 72 80 80 74 79
7 16 85 17 24 24 18 22 15 18
7 17 45 47 46 48 53 60 51 53
7 18 79 25 29 18 30 19 22 17
7 19 40 57 58 62 61 57 55 60
7 20 49 48 53 52 49 43 50 50
7 21 97 14 16 9 13 10 3 10
7 22 23 71 68 76 67 66 76 79
7 23 43 60 49 62 55 58 56 49
7 24 23 66 79 72 74 79 75 79
7 25 28 63 75 64 71 66 74 61
7 26 67 32 34 27 30 28 32 42
7 27 18 82 80 79 80 80 73 78
7 28 37 67 56 67 58 54 61 56
7 29 16 77 77 83 74 76 78 81
7 30 28 72 62 70 63 71 63 72
7 31 22 79 68 80 77 68 70 78
7 32 82 16 20 24 19 15 18 23
7 33 94 6 13 6 19 9 13 11
7 34 75 27 34 28 23 26 27 26
7 35 23 72 69 67 71 68 64 74
7 36 17 84 70 81 78 80 83 70
7 37 92 10 8 13 6 20 19 13
7 38 4 85 91 83 91 89 88 89
7 39 5 82 82 90 81 95 94 90
7 40 0 88 86 84 95 89 91 88
7 41 12 80 81 84 86 88 86 84
7 42 4 87 86 89 86 84 90 87
7 43 60 45 36 36 42 48 47 47
7 44 25 66 70 72 69 64 73 73
8 9 54 46 43 52 42 44 46 46
8 10 92 18 19 16 20 7 16 17
8 11 67 35 28 32 33 28 38 30
8 12 47 59 48 59 46 55 48 57
8 13 1 87 92 95 89 95 89 90
8 14 90 15 11 11 18 18 8 12
8 15 72 38 24 35 36 32 23 30
8 16 4 92 90 92 93 87 84 94
8 17 0 87 91 91 85 96 84 95
8 18 8 79 90 80 91 92 87 86
8 19 6 94 89 85 82 86 85 82
8 20 69 34 27 37 39 27 29 32
8 21 55 48 39 41 44 44 42 42
8 22 95 14 7 3 6 6 7 8
8 23 62 36 38 45 40 44 40 42
8 24 38 57 59 66 60 66 54 54
8 25 2 86 89 86 90 83 84 83
8 26 14 74 81 76 73 84 78 78
8 27 0 94 87 85 89 97 85 93
8 28 70 28 31 30 38 31 31 28
8 29 31 71 70 65 61 59 60 70
8 30 84 18 26 21 27 17 21 22
8 31 67 30 38 41 34 41 30 38
8 32 32 70 70 58 70 70 70 69
8 33 4 91 87 88 90 91 81 83
8 34 38 59 66 66 64 63 53 55
8 35 49 48 50 56 52 51 52 54
8 36 98 1 3 14 4 7 15 5
8 37 45 59 57 47 48 50 59 54
8 38 32 60 70 64 59 71 59 57
8 39 14 76 87 84 78 80 77 82
8 40 33 64 66 64 66 64 59 64
8 41 57 45 49 50 44 48 37 50
8 42 6 79 88 94 92 94 89 83
8 43 36 58 62 61 65 59 64 58
8 44 29 72 66 71 68 65 59 72
9 10 49 44 55 51 52 44 58 54
9 11 32 61 58 58 59 59 64 61
9 12 81 20 22 29 28 29 27 29
9 13 9 81 82 86 88 82 91 91
9 14 47 51 58 58 55 46 50 53
9 15 96 7 9 13 4 13 12 8
9 16 29 69 61 72 61 69 70 60
9 17 57 46 49 39 50 42 41 48
9 18 60 37 43 40 48 41 45 36
9 19 41 64 49 59 50 49 59 62
9 20 8 89 78 92 91 78 84 87
9 21 67 36 30 37 29 34 36 42
9 22 93 5 11 9 7 12 11 12
9 23 37 66 57 65 57 66 61 66
9 24 9 87 80 90 79 86 83 78
9 25 17 73 80 80 72 73 76 82
9 26 98 13 13 15 10 8 6 1
9 27 94 17 14 9 13 7 8 15
9 28 19 74 75 74 78 71 74 71
9 29 12 74 80 89 80 85 74 85
9 30 33 62 62 66 66 71 65 59
9 31 71 29 33 24 39 29 38 36
9 32 35 56 61 54 64 61 60 65
9 33 74 34 24 32 21 23 21 33
9 34 46 51 56 54 57 58 45 45
9 35 44 60 59 54 54 49 52 56
9 36 88 19 15 15 15 18 12 10
9 37 55 41 39 51 47 39 40 49
9 38 87 13 18 10 14 16 19 22
9 39 11 81 89 77 78 79 83 79
9 40 60 44 40 41 46 39 33 47
9 41 56 46 42 48 38 43 39 45
9 42 12 81 88 82 80 84 76 75
9 43 61 37 44 47 43 36 33 44
9 44 6 84 81 89 88 82 80 80
10 11 78 32 32 31 31 22 20 28
10 12 44 50 50 54 52 50 60 52
10 13 71 30 28 39 24 28 38 38
10 14 17 75 81 78 71 83 79 72
10 15 45 61 60 48 50 50 55 52
10 16 0 84 93 91 98 85 91 89
10 17 75 24 29 29 30 23 24 21
10 18 78 29 26 26 24 18 19 32
10 19 8 82 82 85 88 84 78 85
10 20 92 6 13 12 15 11 11 14
10 21 19 81 82 75 71 77 80 74
10 22 61 44 43 45 46 47 40 41
10 23 8 88 85 92 84 81 84 88
10 24 33 61 61 59 67 70 58 58
10 25 85 20 13 16 21 21 24 25
10 26 4 92 93 90 94 82 89 85
10 27 86 15 22 20 12 16 17 14
10 28 93 10 16 14 11 9 17 9
10 29 99 3 12 4 8 9 12 11
10 30 12 85 86 84 76 87 86 87
10 31 3 90 83 82 92 94 87 83
10 32 58 49 49 50 40 49 48 47
10 33 48 44 53 48 44 58 53 58
10 34 96 12 4 13 8 7 18 6
10 35 59 42 44 44 39 45 35 38
10 36 82 20 18 23 27 26 26 20
10 37 19 69 81 71 81 77 77 70
10 38 69 31 32 27 37 40 29 28
10 39 69 26 26 28 38 29 30 35
10 40 9 86 82 85 90 80 90 85
10 41 53 41 48 45 45 47 46 44
10 42 26 64 62 62 77 64 67 65
10 43 40 55 54 52 61 53 62 58
10 44 89 11 12 12 20 15 15 21
11 12 59 46 41 45 46 47 44 41
11 13 38 52 66 63 66 66 56 55
11 14 5 91 91 93 90 82 93 84
11 15 78 20 21 27 33 28 26 31
11 16 63 36 35 41 33 41 44 42
11 17 29 66 62 62 73 67 71 73
11 18 26 73 63 71 76 69 72 65
11 19 86 23 17 24 20 23 14 21
11 20 35 61 68 57 64 69 69 64
11 21 50 46 49 52 54 52 44 51
11 22 7 82 86 85 83 83 81 82
11 23 89 20 10 17 19 11 9 21
11 24 13 87 76 87 86 80 76 83
11 25 7 86 92 83 86 92 82 87
11 26 2 85 94 96 90 95 86 96
11 27 80 27 24 30 21 24 29 24
11 28 82 29 25 16 15 18 15 22
11 29 74 25 22 25 34 32 29 26
11 30 8 79 89 81 87 84 87 78
11 31 24 65 79 72 69 70 67 72
11 32 86 18 15 13 12 22 24 18
11 33 80 17 19 27 21 20 20 29
11 34 56 43 39 43 46 45 50 40
11 35 86 22 23 24 13 24 22 17
11 36 20 77 78 70 76 77 69 78
11 37 36 59 67 54 55 64 55 65
11 38 11 85 80 81 83 82 78 78
11 39 96 6 11 10 15 5 12 11
11 40 82 23 15 29 18 19 26 25
11 41 5 82 88 94 93 80 92 81
11 42 70 29 34 29 29 34 37 27
11 43 8 80 87 81 79 89 89 91
11 44 47 59 58 54 53 50 55 52
12 13 9 78 90 82 85 80 78 77
12 14 72 25 35 36 24 34 30 32
12 15 16 79 74 71 80 85 73 71
12 16 64 32 36 38 30 42 39 39
12 17 30 65 72 69 71 72 64 63
12 18 29 74 72 69 61 61 72 66
12 19 84 21 26 14 15 25 20 21
12 20 53 49 47 51 52 43 40 50
12 21 4 83 95 89 92 90 91 95
12 22 43 48 53 60 58 53 62 49
12 23 26 75 67 67 72 68 64 75
12 24 56 49 50 49 50 50 51 43
12 25 70 34 26 32 39 25 38 26
12 26 65 31 31 35 30 40 36 35
12 27 19 83 72 76 69 70 77 72
12 28 89 11 11 17 10 22 11 20
12 29 78 30 30 30 22 29 28 33
12 30 72 28 32 36 35 27 36 27
12 31 37 64 64 67 65 56 54 54
12 32 73 32 37 23 36 28 31 28
12 33 53 47 49 45 52 40 53 48
12 34 60 35 43 43 38 47 44 46
12 35 81 24 27 18 15 19 27 19
12 36 82 29 16 20 19 25 20 20
12 37 0 86 97 97 84 96 87 87
12 38 6 82 90 87 90 82 86 92
12 39 29 72 60 64 63 70 73 65
12 40 39 61 58 56 64 65 54 58
12 41 42 62 58 59 53 63 56 50
12 42 36 69 61 57 60 68 56 54
12 43 69 33 26 31 40 31 29 29
12 44 46 47 49 55 46 55 47 50
13 14 59 43 40 49 45 43 36 34
13 15 23 67 77 68 79 78 71 69
13 16 39 60 63 53 51 54 64 52
13 17 71 30 29 34 38 33 26 32
13 18 13 79 83 86 77 80 74 83
13 19 73 24 23 25 36 26 30 32
13 20 20 76 79 76 77 73 69 75
13 21 99 4 3 2 4 13 14 9
13 22 21 71 76 80 71 75 70 78
13 23 62 37 35 44 39 39 40 35
13 24 14 76 76 83 82 77 77 81
13 25 99 8 13 6 7 4 7 15
13 26 58 43 43 36 36 39 45 41
13 27 62 33 37 41 32 33 42 33
13 28 37 57 56 60 60 63 61 63
13 29 40 60 59 63 58 63 51 52
13 30 57 45 50 40 44 36 50 45
13 31 35 68 67 64 60 69 60 61
13 32 90 11 13 8 18 15 11 12
13 33 81 29 23 19 30 18 17 28
13 34 80 24 18 18 23 19 19 24
13 35 94 9 16 15 17 17 14 12
13 36 4 83 93 84 89 93 82 82
13 37 87 23 25 23 15 23 13 13
13 38 65 29 34 42 44 32 32 31
13 39 45 47 50 58 53 57 47 47
13 40 49 43 50 49 42 55 45 43
13 41 37 60 60 67 56 57 67 58
13 42 67 34 33 29 35 37 33 37
13 43 0 92 88 87 86 88 93 95
13 44 50 51 54 55 55 57 55 49
14 15 96 13 12 12 9 16 9 3
14 16 59 48 40 44 35 36 43 35
14 17 24 78 74 74 77 67 69 76
14 18 20 73 76 70 74 69 75 74
14 19 92 16 7 14 16 18 10 8
14 20 7 86 83 89 79 83 83 89
14 21 35 67 63 57 66 61 61 60
14 22 78 27 32 26 28 32 22 24
14 23 93 16 11 14 20 6 13 8
14 24 22 76 69 73 69 77 72 77
14 25 33 64 59 67 62 60 60 65
14 26 13 87 78 86 82 86 85 75
14 27 23 77 73 77 80 80 65 73
14 28 6 93 86 83 83 80 84 84
14 29 4 84 89 95 91 93 92 83
14 30 50 51 45 45 41 45 46 53
14 31 67 32 39 34 36 32 39 33
14 32 20 68 80 69 73 72 70 70
14 33 16 81 72 78 81 78 85 82
14 34 19 68 74 73 69 70 78 68
14 35 85 16 12 17 26 18 24 17
14 36 19 77 73 81 74 77 82 77
14 37 86 14 23 22 24 14 19 11
14 38 45 56 57 60 56 60 54 53
14 39 25 73 77 66 77 66 70 64
14 40 9 86 79 83 91 79 84 79
14 41 4 86 81 92 91 94 81 85
14 42 79 28 27 30 19 17 29 24
14 43 20 82 72 79 78 73 81 82
14 44 27 75 69 62 74 73 75 73
15 16 90 11 21 21 9 13 13 13
15 17 16 80 77 79 80 73 74 85
15 18 97 12 8 7 7 11 9 14
15 19 44 48 50 56 61 49 57 48
15 20 31 63 61 70 69 65 69 64
15 21 7 81 89 80 87 84 86 93
15 22 88 16 21 13 13 16 11 11
15 23 86 16 23 25 22 19 12 20
15 24 80 22 23 19 30 29 29 18
15 25 52 43 53 52 52 53 52 52
15 26 98 4 10 2 7 8 2 10
15 27 55 48 43 47 45 51 49 47
15 28 27 63 74 72 75 66 65 74
15 29 68 33 28 38 34 33 30 29
15 30 93 13 6 7 16 19 16 5
15 31 24 66 70 67 67 67 76 68
15 32 19 79 70 74 80 75 81 70
15 33 62 45 38 44 45 42 32 36
15 34 36 58 64 61 65 57 68 62
15 35 64 44 36 34 43 36 40 44
15 36 74 28 30 30 31 34 30 27
15 37 42 63 61 59 49 55 58 56
15 38 25 67 68 77 64 72 72 69
15 39 30 69 63 68 66 66 65 70
15 40 11 88 89 83 77 83 85 79
15 41 57 40 50 44 39 41 45 37
15 42 85 22 18 25 20 18 22 15
15 43 80 22 22 16 25 20 23 23
15 44 92 19 12 9 14 17 6 6
16 17 52 46 42 42 42 46 43 54
16 18 67 32 30 33 30 28 39 29
16 19 55 47 45 43 51 51 45 41
16 20 82 16 18 27 25 15 23 21
16 21 86 15 24 20 21 12 16 23
16 22 70 37 25 27 26 38 35 33
16 23 53 45 54 51 40 43 45 41
16 24 71 34 25 35 37 27 38 35
16 25 2 87 94 89 85 90 96 84
16 26 46 54 50 53 49 53 57 45
16 27 13 77 82 88 82 83 86 77
16 28 57 46 47 49 47 47 43 39
16 29 7 81 81 90 84 83 79 91
16 30 33 61 61 66 66 65 67 58
16 31 9 90 91 89 83 83 81 80
16 32 15 78 80 82 74 81 82 80
16 33 17 73 73 74 70 77 77 75
16 34 49 56 52 51 48 48 55 47
16 35 80 22 30 30 23 17 31 18
16 36 24 75 72 78 69 71 77 72
16 37 20 67 81 72 74 78 69 81
16 38 55 47 50 39 40 40 49 47
16 39 61 46 40 37 37 47 43 38
16 40 40 64 60 59 51 57 60 51
16 41 65 32 30 35 37 41 34 42
16 42 40 58 59 54 61 65 51 58
16 43 88 16 20 19 17 18 21 23
16 44 26 72 63 65 64 77 67 62
17 18 43 48 57 60 48 62 58 59
17 19 7 87 79 80 80 89 84 81
17 20 14 77 86 76 79 79 76 81
17 21 99 1 1 4 8 7 14 5
17 22 44 49 57 50 46 56 58 58
17 23 77 26 26 24 23 21 32 21
17 24 17 77 71 79 75 71 80 74
17 25 96 8 16 4 16 12 16 17
17 26 44 60 54 48 60 60 48 55
17 27 22 71 74 67 80 70 79 71
17 28 74 33 21 28 28 30 33 36
17 29 65 36 41 43 38 31 30 41
17 30 20 75 67 78 68 75 74 82
17 31 8 86 84 83 85 90 92 81
17 32 40 65 62 54 57 55 54 63
17 33 42 64 51 54 57 53 57 53
17 34 67 32 36 39 28 35 40 29
17 35 51 51 52 53 49 56 44 42
17 36 1 87 94 92 93 85 92 97
17 37 92 19 18 10 14 13 13 15
17 38 81 23 16 16 18 22 18 16
17 39 46 53 56 48 60 50 46 57
17 40 4 89 92 92 87 93 84 90
17 41 39 55 66 60 65 55 66 54
17 42 47 58 49 56 46 44 58 47
17 43 19 78 78 71 83 79 70 81
17 44 37 60 63 64 63 55 55 66
18 19 39 64 55 51 57 54 62 59
18 20 10 90 83 88 85 76 86 88
18 21 18 74 82 71 77 82 71 78
18 22 75 28 25 22 23 35 27 30
18 23 82 24 19 22 28 21 28 26
18 24 3 84 88 88 89 88 87 92
18 25 50 56 46 43 52 54 57 52
18 26 54 53 41 43 44 42 42 52
18 27 91 15 14 13 13 17 7 12
18 28 30 60 65 63 66 67 66 69
18 29 93 16 10 7 15 19 7 12
18 30 94 5 9 10 16 9 5 13
18 31 13 76 84 79 82 88 79 74
18 32 17 70 80 77 77 71 80 71
18 33 44 52 51 48 61 53 56 57
18 34 11 89 78 86 77 85 83 81
18 35 95 11 10 4 10 12 15 6
18 36 95 10 15 12 13 6 14 13
18 37 73 27 23 32 26 26 35 36
18 38 38 57 66 60 52 66 52 58
18 39 20 80 67 67 73 69 81 68
18 40 74 22 32 36 22 22 27 32
18 41 32 60 60 60 58 57 69 65
18 42 47 52 47 49 51 53 50 46
18 43 56 37 38 48 44 44 36 49
18 44 12 84 86 77 80 80 77 74
19 20 39 52 58 53 65 59 53 64
19 21 37 54 57 57 57 54 58 60
19 22 28 75 68 63 62 64 63 68
19 23 31 63 64 60 59 68 60 72
19 24 64 43 37 42 32 35 34 35
19 25 37 54 58 62 56 61 65 65
19 26 58 47 35 44 44 41 36 40
19 27 15 75 75 72 86 86 83 74
19 28 10 83 86 81 78 86 90 80
19 29 30 64 69 71 61 60 62 73
19 30 13 80 80 79 80 86 74 75
19 31 17 76 83 75 82 76 74 83
19 32 39 59 64 51 54 51 55 59
19 33 8 84 82 80 88 89 90 85
19 34 52 42 54 54 52 53 42 49
19 35 78 26 28 18 26 23 18 19
19 36 3 90 90 86 95 93 93 95
19 37 86 19 11 15 15 21 22 24
19 38 27 71 69 73 73 72 62 66
19 39 73 33 36 26 32 31 24 23
19 40 40 50 61 59 61 56 51 65
19 41 31 59 71 68 68 73 67 67
19 42 96 11 5 3 13 15 8 16
19 43 22 67 77 79 69 77 77 72
19 44 72 32 26 28 24 23 28 36
20 21 8 89 89 86 86 89 83 87
20 22 41 57 62 53 59 52 62 54
20 23 47 59 58 54 59 58 53 57
20 24 44 58 53 53 57 47 58 54
20 25 97 10 10 7 10 3 4 2
20 26 43 51 48 52 54 58 61 51
20 27 91 11 20 15 7 17 22 21
20 28 96 12 6 3 11 4 9 13
20 29 67 37 39 29 36 29 30 39
20 30 40 57 57 63 52 56 61 57
20 31 94 7 14 9 5 7 10 14
20 32 81 22 25 18 25 23 16 15
20 33 88 9 22 22 18 23 14 18
20 34 61 33 34 46 38 46 35 33
20 35 64 34 37 44 34 40 30 39
20 36 16 77 71 76 81 78 71 84
20 37 85 21 26 22 19 26 11 20
20 38 27 66 70 66 67 62 68 62
20 39 88 15 17 14 18 19 24 17
20 40 10 84 90 76 88 85 80 87
20 41 35 64 60 54 67 63 60 61
20 42 28 64 74 73 63 62 74 68
20 43 32 63 66 71 65 67 68 62
20 44 53 51 44 50 47 48 39 46
21 22 5 93 80 83 85 91 94 90
21 23 27 71 65 67 64 68 68 75
21 24 15 77 81 71 78 74 79 81
21 25 41 63 52 54 58 50 63 59
21 26 70 28 33 33 26 29 27 39
21 27 6 80 82 86 84 79 83 84
21 28 83 24 24 20 25 27 23 24
21 29 32 66 61 69 69 70 67 62
21 30 60 35 44 45 47 37 39 40
21 31 57 38 41 47 48 50 48 48
21 32 95 16 4 18 6 16 8 4
21 33 46 52 50 50 54 46 55 50
21 34 95 10 10 5 8 16 14 10
21 35 32 68 59 60 68 65 57 60
21 36 19 83 75 74 76 75 71 68
21 37 65 41 35 44 40 42 32 30
21 38 23 74 72 70 65 77 71 77
21 39 19 72 76 74 78 79 75 80
21 40 88 20 21 14 12 16 14 21
21 41 91 10 16 21 8 21 17 17
21 42 6 81 94 80 86 91 80 83
21 43 47 51 53 57 57 48 57 46
21 44 15 83 75 77 85 86 75 82
22 23 97 12 12 6 14 14 9 2
22 24 82 16 19 15 27 16 24 19
22 25 67 29 37 39 34 35 33 35
22 26 15 83 81 81 82 78 74 82
22 27 1 85 98 97 95 86 85 96
22 28 80 18 16 22 26 26 23 29
22 29 55 50 40 46 46 41 48 49
22 30 27 65 66 69 75 73 75 75
22 31 57 38 46 43 37 41 36 39
22 32 46 48 53 49 47 56 54 58
22 33 10 90 82 82 78 80 85 77
22 34 81 29 28 19 23 19 21 16
22 35 99 14 12 8 5 2 1 8
22 36 59 48 40 44 48 46 48 34
22 37 79 19 30 19 25 20 18 19
22 38 87 22 21 21 20 19 22 25
22 39 57 37 47 38 47 41 39 47
22 40 34 67 58 58 57 66 70 63
22 41 89 9 23 19 20 19 23 22
22 42 39 64 57 51 55 64 53 65
22 43 78 28 23 25 19 29 23 25
22 44 20 72 69 77 72 71 70 81
23 24 53 43 51 48 50 48 47 43
23 25 22 74 78 72 68 66 77 71
23 26 33 66 65 68 60 65 65 61
23 27 51 47 50 53 48 54 47 53
23 28 47 57 49 56 50 51 44 56
23 29 34 65 65 67 68 64 59 68
23 30 12 83 85 88 78 84 79 78
23 31 0 93 93 86 94 90 86 98
23 32 38 64 54 59 62 56 53 67
23 33 35 66 62 55 64 61 68 61
23 34 64 44 31 41 38 35 33 41
23 35 50 47 49 43 50 47 53 50
23 36 72 26 30 28 29 27 30 25
23 37 51 46 52 49 49 51 52 52
23 38 77 24 23 30 33 26 28 28
23 39 0 98 95 88 97 84 93 90
23 40 74 36 33 31 29 35 24 26
23 41 87 11 21 18 25 23 25 14
23 42 15 73 74 75 82 81 73 83
23 43 3 83 92 87 91 90 87 94
23 44 68 36 37 40 40 30 38 41
24 25 16 74 76 76 81 71 76 83
24 26 99 14 9 8 6 9 14 6
24 27 83 17 28 23 25 16 20 25
24 28 70 35 30 26 27 31 39 38
24 29 0 86 89 89 99 94 93 97
24 30 73 34 24 36 28 34 33 25
24 31 35 58 55 69 67 62 66 59
24 32 17 81 78 83 72 73 80 82
24 33 93 14 8 9 16 15 12 19
24 34 53 40 53 48 53 42 46 50
24 35 80 31 21 24 23 23 24 25
24 36 87 15 23 13 11 23 10 19
24 37 43 55 50 62 53 57 57 51
24 38 58 44 50 42 36 42 41 38
24 39 34 62 57 68 67 68 62 66
24 40 58 37 46 37 41 40 44 45
24 41 73 34 31 24 31 23 28 23
24 42 64 41 35 37 33 33 33 34
24 43 88 19 13 24 20 13 17 15
24 44 98 2 2 4 9 9 7 4
25 26 65 37 37 41 42 39 33 36
25 27 69 37 26 37 33 28 35 26
25 28 78 30 21 29 19 23 29 20
25 29 56 43 51 42 49 44 40 42
25 30 35 67 55 57 59 67 69 58
25 31 58 35 48 49 44 40 49 47
25 32 5 92 80 87 95 86 86 93
25 33 73 33 27 26 28 35 30 28
25 34 64 39 34 30 43 30 40 37
25 35 22 78 69 66 72 67 68 76
25 36 90 8 9 18 10 19 14 21
25 37 18 81 69 71 78 77 71 76
25 38 12 86 88 85 83 85 75 87
25 39 69 26 38 37 27 31 39 28
25 40 86 16 20 11 22 12 25 22
25 41 60 43 47 44 38 39 39 37
25 42 78 21 23 22 22 22 20 26
25 43 17 72 80 80 83 76 78 84
25 44 54 52 47 52 48 48 49 39
26 27 62 33 34 45 38 44 34 43
26 28 63 34 35 42 36 35 42 42
26 29 52 41 41 43 43 45 54 47
26 30 40 54 64 62 58 60 54 55
26 31 98 14 2 10 7 8 16 6
26 32 5 81 89 84 89 93 80 83
26 33 19 68 82 71 76 68 74 76
26 34 43 59 52 55 50 57 62 50
26 35 40 64 55 58 65 63 60 63
26 36 44 59 50 60 47 60 53 52
26 37 81 19 19 26 28 28 20 25
26 38 10 79 86 75 79 77 84 84
26 39 40 56 61 64 56 61 65 58
26 40 23 68 78 66 70 77 67 72
26 41 79 18 23 20 27 21 31 28
26 42 94 9 8 16 18 16 5 15
26 43 4 84 89 90 83 93 87 94
26 44 65 39 28 37 35 38 32 36
27 28 86 19 20 17 25 25 17 19
27 29 93 17 7 10 13 5 14 18
27 30 21 74 68 71 79 67 80 78
27 31 88 18 20 17 23 15 12 18
27 32 32 67 57 59 65 59 71 65
27 33 45 52 47 58 51 53 51 53
27 34 46 48 50 52 60 55 52 52
27 35 19 73 72 82 68 70 81 80
27 36 79 20 22 24 24 28 30 20
27 37 79 21 23 26 18 23 26 28
27 38 99 1 10 12 12 12 8 12
27 39 66 33 37 30 39 30 37 40
27 40 68 31 39 28 34 34 30 40
27 41 8 91 79 77 89 83 86 89
27 42 77 21 31 32 31 33 29 20
27 43 29 63 60 69 61 64 64 65
27 44 89 14 20 9 19 18 13 21
28 29 16 77 79 84 71 81 74 83
28 30 75 27 29 20 33 22 32 23
28 31 28 73 61 71 70 71 64 64
28 32 26 68 76 64 65 69 73 73
28 33 11 88 85 78 79 83 87 76
28 34 14 75 79 86 81 78 73 87
28 35 26 77 74 65 70 63 69 74
28 36 99 11 7 8 6 4 4 9
28 37 39 66 63 64 63 57 65 59
28 38 47 46 59 49 58 53 59 47
28 39 8 84 82 89 91 92 91 88
28 40 86 13 20 22 25 12 14 13
28 41 14 74 87 73 82 74 74 80
28 42 17 79 77 72 70 83 81 82
28 43 21 78 68 75 73 71 68 76
28 44 76 21 25 23 28 23 25 29
29 30 78 18 24 31 27 31 20 31
29 31 3 90 92 93 91 91 95 86
29 32 11 87 78 87 81 84 77 80
29 33 36 57 55 56 55 54 58 65
29 34 88 22 23 19 12 20 18 24
29 35 49 57 56 43 43 52 56 55
29 36 32 61 65 62 70 59 57 62
29 37 88 22 13 20 17 15 19 10
29 38 87 21 21 14 25 12 22 13
29 39 76 28 31 27 35 30 30 25
29 40 22 78 79 75 67 78 79 77
29 41 37 59 57 53 56 57 60 56
29 42 35 69 66 61 61 69 67 68
29 43 13 85 77 87 83 79 79 78
29 44 73 32 35 27 34 36 28 29
30 31 97 11 16 5 9 9 5 14
30 32 96 8 16 10 4 5 9 10
30 33 22 77 76 74 74 73 76 68
30 34 8 80 91 82 80 88 79 83
30 35 74 29 27 34 23 25 27 26
30 36 78 32 28 19 22 32 20 23
30 37 91 7 20 19 12 10 8 9
30 38 14 75 87 75 86 81 86 82
30 39 7 80 92 86 85 90 84 83
30 40 90 8 19 10 10 13 16 20
30 41 58 38 41 49 47 47 38 38
30 42 97 11 12 15 2 6 11 8
30 43 97 11 14 4 13 6 6 2
30 44 6 92 94 87 87 86 88 86
31 32 24 68 77 77 67 77 74 70
31 33 36 61 65 61 66 65 65 63
31 34 74 23 26 27 28 33 22 26
31 35 96 5 7 9 17 14 5 8
31 36 3 87 89 86 96 88 93 93
31 37 84 25 19 26 15 13 17 21
31 38 70 32 28 37 29 34 33 28
31 39 54 50 48 43 40 53 46 43
31 40 29 67 67 64 70 65 65 64
31 41 79 26 27 31 29 30 21 31
31 42 71 39 35 30 37 36 32 36
31 43 64 33 30 40 33 42 42 36
31 44 47 49 55 48 47 51 54 44
32 33 83 16 27 23 24 22 19 21
32 34 44 49 50 58 49 56 52 54
32 35 23 64 66 75 65 79 79 67
32 36 98 2 11 14 4 8 5 6
32 37 47 57 55 50 56 47 51 58
32 38 71 34 28 31 37 36 33 32
32 39 68 28 41 40 27 35 33 35
32 40 83 15 25 20 19 22 15 22
32 41 3 85 85 95 84 96 91 91
32 42 39 59 60 61 60 61 63 53
32 43 60 47 34 46 34 44 43 34
32 44 54 52 47 44 45 45 52 51
33 34 56 51 48 51 48 50 39 40
33 35 62 35 37 37 37 40 46 38
33 36 53 50 39 44 44 41 52 47
33 37 25 76 73 74 75 70 72 75
33 38 39 58 52 51 65 65 56 59
33 39 44 53 49 52 53 47 49 61
33 40 30 63 69 70 63 61 73 72
33 41 93 17 18 9 10 6 17 15
33 42 59 48 40 39 46 42 35 39
33 43 68 28 41 30 37 40 32 40
33 44 59 38 41 36 45 34 36 44
34 35 8 83 91 88 82 88 84 80
34 36 84 15 25 19 13 14 13 14
34 37 28 66 65 63 73 63 71 63
34 38 96 17 10 8 17 15 9 10
34 39 0 97 95 96 99 93 90 96
34 40 83 23 21 19 18 25 27 16
34 41 91 10 14 9 7 8 11 10
34 42 95 18 8 15 10 5 11 8
34 43 67 35 35 34 28 38 41 38
34 44 40 56 57 56 61 61 57 65
35 36 52 51 45 54 43 45 49 54
35 37 63 32 32 34 35 42 40 41
35 38 16 83 72 81 81 76 85 72
35 39 90 12 8 20 12 19 9 12
35 40 24 76 75 78 71 65 66 65
35 41 59 49 39 44 45 48 37 46
35 42 13 77 74 82 73 74 75 76
35 43 59 40 40 46 45 40 49 42
35 44 52 47 42 40 44 50 43 54
36 37 8 86 86 91 79 90 79 78
36 38 81 29 24 29 19 16 18 17
36 39 53 43 40 39 44 46 52 41
36 40 59 35 44 48 49 45 39 38
36 41 16 78 80 77 83 85 74 81
36 42 13 88 86 74 76 79 87 82
36 43 22 78 75 71 70 65 69 73
36 44 95 14 7 13 17 12 11 6
37 38 17 74 81 70 79 73 73 72
37 39 54 43 46 46 43 43 38 42
37 40 68 39 37 41 27 39 31 39
37 41 16 83 72 75 79 83 77 72
37 42 59 39 45 45 40 45 49 40
37 43 65 44 41 35 40 32 43 42
37 44 59 41 46 46 35 37 48 40
38 39 6 89 82 92 80 85 88 89
38 40 91 20 18 11 18 13 11 8
38 41 65 37 36 43 40 44 33 41
38 42 78 27 25 18 19 29 30 18
38 43 48 51 46 49 44 54 48 52
38 44 5 86 87 80 82 83 93 85
39 40 70 39 34 26 32 31 27 31
39 41 77 20 19 24 19 30 24 21
39 42 47 49 58 59 53 49 49 46
39 43 65 40 31 39 38 37 31 37
39 44 40 57 57 61 54 57 64 63
40 41 66 39 39 32 32 36 38 31
40 42 39 56 59 61 55 57 62 51
40 43 33 64 70 65 67 58 57 67
40 44 59 37 41 39 43 40 43 39
41 42 11 82 75 87 90 76 77 89
41 43 12 77 79 85 89 84 82 74
41 44 48 50 45 52 48 55 50 56
42 43 2 89 88 89 83 93 87 84
42 44 33 60 68 59 58 64 70 58
43 44 66 34 41 36 37 43 38 34
