50 8
0.166667 0.166667 0.166667 0.166667 0.166667 0.166667 0.0 0.0 
0 1 86 23 19 13 13 23 18 20
0 2 96 9 7 7 11 14 14 17
0 3 49 48 51 47 51 57 46 57
0 4 74 29 33 35 25 35 29 26
0 5 6 89 93 82 84 83 82 84
0 6 62 41 45 40 40 34 34 41
0 7 89 17 15 21 13 19 18 9
0 8 67 30 32 28 35 34 42 38
0 9 20 76 82 71 74 69 79 70
0 10 51 50 42 44 46 43 46 49
0 11 68 40 33 36 38 37 39 36
0 12 27 68 74 67 72 62 75 73
0 13 99 11 2 13 7 6 4 4
0 14 77 27 32 21 27 23 29 25
0 15 97 2 8 16 4 9 13 17
0 16 6 85 85 80 79 87 80 92
0 17 5 94 82 81 80 82 92 83
0 18 54 40 43 51 52 44 47 45
0 19 78 29 27 31 31 20 31 20
0 20 39 66 55 61 54 52 51 59
0 21 17 79 73 83 82 76 77 81
0 22 73 33 34 30 29 23 26 23
0 23 55 49 50 42 41 43 43 48
0 24 82 16 17 21 24 25 24 21
0 25 17 75 79 70 83 73 70 79
0 26 42 58 50 61 61 58 54 49
0 27 40 54 54 52 56 63 61 62
0 28 66 37 32 29 28 36 31 30
0 29 56 47 47 49 42 39 50 50
0 30 35 68 56 66 65 63 68 67
0 31 52 50 45 41 46 40 47 54
0 32 75 22 32 21 29 22 33 29
0 33 40 61 57 63 52 52 53 60
0 34 56 41 45 38 43 46 47 40
0 35 41 52 58 61 54 51 56 63
0 36 39 62 57 53 63 59 53 53
0 37 26 77 74 65 70 64 69 69
0 38 97 16 16 2 11 13 12 14
0 39 98 11 5 7 5 2 15 2
0 40 1 98 93 90 94 85 87 90
0 41 21 70 66 80 68 76 71 77
0 42 10 80 85 89 89 78 82 87
0 43 10 79 84 87 78 82 77 81
0 44 33 68 59 61 65 68 68 63
0 45 18 73 73 78 73 75 84 70
0 46 31 68 66 72 64 69 73 62
0 47 2 91 82 97 86 91 96 94
0 48 68 41 30 27 32 37 40 28
0 49 30 59 59 65 67 64 67 61
1 2 80 23 18 29 31 18 28 29
1 3 23 74 69 71 72 71 67 76
1 4 32 67 72 72 71 68 66 64
1 5 90 16 18 17 16 21 19 20
1 6 97 3 11 12 7 10 15 13
1 7 94 17 10 16 16 7 6 18
1 8 44 49 57 47 53 47 60 50
1 9 39 53 64 57 56 64 51 59
1 10 83 22 18 24 18 17 28 20
1 11 43 49 49 55 49 50 53 57
1 12 40 60 57 56 57 58 64 51
1 13 8 89 89 88 81 85 92 90
1 14 27 67 66 71 75 68 62 68
1 15 75 32 29 34 34 28 25 26
1 16 10 76 90 78 89 88 79 82
1 17 57 45 38 40 42 48 42 43
1 18 36 64 57 57 65 56 59 56
1 19 43 55 62 56 54 50 57 48
1 20 29 74 63 61 72 70 63 72
1 21 21 77 67 81 80 72 81 71
1 22 76 31 24 26 27 23 29 28
1 23 86 15 15 13 21 22 26 19
1 24 25 64 77 65 68 78 69 63
1 25 40 58 60 56 57 62 57 58
1 26 3 87 93 96 92 90 90 94
1 27 2 96 86 96 92 91 87 92
1 28 54 45 38 45 39 44 39 48
1 29 41 57 53 59 56 56 55 59
1 30 52 44 55 46 45 44 46 53
1 31 45 53 47 53 59 57 50 57
1 32 75 32 21 22 32 29 24 24
1 33 12 82 79 77 82 85 80 78
1 34 61 34 32 33 33 35 44 43
1 35 15 82 81 82 79 78 78 83
1 36 63 37 40 39 44 42 32 37
1 37 36 64 66 58 58 65 54 54
1 38 39 65 64 63 58 53 63 52
1 39 83 22 26 16 28 19 16 23
1 40 66 31 38 32 35 38 35 33
1 41 86 16 12 25 25 13 17 23
1 42 49 52 55 47 53 56 47 54
1 43 78 25 21 26 30 28 27 19
1 44 75 27 27 32 36 27 32 32
1 45 4 86 85 89 85 85 88 90
1 46 96 7 12 4 12 5 6 3
1 47 8 83 81 84 84 82 87 85
1 48 67 37 38 28 31 36 31 30
1 49 36 68 62 58 63 68 60 60
2 3 23 77 79 70 67 66 65 77
2 4 53 51 48 39 54 48 40 47
2 5 10 90 85 83 88 85 87 87
2 6 15 79 80 75 85 75 77 83
2 7 29 68 68 67 74 60 65 64
2 8 74 28 30 27 32 29 30 31
2 9 82 27 27 18 20 26 17 25
2 10 96 10 13 13 16 5 3 12
2 11 17 70 71 70 73 72 76 84
2 12 64 41 40 30 33 42 31 37
2 13 99 1 2 3 13 3 5 1
2 14 26 70 69 75 69 75 72 67
2 15 34 62 59 58 61 62 56 66
2 16 62 32 36 39 46 41 45 41
2 17 15 73 79 73 80 79 85 82
2 18 28 61 70 66 66 70 61 67
2 19 22 72 76 74 78 70 70 67
2 20 66 33 31 41 30 28 30 36
2 21 82 24 23 21 23 26 27 18
2 22 40 52 57 59 59 57 52 57
2 23 79 26 21 17 18 21 28 27
2 24 2 96 89 91 89 90 86 96
2 25 53 43 52 45 51 53 43 54
2 26 84 17 22 27 15 26 13 16
2 27 87 17 22 20 22 25 23 24
2 28 67 33 35 30 42 29 36 42
2 29 73 36 37 24 29 30 24 26
2 30 56 49 40 46 39 40 45 44
2 31 11 77 81 84 88 81 85 87
2 32 86 17 21 15 13 18 16 13
2 33 31 65 67 69 64 60 64 63
2 34 74 23 33 26 22 22 31 30
2 35 93 16 10 11 13 11 18 19
2 36 94 18 5 5 9 15 18 15
2 37 94 19 16 12 14 19 6 5
2 38 67 41 37 42 35 34 40 34
2 39 11 77 84 85 89 85 84 78
2 40 4 87 91 94 94 83 91 94
2 41 45 48 49 50 54 48 52 58
2 42 69 29 40 35 31 30 26 36
2 43 69 26 29 34 36 32 39 32
2 44 58 43 48 43 38 43 45 49
2 45 71 29 24 32 28 35 37 35
2 46 89 13 17 23 16 19 11 16
2 47 62 44 40 36 32 32 37 45
2 48 74 23 25 31 29 29 32 27
2 49 44 60 56 61 53 51 54 50
3 4 88 15 20 12 18 17 16 10
3 5 43 57 56 56 55 60 57 55
3 6 86 15 20 24 24 22 11 20
3 7 89 16 18 12 10 20 17 15
3 8 18 71 81 72 81 75 83 71
3 9 10 89 85 85 81 87 87 79
3 10 62 37 36 38 41 38 32 34
3 11 69 39 35 30 40 29 36 26
3 12 7 80 92 87 86 93 85 83
3 13 74 33 29 33 25 29 35 36
3 14 89 21 16 21 21 10 23 20
3 15 31 64 65 72 60 63 65 70
3 16 12 80 76 84 85 83 77 81
3 17 24 67 68 77 68 74 75 71
3 18 3 90 92 93 92 83 86 83
3 19 44 52 53 48 61 58 61 60
3 20 0 95 94 92 87 99 91 98
3 21 85 16 13 14 24 14 27 20
3 22 77 26 33 24 27 22 28 30
3 23 18 79 72 79 71 77 77 79
3 24 5 89 88 85 88 89 82 89
3 25 21 78 77 79 71 79 67 78
3 26 27 67 75 65 73 74 67 67
3 27 40 64 60 58 51 56 65 60
3 28 43 54 48 55 56 55 52 52
3 29 44 54 59 57 56 56 49 49
3 30 8 86 83 85 88 79 84 91
3 31 47 48 57 44 57 54 56 59
3 32 35 66 65 66 69 67 66 69
3 33 34 59 69 70 66 70 59 63
3 34 52 44 50 53 49 46 51 43
3 35 48 57 45 49 49 48 47 46
3 36 64 42 34 44 45 30 30 32
3 37 57 38 36 49 42 50 44 46
3 38 81 16 24 20 19 22 25 23
3 39 7 85 78 87 84 79 80 81
3 40 12 87 79 83 88 88 83 80
3 41 20 69 74 76 79 79 70 78
3 42 23 69 69 72 71 70 72 74
3 43 14 85 73 74 87 76 74 73
3 44 22 71 76 73 75 70 74 81
3 45 44 49 51 49 49 58 52 52
3 46 17 71 85 78 82 79 72 75
3 47 74 35 35 28 32 32 28 27
3 48 48 56 54 47 56 56 43 53
3 49 30 68 61 70 60 62 67 69
4 5 29 64 63 72 70 60 69 72
4 6 71 31 29 31 35 24 34 24
4 7 67 34 33 28 32 36 32 27
4 8 11 83 81 76 81 80 87 82
4 9 42 54 58 48 53 59 52 56
4 10 44 52 54 47 61 57 52 60
4 11 25 71 77 78 66 71 65 64
4 12 80 31 20 29 17 20 18 25
4 13 53 50 42 47 47 52 40 42
4 14 76 31 30 23 24 33 33 34
4 15 91 7 9 20 14 10 15 12
4 16 74 32 34 31 28 22 35 31
4 17 74 31 21 26 23 34 29 33
4 18 32 70 71 70 58 65 60 66
4 19 91 20 17 16 11 22 16 14
4 20 83 16 22 21 27 15 25 15
4 21 85 15 15 22 15 14 21 23
4 22 28 74 70 72 75 69 70 67
4 23 20 78 77 71 79 70 79 76
4 24 3 82 89 95 93 90 85 93
4 25 59 43 44 35 39 41 46 36
4 26 84 14 16 27 23 18 22 20
4 27 96 4 8 4 9 14 10 16
4 28 69 37 27 35 36 36 35 30
4 29 30 60 59 68 64 60 70 67
4 30 36 61 61 54 66 68 61 55
4 31 49 46 46 46 48 49 54 50
4 32 58 38 36 47 35 43 40 42
4 33 18 72 69 76 70 75 78 72
4 34 28 64 61 63 67 74 65 66
4 35 48 43 51 50 48 53 45 49
4 36 19 79 81 83 75 68 77 74
4 37 53 42 40 50 54 41 46 53
4 38 37 55 57 58 60 57 58 57
4 39 53 50 42 40 49 52 47 42
4 40 87 21 17 16 16 11 15 15
4 41 86 14 11 23 16 23 17 25
4 42 77 25 28 26 32 20 33 27
4 43 25 64 68 71 65 77 73 71
4 44 25 65 77 65 72 69 72 68
4 45 28 66 67 68 64 64 69 65
4 46 25 69 65 75 70 64 70 72
4 47 27 64 65 70 68 66 67 73
4 48 66 41 31 28 41 37 34 39
4 49 47 58 52 45 45 51 48 48
5 6 3 91 83 91 89 95 93 86
5 7 99 8 4 9 5 10 0 14
5 8 49 44 46 46 47 44 44 50
5 9 31 62 65 69 67 66 63 67
5 10 16 71 76 82 80 75 79 76
5 11 11 79 88 86 78 83 80 88
5 12 50 47 45 49 52 50 46 55
5 13 65 34 43 33 39 37 31 31
5 14 49 47 47 53 49 55 53 46
5 15 21 79 80 69 81 70 72 76
5 16 1 92 87 88 98 95 85 96
5 17 15 75 73 74 73 78 74 75
5 18 4 89 94 95 84 93 92 87
5 19 24 68 74 70 68 75 70 65
5 20 52 49 51 49 46 49 40 40
5 21 9 87 78 81 78 78 87 80
5 22 16 85 77 76 85 76 77 72
5 23 13 87 86 83 76 79 76 77
5 24 15 72 86 75 83 73 82 79
5 25 33 66 58 57 60 62 57 63
5 26 28 62 75 70 67 63 64 74
5 27 63 45 33 36 33 30 41 42
5 28 47 55 54 45 57 54 46 56
5 29 64 37 41 36 39 41 41 38
5 30 6 84 82 92 85 90 80 89
5 31 35 68 57 60 59 65 56 68
5 32 83 24 26 26 17 16 24 19
5 33 66 33 33 36 40 43 34 36
5 34 15 80 83 82 79 78 79 82
5 35 35 64 66 58 63 54 61 56
5 36 16 77 72 78 86 75 72 75
5 37 26 66 72 67 74 62 66 76
5 38 25 72 75 69 67 66 72 69
5 39 63 45 41 39 37 39 40 36
5 40 4 92 86 86 83 83 92 95
5 41 71 36 27 24 26 34 34 35
5 42 59 44 48 43 40 48 42 35
5 43 98 12 15 3 3 2 12 4
5 44 89 14 9 23 14 9 15 21
5 45 1 97 86 87 88 84 93 88
5 46 88 15 20 18 18 12 12 23
5 47 32 70 62 58 70 57 67 58
5 48 75 35 26 27 34 21 29 26
5 49 7 85 86 87 93 78 90 86
6 7 41 58 56 63 63 54 57 60
6 8 28 65 64 64 66 74 71 72
6 9 57 38 41 41 37 38 49 48
6 10 21 76 72 81 69 77 78 68
6 11 6 91 88 84 93 90 89 87
6 12 1 98 84 92 91 90 92 93
6 13 98 4 5 12 8 1 4 3
6 14 64 38 33 31 36 33 39 45
6 15 47 58 50 58 52 45 48 50
6 16 25 66 65 66 63 67 63 71
6 17 93 6 14 6 7 13 19 13
6 18 10 81 80 89 87 87 84 89
6 19 33 63 64 62 60 70 67 62
6 20 64 37 41 43 40 37 34 40
6 21 19 81 69 79 68 68 71 79
6 22 77 29 33 24 24 27 29 31
6 23 78 28 18 22 26 29 28 30
6 24 82 27 16 23 25 26 27 20
6 25 46 46 50 59 55 55 53 59
6 26 57 49 48 50 47 41 50 42
6 27 10 90 85 90 82 82 83 83
6 28 98 11 8 6 15 6 15 10
6 29 93 17 15 12 11 9 8 16
6 30 57 46 45 43 46 45 44 43
6 31 25 73 63 77 70 70 73 63
6 32 95 8 10 6 12 10 18 15
6 33 87 13 21 18 21 21 22 17
6 34 52 50 48 52 42 55 49 45
6 35 73 24 37 23 35 31 24 37
6 36 88 23 15 22 12 13 20 13
6 37 64 36 43 43 35 37 41 39
6 38 52 44 54 49 53 40 51 55
6 39 95 7 14 8 11 6 11 4
6 40 27 65 69 73 76 62 72 66
6 41 49 53 46 48 50 47 53 43
6 42 18 81 72 77 82 80 84 75
6 43 31 69 69 62 72 73 68 61
6 44 20 72 73 70 75 71 74 78
6 45 17 77 74 72 76 74 82 80
6 46 37 67 54 65 64 65 58 62
6 47 75 22 24 30 28 33 25 28
6 48 91 21 10 14 14 8 17 12
6 49 54 46 50 41 52 46 38 38
7 8 3 83 86 94 85 96 86 86
7 9 61 39 42 37 43 37 34 38
7 10 79 19 28 18 21 31 20 19
7 11 94 8 16 18 8 13 19 14
7 12 5 92 85 81 86 83 93 87
7 13 42 50 55 61 57 57 53 58
7 14 63 46 32 35 42 38 42 39
7 15 59 40 41 46 44 43 41 46
7 16 30 71 62 61 63 62 65 65
7 17 26 68 69 63 68 73 65 76
7 18 18 77 77 72 80 70 77 75
7 19 21 68 69 69 77 69 76 77
7 20 28 66 70 68 68 73 73 74
7 21 77 26 23 28 24 26 22 27
7 22 92 10 15 17 9 19 12 15
7 23 9 86 89 77 77 79 84 80
7 24 10 85 81 80 87 84 87 78
7 25 74 36 24 22 23 33 22 24
7 26 40 64 60 50 63 50 51 55
7 27 57 38 42 45 50 37 41 45
7 28 90 8 9 21 15 12 18 12
7 29 74 24 27 22 22 31 31 33
7 30 39 53 61 62 55 64 62 66
7 31 91 20 12 12 11 14 15 11
7 32 74 29 36 28 31 36 32 30
7 33 34 55 69 62 58 66 65 69
7 34 78 21 33 26 19 31 22 24
7 35 50 53 53 55 44 50 49 56
7 36 92 11 20 20 10 10 17 15
7 37 73 35 35 24 24 29 34 31
7 38 49 52 46 48 52 48 44 45
7 39 96 16 4 3 7 4 6 6
7 40 72 26 36 27 27 27 34 32
7 41 13 75 86 76 74 78 78 73
7 42 76 33 32 24 30 19 31 27
7 43 78 24 20 32 21 27 23 19
7 44 26 73 65 75 67 76 70 76
7 45 9 79 89 83 79 83 90 81
7 46 73 24 36 33 27 24 31 25
7 47 3 95 88 96 96 91 85 84
7 48 93 9 13 13 6 14 7 9
7 49 34 59 63 68 63 67 57 66
8 9 40 56 53 59 63 57 63 60
8 10 25 75 68 68 66 74 65 69
8 11 9 82 80 88 88 88 84 80
8 12 35 57 60 66 68 61 59 57
8 13 55 43 47 41 43 52 51 44
8 14 34 67 60 55 67 61 61 66
8 15 88 19 10 11 14 21 10 20
8 16 91 8 8 18 16 20 19 14
8 17 4 87 81 96 91 82 84 84
8 18 98 6 9 8 15 5 3 12
8 19 74 32 25 22 30 22 31 24
8 20 84 18 18 21 26 24 15 17
8 21 24 68 78 71 76 71 73 78
8 22 89 18 19 19 10 10 12 20
8 23 87 23 20 21 20 13 20 12
8 24 13 80 74 87 79 84 81 82
8 25 65 43 35 31 32 41 40 37
8 26 20 81 77 80 67 74 80 71
8 27 98 6 1 9 9 2 2 12
8 28 88 20 11 20 17 20 23 16
8 29 23 78 79 71 76 66 66 77
8 30 15 80 78 81 82 86 82 72
8 31 44 54 50 55 55 49 55 57
8 32 82 16 21 16 25 26 28 22
8 33 83 21 26 28 14 25 15 29
8 34 18 80 80 83 83 74 82 75
8 35 78 21 18 27 18 19 31 25
8 36 80 27 30 17 23 23 31 18
8 37 20 81 78 68 80 68 73 73
8 38 27 69 75 74 73 66 70 64
8 39 97 7 10 14 7 2 3 16
8 40 3 93 87 89 97 95 86 86
8 41 1 98 85 84 93 96 94 95
8 42 35 61 66 60 60 64 59 69
8 43 90 22 8 8 16 16 11 18
8 44 6 80 81 83 88 86 81 84
8 45 61 47 39 42 34 43 42 37
8 46 54 47 47 53 51 47 41 47
8 47 87 21 11 12 12 13 14 16
8 48 83 23 15 14 13 14 23 13
8 49 34 65 65 60 67 68 60 62
9 10 49 46 50 52 49 47 53 54
9 11 35 55 56 61 60 64 55 64
9 12 3 87 83 95 89 87 82 90
9 13 43 57 50 60 56 59 62 49
9 14 14 73 79 84 84 74 78 76
9 15 38 62 56 55 53 60 59 65
9 16 89 18 20 19 17 22 9 12
9 17 31 69 58 59 64 63 64 67
9 18 87 14 10 21 19 15 14 11
9 19 88 15 19 20 23 23 22 15
9 20 97 5 15 6 15 3 13 11
9 21 41 62 52 63 56 60 52 52
9 22 87 20 13 11 21 12 13 22
9 23 82 16 24 18 24 27 19 15
9 24 0 91 96 95 97 85 93 86
9 25 75 31 22 34 34 28 34 22
9 26 66 36 29 32 28 35 40 38
9 27 35 67 58 60 55 60 58 59
9 28 40 64 54 58 64 57 65 59
9 29 29 69 73 69 60 66 68 65
9 30 61 33 44 41 43 46 33 42
9 31 19 73 68 76 76 79 72 82
9 32 67 35 29 34 37 35 41 40
9 33 8 90 89 88 92 78 77 83
9 34 93 16 8 17 15 11 6 15
9 35 57 47 39 43 50 37 39 43
9 36 73 22 25 25 32 29 28 34
9 37 50 44 55 48 51 42 55 43
9 38 87 21 15 21 20 11 17 19
9 39 73 25 25 35 28 35 30 34
9 40 91 9 12 18 13 18 15 14
9 41 22 77 79 74 65 77 77 75
9 42 17 71 84 78 70 76 80 77
9 43 42 59 54 58 62 49 56 55
9 44 46 58 48 57 53 52 45 56
9 45 10 90 90 90 88 80 85 84
9 46 33 58 61 69 63 68 71 60
9 47 33 65 62 61 61 56 67 66
9 48 58 39 46 37 36 49 36 36
9 49 26 66 66 64 76 64 75 62
10 11 19 71 76 72 73 71 80 82
10 12 48 50 50 46 52 56 48 52
10 13 33 63 66 57 64 65 62 70
10 14 23 69 71 79 70 76 65 77
10 15 21 76 81 70 78 81 74 71
10 16 92 9 20 20 19 19 16 21
10 17 80 24 25 29 18 25 18 17
10 18 20 78 79 70 81 70 71 74
10 19 49 50 56 47 57 56 43 48
10 20 87 21 22 14 13 22 23 18
10 21 84 14 22 20 19 14 28 24
10 22 26 71 69 63 68 64 65 69
10 23 68 39 33 32 39 33 30 29
10 24 91 17 14 14 20 12 7 8
10 25 1 92 91 85 89 96 89 94
10 26 89 11 17 20 12 13 22 12
10 27 69 25 31 25 34 38 28 32
10 28 96 11 11 8 6 10 13 7
10 29 88 22 14 11 24 21 24 12
10 30 0 96 86 95 94 86 92 89
10 31 36 54 67 61 66 56 56 65
10 32 29 72 72 63 71 68 70 65
10 33 74 30 33 29 25 33 22 24
10 34 51 46 45 54 41 55 44 46
10 35 69 28 28 39 40 30 29 28
10 36 23 74 71 75 76 70 69 67
10 37 61 34 42 35 38 44 40 46
10 38 73 23 36 34 37 33 25 37
10 39 24 74 78 68 78 64 71 75
10 40 98 14 13 2 1 11 15 10
10 41 85 25 21 13 27 19 21 12
10 42 64 32 30 36 32 34 34 38
10 43 62 41 36 32 32 46 45 40
10 44 86 20 21 18 12 23 12 23
10 45 92 19 21 9 17 19 10 9
10 46 54 48 46 38 44 52 44 40
10 47 83 18 27 27 20 27 15 17
10 48 41 64 53 54 59 54 59 51
10 49 4 85 90 83 83 86 94 94
11 12 21 70 77 76 69 77 70 68
11 13 40 60 57 56 55 62 54 65
11 14 25 74 75 64 75 74 66 66
11 15 37 57 62 59 61 55 62 60
11 16 25 74 71 75 71 74 71 66
11 17 76 27 28 23 34 21 24 21
11 18 38 59 59 60 58 53 53 54
11 19 43 53 48 49 51 55 52 57
11 20 9 89 89 81 81 77 82 81
11 21 3 90 84 93 92 92 92 83
11 22 68 39 26 35 33 26 40 28
11 23 21 81 69 70 72 75 71 75
11 24 14 72 76 81 82 78 81 84
11 25 98 2 13 13 5 2 11 7
11 26 49 48 49 47 47 53 49 45
11 27 65 29 32 43 41 37 36 31
11 28 14 72 77 78 82 76 81 77
11 29 87 17 24 14 24 19 13 20
11 30 20 76 69 77 72 79 71 79
11 31 88 11 13 12 20 10 21 10
11 32 87 15 11 12 18 12 10 21
11 33 51 47 47 48 51 46 49 54
11 34 3 93 95 92 92 86 89 92
11 35 43 59 53 54 53 49 62 54
11 36 79 30 22 28 17 24 24 19
11 37 43 59 55 59 57 61 53 55
11 38 37 60 54 65 60 58 67 61
11 39 58 47 47 43 49 36 39 38
11 40 42 56 52 62 54 50 63 51
11 41 8 82 88 81 84 77 85 85
11 42 54 49 47 41 43 39 44 39
11 43 88 16 22 19 20 13 15 12
11 44 25 68 65 65 66 71 72 68
11 45 18 78 74 78 76 70 71 76
11 46 37 61 60 63 61 67 64 63
11 47 82 26 16 15 18 25 18 25
11 48 61 46 38 45 35 36 32 45
11 49 44 54 61 47 60 48 48 53
12 13 27 74 75 62 65 71 68 69
12 14 79 31 30 19 19 26 20 25
12 15 79 25 21 21 21 30 31 24
12 16 99 14 12 3 10 14 15 4
12 17 95 17 6 4 8 4 12 11
12 18 21 78 79 77 70 79 75 77
12 19 74 23 34 23 31 27 31 26
12 20 30 68 70 65 70 72 61 66
12 21 18 82 80 78 78 79 84 72
12 22 32 65 70 69 58 61 68 70
12 23 50 53 48 44 47 55 49 49
12 24 62 32 44 43 34 43 31 39
12 25 73 28 23 26 33 30 29 31
12 26 2 86 85 85 95 87 88 87
12 27 27 76 73 75 70 66 74 66
12 28 97 10 12 4 15 12 5 5
12 29 89 22 19 20 16 13 23 9
12 30 26 72 73 70 76 73 71 75
12 31 80 29 30 29 25 31 21 18
12 32 28 74 72 64 63 63 73 69
12 33 46 53 54 54 52 47 53 59
12 34 76 34 27 26 26 34 21 22
12 35 87 17 20 12 16 24 18 25
12 36 91 16 12 11 21 21 16 11
12 37 85 23 16 16 20 21 23 13
12 38 51 52 47 49 49 41 42 53
12 39 30 64 67 70 66 65 71 61
12 40 50 43 49 44 46 51 56 44
12 41 53 53 45 43 43 49 41 44
12 42 41 61 60 55 50 56 63 55
12 43 57 47 45 46 46 45 47 38
12 44 89 14 11 17 23 19 23 9
12 45 11 86 84 80 85 85 87 79
12 46 29 75 65 69 71 70 69 67
12 47 17 70 77 79 72 76 78 71
12 48 61 45 36 42 38 47 36 46
12 49 63 36 46 43 44 44 36 33
13 14 16 84 78 83 79 78 82 81
13 15 37 54 54 60 53 65 54 57
13 16 48 57 44 55 51 55 44 46
13 17 23 66 73 68 65 79 72 77
13 18 42 63 59 64 59 62 57 56
13 19 73 33 36 29 25 23 25 31
13 20 30 64 71 60 61 71 69 65
13 21 31 66 65 67 62 64 61 67
13 22 64 42 36 32 44 34 44 35
13 23 7 80 92 85 93 86 92 91
13 24 10 88 82 83 76 82 86 84
13 25 65 37 34 38 37 42 35 31
13 26 80 18 28 27 19 28 29 18
13 27 92 7 21 12 18 16 10 14
13 28 4 95 94 93 89 93 81 92
13 29 79 26 28 18 27 18 18 24
13 30 97 6 9 6 12 2 8 12
13 31 64 42 41 31 42 31 31 32
13 32 97 9 13 5 2 6 2 15
13 33 28 63 61 74 71 74 60 74
13 34 69 29 34 39 40 28 29 39
13 35 41 63 50 55 60 54 49 56
13 36 84 14 25 17 17 21 15 26
13 37 42 60 54 54 55 56 55 51
13 38 15 82 77 85 74 86 76 82
13 39 10 88 80 83 82 85 86 85
13 40 93 12 10 8 19 16 6 10
13 41 33 66 59 69 61 68 62 57
13 42 42 57 52 50 50 56 58 48
13 43 68 40 35 40 34 26 39 40
13 44 52 40 46 49 45 49 48 44
13 45 6 91 89 83 79 83 84 85
13 46 22 67 76 76 68 79 72 77
13 47 47 58 59 52 56 45 59 54
13 48 1 98 86 96 93 85 89 84
13 49 77 19 30 20 25 23 29 24
14 15 50 55 50 56 52 48 51 50
14 16 27 72 74 69 72 74 71 70
14 17 65 32 36 30 32 34 33 29
14 18 57 42 42 50 41 40 41 45
14 19 55 38 51 38 52 37 43 52
14 20 15 72 80 79 81 76 83 76
14 21 71 37 35 28 29 38 26 37
14 22 73 23 33 24 22 36 33 28
14 23 86 22 14 17 21 14 13 20
14 24 51 52 43 47 45 47 44 54
14 25 66 42 37 43 31 42 32 38
14 26 70 29 28 33 28 25 25 28
14 27 66 36 36 35 30 38 40 37
14 28 7 89 91 90 90 89 91 92
14 29 24 64 67 76 69 70 71 67
14 30 29 68 64 62 72 67 62 63
14 31 57 40 46 38 47 40 49 40
14 32 33 65 67 66 59 66 61 67
14 33 71 35 30 30 32 24 33 31
14 34 68 27 30 38 38 41 27 27
14 35 34 59 61 56 59 55 58 62
14 36 61 40 46 33 43 35 37 36
14 37 23 76 67 71 79 77 80 73
14 38 99 8 10 4 5 2 6 4
14 39 85 22 12 19 25 13 13 23
14 40 97 12 3 16 2 11 7 4
14 41 83 21 15 19 23 15 25 28
14 42 10 89 88 84 83 76 78 77
14 43 34 61 61 66 69 68 69 65
14 44 76 20 32 25 26 33 31 29
14 45 36 64 63 66 60 58 63 61
14 46 48 53 55 58 44 44 50 48
14 47 41 55 53 54 57 61 59 62
14 48 34 67 68 68 56 68 58 60
14 49 86 20 19 22 24 12 19 18
15 16 68 37 32 31 28 29 41 37
15 17 25 76 70 77 69 72 64 74
15 18 93 20 14 16 11 18 18 12
15 19 21 75 72 80 67 80 72 76
15 20 64 38 31 31 43 41 37 39
15 21 13 80 85 76 86 78 85 81
15 22 81 27 30 22 18 16 26 19
15 23 52 47 50 49 41 43 45 40
15 24 33 62 57 61 71 57 66 69
15 25 87 23 20 13 16 20 12 11
15 26 73 24 37 28 34 32 31 34
15 27 85 21 23 14 21 22 23 18
15 28 27 67 75 64 71 66 65 70
15 29 2 85 83 96 83 93 93 93
15 30 65 34 35 30 34 43 42 36
15 31 87 15 12 14 23 21 12 19
15 32 10 80 79 79 80 88 87 89
15 33 52 46 53 47 51 44 47 40
15 34 23 77 67 70 76 73 72 69
15 35 79 29 17 18 28 30 26 25
15 36 21 71 79 67 76 69 77 74
15 37 84 18 23 26 18 15 18 26
15 38 39 51 66 64 63 56 62 51
15 39 55 41 45 44 43 43 42 52
15 40 26 68 64 76 69 66 75 76
15 41 78 22 27 26 23 30 29 24
15 42 47 52 47 46 51 51 51 48
15 43 8 85 78 77 79 81 78 81
15 44 92 20 15 9 14 7 16 7
15 45 82 26 17 20 18 15 19 22
15 46 90 19 11 13 20 9 12 11
15 47 24 67 77 70 65 64 75 69
15 48 58 35 42 48 47 47 35 37
15 49 42 61 56 55 60 50 60 50
16 17 87 18 18 16 15 20 15 19
16 18 11 79 78 85 77 88 85 76
16 19 16 72 86 76 84 80 84 77
16 20 96 16 6 17 12 5 9 8
16 21 7 90 83 92 80 83 90 81
16 22 73 27 26 37 36 29 28 26
16 23 52 52 49 43 53 42 44 49
16 24 5 90 84 91 85 92 93 94
16 25 20 77 72 68 80 72 69 71
16 26 3 93 91 87 87 82 90 83
16 27 2 89 84 96 86 87 96 85
16 28 39 62 63 53 56 55 58 52
16 29 83 16 21 25 20 18 28 16
16 30 52 40 51 43 51 50 48 52
16 31 1 88 93 90 89 97 85 98
16 32 44 58 55 47 56 58 56 54
16 33 95 12 14 5 12 17 5 16
16 34 63 31 41 40 33 33 36 31
16 35 30 62 68 59 62 66 74 73
16 36 62 32 44 35 43 35 36 38
16 37 36 68 66 61 60 56 54 68
16 38 92 12 8 12 19 10 7 13
16 39 97 10 11 10 12 3 6 14
16 40 25 64 75 73 77 67 69 71
16 41 18 79 75 77 83 72 74 73
16 42 86 21 24 16 13 12 16 23
16 43 47 45 47 49 48 45 58 59
16 44 37 58 66 55 54 58 55 53
16 45 10 82 77 83 86 81 80 87
16 46 48 55 53 46 47 48 51 52
16 47 1 92 83 98 93 87 95 84
16 48 9 87 85 83 89 83 82 91
16 49 36 68 57 56 61 66 64 65
17 18 30 67 66 69 66 71 68 69
17 19 25 65 76 72 75 72 76 74
17 20 35 68 56 55 62 65 61 57
17 21 55 39 47 41 52 50 43 38
17 22 78 18 23 30 26 26 28 28
17 23 90 17 8 17 15 12 11 17
17 24 47 51 50 50 47 49 45 57
17 25 7 89 88 93 79 80 81 87
17 26 90 20 13 18 19 21 19 19
17 27 34 64 63 65 56 69 67 64
17 28 65 37 40 38 30 43 32 34
17 29 21 81 78 68 67 81 78 76
17 30 80 30 21 23 24 22 29 23
17 31 1 97 94 98 92 91 96 95
17 32 99 12 5 14 12 11 1 1
17 33 92 21 11 15 7 14 10 18
17 34 4 88 92 94 82 85 85 93
17 35 26 76 76 75 66 73 66 72
17 36 1 92 85 88 89 91 97 98
17 37 41 57 64 53 58 55 61 52
17 38 91 20 21 8 14 19 9 18
17 39 63 40 39 33 45 43 41 30
17 40 1 85 92 89 84 90 88 84
17 41 76 22 26 25 23 23 30 24
17 42 40 53 53 52 51 50 58 52
17 43 91 12 7 12 15 17 7 19
17 44 28 63 70 72 75 62 70 69
17 45 14 78 78 74 83 81 85 76
17 46 30 71 68 66 66 69 73 62
17 47 15 78 77 75 85 71 73 77
17 48 23 77 78 79 77 66 66 77
17 49 32 68 67 71 59 71 70 61
18 19 91 17 20 11 13 20 15 20
18 20 87 24 21 17 18 24 23 15
18 21 13 79 81 74 85 77 88 74
18 22 82 29 15 16 19 23 28 29
18 23 14 77 83 82 74 82 82 81
18 24 23 77 77 74 66 74 72 67
18 25 86 22 14 23 17 24 24 24
18 26 88 10 14 15 16 14 10 20
18 27 52 43 44 55 55 52 52 54
18 28 36 60 55 55 60 60 62 68
18 29 64 36 41 40 31 41 36 32
18 30 96 16 5 14 5 8 11 5
18 31 2 89 87 84 90 88 84 96
18 32 50 47 46 42 45 45 47 47
18 33 93 17 6 18 19 10 16 8
18 34 24 64 71 76 74 67 71 67
18 35 43 57 61 62 48 51 48 52
18 36 48 50 45 57 52 47 50 55
18 37 67 32 35 34 41 41 33 36
18 38 58 44 47 36 39 47 47 46
18 39 16 73 82 74 73 82 73 80
18 40 83 18 22 20 27 27 16 24
18 41 26 64 70 65 75 69 64 70
18 42 3 91 83 83 87 93 96 85
18 43 25 70 74 72 76 68 73 66
18 44 35 61 57 63 68 69 64 68
18 45 72 33 29 25 37 27 28 32
18 46 84 18 26 26 23 22 28 19
18 47 71 34 24 26 32 29 26 33
18 48 86 21 16 18 19 14 24 13
18 49 89 23 19 22 11 10 13 20
19 20 58 49 38 41 38 48 39 48
19 21 12 80 87 81 75 85 86 81
19 22 16 75 75 81 75 73 78 83
19 23 87 19 16 13 13 11 25 18
19 24 96 13 3 10 7 8 6 16
19 25 28 75 69 71 65 70 66 74
19 26 15 83 83 75 84 79 85 77
19 27 71 28 28 24 34 25 27 24
19 28 45 55 59 57 51 52 53 60
19 29 31 71 68 66 58 60 62 59
19 30 30 72 71 64 73 68 58 65
19 31 90 8 11 9 10 13 11 12
19 32 19 75 72 70 68 77 69 81
19 33 3 93 95 90 93 91 89 85
19 34 44 57 54 52 58 59 50 62
19 35 25 69 73 76 65 67 69 64
19 36 66 30 33 29 41 29 35 42
19 37 7 83 82 84 84 90 92 85
19 38 70 39 36 29 25 37 36 30
19 39 27 69 69 67 74 68 69 76
19 40 13 78 83 83 82 74 81 78
19 41 39 57 57 65 55 52 65 53
19 42 95 8 12 12 13 15 11 7
19 43 44 55 50 61 60 53 61 58
19 44 54 50 43 42 46 52 53 48
19 45 49 53 43 50 48 50 53 53
19 46 92 10 10 11 11 8 14 21
19 47 34 61 56 67 70 68 62 63
19 48 54 50 42 52 46 44 44 49
19 49 21 68 76 70 78 70 77 72
20 21 49 49 52 51 54 51 44 43
20 22 37 56 60 55 65 60 63 54
20 23 64 44 37 32 36 35 43 32
20 24 85 21 24 17 25 15 19 17
20 25 78 23 22 19 21 24 27 25
20 26 86 14 16 21 23 22 12 20
20 27 18 70 76 84 73 83 72 71
20 28 63 43 38 42 43 41 41 34
20 29 59 35 35 48 36 46 42 49
20 30 79 32 17 20 21 29 22 17
20 31 88 14 17 21 18 19 15 10
20 32 11 77 77 81 81 85 85 76
20 33 37 57 59 61 57 58 60 59
20 34 98 11 14 10 7 12 7 8
20 35 4 84 88 88 93 85 91 92
20 36 60 39 40 48 34 35 36 43
20 37 70 37 36 33 27 32 26 28
20 38 42 62 55 60 54 57 63 49
20 39 33 70 58 68 57 59 66 61
20 40 89 13 12 10 13 22 16 13
20 41 91 7 14 14 10 22 8 19
20 42 14 76 79 80 81 72 81 86
20 43 60 34 46 42 36 36 34 41
20 44 46 51 52 53 51 48 55 52
20 45 18 69 69 78 78 69 80 79
20 46 61 34 41 42 39 36 45 46
20 47 78 24 24 23 22 27 21 25
20 48 86 21 16 24 24 18 24 19
20 49 42 56 54 50 60 59 52 53
21 22 61 47 44 37 46 33 38 45
21 23 27 67 63 72 70 63 64 66
21 24 19 74 82 74 70 73 69 72
21 25 55 49 43 42 51 40 45 52
21 26 52 41 43 50 40 41 41 54
21 27 33 69 62 62 68 63 68 59
21 28 56 45 47 43 40 38 47 46
21 29 28 63 74 67 66 67 68 66
21 30 63 44 43 41 44 44 34 35
21 31 71 29 36 24 34 35 29 31
21 32 55 42 38 40 38 48 46 45
21 33 48 55 44 51 44 51 56 43
21 34 77 24 28 27 29 22 32 32
21 35 91 11 7 9 12 12 14 9
21 36 3 93 82 87 96 87 84 89
21 37 54 44 50 43 46 52 39 48
21 38 46 53 53 46 54 54 53 48
21 39 6 81 83 84 83 90 94 85
21 40 30 65 61 62 71 67 67 60
21 41 78 27 29 19 29 22 30 24
21 42 85 13 18 21 26 17 24 16
21 43 50 44 43 53 50 55 41 42
21 44 10 87 81 80 85 80 80 82
21 45 82 19 19 27 26 21 25 28
21 46 45 52 53 47 54 49 59 49
21 47 78 26 29 27 29 25 26 29
21 48 94 16 12 16 19 19 12 16
21 49 60 45 45 42 42 38 40 34
22 23 59 48 37 35 48 48 38 36
22 24 3 90 92 85 92 91 89 87
22 25 89 21 15 22 12 21 22 13
22 26 46 59 47 50 58 52 48 51
22 27 85 18 25 25 18 23 23 12
22 28 85 20 16 12 19 24 15 21
22 29 83 20 17 23 25 17 24 17
22 30 34 65 68 61 59 60 61 61
22 31 42 54 62 60 55 60 58 62
22 32 72 25 35 36 30 37 27 32
22 33 63 45 39 32 43 43 34 37
22 34 25 68 65 68 65 65 75 64
22 35 83 16 15 24 17 23 18 19
22 36 42 63 64 61 58 52 56 55
22 37 94 11 5 14 13 8 12 13
22 38 29 65 74 74 63 60 68 64
22 39 22 76 69 80 77 77 68 66
22 40 88 15 15 19 22 18 24 12
22 41 33 60 69 64 58 57 69 62
22 42 69 31 28 33 29 39 29 25
22 43 5 91 81 83 81 83 93 90
22 44 92 8 21 17 15 19 19 7
22 45 73 23 24 28 24 35 36 24
22 46 8 92 88 85 91 84 82 91
22 47 13 81 75 87 78 79 79 83
22 48 99 13 13 1 9 8 10 9
22 49 24 77 76 72 67 73 68 75
23 24 73 34 33 23 31 30 33 23
23 25 74 26 29 28 34 34 27 33
23 26 86 18 20 12 24 17 16 16
23 27 9 84 77 80 86 78 86 90
23 28 80 28 26 21 18 24 24 29
23 29 31 65 72 62 66 59 60 58
23 30 44 48 59 48 52 53 50 48
23 31 19 73 69 77 69 68 73 71
23 32 13 83 81 79 88 78 74 83
23 33 67 40 37 33 41 35 38 37
23 34 93 9 15 14 14 5 11 16
23 35 54 50 49 39 41 51 51 52
23 36 5 86 89 81 88 91 83 81
23 37 6 83 92 82 91 90 93 84
23 38 72 34 35 34 31 27 27 27
23 39 41 51 63 62 57 62 61 52
23 40 94 18 14 19 18 10 17 9
23 41 11 86 82 85 76 81 75 81
23 42 54 43 53 41 49 53 51 43
23 43 7 90 80 78 83 89 88 84
23 44 39 53 56 62 54 56 62 56
23 45 82 22 17 29 16 19 28 28
23 46 94 6 5 8 5 13 6 13
23 47 3 91 95 95 93 87 96 84
23 48 77 32 31 22 20 28 21 21
23 49 90 13 15 14 8 10 10 14
24 25 22 73 80 77 79 73 77 66
24 26 31 58 71 70 66 61 61 63
24 27 67 29 37 32 33 32 33 34
24 28 14 85 74 81 76 85 86 81
24 29 28 63 63 74 62 66 71 61
24 30 38 60 54 54 59 58 61 60
24 31 45 53 51 53 46 52 47 48
24 32 85 22 19 24 19 13 16 21
24 33 56 48 48 48 45 48 50 37
24 34 61 46 41 40 35 35 42 36
24 35 53 54 44 45 48 50 53 45
24 36 80 28 17 19 29 25 29 27
24 37 11 89 81 77 84 76 76 83
24 38 96 9 10 7 11 3 13 16
24 39 83 15 15 22 23 24 22 25
24 40 30 67 62 62 72 66 66 66
24 41 85 25 21 24 26 25 14 17
24 42 38 57 55 56 67 67 53 64
24 43 97 2 5 10 5 14 10 8
24 44 46 50 50 46 54 52 58 53
24 45 30 59 62 69 69 71 74 62
24 46 11 86 83 86 78 77 76 86
24 47 94 15 19 10 17 5 6 12
24 48 44 52 58 60 56 59 54 52
24 49 53 39 44 53 46 44 40 39
25 26 82 21 17 19 17 28 18 15
25 27 73 27 28 34 33 24 25 22
25 28 59 46 45 44 37 45 44 43
25 29 15 83 82 76 79 75 74 77
25 30 56 39 41 47 51 48 40 47
25 31 67 33 32 35 39 31 41 36
25 32 7 79 92 79 91 83 88 85
25 33 83 28 16 16 22 15 23 27
25 34 44 50 56 57 50 54 57 59
25 35 53 46 49 40 44 49 40 52
25 36 64 39 39 34 31 44 44 36
25 37 47 54 55 50 47 55 45 49
25 38 53 44 47 44 45 44 47 51
25 39 17 81 75 78 75 75 81 78
25 40 84 20 17 26 25 19 18 22
25 41 86 18 12 16 12 13 16 20
25 42 40 65 59 62 56 58 59 62
25 43 45 59 58 59 49 50 60 51
25 44 8 87 90 82 88 88 86 80
25 45 54 39 49 39 48 52 50 42
25 46 93 8 7 18 16 7 9 11
25 47 21 75 68 79 68 75 79 72
25 48 23 73 79 73 65 68 71 77
25 49 34 63 66 62 67 62 66 66
26 27 72 29 23 26 25 27 28 27
26 28 92 8 10 7 16 11 15 15
26 29 68 32 36 34 33 32 34 33
26 30 50 48 45 46 42 55 48 49
26 31 22 77 77 77 69 76 74 75
26 32 35 57 61 55 66 60 63 65
26 33 19 76 76 79 74 78 81 76
26 34 3 89 91 83 83 89 84 85
26 35 3 88 90 84 83 85 85 94
26 36 55 41 46 39 45 42 51 43
26 37 30 60 67 61 62 60 62 63
26 38 20 69 72 79 69 80 79 73
26 39 91 16 16 18 12 11 7 15
26 40 32 57 58 58 66 57 70 68
26 41 96 8 11 5 7 14 17 15
26 42 2 96 84 91 98 93 94 93
26 43 5 81 90 95 91 80 89 91
26 44 0 89 98 89 99 89 94 88
26 45 73 25 32 26 30 36 37 36
26 46 52 42 54 49 50 54 43 53
26 47 5 93 91 92 84 81 82 91
26 48 49 46 48 45 57 45 57 57
26 49 58 49 36 40 41 41 43 43
27 28 54 42 41 50 43 43 48 44
27 29 26 73 70 73 63 71 64 69
27 30 89 20 24 15 14 15 20 11
27 31 58 45 35 40 48 49 44 39
27 32 31 67 66 72 59 60 60 62
27 33 41 55 62 54 60 56 59 55
27 34 63 45 35 38 37 41 45 38
27 35 34 56 60 69 67 70 58 61
27 36 84 27 25 25 25 16 15 18
27 37 68 40 37 33 27 31 31 33
27 38 60 33 45 34 37 40 35 37
27 39 94 14 6 6 5 17 16 9
27 40 64 40 36 40 40 32 30 37
27 41 38 57 60 57 59 56 56 66
27 42 1 87 93 95 97 87 88 84
27 43 38 58 63 66 60 53 65 55
27 44 59 40 34 35 44 45 42 40
27 45 97 3 16 6 10 3 10 6
27 46 60 48 43 45 44 47 45 46
27 47 67 28 35 28 30 28 42 34
27 48 44 57 57 57 48 59 49 51
27 49 40 60 61 56 53 56 61 55
28 29 57 36 44 39 45 42 37 36
28 30 24 66 76 66 68 77 78 64
28 31 33 58 59 68 62 60 59 65
28 32 53 50 47 43 39 47 50 52
28 33 48 55 46 58 53 51 55 50
28 34 79 30 21 28 28 20 24 28
28 35 91 9 20 10 18 21 9 16
28 36 92 11 10 10 17 11 10 11
28 37 94 19 18 12 9 15 11 8
28 38 25 75 65 72 71 71 78 63
28 39 24 69 70 65 75 77 74 70
28 40 96 8 16 16 11 4 7 16
28 41 27 71 67 63 74 67 71 72
28 42 40 62 60 62 60 50 65 65
28 43 70 25 33 29 30 33 27 31
28 44 7 92 82 86 87 80 90 89
28 45 50 49 52 45 50 56 47 44
28 46 42 60 58 58 55 61 51 60
28 47 9 77 82 82 83 79 89 89
28 48 34 65 58 56 70 66 69 63
28 49 43 49 53 61 48 56 56 60
29 30 72 31 23 35 25 37 33 28
29 31 41 61 61 55 60 55 64 55
29 32 54 43 44 48 45 42 43 41
29 33 52 42 52 42 53 55 42 50
29 34 3 85 89 85 86 92 91 94
29 35 95 11 9 11 14 8 17 9
29 36 7 81 90 86 87 89 88 89
29 37 8 90 88 90 85 82 88 79
29 38 64 37 32 37 41 38 44 44
29 39 36 67 56 61 55 58 66 61
29 40 36 60 67 68 63 62 66 54
29 41 62 42 35 43 43 34 41 46
29 42 39 62 59 58 57 64 65 55
29 43 79 32 27 27 25 23 17 24
29 44 90 20 12 20 9 15 13 21
29 45 83 15 28 19 20 23 21 28
29 46 5 81 92 92 80 86 81 81
29 47 77 31 25 21 27 32 27 22
29 48 3 83 85 91 84 85 91 86
29 49 21 79 68 70 72 77 68 68
30 31 45 57 49 48 55 54 52 54
30 32 52 45 50 46 42 51 51 42
30 33 22 75 73 67 77 73 67 80
30 34 93 9 20 9 19 17 11 8
30 35 92 16 13 20 14 6 13 16
30 36 94 13 19 14 13 16 7 18
30 37 26 69 76 71 69 71 65 64
30 38 98 5 12 10 14 7 10 9
30 39 9 90 78 82 87 82 82 90
30 40 99 0 14 2 4 2 13 10
30 41 78 28 24 23 24 19 22 23
30 42 11 82 79 78 81 87 86 88
30 43 95 16 17 6 14 17 10 9
30 44 35 59 63 65 61 67 65 60
30 45 13 78 85 86 79 74 79 81
30 46 49 48 56 55 51 43 54 49
30 47 71 33 33 33 32 32 34 32
30 48 43 51 50 56 60 56 54 49
30 49 20 73 78 72 79 74 72 81
31 32 44 58 49 56 50 54 58 56
31 33 32 70 59 64 59 68 66 68
31 34 1 95 93 85 97 95 97 91
31 35 10 81 76 90 85 89 88 79
31 36 12 88 86 87 87 85 78 79
31 37 51 44 50 48 44 54 49 51
31 38 68 31 35 40 33 31 40 34
31 39 0 88 89 90 96 96 93 86
31 40 53 47 54 40 39 45 41 44
31 41 74 24 25 35 26 25 23 34
31 42 48 51 51 56 57 43 50 43
31 43 41 63 61 56 58 63 60 54
31 44 10 79 89 85 88 81 84 82
31 45 10 88 76 87 88 79 87 81
31 46 81 26 21 22 17 18 24 18
31 47 37 56 66 62 56 61 56 60
31 48 75 28 21 24 34 24 30 26
31 49 89 15 16 10 13 18 19 14
32 33 41 52 62 63 59 54 58 59
32 34 34 65 56 60 58 55 61 58
32 35 43 53 57 58 47 49 58 55
32 36 78 29 30 22 26 20 33 29
32 37 62 36 42 43 33 44 31 41
32 38 98 5 8 9 10 4 6 2
32 39 85 17 27 14 14 17 26 16
32 40 14 76 74 86 87 80 74 81
32 41 63 36 41 43 31 34 44 34
32 42 31 59 67 67 62 58 59 71
32 43 89 16 14 20 20 18 22 12
32 44 42 56 58 49 58 51 50 62
32 45 62 38 43 39 36 34 34 33
32 46 11 85 81 80 75 86 77 82
32 47 60 43 44 43 48 41 44 39
32 48 29 69 75 68 63 74 62 66
32 49 71 31 31 24 30 31 35 24
33 34 83 27 23 25 20 16 19 16
33 35 49 57 51 51 47 44 47 57
33 36 37 65 62 53 63 61 53 62
33 37 64 35 34 32 39 31 41 34
33 38 34 68 69 56 70 68 59 66
33 39 79 22 31 20 22 20 31 20
33 40 42 57 53 55 50 50 55 55
33 41 47 49 52 56 46 55 51 49
33 42 65 32 30 43 39 36 37 36
33 43 15 79 76 73 84 85 73 83
33 44 17 74 74 71 74 70 78 81
33 45 18 76 81 73 74 76 74 83
33 46 86 22 12 14 17 12 22 21
33 47 96 7 13 13 15 16 15 14
33 48 56 48 46 51 45 37 41 43
33 49 56 45 41 43 42 47 40 46
34 35 7 86 90 85 87 80 88 90
34 36 41 49 52 55 49 61 52 54
34 37 76 20 34 29 27 29 32 33
34 38 25 67 64 67 75 67 64 66
34 39 14 86 84 84 74 83 83 74
34 40 20 68 70 71 78 77 78 81
34 41 7 81 88 90 85 80 89 90
34 42 21 66 67 80 78 78 72 73
34 43 9 88 84 90 91 84 87 90
34 44 2 91 96 86 88 97 83 83
34 45 10 84 76 86 89 87 83 85
34 46 77 19 27 33 29 21 25 24
34 47 13 77 83 77 80 79 80 75
34 48 45 60 60 52 50 53 60 47
34 49 16 74 83 79 73 76 86 77
35 36 78 27 23 21 32 24 23 26
35 37 12 85 88 86 81 83 79 76
35 38 49 45 46 56 55 48 46 45
35 39 74 22 32 31 24 32 34 30
35 40 47 52 45 53 58 49 48 45
35 41 24 67 64 65 79 75 75 71
35 42 55 44 39 48 50 40 41 38
35 43 35 67 66 55 67 54 60 59
35 44 19 83 80 79 71 78 76 80
35 45 7 93 86 88 85 91 83 88
35 46 59 39 45 43 34 35 41 42
35 47 54 44 52 45 43 43 46 46
35 48 47 50 46 45 55 47 52 48
35 49 11 87 88 88 77 75 83 76
36 37 10 84 86 77 88 76 77 90
36 38 36 62 58 58 66 59 59 56
36 39 7 86 80 92 90 93 92 81
36 40 81 18 22 17 25 29 23 17
36 41 65 38 39 35 40 43 33 38
36 42 1 88 88 96 92 95 88 91
36 43 17 76 78 79 72 79 77 76
36 44 31 61 63 68 67 58 61 62
36 45 56 39 51 46 44 38 47 44
36 46 50 43 56 50 47 42 47 45
36 47 59 48 46 49 48 35 39 36
36 48 36 55 67 59 60 64 56 63
36 49 2 92 87 96 84 94 93 83
37 38 3 84 86 83 85 90 83 84
37 39 12 76 76 84 76 82 88 81
37 40 82 20 25 22 23 29 26 22
37 41 17 83 79 79 71 82 76 75
37 42 15 85 85 85 81 83 76 86
37 43 39 65 60 54 54 62 57 65
37 44 57 40 43 38 41 42 45 49
37 45 23 73 79 71 65 79 73 78
37 46 0 87 91 96 97 98 89 90
37 47 27 69 71 74 73 70 76 63
37 48 86 15 23 19 20 26 14 18
37 49 79 27 24 17 24 29 24 19
38 39 71 32 24 36 31 38 25 35
38 40 93 14 14 19 11 8 10 16
38 41 10 90 87 83 91 76 82 86
38 42 69 28 40 34 26 27 30 31
38 43 78 20 22 21 27 30 28 25
38 44 70 26 29 31 28 31 28 29
38 45 70 36 25 27 36 32 33 39
38 46 11 85 85 77 86 85 85 83
38 47 86 16 18 15 12 15 18 16
38 48 92 9 18 15 17 10 10 20
38 49 45 49 55 53 56 58 47 56
39 40 29 68 61 73 60 61 69 70
39 41 19 74 72 78 75 71 79 73
39 42 78 19 21 30 32 21 26 32
39 43 39 55 64 65 55 65 53 62
39 44 99 5 0 12 9 9 7 13
39 45 89 22 15 14 23 15 22 24
39 46 29 67 72 70 71 71 63 61
39 47 19 73 69 80 71 69 77 71
39 48 14 83 75 81 78 85 82 76
39 49 14 72 82 80 80 77 77 84
40 41 92 10 7 11 14 8 10 21
40 42 89 18 21 10 12 13 20 13
40 43 20 75 82 81 68 68 69 79
40 44 67 41 36 39 33 30 28 33
40 45 32 57 66 66 66 57 58 60
40 46 41 50 59 62 63 49 60 62
40 47 79 25 20 20 22 25 32 24
40 48 53 43 50 49 52 47 41 51
40 49 38 53 61 65 62 55 56 62
41 42 45 58 57 59 51 54 53 53
41 43 66 39 30 28 38 31 29 40
41 44 12 87 84 76 81 85 78 74
41 45 55 46 49 39 47 52 45 51
41 46 68 36 38 29 29 30 27 30
41 47 88 13 22 10 23 20 17 12
41 48 91 10 10 21 19 21 18 13
41 49 92 7 8 19 8 20 17 19
42 43 7 79 86 79 80 88 91 82
42 44 98 10 7 11 5 5 11 10
42 45 0 92 87 94 85 92 97 98
42 46 11 86 78 82 78 90 90 89
42 47 19 70 77 77 83 71 74 70
42 48 4 92 93 90 95 85 94 89
42 49 70 29 38 25 33 31 38 32
43 44 56 47 51 45 38 37 51 49
43 45 3 88 82 89 96 95 82 91
43 46 98 13 6 4 12 11 13 7
43 47 26 74 75 66 65 69 66 70
43 48 66 38 33 30 28 37 31 31
43 49 73 23 25 23 33 26 24 27
44 45 82 20 17 17 26 26 22 17
44 46 59 47 40 42 37 45 34 47
44 47 24 73 72 72 68 76 68 71
44 48 14 73 85 77 80 78 86 74
44 49 59 47 48 35 48 47 41 41
45 46 13 79 78 81 85 85 76 74
45 47 34 61 56 63 62 63 61 64
45 48 33 67 65 60 60 61 70 59
45 49 69 38 30 40 36 36 40 38
46 47 3 82 93 87 92 89 96 94
46 48 59 41 38 34 49 37 35 42
46 49 50 49 49 53 54 50 55 54
47 48 53 45 40 47 47 44 49 47
47 49 38 55 59 58 53 64 55 53
48 49 18 79 72 83 74 71 72 70
