15 4
0.7 0 0 0.3
0 1 5 49 79 56
0 2 7 20 39 94
0 3 76 81 69 48
0 4 9 34 97 71
0 5 61 62 71 61
0 6 10 40 77 82
0 7 96 62 1 14
0 8 60 17 58 25
0 9 24 19 56 75
0 10 61 12 77 83
0 11 25 76 18 92
0 12 89 17 32 50
0 13 50 19 75 25
0 14 67 40 75 46
1 2 47 87 89 12
1 3 89 6 43 53
1 4 28 73 30 76
1 5 24 48 85 46
1 6 47 59 75 77
1 7 60 23 52 36
1 8 16 34 91 66
1 9 48 81 44 76
1 10 89 77 19 54
1 11 21 95 21 68
1 12 97 16 35 63
1 13 99 72 21 31
1 14 62 82 78 11
2 3 36 61 57 68
2 4 97 68 3 37
2 5 3 32 31 79
2 6 16 28 32 44
2 7 38 60 45 64
2 8 28 82 37 45
2 9 33 41 61 37
2 10 89 6 21 8
2 11 11 63 38 67
2 12 66 69 61 38
2 13 77 61 61 63
2 14 63 12 52 70
3 4 63 30 26 57
3 5 0 79 86 84
3 6 1 26 60 95
3 7 45 65 25 26
3 8 74 37 32 39
3 9 83 28 40 63
3 10 74 40 56 67
3 11 32 71 58 88
3 12 73 26 44 10
3 13 32 93 36 93
3 14 50 69 41 49
4 5 50 27 77 25
4 6 81 24 77 42
4 7 85 6 8 29
4 8 29 40 76 52
4 9 76 47 6 48
4 10 65 74 28 47
4 11 29 51 82 40
4 12 57 75 41 75
4 13 71 16 55 15
4 14 19 90 54 68
5 6 49 63 16 88
5 7 54 37 59 9
5 8 42 25 84 26
5 9 6 74 35 63
5 10 62 64 67 10
5 11 33 17 31 53
5 12 81 83 49 58
5 13 96 40 48 52
5 14 76 61 61 65
6 7 92 23 10 35
6 8 33 58 26 68
6 9 81 74 75 76
6 10 97 35 71 46
6 11 20 82 94 40
6 12 75 23 6 54
6 13 62 72 24 38
6 14 35 51 64 49
7 8 8 49 59 41
7 9 0 91 41 93
7 10 40 48 20 32
7 11 34 80 45 51
7 12 49 45 72 15
7 13 60 59 57 62
7 14 68 54 31 51
8 9 16 32 55 48
8 10 22 45 19 67
8 11 47 43 87 23
8 12 16 54 19 94
8 13 30 57 74 92
8 14 54 56 49 29
9 10 90 9 22 59
9 11 42 46 90 69
9 12 88 58 81 68
9 13 48 75 56 18
9 14 14 69 57 74
10 11 50 85 70 28
10 12 48 10 25 72
10 13 60 56 50 43
10 14 20 92 90 72
11 12 87 8 59 29
11 13 94 75 78 8
11 14 57 33 44 38
12 13 15 71 54 85
12 14 91 46 7 34
13 14 27 74 72 28
