33 4
0.8 0 0 0.2
0 1 95 11 68 44
0 2 75 67 81 49
0 3 39 80 14 59
0 4 66 25 23 37
0 5 56 62 36 87
0 6 98 42 64 43
0 7 52 57 19 57
0 8 67 62 81 68
0 9 44 19 27 72
0 10 88 22 38 17
0 11 68 18 27 51
0 12 20 69 18 64
0 13 81 12 37 33
0 14 73 77 79 65
0 15 94 36 39 7
0 16 49 11 71 73
0 17 47 82 78 72
0 18 86 75 74 33
0 19 65 17 17 56
0 20 78 41 29 83
0 21 91 63 26 68
0 22 8 66 59 36
0 23 81 12 23 46
0 24 26 42 53 68
0 25 39 64 82 79
0 26 14 71 51 50
0 27 15 28 65 39
0 28 71 25 31 47
0 29 36 67 76 49
0 30 34 22 85 24
0 31 92 76 52 43
0 32 48 31 53 57
1 2 42 60 88 73
1 3 50 25 14 63
1 4 68 43 54 74
1 5 48 80 24 43
1 6 72 31 83 8
1 7 86 23 22 51
1 8 38 29 13 79
1 9 17 72 62 81
1 10 80 12 65 71
1 11 48 25 86 79
1 12 40 13 77 86
1 13 62 69 16 29
1 14 93 43 24 52
1 15 96 79 13 72
1 16 59 69 13 79
1 17 51 75 56 87
1 18 95 25 50 66
1 19 65 82 36 43
1 20 95 5 35 19
1 21 99 26 76 14
1 22 8 35 44 21
1 23 57 26 20 83
1 24 96 2 71 59
1 25 90 2 35 58
1 26 5 56 78 52
1 27 84 39 43 69
1 28 71 24 61 22
1 29 15 54 34 18
1 30 71 30 18 9
1 31 17 53 29 38
1 32 69 49 80 42
2 3 25 82 70 36
2 4 95 57 46 22
2 5 82 58 31 42
2 6 99 21 56 35
2 7 27 62 44 91
2 8 64 31 61 35
2 9 50 79 15 36
2 10 15 43 50 23
2 11 57 86 28 33
2 12 76 32 20 45
2 13 95 28 46 72
2 14 0 64 32 72
2 15 84 36 67 53
2 16 10 31 47 69
2 17 84 55 34 53
2 18 36 55 20 31
2 19 47 84 86 80
2 20 49 49 63 30
2 21 59 17 60 38
2 22 53 28 63 60
2 23 14 25 73 94
2 24 30 26 83 70
2 25 9 22 18 52
2 26 30 38 36 83
2 27 78 44 35 22
2 28 63 66 51 77
2 29 84 36 34 17
2 30 20 86 74 42
2 31 88 38 62 66
2 32 72 51 60 57
3 4 47 52 75 61
3 5 83 7 4 21
3 6 42 87 18 12
3 7 32 30 53 69
3 8 38 80 56 59
3 9 74 26 53 70
3 10 19 49 89 93
3 11 65 10 40 45
3 12 15 39 34 40
3 13 67 22 11 47
3 14 8 32 40 22
3 15 28 21 92 91
3 16 10 19 76 90
3 17 1 50 42 64
3 18 30 48 67 80
3 19 78 21 24 44
3 20 46 13 35 17
3 21 83 69 75 21
3 22 23 82 79 92
3 23 92 66 32 72
3 24 72 76 16 15
3 25 9 34 24 26
3 26 63 60 15 30
3 27 39 38 69 53
3 28 64 79 77 69
3 29 48 62 86 70
3 30 73 33 54 35
3 31 1 85 77 88
3 32 88 72 47 6
4 5 89 23 61 80
4 6 38 33 83 71
4 7 99 10 39 23
4 8 47 44 64 86
4 9 48 18 23 20
4 10 17 28 83 83
4 11 45 57 37 69
4 12 35 17 27 45
4 13 98 36 58 74
4 14 12 33 64 91
4 15 84 64 60 73
4 16 75 53 11 7
4 17 48 55 53 87
4 18 53 80 59 87
4 19 41 19 44 29
4 20 60 35 72 66
4 21 45 67 81 67
4 22 86 56 8 39
4 23 11 59 65 26
4 24 37 38 61 38
4 25 83 10 76 52
4 26 60 73 68 82
4 27 38 89 77 51
4 28 83 75 42 51
4 29 23 33 56 69
4 30 84 66 56 6
4 31 86 74 56 12
4 32 99 71 19 38
5 6 53 39 72 15
5 7 60 39 76 11
5 8 4 26 48 52
5 9 62 83 46 29
5 10 54 68 47 15
5 11 61 74 22 20
5 12 34 76 82 65
5 13 99 21 26 49
5 14 36 25 40 12
5 15 33 87 36 46
5 16 6 92 55 90
5 17 81 47 77 60
5 18 17 83 94 38
5 19 25 73 37 33
5 20 86 70 33 56
5 21 31 59 22 91
5 22 62 62 19 61
5 23 64 15 9 66
5 24 37 52 37 45
5 25 60 27 55 49
5 26 98 79 13 56
5 27 36 82 84 16
5 28 72 60 31 59
5 29 74 66 32 34
5 30 51 62 72 45
5 31 24 34 52 79
5 32 86 62 66 70
6 7 96 42 54 38
6 8 66 33 33 73
6 9 90 10 67 72
6 10 71 31 31 52
6 11 94 76 39 16
6 12 37 79 46 43
6 13 46 14 74 71
6 14 24 43 33 76
6 15 88 71 53 12
6 16 30 68 52 82
6 17 17 18 82 57
6 18 25 76 76 36
6 19 7 57 98 90
6 20 26 33 89 64
6 21 91 80 4 70
6 22 59 77 34 33
6 23 87 9 65 6
6 24 56 20 11 64
6 25 80 70 46 11
6 26 99 19 54 57
6 27 69 77 19 66
6 28 23 38 53 29
6 29 97 39 20 20
6 30 54 60 84 53
6 31 24 77 29 75
6 32 31 52 36 68
7 8 46 11 12 59
7 9 45 22 49 29
7 10 93 14 78 36
7 11 57 73 27 31
7 12 94 9 70 74
7 13 68 48 24 52
7 14 57 20 72 21
7 15 51 81 43 88
7 16 68 62 36 48
7 17 97 4 8 72
7 18 34 90 32 70
7 19 10 53 34 86
7 20 73 18 63 43
7 21 69 42 57 59
7 22 10 62 31 42
7 23 16 24 85 92
7 24 29 77 46 36
7 25 64 66 20 46
7 26 95 27 60 20
7 27 14 92 46 33
7 28 97 21 21 28
7 29 65 75 19 20
7 30 35 79 65 38
7 31 80 79 42 54
7 32 29 19 58 32
8 9 58 81 76 26
8 10 39 59 30 54
8 11 86 25 28 17
8 12 39 15 28 13
8 13 72 65 26 23
8 14 17 60 30 69
8 15 19 40 54 85
8 16 40 37 42 31
8 17 83 24 48 77
8 18 59 31 55 33
8 19 83 70 4 39
8 20 0 26 59 51
8 21 24 26 75 29
8 22 64 26 65 46
8 23 63 32 56 27
8 24 18 32 16 32
8 25 99 7 36 27
8 26 59 86 13 67
8 27 32 73 85 70
8 28 3 96 60 75
8 29 1 60 81 69
8 30 62 70 42 65
8 31 98 3 25 50
8 32 18 83 64 73
9 10 23 89 52 65
9 11 62 67 51 28
9 12 22 92 31 76
9 13 98 71 62 24
9 14 75 11 54 35
9 15 32 33 42 61
9 16 37 79 24 20
9 17 30 40 25 35
9 18 25 88 27 15
9 19 92 50 5 49
9 20 17 72 90 62
9 21 54 10 46 43
9 22 76 20 84 45
9 23 67 45 65 80
9 24 38 53 81 57
9 25 58 59 43 8
9 26 19 61 18 16
9 27 94 40 53 49
9 28 79 46 32 73
9 29 2 93 19 89
9 30 11 28 94 46
9 31 88 52 74 60
9 32 13 84 81 53
10 11 89 8 55 20
10 12 33 42 62 22
10 13 16 58 36 21
10 14 31 40 90 38
10 15 52 68 27 35
10 16 88 77 76 15
10 17 9 75 61 70
10 18 57 41 64 35
10 19 30 82 62 43
10 20 75 69 24 10
10 21 37 73 18 23
10 22 92 40 51 57
10 23 63 18 55 78
10 24 41 50 55 19
10 25 61 21 79 29
10 26 63 40 23 44
10 27 83 24 38 59
10 28 31 60 44 89
10 29 34 81 91 15
10 30 74 61 73 7
10 31 28 54 46 30
10 32 31 13 65 39
11 12 51 59 58 82
11 13 17 25 21 44
11 14 57 38 26 87
11 15 74 67 29 17
11 16 67 47 51 48
11 17 33 87 30 36
11 18 45 79 28 86
11 19 9 22 96 93
11 20 34 30 23 44
11 21 86 32 48 13
11 22 71 51 67 54
11 23 10 62 56 59
11 24 99 77 22 25
11 25 18 79 55 66
11 26 16 17 85 59
11 27 27 65 22 77
11 28 85 67 10 34
11 29 24 77 47 74
11 30 20 85 94 45
11 31 69 58 12 60
11 32 65 84 60 61
12 13 14 34 64 24
12 14 37 65 64 90
12 15 25 46 81 18
12 16 49 39 47 23
12 17 39 51 17 15
12 18 5 28 58 58
12 19 30 15 91 74
12 20 58 65 78 57
12 21 81 7 17 14
12 22 52 22 39 9
12 23 25 55 79 59
12 24 54 23 17 40
12 25 53 31 21 71
12 26 33 41 22 35
12 27 2 76 25 25
12 28 47 11 71 44
12 29 29 68 72 61
12 30 14 86 40 43
12 31 19 87 40 75
12 32 23 41 53 26
13 14 56 83 24 20
13 15 7 22 65 86
13 16 58 46 75 48
13 17 5 38 31 98
13 18 74 16 42 38
13 19 68 81 13 85
13 20 97 67 43 54
13 21 76 30 22 49
13 22 25 59 88 42
13 23 92 60 33 27
13 24 1 46 38 81
13 25 60 12 38 40
13 26 80 31 12 46
13 27 64 32 72 40
13 28 84 64 30 77
13 29 83 59 66 10
13 30 82 83 18 15
13 31 42 21 89 26
13 32 58 80 53 60
14 15 43 57 47 22
14 16 66 67 61 51
14 17 1 26 38 39
14 18 45 44 75 69
14 19 74 75 24 27
14 20 61 41 59 78
14 21 68 82 45 52
14 22 53 22 10 50
14 23 57 69 51 68
14 24 60 85 73 68
14 25 94 52 2 54
14 26 97 59 32 61
14 27 15 34 85 58
14 28 78 65 65 19
14 29 18 51 68 86
14 30 24 51 75 84
14 31 71 35 72 69
14 32 38 77 61 74
15 16 76 51 39 47
15 17 41 85 39 15
15 18 83 68 52 59
15 19 89 2 64 59
15 20 78 44 57 64
15 21 46 73 43 72
15 22 49 32 16 15
15 23 7 47 33 49
15 24 19 28 81 34
15 25 98 39 53 27
15 26 51 14 63 63
15 27 19 47 42 65
15 28 97 21 14 34
15 29 29 81 26 25
15 30 0 57 47 81
15 31 65 81 72 42
15 32 98 26 26 45
16 17 0 48 29 36
16 18 43 39 51 90
16 19 31 73 75 86
16 20 17 19 57 61
16 21 37 63 52 25
16 22 76 55 54 18
16 23 23 30 62 76
16 24 72 59 7 42
16 25 98 32 15 10
16 26 61 64 70 70
16 27 80 53 38 67
16 28 33 58 72 14
16 29 41 52 63 21
16 30 92 61 13 78
16 31 25 34 21 51
16 32 98 68 63 25
17 18 3 46 61 93
17 19 34 77 43 20
17 20 92 70 67 50
17 21 47 37 72 19
17 22 12 51 52 32
17 23 17 75 40 88
17 24 63 23 37 77
17 25 88 81 64 74
17 26 10 34 50 73
17 27 31 54 54 53
17 28 42 19 82 26
17 29 1 44 47 69
17 30 83 46 42 50
17 31 19 78 79 16
17 32 62 47 73 43
18 19 41 81 14 65
18 20 21 79 49 95
18 21 16 62 85 91
18 22 30 19 68 92
18 23 1 56 94 94
18 24 77 36 61 45
18 25 57 48 79 44
18 26 49 10 57 21
18 27 56 76 32 48
18 28 25 89 76 55
18 29 96 42 27 29
18 30 10 72 52 42
18 31 31 49 15 72
18 32 35 71 46 26
19 20 70 19 34 53
19 21 61 66 48 60
19 22 14 28 39 71
19 23 39 84 59 66
19 24 36 52 51 23
19 25 31 15 61 27
19 26 20 16 75 23
19 27 92 35 47 44
19 28 33 70 18 22
19 29 89 62 20 47
19 30 72 13 40 56
19 31 61 44 86 81
19 32 11 21 40 52
20 21 30 90 90 37
20 22 44 73 79 47
20 23 84 28 19 42
20 24 54 14 13 53
20 25 32 43 17 20
20 26 81 34 27 60
20 27 11 37 67 40
20 28 83 60 83 44
20 29 88 47 49 75
20 30 7 32 55 64
20 31 46 73 83 72
20 32 6 97 47 69
21 22 26 67 23 68
21 23 95 48 55 77
21 24 41 54 67 33
21 25 21 55 82 63
21 26 93 22 45 27
21 27 89 70 38 77
21 28 43 83 33 21
21 29 85 50 33 29
21 30 90 63 18 43
21 31 71 61 45 64
21 32 9 72 28 73
22 23 19 51 79 60
22 24 80 25 15 66
22 25 29 78 23 29
22 26 76 41 39 29
22 27 86 12 16 38
22 28 22 46 27 85
22 29 39 64 77 23
22 30 39 65 50 52
22 31 16 40 38 60
22 32 10 50 49 43
23 24 91 37 11 40
23 25 38 81 42 89
23 26 27 92 41 35
23 27 78 66 21 53
23 28 78 67 35 45
23 29 97 39 23 46
23 30 67 42 34 31
23 31 64 13 84 59
23 32 49 71 61 10
24 25 51 49 12 15
24 26 36 13 78 92
24 27 94 55 19 40
24 28 47 37 80 60
24 29 4 49 91 60
24 30 72 9 49 40
24 31 72 49 41 35
24 32 64 36 34 43
25 26 6 44 40 31
25 27 24 26 50 57
25 28 20 63 38 31
25 29 54 14 30 61
25 30 77 28 36 82
25 31 63 22 54 81
25 32 31 16 70 35
26 27 86 40 34 18
26 28 66 10 77 35
26 29 96 30 58 21
26 30 62 33 53 28
26 31 57 11 81 14
26 32 3 76 97 53
27 28 73 27 15 33
27 29 18 87 24 26
27 30 94 32 73 79
27 31 65 14 47 31
27 32 96 18 30 56
28 29 0 87 49 59
28 30 5 28 58 79
28 31 82 62 52 37
28 32 23 32 50 91
29 30 37 40 84 29
29 31 7 81 61 63
29 32 7 84 42 43
30 31 62 26 10 45
30 32 3 97 72 90
31 32 13 43 29 44
