38 4
0.4 0 0 0.6
0 1 19 71 74 82
0 2 48 58 51 58
0 3 77 25 22 33
0 4 55 38 51 39
0 5 7 91 78 79
0 6 9 78 89 79
0 7 78 21 26 21
0 8 60 44 41 40
0 9 76 34 23 26
0 10 48 58 50 50
0 11 91 19 14 16
0 12 12 75 75 75
0 13 93 20 17 8
0 14 14 84 75 78
0 15 69 36 28 30
0 16 64 32 34 41
0 17 26 67 66 63
0 18 14 83 86 73
0 19 33 64 71 68
0 20 54 53 38 38
0 21 30 62 60 72
0 22 26 75 67 75
0 23 15 74 72 75
0 24 83 23 28 26
0 25 81 18 28 17
0 26 43 58 47 56
0 27 35 68 59 62
0 28 34 67 60 59
0 29 26 69 66 68
0 30 21 80 77 76
0 31 48 54 45 53
0 32 26 72 63 76
0 33 30 64 70 62
0 34 93 19 7 19
0 35 31 67 60 70
0 36 47 59 47 54
0 37 45 54 59 50
1 2 18 83 76 78
1 3 86 19 13 11
1 4 41 61 62 61
1 5 32 57 64 69
1 6 92 7 10 15
1 7 51 52 50 44
1 8 99 11 12 10
1 9 40 64 62 61
1 10 80 23 28 30
1 11 98 9 5 15
1 12 68 31 41 33
1 13 64 34 31 31
1 14 47 50 53 52
1 15 73 36 29 27
1 16 44 53 59 48
1 17 62 45 34 41
1 18 38 59 53 60
1 19 7 87 86 90
1 20 2 84 93 85
1 21 5 91 94 95
1 22 46 54 50 58
1 23 11 89 79 75
1 24 52 44 54 47
1 25 27 64 73 69
1 26 47 59 45 46
1 27 21 70 76 70
1 28 90 19 17 22
1 29 18 69 80 82
1 30 8 79 92 81
1 31 94 14 16 8
1 32 96 10 7 8
1 33 77 24 33 23
1 34 39 57 55 58
1 35 47 56 57 56
1 36 25 70 76 70
1 37 20 77 73 67
2 3 3 91 94 96
2 4 23 65 70 73
2 5 91 20 21 12
2 6 65 40 39 30
2 7 60 47 38 40
2 8 9 77 83 84
2 9 40 58 63 54
2 10 64 30 33 38
2 11 96 10 5 11
2 12 97 7 13 6
2 13 75 24 33 31
2 14 37 53 59 63
2 15 65 40 39 38
2 16 96 7 12 10
2 17 80 21 22 29
2 18 80 25 31 22
2 19 9 80 86 81
2 20 55 49 39 42
2 21 7 82 81 83
2 22 77 25 28 21
2 23 13 87 76 88
2 24 80 21 23 30
2 25 87 20 22 24
2 26 14 81 82 83
2 27 59 40 44 49
2 28 94 19 13 11
2 29 18 69 75 76
2 30 66 29 30 41
2 31 17 79 75 81
2 32 65 40 34 39
2 33 49 47 43 56
2 34 4 82 82 92
2 35 59 43 40 45
2 36 50 49 44 43
2 37 97 9 5 8
3 4 52 41 52 45
3 5 49 44 43 57
3 6 14 82 83 86
3 7 16 73 71 82
3 8 43 49 56 59
3 9 84 14 24 17
3 10 48 48 48 53
3 11 82 21 22 23
3 12 91 9 10 12
3 13 75 22 25 35
3 14 96 7 9 9
3 15 33 61 67 65
3 16 54 44 50 39
3 17 13 81 85 77
3 18 3 92 96 92
3 19 4 84 83 93
3 20 22 68 78 75
3 21 18 76 80 78
3 22 5 92 81 86
3 23 82 26 24 20
3 24 5 82 91 87
3 25 11 80 85 87
3 26 78 19 31 19
3 27 49 50 54 48
3 28 82 25 28 21
3 29 27 70 68 73
3 30 36 58 63 68
3 31 97 2 11 3
3 32 79 17 27 21
3 33 11 87 84 88
3 34 29 70 66 61
3 35 45 47 57 60
3 36 79 19 22 26
3 37 62 33 33 38
4 5 97 2 13 2
4 6 67 40 35 31
4 7 58 39 50 50
4 8 28 69 61 63
4 9 60 46 43 47
4 10 93 7 15 7
4 11 37 62 58 58
4 12 33 61 68 59
4 13 58 41 47 48
4 14 97 13 15 5
4 15 19 77 75 79
4 16 35 55 63 59
4 17 85 13 20 24
4 18 61 43 46 43
4 19 68 33 36 30
4 20 34 55 64 59
4 21 31 60 60 70
4 22 76 29 22 20
4 23 51 45 48 48
4 24 37 64 65 63
4 25 81 16 20 25
4 26 12 88 87 83
4 27 49 48 47 51
4 28 40 55 57 61
4 29 73 37 24 35
4 30 10 90 86 82
4 31 25 68 76 65
4 32 13 73 85 83
4 33 67 41 31 42
4 34 11 87 76 79
4 35 32 69 61 67
4 36 31 64 72 72
4 37 58 45 45 47
5 6 79 20 28 24
5 7 31 70 69 67
5 8 99 11 13 2
5 9 73 24 22 25
5 10 32 66 63 65
5 11 62 38 40 43
5 12 53 52 47 40
5 13 83 26 25 28
5 14 49 53 55 57
5 15 89 23 10 20
5 16 89 16 10 9
5 17 86 24 25 20
5 18 52 47 46 54
5 19 0 97 99 94
5 20 76 21 22 28
5 21 53 46 51 47
5 22 68 36 33 32
5 23 35 61 58 64
5 24 47 47 55 58
5 25 19 68 75 76
5 26 75 30 29 23
5 27 20 81 77 81
5 28 84 22 23 24
5 29 82 18 16 27
5 30 84 27 22 20
5 31 43 61 63 57
5 32 32 65 62 68
5 33 66 35 40 39
5 34 41 59 54 50
5 35 65 43 38 31
5 36 16 71 73 73
5 37 98 7 4 8
6 7 19 71 80 82
6 8 97 15 5 4
6 9 66 39 32 33
6 10 13 88 75 87
6 11 37 53 60 61
6 12 69 33 38 31
6 13 7 86 80 90
6 14 16 72 77 75
6 15 98 7 5 1
6 16 46 51 53 46
6 17 66 36 32 32
6 18 15 79 82 74
6 19 54 46 52 39
6 20 25 77 64 64
6 21 91 20 15 17
6 22 54 52 42 46
6 23 86 13 23 25
6 24 44 48 54 57
6 25 88 14 22 19
6 26 88 22 10 18
6 27 34 64 63 58
6 28 68 29 32 40
6 29 25 72 64 77
6 30 53 49 50 40
6 31 29 74 73 73
6 32 91 11 16 9
6 33 47 56 47 59
6 34 36 67 61 58
6 35 49 48 45 53
6 36 47 54 53 59
6 37 40 52 60 62
7 8 94 15 16 10
7 9 59 46 46 35
7 10 25 68 69 71
7 11 31 66 64 61
7 12 58 41 41 49
7 13 82 21 19 18
7 14 5 91 90 87
7 15 40 58 63 61
7 16 96 10 12 11
7 17 45 61 61 49
7 18 38 61 53 65
7 19 19 81 70 77
7 20 35 68 60 68
7 21 42 63 63 55
7 22 92 20 17 8
7 23 40 54 51 59
7 24 56 48 46 42
7 25 57 43 45 50
7 26 16 78 84 75
7 27 18 77 72 78
7 28 46 56 53 45
7 29 35 63 59 55
7 30 54 52 47 40
7 31 96 12 6 5
7 32 11 76 88 78
7 33 81 19 27 22
7 34 90 15 12 14
7 35 60 48 39 46
7 36 89 13 19 12
7 37 18 74 83 75
8 9 51 50 52 55
8 10 90 15 10 15
8 11 3 83 85 96
8 12 0 95 89 90
8 13 27 72 76 71
8 14 44 55 61 60
8 15 71 24 33 26
8 16 84 16 24 20
8 17 80 25 21 17
8 18 14 79 80 87
8 19 12 87 78 86
8 20 63 36 35 40
8 21 88 14 22 11
8 22 99 12 11 2
8 23 60 36 42 37
8 24 56 43 49 49
8 25 3 89 91 94
8 26 99 5 5 7
8 27 75 35 23 28
8 28 80 28 25 19
8 29 93 14 9 5
8 30 68 30 28 39
8 31 3 83 84 90
8 32 31 64 67 62
8 33 54 46 39 42
8 34 27 66 66 63
8 35 7 83 80 92
8 36 33 64 56 69
8 37 25 69 76 68
9 10 53 52 44 52
9 11 62 42 34 33
9 12 32 59 60 66
9 13 55 45 45 40
9 14 75 34 30 29
9 15 65 43 41 29
9 16 30 72 73 69
9 17 42 61 55 50
9 18 24 69 77 69
9 19 9 81 79 83
9 20 23 72 77 73
9 21 50 53 45 56
9 22 74 33 22 21
9 23 57 45 41 46
9 24 84 17 25 25
9 25 28 62 72 63
9 26 15 84 78 86
9 27 94 5 7 11
9 28 96 6 4 17
9 29 47 55 45 56
9 30 41 59 50 60
9 31 95 13 6 8
9 32 27 73 70 68
9 33 9 77 90 81
9 34 62 32 40 34
9 35 4 88 86 95
9 36 75 25 27 30
9 37 31 63 68 57
10 11 22 76 76 67
10 12 50 45 46 53
10 13 56 48 39 47
10 14 79 29 31 20
10 15 23 68 66 69
10 16 7 87 83 84
10 17 74 23 31 24
10 18 7 78 81 93
10 19 47 48 47 53
10 20 44 51 47 55
10 21 31 64 71 63
10 22 5 87 87 87
10 23 67 27 35 41
10 24 78 25 22 31
10 25 35 68 66 67
10 26 27 68 68 65
10 27 15 76 74 72
10 28 78 19 22 31
10 29 94 15 7 4
10 30 8 79 88 79
10 31 62 38 39 34
10 32 67 39 35 34
10 33 56 38 39 38
10 34 11 88 84 86
10 35 75 26 30 29
10 36 26 64 69 67
10 37 19 79 83 74
11 12 57 44 46 37
11 13 60 37 46 46
11 14 1 97 92 92
11 15 33 58 58 65
11 16 65 32 43 30
11 17 27 75 76 71
11 18 75 35 29 28
11 19 33 65 60 62
11 20 12 77 83 81
11 21 15 72 77 77
11 22 28 64 61 62
11 23 10 77 90 82
11 24 33 61 71 65
11 25 23 70 76 78
11 26 87 16 24 16
11 27 83 21 25 18
11 28 51 52 49 51
11 29 3 93 85 84
11 30 9 80 90 83
11 31 75 25 24 23
11 32 15 86 80 83
11 33 24 77 78 75
11 34 38 58 61 63
11 35 10 79 88 86
11 36 16 78 75 71
11 37 64 34 33 39
12 13 46 58 45 55
12 14 18 82 84 75
12 15 58 38 46 42
12 16 95 11 18 7
12 17 48 56 46 45
12 18 61 39 33 41
12 19 90 16 11 16
12 20 5 85 87 92
12 21 91 13 20 17
12 22 48 52 54 44
12 23 39 66 62 64
12 24 99 7 11 7
12 25 56 39 49 51
12 26 50 50 53 49
12 27 7 78 79 79
12 28 30 62 64 69
12 29 77 29 20 20
12 30 38 54 57 53
12 31 0 85 99 88
12 32 85 22 20 23
12 33 32 58 61 68
12 34 22 75 72 77
12 35 53 49 48 51
12 36 24 70 69 73
12 37 32 59 71 70
13 14 44 56 54 56
13 15 26 64 67 72
13 16 61 46 33 47
13 17 7 87 85 85
13 18 94 6 14 12
13 19 33 61 71 61
13 20 31 60 59 59
13 21 56 38 47 43
13 22 38 60 62 54
13 23 65 42 33 32
13 24 39 66 61 54
13 25 10 86 82 85
13 26 51 51 49 50
13 27 54 38 43 47
13 28 80 29 16 17
13 29 31 61 71 64
13 30 94 8 15 9
13 31 57 38 48 45
13 32 4 92 89 89
13 33 0 85 88 97
13 34 29 61 61 62
13 35 19 76 78 69
13 36 1 89 94 97
13 37 58 49 42 49
14 15 52 52 55 47
14 16 73 36 24 25
14 17 15 74 85 80
14 18 32 66 61 61
14 19 57 40 39 36
14 20 46 60 50 54
14 21 15 73 80 75
14 22 94 6 6 13
14 23 25 65 70 77
14 24 51 42 43 49
14 25 4 90 86 84
14 26 36 69 56 65
14 27 41 62 52 61
14 28 60 44 45 41
14 29 40 55 63 53
14 30 94 13 13 7
14 31 85 21 23 27
14 32 3 92 82 83
14 33 61 33 37 36
14 34 4 87 85 91
14 35 54 38 43 40
14 36 77 21 29 29
14 37 40 56 57 58
15 16 40 54 50 55
15 17 38 53 62 56
15 18 71 31 38 29
15 19 32 58 60 70
15 20 67 41 38 39
15 21 38 66 66 54
15 22 33 64 63 60
15 23 96 16 8 10
15 24 91 20 9 9
15 25 11 84 76 85
15 26 86 11 20 21
15 27 26 64 76 66
15 28 13 85 87 76
15 29 53 44 40 45
15 30 80 20 27 30
15 31 56 45 48 44
15 32 38 55 65 64
15 33 48 49 47 56
15 34 29 73 71 61
15 35 99 2 6 4
15 36 71 28 31 36
15 37 70 33 27 34
16 17 3 96 95 92
16 18 45 52 58 53
16 19 75 31 27 23
16 20 13 79 81 81
16 21 67 37 40 34
16 22 53 43 40 50
16 23 46 49 53 47
16 24 12 84 77 82
16 25 69 34 37 33
16 26 27 70 65 75
16 27 28 70 73 61
16 28 76 32 29 28
16 29 1 93 89 90
16 30 87 19 21 25
16 31 84 26 19 14
16 32 89 22 19 20
16 33 71 26 25 28
16 34 11 78 83 83
16 35 60 40 47 45
16 36 98 11 3 12
16 37 95 12 9 14
17 18 12 87 80 79
17 19 35 64 54 65
17 20 81 15 21 17
17 21 79 23 21 22
17 22 81 17 29 21
17 23 5 84 94 90
17 24 92 7 18 17
17 25 76 29 34 29
17 26 49 45 43 48
17 27 83 25 21 19
17 28 2 95 97 95
17 29 51 50 51 54
17 30 38 58 54 61
17 31 66 33 39 33
17 32 54 41 43 42
17 33 35 61 61 61
17 34 51 55 54 42
17 35 59 34 39 47
17 36 82 23 22 29
17 37 42 59 56 51
18 19 10 77 90 79
18 20 85 17 13 14
18 21 25 67 64 67
18 22 90 18 20 15
18 23 60 46 37 38
18 24 51 42 50 54
18 25 15 75 78 82
18 26 95 4 18 10
18 27 47 53 47 45
18 28 4 89 95 95
18 29 14 85 84 74
18 30 62 37 44 42
18 31 62 34 42 38
18 32 99 15 11 12
18 33 37 64 58 66
18 34 84 24 25 20
18 35 42 52 55 57
18 36 67 32 41 29
18 37 39 56 62 60
19 20 81 22 18 24
19 21 28 66 66 62
19 22 40 50 63 52
19 23 68 37 41 40
19 24 53 48 41 46
19 25 24 70 69 70
19 26 52 55 53 47
19 27 55 51 40 43
19 28 69 32 29 37
19 29 23 68 77 72
19 30 92 11 13 10
19 31 83 24 19 16
19 32 96 3 7 3
19 33 0 88 93 87
19 34 77 21 33 28
19 35 89 12 13 15
19 36 56 49 40 42
19 37 0 92 94 90
20 21 52 40 50 40
20 22 21 72 79 67
20 23 8 92 91 86
20 24 39 55 60 61
20 25 62 34 35 36
20 26 95 8 18 13
20 27 65 35 43 39
20 28 76 31 25 31
20 29 50 57 52 47
20 30 94 17 8 11
20 31 38 57 59 53
20 32 99 6 4 1
20 33 68 30 35 36
20 34 48 46 53 53
20 35 87 21 16 15
20 36 25 71 64 71
20 37 31 58 71 64
21 22 88 13 17 11
21 23 38 58 65 63
21 24 6 92 82 82
21 25 43 51 57 61
21 26 1 83 84 92
21 27 83 20 14 24
21 28 78 25 25 24
21 29 58 47 35 48
21 30 21 78 68 75
21 31 52 51 44 43
21 32 39 58 56 59
21 33 44 53 49 55
21 34 67 41 34 35
21 35 75 30 34 33
21 36 24 69 65 77
21 37 22 79 75 67
22 23 6 92 88 91
22 24 31 71 71 63
22 25 61 47 33 43
22 26 65 34 43 40
22 27 25 69 69 71
22 28 53 52 43 40
22 29 40 60 59 51
22 30 3 86 96 85
22 31 81 22 22 20
22 32 40 55 65 64
22 33 56 39 45 37
22 34 31 71 69 65
22 35 50 54 55 52
22 36 0 86 96 94
22 37 52 49 55 47
23 24 10 84 91 78
23 25 54 52 47 49
23 26 99 13 10 11
23 27 86 24 17 15
23 28 6 82 89 82
23 29 39 61 63 51
23 30 73 32 35 24
23 31 17 76 74 80
23 32 43 48 58 60
23 33 85 21 22 18
23 34 6 85 83 91
23 35 28 66 66 72
23 36 59 49 34 38
23 37 41 56 59 53
24 25 74 24 22 34
24 26 35 63 63 63
24 27 28 72 68 74
24 28 5 84 82 82
24 29 99 5 9 3
24 30 11 81 80 83
24 31 31 66 61 68
24 32 53 43 52 47
24 33 45 47 58 54
24 34 80 18 30 20
24 35 18 73 83 77
24 36 32 60 58 61
24 37 57 39 45 47
25 26 90 20 18 10
25 27 31 65 68 58
25 28 28 67 63 71
25 29 51 55 44 47
25 30 81 18 23 19
25 31 54 46 53 48
25 32 42 53 62 54
25 33 54 51 52 47
25 34 36 59 68 54
25 35 1 93 84 94
25 36 88 11 15 17
25 37 4 91 83 93
26 27 62 45 46 40
26 28 84 19 18 23
26 29 10 90 86 81
26 30 59 44 39 43
26 31 15 72 83 73
26 32 53 40 53 48
26 33 0 97 94 91
26 34 71 34 38 24
26 35 33 64 62 61
26 36 68 34 30 29
26 37 35 55 58 58
27 28 74 33 30 23
27 29 19 81 68 75
27 30 10 81 89 83
27 31 28 63 65 67
27 32 70 35 32 39
27 33 30 61 70 66
27 34 61 39 42 36
27 35 4 85 81 81
27 36 26 77 74 66
27 37 64 35 41 34
28 29 5 83 81 90
28 30 14 73 84 76
28 31 64 41 38 44
28 32 72 28 34 33
28 33 82 16 20 17
28 34 6 79 80 83
28 35 46 60 59 53
28 36 99 15 14 8
28 37 20 78 70 82
29 30 85 16 17 20
29 31 12 86 77 87
29 32 44 60 49 56
29 33 57 45 49 38
29 34 32 59 66 63
29 35 56 46 51 42
29 36 51 56 48 46
29 37 86 14 19 17
30 31 80 24 25 26
30 32 41 60 61 62
30 33 45 60 58 46
30 34 78 28 32 26
30 35 92 11 6 20
30 36 11 81 89 86
30 37 48 52 45 57
31 32 37 54 56 66
31 33 37 67 64 60
31 34 50 42 45 48
31 35 47 47 59 59
31 36 61 46 47 41
31 37 45 61 60 55
32 33 34 64 59 59
32 34 7 90 91 89
32 35 67 38 35 37
32 36 98 11 14 6
32 37 53 44 49 41
33 34 88 18 22 13
33 35 46 52 55 49
33 36 40 53 63 64
33 37 39 58 52 65
34 35 16 74 83 78
34 36 32 68 70 57
34 37 10 86 77 90
35 36 39 64 64 64
35 37 63 42 40 44
36 37 95 17 14 11
