40 4
0.3 0 0 0.7
0 1 13 88 77 60
0 2 17 59 61 70
0 3 25 84 41 45
0 4 29 48 78 55
0 5 97 44 49 50
0 6 29 52 57 73
0 7 29 43 36 44
0 8 79 43 45 23
0 9 10 85 68 64
0 10 97 22 43 8
0 11 78 41 14 51
0 12 80 41 20 52
0 13 95 24 28 30
0 14 10 61 68 61
0 15 70 41 38 25
0 16 87 36 12 38
0 17 29 84 72 52
0 18 54 36 46 65
0 19 7 69 77 64
0 20 29 38 77 39
0 21 44 49 38 28
0 22 8 78 68 77
0 23 13 68 47 68
0 24 6 64 88 84
0 25 37 47 74 70
0 26 30 46 40 59
0 27 88 23 28 36
0 28 90 35 13 21
0 29 31 80 80 71
0 30 55 48 53 53
0 31 2 67 74 50
0 32 12 64 61 68
0 33 92 20 42 5
0 34 41 64 53 33
0 35 27 63 73 66
0 36 52 45 68 65
0 37 9 87 54 63
0 38 18 60 79 51
0 39 56 56 49 42
1 2 64 33 61 63
1 3 53 35 36 64
1 4 10 46 58 47
1 5 96 38 7 17
1 6 91 42 23 47
1 7 93 14 23 25
1 8 67 22 27 39
1 9 98 1 37 37
1 10 26 83 79 80
1 11 93 40 11 36
1 12 84 21 21 40
1 13 99 34 41 1
1 14 13 78 64 83
1 15 89 38 6 12
1 16 63 44 67 18
1 17 41 61 40 44
1 18 21 72 43 45
1 19 98 34 7 43
1 20 68 30 48 20
1 21 28 40 44 63
1 22 21 51 83 83
1 23 57 59 61 35
1 24 33 55 82 67
1 25 28 56 36 53
1 26 59 35 64 38
1 27 52 49 41 64
1 28 91 27 51 22
1 29 85 16 50 50
1 30 68 15 59 38
1 31 51 57 49 45
1 32 31 39 65 47
1 33 15 85 87 71
1 34 53 70 69 35
1 35 57 61 32 43
1 36 57 39 41 49
1 37 45 37 27 67
1 38 78 55 14 49
1 39 67 40 21 32
2 3 34 69 36 77
2 4 3 96 55 70
2 5 67 59 56 60
2 6 44 45 69 61
2 7 47 33 64 69
2 8 36 70 39 78
2 9 35 57 34 69
2 10 52 42 38 51
2 11 9 81 91 80
2 12 35 60 52 53
2 13 85 31 27 38
2 14 11 87 69 84
2 15 40 71 64 53
2 16 22 75 78 71
2 17 80 23 23 13
2 18 65 39 35 32
2 19 26 61 68 65
2 20 66 35 44 53
2 21 72 58 24 33
2 22 3 74 67 61
2 23 48 72 69 61
2 24 4 87 63 87
2 25 49 52 29 69
2 26 40 78 34 57
2 27 2 59 69 80
2 28 92 45 49 45
2 29 21 70 47 40
2 30 47 33 43 59
2 31 11 80 89 85
2 32 98 48 45 4
2 33 61 57 20 30
2 34 61 56 53 68
2 35 67 33 29 17
2 36 29 46 53 64
2 37 3 72 95 85
2 38 87 30 17 46
2 39 93 14 40 38
3 4 98 17 35 39
3 5 63 61 53 50
3 6 32 38 39 75
3 7 34 64 57 35
3 8 51 57 42 68
3 9 64 50 66 18
3 10 37 62 61 33
3 11 97 11 22 41
3 12 16 79 75 62
3 13 62 20 43 57
3 14 95 39 24 26
3 15 30 83 76 74
3 16 83 28 31 50
3 17 40 33 78 62
3 18 96 5 34 20
3 19 41 61 77 29
3 20 61 58 46 32
3 21 15 63 42 52
3 22 94 5 47 7
3 23 9 72 77 64
3 24 21 58 56 56
3 25 40 73 57 58
3 26 11 51 53 93
3 27 40 34 67 54
3 28 77 42 55 56
3 29 8 74 93 72
3 30 3 77 88 68
3 31 23 58 40 66
3 32 40 50 55 59
3 33 83 33 36 23
3 34 5 83 53 66
3 35 37 67 56 49
3 36 91 39 39 16
3 37 47 34 71 45
3 38 93 43 7 30
3 39 58 37 40 31
4 5 21 43 88 75
4 6 40 30 72 50
4 7 50 59 53 60
4 8 99 38 44 38
4 9 98 22 26 34
4 10 99 45 1 32
4 11 68 29 59 25
4 12 90 28 54 41
4 13 78 36 34 11
4 14 4 65 80 62
4 15 26 44 67 65
4 16 97 45 3 6
4 17 90 22 9 18
4 18 85 21 46 55
4 19 86 40 47 30
4 20 86 26 25 13
4 21 13 80 72 86
4 22 99 20 38 6
4 23 9 87 66 67
4 24 76 40 29 25
4 25 54 52 50 29
4 26 27 49 47 57
4 27 6 49 86 74
4 28 72 33 57 35
4 29 4 87 73 79
4 30 12 93 91 51
4 31 46 31 61 69
4 32 97 47 48 30
4 33 62 36 47 37
4 34 15 80 64 84
4 35 4 82 74 73
4 36 45 70 56 49
4 37 4 65 97 64
4 38 11 83 71 55
4 39 22 70 78 44
5 6 67 21 58 54
5 7 83 16 49 46
5 8 66 20 41 43
5 9 11 53 64 54
5 10 78 44 43 20
5 11 99 22 5 43
5 12 44 46 59 30
5 13 28 37 57 79
5 14 34 49 81 72
5 15 24 58 48 61
5 16 36 76 35 33
5 17 11 48 87 49
5 18 90 43 49 39
5 19 71 63 27 34
5 20 5 65 57 66
5 21 41 58 48 77
5 22 97 8 23 23
5 23 87 18 48 44
5 24 15 48 70 51
5 25 69 62 38 24
5 26 31 45 78 55
5 27 88 38 15 39
5 28 31 82 82 42
5 29 5 80 89 93
5 30 78 47 42 25
5 31 4 86 51 55
5 32 45 50 75 58
5 33 87 8 38 14
5 34 99 11 41 47
5 35 90 22 20 7
5 36 20 79 72 53
5 37 27 78 55 63
5 38 54 28 53 55
5 39 87 25 21 49
6 7 74 22 62 53
6 8 32 59 69 40
6 9 67 61 43 60
6 10 33 60 53 58
6 11 54 66 49 42
6 12 6 50 61 47
6 13 83 14 10 51
6 14 0 87 50 88
6 15 15 81 83 91
6 16 69 34 33 43
6 17 64 45 28 42
6 18 46 33 64 72
6 19 49 59 67 58
6 20 32 66 81 78
6 21 17 89 52 73
6 22 12 76 60 66
6 23 84 55 29 7
6 24 82 25 21 29
6 25 40 30 34 44
6 26 38 38 33 52
6 27 21 59 73 74
6 28 49 40 35 38
6 29 6 87 55 72
6 30 45 41 64 61
6 31 38 44 49 72
6 32 60 46 42 55
6 33 69 18 55 34
6 34 24 55 79 76
6 35 16 88 68 70
6 36 31 79 77 59
6 37 84 43 19 25
6 38 13 81 68 66
6 39 70 24 51 29
7 8 56 32 67 66
7 9 58 25 60 69
7 10 8 77 59 85
7 11 47 34 46 49
7 12 66 53 26 44
7 13 42 76 36 42
7 14 24 72 77 76
7 15 1 70 75 91
7 16 22 45 84 60
7 17 42 47 71 31
7 18 39 62 76 79
7 19 41 67 35 31
7 20 81 49 20 10
7 21 39 56 33 72
7 22 56 32 39 31
7 23 11 55 46 93
7 24 66 63 36 28
7 25 76 48 47 61
7 26 26 45 67 81
7 27 48 41 34 54
7 28 53 46 66 31
7 29 93 33 35 49
7 30 70 60 16 20
7 31 16 52 87 73
7 32 47 60 73 46
7 33 63 21 21 49
7 34 18 68 43 86
7 35 82 17 38 49
7 36 4 94 74 59
7 37 97 8 22 30
7 38 5 82 62 68
7 39 28 36 36 58
8 9 16 84 66 48
8 10 7 64 86 54
8 11 76 16 29 38
8 12 70 34 32 42
8 13 23 68 78 47
8 14 60 53 54 26
8 15 0 84 69 89
8 16 53 64 54 42
8 17 51 57 68 53
8 18 35 37 81 41
8 19 39 46 64 51
8 20 59 63 35 35
8 21 61 59 39 66
8 22 93 29 51 34
8 23 90 7 46 46
8 24 2 52 50 54
8 25 31 62 62 57
8 26 32 35 62 72
8 27 6 91 88 64
8 28 32 34 82 34
8 29 85 14 41 34
8 30 51 45 55 51
8 31 40 38 73 65
8 32 43 35 54 55
8 33 94 25 51 3
8 34 32 57 64 41
8 35 48 70 42 41
8 36 10 49 92 62
8 37 94 18 47 10
8 38 74 54 16 60
8 39 9 85 63 82
9 10 59 24 30 51
9 11 51 36 60 58
9 12 24 61 77 61
9 13 45 76 62 55
9 14 68 25 23 15
9 15 26 56 55 55
9 16 71 24 63 15
9 17 57 71 25 60
9 18 26 79 71 55
9 19 5 77 52 74
9 20 4 64 92 54
9 21 80 51 11 24
9 22 79 10 36 34
9 23 45 45 35 72
9 24 45 75 54 45
9 25 89 55 49 28
9 26 73 49 15 23
9 27 97 41 28 50
9 28 74 57 43 19
9 29 30 84 64 81
9 30 95 3 50 32
9 31 84 12 57 26
9 32 4 67 87 97
9 33 83 50 50 24
9 34 86 26 24 44
9 35 23 81 74 85
9 36 43 49 45 46
9 37 90 22 30 7
9 38 73 32 29 27
9 39 63 19 49 19
10 11 70 18 33 24
10 12 55 69 29 52
10 13 74 35 16 35
10 14 17 78 77 83
10 15 67 56 50 54
10 16 64 39 64 26
10 17 54 25 38 28
10 18 21 85 66 69
10 19 52 70 71 63
10 20 29 63 72 56
10 21 32 78 46 62
10 22 88 7 54 42
10 23 4 89 96 92
10 24 85 40 30 34
10 25 52 43 48 66
10 26 50 71 41 37
10 27 29 36 79 82
10 28 70 56 33 57
10 29 27 81 66 77
10 30 21 73 83 61
10 31 9 84 53 51
10 32 41 37 45 36
10 33 58 35 24 29
10 34 9 77 78 69
10 35 6 75 48 57
10 36 56 54 57 43
10 37 78 55 52 29
10 38 53 70 65 71
10 39 0 98 91 68
11 12 59 65 47 48
11 13 51 42 40 32
11 14 0 97 56 70
11 15 43 55 72 40
11 16 44 71 77 47
11 17 5 63 54 94
11 18 4 86 48 87
11 19 72 57 34 23
11 20 94 24 30 17
11 21 6 87 74 89
11 22 79 20 27 13
11 23 29 48 39 64
11 24 1 93 73 65
11 25 8 51 64 63
11 26 33 82 82 82
11 27 28 39 53 75
11 28 13 88 83 71
11 29 62 32 51 65
11 30 55 43 22 46
11 31 95 51 36 47
11 32 66 52 24 18
11 33 29 58 53 75
11 34 59 57 36 46
11 35 30 61 49 72
11 36 78 27 36 41
11 37 70 34 57 62
11 38 1 88 86 93
11 39 80 55 24 43
12 13 81 12 54 35
12 14 86 24 53 17
12 15 59 32 57 39
12 16 96 1 45 48
12 17 14 74 84 82
12 18 48 35 44 27
12 19 12 81 65 77
12 20 61 30 46 53
12 21 84 39 31 56
12 22 71 26 62 25
12 23 19 76 75 64
12 24 55 37 22 28
12 25 9 67 49 47
12 26 88 9 18 10
12 27 45 61 65 76
12 28 96 26 8 44
12 29 73 26 56 57
12 30 57 29 66 47
12 31 31 37 49 49
12 32 94 37 6 38
12 33 59 48 46 41
12 34 80 11 37 55
12 35 90 51 31 54
12 36 46 61 52 59
12 37 85 50 9 13
12 38 96 3 41 30
12 39 69 64 54 19
13 14 65 62 27 29
13 15 59 24 42 67
13 16 5 88 94 92
13 17 48 73 73 70
13 18 50 34 40 56
13 19 96 6 12 26
13 20 71 17 23 19
13 21 51 34 64 44
13 22 49 25 45 46
13 23 57 35 61 43
13 24 20 67 63 81
13 25 66 30 24 46
13 26 27 51 84 41
13 27 12 92 93 62
13 28 59 53 34 63
13 29 44 42 76 59
13 30 65 54 52 24
13 31 36 69 52 61
13 32 15 56 58 81
13 33 76 43 21 44
13 34 59 60 35 40
13 35 82 56 38 17
13 36 34 36 43 63
13 37 92 48 34 6
13 38 86 26 37 49
13 39 64 20 64 26
14 15 4 80 95 50
14 16 50 53 37 46
14 17 71 38 57 38
14 18 96 8 26 24
14 19 88 48 44 39
14 20 46 57 68 61
14 21 13 55 76 57
14 22 6 83 51 87
14 23 83 15 27 49
14 24 74 62 54 33
14 25 32 44 36 66
14 26 21 82 73 56
14 27 19 89 59 46
14 28 43 43 67 43
14 29 23 77 60 63
14 30 99 33 45 37
14 31 15 47 50 76
14 32 90 26 41 42
14 33 3 50 63 93
14 34 52 69 29 30
14 35 58 40 58 43
14 36 18 53 63 76
14 37 55 23 23 68
14 38 37 72 79 45
14 39 71 35 61 37
15 16 41 50 54 71
15 17 9 66 62 76
15 18 28 58 52 74
15 19 24 38 38 69
15 20 86 23 50 53
15 21 77 50 43 22
15 22 63 62 63 28
15 23 12 64 91 59
15 24 86 16 48 30
15 25 45 29 65 49
15 26 83 16 31 23
15 27 86 7 55 41
15 28 84 50 20 21
15 29 18 77 83 87
15 30 20 39 61 77
15 31 15 90 58 66
15 32 27 70 54 40
15 33 77 43 53 51
15 34 37 67 55 71
15 35 10 73 66 76
15 36 48 57 50 72
15 37 29 42 55 59
15 38 86 16 52 52
15 39 85 44 17 37
16 17 73 25 55 62
16 18 70 61 33 37
16 19 41 52 47 41
16 20 14 58 61 44
16 21 86 36 27 52
16 22 87 51 7 46
16 23 19 81 44 87
16 24 12 79 64 62
16 25 43 58 51 31
16 26 25 44 48 80
16 27 52 41 36 40
16 28 32 52 56 40
16 29 26 86 63 86
16 30 11 47 52 81
16 31 21 58 72 52
16 32 82 54 30 48
16 33 20 72 67 60
16 34 17 62 64 82
16 35 71 35 21 22
16 36 6 68 64 70
16 37 39 39 37 56
16 38 84 26 14 24
16 39 79 59 60 24
17 18 71 42 31 55
17 19 61 26 50 59
17 20 98 43 39 4
17 21 28 64 43 75
17 22 66 41 59 45
17 23 4 93 88 56
17 24 90 36 25 11
17 25 73 52 34 35
17 26 83 16 31 11
17 27 79 34 41 47
17 28 88 34 36 47
17 29 42 63 61 58
17 30 46 44 39 32
17 31 59 28 58 51
17 32 75 19 60 48
17 33 16 69 47 47
17 34 6 48 75 51
17 35 68 56 62 24
17 36 37 33 69 36
17 37 43 47 74 47
17 38 64 66 34 48
17 39 49 49 42 39
18 19 18 68 42 48
18 20 43 41 48 65
18 21 5 55 51 82
18 22 15 83 51 87
18 23 96 19 19 44
18 24 20 74 66 52
18 25 23 38 76 87
18 26 33 67 37 61
18 27 49 73 49 65
18 28 33 66 59 54
18 29 8 87 67 55
18 30 61 29 27 33
18 31 50 35 66 61
18 32 69 42 49 54
18 33 37 37 73 36
18 34 81 43 23 43
18 35 8 90 49 85
18 36 50 51 34 44
18 37 94 8 43 7
18 38 33 72 33 72
18 39 42 30 34 56
19 20 64 25 18 34
19 21 57 60 36 67
19 22 1 58 94 61
19 23 78 37 36 17
19 24 83 13 55 49
19 25 85 8 34 56
19 26 45 72 32 31
19 27 56 39 27 60
19 28 84 26 36 29
19 29 3 54 54 65
19 30 85 25 37 51
19 31 98 11 30 48
19 32 96 37 9 38
19 33 83 17 41 51
19 34 10 71 58 76
19 35 67 42 18 36
19 36 10 67 90 91
19 37 50 59 49 44
19 38 33 34 43 68
19 39 3 90 92 64
20 21 70 53 17 17
20 22 69 21 50 53
20 23 40 36 68 50
20 24 10 55 67 48
20 25 86 36 24 41
20 26 16 60 53 65
20 27 95 12 20 29
20 28 81 27 14 32
20 29 87 53 32 23
20 30 33 40 52 49
20 31 77 46 39 34
20 32 41 49 43 58
20 33 19 60 75 45
20 34 47 48 50 59
20 35 24 46 44 44
20 36 87 10 42 44
20 37 87 13 11 34
20 38 21 88 59 51
20 39 21 43 80 75
21 22 39 49 38 69
21 23 15 69 80 69
21 24 31 53 76 64
21 25 89 12 27 44
21 26 78 37 50 24
21 27 26 61 52 73
21 28 89 16 15 11
21 29 27 84 55 54
21 30 37 34 60 64
21 31 74 57 25 27
21 32 85 53 12 8
21 33 35 39 62 37
21 34 43 55 64 77
21 35 61 51 44 34
21 36 48 70 32 52
21 37 50 51 57 37
21 38 49 57 66 31
21 39 11 51 72 66
22 23 14 79 90 43
22 24 65 44 17 41
22 25 26 74 54 44
22 26 93 39 15 47
22 27 63 64 36 32
22 28 17 55 54 90
22 29 45 51 64 39
22 30 78 31 48 16
22 31 1 60 98 63
22 32 20 43 56 70
22 33 81 28 43 34
22 34 89 17 28 20
22 35 59 49 43 51
22 36 4 90 50 88
22 37 21 85 78 71
22 38 97 34 26 12
22 39 7 94 91 64
23 24 90 43 53 34
23 25 83 53 48 35
23 26 20 74 89 65
23 27 98 11 27 44
23 28 87 31 19 13
23 29 44 29 38 44
23 30 18 54 62 51
23 31 11 53 72 65
23 32 18 43 76 44
23 33 90 44 24 13
23 34 77 60 53 45
23 35 83 10 53 34
23 36 96 21 39 32
23 37 90 28 40 25
23 38 63 62 53 33
23 39 9 88 59 92
24 25 27 37 84 71
24 26 39 70 61 58
24 27 68 33 30 22
24 28 81 31 33 55
24 29 46 33 67 75
24 30 55 56 49 53
24 31 35 66 34 48
24 32 31 56 45 60
24 33 59 23 32 25
24 34 18 46 69 83
24 35 25 85 79 78
24 36 57 46 62 46
24 37 21 65 73 85
24 38 89 14 7 50
24 39 5 59 56 49
25 26 30 45 42 79
25 27 32 78 34 67
25 28 33 63 68 65
25 29 31 56 79 75
25 30 43 38 33 37
25 31 44 62 61 44
25 32 31 42 81 80
25 33 31 55 84 59
25 34 81 17 10 33
25 35 70 23 41 62
25 36 41 48 46 63
25 37 21 57 52 68
25 38 47 47 66 65
25 39 52 62 36 58
26 27 54 40 36 30
26 28 78 37 30 48
26 29 67 24 29 29
26 30 7 71 52 50
26 31 22 58 88 81
26 32 45 62 65 58
26 33 73 57 53 52
26 34 10 69 45 89
26 35 71 23 47 21
26 36 30 48 70 59
26 37 96 20 32 23
26 38 85 15 13 28
26 39 70 62 46 48
27 28 60 42 62 27
27 29 15 84 47 87
27 30 4 49 62 94
27 31 16 41 42 74
27 32 26 78 41 81
27 33 50 37 67 30
27 34 51 34 50 60
27 35 46 59 62 64
27 36 41 74 70 40
27 37 45 43 65 37
27 38 21 74 62 57
27 39 12 50 85 63
28 29 8 53 84 66
28 30 22 82 59 79
28 31 66 35 64 56
28 32 97 4 21 43
28 33 84 10 8 43
28 34 55 62 48 35
28 35 21 62 56 45
28 36 22 54 47 71
28 37 81 9 46 48
28 38 45 52 37 72
28 39 64 36 33 61
29 30 68 28 57 37
29 31 31 48 81 39
29 32 36 47 77 77
29 33 41 38 31 30
29 34 24 45 39 83
29 35 62 19 42 42
29 36 95 48 30 30
29 37 96 2 39 37
29 38 42 44 72 38
29 39 70 28 44 33
30 31 24 70 45 49
30 32 81 17 10 38
30 33 48 66 30 65
30 34 56 41 52 61
30 35 41 32 78 32
30 36 61 54 63 49
30 37 71 48 40 42
30 38 84 50 33 15
30 39 24 55 46 55
31 32 59 50 28 61
31 33 45 73 41 43
31 34 46 40 46 69
31 35 21 54 78 61
31 36 23 73 59 62
31 37 83 16 54 44
31 38 29 39 36 58
31 39 14 48 55 47
32 33 8 47 87 74
32 34 82 29 38 57
32 35 4 82 75 70
32 36 5 76 96 58
32 37 44 42 28 30
32 38 65 41 26 39
32 39 81 32 23 39
33 34 53 55 53 67
33 35 15 58 54 63
33 36 48 50 68 65
33 37 38 74 48 57
33 38 71 45 38 60
33 39 21 79 53 88
34 35 91 25 10 42
34 36 49 46 59 52
34 37 67 44 42 25
34 38 5 83 96 88
34 39 36 73 37 39
35 36 54 41 49 24
35 37 46 26 51 38
35 38 6 76 60 62
35 39 43 52 33 51
36 37 59 64 55 40
36 38 47 48 67 48
36 39 65 57 61 21
37 38 23 69 67 74
37 39 96 13 15 44
38 39 85 54 47 39
