50 4
0.6 0 0 0.4
0 1 80 27 23 20
0 2 12 82 81 81
0 3 0 86 91 96
0 4 47 59 56 58
0 5 93 7 9 7
0 6 57 45 43 47
0 7 8 80 92 82
0 8 96 17 7 14
0 9 3 92 88 84
0 10 68 37 26 26
0 11 4 92 95 90
0 12 86 15 26 17
0 13 33 58 62 61
0 14 41 57 50 54
0 15 84 18 18 20
0 16 17 79 77 71
0 17 96 11 5 15
0 18 84 20 23 23
0 19 20 80 69 68
0 20 93 5 16 13
0 21 61 40 38 47
0 22 84 25 28 27
0 23 32 62 66 69
0 24 82 18 28 28
0 25 42 56 61 61
0 26 81 19 23 20
0 27 9 82 82 77
0 28 40 53 52 50
0 29 51 42 47 56
0 30 73 34 30 31
0 31 17 73 83 83
0 32 6 82 87 81
0 33 67 29 40 33
0 34 83 21 24 22
0 35 39 61 65 65
0 36 68 38 33 32
0 37 18 84 73 76
0 38 24 72 76 76
0 39 96 4 5 3
0 40 58 37 37 43
0 41 86 16 12 11
0 42 32 72 57 69
0 43 54 47 48 39
0 44 2 96 91 96
0 45 85 13 18 25
0 46 3 84 89 82
0 47 95 6 12 11
0 48 51 55 49 47
0 49 22 73 73 79
1 2 27 65 67 74
1 3 31 61 70 71
1 4 83 15 28 28
1 5 7 85 81 83
1 6 57 42 51 45
1 7 28 74 61 74
1 8 54 50 41 40
1 9 61 35 36 47
1 10 3 86 84 92
1 11 68 39 36 30
1 12 19 79 79 76
1 13 2 83 84 87
1 14 16 75 71 72
1 15 53 45 43 46
1 16 89 22 17 23
1 17 47 58 45 50
1 18 54 49 42 52
1 19 26 64 76 69
1 20 42 54 55 53
1 21 20 73 71 74
1 22 31 68 67 61
1 23 69 29 35 27
1 24 9 78 83 77
1 25 19 78 75 76
1 26 50 47 54 54
1 27 91 12 15 19
1 28 40 55 59 57
1 29 28 74 60 61
1 30 2 83 92 87
1 31 86 18 16 15
1 32 41 49 57 59
1 33 29 64 70 66
1 34 45 60 60 53
1 35 17 80 84 83
1 36 13 79 74 77
1 37 90 21 22 9
1 38 40 51 52 60
1 39 63 36 33 45
1 40 58 37 36 44
1 41 68 29 30 28
1 42 50 54 55 55
1 43 46 51 59 59
1 44 54 40 48 39
1 45 16 77 81 81
1 46 98 6 3 11
1 47 38 58 62 52
1 48 21 67 80 67
1 49 20 69 72 73
2 3 77 21 32 24
2 4 43 60 49 50
2 5 19 80 70 77
2 6 70 31 31 34
2 7 51 45 51 48
2 8 18 74 72 73
2 9 40 59 52 58
2 10 64 38 35 35
2 11 46 48 47 50
2 12 11 80 82 89
2 13 70 30 30 27
2 14 16 73 81 77
2 15 73 33 31 31
2 16 91 17 13 16
2 17 24 69 78 71
2 18 28 74 66 66
2 19 62 42 36 35
2 20 60 35 46 45
2 21 93 19 10 12
2 22 30 68 72 66
2 23 93 10 7 19
2 24 14 76 77 82
2 25 16 84 75 80
2 26 71 28 35 36
2 27 24 76 78 77
2 28 61 35 38 43
2 29 55 39 51 51
2 30 15 80 78 72
2 31 67 38 30 34
2 32 57 50 38 36
2 33 84 23 20 19
2 34 83 14 20 15
2 35 33 58 69 70
2 36 37 60 63 59
2 37 99 8 8 5
2 38 12 84 86 88
2 39 80 18 16 25
2 40 69 33 33 33
2 41 39 57 61 60
2 42 48 47 46 46
2 43 16 74 82 77
2 44 56 46 49 47
2 45 65 39 40 33
2 46 86 13 15 11
2 47 5 91 89 89
2 48 77 28 28 21
2 49 86 11 15 14
3 4 80 23 27 23
3 5 2 97 97 92
3 6 8 89 85 84
3 7 29 73 66 72
3 8 58 40 37 43
3 9 28 67 74 64
3 10 73 24 31 24
3 11 25 64 68 65
3 12 54 43 43 42
3 13 17 73 84 83
3 14 79 26 27 27
3 15 57 43 43 46
3 16 32 64 57 64
3 17 38 63 59 59
3 18 0 85 95 89
3 19 84 15 27 22
3 20 89 20 14 16
3 21 17 77 75 78
3 22 35 61 59 61
3 23 97 13 3 7
3 24 65 40 40 30
3 25 70 39 25 29
3 26 25 66 68 63
3 27 78 26 30 30
3 28 33 57 69 59
3 29 23 74 74 66
3 30 22 75 67 72
3 31 7 85 86 90
3 32 67 36 30 35
3 33 37 64 54 64
3 34 2 92 87 95
3 35 5 81 81 95
3 36 95 16 18 16
3 37 53 42 48 43
3 38 97 10 11 11
3 39 46 60 55 57
3 40 24 76 76 65
3 41 62 35 32 39
3 42 13 85 78 81
3 43 58 40 43 47
3 44 49 52 56 57
3 45 59 47 43 44
3 46 17 74 72 74
3 47 3 93 83 84
3 48 85 17 23 19
3 49 28 68 64 69
4 5 73 34 27 28
4 6 1 86 85 85
4 7 42 59 59 61
4 8 78 31 28 18
4 9 89 15 11 20
4 10 99 13 4 7
4 11 10 78 88 77
4 12 0 95 86 85
4 13 11 88 86 87
4 14 11 81 89 83
4 15 27 70 76 76
4 16 55 40 50 42
4 17 38 58 58 56
4 18 70 31 33 25
4 19 4 89 84 93
4 20 47 56 50 56
4 21 84 13 25 25
4 22 90 13 8 18
4 23 19 78 68 79
4 24 55 47 39 45
4 25 1 86 87 90
4 26 19 69 69 70
4 27 86 17 17 21
4 28 12 75 77 76
4 29 43 61 56 53
4 30 52 51 53 54
4 31 64 33 43 42
4 32 89 23 15 11
4 33 74 32 23 34
4 34 77 19 31 26
4 35 42 62 50 52
4 36 60 40 43 45
4 37 43 57 59 58
4 38 33 71 67 67
4 39 11 85 88 78
4 40 68 35 39 40
4 41 0 94 92 96
4 42 64 44 44 36
4 43 43 51 56 56
4 44 90 20 9 8
4 45 54 41 42 53
4 46 57 48 39 45
4 47 58 40 40 47
4 48 44 59 61 47
4 49 69 39 30 39
5 6 90 21 9 20
5 7 47 58 55 52
5 8 84 25 25 15
5 9 54 50 52 49
5 10 28 70 66 73
5 11 17 80 81 83
5 12 91 20 17 14
5 13 8 90 81 91
5 14 28 71 72 62
5 15 87 14 19 12
5 16 58 39 45 40
5 17 88 19 14 22
5 18 77 30 26 21
5 19 59 44 43 37
5 20 38 61 55 63
5 21 3 83 86 82
5 22 82 18 25 26
5 23 42 53 58 52
5 24 56 44 36 51
5 25 56 47 38 40
5 26 16 81 76 82
5 27 71 33 26 30
5 28 7 80 90 81
5 29 67 31 28 28
5 30 52 50 50 53
5 31 59 39 37 45
5 32 29 72 69 67
5 33 0 96 98 84
5 34 72 36 29 37
5 35 44 50 59 57
5 36 17 83 81 83
5 37 87 11 23 13
5 38 61 44 45 36
5 39 86 22 21 16
5 40 97 4 13 4
5 41 2 86 95 96
5 42 34 60 59 61
5 43 19 82 71 79
5 44 94 6 16 12
5 45 6 81 80 79
5 46 46 58 49 58
5 47 84 20 21 19
5 48 75 24 21 33
5 49 47 57 48 47
6 7 27 73 69 64
6 8 49 47 45 53
6 9 74 32 33 30
6 10 54 52 51 50
6 11 9 82 88 85
6 12 66 30 41 31
6 13 34 69 57 58
6 14 34 57 66 69
6 15 3 86 88 93
6 16 65 41 31 32
6 17 43 55 60 49
6 18 37 57 65 65
6 19 95 15 10 10
6 20 18 72 77 75
6 21 73 34 23 37
6 22 53 53 40 42
6 23 38 58 56 57
6 24 53 50 44 43
6 25 43 60 49 57
6 26 69 31 37 32
6 27 41 51 49 57
6 28 41 60 61 52
6 29 86 20 21 15
6 30 8 79 82 85
6 31 97 10 4 7
6 32 53 49 52 53
6 33 20 71 80 72
6 34 86 25 18 24
6 35 42 61 49 50
6 36 49 50 44 57
6 37 44 60 48 59
6 38 43 54 62 53
6 39 94 4 10 17
6 40 16 73 80 72
6 41 13 75 81 79
6 42 85 12 20 15
6 43 7 92 83 89
6 44 70 34 33 37
6 45 44 56 52 53
6 46 29 70 70 70
6 47 64 37 35 32
6 48 73 29 29 32
6 49 21 68 77 76
7 8 62 36 35 39
7 9 98 12 4 6
7 10 84 21 21 20
7 11 27 66 73 70
7 12 90 18 17 11
7 13 75 23 21 25
7 14 38 64 60 65
7 15 23 66 69 65
7 16 0 91 88 88
7 17 74 35 29 27
7 18 84 25 22 17
7 19 30 68 66 66
7 20 57 43 47 47
7 21 95 18 10 12
7 22 10 87 89 85
7 23 2 85 86 83
7 24 63 32 37 33
7 25 65 38 43 39
7 26 95 7 13 11
7 27 18 78 80 81
7 28 0 88 97 98
7 29 94 17 9 14
7 30 24 75 72 73
7 31 45 55 54 59
7 32 56 46 44 42
7 33 79 25 27 27
7 34 71 35 35 32
7 35 73 33 29 23
7 36 24 66 75 74
7 37 50 45 42 49
7 38 28 65 62 75
7 39 48 52 50 48
7 40 23 71 76 70
7 41 87 12 11 12
7 42 78 31 23 26
7 43 11 82 75 88
7 44 2 92 82 95
7 45 41 57 54 52
7 46 22 75 66 73
7 47 12 82 81 88
7 48 2 95 90 87
7 49 6 86 80 80
8 9 14 83 74 77
8 10 55 41 37 51
8 11 4 94 90 89
8 12 23 75 77 66
8 13 46 48 51 45
8 14 92 16 18 12
8 15 57 42 41 38
8 16 42 62 61 49
8 17 33 57 61 66
8 18 46 50 54 59
8 19 71 31 32 24
8 20 34 58 65 66
8 21 95 14 9 12
8 22 56 41 50 41
8 23 85 18 22 13
8 24 36 67 58 65
8 25 77 33 23 27
8 26 75 27 34 30
8 27 61 34 38 40
8 28 48 44 57 47
8 29 25 70 76 65
8 30 22 79 78 71
8 31 47 47 52 48
8 32 20 70 80 79
8 33 54 45 47 39
8 34 0 96 90 93
8 35 83 17 26 18
8 36 71 38 24 36
8 37 66 37 37 36
8 38 37 66 63 56
8 39 60 35 34 35
8 40 68 35 41 36
8 41 84 27 25 15
8 42 84 15 25 15
8 43 1 92 96 91
8 44 70 26 37 38
8 45 66 36 41 36
8 46 35 68 65 65
8 47 5 88 80 93
8 48 69 38 29 27
8 49 27 64 65 72
9 10 23 69 66 66
9 11 25 69 75 73
9 12 56 44 49 49
9 13 23 68 65 75
9 14 41 50 60 59
9 15 32 64 65 57
9 16 73 28 36 34
9 17 59 43 45 44
9 18 38 53 63 62
9 19 98 13 4 2
9 20 68 39 31 39
9 21 25 72 74 65
9 22 7 85 93 88
9 23 47 57 47 57
9 24 12 76 74 83
9 25 32 71 71 61
9 26 46 53 45 52
9 27 97 7 5 16
9 28 10 88 86 83
9 29 40 56 60 55
9 30 24 66 69 69
9 31 26 71 70 64
9 32 58 38 48 35
9 33 27 76 65 66
9 34 75 33 27 22
9 35 26 76 72 63
9 36 45 50 52 59
9 37 9 79 91 84
9 38 40 61 61 57
9 39 41 63 56 55
9 40 40 65 64 65
9 41 7 90 92 82
9 42 82 26 28 19
9 43 25 74 76 67
9 44 85 24 22 20
9 45 18 77 81 73
9 46 41 64 63 60
9 47 71 25 25 26
9 48 64 37 38 43
9 49 46 59 51 59
10 11 77 24 23 23
10 12 32 58 61 65
10 13 20 79 74 72
10 14 14 79 83 82
10 15 67 34 38 30
10 16 84 20 24 18
10 17 0 93 84 91
10 18 0 95 85 86
10 19 28 75 64 71
10 20 82 22 19 28
10 21 94 12 5 11
10 22 89 14 21 16
10 23 54 39 51 51
10 24 20 76 79 70
10 25 87 14 14 24
10 26 44 47 54 56
10 27 74 31 28 28
10 28 82 15 27 22
10 29 29 62 62 75
10 30 28 73 62 68
10 31 77 28 31 20
10 32 73 37 34 25
10 33 32 60 67 71
10 34 13 86 85 79
10 35 31 64 65 70
10 36 71 28 25 31
10 37 41 52 55 54
10 38 60 40 43 40
10 39 88 19 12 19
10 40 61 46 37 45
10 41 17 83 84 74
10 42 15 84 77 75
10 43 63 43 37 44
10 44 67 35 40 40
10 45 98 5 1 14
10 46 82 21 24 27
10 47 56 45 46 38
10 48 35 58 65 59
10 49 9 91 88 82
11 12 47 52 51 54
11 13 39 58 55 59
11 14 72 24 31 30
11 15 43 58 56 60
11 16 69 26 35 36
11 17 37 66 54 55
11 18 31 59 67 64
11 19 17 79 70 78
11 20 4 94 93 81
11 21 96 7 6 9
11 22 39 52 65 53
11 23 7 92 80 92
11 24 61 40 34 43
11 25 50 47 42 55
11 26 51 55 43 53
11 27 62 37 40 46
11 28 77 20 26 26
11 29 83 18 21 15
11 30 5 92 85 91
11 31 97 10 16 12
11 32 90 17 8 16
11 33 1 90 87 90
11 34 59 49 47 40
11 35 4 94 85 93
11 36 28 75 74 74
11 37 79 31 23 19
11 38 59 47 48 35
11 39 70 32 28 27
11 40 5 85 82 91
11 41 53 49 51 45
11 42 65 42 44 33
11 43 87 20 11 15
11 44 50 49 53 42
11 45 24 68 71 70
11 46 65 39 40 41
11 47 42 56 55 49
11 48 6 88 81 86
11 49 23 72 75 74
12 13 46 55 50 49
12 14 84 13 17 16
12 15 52 51 41 48
12 16 55 47 40 42
12 17 0 88 92 88
12 18 40 58 56 62
12 19 58 41 40 47
12 20 11 89 83 86
12 21 70 26 30 33
12 22 29 73 72 60
12 23 92 17 19 9
12 24 96 7 12 16
12 25 38 61 53 54
12 26 14 87 77 79
12 27 12 82 83 77
12 28 0 93 90 92
12 29 46 58 51 45
12 30 2 84 88 85
12 31 65 42 43 42
12 32 24 74 68 73
12 33 61 41 33 46
12 34 5 81 87 89
12 35 32 58 70 70
12 36 76 22 32 29
12 37 17 80 71 83
12 38 69 39 26 39
12 39 97 9 14 11
12 40 46 53 45 54
12 41 67 38 37 39
12 42 10 87 86 87
12 43 38 57 56 54
12 44 7 78 79 80
12 45 86 18 22 15
12 46 73 29 31 25
12 47 70 33 32 35
12 48 45 53 57 53
12 49 39 65 65 65
13 14 22 71 66 79
13 15 12 78 87 88
13 16 88 20 15 24
13 17 75 21 23 31
13 18 52 49 47 42
13 19 96 6 14 17
13 20 37 67 67 56
13 21 11 85 84 82
13 22 3 86 83 91
13 23 83 21 16 15
13 24 24 65 72 65
13 25 91 18 9 8
13 26 2 97 87 94
13 27 16 85 70 72
13 28 69 28 33 37
13 29 8 82 84 85
13 30 87 25 18 25
13 31 41 62 56 53
13 32 10 86 84 78
13 33 3 87 95 90
13 34 4 89 86 82
13 35 35 56 62 60
13 36 18 83 80 76
13 37 48 57 51 46
13 38 87 23 15 24
13 39 66 30 29 41
13 40 92 14 19 16
13 41 19 72 81 74
13 42 76 33 26 23
13 43 45 50 50 52
13 44 30 59 69 69
13 45 4 94 85 81
13 46 20 76 81 70
13 47 93 14 13 9
13 48 45 58 52 60
13 49 40 60 52 52
14 15 16 74 84 81
14 16 55 37 46 51
14 17 21 71 72 77
14 18 40 55 56 60
14 19 92 20 12 10
14 20 84 14 13 27
14 21 13 86 76 80
14 22 80 27 29 23
14 23 0 90 88 92
14 24 59 45 42 48
14 25 0 97 97 87
14 26 34 59 56 60
14 27 65 34 41 41
14 28 2 86 85 90
14 29 74 35 26 35
14 30 16 75 71 73
14 31 71 31 37 31
14 32 34 58 56 70
14 33 62 39 44 40
14 34 97 10 15 5
14 35 61 42 42 45
14 36 10 78 89 89
14 37 73 35 23 24
14 38 44 61 57 50
14 39 11 83 77 82
14 40 0 86 87 87
14 41 37 63 63 57
14 42 14 78 74 79
14 43 12 85 84 89
14 44 2 90 89 89
14 45 71 36 30 29
14 46 43 50 57 53
14 47 1 89 97 93
14 48 24 74 78 69
14 49 94 15 15 6
15 16 62 31 42 43
15 17 71 37 27 24
15 18 39 56 56 65
15 19 9 82 81 89
15 20 81 26 23 27
15 21 48 50 46 58
15 22 6 80 92 86
15 23 5 87 94 89
15 24 9 77 79 86
15 25 65 43 30 39
15 26 49 52 50 50
15 27 78 25 33 18
15 28 76 28 28 33
15 29 82 23 25 18
15 30 23 65 72 70
15 31 4 90 84 83
15 32 51 53 42 47
15 33 6 94 83 89
15 34 76 19 27 21
15 35 8 85 89 78
15 36 6 91 89 80
15 37 17 85 78 78
15 38 49 53 57 52
15 39 2 83 94 92
15 40 2 88 89 84
15 41 34 66 64 68
15 42 25 77 73 71
15 43 33 66 63 60
15 44 66 30 31 41
15 45 64 34 43 41
15 46 97 11 16 2
15 47 28 61 66 61
15 48 39 62 65 64
15 49 37 65 66 61
16 17 46 56 56 57
16 18 41 52 54 59
16 19 60 38 43 40
16 20 16 72 72 74
16 21 50 45 51 52
16 22 84 21 15 13
16 23 6 84 87 91
16 24 53 41 47 45
16 25 90 21 13 12
16 26 60 47 39 36
16 27 90 10 22 20
16 28 0 93 97 89
16 29 83 25 25 20
16 30 71 28 24 26
16 31 13 77 75 73
16 32 59 46 46 41
16 33 31 68 61 72
16 34 1 90 85 90
16 35 60 34 40 46
16 36 80 18 27 31
16 37 5 87 90 92
16 38 88 19 13 12
16 39 15 74 86 83
16 40 92 15 14 12
16 41 64 36 32 38
16 42 10 87 81 90
16 43 67 31 32 39
16 44 24 72 75 78
16 45 61 39 45 47
16 46 56 44 42 39
16 47 42 51 63 63
16 48 33 67 63 69
16 49 51 53 46 46
17 18 8 82 87 87
17 19 53 39 43 46
17 20 44 47 54 52
17 21 9 83 84 79
17 22 31 64 63 65
17 23 60 43 46 40
17 24 22 74 68 69
17 25 66 30 30 33
17 26 75 28 27 24
17 27 45 50 57 55
17 28 20 72 73 74
17 29 82 26 23 24
17 30 96 5 17 4
17 31 6 88 82 91
17 32 3 95 96 94
17 33 16 72 77 81
17 34 34 68 56 63
17 35 86 12 26 22
17 36 48 51 46 45
17 37 57 40 40 37
17 38 50 51 51 48
17 39 14 81 77 87
17 40 24 74 71 73
17 41 67 35 34 27
17 42 47 46 53 45
17 43 43 48 54 60
17 44 52 51 50 44
17 45 44 49 59 52
17 46 63 40 44 37
17 47 11 89 89 81
17 48 17 71 74 73
17 49 71 24 28 29
18 19 2 95 95 96
18 20 59 34 42 39
18 21 11 85 76 90
18 22 15 75 82 79
18 23 96 8 15 15
18 24 33 67 63 69
18 25 17 70 84 82
18 26 66 40 41 30
18 27 23 67 68 71
18 28 26 63 63 74
18 29 93 14 18 9
18 30 57 36 37 44
18 31 54 40 46 53
18 32 72 29 26 26
18 33 40 56 64 54
18 34 61 46 45 36
18 35 58 38 42 35
18 36 11 76 80 76
18 37 77 29 24 30
18 38 21 66 72 74
18 39 0 88 92 86
18 40 12 86 89 82
18 41 25 64 75 69
18 42 96 16 16 10
18 43 91 15 17 18
18 44 38 61 54 65
18 45 64 43 37 44
18 46 63 39 31 44
18 47 59 48 43 45
18 48 47 44 45 49
18 49 45 54 49 53
19 20 51 41 54 43
19 21 61 36 36 45
19 22 74 30 25 28
19 23 26 73 72 63
19 24 83 27 20 17
19 25 90 17 20 9
19 26 30 62 68 64
19 27 74 31 35 23
19 28 22 77 80 76
19 29 12 75 89 77
19 30 75 26 28 27
19 31 31 68 72 64
19 32 84 26 27 19
19 33 87 14 25 18
19 34 91 19 18 20
19 35 58 36 49 35
19 36 85 20 16 25
19 37 43 62 62 53
19 38 90 18 12 19
19 39 95 12 14 14
19 40 28 65 69 62
19 41 68 38 38 37
19 42 48 45 45 49
19 43 13 75 86 76
19 44 13 82 82 77
19 45 38 57 62 61
19 46 79 20 27 30
19 47 5 81 90 85
19 48 12 74 78 86
19 49 60 43 45 40
20 21 77 24 26 20
20 22 38 55 55 64
20 23 96 17 6 7
20 24 85 19 22 16
20 25 88 20 20 18
20 26 49 49 44 52
20 27 36 54 68 64
20 28 41 51 61 62
20 29 96 8 3 13
20 30 35 67 69 67
20 31 75 28 25 31
20 32 37 67 65 60
20 33 21 68 70 74
20 34 42 60 56 51
20 35 3 87 85 83
20 36 96 8 8 11
20 37 99 6 4 4
20 38 92 10 9 13
20 39 63 44 42 42
20 40 98 5 8 6
20 41 39 55 51 54
20 42 31 65 69 61
20 43 11 88 88 80
20 44 18 70 78 76
20 45 22 76 80 73
20 46 84 16 20 23
20 47 52 40 51 45
20 48 25 77 77 66
20 49 97 14 3 15
21 22 72 24 33 35
21 23 38 61 59 64
21 24 65 29 43 34
21 25 73 37 31 36
21 26 99 13 13 5
21 27 13 80 81 83
21 28 26 62 69 63
21 29 95 12 18 14
21 30 12 84 86 88
21 31 34 61 57 62
21 32 77 29 30 33
21 33 54 39 52 44
21 34 79 20 31 25
21 35 47 58 47 49
21 36 24 69 67 72
21 37 7 86 82 85
21 38 29 69 60 67
21 39 81 23 18 22
21 40 33 61 62 59
21 41 76 22 32 31
21 42 6 82 83 83
21 43 32 68 60 67
21 44 32 61 61 66
21 45 73 23 28 27
21 46 82 16 16 24
21 47 21 69 74 69
21 48 64 37 39 42
21 49 70 39 34 39
22 23 46 50 56 54
22 24 26 73 75 70
22 25 83 26 14 18
22 26 19 75 83 73
22 27 27 66 75 69
22 28 28 66 69 68
22 29 92 14 13 15
22 30 6 82 80 88
22 31 92 10 11 21
22 32 11 90 82 89
22 33 17 70 81 83
22 34 64 38 39 30
22 35 16 77 80 80
22 36 44 56 60 61
22 37 75 35 26 28
22 38 75 21 23 27
22 39 85 20 18 20
22 40 40 55 57 61
22 41 88 20 16 21
22 42 33 59 63 60
22 43 66 40 34 31
22 44 41 52 52 62
22 45 74 30 32 31
22 46 56 50 38 52
22 47 93 9 10 14
22 48 53 42 51 41
22 49 14 76 73 83
23 24 31 71 60 60
23 25 54 40 53 46
23 26 28 66 67 62
23 27 60 45 38 36
23 28 32 64 62 69
23 29 5 85 84 88
23 30 47 51 47 48
23 31 65 39 38 36
23 32 70 37 30 37
23 33 67 35 33 32
23 34 76 30 33 19
23 35 39 63 58 61
23 36 33 61 68 64
23 37 90 21 12 18
23 38 69 38 39 28
23 39 62 44 42 39
23 40 47 55 59 45
23 41 56 37 47 44
23 42 89 14 10 16
23 43 73 35 34 32
23 44 3 92 95 91
23 45 81 24 22 17
23 46 62 46 41 38
23 47 15 80 77 77
23 48 91 9 21 17
23 49 85 13 23 20
24 25 66 29 30 42
24 26 1 84 93 91
24 27 65 34 35 33
24 28 22 73 80 78
24 29 41 62 62 59
24 30 53 48 42 41
24 31 87 12 18 19
24 32 25 66 71 66
24 33 2 88 91 86
24 34 95 4 9 11
24 35 76 32 28 28
24 36 24 73 66 79
24 37 73 25 36 28
24 38 10 89 78 87
24 39 92 9 19 11
24 40 97 5 5 3
24 41 21 68 73 68
24 42 8 92 77 83
24 43 67 41 42 33
24 44 66 40 31 29
24 45 18 81 80 79
24 46 65 36 32 29
24 47 55 46 52 51
24 48 80 24 23 23
24 49 72 23 35 33
25 26 20 80 77 70
25 27 90 19 18 10
25 28 29 71 67 71
25 29 10 88 82 78
25 30 84 20 20 27
25 31 39 55 60 64
25 32 61 43 43 40
25 33 43 59 61 52
25 34 1 92 92 84
25 35 19 69 73 69
25 36 58 47 43 43
25 37 53 47 50 50
25 38 41 63 50 54
25 39 2 91 90 96
25 40 40 52 63 59
25 41 84 22 17 22
25 42 96 17 10 16
25 43 97 9 3 11
25 44 93 13 7 10
25 45 42 52 59 51
25 46 81 23 20 21
25 47 46 45 50 56
25 48 27 73 63 73
25 49 41 63 54 56
26 27 78 31 29 22
26 28 87 22 21 12
26 29 72 29 38 29
26 30 69 27 40 26
26 31 25 71 73 75
26 32 79 24 27 25
26 33 67 29 39 31
26 34 61 45 37 43
26 35 23 69 72 76
26 36 37 59 67 66
26 37 25 64 76 73
26 38 44 60 57 51
26 39 78 19 31 21
26 40 83 21 15 18
26 41 77 27 27 33
26 42 95 13 9 7
26 43 67 41 33 31
26 44 91 7 17 7
26 45 18 74 71 76
26 46 81 30 20 21
26 47 52 52 53 42
26 48 93 11 18 8
26 49 14 75 76 82
27 28 11 80 82 88
27 29 37 54 67 59
27 30 69 39 34 37
27 31 90 15 17 13
27 32 68 38 33 39
27 33 16 81 72 81
27 34 69 29 39 33
27 35 96 14 12 17
27 36 51 51 55 48
27 37 92 19 12 8
27 38 91 14 11 14
27 39 26 69 69 69
27 40 38 52 62 58
27 41 31 65 66 63
27 42 26 62 74 76
27 43 90 9 11 18
27 44 65 32 32 43
27 45 1 90 98 95
27 46 9 77 84 80
27 47 52 45 51 43
27 48 7 93 82 91
27 49 94 17 6 9
28 29 63 31 45 38
28 30 92 9 17 20
28 31 8 89 86 92
28 32 46 47 59 55
28 33 54 40 44 38
28 34 6 87 80 90
28 35 50 51 55 55
28 36 83 26 23 15
28 37 10 82 90 77
28 38 11 88 78 81
28 39 60 36 40 36
28 40 83 18 21 14
28 41 24 76 73 71
28 42 18 70 69 80
28 43 52 42 53 45
28 44 94 18 5 15
28 45 89 19 9 20
28 46 15 83 83 84
28 47 38 60 62 59
28 48 24 69 70 78
28 49 1 94 92 90
29 30 3 85 82 93
29 31 43 57 58 50
29 32 78 19 25 24
29 33 15 77 72 80
29 34 98 7 4 10
29 35 47 58 53 47
29 36 55 49 43 42
29 37 26 74 74 65
29 38 49 45 50 54
29 39 53 52 45 53
29 40 36 66 66 59
29 41 81 27 17 26
29 42 25 71 74 72
29 43 51 43 41 48
29 44 19 83 78 79
29 45 85 14 19 25
29 46 69 31 37 38
29 47 12 75 86 87
29 48 55 50 44 47
29 49 29 73 67 73
30 31 11 87 86 88
30 32 1 94 89 96
30 33 78 21 24 24
30 34 17 74 75 73
30 35 39 55 63 56
30 36 92 13 14 14
30 37 27 75 76 66
30 38 12 85 77 87
30 39 87 20 12 12
30 40 28 68 62 66
30 41 84 19 16 22
30 42 57 48 43 36
30 43 56 49 44 38
30 44 86 22 12 16
30 45 69 37 36 28
30 46 0 85 93 89
30 47 31 67 69 68
30 48 59 41 43 46
30 49 9 91 90 86
31 32 21 67 73 68
31 33 38 60 65 55
31 34 20 67 70 76
31 35 77 20 22 22
31 36 38 52 55 65
31 37 63 34 38 44
31 38 71 29 28 26
31 39 2 97 85 95
31 40 23 74 64 73
31 41 51 48 47 47
31 42 9 77 81 89
31 43 87 14 22 12
31 44 23 69 79 72
31 45 92 16 11 18
31 46 42 50 59 53
31 47 82 21 24 17
31 48 80 26 25 27
31 49 17 82 80 81
32 33 72 32 28 26
32 34 75 36 25 30
32 35 60 34 44 37
32 36 75 20 26 28
32 37 60 45 47 37
32 38 25 72 69 75
32 39 55 51 50 49
32 40 30 66 72 74
32 41 99 7 9 0
32 42 12 85 74 79
32 43 16 85 85 71
32 44 67 38 38 35
32 45 24 71 72 65
32 46 41 62 56 63
32 47 1 89 94 84
32 48 35 56 67 62
32 49 10 83 86 79
33 34 51 45 42 52
33 35 82 25 20 21
33 36 62 32 38 39
33 37 66 35 30 36
33 38 6 92 85 83
33 39 2 97 96 95
33 40 98 14 9 4
33 41 8 89 87 88
33 42 3 84 84 94
33 43 96 9 17 17
33 44 72 26 35 28
33 45 70 39 30 28
33 46 48 52 45 55
33 47 46 55 58 50
33 48 55 47 43 52
33 49 86 16 25 22
34 35 6 80 93 87
34 36 51 53 54 51
34 37 47 58 51 54
34 38 25 73 64 65
34 39 69 32 37 35
34 40 30 69 61 72
34 41 55 43 42 44
34 42 45 51 60 60
34 43 68 30 35 35
34 44 59 45 46 36
34 45 22 69 66 67
34 46 25 77 76 67
34 47 61 38 39 35
34 48 25 64 77 65
34 49 35 66 55 59
35 36 78 26 22 31
35 37 16 77 76 78
35 38 39 53 62 62
35 39 30 65 73 68
35 40 83 17 24 16
35 41 80 20 23 29
35 42 34 69 64 66
35 43 61 47 33 44
35 44 83 15 17 23
35 45 91 21 7 9
35 46 10 86 90 82
35 47 8 80 77 89
35 48 89 15 19 13
35 49 94 7 16 16
36 37 47 50 45 52
36 38 84 22 27 16
36 39 79 23 18 27
36 40 24 66 66 72
36 41 21 78 73 75
36 42 95 9 6 5
36 43 48 54 55 44
36 44 35 59 65 68
36 45 11 88 88 82
36 46 78 27 33 29
36 47 63 36 35 41
36 48 90 13 14 22
36 49 63 42 42 38
37 38 33 65 66 70
37 39 23 69 72 65
37 40 44 51 50 49
37 41 76 24 30 28
37 42 0 93 88 95
37 43 63 40 43 32
37 44 84 25 25 25
37 45 16 76 75 80
37 46 74 25 27 28
37 47 69 29 40 35
37 48 64 30 30 43
37 49 57 46 38 38
38 39 91 14 15 17
38 40 45 49 51 57
38 41 21 79 77 71
38 42 38 58 59 64
38 43 63 35 43 37
38 44 83 17 20 24
38 45 47 58 52 56
38 46 52 41 44 54
38 47 54 50 38 51
38 48 59 35 44 47
38 49 45 55 60 58
39 40 87 19 24 20
39 41 42 54 50 54
39 42 71 25 30 37
39 43 50 53 50 43
39 44 86 15 21 20
39 45 28 64 61 73
39 46 69 26 31 27
39 47 42 53 63 49
39 48 99 13 6 12
39 49 54 52 40 50
40 41 66 38 34 42
40 42 53 43 43 40
40 43 35 67 64 63
40 44 47 58 46 46
40 45 56 41 49 48
40 46 91 17 10 11
40 47 94 14 16 17
40 48 86 12 15 21
40 49 28 66 60 68
41 42 59 47 35 34
41 43 41 59 61 51
41 44 16 81 81 81
41 45 88 22 16 17
41 46 3 88 94 88
41 47 52 48 43 50
41 48 21 81 81 70
41 49 38 54 57 56
42 43 33 67 70 56
42 44 46 54 53 46
42 45 73 31 37 32
42 46 90 9 8 19
42 47 17 77 74 70
42 48 16 71 75 73
42 49 49 54 50 49
43 44 95 14 14 12
43 45 33 69 69 64
43 46 8 92 83 92
43 47 63 35 38 36
43 48 11 79 77 90
43 49 23 73 72 71
44 45 79 25 30 23
44 46 0 92 87 97
44 47 70 33 29 39
44 48 22 79 80 73
44 49 4 89 86 82
45 46 5 94 88 93
45 47 63 34 45 37
45 48 38 59 66 60
45 49 88 16 13 11
46 47 84 24 16 28
46 48 66 31 40 31
46 49 54 51 39 41
47 48 71 26 27 27
47 49 7 88 88 80
48 49 96 4 12 3
