12 8
0.25 0.25 0.25 0.25 0.0 0.0 0.0 0.0 
0 1 17 51 60 87 51 48 44 41
0 2 25 40 67 41 44 87 76 51
0 3 56 37 43 41 37 47 58 25
0 4 44 31 36 29 40 56 39 28
0 5 98 42 37 26 45 39 36 8
0 6 29 81 41 65 59 51 63 36
0 7 13 62 73 83 58 82 73 90
0 8 92 37 17 20 47 37 41 4
0 9 44 33 41 62 47 64 36 32
0 10 57 48 35 45 40 48 67 44
0 11 80 52 52 19 28 56 49 24
1 2 41 55 53 56 49 34 32 76
1 3 94 51 29 48 8 16 7 31
1 4 23 69 62 45 71 73 68 83
1 5 8 77 49 87 45 89 72 84
1 6 21 63 61 83 60 46 70 84
1 7 6 71 70 88 85 67 74 48
1 8 68 22 17 20 24 20 52 33
1 9 29 66 72 64 60 39 61 50
1 10 94 7 18 15 17 24 39 20
1 11 74 48 32 45 38 40 49 17
2 3 84 44 52 24 57 23 56 15
2 4 19 50 49 77 61 58 55 75
2 5 18 77 60 54 52 58 51 46
2 6 24 53 37 46 39 62 60 85
2 7 47 63 45 45 57 48 67 69
2 8 40 57 73 73 39 49 76 29
2 9 80 20 16 34 45 17 15 29
2 10 51 52 36 30 42 24 73 68
2 11 95 13 51 34 22 33 20 21
3 4 47 74 55 63 69 43 45 36
3 5 2 80 55 53 79 92 96 61
3 6 9 71 72 82 66 78 93 51
3 7 51 24 52 50 30 72 30 37
3 8 26 38 38 75 75 77 56 51
3 9 94 52 48 43 29 24 5 48
3 10 35 37 45 49 53 38 39 49
3 11 11 78 48 63 67 47 61 72
4 5 17 59 56 50 47 52 79 55
4 6 83 41 44 22 17 31 14 39
4 7 84 41 20 53 44 10 34 39
4 8 48 34 62 74 29 61 52 57
4 9 31 38 56 47 48 46 35 40
4 10 23 62 41 62 52 52 82 87
4 11 2 48 85 76 72 52 51 70
5 6 63 47 66 38 20 22 54 23
5 7 43 37 41 66 52 57 57 70
5 8 28 42 69 74 76 58 79 62
5 9 52 31 58 54 30 62 44 71
5 10 84 17 43 25 43 22 42 34
5 11 43 52 33 59 63 60 31 69
6 7 77 51 14 29 36 37 42 22
6 8 30 63 35 39 35 64 56 42
6 9 76 60 31 25 11 41 14 48
6 10 40 64 52 41 40 56 36 34
6 11 40 71 63 49 63 48 48 78
7 8 73 55 35 27 54 35 58 15
7 9 63 20 57 39 41 18 42 54
7 10 99 50 26 14 7 11 4 9
7 11 75 59 29 60 30 60 29 24
8 9 73 27 21 17 38 32 28 61
8 10 4 50 60 83 56 63 96 87
8 11 43 67 55 62 61 65 30 38
9 10 83 22 54 56 40 10 37 25
9 11 72 56 34 50 57 62 47 37
10 11 95 51 16 19 27 49 33 6
