25 8
0.166667 0.166667 0.166667 0.166667 0.166667 0.166667 0.0 0.0 
0 1 28 72 65 60 46 48 81 66
0 2 50 36 55 68 67 28 46 54
0 3 17 43 53 80 66 72 46 56
0 4 2 86 75 62 97 57 72 77
0 5 25 41 77 69 85 54 42 56
0 6 19 44 47 53 48 56 69 67
0 7 33 59 36 44 37 46 41 51
0 8 89 20 34 44 37 55 16 28
0 9 63 62 60 51 23 60 49 56
0 10 49 75 74 25 30 31 73 26
0 11 98 14 10 16 16 24 15 35
0 12 94 44 44 24 24 4 11 23
0 13 60 42 59 49 61 47 29 45
0 14 3 93 84 65 69 83 65 96
0 15 50 69 68 41 57 61 32 74
0 16 71 50 19 38 28 53 32 16
0 17 22 78 39 72 58 56 61 81
0 18 6 51 64 61 89 59 55 67
0 19 53 61 23 37 69 48 41 52
0 20 96 49 9 36 37 49 17 9
0 21 52 65 43 63 48 43 63 51
0 22 75 29 42 57 39 19 32 23
0 23 89 46 13 36 41 47 23 27
0 24 38 69 72 72 46 74 74 59
1 2 32 39 69 37 75 35 34 73
1 3 7 87 64 61 51 53 90 59
1 4 92 21 48 26 19 51 31 41
1 5 70 37 25 55 32 56 15 27
1 6 41 61 55 43 36 32 50 42
1 7 65 52 42 39 19 44 32 40
1 8 87 19 35 25 14 42 18 17
1 9 99 19 25 34 49 37 47 22
1 10 97 40 2 26 35 28 32 15
1 11 82 16 34 42 53 16 42 28
1 12 46 76 52 72 54 33 52 72
1 13 47 39 73 72 29 38 75 47
1 14 15 49 76 65 48 56 57 55
1 15 20 57 66 61 73 79 50 83
1 16 67 43 20 43 58 38 33 27
1 17 76 48 45 32 48 25 26 51
1 18 17 59 64 47 67 66 52 81
1 19 10 77 67 72 67 49 86 55
1 20 25 69 78 79 74 40 83 41
1 21 46 29 54 41 58 31 53 58
1 22 68 23 47 32 59 23 48 38
1 23 15 83 48 65 42 84 78 60
1 24 71 38 29 21 45 25 36 27
2 3 22 75 65 47 72 75 74 83
2 4 70 45 39 39 49 44 45 20
2 5 67 61 30 32 41 24 60 51
2 6 55 47 34 58 28 26 66 40
2 7 56 67 68 40 55 23 65 49
2 8 15 89 68 71 90 57 45 46
2 9 12 54 66 74 52 83 83 75
2 10 66 28 24 65 44 22 24 26
2 11 52 40 30 62 30 61 28 32
2 12 7 75 63 66 88 67 91 73
2 13 42 33 65 49 65 48 48 55
2 14 85 11 49 10 42 37 31 22
2 15 9 51 74 81 75 75 93 80
2 16 1 61 80 73 73 56 97 68
2 17 34 73 39 50 54 60 34 39
2 18 37 31 79 55 46 47 63 75
2 19 49 36 68 26 38 36 59 66
2 20 8 52 51 78 55 91 52 76
2 21 50 71 68 58 34 67 39 32
2 22 3 58 67 83 76 67 96 71
2 23 15 84 54 51 64 50 55 45
2 24 15 66 45 64 47 60 62 43
3 4 23 73 72 54 83 69 68 49
3 5 8 54 86 79 50 94 67 77
3 6 9 55 64 81 46 70 87 93
3 7 24 43 73 73 65 39 55 59
3 8 55 59 64 50 54 39 54 60
3 9 21 42 67 73 62 43 77 61
3 10 67 48 20 19 40 40 53 50
3 11 3 58 59 77 64 84 79 81
3 12 35 58 37 71 36 78 81 51
3 13 31 39 65 76 51 42 53 78
3 14 58 35 68 57 23 47 40 44
3 15 46 41 45 35 50 27 32 68
3 16 52 71 38 52 42 55 67 57
3 17 79 52 29 14 56 56 19 36
3 18 28 82 59 61 66 66 76 35
3 19 97 2 50 40 25 44 32 14
3 20 31 44 81 72 80 54 52 57
3 21 26 40 51 70 77 72 67 80
3 22 69 51 44 63 44 29 61 36
3 23 91 5 33 14 38 6 13 40
3 24 37 66 53 58 49 76 72 67
4 5 80 23 26 37 30 30 27 28
4 6 71 37 62 20 33 31 20 56
4 7 17 72 79 60 53 62 77 55
4 8 68 26 33 16 27 40 47 21
4 9 95 40 39 6 9 29 2 32
4 10 40 63 54 65 70 49 73 45
4 11 51 56 65 46 62 29 34 53
4 12 82 23 30 13 23 21 34 30
4 13 41 68 33 66 36 71 70 47
4 14 80 23 42 50 38 47 16 12
4 15 83 49 15 48 23 28 53 24
4 16 9 82 48 67 92 84 48 45
4 17 76 61 50 14 57 49 45 58
4 18 70 52 15 16 60 31 45 22
4 19 19 85 55 44 52 51 48 56
4 20 51 68 30 57 69 62 63 57
4 21 28 52 57 72 36 46 85 70
4 22 33 34 39 37 47 65 38 75
4 23 13 84 74 71 50 85 53 55
4 24 98 19 29 9 28 40 26 31
5 6 74 47 62 42 47 31 33 18
5 7 66 61 61 64 19 28 32 18
5 8 61 33 61 27 30 24 41 59
5 9 87 19 44 16 48 20 30 49
5 10 93 27 39 48 13 31 24 35
5 11 76 14 16 48 57 59 45 39
5 12 10 83 76 90 66 59 49 82
5 13 7 55 84 62 50 76 59 53
5 14 58 60 25 41 24 44 31 25
5 15 10 72 92 65 86 58 88 80
5 16 42 51 69 74 67 56 29 41
5 17 77 46 50 23 21 54 34 60
5 18 47 62 29 39 73 61 67 32
5 19 12 54 68 46 47 50 82 69
5 20 48 73 29 50 38 42 26 58
5 21 70 50 55 29 38 39 59 53
5 22 80 14 11 21 10 11 11 40
5 23 22 55 84 59 51 75 87 63
5 24 50 50 30 74 73 41 43 67
6 7 48 42 46 69 40 38 68 53
6 8 73 34 31 56 32 43 50 18
6 9 22 71 82 81 82 44 63 80
6 10 12 84 44 62 65 60 68 88
6 11 83 15 18 47 8 44 18 38
6 12 28 50 82 80 60 75 54 57
6 13 4 77 58 78 70 59 49 48
6 14 13 81 75 46 55 68 73 85
6 15 37 53 54 64 78 69 33 69
6 16 90 53 26 50 38 52 19 14
6 17 10 46 71 93 62 90 64 77
6 18 75 59 34 61 36 30 20 34
6 19 26 77 62 65 64 81 68 44
6 20 58 36 56 32 55 63 32 54
6 21 65 39 62 66 39 53 41 64
6 22 71 54 59 52 51 16 53 24
6 23 91 34 38 34 28 18 34 24
6 24 7 84 64 51 87 88 59 95
7 8 2 71 79 66 94 55 93 55
7 9 96 49 44 6 3 8 25 3
7 10 1 70 62 88 94 73 58 61
7 11 34 44 51 47 75 43 32 73
7 12 92 7 46 18 28 13 48 7
7 13 26 77 40 61 38 76 57 63
7 14 84 16 46 32 17 37 35 20
7 15 97 28 50 14 21 8 48 35
7 16 93 7 17 51 37 41 47 40
7 17 27 43 56 52 44 62 69 54
7 18 67 41 30 64 17 63 61 39
7 19 30 76 51 42 46 65 78 47
7 20 3 65 55 60 70 50 50 90
7 21 97 9 27 39 43 23 41 15
7 22 8 86 94 74 70 47 63 87
7 23 96 9 38 10 14 27 31 15
7 24 62 34 40 58 63 30 56 29
8 9 19 56 55 81 85 74 84 78
8 10 21 70 53 43 47 48 73 64
8 11 90 9 36 32 23 27 9 25
8 12 29 68 74 37 80 58 80 43
8 13 81 34 18 54 29 50 49 35
8 14 77 38 28 59 33 16 42 51
8 15 87 7 30 27 38 52 45 20
8 16 62 47 34 33 60 44 25 46
8 17 33 71 57 79 49 70 61 75
8 18 52 72 38 52 63 56 40 25
8 19 42 55 69 65 60 37 51 74
8 20 75 50 61 37 19 61 30 35
8 21 19 55 47 74 51 66 75 89
8 22 24 68 76 45 53 57 52 44
8 23 47 62 28 74 60 74 34 39
8 24 64 35 51 39 53 32 20 44
9 10 59 27 40 51 22 60 69 49
9 11 42 35 74 38 51 42 69 44
9 12 69 22 15 38 40 19 20 63
9 13 94 49 50 46 11 14 17 38
9 14 79 44 28 44 49 42 33 39
9 15 2 82 55 58 54 83 83 85
9 16 82 42 36 48 9 10 19 42
9 17 71 48 62 30 53 18 50 57
9 18 92 37 23 6 51 52 26 49
9 19 44 73 45 30 45 34 62 45
9 20 13 75 59 45 60 71 52 86
9 21 46 27 40 50 30 72 63 71
9 22 74 59 57 51 25 24 39 59
9 23 82 46 56 34 42 25 21 42
9 24 27 77 47 71 65 84 74 82
10 11 37 68 39 78 65 70 65 44
10 12 72 14 25 60 22 17 18 22
10 13 64 30 58 55 64 61 29 55
10 14 0 96 81 61 82 80 55 62
10 15 39 49 74 53 63 59 64 49
10 16 86 29 49 28 19 22 17 49
10 17 3 82 62 70 84 84 59 81
10 18 75 38 26 40 13 60 45 48
10 19 5 96 91 57 48 80 87 67
10 20 91 50 40 46 9 23 4 34
10 21 45 71 50 73 41 67 48 36
10 22 34 51 60 46 50 45 57 56
10 23 23 80 72 76 72 62 44 69
10 24 35 67 39 64 65 68 55 49
11 12 15 73 50 52 88 61 43 68
11 13 18 50 43 63 53 84 71 75
11 14 54 49 26 37 23 57 43 51
11 15 22 74 66 66 76 48 50 61
11 16 91 31 23 47 38 51 50 26
11 17 0 90 77 56 51 95 88 86
11 18 63 64 49 25 25 26 21 59
11 19 97 49 49 35 20 50 48 16
11 20 35 40 79 49 35 40 72 55
11 21 26 76 58 67 56 42 74 78
11 22 88 50 37 19 24 45 52 19
11 23 91 52 12 29 15 37 40 28
11 24 12 70 74 83 91 69 87 51
12 13 20 60 57 59 81 79 67 85
12 14 12 56 66 81 57 82 45 59
12 15 62 48 60 28 64 60 50 55
12 16 10 53 71 60 57 69 76 60
12 17 66 19 51 50 29 35 57 18
12 18 10 49 63 56 81 59 68 58
12 19 40 53 60 76 45 35 67 59
12 20 41 74 48 57 71 34 51 74
12 21 56 42 60 47 22 27 47 49
12 22 19 50 87 63 81 50 87 71
12 23 69 51 18 46 29 46 63 50
12 24 6 69 83 58 96 63 86 65
13 14 82 46 13 41 39 26 12 15
13 15 28 65 84 69 66 77 38 80
13 16 13 49 59 43 83 59 84 64
13 17 39 44 33 61 77 69 54 35
13 18 84 54 38 36 11 43 15 21
13 19 82 10 32 17 31 52 36 31
13 20 90 11 35 4 33 33 27 46
13 21 53 43 25 40 34 45 49 46
13 22 17 84 43 87 57 47 50 74
13 23 30 84 38 77 71 74 74 39
13 24 66 65 59 50 23 55 37 50
14 15 48 69 74 41 30 74 41 52
14 16 17 88 51 42 70 50 61 89
14 17 56 56 28 23 48 24 43 32
14 18 20 45 78 46 71 69 80 47
14 19 55 23 54 55 65 23 57 69
14 20 97 34 16 27 35 26 32 1
14 21 91 53 25 42 40 51 52 17
14 22 80 15 34 34 41 23 34 57
14 23 99 22 14 30 5 31 26 25
14 24 52 56 46 37 59 61 48 34
15 16 93 31 15 19 41 37 7 5
15 17 85 9 38 18 29 42 53 36
15 18 38 37 66 57 78 32 65 38
15 19 32 75 39 53 44 51 83 70
15 20 17 45 66 69 66 84 57 49
15 21 4 79 56 58 63 67 67 52
15 22 65 34 48 24 53 31 59 49
15 23 36 74 43 39 50 63 75 72
15 24 54 72 32 42 63 45 69 26
16 17 13 84 88 62 75 82 90 66
16 18 52 53 30 67 51 33 60 48
16 19 30 55 48 55 47 63 60 49
16 20 9 63 72 68 94 63 59 71
16 21 45 68 52 36 72 36 47 53
16 22 58 30 47 67 60 37 35 31
16 23 45 37 31 46 32 66 27 54
16 24 1 95 79 83 74 51 53 71
17 18 40 47 32 69 39 57 35 31
17 19 86 25 13 16 18 29 56 12
17 20 8 57 79 84 83 62 62 88
17 21 26 41 44 86 45 37 85 79
17 22 72 39 49 21 46 41 58 19
17 23 49 68 56 71 31 31 43 34
17 24 96 9 8 17 24 11 33 43
18 19 3 63 69 68 50 86 88 63
18 20 26 40 80 60 86 42 70 37
18 21 3 94 51 70 73 96 89 64
18 22 5 75 53 84 72 47 70 93
18 23 2 50 52 51 53 96 85 80
18 24 84 34 19 10 50 19 16 33
19 20 48 40 39 54 55 43 33 67
19 21 95 19 42 3 5 18 35 49
19 22 36 69 34 55 48 57 49 66
19 23 96 26 45 28 24 19 20 14
19 24 18 40 84 82 41 65 81 47
20 21 1 64 87 90 54 61 79 56
20 22 70 23 22 54 45 31 24 26
20 23 32 38 59 37 35 69 77 64
20 24 44 58 51 39 58 47 76 66
21 22 49 36 71 65 55 59 50 43
21 23 25 77 79 71 69 38 67 54
21 24 75 48 18 16 38 60 53 51
22 23 91 24 46 34 26 12 29 4
22 24 34 47 34 60 44 77 72 47
23 24 17 51 43 71 74 51 57 88
