27 8
0.25 0.25 0.25 0.25 0.0 0.0 0.0 0.0 
0 1 71 38 28 6 33 46 82 37
0 2 35 48 37 33 61 41 90 70
0 3 15 23 31 50 90 30 86 76
0 4 94 74 68 11 11 3 48 9
0 5 62 58 61 77 68 8 29 77
0 6 94 68 12 1 63 57 11 26
0 7 52 33 22 78 38 89 66 87
0 8 17 81 62 65 88 21 45 87
0 9 64 86 9 14 44 82 59 27
0 10 28 89 40 64 47 40 64 27
0 11 1 27 72 85 75 50 89 36
0 12 23 52 26 49 16 55 41 93
0 13 2 69 70 82 31 35 49 78
0 14 83 54 70 30 82 48 67 33
0 15 56 69 34 33 76 83 48 75
0 16 47 60 84 81 81 32 19 34
0 17 1 96 42 46 66 23 73 66
0 18 1 64 65 51 54 87 24 34
0 19 26 64 55 37 74 39 29 42
0 20 79 71 4 8 74 50 67 81
0 21 22 39 36 48 25 35 57 22
0 22 36 30 18 17 22 22 47 91
0 23 6 70 56 93 31 23 28 45
0 24 58 36 34 19 13 12 31 9
0 25 39 73 28 34 20 48 39 27
0 26 66 10 69 50 67 15 70 65
1 2 56 71 37 22 73 82 43 70
1 3 73 6 14 8 79 11 11 12
1 4 31 37 49 55 37 45 68 37
1 5 91 32 70 23 77 38 4 48
1 6 74 37 50 78 43 78 26 21
1 7 88 16 42 36 41 72 73 42
1 8 94 31 17 24 18 15 70 64
1 9 32 25 48 39 59 66 36 77
1 10 44 51 57 48 50 49 52 82
1 11 62 79 44 46 38 16 43 72
1 12 69 20 60 33 61 49 46 37
1 13 79 57 42 23 77 33 55 77
1 14 88 21 73 28 29 25 34 62
1 15 41 42 19 57 37 54 27 52
1 16 44 54 82 17 12 86 72 18
1 17 4 60 68 36 52 73 36 82
1 18 56 15 34 69 77 34 82 75
1 19 66 39 55 67 15 74 8 42
1 20 54 69 31 88 51 31 61 37
1 21 0 69 85 36 68 95 80 54
1 22 61 85 77 8 33 65 30 50
1 23 73 46 8 28 11 80 23 23
1 24 69 83 51 47 30 40 52 22
1 25 24 68 43 93 23 40 34 52
1 26 6 56 49 32 46 33 22 98
2 3 48 62 37 54 38 52 71 72
2 4 58 42 73 14 72 62 70 46
2 5 56 45 71 66 22 70 63 36
2 6 91 4 54 58 76 30 53 60
2 7 32 62 42 84 71 35 47 51
2 8 44 22 18 12 57 39 52 63
2 9 52 19 38 28 79 29 88 51
2 10 2 90 40 89 92 69 74 32
2 11 70 22 68 26 82 42 28 48
2 12 48 43 82 84 47 30 81 75
2 13 46 32 49 86 44 79 60 38
2 14 32 38 90 59 83 35 30 58
2 15 20 84 26 27 65 75 52 49
2 16 38 20 29 90 72 89 90 59
2 17 8 93 72 79 47 21 88 38
2 18 89 19 36 59 8 9 7 52
2 19 3 21 84 37 74 96 81 71
2 20 5 31 69 88 22 83 72 78
2 21 58 60 31 82 43 78 69 76
2 22 81 54 83 30 53 55 5 29
2 23 43 16 81 23 40 84 17 65
2 24 55 77 75 33 31 57 28 35
2 25 86 20 56 44 6 77 29 45
2 26 66 56 50 50 81 41 56 57
3 4 58 13 38 29 36 70 52 14
3 5 19 60 93 69 83 33 43 38
3 6 57 85 27 75 66 33 52 84
3 7 95 23 46 51 23 13 70 10
3 8 17 50 56 45 28 81 27 33
3 9 61 58 77 29 12 85 81 69
3 10 62 43 85 28 78 84 57 52
3 11 82 75 30 23 65 16 5 49
3 12 47 90 87 77 43 73 17 80
3 13 96 41 70 53 46 14 55 54
3 14 51 30 24 31 16 20 21 39
3 15 46 14 62 16 87 71 83 56
3 16 17 64 92 60 60 94 70 40
3 17 60 10 23 54 12 67 23 37
3 18 74 19 51 14 10 36 73 64
3 19 11 33 84 69 86 22 80 35
3 20 82 41 50 43 63 11 15 33
3 21 17 73 29 56 20 50 94 45
3 22 48 30 49 19 74 14 88 12
3 23 22 78 33 84 64 44 71 51
3 24 65 73 36 13 19 58 12 52
3 25 79 80 49 68 44 63 53 23
3 26 33 62 25 79 73 13 16 51
4 5 5 37 58 75 38 40 88 23
4 6 25 71 54 15 29 54 43 73
4 7 33 57 15 74 82 85 52 19
4 8 89 7 53 25 20 72 14 23
4 9 15 75 66 72 26 87 68 52
4 10 12 94 97 22 76 76 17 46
4 11 46 25 73 38 74 48 77 57
4 12 77 9 25 8 33 13 68 8
4 13 87 51 36 57 12 20 28 48
4 14 53 24 76 38 66 10 61 10
4 15 22 63 93 45 87 43 88 76
4 16 96 60 64 12 70 57 26 29
4 17 32 82 69 88 54 78 53 15
4 18 54 43 49 40 25 82 21 20
4 19 97 67 39 56 12 62 69 70
4 20 67 39 40 68 81 60 51 11
4 21 85 57 14 19 31 22 67 59
4 22 37 32 24 80 51 67 63 69
4 23 13 39 92 21 47 87 17 97
4 24 40 16 62 28 85 29 52 23
4 25 42 49 33 51 35 71 50 30
4 26 2 49 91 80 39 19 82 94
5 6 29 21 42 65 78 76 87 29
5 7 35 32 31 48 24 36 26 81
5 8 51 55 23 74 20 75 63 83
5 9 95 59 58 9 40 47 32 24
5 10 91 69 68 22 53 62 23 58
5 11 31 43 43 83 43 75 61 44
5 12 61 24 18 20 68 31 11 12
5 13 31 80 91 65 13 34 92 65
5 14 21 17 30 56 20 45 32 50
5 15 45 62 53 53 89 15 75 56
5 16 89 60 76 20 56 25 69 73
5 17 80 33 20 29 17 14 75 60
5 18 92 21 37 59 32 43 23 15
5 19 23 50 81 88 70 69 57 73
5 20 47 22 33 63 67 22 41 58
5 21 87 72 6 70 26 33 34 7
5 22 67 83 75 39 56 21 42 41
5 23 29 33 26 70 59 73 31 27
5 24 42 68 21 80 42 29 13 24
5 25 5 44 19 98 77 67 79 33
5 26 15 55 33 86 85 46 25 19
6 7 45 86 17 85 62 88 61 39
6 8 90 62 34 70 27 77 13 8
6 9 63 51 84 62 77 52 54 53
6 10 47 80 41 48 85 35 47 33
6 11 91 63 50 3 31 30 57 10
6 12 54 51 86 39 57 65 14 23
6 13 27 40 37 43 46 51 91 92
6 14 70 81 57 48 78 19 80 17
6 15 50 54 25 32 14 32 54 66
6 16 6 75 93 90 69 51 91 41
6 17 54 40 32 56 77 68 47 70
6 18 45 75 25 75 35 50 82 25
6 19 24 47 53 67 36 67 48 32
6 20 70 36 18 14 57 38 76 40
6 21 38 31 79 59 83 51 27 35
6 22 17 65 64 68 65 63 21 71
6 23 99 15 4 37 51 11 76 59
6 24 34 37 89 32 76 84 59 25
6 25 53 49 55 31 11 47 51 88
6 26 53 30 13 69 72 55 84 9
7 8 56 22 88 30 48 56 51 49
7 9 3 45 31 94 86 46 91 53
7 10 81 44 30 53 25 35 56 8
7 11 35 78 20 14 75 46 34 50
7 12 61 80 56 72 10 17 76 63
7 13 60 19 42 72 39 19 49 34
7 14 9 53 41 56 90 52 53 32
7 15 49 47 78 78 38 69 38 56
7 16 61 10 26 49 32 25 65 62
7 17 8 24 72 43 23 57 33 93
7 18 78 64 18 47 19 21 83 78
7 19 35 53 42 22 34 42 12 21
7 20 88 14 57 59 41 78 52 18
7 21 10 84 39 37 79 91 39 31
7 22 24 42 59 66 49 80 19 16
7 23 47 59 45 47 14 26 34 73
7 24 4 70 48 57 20 26 69 78
7 25 21 74 41 60 64 54 85 18
7 26 32 44 20 52 54 51 29 31
8 9 9 28 19 65 37 62 47 19
8 10 17 73 89 20 60 22 86 38
8 11 31 92 47 59 55 24 61 55
8 12 16 66 33 89 93 40 59 66
8 13 52 17 70 67 60 62 76 50
8 14 73 36 56 47 33 44 75 11
8 15 98 28 35 10 60 36 38 25
8 16 7 60 38 54 41 79 55 36
8 17 91 35 43 43 6 9 56 11
8 18 73 56 35 49 58 73 6 49
8 19 50 36 13 12 43 30 81 84
8 20 56 16 33 73 33 48 17 14
8 21 87 20 36 66 26 5 12 73
8 22 61 32 52 28 37 74 84 37
8 23 77 14 66 14 84 80 43 19
8 24 79 80 16 81 13 43 24 8
8 25 74 53 45 60 81 8 56 64
8 26 92 71 4 6 65 43 44 19
9 10 96 30 71 2 38 19 13 3
9 11 16 29 33 71 39 53 33 58
9 12 12 45 45 31 67 53 30 82
9 13 58 63 13 14 31 40 16 21
9 14 81 74 54 51 56 68 34 35
9 15 85 49 48 50 33 53 38 34
9 16 76 40 45 68 32 17 30 36
9 17 55 52 88 18 40 80 31 27
9 18 63 64 55 42 73 17 60 56
9 19 52 9 64 16 42 53 69 15
9 20 3 37 95 23 36 76 94 43
9 21 11 59 22 53 78 29 66 64
9 22 8 72 30 72 69 52 67 76
9 23 63 18 36 49 36 72 55 55
9 24 36 70 74 13 82 18 14 15
9 25 40 55 67 23 23 50 12 43
9 26 17 62 43 25 81 78 73 34
10 11 35 41 53 85 57 81 17 37
10 12 8 18 77 94 82 89 97 84
10 13 54 26 9 69 61 62 80 19
10 14 16 80 35 75 42 95 48 44
10 15 84 77 56 3 69 24 56 51
10 16 6 38 80 28 40 55 49 43
10 17 53 14 28 58 50 17 84 19
10 18 7 63 93 82 30 88 39 60
10 19 84 35 79 6 51 44 25 38
10 20 18 69 34 55 89 47 76 33
10 21 56 51 58 30 53 53 23 50
10 22 75 45 47 55 15 76 72 70
10 23 24 61 79 42 32 27 32 65
10 24 62 7 54 38 52 69 84 39
10 25 56 51 81 43 78 70 65 79
10 26 65 12 62 74 65 23 17 57
11 12 94 10 8 12 69 14 5 25
11 13 66 52 31 68 40 10 44 36
11 14 33 66 28 25 56 84 80 86
11 15 7 80 93 28 58 76 84 36
11 16 91 47 4 25 44 39 50 64
11 17 4 22 59 37 50 85 76 65
11 18 98 40 59 74 17 54 7 54
11 19 38 46 42 55 16 40 90 16
11 20 11 52 24 60 77 32 47 75
11 21 60 44 53 83 44 68 33 51
11 22 25 22 83 14 41 38 68 37
11 23 79 55 43 51 18 72 69 19
11 24 73 36 74 38 72 53 64 76
11 25 90 39 33 65 2 15 56 11
11 26 99 43 63 44 61 29 76 28
12 13 68 72 13 14 57 21 65 36
12 14 23 66 47 60 80 60 39 81
12 15 69 34 64 54 24 48 63 52
12 16 68 52 43 80 18 11 31 12
12 17 2 36 47 41 48 59 53 25
12 18 31 78 57 20 89 70 40 54
12 19 19 16 61 24 24 78 39 47
12 20 26 68 34 77 70 20 45 30
12 21 25 38 48 75 49 54 51 38
12 22 31 70 76 58 63 29 66 41
12 23 90 69 55 77 74 36 13 31
12 24 12 95 48 39 30 91 89 52
12 25 11 48 73 30 73 69 70 88
12 26 56 35 75 47 84 82 88 84
13 14 13 95 33 94 32 87 92 20
13 15 65 44 41 68 81 82 52 61
13 16 3 64 44 72 98 33 25 91
13 17 76 28 37 22 15 39 50 64
13 18 49 29 61 63 42 71 47 64
13 19 85 20 81 9 25 5 36 10
13 20 64 42 54 45 86 81 50 9
13 21 45 53 52 80 73 34 80 73
13 22 54 44 33 51 15 75 72 74
13 23 51 33 40 75 62 55 22 62
13 24 24 76 51 82 68 62 46 84
13 25 85 5 78 71 38 72 73 38
13 26 9 79 59 36 28 67 93 29
14 15 62 46 70 18 29 34 43 72
14 16 23 66 22 70 54 65 53 26
14 17 77 45 32 16 80 80 58 56
14 18 97 60 80 63 67 20 5 39
14 19 60 78 43 57 43 87 34 48
14 20 64 37 24 29 22 16 47 72
14 21 2 20 95 94 95 48 98 67
14 22 0 80 43 40 69 98 68 33
14 23 85 79 73 78 4 67 69 8
14 24 85 48 8 60 59 24 70 30
14 25 33 65 39 55 81 54 63 16
14 26 13 78 93 23 28 55 32 90
15 16 92 55 29 29 78 25 54 16
15 17 24 62 52 60 36 49 55 63
15 18 84 32 6 78 5 34 12 43
15 19 39 20 30 25 21 30 27 79
15 20 82 57 19 70 24 54 82 52
15 21 97 40 0 65 30 71 28 54
15 22 96 71 28 64 6 64 9 46
15 23 1 37 72 82 67 72 84 46
15 24 98 61 3 45 72 64 36 80
15 25 22 33 38 69 23 22 76 25
15 26 86 55 35 52 11 53 60 11
16 17 44 43 35 16 75 62 82 87
16 18 53 35 46 44 82 63 60 68
16 19 4 56 49 24 66 27 96 70
16 20 83 4 4 16 29 4 68 63
16 21 8 28 37 82 54 23 68 76
16 22 54 26 80 71 74 88 25 14
16 23 8 64 24 25 61 66 25 29
16 24 27 67 33 70 31 15 28 48
16 25 50 82 30 63 46 58 35 18
16 26 6 27 64 78 73 81 84 22
17 18 77 65 60 33 56 51 18 67
17 19 43 15 12 72 27 74 41 67
17 20 14 62 80 84 46 65 35 95
17 21 12 79 78 54 56 19 23 88
17 22 25 85 55 18 63 84 80 43
17 23 59 71 65 21 42 40 58 59
17 24 4 34 86 65 44 26 90 44
17 25 6 89 51 88 86 37 97 95
17 26 23 64 81 35 33 63 16 87
18 19 35 19 24 39 17 66 90 44
18 20 86 44 27 44 64 73 80 71
18 21 73 13 54 69 7 69 10 22
18 22 9 62 38 92 42 53 63 94
18 23 87 2 28 48 73 59 57 6
18 24 94 53 62 19 28 8 37 60
18 25 98 51 59 48 16 11 26 27
18 26 26 26 51 68 28 32 59 70
19 20 61 38 23 26 60 16 42 52
19 21 43 57 13 67 16 11 30 49
19 22 91 68 65 75 39 51 49 2
19 23 31 68 91 24 28 37 52 25
19 24 7 75 18 58 52 19 94 27
19 25 87 19 81 64 6 54 10 32
19 26 50 46 54 11 13 41 70 47
20 21 29 76 45 36 45 15 28 86
20 22 89 49 35 45 59 52 6 12
20 23 96 11 78 39 11 69 70 23
20 24 55 21 58 50 88 61 54 49
20 25 88 38 69 19 25 3 2 61
20 26 42 22 51 90 62 29 60 19
21 22 25 93 48 70 39 53 92 58
21 23 42 65 74 47 34 72 90 77
21 24 77 36 30 28 48 22 38 38
21 25 23 79 53 17 26 76 68 55
21 26 98 39 38 17 44 30 7 46
22 23 97 42 49 10 51 18 68 26
22 24 70 20 42 49 41 59 11 15
22 25 2 43 88 67 26 96 47 47
22 26 63 40 48 10 84 61 63 30
23 24 16 78 43 65 28 56 73 47
23 25 71 68 37 52 16 52 59 33
23 26 74 66 56 23 60 23 80 73
24 25 13 82 33 69 18 24 62 28
24 26 42 69 43 84 61 52 76 21
25 26 33 70 83 86 84 50 90 83
