35 8
0.25 0.25 0.25 0.25 0.0 0.0 0.0 0.0 
0 1 87 36 15 48 41 48 20 30
0 2 52 58 51 47 33 27 28 65
0 3 93 49 28 6 5 18 8 47
0 4 81 16 58 41 55 42 41 41
0 5 99 44 31 32 36 36 44 7
0 6 52 50 54 47 50 37 63 63
0 7 86 49 46 22 28 32 48 12
0 8 38 35 70 68 40 68 57 34
0 9 65 57 27 34 43 61 66 20
0 10 72 44 45 53 28 48 31 38
0 11 13 92 80 90 56 73 68 85
0 12 90 17 18 6 15 36 23 18
0 13 26 75 51 42 81 55 48 56
0 14 19 67 57 77 50 80 66 76
0 15 48 47 59 52 29 40 28 60
0 16 8 84 90 89 67 61 65 85
0 17 65 24 64 33 37 22 51 55
0 18 74 21 13 32 19 36 36 25
0 19 64 34 60 53 38 36 36 25
0 20 76 48 19 14 32 41 54 48
0 21 17 56 72 85 70 58 89 67
0 22 61 33 26 57 68 49 21 32
0 23 38 46 41 33 63 48 68 51
0 24 57 57 23 43 26 43 39 23
0 25 73 62 33 57 60 33 55 27
0 26 85 26 38 45 17 42 24 14
0 27 21 67 78 45 73 73 85 58
0 28 27 73 54 77 63 64 36 67
0 29 68 58 19 43 26 33 41 42
0 30 26 86 86 74 64 39 66 79
0 31 43 62 61 43 31 30 76 61
0 32 99 5 49 32 15 22 10 28
0 33 28 77 82 82 48 66 82 69
0 34 22 50 68 82 63 43 53 74
1 2 55 51 38 53 54 71 50 65
1 3 47 74 48 37 37 75 33 31
1 4 12 56 73 60 66 74 73 91
1 5 92 27 6 51 52 4 49 36
1 6 60 37 42 21 68 46 42 58
1 7 1 84 73 70 91 85 72 66
1 8 39 57 31 59 39 32 63 31
1 9 88 27 32 44 34 39 9 10
1 10 16 49 78 55 80 86 47 79
1 11 70 53 33 39 60 14 57 25
1 12 52 57 41 70 60 28 25 57
1 13 41 45 51 40 44 47 67 59
1 14 10 75 51 77 76 69 68 85
1 15 40 77 47 45 50 59 57 44
1 16 36 79 64 59 61 46 45 53
1 17 8 82 86 71 85 52 54 56
1 18 3 63 52 59 64 65 96 78
1 19 6 68 93 64 89 68 88 79
1 20 22 50 81 55 71 64 75 73
1 21 68 34 54 54 65 58 22 61
1 22 2 58 79 96 88 67 94 88
1 23 19 49 69 52 64 89 80 68
1 24 44 72 60 62 67 42 68 66
1 25 23 40 41 62 41 40 84 77
1 26 98 33 25 44 5 36 30 13
1 27 71 63 35 58 33 46 27 55
1 28 3 87 94 96 73 96 72 60
1 29 51 69 61 56 44 27 64 63
1 30 25 45 80 72 65 73 41 57
1 31 36 57 46 60 75 51 76 80
1 32 36 65 33 43 39 75 74 71
1 33 91 43 25 40 11 45 49 48
1 34 77 14 56 40 32 36 36 22
2 3 59 58 30 48 20 39 65 43
2 4 58 67 68 38 44 22 54 65
2 5 90 18 12 27 27 12 48 20
2 6 81 38 20 24 29 26 47 36
2 7 34 73 57 78 61 53 63 67
2 8 58 57 56 67 23 52 40 23
2 9 26 73 85 66 47 43 66 78
2 10 56 36 39 48 29 53 50 66
2 11 4 48 87 48 54 75 65 83
2 12 95 50 49 21 37 49 4 23
2 13 68 61 25 25 45 38 20 55
2 14 19 76 47 75 58 43 78 58
2 15 64 51 44 19 56 42 33 41
2 16 95 36 30 45 26 18 32 11
2 17 46 50 51 30 71 51 52 66
2 18 8 55 52 84 77 58 60 83
2 19 4 72 72 78 95 78 93 65
2 20 47 67 31 30 72 73 33 50
2 21 20 70 53 70 62 46 66 79
2 22 35 80 60 66 54 58 70 64
2 23 60 61 40 46 23 31 33 47
2 24 5 67 48 52 78 85 93 74
2 25 16 68 80 91 83 85 57 46
2 26 48 31 43 74 49 73 64 34
2 27 63 34 23 67 55 57 23 54
2 28 58 63 43 47 44 38 29 65
2 29 32 40 55 44 66 41 66 78
2 30 73 43 48 26 46 24 50 27
2 31 27 39 56 48 64 82 77 54
2 32 43 44 45 76 48 46 75 29
2 33 33 46 59 64 47 49 62 68
2 34 46 44 49 38 61 59 39 41
3 4 41 65 35 67 52 63 48 64
3 5 63 65 63 56 67 46 56 55
3 6 97 27 4 50 6 16 38 45
3 7 91 48 33 10 53 14 30 46
3 8 54 66 34 38 46 34 56 46
3 9 10 62 51 82 73 76 84 90
3 10 30 82 70 43 36 36 56 73
3 11 17 78 59 43 85 59 85 73
3 12 57 42 51 23 55 60 55 31
3 13 89 30 38 46 31 37 40 34
3 14 69 48 42 30 48 18 41 25
3 15 63 54 55 20 43 56 35 34
3 16 48 26 61 58 52 65 65 54
3 17 15 60 89 57 45 87 85 59
3 18 6 93 81 74 75 80 68 81
3 19 24 78 79 69 53 50 49 56
3 20 83 54 25 31 10 47 58 38
3 21 37 49 67 42 57 77 55 38
3 22 27 37 84 52 77 55 47 37
3 23 73 60 53 13 38 37 52 32
3 24 25 73 50 50 71 63 52 41
3 25 31 69 67 71 54 67 67 51
3 26 56 63 37 36 70 70 56 60
3 27 20 86 85 48 76 44 63 47
3 28 37 77 74 51 56 78 59 48
3 29 68 64 37 22 37 26 40 42
3 30 72 58 40 57 54 28 57 58
3 31 3 66 93 52 69 91 51 82
3 32 93 37 27 22 10 15 36 10
3 33 12 44 61 88 75 67 52 50
3 34 1 78 60 53 50 89 56 55
4 5 43 52 65 56 42 48 63 62
4 6 10 64 75 57 57 86 45 70
4 7 70 37 34 38 60 58 64 61
4 8 34 39 70 65 56 46 35 59
4 9 94 49 48 43 37 17 16 21
4 10 30 47 66 35 83 49 77 39
4 11 79 12 42 16 51 43 42 47
4 12 53 42 51 23 50 51 56 67
4 13 13 69 60 48 62 73 81 59
4 14 2 62 72 54 56 50 64 57
4 15 16 59 55 53 50 84 75 75
4 16 71 29 26 58 27 35 45 56
4 17 90 26 52 10 9 35 23 11
4 18 60 44 55 33 24 27 36 33
4 19 2 70 73 91 62 78 75 78
4 20 81 45 34 25 30 43 32 52
4 21 51 35 71 33 58 45 30 25
4 22 95 2 5 18 15 18 19 13
4 23 4 80 59 67 53 80 70 69
4 24 3 69 84 72 67 80 82 49
4 25 92 49 35 38 14 29 30 51
4 26 18 89 61 74 70 49 68 67
4 27 3 56 69 79 63 90 90 59
4 28 59 27 51 22 44 49 58 63
4 29 56 29 50 51 36 41 45 25
4 30 58 64 46 42 61 21 24 47
4 31 61 53 52 48 20 47 60 45
4 32 48 64 50 44 39 43 33 27
4 33 75 12 34 53 57 57 17 39
4 34 80 55 29 12 34 26 53 47
5 6 69 32 63 40 56 35 20 16
5 7 87 8 28 17 17 23 9 54
5 8 39 37 43 52 50 62 49 65
5 9 20 60 48 70 57 84 81 81
5 10 57 57 26 68 35 30 33 26
5 11 89 11 25 21 14 34 35 26
5 12 90 35 12 37 51 46 18 19
5 13 24 74 66 72 64 59 50 59
5 14 62 57 27 22 64 26 49 26
5 15 61 24 54 25 32 65 47 20
5 16 24 56 82 63 41 54 52 45
5 17 10 71 76 91 62 91 93 80
5 18 93 18 26 30 47 52 15 10
5 19 19 87 55 46 61 50 62 66
5 20 54 40 64 45 57 29 48 29
5 21 72 34 21 20 59 50 61 63
5 22 95 14 25 13 2 25 35 3
5 23 5 80 82 51 84 72 73 86
5 24 3 54 77 55 48 56 63 70
5 25 32 81 50 77 47 39 64 47
5 26 83 42 23 42 39 53 43 57
5 27 49 50 55 31 37 54 67 48
5 28 13 44 47 69 57 82 62 57
5 29 16 43 44 52 68 86 58 49
5 30 41 30 57 70 29 43 46 67
5 31 71 39 40 19 52 22 36 19
5 32 80 24 15 47 16 47 36 14
5 33 60 60 40 57 51 24 35 67
5 34 15 58 79 64 54 54 67 87
6 7 82 41 53 29 44 25 24 29
6 8 28 37 50 42 50 51 54 49
6 9 8 54 53 92 88 77 57 51
6 10 70 24 52 40 54 52 30 48
6 11 83 18 40 55 30 44 50 33
6 12 43 75 60 54 70 33 38 29
6 13 94 6 38 7 34 4 19 11
6 14 34 65 55 40 81 38 44 36
6 15 51 70 28 60 34 63 38 45
6 16 7 66 58 71 81 84 87 57
6 17 50 29 73 64 56 53 31 31
6 18 89 5 31 40 13 54 30 23
6 19 53 70 36 73 54 55 46 24
6 20 82 47 8 41 49 38 28 27
6 21 50 40 47 43 71 41 27 53
6 22 81 33 32 9 44 24 28 54
6 23 45 38 64 67 35 47 68 42
6 24 77 52 29 57 34 13 14 37
6 25 65 45 51 21 50 54 30 26
6 26 88 17 12 25 32 51 49 27
6 27 78 53 22 49 32 56 25 16
6 28 4 89 90 63 96 66 82 84
6 29 52 69 31 40 30 46 49 69
6 30 79 34 31 56 18 11 50 57
6 31 9 54 73 77 56 92 83 74
6 32 36 75 61 59 48 78 73 40
6 33 54 34 59 60 45 66 30 70
6 34 84 48 32 43 54 10 31 36
7 8 70 22 32 61 63 18 16 15
7 9 81 18 10 27 14 30 13 41
7 10 99 15 22 47 38 1 12 2
7 11 47 43 54 70 35 64 57 27
7 12 54 26 46 64 72 66 33 27
7 13 47 63 30 50 50 48 61 73
7 14 35 63 79 52 63 75 61 61
7 15 95 5 40 25 33 22 12 46
7 16 50 32 53 51 52 35 55 51
7 17 41 74 51 79 32 48 38 37
7 18 40 39 56 70 51 65 68 43
7 19 59 48 36 63 55 60 27 33
7 20 38 35 37 36 55 53 71 58
7 21 6 67 55 60 49 46 83 53
7 22 95 36 25 42 15 46 24 32
7 23 20 53 81 87 53 88 56 61
7 24 6 77 68 85 67 61 55 62
7 25 86 52 29 22 46 10 25 7
7 26 38 47 72 78 50 48 57 59
7 27 41 75 51 72 29 46 75 29
7 28 83 27 46 49 29 47 19 42
7 29 68 36 47 27 21 50 48 56
7 30 32 73 65 69 44 38 58 39
7 31 35 36 71 37 53 42 72 76
7 32 25 83 42 85 61 82 79 66
7 33 43 48 36 61 32 53 28 44
7 34 73 23 56 21 23 42 25 43
8 9 66 51 55 27 28 33 63 37
8 10 21 62 79 68 75 63 69 51
8 11 42 73 54 75 58 54 30 75
8 12 9 93 46 46 91 93 71 80
8 13 51 63 40 65 54 64 58 44
8 14 25 69 81 44 52 60 51 73
8 15 82 33 10 34 18 44 21 15
8 16 66 33 47 46 61 54 63 41
8 17 34 73 53 38 53 68 71 68
8 18 28 48 46 43 78 70 50 56
8 19 41 77 78 70 46 55 43 71
8 20 85 25 19 34 47 13 32 38
8 21 18 44 81 71 79 63 73 72
8 22 0 70 93 71 97 58 93 94
8 23 1 83 98 56 80 53 96 96
8 24 14 74 78 92 89 59 53 61
8 25 37 59 56 74 65 31 47 63
8 26 25 51 70 47 52 55 61 82
8 27 26 37 85 49 78 45 61 48
8 28 30 45 39 46 66 38 77 68
8 29 51 62 62 38 52 27 30 69
8 30 27 63 84 80 53 50 47 61
8 31 91 25 26 5 11 44 51 17
8 32 71 55 27 20 40 32 43 54
8 33 19 59 59 64 43 58 57 84
8 34 79 25 52 36 32 24 50 39
9 10 23 86 67 83 55 86 66 45
9 11 91 44 42 25 46 11 44 10
9 12 78 21 34 14 12 49 53 38
9 13 41 50 76 46 60 61 50 45
9 14 89 7 20 34 51 20 53 28
9 15 3 88 60 51 87 93 70 92
9 16 46 64 43 61 55 66 67 67
9 17 65 38 23 62 29 23 35 34
9 18 4 68 90 62 48 79 70 70
9 19 73 21 59 52 38 38 28 23
9 20 68 63 19 49 23 20 17 19
9 21 1 64 61 71 53 71 95 76
9 22 47 40 50 51 63 32 67 46
9 23 49 29 58 52 59 64 69 49
9 24 88 25 37 44 46 5 38 29
9 25 52 65 49 65 60 47 63 36
9 26 60 34 45 45 69 29 46 28
9 27 10 49 90 91 93 85 79 91
9 28 87 16 15 7 36 21 8 12
9 29 56 52 55 41 62 60 42 35
9 30 2 66 72 68 59 97 68 84
9 31 99 1 5 33 38 21 30 0
9 32 65 61 18 63 20 27 52 59
9 33 80 38 35 36 10 43 18 23
9 34 63 23 39 36 65 32 68 50
10 11 70 42 49 60 26 37 16 28
10 12 36 40 36 34 76 50 49 57
10 13 58 29 65 67 32 35 53 54
10 14 73 20 59 33 53 25 42 39
10 15 20 40 62 87 55 56 67 68
10 16 45 31 34 34 63 30 55 71
10 17 20 60 67 88 69 52 61 62
10 18 27 50 55 41 62 55 65 85
10 19 95 21 46 36 18 24 27 38
10 20 12 80 84 50 52 84 51 61
10 21 64 64 19 47 52 63 33 24
10 22 81 39 48 34 41 34 21 53
10 23 78 21 41 42 15 58 32 49
10 24 86 18 21 7 41 32 27 34
10 25 97 14 1 24 27 3 39 32
10 26 5 63 73 55 67 78 83 91
10 27 57 43 70 64 37 69 65 54
10 28 2 80 75 69 81 93 59 49
10 29 33 48 80 71 67 68 54 40
10 30 50 44 35 52 50 47 25 52
10 31 93 51 39 44 17 49 36 28
10 32 6 76 64 85 57 51 82 63
10 33 54 39 47 55 66 28 33 31
10 34 61 48 55 60 66 29 66 55
11 12 20 60 63 72 42 61 47 84
11 13 32 34 54 82 48 83 45 59
11 14 97 41 40 17 25 2 2 4
11 15 72 33 49 36 34 32 51 13
11 16 53 46 25 68 61 35 48 51
11 17 89 27 8 42 5 19 49 5
11 18 76 18 52 25 15 44 24 16
11 19 63 68 51 35 22 54 56 48
11 20 48 68 70 30 30 44 25 61
11 21 80 51 32 17 14 17 53 23
11 22 97 36 48 26 14 34 3 36
11 23 35 76 81 57 64 60 58 52
11 24 49 72 63 46 38 40 57 53
11 25 71 46 22 47 18 51 24 60
11 26 76 18 13 46 15 19 20 24
11 27 78 32 39 42 24 39 33 24
11 28 96 38 30 2 38 17 26 24
11 29 51 68 71 60 60 56 69 57
11 30 27 81 60 58 49 81 79 38
11 31 82 15 33 47 52 42 18 44
11 32 93 8 32 45 49 50 28 15
11 33 90 51 31 35 37 45 27 50
11 34 54 40 71 43 28 67 29 56
12 13 23 43 55 39 75 48 40 73
12 14 76 21 21 23 41 57 37 55
12 15 35 46 35 56 66 54 74 74
12 16 9 93 49 77 62 52 81 52
12 17 21 52 58 75 59 83 83 56
12 18 45 54 46 29 44 52 61 70
12 19 6 91 80 48 77 57 61 82
12 20 73 61 33 57 55 45 40 33
12 21 82 55 41 18 9 42 13 10
12 22 24 81 54 71 62 57 44 63
12 23 90 10 11 5 23 34 43 38
12 24 45 31 41 55 59 72 65 31
12 25 54 23 42 57 45 51 54 56
12 26 60 29 52 28 66 29 56 50
12 27 32 42 35 57 59 83 71 79
12 28 83 10 26 46 17 54 31 24
12 29 26 86 85 80 68 66 85 72
12 30 75 43 13 59 26 59 18 52
12 31 10 75 66 70 74 87 83 68
12 32 0 88 76 54 75 86 86 53
12 33 8 72 81 83 73 91 68 59
12 34 17 88 83 59 43 49 71 82
13 14 7 46 85 62 47 90 78 67
13 15 74 24 57 23 54 47 16 25
13 16 49 68 70 27 59 34 35 49
13 17 73 36 31 50 61 29 26 60
13 18 94 13 23 51 13 50 38 24
13 19 45 32 65 41 75 55 35 63
13 20 57 49 51 59 55 34 39 65
13 21 39 54 32 48 68 71 66 47
13 22 88 51 29 39 24 14 31 14
13 23 80 34 47 43 29 58 19 40
13 24 88 34 23 10 50 21 11 40
13 25 40 36 55 62 54 62 44 46
13 26 63 57 30 67 56 52 48 50
13 27 57 57 70 33 68 25 58 43
13 28 79 13 51 41 53 26 18 28
13 29 93 7 38 5 26 16 53 30
13 30 9 94 73 60 65 66 64 72
13 31 47 45 47 49 65 72 51 26
13 32 10 88 47 86 64 79 79 74
13 33 48 28 41 59 48 65 75 31
13 34 96 8 7 12 3 20 29 2
14 15 28 61 40 54 38 61 52 62
14 16 11 50 86 57 46 69 50 87
14 17 70 60 55 44 20 45 53 61
14 18 60 65 32 66 63 54 66 66
14 19 64 35 27 39 23 21 25 56
14 20 55 41 37 70 64 46 58 41
14 21 34 55 56 43 69 56 48 39
14 22 92 47 11 8 19 36 14 21
14 23 82 55 52 48 32 51 43 12
14 24 9 65 67 46 83 59 88 85
14 25 2 55 92 93 53 64 97 87
14 26 81 47 51 56 19 10 27 36
14 27 88 54 15 32 32 36 40 26
14 28 94 27 52 24 35 35 47 52
14 29 85 49 33 19 49 31 7 34
14 30 14 65 46 47 92 85 57 89
14 31 37 48 59 47 43 51 32 32
14 32 6 79 83 65 68 82 84 63
14 33 37 40 49 58 45 72 52 36
14 34 9 72 91 56 49 78 56 68
15 16 86 38 8 38 27 46 24 20
15 17 7 73 65 89 72 83 51 64
15 18 87 43 41 14 41 41 47 13
15 19 10 82 93 74 56 75 54 71
15 20 88 6 29 11 28 16 27 25
15 21 81 9 19 32 18 9 18 12
15 22 67 60 19 40 54 60 25 31
15 23 83 51 31 52 34 15 39 17
15 24 10 73 85 86 54 50 78 62
15 25 73 38 40 18 33 31 58 32
15 26 47 46 40 66 39 60 36 68
15 27 91 5 52 28 51 16 26 13
15 28 30 53 70 51 80 65 57 82
15 29 77 27 54 54 11 12 17 14
15 30 40 37 76 62 58 79 62 61
15 31 20 65 50 43 52 41 56 75
15 32 20 44 46 64 44 68 78 86
15 33 80 17 29 48 21 57 24 38
15 34 88 36 39 21 6 43 55 15
16 17 83 40 15 52 18 25 14 52
16 18 88 36 38 28 7 10 35 17
16 19 79 24 39 20 44 29 18 25
16 20 44 53 28 58 76 50 37 37
16 21 14 61 63 84 76 44 86 80
16 22 14 77 50 79 78 70 73 47
16 23 82 55 43 45 13 37 24 25
16 24 91 20 34 46 29 32 44 9
16 25 42 69 59 63 57 40 75 47
16 26 18 73 69 50 70 88 48 49
16 27 49 71 56 44 29 69 32 43
16 28 95 25 17 7 26 42 20 38
16 29 94 18 51 5 34 41 26 9
16 30 30 44 48 75 35 54 74 82
16 31 1 56 79 75 95 94 63 58
16 32 14 88 81 85 80 47 74 72
16 33 18 81 85 80 89 60 85 81
16 34 42 73 42 40 41 75 72 71
17 18 97 23 19 14 45 19 21 12
17 19 83 26 51 57 56 41 13 57
17 20 48 58 67 63 60 65 44 69
17 21 81 28 40 55 40 17 19 50
17 22 56 65 33 35 60 54 33 23
17 23 26 76 74 73 62 65 69 59
17 24 95 27 22 24 13 40 48 39
17 25 77 58 16 32 55 12 56 53
17 26 91 28 51 18 7 46 7 19
17 27 35 39 41 73 38 80 48 32
17 28 5 67 57 79 73 71 86 66
17 29 98 13 13 30 3 11 41 11
17 30 62 48 45 22 24 30 60 26
17 31 88 7 10 43 16 7 35 29
17 32 70 40 39 56 28 59 45 36
17 33 93 22 10 20 29 14 29 43
17 34 13 88 60 61 85 57 87 90
18 19 90 24 42 34 27 11 23 39
18 20 83 13 35 21 35 30 18 38
18 21 50 70 73 65 52 40 40 34
18 22 75 24 39 20 61 19 44 37
18 23 47 71 64 36 73 28 63 74
18 24 11 79 84 63 68 94 77 68
18 25 31 37 58 81 72 51 60 41
18 26 99 6 11 47 40 49 42 47
18 27 72 54 20 62 31 28 61 49
18 28 62 34 64 25 26 27 20 19
18 29 81 48 18 31 57 35 33 53
18 30 46 57 75 32 72 50 47 71
18 31 12 47 74 43 69 88 74 69
18 32 1 88 77 83 68 83 57 68
18 33 44 52 60 71 67 46 31 47
18 34 84 44 51 56 20 25 43 23
19 20 65 42 59 19 25 47 63 51
19 21 4 51 65 69 55 62 60 49
19 22 83 41 37 37 44 47 51 16
19 23 9 56 94 82 72 52 66 79
19 24 8 92 49 81 67 48 83 72
19 25 19 51 80 49 49 57 71 51
19 26 62 29 19 58 32 50 34 67
19 27 46 67 33 64 61 53 39 47
19 28 2 54 84 73 70 91 54 77
19 29 71 42 25 23 33 44 57 54
19 30 91 42 20 38 53 9 6 9
19 31 7 80 87 73 71 78 87 47
19 32 22 81 78 45 54 75 73 81
19 33 19 64 47 76 88 68 82 70
19 34 66 44 23 31 58 37 18 27
20 21 68 42 48 49 26 34 29 29
20 22 65 30 66 54 59 37 33 31
20 23 91 33 16 11 22 33 53 17
20 24 43 51 54 56 64 70 69 72
20 25 9 85 47 51 70 48 83 50
20 26 0 72 69 71 58 78 81 66
20 27 6 78 76 51 91 47 71 85
20 28 83 12 48 34 23 42 34 43
20 29 40 47 45 33 66 53 64 78
20 30 92 40 8 7 7 42 48 7
20 31 20 78 82 64 61 58 87 70
20 32 85 35 23 42 52 20 43 32
20 33 27 60 36 79 52 72 60 55
20 34 25 82 48 71 71 56 76 59
21 22 61 30 62 34 57 52 53 35
21 23 59 58 20 59 43 58 26 22
21 24 83 12 23 10 34 47 44 15
21 25 80 42 57 23 19 25 15 27
21 26 68 40 50 38 35 60 54 23
21 27 24 67 53 42 48 54 47 60
21 28 91 30 36 38 47 14 19 11
21 29 6 52 49 80 47 67 50 81
21 30 93 24 12 18 6 44 44 43
21 31 36 32 64 63 70 43 42 68
21 32 96 22 19 11 5 48 2 38
21 33 54 34 23 56 35 34 62 57
21 34 9 53 74 67 53 77 59 45
22 23 89 51 36 22 28 18 50 46
22 24 21 46 75 42 80 51 65 60
22 25 3 96 80 90 53 82 64 82
22 26 1 61 82 59 60 56 70 49
22 27 28 40 77 50 44 57 71 54
22 28 79 18 39 27 29 35 12 52
22 29 91 16 13 49 16 34 41 32
22 30 73 52 18 27 24 14 23 20
22 31 28 64 48 85 40 80 64 44
22 32 25 59 51 46 37 50 43 41
22 33 43 69 50 61 41 67 57 40
22 34 82 45 54 12 52 49 13 40
23 24 63 28 33 54 63 65 39 40
23 25 63 45 63 42 53 55 67 53
23 26 26 68 57 76 52 74 41 68
23 27 94 30 38 52 41 33 16 35
23 28 88 36 22 11 30 21 21 26
23 29 61 55 48 28 36 58 49 26
23 30 52 44 49 52 59 72 65 72
23 31 81 32 17 36 23 22 56 34
23 32 61 21 67 36 24 37 30 41
23 33 51 49 24 28 25 61 43 51
23 34 22 56 84 61 71 41 80 75
24 25 73 42 24 49 32 53 17 41
24 26 88 34 36 40 32 36 24 21
24 27 68 48 49 40 35 35 65 57
24 28 10 88 68 75 76 72 63 78
24 29 61 19 21 24 40 40 23 53
24 30 48 57 38 45 31 50 26 55
24 31 33 63 38 42 58 44 62 51
24 32 53 35 46 51 66 29 65 24
24 33 89 9 21 35 25 50 20 32
24 34 69 16 32 45 47 33 23 20
25 26 62 64 68 45 38 32 43 43
25 27 9 56 89 69 63 46 79 83
25 28 12 59 50 72 82 66 78 90
25 29 41 44 49 34 59 40 39 34
25 30 10 70 45 90 55 81 80 88
25 31 27 37 67 83 51 63 55 82
25 32 2 95 67 53 50 86 74 81
25 33 75 52 15 58 15 58 33 53
25 34 99 14 29 42 44 16 23 20
26 27 40 64 35 76 54 76 37 78
26 28 31 57 37 48 54 54 71 80
26 29 69 64 57 31 30 47 34 33
26 30 18 57 65 54 84 49 62 59
26 31 97 49 48 43 22 42 17 35
26 32 62 59 51 47 41 52 22 22
26 33 7 54 61 56 91 67 67 79
26 34 51 39 50 28 38 50 34 42
27 28 41 71 78 70 50 47 76 35
27 29 22 85 60 56 61 83 76 62
27 30 74 37 58 24 24 14 60 31
27 31 69 35 23 29 45 22 56 49
27 32 68 37 30 23 29 55 40 46
27 33 24 69 43 81 86 44 38 41
27 34 30 79 40 48 56 43 66 54
28 29 52 59 40 29 58 49 39 36
28 30 20 78 46 69 83 65 65 64
28 31 23 85 46 84 56 67 71 56
28 32 82 46 15 16 24 26 53 15
28 33 80 20 30 12 17 41 47 43
28 34 74 36 57 50 19 60 44 45
29 30 99 46 30 45 23 17 16 1
29 31 67 50 61 55 57 45 33 34
29 32 65 61 42 28 40 34 18 47
29 33 91 48 31 18 50 6 12 18
29 34 93 50 18 11 10 13 32 44
30 31 35 33 38 73 73 49 44 37
30 32 98 43 10 44 24 26 14 20
30 33 11 86 53 72 85 89 60 92
30 34 14 88 72 43 50 58 51 89
31 32 88 21 30 29 38 7 14 20
31 33 58 63 52 25 66 40 51 45
31 34 9 93 78 82 73 68 91 62
32 33 25 43 80 84 67 63 84 69
32 34 89 31 9 49 11 33 7 15
33 34 21 41 69 87 69 84 78 78
