35 8
0.5 0.5 0.0 0.0 0.0 0.0 0.0 0.0 
0 1 9 90 77 81 88 82 86 88
0 2 94 5 9 17 6 6 7 6
0 3 65 42 36 37 34 42 36 30
0 4 51 48 45 50 52 52 42 49
0 5 65 43 38 34 33 35 37 38
0 6 87 15 17 21 10 19 15 21
0 7 33 66 65 62 64 56 57 62
0 8 13 87 87 79 81 77 85 77
0 9 10 84 85 76 89 82 84 77
0 10 32 70 68 65 63 57 68 66
0 11 99 10 8 3 8 7 6 6
0 12 95 12 15 7 7 4 11 18
0 13 35 67 57 60 68 66 67 55
0 14 83 24 18 15 16 23 26 20
0 15 70 36 35 31 35 33 37 37
0 16 53 49 52 53 43 41 48 45
0 17 30 59 70 67 65 69 62 65
0 18 22 78 77 71 72 72 68 76
0 19 71 36 28 24 37 32 33 27
0 20 29 68 64 71 68 63 71 64
0 21 98 1 6 2 16 10 8 3
0 22 52 44 54 45 43 49 53 48
0 23 16 72 80 74 81 84 74 77
0 24 16 72 78 83 79 71 81 78
0 25 52 42 47 51 49 55 51 42
0 26 59 42 38 42 45 39 37 40
0 27 56 44 49 47 39 37 48 45
0 28 24 77 75 68 71 65 68 73
0 29 62 42 41 45 40 37 39 34
0 30 17 82 76 77 72 82 73 78
0 31 78 26 28 23 18 30 31 20
0 32 29 62 61 67 63 60 64 66
0 33 40 52 62 63 60 54 52 63
0 34 51 52 44 48 47 46 54 52
1 2 96 17 14 17 13 16 12 9
1 3 91 20 17 20 20 7 21 19
1 4 40 62 53 53 59 63 51 62
1 5 7 90 83 79 88 93 82 86
1 6 12 87 85 76 87 81 89 78
1 7 51 45 55 48 42 45 52 45
1 8 44 59 60 51 53 58 49 53
1 9 24 69 70 68 65 74 72 73
1 10 62 36 42 36 45 40 45 33
1 11 94 18 6 10 10 17 9 15
1 12 66 30 41 37 37 31 38 34
1 13 9 86 87 84 80 90 78 91
1 14 23 69 64 71 71 71 67 73
1 15 78 29 28 28 31 30 25 17
1 16 96 3 15 8 9 10 8 5
1 17 36 60 65 67 61 55 63 62
1 18 28 75 68 66 65 62 73 68
1 19 24 75 69 78 64 66 67 68
1 20 73 31 33 28 25 30 22 34
1 21 98 16 6 12 11 9 9 9
1 22 59 43 41 42 45 36 43 44
1 23 82 25 23 30 29 15 20 27
1 24 32 57 61 62 63 61 60 60
1 25 93 15 15 6 20 17 18 5
1 26 27 64 63 71 63 70 72 62
1 27 5 91 94 82 88 83 83 83
1 28 54 40 52 43 52 50 49 51
1 29 31 62 68 61 66 60 64 72
1 30 74 25 29 27 31 33 29 22
1 31 83 28 21 17 18 22 18 24
1 32 37 59 65 62 65 54 57 59
1 33 30 62 66 69 66 64 73 63
1 34 24 75 78 66 77 67 75 66
2 3 74 25 24 34 28 35 22 35
2 4 32 71 61 58 57 67 62 60
2 5 96 17 3 17 14 7 12 10
2 6 15 86 75 72 82 85 76 85
2 7 83 16 26 20 23 25 21 22
2 8 5 82 80 84 90 92 81 84
2 9 68 30 37 27 38 31 41 39
2 10 98 4 5 2 10 14 5 14
2 11 84 17 24 16 23 25 21 21
2 12 93 7 15 19 5 10 12 14
2 13 72 34 31 38 34 25 32 38
2 14 41 53 54 58 58 53 64 58
2 15 11 77 79 78 85 88 84 83
2 16 12 81 85 77 76 87 81 75
2 17 23 73 70 78 78 77 74 75
2 18 46 46 58 52 58 53 54 53
2 19 7 91 82 79 80 82 88 82
2 20 83 17 27 15 27 25 22 22
2 21 13 85 81 75 82 76 81 83
2 22 50 52 46 53 56 42 51 50
2 23 26 63 69 65 63 67 68 66
2 24 45 55 54 61 46 48 55 54
2 25 34 61 70 61 62 60 67 56
2 26 95 5 17 4 13 5 16 11
2 27 79 22 29 23 18 31 31 32
2 28 72 38 34 33 25 30 35 27
2 29 72 36 35 27 31 28 35 32
2 30 53 50 49 43 45 44 51 45
2 31 9 77 79 85 80 87 85 90
2 32 41 62 57 51 51 61 60 50
2 33 59 37 42 42 39 46 39 46
2 34 13 79 82 87 76 81 75 78
3 4 56 48 40 42 37 45 43 40
3 5 77 20 24 27 34 19 32 22
3 6 0 96 93 92 97 90 86 90
3 7 21 69 81 81 75 80 74 68
3 8 57 35 43 40 36 41 36 45
3 9 3 91 90 93 86 89 82 85
3 10 72 31 24 30 32 33 37 27
3 11 7 82 79 81 91 87 85 92
3 12 70 29 37 25 36 29 27 33
3 13 11 80 77 80 87 85 77 89
3 14 61 34 32 43 33 38 33 35
3 15 87 25 13 16 18 11 24 11
3 16 65 36 39 30 36 29 36 37
3 17 67 33 29 32 41 42 41 31
3 18 67 41 28 40 33 32 34 29
3 19 14 77 84 81 79 77 74 74
3 20 23 71 76 75 68 73 68 71
3 21 33 62 59 68 69 69 69 66
3 22 48 52 45 46 43 56 44 49
3 23 9 87 81 85 77 79 83 82
3 24 39 65 62 57 65 57 56 58
3 25 53 52 44 46 54 51 42 40
3 26 82 15 18 18 24 15 20 26
3 27 21 79 68 81 79 80 78 80
3 28 58 36 41 37 41 41 38 43
3 29 3 96 86 96 93 92 96 96
3 30 81 21 23 23 23 17 24 20
3 31 34 56 55 70 68 67 69 64
3 32 73 24 30 33 26 32 33 33
3 33 85 14 19 12 24 17 14 14
3 34 90 16 8 18 14 10 15 8
4 5 45 59 59 48 48 56 50 51
4 6 18 78 71 74 80 83 75 79
4 7 11 85 86 77 89 87 78 85
4 8 97 6 6 6 8 13 9 10
4 9 45 58 58 53 56 60 53 54
4 10 45 52 59 61 58 61 55 49
4 11 30 69 69 60 69 65 65 71
4 12 21 74 79 73 80 79 68 80
4 13 53 44 47 39 46 48 50 42
4 14 6 84 87 80 91 87 89 88
4 15 14 77 83 79 83 75 83 80
4 16 0 87 90 95 91 87 89 91
4 17 56 41 40 47 46 50 41 51
4 18 46 53 57 46 50 52 53 53
4 19 7 86 78 89 82 87 89 82
4 20 42 51 57 61 58 56 48 62
4 21 99 13 2 14 8 14 12 1
4 22 1 98 93 84 93 98 87 87
4 23 24 66 72 76 75 74 71 64
4 24 96 16 15 11 11 15 5 11
4 25 17 77 80 76 76 84 79 81
4 26 20 71 81 74 80 78 76 71
4 27 26 76 70 73 73 70 67 72
4 28 83 19 24 17 22 16 17 25
4 29 6 93 83 89 85 82 87 90
4 30 44 47 55 61 47 61 51 58
4 31 6 92 83 81 86 83 88 91
4 32 54 43 52 39 45 41 42 43
4 33 97 3 10 4 9 16 13 8
4 34 5 89 80 93 82 93 81 83
5 6 14 85 73 78 73 77 73 74
5 7 0 90 93 89 92 84 88 84
5 8 6 87 93 93 89 89 84 90
5 9 9 87 88 81 89 91 82 82
5 10 22 71 75 72 72 67 74 78
5 11 63 31 42 33 39 34 44 40
5 12 9 89 81 80 84 77 83 77
5 13 86 19 24 18 23 22 17 11
5 14 55 45 40 46 52 40 52 52
5 15 81 19 19 27 27 16 21 25
5 16 25 66 63 65 73 68 73 77
5 17 24 76 64 72 66 67 76 77
5 18 89 19 19 10 13 10 15 9
5 19 3 82 90 95 92 96 89 95
5 20 73 23 23 33 34 35 33 27
5 21 40 63 53 60 56 63 63 62
5 22 55 45 49 52 50 51 50 43
5 23 9 83 84 90 84 83 84 88
5 24 62 38 32 34 44 40 44 45
5 25 91 11 8 8 21 18 19 8
5 26 23 70 78 71 79 78 69 72
5 27 19 75 72 73 72 74 73 79
5 28 8 79 82 88 86 87 88 82
5 29 42 51 60 58 59 63 50 58
5 30 40 55 53 52 58 55 52 65
5 31 8 79 89 77 85 90 92 86
5 32 26 66 71 68 69 75 74 69
5 33 59 43 39 47 36 36 48 42
5 34 5 88 91 92 87 88 88 86
6 7 20 69 70 73 72 74 79 69
6 8 70 37 36 39 25 25 26 36
6 9 0 85 96 85 97 91 90 85
6 10 96 16 10 16 7 9 6 12
6 11 10 80 78 80 76 78 76 87
6 12 73 36 26 23 28 23 25 31
6 13 85 20 16 21 22 26 20 25
6 14 69 38 34 29 31 34 27 29
6 15 6 85 93 87 89 83 84 87
6 16 15 83 84 85 83 71 81 74
6 17 96 8 9 15 12 5 13 9
6 18 52 50 41 40 44 40 45 50
6 19 93 10 15 14 8 15 13 14
6 20 26 67 73 64 62 76 75 68
6 21 3 92 91 83 82 88 93 82
6 22 80 25 24 25 17 23 24 24
6 23 16 76 77 75 79 76 81 81
6 24 39 64 52 59 63 59 51 55
6 25 98 6 15 2 10 12 10 6
6 26 65 36 43 34 42 37 41 37
6 27 16 81 76 84 82 76 74 77
6 28 91 11 20 9 10 7 18 21
6 29 52 54 49 50 51 49 40 46
6 30 10 86 87 84 84 89 79 77
6 31 30 70 71 63 72 60 70 61
6 32 74 31 24 32 28 32 33 30
6 33 34 69 60 58 59 59 59 64
6 34 24 72 71 74 74 78 68 76
7 8 46 60 58 59 52 60 47 47
7 9 87 21 20 23 10 18 24 15
7 10 60 42 43 47 38 37 36 47
7 11 29 62 67 70 72 73 68 65
7 12 58 40 48 37 38 38 39 44
7 13 29 65 69 74 60 67 70 70
7 14 64 32 33 40 39 34 38 44
7 15 27 67 68 74 69 73 65 71
7 16 93 14 9 14 12 19 12 10
7 17 87 21 23 22 13 16 24 16
7 18 21 68 76 72 73 67 67 67
7 19 23 71 65 75 70 73 70 70
7 20 37 67 55 58 54 59 58 56
7 21 15 76 79 86 73 82 85 80
7 22 3 86 90 90 82 83 84 90
7 23 16 81 82 72 84 84 82 72
7 24 64 30 33 37 34 42 37 34
7 25 13 85 73 74 84 83 74 74
7 26 71 34 27 27 36 27 32 36
7 27 50 50 52 48 56 43 49 48
7 28 83 28 21 22 22 25 20 24
7 29 85 21 21 18 15 20 22 18
7 30 58 47 40 48 41 43 47 44
7 31 2 94 88 95 89 87 95 87
7 32 88 14 11 18 17 21 10 21
7 33 23 66 75 68 74 69 79 68
7 34 39 65 61 62 56 53 54 58
8 9 22 70 68 72 66 67 74 74
8 10 77 26 33 23 33 20 22 23
8 11 61 42 34 46 41 38 33 44
8 12 3 94 96 85 96 82 87 91
8 13 64 29 37 37 33 40 36 35
8 14 63 42 42 31 33 42 43 45
8 15 97 16 6 14 15 4 9 4
8 16 24 71 75 72 75 74 68 77
8 17 40 56 57 60 57 65 61 60
8 18 7 81 93 81 91 85 86 87
8 19 95 13 12 4 10 16 15 11
8 20 95 13 14 16 7 10 15 4
8 21 73 24 27 32 35 28 26 24
8 22 58 42 44 41 39 39 41 47
8 23 6 92 81 80 83 90 86 89
8 24 72 30 27 29 28 34 31 37
8 25 74 33 25 23 32 35 34 28
8 26 0 97 89 88 85 90 86 98
8 27 57 39 38 39 45 47 36 44
8 28 96 4 8 4 4 6 12 12
8 29 5 90 88 84 86 84 88 81
8 30 18 76 69 75 76 72 84 83
8 31 19 70 72 73 74 70 73 76
8 32 24 75 64 77 73 72 69 77
8 33 16 82 73 82 71 73 82 75
8 34 55 48 49 48 42 52 41 41
9 10 24 76 69 77 68 66 68 64
9 11 77 25 31 23 33 31 24 26
9 12 82 25 20 16 18 28 21 24
9 13 13 87 81 80 76 84 75 77
9 14 80 30 24 16 25 24 19 22
9 15 85 20 14 21 25 24 27 13
9 16 42 60 59 60 53 50 62 62
9 17 90 16 14 16 18 16 21 12
9 18 70 36 38 37 35 32 28 38
9 19 28 69 63 67 64 72 73 74
9 20 10 81 85 88 80 83 85 84
9 21 12 75 83 78 80 81 85 83
9 22 27 71 73 74 65 71 72 69
9 23 64 31 38 30 41 40 45 36
9 24 13 88 86 88 86 78 74 76
9 25 91 11 7 7 21 15 21 13
9 26 10 85 88 79 81 76 85 87
9 27 86 19 22 24 25 12 12 18
9 28 1 93 90 93 94 84 93 92
9 29 92 20 11 13 13 18 13 8
9 30 15 83 73 81 77 73 78 79
9 31 37 68 60 67 59 60 66 62
9 32 47 46 58 47 46 58 45 46
9 33 96 4 4 9 2 6 9 8
9 34 37 64 66 66 57 63 62 58
10 11 9 80 86 78 78 80 91 88
10 12 7 88 83 92 81 92 88 84
10 13 53 43 45 44 47 53 51 44
10 14 8 88 82 88 92 88 78 85
10 15 16 81 75 75 73 85 78 76
10 16 37 67 54 64 64 58 61 55
10 17 27 62 69 71 62 74 73 67
10 18 83 15 14 20 27 27 26 23
10 19 26 65 69 73 77 66 68 73
10 20 49 55 44 56 51 54 55 49
10 21 98 12 4 7 15 5 2 6
10 22 33 65 67 68 57 56 69 59
10 23 81 22 24 28 29 27 29 24
10 24 16 75 73 81 79 79 83 84
10 25 23 70 66 72 65 72 71 67
10 26 23 69 76 75 69 72 67 75
10 27 34 63 64 65 67 63 68 67
10 28 48 46 50 50 43 43 51 45
10 29 48 46 55 47 50 49 56 48
10 30 24 77 69 71 70 78 71 66
10 31 77 21 26 24 28 30 29 23
10 32 68 29 37 35 37 37 37 36
10 33 12 87 86 80 84 79 76 83
10 34 4 93 83 93 84 87 91 92
11 12 66 41 38 34 32 29 32 37
11 13 67 31 32 31 34 36 34 30
11 14 51 50 53 54 50 52 53 52
11 15 86 17 11 23 23 14 13 16
11 16 29 63 64 65 67 68 64 64
11 17 90 15 15 19 19 14 21 20
11 18 12 87 76 75 82 83 78 81
11 19 85 14 15 13 23 18 16 23
11 20 2 85 96 84 88 94 88 90
11 21 31 70 71 72 68 65 58 70
11 22 41 50 58 54 60 63 50 56
11 23 96 10 6 16 7 3 4 17
11 24 40 60 60 57 53 57 61 62
11 25 58 41 39 45 40 45 44 49
11 26 20 76 69 76 75 77 78 82
11 27 4 95 82 82 92 89 89 96
11 28 7 90 87 92 87 84 79 86
11 29 81 26 17 30 18 17 25 22
11 30 32 60 66 63 63 58 69 64
11 31 67 30 35 37 36 38 30 29
11 32 66 29 28 36 35 38 40 39
11 33 70 39 27 38 32 32 39 35
11 34 72 34 35 34 26 37 33 24
12 13 72 26 35 35 28 26 31 30
12 14 50 51 54 46 44 43 42 47
12 15 74 33 26 25 23 24 27 35
12 16 26 70 72 74 70 65 76 75
12 17 9 87 80 91 78 91 83 86
12 18 5 92 87 94 92 94 82 81
12 19 36 61 65 56 66 59 68 56
12 20 15 80 74 73 84 75 74 82
12 21 49 49 48 51 51 53 52 44
12 22 94 13 13 11 14 14 16 19
12 23 88 21 17 23 22 11 19 19
12 24 2 85 91 90 95 91 88 96
12 25 22 75 68 76 69 71 72 76
12 26 33 67 58 68 57 66 65 68
12 27 8 84 82 79 84 78 81 78
12 28 1 95 88 92 90 89 84 91
12 29 54 52 46 49 47 46 46 48
12 30 93 7 14 8 14 11 15 20
12 31 30 70 69 69 69 69 60 67
12 32 9 79 90 77 83 86 80 80
12 33 44 56 55 59 52 55 58 57
12 34 49 56 56 51 50 56 54 43
13 14 1 97 85 85 93 89 97 93
13 15 23 70 69 76 78 67 66 66
13 16 70 27 35 28 36 33 33 35
13 17 53 51 48 53 49 45 49 48
13 18 23 69 73 71 65 69 69 71
13 19 86 15 18 21 16 23 25 15
13 20 12 82 82 79 75 76 80 75
13 21 34 62 58 65 70 69 63 57
13 22 50 49 53 44 47 50 44 52
13 23 60 44 37 45 40 37 37 45
13 24 11 85 78 84 77 76 88 81
13 25 17 71 71 82 83 76 73 71
13 26 13 87 86 76 85 74 88 73
13 27 5 88 84 81 90 93 87 80
13 28 92 9 14 15 18 8 11 13
13 29 29 61 63 65 70 69 60 70
13 30 93 7 12 5 11 14 6 19
13 31 98 4 10 9 3 1 4 11
13 32 94 6 14 15 12 5 17 5
13 33 55 50 40 43 48 42 38 43
13 34 22 73 77 68 78 78 73 69
14 15 88 14 15 21 10 13 14 17
14 16 61 47 37 41 37 35 44 35
14 17 2 85 92 93 87 83 88 91
14 18 39 54 55 54 58 63 61 63
14 19 93 14 16 17 11 13 8 17
14 20 77 29 26 23 31 20 24 27
14 21 83 20 16 24 24 22 14 16
14 22 42 53 56 50 54 64 61 59
14 23 82 19 21 18 19 21 24 25
14 24 7 79 89 87 89 81 90 91
14 25 83 15 20 24 18 27 19 16
14 26 63 36 43 42 32 39 34 44
14 27 25 78 65 71 78 64 71 76
14 28 73 36 32 32 26 28 33 27
14 29 31 59 58 69 72 69 67 59
14 30 98 3 9 12 8 13 3 14
14 31 97 4 15 4 3 15 8 15
14 32 99 8 0 12 14 4 13 13
14 33 64 34 44 37 33 30 44 34
14 34 69 37 39 33 26 34 37 36
15 16 39 62 65 58 58 63 59 57
15 17 54 48 46 42 49 45 51 50
15 18 13 82 86 81 81 84 81 83
15 19 24 76 70 67 77 64 66 74
15 20 22 76 69 69 73 68 71 72
15 21 51 50 51 54 55 49 45 52
15 22 74 32 26 26 31 32 22 25
15 23 2 94 88 85 90 94 94 90
15 24 11 83 88 84 79 86 79 78
15 25 95 16 16 13 18 18 15 14
15 26 52 48 48 46 55 41 51 41
15 27 0 94 96 87 94 89 93 86
15 28 58 44 42 46 47 48 35 48
15 29 83 21 14 19 16 22 15 14
15 30 56 46 39 46 40 48 40 48
15 31 30 71 69 66 64 68 72 60
15 32 79 30 21 28 22 30 23 28
15 33 73 35 36 28 37 35 37 27
15 34 71 24 28 26 34 24 31 33
16 17 55 40 48 41 41 46 51 39
16 18 8 87 84 80 79 85 92 91
16 19 15 73 79 83 73 78 76 73
16 20 30 69 66 69 64 62 60 70
16 21 66 34 39 40 29 35 36 29
16 22 86 24 22 13 22 12 22 21
16 23 4 81 94 85 85 83 90 88
16 24 0 85 84 95 84 85 86 95
16 25 12 75 76 78 74 84 78 78
16 26 44 53 51 59 48 61 51 47
16 27 90 13 22 18 17 17 22 18
16 28 27 62 67 73 67 66 69 63
16 29 0 87 89 89 97 85 91 89
16 30 38 56 56 54 55 62 61 53
16 31 99 3 2 0 2 3 11 6
16 32 89 14 19 9 20 17 12 14
16 33 24 67 78 66 69 67 65 67
16 34 1 86 89 97 92 96 89 96
17 18 37 61 62 62 54 61 57 56
17 19 3 85 88 95 96 91 86 96
17 20 9 82 89 85 81 81 87 81
17 21 91 11 18 15 17 11 8 13
17 22 69 39 32 37 29 34 30 38
17 23 79 20 18 29 20 25 30 31
17 24 83 16 26 20 14 21 17 26
17 25 23 72 75 72 66 74 77 79
17 26 44 58 57 47 56 51 54 48
17 27 59 42 34 37 37 37 44 46
17 28 21 78 68 80 79 69 71 80
17 29 26 76 62 75 63 75 70 73
17 30 86 19 18 16 23 26 12 18
17 31 66 32 35 31 41 37 30 41
17 32 15 80 74 78 80 84 78 82
17 33 13 82 73 73 80 85 77 86
17 34 18 76 82 71 72 72 84 83
18 19 50 50 51 42 53 42 47 53
18 20 0 90 98 86 85 88 87 91
18 21 55 51 40 51 42 48 40 40
18 22 16 78 84 80 75 72 76 76
18 23 35 64 67 60 65 55 55 57
18 24 42 58 48 58 51 57 60 62
18 25 91 8 14 14 15 21 12 19
18 26 88 14 22 14 13 22 13 18
18 27 35 63 59 57 65 68 69 63
18 28 57 40 41 45 44 38 46 44
18 29 62 36 44 32 40 41 34 40
18 30 79 26 30 27 24 20 26 32
18 31 30 62 63 63 61 63 72 68
18 32 92 14 15 10 18 8 11 16
18 33 34 56 70 64 58 64 70 64
18 34 12 80 88 87 76 88 86 84
19 20 98 14 4 6 8 14 2 10
19 21 11 89 75 79 84 83 79 87
19 22 82 19 27 20 27 29 26 21
19 23 75 22 27 24 31 33 29 32
19 24 74 27 32 36 28 36 29 29
19 25 8 84 77 89 91 88 81 81
19 26 98 10 6 11 6 1 13 13
19 27 71 38 24 31 34 35 28 29
19 28 88 12 15 23 15 15 15 16
19 29 82 21 19 17 18 24 16 29
19 30 12 88 88 86 87 87 75 75
19 31 92 11 10 13 13 13 9 15
19 32 55 38 50 50 42 44 48 45
19 33 24 77 78 69 74 76 66 69
19 34 79 22 22 21 22 28 31 27
20 21 92 16 8 13 15 15 20 14
20 22 15 85 77 75 78 81 80 75
20 23 56 50 37 43 47 46 43 47
20 24 26 69 64 72 76 77 69 73
20 25 60 44 36 34 38 33 47 46
20 26 37 61 64 55 61 58 54 58
20 27 23 71 74 71 74 75 72 74
20 28 89 21 17 23 23 13 14 20
20 29 55 41 42 46 51 52 50 40
20 30 95 8 4 16 14 11 4 12
20 31 44 48 57 50 58 53 60 58
20 32 41 60 54 54 59 51 63 52
20 33 5 91 88 81 84 87 88 85
20 34 57 44 44 40 47 46 44 44
21 22 70 34 33 25 39 36 31 24
21 23 45 56 55 53 47 50 46 58
21 24 6 80 89 81 93 80 91 87
21 25 69 31 26 36 33 29 28 33
21 26 24 73 78 78 64 72 73 76
21 27 39 65 54 58 52 60 63 51
21 28 64 42 39 41 36 36 35 36
21 29 88 22 13 11 18 21 23 13
21 30 91 20 8 14 12 8 10 20
21 31 66 31 42 41 40 35 38 32
21 32 85 22 16 14 15 24 22 22
21 33 15 77 80 85 74 73 73 83
21 34 17 81 81 82 80 75 73 80
22 23 81 20 26 24 26 16 25 25
22 24 92 15 15 16 6 15 14 8
22 25 48 48 46 48 53 47 58 56
22 26 19 79 77 74 69 79 78 81
22 27 6 88 80 89 91 93 93 93
22 28 64 41 40 30 39 32 43 39
22 29 62 37 43 33 38 34 35 33
22 30 40 52 61 63 52 56 63 62
22 31 90 10 11 17 13 21 18 11
22 32 26 63 75 72 74 72 73 63
22 33 2 94 90 96 86 95 97 95
22 34 49 54 53 46 55 56 43 50
23 24 74 35 28 26 30 35 27 28
23 25 99 11 13 2 2 6 4 7
23 26 56 41 43 47 41 48 40 46
23 27 72 35 29 29 34 26 26 38
23 28 72 23 31 24 35 28 34 24
23 29 70 28 38 36 38 32 26 28
23 30 71 33 26 36 24 27 34 31
23 31 27 73 68 73 72 64 62 67
23 32 36 57 67 62 66 67 60 60
23 33 26 76 68 67 73 68 67 65
23 34 49 56 50 48 43 50 43 56
24 25 11 84 79 89 80 87 78 78
24 26 12 81 78 84 81 86 74 83
24 27 76 32 32 23 21 20 23 25
24 28 12 87 85 81 75 81 83 80
24 29 45 61 46 51 51 50 50 58
24 30 78 23 24 20 21 22 27 32
24 31 43 49 52 56 56 59 50 52
24 32 26 66 72 71 76 74 66 69
24 33 38 61 54 65 60 61 62 65
24 34 80 19 20 30 24 29 23 20
25 26 19 81 80 82 78 77 70 72
25 27 48 54 45 50 44 48 44 55
25 28 37 62 61 66 62 60 56 59
25 29 1 86 88 95 84 86 84 86
25 30 55 46 45 40 46 38 47 52
25 31 54 47 38 49 45 39 49 47
25 32 3 88 88 92 96 94 96 91
25 33 91 20 20 9 13 11 17 7
25 34 63 41 40 32 41 35 34 31
26 27 84 17 18 18 18 26 15 26
26 28 67 29 39 30 30 33 41 32
26 29 80 28 25 27 16 24 29 17
26 30 47 56 55 49 55 51 50 55
26 31 52 48 54 48 53 49 42 43
26 32 56 51 39 42 47 44 47 46
26 33 91 14 8 12 11 22 14 18
26 34 61 32 36 46 35 36 46 46
27 28 12 78 88 82 84 78 80 82
27 29 73 33 35 28 26 23 25 22
27 30 44 61 62 52 47 59 55 48
27 31 7 78 87 83 87 82 92 91
27 32 88 12 14 21 22 13 23 17
27 33 70 28 32 35 34 33 28 27
27 34 42 57 60 61 59 60 50 52
28 29 79 24 30 26 28 29 24 29
28 30 73 26 25 33 30 35 35 22
28 31 22 66 69 76 79 74 76 76
28 32 88 10 23 14 10 16 18 18
28 33 6 84 89 81 92 82 81 86
28 34 10 90 82 88 83 90 84 83
29 30 23 71 74 68 75 69 72 79
29 31 15 85 81 86 82 76 87 76
29 32 1 87 93 85 86 90 98 89
29 33 88 13 21 13 22 15 18 21
29 34 48 48 53 56 47 50 54 44
30 31 64 36 42 30 38 31 32 34
30 32 29 62 70 65 68 70 69 64
30 33 19 72 70 73 74 73 70 82
30 34 11 86 89 89 82 76 85 86
31 32 76 34 33 29 29 30 24 31
31 33 32 72 72 70 57 58 68 65
31 34 87 15 19 22 21 12 21 24
32 33 7 79 84 80 91 80 81 92
32 34 64 43 44 34 34 35 33 39
33 34 29 61 61 60 60 64 66 73
