12 10
0.2 0 0 0 0 0 0 0 0 0.8
0 1 64 69 68 62 77 75 49 32 61 64
0 2 71 72 40 58 70 58 55 65 85 71
0 3 28 61 49 52 16 45 28 21 58 57
0 4 99 82 51 89 93 71 53 76 83 64
0 5 75 60 72 86 59 39 44 66 65 72
0 6 22 11 50 28 53 13 26 31 47 27
0 7 51 51 33 66 37 36 74 28 64 65
0 8 15 27 21 36 57 41 30 23 55 36
0 9 77 85 78 71 65 69 38 85 60 59
0 10 75 81 82 55 53 69 87 72 49 77
0 11 5 38 4 4 15 34 7 17 40 32
1 2 67 48 54 36 41 40 70 40 36 41
1 3 67 76 65 41 69 35 80 58 76 76
1 4 23 33 27 14 26 42 25 15 32 38
1 5 86 74 77 58 91 87 60 48 62 64
1 6 30 63 16 29 59 43 51 42 32 55
1 7 70 77 40 69 66 60 37 52 41 81
1 8 54 62 44 67 49 36 67 62 67 64
1 9 18 32 32 34 43 31 42 17 12 18
1 10 27 52 30 21 32 34 50 58 15 21
1 11 32 29 31 66 19 55 45 42 28 60
2 3 26 39 33 45 33 19 51 47 45 14
2 4 33 21 28 39 42 23 63 20 32 56
2 5 33 61 52 65 48 16 56 42 56 27
2 6 17 37 12 30 41 32 53 16 34 54
2 7 85 65 55 90 71 54 84 44 78 50
2 8 9 34 34 48 51 51 13 10 15 40
2 9 8 51 39 34 25 22 47 28 11 44
2 10 59 65 40 68 39 34 60 77 76 55
2 11 15 49 44 8 27 20 40 26 9 25
3 4 29 50 63 54 52 32 25 43 49 64
3 5 88 86 55 49 51 72 68 81 69 86
3 6 85 64 63 65 85 46 58 58 64 54
3 7 90 64 67 73 80 88 94 76 82 75
3 8 79 47 56 68 83 65 59 77 70 73
3 9 80 77 72 86 50 76 68 77 54 88
3 10 15 27 19 40 17 53 41 21 40 14
3 11 85 65 59 78 44 60 68 66 66 81
4 5 10 28 55 5 38 38 26 27 34 52
4 6 96 92 75 92 73 58 96 89 88 51
4 7 3 22 15 32 47 5 17 38 31 17
4 8 30 45 61 51 39 25 37 41 29 21
4 9 95 75 96 50 75 55 81 89 92 89
4 10 27 57 56 18 29 35 34 43 31 17
4 11 70 82 66 68 71 41 70 82 53 58
5 6 99 68 70 87 64 77 62 71 78 80
5 7 7 37 52 37 3 43 43 20 6 35
5 8 31 39 29 33 51 15 53 65 60 57
5 9 64 64 77 33 73 35 52 32 69 34
5 10 10 21 45 7 35 38 39 25 8 15
5 11 96 62 55 50 78 68 85 61 54 60
6 7 34 36 32 60 37 59 28 37 38 49
6 8 84 49 62 72 46 42 74 81 44 84
6 9 52 43 48 33 45 54 68 45 41 27
6 10 2 49 11 38 20 33 2 31 7 4
6 11 4 8 6 36 22 15 46 25 35 34
7 8 47 66 60 38 27 29 53 36 71 29
7 9 95 85 80 68 71 91 96 74 91 76
7 10 44 55 55 54 24 27 50 51 53 28
7 11 68 65 37 41 34 75 81 70 44 68
8 9 40 30 58 42 37 50 46 52 59 40
8 10 49 34 34 59 64 49 40 35 38 65
8 11 16 33 18 35 46 23 29 41 45 16
9 10 51 34 61 61 36 57 50 44 40 39
9 11 30 37 25 25 53 21 55 18 24 53
10 11 64 66 37 75 38 66 68 64 77 76
