17 10
0.3 0 0 0 0 0 0 0 0 0.7
0 1 81 42 67 55 84 86 78 55 51 86
0 2 33 65 45 32 52 37 38 37 39 37
0 3 75 69 53 42 87 64 44 43 41 85
0 4 35 47 38 28 45 59 52 56 37 63
0 5 95 67 77 54 84 84 96 58 60 73
0 6 81 48 74 57 68 58 78 69 44 71
0 7 84 46 44 83 73 78 43 92 87 47
0 8 71 52 57 77 68 51 50 51 80 52
0 9 29 51 56 34 17 20 57 40 37 29
0 10 39 67 26 60 69 38 26 63 36 60
0 11 98 90 94 56 72 91 68 64 59 59
0 12 70 60 35 74 64 36 82 49 39 52
0 13 66 54 49 52 50 69 44 35 60 56
0 14 84 43 51 88 56 45 75 44 63 90
0 15 90 51 82 58 50 68 60 50 57 71
0 16 56 35 72 47 72 30 45 64 78 50
1 2 39 27 35 52 52 26 54 42 33 47
1 3 10 17 45 17 42 10 8 37 48 46
1 4 85 55 68 75 49 62 45 76 86 77
1 5 80 87 70 88 62 44 78 71 78 75
1 6 60 60 73 79 79 49 41 61 56 57
1 7 55 71 31 29 43 46 53 76 31 74
1 8 90 84 60 45 76 53 85 67 85 93
1 9 73 52 74 59 54 74 83 79 84 37
1 10 53 51 63 75 67 28 44 74 56 61
1 11 64 66 39 74 52 50 60 53 79 51
1 12 45 27 72 49 37 42 70 43 60 66
1 13 97 81 91 56 54 90 73 52 71 85
1 14 95 53 77 49 54 90 83 52 71 81
1 15 91 93 70 87 78 51 88 84 78 90
1 16 68 65 50 41 49 49 75 75 68 35
2 3 22 53 19 40 29 46 40 44 53 43
2 4 82 65 69 51 89 57 60 51 43 56
2 5 12 10 23 9 46 47 22 8 27 27
2 6 94 75 61 85 57 96 58 52 84 48
2 7 13 19 39 12 42 52 9 50 51 14
2 8 77 66 47 87 83 70 48 69 87 67
2 9 16 31 29 41 29 32 10 56 24 48
2 10 78 66 61 47 63 76 84 58 59 60
2 11 9 36 33 8 50 12 5 16 24 47
2 12 56 62 63 51 76 74 62 62 61 61
2 13 40 58 66 50 32 58 69 59 42 43
2 14 76 71 44 43 67 47 75 38 83 83
2 15 18 29 30 45 38 45 25 19 13 52
2 16 90 90 92 83 93 78 84 93 82 88
3 4 20 26 23 53 18 27 47 30 19 21
3 5 51 73 55 55 69 55 29 30 73 44
3 6 95 52 86 72 80 79 68 53 49 67
3 7 2 5 37 42 30 45 14 32 15 45
3 8 19 24 17 29 20 18 31 19 35 59
3 9 26 51 16 15 19 54 52 14 34 32
3 10 59 46 33 75 75 35 57 46 56 53
3 11 20 24 51 43 34 33 37 50 34 31
3 12 48 48 67 60 42 59 30 30 44 72
3 13 75 73 63 87 41 80 75 61 54 67
3 14 40 27 26 53 47 51 52 33 47 47
3 15 73 64 39 63 53 59 82 68 69 36
3 16 79 77 85 62 41 57 41 68 63 76
4 5 97 51 57 58 83 89 90 96 80 52
4 6 58 53 70 53 62 66 52 72 48 72
4 7 13 15 26 26 32 52 29 8 29 31
4 8 82 68 65 89 73 70 73 49 71 72
4 9 33 22 19 26 21 58 53 18 18 23
4 10 65 35 68 36 63 56 48 50 33 60
4 11 78 83 45 73 65 84 87 80 79 79
4 12 69 75 46 39 73 36 73 70 75 49
4 13 34 24 30 50 52 18 58 58 56 36
4 14 39 69 23 49 30 21 40 61 47 61
4 15 25 53 18 32 19 36 42 60 39 55
4 16 35 28 18 19 40 66 50 52 53 61
5 6 85 54 75 63 61 50 82 54 83 46
5 7 26 60 40 61 19 42 32 38 60 45
5 8 12 17 6 42 30 11 22 49 25 43
5 9 67 37 63 68 53 82 69 59 81 75
5 10 41 27 47 53 29 27 41 46 61 35
5 11 82 48 86 47 74 65 64 48 73 52
5 12 8 27 44 36 36 10 10 19 6 23
5 13 77 85 42 64 69 55 52 85 73 77
5 14 3 14 29 47 8 28 39 5 8 16
5 15 27 57 17 29 27 60 18 27 48 49
5 16 92 66 62 48 70 70 94 75 47 94
6 7 67 75 39 38 56 36 62 76 42 59
6 8 87 86 45 69 72 79 52 50 44 43
6 9 19 40 56 24 23 35 11 39 24 13
6 10 51 29 51 54 34 26 43 29 55 30
6 11 76 41 58 56 46 68 57 72 68 71
6 12 95 83 77 66 68 66 67 50 69 66
6 13 53 27 73 75 61 49 49 48 72 59
6 14 85 86 65 66 44 52 49 71 46 56
6 15 7 14 39 8 11 17 17 10 14 13
6 16 53 31 31 48 52 59 50 50 62 51
7 8 0 9 13 49 9 2 22 22 32 15
7 9 27 46 34 54 24 62 40 42 16 51
7 10 6 26 31 16 38 6 27 25 10 21
7 11 95 64 58 81 95 97 79 61 97 90
7 12 21 47 14 19 39 45 27 53 59 21
7 13 67 78 69 46 65 72 41 69 48 68
7 14 34 61 54 44 34 35 60 25 60 63
7 15 63 47 80 75 77 64 69 56 78 48
7 16 3 36 20 11 15 42 51 10 41 3
8 9 95 74 92 89 93 51 86 86 60 85
8 10 42 24 36 28 71 64 40 21 46 42
8 11 81 49 49 87 67 45 85 75 58 79
8 12 29 19 43 46 26 58 36 48 60 22
8 13 2 27 30 44 7 47 18 22 32 11
8 14 42 68 36 56 26 39 52 32 44 25
8 15 63 35 45 42 44 38 50 32 77 77
8 16 54 54 47 35 41 49 43 56 34 62
9 10 26 43 17 27 15 19 18 58 20 30
9 11 45 48 24 68 53 38 27 69 23 41
9 12 73 49 36 37 39 37 58 67 73 47
9 13 53 55 65 51 32 71 68 63 51 48
9 14 82 86 87 57 83 84 56 76 61 72
9 15 61 61 58 66 53 64 48 56 35 66
9 16 88 63 94 63 91 50 68 78 94 91
10 11 56 44 67 74 70 68 38 43 44 42
10 12 72 81 61 52 67 76 83 73 47 77
10 13 13 40 7 29 30 41 28 38 39 7
10 14 66 66 70 64 57 55 34 33 35 37
10 15 29 45 49 63 39 20 17 31 55 51
10 16 62 49 61 39 33 58 78 80 66 69
11 12 9 10 39 30 7 36 22 45 28 47
11 13 24 44 25 28 56 17 58 38 22 56
11 14 30 51 16 30 59 30 23 59 24 31
11 15 7 26 29 26 46 48 53 51 37 52
11 16 92 80 94 83 70 54 66 84 60 75
12 13 49 70 66 67 41 43 25 33 34 29
12 14 30 62 36 49 35 43 48 44 16 32
12 15 52 41 65 62 33 27 42 61 30 68
12 16 44 34 48 68 58 43 55 43 45 60
13 14 29 54 20 17 34 57 36 51 29 25
13 15 60 45 68 49 75 61 40 77 48 37
13 16 45 37 23 61 54 66 33 41 48 62
14 15 72 82 59 49 54 42 56 70 43 83
14 16 13 53 34 40 52 38 34 37 30 18
15 16 99 81 97 86 94 67 66 89 59 61
