25 10
0.2 0 0 0 0 0 0 0 0 0.8
0 1 54 21 49 24 76 11 88 40 32 67
0 2 42 81 25 69 70 56 15 14 21 37
0 3 54 60 28 27 79 17 32 88 60 53
0 4 6 55 59 77 10 77 36 52 69 31
0 5 51 61 37 89 38 52 61 21 84 31
0 6 15 45 72 35 10 23 27 29 4 14
0 7 22 82 73 17 12 31 71 57 15 81
0 8 73 87 70 19 92 21 51 79 16 53
0 9 38 69 85 19 8 78 54 18 29 58
0 10 19 38 21 34 21 42 66 38 68 83
0 11 87 74 46 29 18 19 42 42 42 81
0 12 55 82 23 40 26 43 80 49 84 48
0 13 82 46 21 32 17 23 35 71 82 41
0 14 47 59 87 39 35 74 13 22 45 39
0 15 35 55 12 41 13 8 57 28 38 39
0 16 20 34 34 42 75 52 64 53 29 77
0 17 60 76 54 86 19 13 40 42 50 57
0 18 96 71 50 86 38 41 33 97 72 56
0 19 85 50 82 81 35 45 32 17 30 38
0 20 13 63 15 76 27 23 44 18 11 23
0 21 66 58 42 69 74 55 61 32 55 27
0 22 68 87 73 42 83 59 25 67 93 56
0 23 24 50 20 72 39 12 28 20 59 10
0 24 46 12 30 35 38 85 26 30 53 71
1 2 23 56 73 79 55 77 72 42 66 18
1 3 35 7 58 77 64 23 43 58 58 47
1 4 61 61 35 73 62 57 69 16 66 34
1 5 13 30 78 32 22 49 48 12 77 37
1 6 32 54 80 25 34 38 45 47 46 46
1 7 19 65 26 10 32 8 44 19 70 43
1 8 40 12 57 76 21 20 84 39 49 52
1 9 20 76 68 8 56 61 82 35 51 32
1 10 45 89 29 78 41 24 10 52 65 87
1 11 60 72 73 91 49 16 27 65 60 71
1 12 90 68 86 70 69 86 44 87 38 44
1 13 24 24 20 10 9 52 83 19 32 12
1 14 10 63 28 11 51 30 61 45 35 22
1 15 11 19 23 78 43 79 29 27 58 6
1 16 48 55 48 62 59 37 25 37 15 81
1 17 94 59 30 21 40 45 92 38 25 96
1 18 94 41 64 32 21 47 40 88 24 47
1 19 94 84 96 56 55 35 92 41 64 89
1 20 57 40 57 50 48 12 84 11 69 44
1 21 90 60 35 38 58 39 65 60 57 60
1 22 89 95 66 41 23 30 89 53 89 27
1 23 77 41 22 59 79 29 15 78 26 44
1 24 95 52 48 23 50 74 76 46 68 28
2 3 11 77 46 53 12 43 3 50 62 22
2 4 87 51 44 84 68 77 58 94 54 53
2 5 76 59 78 57 27 92 73 40 78 70
2 6 23 32 33 73 50 44 66 31 39 28
2 7 91 19 45 62 53 83 20 90 64 74
2 8 36 39 67 10 50 36 9 65 76 11
2 9 41 72 69 85 38 66 66 81 58 77
2 10 10 11 45 10 22 59 79 42 80 79
2 11 28 44 62 65 57 77 79 14 25 46
2 12 6 62 25 78 59 78 33 24 35 23
2 13 39 40 55 23 58 66 54 14 81 23
2 14 23 65 37 8 70 25 61 56 78 53
2 15 83 44 20 26 62 58 90 66 56 19
2 16 59 13 79 80 51 39 35 72 18 70
2 17 56 55 87 33 89 46 49 17 34 85
2 18 39 64 30 22 25 8 47 43 47 51
2 19 17 65 79 43 14 82 76 4 17 49
2 20 63 77 36 82 41 29 15 15 32 61
2 21 25 70 13 63 5 68 15 76 31 41
2 22 86 23 60 55 56 77 24 22 35 77
2 23 30 70 26 79 73 72 47 71 63 24
2 24 42 44 20 20 87 85 27 52 78 58
3 4 1 57 77 38 1 39 77 16 33 18
3 5 73 86 94 18 84 33 82 38 31 37
3 6 16 80 29 17 72 62 21 45 81 48
3 7 4 8 36 31 5 56 80 50 65 8
3 8 56 76 47 50 66 73 52 39 81 18
3 9 27 70 85 8 76 59 41 37 34 52
3 10 45 55 59 76 17 34 77 58 49 36
3 11 25 78 54 76 47 12 66 60 11 53
3 12 39 21 86 16 77 50 50 83 11 29
3 13 35 26 42 76 23 50 8 29 31 27
3 14 58 63 75 38 51 64 76 91 37 30
3 15 86 61 40 72 26 83 43 34 24 70
3 16 30 69 61 11 6 62 48 70 64 30
3 17 30 52 17 39 66 37 34 62 25 77
3 18 90 18 53 72 60 73 63 81 80 68
3 19 86 47 39 48 39 75 31 65 49 43
3 20 90 64 28 63 43 75 80 23 38 24
3 21 32 23 43 81 54 67 84 19 23 31
3 22 92 55 19 75 69 68 67 30 64 94
3 23 42 10 23 79 54 37 36 23 71 52
3 24 42 88 74 18 58 37 61 44 48 50
4 5 32 62 18 38 31 69 38 64 15 21
4 6 12 62 46 73 38 33 46 20 38 6
4 7 42 75 51 43 78 57 48 13 37 40
4 8 48 10 86 45 81 78 74 64 65 19
4 9 94 33 44 45 60 22 62 66 82 95
4 10 6 46 10 37 56 25 23 71 71 3
4 11 97 81 85 82 77 53 50 78 98 63
4 12 12 67 12 6 15 7 68 34 4 46
4 13 81 66 81 63 76 70 67 47 84 27
4 14 19 59 19 28 65 17 50 79 67 32
4 15 70 72 33 54 76 52 17 79 80 38
4 16 47 78 15 45 50 55 65 18 72 31
4 17 33 53 59 63 43 71 25 38 19 16
4 18 40 65 31 24 37 75 68 12 46 60
4 19 99 74 39 42 82 91 39 90 72 33
4 20 48 15 26 85 59 31 86 12 9 10
4 21 69 49 82 38 81 56 47 62 33 45
4 22 98 65 74 22 34 64 34 31 69 78
4 23 72 60 69 25 81 60 45 52 40 77
4 24 65 33 38 40 44 36 63 87 20 84
5 6 39 47 77 27 13 84 68 85 47 71
5 7 9 35 80 79 61 42 35 52 66 50
5 8 40 50 16 86 82 17 51 23 88 27
5 9 82 67 87 84 51 77 85 72 29 56
5 10 39 8 35 39 22 9 48 29 38 70
5 11 29 81 32 74 72 73 14 18 78 40
5 12 73 41 76 48 46 19 27 27 63 63
5 13 94 34 85 64 46 55 87 90 19 36
5 14 98 97 54 89 66 55 23 99 90 87
5 15 10 68 36 17 11 38 66 31 19 50
5 16 35 39 29 24 21 79 63 86 72 55
5 17 56 18 33 54 15 76 12 39 56 51
5 18 55 38 64 17 37 23 49 65 39 21
5 19 99 74 28 47 91 78 98 55 91 66
5 20 12 67 71 16 55 77 5 59 29 75
5 21 40 38 63 61 69 34 38 34 38 75
5 22 32 71 61 76 44 22 65 41 24 72
5 23 5 9 65 3 44 4 61 56 65 23
5 24 43 28 83 40 36 33 81 18 84 42
6 7 82 43 82 95 34 95 55 76 89 67
6 8 82 58 26 37 59 44 49 34 90 92
6 9 89 77 94 24 81 93 38 94 75 52
6 10 95 39 62 41 35 61 52 19 22 24
6 11 33 67 85 82 20 73 35 58 71 7
6 12 26 56 44 57 64 67 22 11 71 18
6 13 53 50 39 79 16 29 75 45 46 60
6 14 12 61 57 29 9 45 62 63 76 25
6 15 42 79 69 49 61 56 38 50 24 37
6 16 83 66 39 74 38 88 27 29 56 28
6 17 65 86 13 49 53 46 31 32 74 88
6 18 48 57 74 20 73 64 33 55 18 35
6 19 83 54 37 53 57 67 60 53 80 52
6 20 90 24 94 60 77 68 85 93 18 28
6 21 98 73 75 68 27 40 30 29 59 56
6 22 6 77 28 74 30 69 72 26 64 30
6 23 5 44 20 16 74 50 13 74 39 75
6 24 27 71 72 38 64 11 78 11 6 84
7 8 22 68 28 37 31 70 24 11 44 70
7 9 5 58 20 56 16 39 64 32 3 32
7 10 17 61 43 38 60 38 36 23 27 24
7 11 76 22 94 41 73 27 73 50 76 39
7 12 35 26 70 33 15 13 26 50 55 21
7 13 38 10 23 71 22 79 67 25 81 35
7 14 93 60 70 98 23 24 35 39 74 48
7 15 11 58 21 34 75 29 81 33 15 12
7 16 3 78 32 68 33 61 48 74 19 52
7 17 61 39 80 63 49 23 12 22 28 75
7 18 26 71 80 12 82 63 6 66 15 37
7 19 65 58 24 23 52 24 29 43 55 60
7 20 77 34 65 64 40 80 30 83 45 26
7 21 71 52 36 78 54 22 36 25 51 90
7 22 84 22 62 57 76 83 96 67 95 58
7 23 65 81 49 42 85 13 60 76 81 26
7 24 54 88 19 22 64 89 63 54 88 49
8 9 74 70 86 42 45 36 77 88 88 35
8 10 89 63 37 87 48 91 74 31 30 76
8 11 7 21 27 64 8 3 29 24 18 5
8 12 16 66 59 6 49 32 71 39 41 11
8 13 21 35 33 53 17 67 82 38 48 79
8 14 15 63 78 38 25 36 57 25 58 13
8 15 9 63 50 26 24 61 16 7 16 35
8 16 64 65 82 15 60 46 69 71 52 72
8 17 35 7 76 23 19 72 82 39 12 71
8 18 5 78 40 1 22 24 55 80 19 10
8 19 12 43 50 6 19 52 9 37 55 41
8 20 78 56 17 57 33 33 27 42 58 40
8 21 44 54 9 9 48 73 45 46 71 62
8 22 49 12 37 87 45 14 67 75 77 44
8 23 80 74 83 55 21 63 59 50 36 58
8 24 15 40 27 13 69 16 33 33 43 70
9 10 75 66 89 60 74 86 23 79 58 31
9 11 14 42 20 48 79 19 7 7 47 3
9 12 10 17 31 65 32 3 74 75 52 11
9 13 6 77 65 76 66 70 37 31 11 18
9 14 59 62 80 40 23 26 27 66 42 58
9 15 73 60 71 92 44 66 65 58 91 50
9 16 46 22 35 19 71 84 20 83 45 55
9 17 75 87 62 45 92 37 30 26 80 72
9 18 34 64 37 82 32 55 76 59 77 45
9 19 5 34 25 72 21 44 72 26 6 77
9 20 96 94 73 29 76 63 81 34 92 25
9 21 93 47 27 84 55 85 77 93 22 43
9 22 59 87 36 58 71 36 14 26 50 28
9 23 17 47 73 28 52 48 9 23 60 72
9 24 40 76 16 48 24 42 57 36 21 30
10 11 29 17 73 27 50 50 57 24 31 49
10 12 79 50 93 90 73 59 88 33 89 84
10 13 1 64 37 68 78 71 74 32 59 15
10 14 70 60 88 15 44 31 87 75 19 27
10 15 49 21 66 17 62 56 50 45 49 18
10 16 42 24 37 17 33 39 42 78 48 58
10 17 60 30 29 88 66 83 65 22 67 56
10 18 19 74 67 4 30 69 19 38 10 54
10 19 51 43 58 67 83 54 51 78 41 67
10 20 54 33 72 33 66 66 19 17 24 29
10 21 59 66 56 64 19 35 55 24 88 23
10 22 59 90 19 68 84 11 79 23 63 79
10 23 7 31 34 75 17 17 28 31 63 71
10 24 18 76 37 57 78 5 72 11 45 42
11 12 91 26 56 68 40 69 19 98 68 78
11 13 12 36 4 80 44 78 6 77 69 15
11 14 97 77 35 73 35 55 29 49 76 28
11 15 17 74 54 14 47 50 58 34 52 83
11 16 81 80 70 40 64 26 96 26 64 88
11 17 37 55 59 41 55 55 54 79 14 67
11 18 43 36 34 53 64 26 20 64 33 33
11 19 91 87 72 80 97 72 25 26 61 63
11 20 18 25 70 11 28 44 48 24 22 75
11 21 70 61 87 22 14 25 52 31 18 77
11 22 92 26 24 62 52 87 45 53 95 51
11 23 56 50 60 31 18 71 39 42 32 37
11 24 80 17 65 31 84 75 61 91 88 19
12 13 59 63 59 24 85 74 90 45 55 47
12 14 45 22 50 28 57 83 86 32 81 20
12 15 24 79 43 18 58 18 52 39 11 19
12 16 74 16 65 63 18 83 43 75 78 84
12 17 78 37 50 65 25 63 88 69 31 81
12 18 29 74 76 22 43 21 7 56 28 20
12 19 68 25 57 62 92 26 58 40 77 81
12 20 87 22 49 89 65 72 93 35 51 97
12 21 57 19 23 48 52 37 73 28 89 84
12 22 40 46 65 14 18 44 70 69 13 84
12 23 88 34 65 18 64 64 70 59 66 95
12 24 22 7 64 25 56 64 35 12 50 61
13 14 92 44 54 93 89 51 71 83 76 62
13 15 50 67 24 88 54 65 51 14 26 50
13 16 74 58 55 89 56 23 88 30 19 22
13 17 32 83 10 39 42 33 26 54 73 34
13 18 33 71 13 32 58 74 69 44 7 28
13 19 77 47 45 85 50 52 24 52 33 64
13 20 98 78 21 30 71 59 79 97 43 45
13 21 85 88 48 30 39 24 48 62 80 81
13 22 57 64 42 80 34 19 12 28 19 74
13 23 7 9 32 62 5 19 68 7 32 41
13 24 39 53 82 79 46 26 21 64 35 50
14 15 67 60 86 63 48 40 18 64 64 19
14 16 69 70 51 66 29 89 66 86 52 84
14 17 70 64 16 35 61 78 71 72 49 14
14 18 58 26 20 79 69 40 34 70 52 89
14 19 21 71 76 9 13 75 66 28 17 14
14 20 27 64 45 71 30 42 10 5 18 22
14 21 92 36 32 82 52 72 36 43 64 28
14 22 61 68 91 30 91 49 58 48 27 71
14 23 66 23 42 47 70 89 89 29 31 59
14 24 51 34 65 72 33 78 17 75 64 50
15 16 99 48 81 40 27 99 81 74 68 32
15 17 68 19 45 35 74 22 21 86 80 61
15 18 78 64 88 32 19 60 36 38 81 67
15 19 49 45 56 34 24 50 16 47 23 57
15 20 85 96 44 73 69 22 79 28 31 48
15 21 62 41 48 71 23 92 52 16 54 36
15 22 81 37 67 49 91 81 38 71 56 78
15 23 17 15 39 7 71 29 74 21 54 17
15 24 27 26 67 12 45 29 45 34 73 42
16 17 70 52 23 51 43 18 29 39 89 67
16 18 78 62 21 86 69 50 63 73 79 43
16 19 89 83 75 52 89 61 25 46 68 88
16 20 39 57 55 34 75 83 14 22 14 17
16 21 63 21 20 58 75 74 84 75 30 79
16 22 18 19 70 62 41 51 6 66 71 11
16 23 78 63 57 28 67 80 71 78 94 18
16 24 28 55 10 30 79 21 11 11 30 11
17 18 0 43 44 2 1 12 32 34 15 37
17 19 8 36 8 42 48 62 24 46 10 81
17 20 47 86 69 12 17 11 23 50 11 64
17 21 63 21 44 20 42 15 49 59 52 44
17 22 63 83 91 81 23 92 39 17 66 64
17 23 66 89 28 49 62 56 23 60 47 50
17 24 14 73 60 31 20 25 31 72 27 3
18 19 18 40 59 61 36 51 14 43 5 49
18 20 28 76 25 65 83 6 43 45 58 15
18 21 92 44 68 83 19 45 93 93 77 60
18 22 71 16 22 29 67 28 19 72 18 78
18 23 14 35 17 24 67 24 17 67 48 80
18 24 96 94 61 69 30 57 71 39 67 49
19 20 71 47 86 33 49 56 79 91 52 74
19 21 54 77 22 44 21 22 54 45 23 19
19 22 10 60 38 35 54 69 11 60 72 63
19 23 94 22 65 79 48 68 46 78 44 84
19 24 37 81 75 51 85 71 14 31 84 47
20 21 23 52 17 74 83 14 64 62 58 18
20 22 52 70 30 14 18 39 52 50 75 61
20 23 80 40 53 64 73 34 53 79 54 52
20 24 91 21 37 52 38 60 81 51 82 71
21 22 10 77 19 34 47 45 47 36 28 23
21 23 86 67 40 39 95 84 51 51 27 96
21 24 89 50 39 26 32 87 97 43 26 71
22 23 39 62 32 56 59 22 82 65 61 23
22 24 95 87 38 56 35 56 48 71 81 81
23 24 10 21 27 17 50 64 79 20 60 14
