25 10
0.4 0 0 0 0 0 0 0 0 0.6
0 1 97 93 92 95 87 94 90 92 89 91
0 2 6 12 12 6 10 20 14 13 15 15
0 3 86 81 84 79 84 78 77 86 73 82
0 4 14 16 26 20 18 20 21 15 20 25
0 5 86 80 74 80 75 86 82 78 81 84
0 6 96 96 85 95 82 95 95 82 82 96
0 7 66 64 61 67 67 69 67 70 66 62
0 8 33 34 40 37 29 42 41 41 39 40
0 9 30 33 35 28 32 32 34 30 37 37
0 10 2 4 3 11 15 15 9 5 13 5
0 11 66 60 67 69 63 63 62 62 63 60
0 12 79 77 74 70 72 79 81 71 74 77
0 13 83 83 85 78 77 79 71 86 84 79
0 14 26 32 25 25 35 27 26 35 32 25
0 15 58 52 52 59 58 50 55 62 56 62
0 16 26 32 35 29 32 27 30 33 29 22
0 17 75 64 76 68 69 71 65 74 74 68
0 18 98 98 88 96 86 90 87 95 93 87
0 19 52 50 52 50 49 58 56 47 51 56
0 20 1 11 2 14 8 10 4 2 5 5
0 21 2 9 4 5 4 4 13 14 14 13
0 22 3 14 12 6 8 16 3 5 13 7
0 23 56 48 52 56 54 60 49 57 59 59
0 24 68 68 68 63 63 61 63 61 72 69
1 2 0 10 14 14 7 12 8 15 1 1
1 3 92 90 87 86 87 89 86 85 83 90
1 4 53 45 59 56 57 51 54 52 58 58
1 5 31 40 39 31 31 34 32 40 32 27
1 6 14 18 12 12 19 25 20 15 23 21
1 7 31 40 28 28 38 37 35 38 27 30
1 8 90 82 77 87 84 77 83 85 87 86
1 9 4 14 14 14 12 11 9 17 11 13
1 10 55 55 57 56 59 60 59 52 47 59
1 11 98 83 95 92 91 94 96 93 83 93
1 12 44 37 43 38 51 49 51 48 43 52
1 13 67 63 65 71 64 57 66 69 69 67
1 14 9 16 19 16 21 19 16 15 14 16
1 15 61 66 55 66 55 62 56 59 66 62
1 16 71 63 62 65 67 62 66 68 72 73
1 17 60 59 54 60 54 64 64 63 61 61
1 18 17 15 17 16 29 15 15 27 23 21
1 19 85 79 74 81 86 74 86 79 86 84
1 20 48 54 42 55 45 54 41 53 51 54
1 21 67 66 59 69 58 65 57 64 63 63
1 22 57 58 62 62 51 56 50 50 57 50
1 23 84 81 72 80 83 73 85 86 85 86
1 24 27 30 28 25 32 31 35 28 26 36
2 3 53 45 46 50 45 59 55 60 51 50
2 4 34 35 36 36 34 29 37 43 42 31
2 5 55 49 50 56 59 57 48 55 57 52
2 6 74 77 71 66 73 66 70 75 77 65
2 7 31 32 31 35 33 31 36 33 37 29
2 8 35 37 39 35 41 42 39 33 40 35
2 9 90 89 76 89 84 83 80 78 78 89
2 10 78 79 68 70 73 68 79 81 76 68
2 11 47 54 52 46 42 49 53 47 45 52
2 12 60 62 56 53 57 61 63 53 59 56
2 13 39 43 38 38 38 43 39 37 34 38
2 14 9 12 8 10 17 9 14 8 9 22
2 15 15 16 23 21 23 24 14 21 23 20
2 16 7 19 6 16 18 6 10 14 18 13
2 17 50 56 43 46 49 57 57 42 49 48
2 18 2 5 10 7 16 11 13 15 7 9
2 19 27 37 24 27 35 24 25 33 34 38
2 20 83 85 76 82 78 83 76 71 80 85
2 21 17 18 20 20 29 22 27 29 18 20
2 22 57 53 59 60 48 54 55 51 55 58
2 23 77 71 67 74 77 74 71 75 72 72
2 24 56 61 60 59 48 56 58 52 48 57
3 4 63 61 55 58 56 68 61 66 64 65
3 5 73 69 74 70 64 71 74 70 76 63
3 6 1 7 3 5 7 2 4 14 2 14
3 7 88 87 75 80 87 80 84 77 81 78
3 8 63 56 68 55 67 54 57 59 67 68
3 9 81 75 71 80 80 80 72 81 70 70
3 10 49 52 52 47 54 51 55 55 50 53
3 11 63 64 67 68 54 57 59 62 67 54
3 12 44 38 40 46 51 51 52 52 48 46
3 13 88 89 79 88 76 77 75 88 84 88
3 14 77 74 80 80 74 78 71 75 66 70
3 15 42 37 45 37 40 48 50 45 43 46
3 16 95 93 95 89 84 92 85 93 89 91
3 17 4 7 11 17 5 16 17 18 12 16
3 18 21 30 27 20 30 28 32 22 25 27
3 19 40 42 42 40 44 48 46 38 45 42
3 20 29 26 25 27 31 35 31 28 34 36
3 21 14 25 24 21 14 14 12 23 24 17
3 22 5 11 5 7 16 18 18 19 14 11
3 23 52 46 58 45 53 46 55 55 51 55
3 24 43 46 49 51 44 37 39 50 37 39
4 5 43 45 44 42 40 42 50 47 47 37
4 6 96 87 93 89 83 94 86 94 85 96
4 7 93 89 94 87 89 81 84 83 92 89
4 8 9 13 10 17 18 10 20 20 20 8
4 9 96 92 91 82 88 88 95 95 82 82
4 10 28 36 30 26 33 27 34 28 39 39
4 11 74 66 64 71 71 69 69 66 73 63
4 12 2 12 8 7 14 17 17 7 7 16
4 13 7 7 19 17 17 11 8 8 10 9
4 14 10 22 21 20 21 11 9 13 18 11
4 15 66 60 66 66 60 67 57 57 62 60
4 16 15 23 27 23 17 14 22 16 19 18
4 17 25 28 26 27 36 22 34 34 30 24
4 18 44 43 40 45 48 45 41 45 40 48
4 19 89 77 82 85 76 78 89 90 79 84
4 20 83 80 83 79 71 83 83 80 72 73
4 21 59 58 54 55 63 53 52 58 57 63
4 22 69 62 66 72 60 67 64 62 62 59
4 23 92 79 79 93 87 79 80 81 81 92
4 24 96 93 90 90 91 83 84 89 84 88
5 6 61 58 52 66 67 62 56 56 59 65
5 7 58 53 63 58 55 60 60 61 55 62
5 8 77 75 76 74 70 72 78 78 78 72
5 9 41 42 39 40 40 47 40 40 38 45
5 10 40 46 45 39 39 35 44 46 39 38
5 11 37 46 37 40 43 43 39 35 42 46
5 12 51 44 56 53 55 49 44 57 58 51
5 13 41 38 39 49 45 49 38 44 37 45
5 14 5 19 5 5 6 6 10 15 6 19
5 15 90 82 79 77 91 82 78 82 76 84
5 16 67 58 70 70 62 62 61 68 62 65
5 17 8 20 18 17 18 8 7 17 12 14
5 18 54 49 46 49 55 59 53 53 57 58
5 19 14 13 15 15 20 21 23 25 26 26
5 20 38 33 36 40 41 39 35 35 35 40
5 21 46 47 41 52 53 43 46 52 39 48
5 22 46 41 42 42 40 43 41 54 52 45
5 23 28 37 33 30 32 27 27 25 25 26
5 24 94 81 81 91 87 90 84 88 94 90
6 7 80 73 77 70 82 77 72 71 76 73
6 8 90 87 88 77 83 88 79 79 90 88
6 9 88 82 82 85 85 88 85 84 87 86
6 10 20 23 28 27 31 20 24 28 25 28
6 11 61 66 67 56 65 61 62 63 65 57
6 12 79 78 70 71 69 81 74 75 76 81
6 13 30 25 31 38 35 34 34 31 39 40
6 14 79 78 71 82 68 81 79 69 74 80
6 15 92 86 85 83 79 78 92 83 92 90
6 16 45 52 41 47 47 49 48 45 52 50
6 17 16 27 19 17 19 24 15 26 16 23
6 18 1 13 10 10 5 13 10 14 9 1
6 19 63 64 56 60 59 64 55 59 68 57
6 20 13 24 13 23 22 12 21 24 20 16
6 21 52 50 46 56 53 55 47 54 46 45
6 22 28 36 32 26 34 37 35 39 27 24
6 23 60 56 53 59 61 56 57 66 58 58
6 24 91 85 84 88 79 85 90 86 91 90
7 8 87 86 87 80 82 75 80 83 79 80
7 9 33 37 33 32 32 39 37 41 41 39
7 10 61 64 52 55 55 52 58 52 54 52
7 11 0 9 4 3 14 13 0 7 4 14
7 12 60 63 58 52 59 65 62 60 54 63
7 13 76 65 66 72 74 77 72 77 73 69
7 14 24 34 26 26 31 29 23 34 33 27
7 15 50 46 50 52 50 57 55 47 54 51
7 16 4 18 12 11 6 5 10 9 5 6
7 17 48 49 45 53 44 44 50 44 41 52
7 18 4 12 8 15 5 6 18 14 10 11
7 19 85 78 78 82 87 74 82 75 73 74
7 20 62 58 61 54 56 66 55 54 54 57
7 21 63 56 56 54 62 58 57 60 58 57
7 22 92 88 82 87 84 90 81 83 89 85
7 23 80 68 74 79 74 81 80 76 75 72
7 24 43 47 37 38 43 41 36 43 38 48
8 9 14 17 16 16 22 15 12 17 25 25
8 10 95 81 82 81 89 91 95 88 83 89
8 11 19 29 26 18 19 23 27 21 26 18
8 12 19 27 23 17 22 25 18 24 24 25
8 13 75 65 77 68 71 69 78 69 67 68
8 14 65 55 60 67 61 63 59 61 64 68
8 15 30 29 34 33 40 32 34 36 30 28
8 16 65 65 58 60 62 64 68 63 56 65
8 17 27 37 23 27 29 27 33 32 31 33
8 18 95 81 93 95 88 91 82 91 83 82
8 19 11 21 13 17 15 12 15 21 14 18
8 20 6 7 19 11 13 8 12 16 18 17
8 21 48 54 50 42 46 50 47 47 53 54
8 22 85 75 85 86 83 76 79 75 83 80
8 23 35 38 39 39 31 39 31 39 43 38
8 24 86 87 83 85 82 86 78 84 74 83
9 10 37 38 39 33 42 37 43 37 46 36
9 11 85 83 75 79 75 84 83 81 79 73
9 12 28 27 32 32 39 28 38 38 28 28
9 13 42 40 42 44 37 46 46 46 36 43
9 14 23 27 33 32 28 26 31 34 29 22
9 15 62 66 57 67 61 59 60 58 57 56
9 16 97 85 96 87 83 86 92 87 85 88
9 17 34 36 37 35 29 33 33 37 33 43
9 18 17 18 17 15 25 17 16 17 18 26
9 19 90 91 85 91 91 80 80 87 88 83
9 20 59 53 60 51 64 52 60 55 53 62
9 21 86 87 85 79 77 78 79 78 78 84
9 22 28 25 33 28 25 34 31 33 37 27
9 23 65 60 69 62 61 64 58 59 61 61
9 24 84 82 86 76 73 73 74 73 73 73
10 11 99 93 94 91 88 88 90 90 85 85
10 12 14 26 12 13 17 21 15 17 18 13
10 13 95 87 86 85 95 89 92 84 93 90
10 14 42 49 39 38 41 49 49 41 37 48
10 15 31 34 37 34 26 36 34 35 30 37
10 16 24 30 34 31 25 35 23 28 28 28
10 17 20 30 19 28 28 28 25 25 24 20
10 18 22 19 23 32 31 26 27 29 23 26
10 19 26 22 27 22 28 25 31 23 32 31
10 20 84 80 84 76 73 80 79 73 72 84
10 21 22 20 31 21 29 33 19 32 31 27
10 22 85 86 75 84 84 79 85 81 84 80
10 23 17 23 26 23 29 24 27 22 27 24
10 24 98 85 92 84 84 95 85 92 98 91
11 12 16 27 19 17 23 19 21 18 14 20
11 13 22 20 32 24 29 24 24 22 31 25
11 14 93 86 87 87 84 89 85 85 80 86
11 15 83 79 72 74 70 80 78 79 73 76
11 16 10 14 17 20 19 16 18 11 16 22
11 17 24 35 27 27 26 32 21 34 24 35
11 18 82 74 77 76 70 72 73 72 71 76
11 19 0 0 3 0 10 12 6 4 7 5
11 20 80 80 70 77 75 74 75 74 68 80
11 21 36 39 35 39 42 37 38 41 46 33
11 22 45 51 50 53 48 39 43 45 41 48
11 23 59 53 52 50 58 62 55 62 62 58
11 24 37 46 33 38 35 38 42 36 45 40
12 13 85 87 79 83 77 79 76 82 85 86
12 14 47 52 41 53 46 45 45 46 52 49
12 15 32 33 36 32 37 35 38 29 34 40
12 16 42 45 41 40 41 37 45 48 37 43
12 17 30 33 27 37 37 30 40 38 28 35
12 18 99 90 98 95 93 98 96 94 87 94
12 19 19 16 29 23 29 27 29 23 17 23
12 20 41 45 44 43 36 46 37 41 38 38
12 21 0 5 2 11 3 10 2 1 12 9
12 22 18 29 30 19 23 25 24 16 30 21
12 23 69 71 67 63 70 73 65 70 70 64
12 24 59 62 63 57 55 54 53 56 59 57
13 14 25 29 22 33 29 25 24 22 31 24
13 15 92 81 91 90 87 82 93 83 82 91
13 16 97 96 90 89 89 94 87 87 87 92
13 17 26 29 31 34 30 26 28 25 31 34
13 18 18 22 17 26 24 30 30 26 23 25
13 19 80 72 79 73 74 77 81 82 74 82
13 20 35 41 43 36 39 31 37 37 30 33
13 21 13 17 24 24 16 11 20 23 19 13
13 22 37 32 46 34 38 44 45 33 42 46
13 23 8 20 15 12 19 20 20 13 21 10
13 24 95 86 86 86 87 82 94 94 82 88
14 15 41 39 37 41 42 41 43 36 36 43
14 16 89 77 90 81 86 79 79 89 77 76
14 17 75 72 75 75 72 70 69 78 70 69
14 18 88 80 80 86 78 82 83 78 86 78
14 19 92 79 93 83 78 89 88 90 90 83
14 20 68 70 63 70 70 60 66 66 62 69
14 21 27 30 33 23 29 27 32 29 26 26
14 22 44 50 39 48 43 45 45 50 40 39
14 23 60 56 53 57 62 63 56 65 66 52
14 24 86 76 85 79 76 84 77 86 78 76
15 16 18 25 23 23 15 28 29 19 20 23
15 17 63 67 62 66 66 59 59 57 59 60
15 18 15 22 28 25 20 24 24 14 24 22
15 19 40 40 42 35 38 48 44 35 42 47
15 20 36 42 40 37 42 36 38 31 39 43
15 21 78 80 79 68 75 69 73 77 81 76
15 22 9 22 20 11 20 16 19 15 20 8
15 23 16 15 20 25 28 28 16 21 17 25
15 24 16 23 14 23 28 20 29 17 25 19
16 17 4 17 16 18 15 5 16 9 14 11
16 18 39 47 46 34 36 34 38 46 41 43
16 19 79 69 68 67 73 73 80 75 81 74
16 20 28 28 27 27 32 27 33 29 32 25
16 21 24 27 29 24 29 28 34 24 29 31
16 22 40 35 34 39 34 47 46 48 46 36
16 23 82 76 77 81 84 70 77 78 80 75
16 24 67 60 65 63 66 58 69 65 58 64
17 18 38 35 38 46 35 34 47 37 37 36
17 19 42 41 50 44 48 44 42 41 41 46
17 20 78 70 77 68 68 78 69 68 72 81
17 21 18 29 16 21 28 22 25 19 23 29
17 22 91 77 86 78 88 90 83 86 85 80
17 23 22 28 33 27 23 29 27 28 24 25
17 24 28 33 35 32 25 31 33 26 25 36
18 19 22 33 20 32 24 31 23 21 24 30
18 20 4 15 6 10 14 14 10 11 18 7
18 21 88 78 87 84 84 77 86 84 84 76
18 22 62 56 55 58 57 65 60 57 63 66
18 23 84 76 76 80 74 84 80 79 86 82
18 24 68 60 58 65 63 69 67 68 60 58
19 20 25 26 33 27 23 27 22 35 31 30
19 21 60 63 64 61 52 52 60 59 61 62
19 22 98 96 95 86 86 98 94 87 87 92
19 23 81 74 82 79 82 72 70 83 72 70
19 24 91 80 92 89 78 79 91 87 91 91
20 21 71 74 75 70 73 65 73 68 64 68
20 22 91 85 86 90 82 87 86 78 92 90
20 23 84 76 83 72 75 72 76 82 79 73
20 24 48 47 41 43 54 51 51 42 47 44
21 22 84 72 84 74 81 84 80 78 82 83
21 23 28 31 26 33 31 30 33 27 30 26
21 24 38 42 33 44 36 43 38 40 38 40
22 23 65 58 63 61 56 64 68 68 64 60
22 24 21 24 32 28 28 29 24 33 25 23
23 24 67 59 64 62 62 65 59 70 58 69
