33 10
0.4 0 0 0 0 0 0 0 0 0.6
0 1 71 80 55 82 41 65 72 62 75 40
0 2 15 55 20 35 45 57 54 51 23 43
0 3 66 60 63 34 65 61 41 82 81 68
0 4 94 58 81 75 95 72 68 83 49 96
0 5 23 48 28 55 25 30 21 47 36 53
0 6 10 34 27 10 20 43 53 10 32 28
0 7 38 25 51 37 67 30 34 63 33 37
0 8 96 97 94 67 68 88 91 98 80 58
0 9 99 53 96 53 56 54 81 99 79 99
0 10 84 75 58 55 58 49 48 87 46 63
0 11 47 37 68 33 59 32 64 30 52 62
0 12 50 58 48 54 41 74 62 26 63 41
0 13 30 36 52 59 18 63 29 21 43 60
0 14 2 6 9 8 25 19 12 12 47 33
0 15 3 21 10 27 32 21 21 47 27 3
0 16 67 54 73 51 65 71 63 77 68 63
0 17 80 55 50 75 45 51 62 43 73 74
0 18 49 36 59 31 70 61 73 39 33 40
0 19 6 8 16 19 3 51 33 51 31 4
0 20 21 38 24 53 35 57 25 39 33 46
0 21 43 43 58 48 33 22 57 31 25 27
0 22 70 62 60 54 72 67 79 59 81 55
0 23 21 44 24 21 14 52 33 53 26 13
0 24 55 48 37 58 51 52 59 68 43 77
0 25 42 55 25 57 43 27 36 41 45 35
0 26 70 72 49 42 55 70 47 47 72 62
0 27 3 49 24 21 14 37 3 17 27 17
0 28 6 16 17 25 44 51 44 13 24 43
0 29 45 69 53 60 60 66 32 38 36 52
0 30 41 25 27 35 24 50 44 53 26 56
0 31 37 68 31 47 27 49 44 27 67 24
0 32 28 48 29 14 47 59 35 20 61 48
1 2 74 86 41 67 71 76 73 75 85 39
1 3 63 72 56 78 56 54 44 65 34 73
1 4 39 65 22 57 49 52 46 62 30 54
1 5 31 44 18 51 37 55 58 55 35 46
1 6 58 37 50 43 61 63 62 33 36 57
1 7 97 62 64 51 51 95 90 53 76 74
1 8 98 73 60 79 73 96 96 90 95 65
1 9 82 77 44 82 48 72 85 85 48 59
1 10 9 24 21 40 15 9 32 19 19 41
1 11 7 34 4 17 30 7 35 43 21 11
1 12 26 14 42 53 16 41 39 24 47 60
1 13 9 28 5 7 43 34 41 25 45 32
1 14 20 32 45 17 49 47 31 47 34 59
1 15 57 49 68 48 49 30 52 63 43 56
1 16 36 39 28 20 33 20 56 56 63 29
1 17 54 62 37 39 74 66 60 55 59 50
1 18 38 45 40 31 22 65 66 66 24 67
1 19 77 41 68 62 73 82 45 76 44 76
1 20 43 68 57 58 42 30 46 46 44 56
1 21 42 29 44 66 56 63 22 66 48 28
1 22 38 68 65 21 52 41 55 34 64 54
1 23 40 21 41 26 40 57 39 67 41 40
1 24 99 78 51 94 69 71 74 59 63 53
1 25 38 61 28 48 40 34 37 56 58 48
1 26 90 89 45 60 48 72 75 79 81 62
1 27 94 58 91 48 77 81 61 76 55 51
1 28 26 20 50 33 36 34 52 14 28 16
1 29 66 68 48 76 50 70 75 36 78 51
1 30 70 82 65 72 69 37 73 75 68 52
1 31 87 49 46 51 55 82 74 52 84 83
1 32 77 74 47 48 50 45 43 79 54 41
2 3 13 41 42 34 49 35 19 49 38 52
2 4 56 71 50 72 33 32 60 51 31 51
2 5 95 92 55 54 60 74 86 74 61 56
2 6 16 12 31 21 30 51 40 8 13 29
2 7 18 37 35 48 48 52 38 34 38 18
2 8 27 14 47 42 22 53 42 16 28 13
2 9 52 51 59 41 60 62 73 74 52 52
2 10 36 43 57 35 57 43 36 29 55 67
2 11 82 52 68 43 58 70 74 57 54 82
2 12 91 61 55 68 65 47 60 88 68 86
2 13 8 43 9 25 34 13 43 23 21 43
2 14 47 45 42 59 43 51 63 38 56 24
2 15 44 31 56 27 63 35 61 56 27 37
2 16 76 41 87 72 56 81 66 41 78 63
2 17 20 33 58 40 50 40 54 13 43 34
2 18 74 44 83 80 63 42 75 65 72 72
2 19 71 49 70 53 39 74 51 75 61 74
2 20 76 41 50 64 47 74 59 50 57 54
2 21 50 50 62 44 55 61 51 34 39 34
2 22 10 32 49 19 21 30 35 48 28 43
2 23 11 10 29 43 19 11 31 35 24 31
2 24 51 32 64 47 55 39 58 63 30 60
2 25 52 59 28 31 75 36 38 69 75 46
2 26 30 49 55 52 54 53 19 34 33 18
2 27 38 21 59 34 55 45 61 69 57 21
2 28 68 54 63 45 55 58 64 82 64 45
2 29 55 29 40 66 54 49 71 48 39 65
2 30 92 63 61 84 55 53 79 74 70 60
2 31 50 62 70 50 44 54 38 49 26 26
2 32 29 22 30 54 17 33 42 18 17 58
3 4 85 75 67 82 63 54 88 88 66 57
3 5 54 52 50 29 30 52 67 74 61 58
3 6 39 64 21 59 32 30 49 21 54 21
3 7 30 23 52 23 15 39 50 41 20 64
3 8 51 34 48 41 71 75 49 39 42 49
3 9 70 58 60 45 39 78 38 71 36 52
3 10 93 73 49 91 58 69 51 88 93 68
3 11 90 82 50 57 62 82 81 87 82 66
3 12 81 71 88 84 81 47 78 72 79 48
3 13 77 68 48 42 39 66 59 73 73 42
3 14 97 85 51 62 77 94 93 72 63 50
3 15 69 66 40 66 46 74 43 80 74 80
3 16 76 83 83 53 79 49 50 41 39 77
3 17 6 21 32 36 21 8 10 50 42 10
3 18 43 34 65 43 53 25 49 49 25 43
3 19 84 65 74 77 68 50 56 61 80 79
3 20 13 17 23 48 42 21 41 46 8 42
3 21 10 40 35 45 35 46 23 23 41 5
3 22 85 54 45 45 92 45 91 47 81 60
3 23 95 84 86 55 73 91 97 58 73 69
3 24 53 27 29 31 66 60 59 42 70 66
3 25 57 36 49 64 30 59 77 52 38 49
3 26 33 28 52 19 24 18 47 65 35 17
3 27 97 83 90 97 92 57 95 62 89 61
3 28 42 42 39 35 22 23 62 37 49 65
3 29 86 59 76 51 87 66 85 57 60 56
3 30 51 54 32 28 34 69 28 31 62 49
3 31 25 46 39 46 39 45 33 55 58 48
3 32 90 58 55 51 89 60 82 65 77 66
4 5 78 84 42 58 77 66 39 52 85 54
4 6 25 53 49 16 15 59 59 58 35 43
4 7 66 66 50 59 34 74 54 82 76 74
4 8 38 62 44 55 27 27 48 38 53 68
4 9 16 10 11 35 11 11 38 39 55 55
4 10 73 51 50 50 49 67 37 72 77 84
4 11 42 28 67 50 36 46 26 63 45 63
4 12 69 72 52 76 52 55 41 37 68 54
4 13 46 42 61 47 42 35 29 58 62 57
4 14 28 55 30 15 49 41 58 17 18 47
4 15 4 37 25 48 6 36 9 5 5 24
4 16 13 42 37 18 19 56 21 27 26 51
4 17 66 62 67 71 59 45 43 73 67 65
4 18 48 32 46 64 73 34 60 25 45 48
4 19 37 31 46 43 22 58 22 23 68 67
4 20 25 18 52 22 55 47 39 43 48 13
4 21 17 42 27 17 20 11 55 40 41 41
4 22 85 67 43 81 68 80 63 59 90 53
4 23 96 68 59 57 93 66 53 76 84 88
4 24 65 42 52 38 75 58 72 70 74 54
4 25 45 46 34 53 71 69 56 51 40 53
4 26 83 88 66 67 91 70 70 71 69 69
4 27 76 82 76 80 77 78 83 80 55 45
4 28 85 57 75 82 58 54 79 60 68 86
4 29 71 42 80 77 67 43 39 50 65 71
4 30 65 61 37 39 74 69 45 53 51 45
4 31 74 50 61 54 66 53 65 43 73 61
4 32 51 70 38 61 47 40 40 52 38 54
5 6 90 53 65 92 66 62 91 70 91 64
5 7 51 73 50 60 55 38 69 26 44 73
5 8 21 29 39 58 59 25 42 37 57 50
5 9 93 61 94 58 66 88 72 80 90 82
5 10 87 64 55 65 54 68 91 83 80 46
5 11 35 59 40 58 48 64 49 22 23 24
5 12 38 61 67 20 68 36 25 31 36 32
5 13 73 82 63 40 78 58 86 59 82 53
5 14 36 24 30 20 35 49 66 28 62 33
5 15 67 82 38 75 66 73 80 49 38 47
5 16 82 82 89 85 69 60 71 54 77 49
5 17 34 46 51 47 57 57 62 59 59 25
5 18 19 39 58 36 25 56 56 29 59 35
5 19 71 60 83 58 79 39 85 46 65 48
5 20 62 31 65 57 39 77 75 73 71 51
5 21 16 9 15 26 41 27 30 12 56 17
5 22 48 66 49 50 36 55 69 65 43 47
5 23 48 35 31 42 43 44 32 36 62 48
5 24 25 54 33 38 31 28 56 16 62 56
5 25 51 27 36 44 34 51 50 42 67 36
5 26 46 69 39 50 50 65 33 29 71 61
5 27 0 32 41 11 46 44 8 32 28 40
5 28 31 23 21 31 56 62 33 51 52 63
5 29 43 44 47 22 39 42 36 31 24 66
5 30 38 42 61 46 25 22 20 25 56 41
5 31 78 58 45 62 65 70 72 87 51 47
5 32 61 60 73 31 64 31 61 38 68 62
6 7 85 73 60 91 71 53 66 67 58 55
6 8 80 41 41 79 74 65 88 45 83 40
6 9 95 83 64 68 73 59 64 60 48 89
6 10 65 75 42 54 74 77 77 54 73 69
6 11 97 73 78 86 85 64 70 52 98 96
6 12 42 26 24 32 24 61 42 55 57 49
6 13 15 48 40 10 46 49 40 27 50 34
6 14 67 64 58 71 58 61 62 39 42 73
6 15 78 75 76 57 56 52 79 48 68 74
6 16 56 63 49 53 47 43 42 60 75 50
6 17 59 53 73 60 40 64 31 65 40 71
6 18 47 56 50 56 34 59 68 68 34 46
6 19 92 60 72 88 71 60 89 47 52 48
6 20 9 27 5 37 48 24 10 36 36 9
6 21 72 62 69 39 51 36 43 50 55 74
6 22 98 64 51 63 67 53 63 77 52 86
6 23 16 35 16 22 31 22 17 58 22 39
6 24 62 79 42 80 80 71 56 69 73 70
6 25 79 71 64 45 82 69 44 88 70 58
6 26 91 67 52 57 78 86 70 74 69 71
6 27 6 33 47 51 35 28 26 45 28 32
6 28 26 28 39 61 54 44 36 60 58 44
6 29 49 59 69 30 47 41 50 33 36 71
6 30 75 40 71 64 55 58 54 86 58 77
6 31 65 48 76 69 66 68 76 60 45 36
6 32 73 78 83 54 83 54 63 82 47 48
7 8 94 85 93 60 70 72 90 87 78 93
7 9 7 21 3 31 18 25 44 16 43 16
7 10 53 40 71 29 71 52 57 74 65 69
7 11 39 54 28 38 45 68 53 69 29 23
7 12 0 49 11 10 45 7 38 3 27 32
7 13 24 40 47 37 27 22 21 42 35 30
7 14 51 40 33 33 51 62 51 39 71 56
7 15 22 57 23 28 32 33 13 57 35 15
7 16 61 40 51 43 35 42 68 77 63 71
7 17 0 50 47 14 25 38 23 36 39 41
7 18 18 56 11 46 16 36 54 25 22 24
7 19 20 56 37 31 38 49 12 19 43 38
7 20 8 6 26 9 12 46 17 6 29 19
7 21 54 49 70 65 36 41 76 68 43 75
7 22 81 60 69 55 42 42 41 55 49 81
7 23 1 13 44 8 41 5 47 6 24 6
7 24 12 26 14 56 38 18 47 41 38 51
7 25 67 80 57 49 62 65 45 55 50 43
7 26 40 39 33 34 69 64 35 29 53 51
7 27 13 48 42 30 52 53 52 15 9 35
7 28 78 85 57 84 66 56 70 40 57 45
7 29 80 69 55 63 82 78 83 81 71 62
7 30 17 28 26 41 30 23 42 32 52 35
7 31 77 62 76 71 65 65 82 54 55 50
7 32 57 56 32 62 41 30 31 39 49 41
8 9 36 45 29 30 44 61 53 25 28 24
8 10 50 29 45 52 73 53 66 63 53 36
8 11 4 36 27 14 22 5 42 7 44 23
8 12 47 59 70 44 45 30 56 50 51 64
8 13 82 47 41 70 55 59 74 41 81 69
8 14 99 85 95 53 52 55 94 68 94 58
8 15 53 65 36 65 30 35 55 61 36 69
8 16 52 34 64 48 27 61 61 47 53 31
8 17 68 36 80 61 36 69 65 53 83 75
8 18 77 50 68 47 58 72 53 85 62 84
8 19 31 26 30 37 49 49 18 28 37 59
8 20 46 35 63 47 64 58 38 45 32 41
8 21 24 46 42 50 46 41 40 53 47 60
8 22 91 94 51 57 59 89 60 72 65 58
8 23 89 66 47 48 73 67 74 70 71 68
8 24 94 76 57 89 85 71 53 75 56 55
8 25 13 55 16 44 14 29 17 9 18 55
8 26 19 55 10 59 24 22 15 33 18 22
8 27 31 38 25 49 64 17 39 23 63 48
8 28 3 4 46 12 43 25 40 33 40 20
8 29 2 22 45 3 14 45 48 8 33 51
8 30 10 35 25 33 12 20 47 27 5 16
8 31 45 57 63 30 64 30 46 25 71 39
8 32 37 19 52 18 52 24 55 51 38 52
9 10 54 44 74 27 66 62 44 74 50 51
9 11 54 53 32 28 48 68 70 32 71 75
9 12 54 74 36 34 47 54 43 45 33 67
9 13 84 87 56 57 55 76 49 59 49 58
9 14 23 32 13 43 31 12 14 51 28 18
9 15 56 75 54 52 58 33 77 72 44 39
9 16 56 38 46 42 74 52 62 41 36 45
9 17 0 27 46 18 16 47 29 37 9 20
9 18 53 76 41 46 68 75 30 53 52 29
9 19 65 44 48 35 46 36 59 73 54 36
9 20 99 57 59 71 80 94 95 58 59 68
9 21 50 69 38 49 62 52 46 25 42 44
9 22 99 65 97 73 61 99 80 60 67 59
9 23 39 64 49 39 45 25 57 60 55 53
9 24 4 28 31 6 6 31 39 32 33 22
9 25 47 65 37 29 36 70 54 25 59 50
9 26 17 28 21 43 16 11 29 46 20 30
9 27 56 62 55 70 31 58 60 49 35 52
9 28 43 28 57 56 39 63 58 27 23 31
9 29 93 90 66 81 55 65 57 60 66 65
9 30 14 35 30 48 19 37 19 10 48 33
9 31 4 31 20 24 42 24 38 27 7 49
9 32 61 67 48 49 40 56 31 35 78 46
10 11 64 74 57 69 67 73 79 38 59 32
10 12 22 59 60 14 32 27 25 42 50 52
10 13 59 77 56 56 67 42 64 44 35 68
10 14 60 62 79 67 77 70 71 43 43 79
10 15 27 42 31 23 35 63 14 38 48 50
10 16 61 41 50 71 59 31 64 62 54 36
10 17 72 57 76 63 58 52 63 57 66 84
10 18 87 69 53 54 82 52 77 80 64 72
10 19 79 80 72 68 63 83 59 63 86 48
10 20 74 55 70 86 79 72 38 51 51 56
10 21 85 82 73 45 46 49 80 48 65 88
10 22 88 94 47 80 69 81 51 48 92 74
10 23 19 10 10 51 26 39 50 39 30 26
10 24 48 54 58 66 56 70 70 38 41 59
10 25 10 33 41 15 47 11 35 36 23 7
10 26 46 34 71 63 50 56 47 63 48 25
10 27 64 41 59 50 55 71 32 44 81 34
10 28 38 64 33 37 49 55 67 63 59 29
10 29 95 75 54 85 82 74 50 69 84 94
10 30 52 55 57 39 40 35 51 55 52 50
10 31 27 51 13 48 63 40 47 39 51 18
10 32 51 29 65 38 41 52 29 74 31 36
11 12 86 58 73 63 65 77 73 86 81 89
11 13 30 51 29 37 51 22 21 50 32 62
11 14 56 68 57 75 48 39 71 65 29 47
11 15 32 44 36 37 55 22 42 43 35 62
11 16 13 38 34 26 34 24 19 19 48 48
11 17 25 34 27 40 41 46 27 30 25 45
11 18 6 17 46 49 16 42 47 20 50 6
11 19 35 47 59 40 24 49 26 54 52 21
11 20 60 46 54 38 78 34 32 55 51 72
11 21 12 37 41 30 54 24 30 34 35 9
11 22 48 59 49 29 70 66 47 29 37 61
11 23 33 18 32 22 36 61 31 30 41 29
11 24 3 38 23 7 26 10 12 14 11 49
11 25 14 11 14 9 55 10 56 54 17 43
11 26 54 35 75 62 61 30 56 54 57 51
11 27 37 19 26 25 58 19 21 59 36 55
11 28 70 72 47 58 80 84 77 80 38 43
11 29 41 70 38 27 23 25 64 24 59 55
11 30 16 51 28 41 24 50 49 58 26 15
11 31 23 55 40 34 17 23 56 13 38 43
11 32 2 37 9 43 24 13 21 39 36 34
12 13 40 20 45 65 62 51 67 55 59 37
12 14 22 29 44 36 17 13 15 37 53 21
12 15 62 67 67 37 32 48 70 43 61 64
12 16 8 47 8 12 37 46 29 19 44 45
12 17 46 72 24 32 26 36 70 70 48 62
12 18 90 94 89 50 91 48 92 82 58 63
12 19 91 67 68 56 94 58 82 58 73 48
12 20 25 29 58 20 15 28 39 30 29 62
12 21 30 54 59 42 43 57 28 30 60 47
12 22 14 21 16 13 54 37 22 20 38 25
12 23 52 39 69 57 37 35 56 57 33 62
12 24 62 69 42 65 56 43 52 75 34 40
12 25 95 54 71 54 88 73 71 57 66 79
12 26 21 59 55 58 23 42 54 57 22 34
12 27 87 80 56 53 80 82 70 86 89 51
12 28 39 33 34 41 57 43 58 46 68 42
12 29 3 50 48 43 6 17 3 50 25 9
12 30 32 31 36 62 52 19 21 29 20 39
12 31 42 30 26 35 43 25 66 50 62 45
12 32 91 90 69 51 70 71 72 53 73 77
13 14 81 83 68 62 47 55 48 52 89 71
13 15 50 72 45 29 31 54 69 31 65 37
13 16 88 76 50 64 58 59 52 54 51 70
13 17 63 32 50 49 53 64 76 80 55 51
13 18 34 51 43 36 48 45 57 34 57 59
13 19 62 42 34 50 47 74 72 31 59 71
13 20 76 77 48 69 77 40 51 82 63 79
13 21 83 43 65 50 90 65 81 62 44 84
13 22 77 49 66 42 52 38 80 64 76 86
13 23 54 33 56 29 71 35 37 51 68 55
13 24 52 75 66 75 28 44 50 65 51 64
13 25 34 34 45 28 46 48 59 48 33 47
13 26 0 8 41 27 34 23 13 20 4 25
13 27 0 29 38 49 27 7 34 49 20 6
13 28 40 24 20 50 64 52 43 69 42 37
13 29 92 54 78 75 87 96 90 76 70 83
13 30 23 51 34 34 12 13 40 13 40 60
13 31 43 54 22 34 55 64 66 35 43 56
13 32 18 49 25 34 21 28 19 14 55 47
14 15 3 24 24 46 31 42 24 32 27 32
14 16 32 30 17 30 39 25 49 24 17 63
14 17 47 28 39 29 45 62 51 68 73 45
14 18 73 71 73 55 41 43 78 49 82 74
14 19 41 53 69 21 48 31 62 29 23 38
14 20 5 40 49 33 3 47 40 47 20 17
14 21 3 35 11 26 28 10 50 48 44 51
14 22 12 33 43 38 32 43 15 51 20 25
14 23 69 56 53 63 80 62 58 83 75 53
14 24 91 50 71 77 55 87 80 94 51 48
14 25 86 47 87 72 88 74 85 89 46 78
14 26 70 58 78 37 65 79 46 83 71 78
14 27 16 45 17 27 25 52 53 13 42 30
14 28 4 47 41 39 50 34 25 23 40 45
14 29 0 46 16 35 46 35 4 43 13 22
14 30 96 72 89 69 88 70 56 69 76 51
14 31 24 53 51 50 40 28 61 30 38 28
14 32 81 66 73 48 62 72 67 49 78 59
15 16 82 71 79 80 75 61 76 84 77 64
15 17 92 93 84 75 54 79 58 74 67 64
15 18 97 51 63 80 89 58 90 88 56 72
15 19 87 87 71 47 92 82 93 67 83 80
15 20 74 57 80 50 81 83 63 49 58 65
15 21 36 39 21 41 36 51 32 20 41 37
15 22 37 34 34 50 60 60 24 66 49 62
15 23 16 43 31 53 48 52 39 39 50 14
15 24 57 56 51 67 66 51 30 36 65 59
15 25 46 45 49 62 26 71 27 30 39 33
15 26 35 51 52 22 59 26 23 43 19 28
15 27 21 56 13 25 53 40 32 19 17 44
15 28 81 49 52 73 54 90 53 44 69 66
15 29 74 82 50 68 74 61 81 74 66 47
15 30 72 81 52 36 83 77 39 80 67 60
15 31 37 18 41 42 43 30 20 33 50 58
15 32 44 29 32 70 55 44 32 55 36 22
16 17 0 20 8 14 43 5 28 49 0 21
16 18 36 34 47 63 65 58 37 44 33 48
16 19 49 26 45 66 56 66 50 29 66 41
16 20 21 22 48 49 23 17 24 20 54 25
16 21 90 72 80 72 86 47 46 82 70 61
16 22 57 62 64 76 40 36 68 55 53 48
16 23 20 59 14 51 53 49 41 46 17 23
16 24 74 59 44 63 41 38 55 62 45 61
16 25 99 57 94 95 86 86 66 73 98 54
16 26 70 81 75 47 48 74 56 65 59 46
16 27 25 35 51 61 34 28 22 56 23 18
16 28 19 11 12 34 54 28 27 45 45 58
16 29 4 48 5 18 10 14 30 37 46 5
16 30 83 44 80 43 70 87 77 90 49 70
16 31 33 43 28 23 42 50 49 61 46 49
16 32 17 16 39 14 56 46 53 38 35 24
17 18 98 96 66 98 88 75 66 88 64 71
17 19 56 67 70 69 52 47 34 45 76 51
17 20 2 20 2 32 48 30 31 40 37 49
17 21 33 24 52 37 54 36 44 22 37 53
17 22 67 55 64 43 42 39 69 51 63 54
17 23 92 78 51 62 86 94 76 66 79 54
17 24 13 51 50 14 37 50 11 15 13 24
17 25 32 20 22 50 39 29 62 55 49 51
17 26 37 35 34 45 45 46 47 38 57 62
17 27 49 60 47 63 49 38 42 68 30 60
17 28 81 72 57 47 85 84 84 90 61 72
17 29 83 70 85 50 46 75 73 53 83 89
17 30 17 38 25 33 50 19 34 35 18 8
17 31 7 40 42 47 5 29 14 29 31 15
17 32 41 27 60 23 48 49 31 31 45 64
18 19 8 33 27 6 23 27 40 42 21 37
18 20 95 52 59 86 63 83 89 65 55 90
18 21 80 47 65 80 49 86 43 46 44 78
18 22 95 69 87 72 85 94 85 48 75 71
18 23 63 80 73 37 77 43 70 44 73 80
18 24 52 35 26 38 36 52 58 65 63 38
18 25 90 67 86 82 55 61 87 66 67 55
18 26 6 33 41 51 22 14 35 49 39 21
18 27 54 42 66 51 48 53 46 76 64 45
18 28 60 38 65 31 72 74 32 64 43 33
18 29 17 33 42 38 48 15 26 46 12 24
18 30 13 49 29 11 43 9 21 24 10 10
18 31 12 18 7 24 37 52 24 39 28 31
18 32 59 61 72 54 46 68 30 37 69 51
19 20 0 32 34 47 44 40 40 25 7 21
19 21 74 37 66 38 81 71 75 66 50 55
19 22 13 38 25 12 32 8 37 35 29 20
19 23 95 48 53 61 50 90 71 60 61 58
19 24 73 63 47 46 40 42 44 54 72 50
19 25 38 52 66 51 48 25 32 24 61 24
19 26 40 57 39 65 49 37 60 21 67 45
19 27 23 56 42 34 47 39 42 19 43 42
19 28 78 75 79 66 84 85 69 48 77 71
19 29 54 55 65 35 71 55 34 63 72 74
19 30 35 20 37 56 35 25 59 24 56 18
19 31 77 86 43 65 52 84 69 57 53 63
19 32 22 33 30 59 34 37 30 59 53 31
20 21 98 72 65 74 54 97 58 51 55 86
20 22 70 37 41 44 53 53 68 46 76 64
20 23 21 20 46 19 55 34 38 30 22 22
20 24 24 58 39 17 45 24 21 39 51 47
20 25 94 92 82 90 92 71 85 67 90 92
20 26 40 50 40 43 60 30 60 66 49 36
20 27 80 50 40 77 69 78 81 59 75 49
20 28 68 51 41 83 46 67 35 48 34 65
20 29 14 20 50 9 15 32 32 46 23 25
20 30 90 81 50 64 65 89 61 93 75 94
20 31 14 24 56 11 47 30 34 23 11 46
20 32 2 46 35 33 21 18 42 14 1 41
21 22 56 72 61 37 58 42 41 38 71 39
21 23 99 73 77 67 87 65 96 97 78 78
21 24 82 81 46 81 56 62 74 67 70 41
21 25 75 55 71 39 79 87 84 51 82 81
21 26 17 30 55 44 30 17 24 42 40 43
21 27 48 60 49 60 37 73 38 57 68 52
21 28 69 41 84 53 74 81 59 70 61 36
21 29 50 45 39 59 41 36 71 44 59 38
21 30 72 85 83 77 49 63 66 46 43 59
21 31 44 52 47 37 54 61 34 28 57 28
21 32 73 50 77 59 53 72 67 76 37 46
22 23 21 25 18 28 36 40 25 30 34 43
22 24 27 36 52 22 24 58 17 24 50 15
22 25 92 55 64 57 78 62 49 53 70 76
22 26 18 12 53 53 25 55 30 11 51 54
22 27 15 42 55 57 13 16 38 54 30 8
22 28 45 42 52 29 32 45 60 66 53 47
22 29 85 69 87 88 80 73 58 83 75 77
22 30 39 63 68 24 36 62 21 54 52 51
22 31 99 69 89 66 68 79 74 83 57 67
22 32 41 36 53 62 27 37 45 41 48 32
23 24 32 44 26 34 56 26 31 34 19 36
23 25 53 46 58 60 62 57 32 54 71 37
23 26 73 74 41 83 72 45 54 40 66 74
23 27 69 35 70 56 58 79 43 62 71 38
23 28 57 38 55 56 54 29 52 66 76 51
23 29 48 25 72 73 35 50 48 24 62 39
23 30 43 28 35 24 64 41 39 28 57 32
23 31 43 48 54 23 55 42 69 57 59 51
23 32 43 46 63 50 69 28 71 33 70 57
24 25 26 16 20 25 35 28 49 30 62 32
24 26 37 63 42 63 37 37 43 57 20 67
24 27 9 6 47 48 41 45 32 18 25 54
24 28 76 81 59 68 58 63 57 65 60 51
24 29 9 34 44 8 41 21 9 35 29 30
24 30 70 55 52 57 63 80 52 39 52 38
24 31 36 20 44 30 30 36 37 60 60 41
24 32 6 35 50 13 43 8 34 19 17 39
25 26 73 85 63 51 58 83 57 72 60 77
25 27 74 49 60 38 80 75 59 65 59 49
25 28 88 53 83 46 89 68 85 44 88 73
25 29 21 22 50 15 55 11 55 13 59 24
25 30 95 63 96 56 78 89 88 48 55 69
25 31 40 43 28 25 34 51 62 40 28 37
25 32 56 71 31 45 36 41 64 31 66 37
26 27 9 39 29 30 48 17 36 10 8 9
26 28 68 37 43 59 63 66 43 55 47 59
26 29 72 43 62 65 49 85 44 65 51 82
26 30 95 62 62 90 47 53 96 90 91 65
26 31 58 47 65 46 34 55 70 53 52 69
26 32 63 77 57 60 79 45 69 69 56 64
27 28 60 55 78 46 69 55 56 53 58 40
27 29 89 82 45 92 68 93 82 79 72 56
27 30 7 52 49 24 17 46 34 14 17 17
27 31 90 61 94 71 69 80 64 82 91 83
27 32 73 82 37 84 46 59 55 51 79 58
28 29 6 35 48 40 49 47 29 23 12 39
28 30 14 52 9 57 36 46 13 46 49 50
28 31 99 73 68 63 90 57 80 96 86 86
28 32 79 68 56 58 60 88 41 41 61 67
29 30 57 49 35 32 32 42 56 65 33 71
29 31 70 44 48 46 65 49 65 47 79 51
29 32 34 58 44 34 48 66 21 56 41 42
30 31 40 28 28 67 35 42 45 55 21 42
30 32 52 57 42 53 65 52 64 44 49 45
31 32 27 60 46 31 21 60 57 36 23 30
