35 10
0.6 0 0 0 0 0 0 0 0 0.4
0 1 93 91 82 86 87 89 88 87 89 91
0 2 12 13 11 25 20 20 11 14 11 13
0 3 28 31 32 32 31 28 34 29 32 28
0 4 57 53 49 57 62 57 54 53 63 63
0 5 13 17 18 25 20 19 23 12 12 15
0 6 32 39 37 36 39 37 33 29 34 39
0 7 37 43 38 36 43 39 43 34 41 37
0 8 11 19 13 14 14 12 23 20 19 21
0 9 23 33 29 30 30 25 33 21 22 22
0 10 86 82 85 86 79 76 79 86 81 74
0 11 89 78 90 86 76 83 75 77 80 83
0 12 43 44 51 51 49 39 38 42 37 47
0 13 71 65 67 73 75 63 71 68 62 71
0 14 33 37 31 36 29 40 41 41 33 36
0 15 33 36 36 28 35 37 43 40 41 42
0 16 58 64 51 54 58 52 58 54 63 56
0 17 91 79 87 82 90 81 91 89 79 88
0 18 41 41 47 35 38 35 37 45 41 40
0 19 4 7 14 7 13 10 17 17 9 4
0 20 25 23 31 28 31 22 31 27 29 31
0 21 97 84 95 96 85 95 92 93 96 94
0 22 44 40 52 52 39 39 39 52 47 51
0 23 75 66 77 65 73 78 64 69 64 70
0 24 7 13 12 9 7 7 17 12 19 19
0 25 94 85 94 81 92 91 94 93 93 89
0 26 0 0 8 14 11 10 3 3 11 10
0 27 66 64 62 70 59 60 69 58 64 66
0 28 28 38 31 32 25 35 33 32 34 33
0 29 29 26 37 39 26 26 31 39 37 39
0 30 31 37 35 41 34 30 29 35 27 36
0 31 39 39 45 47 42 47 35 44 43 36
0 32 68 59 70 61 72 68 59 68 62 59
0 33 93 89 80 93 93 91 81 89 90 91
0 34 13 18 23 21 25 23 13 20 21 21
1 2 75 68 68 72 70 69 66 77 69 75
1 3 23 28 30 25 24 20 29 27 24 33
1 4 4 8 10 12 8 7 5 3 7 17
1 5 5 9 6 18 15 12 13 17 8 17
1 6 35 38 30 44 33 31 40 32 42 35
1 7 56 58 56 62 57 51 61 56 51 59
1 8 51 43 57 49 45 57 47 54 55 51
1 9 40 46 43 47 34 38 48 37 48 44
1 10 24 30 34 33 22 30 33 25 34 31
1 11 20 30 27 30 29 32 19 26 29 28
1 12 87 76 86 87 81 75 87 82 82 80
1 13 93 92 79 81 83 79 87 91 83 86
1 14 46 51 44 54 40 54 54 40 46 50
1 15 12 12 17 11 18 23 22 11 16 25
1 16 58 64 59 52 62 63 62 50 50 52
1 17 56 61 62 55 59 55 49 51 51 49
1 18 76 76 75 76 80 78 79 76 69 71
1 19 28 28 31 35 34 31 25 36 27 38
1 20 69 68 63 66 69 72 72 73 69 71
1 21 99 97 96 90 91 98 95 93 98 92
1 22 70 71 69 73 70 65 65 74 66 71
1 23 19 26 27 18 30 31 26 26 23 19
1 24 25 23 27 29 31 34 27 28 24 29
1 25 21 30 21 18 20 20 24 25 25 31
1 26 24 22 29 29 26 30 22 35 33 28
1 27 59 57 63 57 50 64 60 54 55 55
1 28 55 54 53 48 61 61 61 61 55 52
1 29 95 92 82 88 88 83 95 92 83 92
1 30 79 80 72 75 67 70 76 79 78 73
1 31 84 75 85 79 71 83 83 80 79 82
1 32 34 42 44 41 36 44 44 42 38 32
1 33 49 46 46 56 47 52 46 52 51 55
1 34 83 84 73 77 81 81 84 80 72 71
2 3 37 32 38 39 36 46 40 39 40 38
2 4 52 55 53 54 49 58 48 51 48 49
2 5 9 21 21 19 9 10 17 12 14 12
2 6 65 59 61 69 65 58 59 59 63 63
2 7 82 82 76 74 77 79 75 84 82 81
2 8 2 2 10 15 16 3 14 4 9 5
2 9 49 50 49 48 43 42 43 52 52 52
2 10 87 81 87 87 75 82 80 78 76 81
2 11 70 60 66 67 69 66 65 72 63 62
2 12 93 89 92 90 90 85 93 90 93 91
2 13 39 41 41 37 42 39 47 42 38 44
2 14 63 56 61 57 58 69 68 63 67 68
2 15 46 39 52 45 52 40 46 54 45 50
2 16 84 72 80 76 82 85 75 81 81 77
2 17 28 25 31 28 26 36 34 31 24 26
2 18 20 19 20 28 27 18 25 28 30 29
2 19 71 66 69 67 61 68 67 66 63 62
2 20 46 42 41 39 47 50 50 54 51 53
2 21 68 59 67 58 64 64 66 61 70 68
2 22 83 77 79 72 80 84 85 77 72 83
2 23 26 32 30 32 23 29 23 27 24 23
2 24 83 76 82 80 71 82 80 84 85 85
2 25 55 47 56 53 47 50 50 54 56 51
2 26 81 74 71 75 77 82 72 71 75 75
2 27 86 88 79 79 87 85 84 85 78 74
2 28 97 83 90 95 85 92 85 96 96 93
2 29 10 16 13 13 14 8 21 15 15 16
2 30 92 79 86 92 92 85 92 84 89 80
2 31 35 41 30 34 42 41 41 32 42 42
2 32 47 45 45 42 52 46 52 54 47 50
2 33 4 4 15 13 12 15 7 11 18 16
2 34 45 46 44 41 42 48 52 40 42 51
3 4 74 66 69 77 78 67 73 76 66 65
3 5 79 78 81 74 71 75 72 80 70 71
3 6 83 75 75 73 83 74 77 73 75 79
3 7 12 23 21 21 22 25 25 21 18 10
3 8 30 35 34 36 37 27 25 29 38 28
3 9 94 94 91 92 88 86 80 90 86 90
3 10 4 10 11 17 9 10 14 6 17 18
3 11 86 76 86 79 84 73 77 87 78 80
3 12 88 87 81 86 80 86 84 90 89 79
3 13 99 85 97 90 95 97 88 92 94 85
3 14 18 22 18 18 27 25 19 29 16 18
3 15 66 65 65 68 63 66 64 65 67 66
3 16 14 13 13 15 25 14 18 15 17 18
3 17 57 56 59 60 50 56 54 63 50 57
3 18 38 44 43 38 42 42 38 43 38 45
3 19 88 77 85 89 79 79 82 81 77 86
3 20 79 75 70 81 72 69 75 68 72 67
3 21 55 50 61 57 48 48 47 52 59 62
3 22 69 65 73 69 68 63 68 72 70 62
3 23 52 46 56 54 47 48 56 46 49 49
3 24 4 11 8 9 14 15 13 5 15 18
3 25 37 46 45 38 35 43 35 46 38 41
3 26 30 33 37 39 39 27 27 38 28 38
3 27 14 21 24 15 26 14 26 21 13 14
3 28 25 28 26 22 27 31 33 26 34 35
3 29 22 30 24 26 29 26 25 27 32 25
3 30 80 70 76 77 70 72 77 75 70 74
3 31 22 26 33 31 23 31 27 25 32 22
3 32 14 15 14 19 25 21 27 26 12 26
3 33 89 85 90 79 89 88 86 76 86 83
3 34 9 21 18 18 16 17 16 17 10 14
4 5 91 81 85 87 91 90 91 79 82 88
4 6 63 56 58 66 66 65 64 59 61 63
4 7 1 1 16 2 15 10 15 9 6 5
4 8 5 18 10 16 12 7 17 14 6 11
4 9 49 47 52 45 56 52 57 51 50 49
4 10 62 65 55 61 56 53 63 53 57 55
4 11 89 88 80 82 82 90 77 89 83 85
4 12 97 89 93 97 84 88 88 92 85 85
4 13 22 32 25 30 21 25 30 28 28 23
4 14 45 39 47 45 51 44 45 45 48 41
4 15 37 40 35 42 40 43 39 43 42 46
4 16 73 64 65 71 62 67 63 63 72 64
4 17 8 12 11 21 13 19 14 8 10 14
4 18 23 23 25 30 21 32 20 33 34 23
4 19 89 78 86 87 89 90 82 81 89 86
4 20 85 79 74 80 75 86 86 86 83 74
4 21 64 56 60 62 69 64 67 65 66 64
4 22 18 22 24 30 25 28 23 16 21 19
4 23 83 75 78 72 76 83 74 74 84 74
4 24 73 64 63 67 72 65 73 67 66 67
4 25 84 73 78 77 84 78 85 71 73 83
4 26 48 47 49 53 49 42 55 49 51 54
4 27 6 20 16 13 20 12 11 9 10 13
4 28 83 77 83 77 73 81 83 75 72 72
4 29 17 18 25 17 23 21 28 20 29 26
4 30 82 78 73 82 73 78 72 84 73 81
4 31 45 50 46 52 40 41 50 42 44 48
4 32 26 35 27 26 32 30 27 33 23 25
4 33 25 26 36 23 24 23 26 24 29 30
4 34 36 39 42 41 41 43 34 35 38 40
5 6 48 45 54 41 45 43 45 52 44 47
5 7 45 49 48 47 49 38 41 46 41 53
5 8 23 20 23 27 26 19 26 22 31 24
5 9 29 27 37 30 30 29 33 33 32 32
5 10 5 17 6 15 5 5 10 5 16 7
5 11 23 32 33 26 33 24 28 22 21 31
5 12 12 22 23 24 15 17 13 23 21 14
5 13 36 34 37 44 39 40 43 37 41 34
5 14 11 17 14 11 17 13 13 16 9 17
5 15 73 65 65 73 76 75 70 65 66 76
5 16 55 62 49 61 48 50 59 57 61 54
5 17 71 60 69 63 69 75 63 67 61 72
5 18 66 67 63 68 59 65 61 58 63 61
5 19 84 82 86 79 73 75 74 85 85 75
5 20 36 39 41 42 40 45 35 38 44 35
5 21 68 62 66 72 65 65 66 71 66 67
5 22 27 37 30 38 27 30 28 28 32 28
5 23 16 20 21 14 15 28 18 15 18 17
5 24 45 45 49 42 46 44 39 42 41 53
5 25 45 46 43 40 40 46 42 49 46 40
5 26 81 73 73 71 79 80 69 79 75 69
5 27 19 23 28 18 18 16 19 30 27 20
5 28 32 41 29 29 36 30 34 32 39 34
5 29 66 57 56 68 64 57 61 67 70 57
5 30 81 71 71 79 77 70 72 83 78 83
5 31 97 97 83 82 86 94 85 89 96 87
5 32 86 79 88 88 80 80 79 88 79 74
5 33 52 46 50 49 49 53 52 44 50 57
5 34 90 91 91 87 84 86 85 79 86 88
6 7 63 55 61 61 56 68 61 59 67 64
6 8 78 67 71 73 75 66 73 69 71 81
6 9 41 41 38 41 43 42 47 39 47 48
6 10 57 58 53 62 55 52 52 58 57 56
6 11 82 84 70 79 81 71 81 82 71 71
6 12 92 93 88 85 89 80 87 83 84 85
6 13 67 65 71 71 68 68 60 66 59 67
6 14 14 15 14 21 14 18 17 13 24 15
6 15 20 26 23 24 23 25 31 24 17 25
6 16 9 10 15 15 20 13 15 12 14 11
6 17 55 52 54 47 55 60 55 48 53 58
6 18 19 22 19 19 30 28 20 30 26 23
6 19 39 41 44 38 44 42 46 38 42 47
6 20 37 45 46 37 35 38 45 33 45 41
6 21 22 20 29 27 20 24 32 22 21 19
6 22 48 52 47 55 46 42 42 44 53 52
6 23 32 40 29 32 36 38 31 38 36 29
6 24 7 11 21 15 18 7 13 8 9 21
6 25 7 7 9 16 12 19 8 11 14 18
6 26 70 64 60 70 68 61 66 74 61 66
6 27 74 75 68 76 64 71 74 63 78 74
6 28 59 54 63 53 55 64 59 57 61 55
6 29 94 89 93 95 93 89 92 93 84 92
6 30 2 17 8 17 16 4 12 6 4 7
6 31 49 47 42 46 43 49 42 51 49 54
6 32 31 34 38 34 39 33 36 32 39 36
6 33 37 38 32 38 34 45 35 43 43 43
6 34 48 51 45 46 45 53 44 48 47 48
7 8 56 53 57 53 53 51 53 54 60 53
7 9 26 26 29 28 36 31 22 27 31 34
7 10 91 82 83 89 90 87 82 82 81 82
7 11 64 56 65 68 63 56 55 61 67 55
7 12 11 16 13 11 23 19 17 17 24 12
7 13 62 65 56 66 61 56 64 61 65 65
7 14 53 52 48 49 59 49 59 50 59 51
7 15 58 52 57 54 50 50 53 52 50 52
7 16 41 50 41 44 45 39 38 35 46 42
7 17 62 60 63 55 66 64 66 57 63 53
7 18 88 74 81 76 78 82 76 87 84 75
7 19 15 22 22 27 14 27 18 15 16 22
7 20 61 63 63 56 63 61 66 55 62 64
7 21 94 81 89 90 92 89 83 90 90 93
7 22 35 41 35 41 38 41 43 41 36 37
7 23 99 91 91 92 97 85 97 91 91 97
7 24 96 93 87 85 89 86 94 90 94 95
7 25 5 13 11 6 10 17 17 16 8 17
7 26 26 26 28 32 30 31 29 29 24 25
7 27 95 84 90 81 92 95 93 82 86 93
7 28 76 66 65 76 78 71 69 65 76 78
7 29 43 46 37 47 46 49 41 39 48 37
7 30 53 55 57 45 57 58 45 58 55 57
7 31 13 16 19 22 18 17 23 22 17 18
7 32 79 79 78 74 81 75 79 69 76 67
7 33 93 86 92 82 93 83 90 91 81 88
7 34 99 96 94 90 86 96 94 85 90 92
8 9 36 33 39 39 41 44 32 37 39 39
8 10 17 26 23 24 19 20 27 24 18 26
8 11 25 31 32 23 28 30 35 24 33 36
8 12 42 45 46 44 40 42 36 41 40 48
8 13 6 10 8 7 13 7 7 11 14 17
8 14 75 69 75 65 69 73 69 72 75 68
8 15 84 73 76 82 78 85 82 80 73 87
8 16 67 63 62 71 65 65 62 62 64 61
8 17 66 63 69 69 67 62 61 69 64 65
8 18 64 67 56 64 61 69 55 66 55 61
8 19 76 66 66 67 75 66 69 70 66 75
8 20 93 91 79 79 93 89 82 80 91 85
8 21 13 12 12 19 22 14 12 21 19 24
8 22 50 46 57 54 44 55 48 50 56 49
8 23 89 84 86 87 88 78 82 84 81 79
8 24 93 83 90 90 87 93 80 90 87 94
8 25 78 77 69 68 71 73 66 70 68 80
8 26 21 18 30 21 28 23 23 19 18 30
8 27 72 73 73 67 70 65 70 68 71 62
8 28 22 30 31 20 22 21 22 20 28 32
8 29 27 24 25 33 33 26 23 35 34 33
8 30 87 79 83 83 85 78 86 81 88 86
8 31 43 47 49 38 49 50 43 47 44 37
8 32 16 19 14 14 21 13 21 20 21 13
8 33 34 34 44 30 34 40 35 32 37 42
8 34 1 6 7 5 13 5 2 15 11 2
9 10 58 63 57 55 50 57 60 49 51 50
9 11 8 12 18 14 16 10 21 22 13 17
9 12 86 86 85 77 77 74 78 76 83 81
9 13 56 52 56 52 58 53 58 52 60 62
9 14 21 27 23 25 30 32 18 24 27 28
9 15 45 39 50 40 40 48 51 46 49 39
9 16 38 42 41 42 42 33 40 45 37 36
9 17 20 17 30 29 28 28 28 29 26 23
9 18 64 67 55 64 66 56 55 61 58 62
9 19 31 35 29 28 36 35 40 33 36 39
9 20 80 73 81 78 71 81 75 81 80 82
9 21 84 86 79 81 72 81 82 86 73 80
9 22 63 61 57 59 62 65 66 55 58 61
9 23 63 66 69 68 68 60 59 63 58 55
9 24 67 60 63 61 58 61 68 68 58 67
9 25 74 69 66 64 70 70 63 66 65 65
9 26 65 66 67 55 66 59 66 55 59 61
9 27 23 30 30 22 31 32 20 22 20 27
9 28 88 88 75 84 88 85 90 85 81 89
9 29 16 20 19 23 23 26 21 21 27 16
9 30 76 70 79 80 76 66 75 77 74 76
9 31 24 32 26 33 27 23 30 28 31 25
9 32 66 59 60 60 62 69 56 61 64 67
9 33 33 36 30 31 42 36 41 29 33 31
9 34 34 38 42 29 43 37 39 32 42 42
10 11 55 47 61 58 49 58 52 57 57 51
10 12 49 46 57 44 51 46 49 42 50 52
10 13 90 83 81 83 91 80 84 79 92 87
10 14 48 41 53 47 42 47 47 50 54 42
10 15 67 67 59 63 65 65 70 67 61 69
10 16 15 26 19 24 16 19 20 24 17 17
10 17 92 90 83 80 92 93 89 88 84 88
10 18 54 49 47 55 48 50 49 59 48 56
10 19 47 51 46 51 43 51 45 50 48 48
10 20 60 65 65 55 66 55 65 64 62 65
10 21 77 69 72 69 78 77 74 68 72 79
10 22 69 67 66 69 67 63 70 62 59 63
10 23 39 48 34 42 44 44 48 39 43 36
10 24 0 4 11 6 0 4 4 9 10 4
10 25 86 75 74 84 88 84 75 73 83 83
10 26 39 38 38 38 40 47 44 38 36 38
10 27 86 81 85 79 81 76 81 76 87 82
10 28 40 47 41 42 41 45 45 38 41 41
10 29 59 52 62 52 62 63 58 60 60 60
10 30 66 63 62 68 66 70 65 62 57 65
10 31 20 31 25 26 26 23 26 29 24 31
10 32 69 69 73 60 65 66 59 66 61 67
10 33 8 19 20 13 16 10 7 19 15 17
10 34 18 30 19 28 18 19 26 20 19 17
11 12 91 85 90 80 89 80 91 78 89 91
11 13 12 18 25 20 17 13 13 18 24 24
11 14 20 21 21 31 21 18 21 22 26 27
11 15 55 53 47 51 47 54 58 56 55 53
11 16 47 43 43 52 47 53 50 43 41 47
11 17 84 76 78 83 80 79 77 72 84 80
11 18 61 59 60 57 52 66 52 61 61 56
11 19 53 53 48 46 45 54 54 51 53 46
11 20 62 53 64 55 55 67 62 59 53 66
11 21 35 40 41 41 38 35 38 43 34 35
11 22 24 27 26 24 30 34 23 30 33 23
11 23 48 50 43 43 42 49 46 50 45 49
11 24 80 73 69 81 73 75 76 74 70 71
11 25 23 21 23 23 32 29 21 28 27 28
11 26 34 31 33 40 32 36 40 44 37 39
11 27 73 72 74 70 73 76 66 66 63 73
11 28 57 61 55 58 62 55 56 53 60 57
11 29 27 32 25 26 36 27 29 37 32 31
11 30 31 37 33 31 31 34 35 28 40 42
11 31 94 84 83 83 91 83 90 94 82 88
11 32 22 19 26 29 30 29 26 34 30 19
11 33 4 17 14 8 4 13 8 4 17 17
11 34 67 58 72 71 63 61 62 66 58 68
12 13 1 4 9 10 10 1 2 8 10 13
12 14 20 32 21 24 27 18 32 23 23 21
12 15 17 18 18 25 23 18 29 16 21 28
12 16 76 77 73 79 79 75 74 72 70 78
12 17 75 67 74 64 72 72 78 75 66 68
12 18 8 19 18 16 16 8 16 19 10 12
12 19 62 64 67 58 54 57 60 54 53 66
12 20 43 45 43 48 38 38 38 48 38 38
12 21 10 21 15 16 13 9 13 13 16 14
12 22 79 73 70 72 78 73 77 82 75 81
12 23 15 14 19 13 13 22 26 24 18 26
12 24 59 51 57 52 58 65 58 64 60 65
12 25 82 84 75 71 76 75 72 70 79 79
12 26 36 38 37 40 37 31 35 37 35 39
12 27 4 12 10 13 14 11 18 5 12 14
12 28 11 10 16 18 11 18 20 16 19 17
12 29 20 20 23 21 19 30 18 23 31 25
12 30 11 20 17 20 12 18 24 15 23 12
12 31 80 78 80 73 74 73 73 79 79 76
12 32 65 69 58 68 63 68 65 63 57 61
12 33 60 55 54 56 61 63 62 60 55 51
12 34 29 28 27 33 26 31 36 35 33 27
13 14 22 23 32 22 24 26 28 32 20 24
13 15 54 54 56 52 53 46 50 54 52 47
13 16 22 20 21 29 28 27 31 32 20 23
13 17 66 68 62 70 61 60 61 71 66 70
13 18 87 81 87 78 74 88 81 74 84 77
13 19 63 66 58 67 56 57 62 66 57 65
13 20 8 8 18 13 18 17 13 20 14 14
13 21 56 56 48 48 52 60 59 61 52 49
13 22 71 70 69 63 73 62 66 60 60 66
13 23 46 51 50 45 52 47 45 40 50 53
13 24 44 41 39 46 52 45 41 51 47 38
13 25 55 58 52 61 62 58 49 57 52 54
13 26 9 15 16 9 18 16 11 22 13 16
13 27 49 47 52 53 50 53 57 50 45 42
13 28 60 58 55 53 51 64 62 60 63 65
13 29 20 30 28 26 18 22 21 18 18 18
13 30 16 15 22 23 26 14 22 17 15 20
13 31 37 32 33 39 42 38 40 32 34 42
13 32 9 17 18 18 18 15 10 12 22 17
13 33 50 52 47 56 54 46 54 48 44 43
13 34 69 67 61 72 73 60 68 70 63 71
14 15 80 77 78 81 73 79 77 73 77 82
14 16 29 27 29 31 27 38 30 28 27 35
14 17 31 40 28 36 34 36 40 38 39 34
14 18 67 68 61 70 68 62 58 58 60 71
14 19 73 74 63 66 67 76 76 77 73 71
14 20 41 47 44 45 41 49 48 38 36 44
14 21 19 27 29 31 29 19 18 28 25 30
14 22 18 30 20 30 27 17 30 21 30 16
14 23 64 64 61 61 59 55 58 63 58 66
14 24 49 51 50 45 51 43 49 46 49 46
14 25 76 66 79 79 78 79 71 77 76 65
14 26 79 77 77 71 71 68 77 80 79 68
14 27 67 61 66 64 72 72 67 64 61 68
14 28 7 20 6 18 11 8 7 7 19 17
14 29 68 64 67 71 68 60 64 72 60 59
14 30 41 42 47 47 39 36 42 43 39 45
14 31 74 66 64 69 71 76 68 63 76 70
14 32 34 39 34 33 35 36 31 37 30 38
14 33 45 44 53 43 51 39 41 47 42 47
14 34 87 82 79 75 87 79 80 83 84 87
15 16 30 25 31 35 35 32 38 27 32 30
15 17 45 45 48 47 50 47 40 47 40 48
15 18 22 26 22 27 28 32 21 32 24 30
15 19 87 74 76 77 86 87 77 75 79 82
15 20 69 68 63 63 68 66 70 72 63 68
15 21 31 39 41 27 36 37 41 30 38 28
15 22 73 73 66 72 65 75 69 74 63 63
15 23 72 67 72 66 65 71 63 64 64 62
15 24 88 86 82 78 87 79 84 87 83 87
15 25 1 5 9 5 4 10 9 8 11 7
15 26 87 76 85 88 80 75 88 83 74 74
15 27 55 61 59 61 59 52 53 49 47 51
15 28 12 15 14 23 13 15 19 14 17 10
15 29 75 70 79 69 65 72 69 75 71 71
15 30 82 82 81 73 70 75 74 77 75 72
15 31 81 83 73 81 72 73 73 80 78 84
15 32 10 20 17 11 17 20 10 21 14 17
15 33 8 20 12 12 20 14 18 16 11 19
15 34 53 49 54 59 60 59 52 46 58 60
16 17 31 36 38 38 28 33 29 41 38 37
16 18 49 45 52 42 45 45 55 55 49 54
16 19 86 86 88 79 74 79 78 88 88 85
16 20 39 39 45 43 39 39 42 36 36 44
16 21 46 44 48 48 43 40 42 48 52 53
16 22 16 19 22 21 16 26 20 18 16 28
16 23 86 82 77 75 82 74 86 83 79 80
16 24 96 94 85 90 86 88 84 86 88 88
16 25 93 92 90 80 83 91 86 85 80 92
16 26 88 78 87 77 87 79 88 87 80 79
16 27 7 17 13 13 15 14 8 8 14 16
16 28 33 34 40 32 31 32 30 31 37 40
16 29 37 42 35 32 46 37 41 34 35 34
16 30 74 68 67 72 76 73 65 77 68 69
16 31 48 49 51 51 52 43 43 52 44 49
16 32 69 69 59 60 63 59 70 61 64 70
16 33 27 34 24 29 23 30 27 33 33 31
16 34 17 21 18 29 15 24 25 22 17 18
17 18 99 93 91 88 92 90 92 94 86 92
17 19 89 84 79 83 91 78 78 89 89 85
17 20 40 40 37 35 39 41 45 37 37 46
17 21 10 18 21 12 21 22 22 16 22 17
17 22 85 85 80 80 74 75 74 84 78 80
17 23 65 59 61 57 66 67 59 65 64 59
17 24 77 73 70 73 71 77 80 68 73 72
17 25 37 35 46 41 37 45 37 45 41 44
17 26 27 30 23 35 33 33 31 31 35 27
17 27 93 93 88 83 81 89 87 89 87 82
17 28 71 65 66 75 73 72 65 61 69 63
17 29 1 12 8 5 12 3 10 4 14 6
17 30 11 10 23 20 19 11 21 13 20 20
17 31 85 80 75 80 86 78 87 72 87 80
17 32 74 65 76 77 67 72 72 70 74 77
17 33 65 57 59 55 60 68 58 61 63 63
17 34 30 36 26 36 28 35 28 35 31 29
18 19 58 60 64 52 55 52 50 51 61 58
18 20 39 41 36 44 42 40 42 40 37 39
18 21 57 50 50 50 59 54 51 52 49 63
18 22 88 86 89 79 84 84 78 81 79 86
18 23 10 10 22 11 9 19 20 18 11 9
18 24 65 69 58 66 62 58 55 60 70 70
18 25 22 22 22 23 22 26 31 24 19 19
18 26 68 58 68 69 63 71 70 71 63 60
18 27 16 26 21 24 28 21 20 27 19 28
18 28 17 19 21 26 20 29 15 17 26 26
18 29 82 84 70 72 73 82 79 83 72 83
18 30 73 66 63 71 65 65 65 69 73 69
18 31 33 37 35 39 32 32 43 31 39 30
18 32 88 85 87 75 79 89 88 86 86 81
18 33 39 38 37 44 47 39 35 41 45 42
18 34 31 30 27 29 35 32 29 39 35 33
19 20 20 25 27 23 25 20 24 19 18 17
19 21 36 36 34 40 34 37 42 44 39 37
19 22 65 56 68 64 65 67 59 59 66 59
19 23 72 75 74 64 72 69 65 64 71 76
19 24 76 72 71 70 78 72 68 73 66 79
19 25 30 39 29 40 33 28 33 33 37 39
19 26 13 22 23 16 21 17 15 17 14 13
19 27 76 64 75 78 69 72 68 67 65 72
19 28 62 61 62 53 58 60 57 52 53 55
19 29 33 36 31 30 38 41 37 32 36 43
19 30 60 63 61 59 63 56 56 61 60 61
19 31 24 29 33 23 31 28 25 28 34 27
19 32 0 8 1 14 8 7 10 2 14 7
19 33 95 94 82 92 87 94 87 86 88 86
19 34 24 31 24 24 29 29 31 22 31 35
20 21 22 27 30 24 31 32 31 23 28 30
20 22 46 54 44 48 52 45 53 52 53 47
20 23 75 68 67 73 64 69 79 69 65 77
20 24 2 7 9 4 4 14 11 8 3 17
20 25 90 80 80 89 84 89 80 85 84 81
20 26 81 83 71 71 69 77 73 73 70 79
20 27 81 69 83 72 78 77 79 81 81 72
20 28 50 48 55 44 47 49 47 54 49 47
20 29 99 99 99 91 91 95 90 99 92 96
20 30 21 24 21 29 22 24 29 29 28 19
20 31 4 15 15 16 16 10 3 7 14 4
20 32 52 49 51 52 47 55 47 44 52 45
20 33 53 57 59 55 45 49 55 54 59 53
20 34 49 54 48 51 52 41 42 43 53 56
21 22 0 13 6 9 5 11 12 8 5 14
21 23 44 43 45 45 49 43 40 43 39 47
21 24 9 18 16 20 11 9 19 10 10 14
21 25 45 40 52 43 49 42 47 45 43 49
21 26 67 60 64 65 64 69 64 58 69 64
21 27 66 62 66 67 63 59 61 63 67 71
21 28 15 24 26 17 17 14 14 15 14 18
21 29 26 29 23 28 27 31 24 23 26 22
21 30 1 8 5 6 14 11 6 10 6 6
21 31 24 21 26 30 28 25 33 35 34 22
21 32 96 96 94 82 86 86 86 94 84 91
21 33 62 67 58 62 59 53 67 66 60 58
21 34 83 81 79 73 84 78 85 85 82 80
22 23 64 59 66 69 66 59 56 60 55 68
22 24 61 61 53 53 59 58 59 65 56 64
22 25 82 73 74 84 80 82 73 79 79 77
22 26 6 16 6 13 14 9 15 10 16 17
22 27 12 14 20 20 10 18 12 21 14 16
22 28 98 85 91 94 96 98 91 85 87 92
22 29 11 10 12 23 21 15 14 13 13 14
22 30 87 83 77 74 79 76 85 77 88 86
22 31 3 3 5 4 9 5 9 5 6 17
22 32 62 63 53 55 64 65 65 59 60 65
22 33 12 11 23 23 17 21 12 15 11 11
22 34 37 35 32 35 39 42 44 43 44 40
23 24 6 10 17 9 13 13 7 16 6 11
23 25 88 77 84 84 89 80 76 81 79 76
23 26 38 38 36 37 43 43 39 37 42 44
23 27 4 6 7 12 3 17 11 17 5 17
23 28 58 56 62 58 62 62 60 51 62 57
23 29 25 24 29 32 31 24 34 31 26 36
23 30 38 42 43 42 36 36 40 42 46 35
23 31 68 59 62 58 62 68 60 70 58 65
23 32 18 16 18 19 21 28 15 17 19 21
23 33 21 29 25 18 25 26 26 19 30 23
23 34 36 43 45 38 33 45 33 35 42 40
24 25 19 24 28 21 23 26 25 30 22 27
24 26 68 66 66 65 65 64 60 69 62 63
24 27 5 13 12 17 5 14 16 8 15 13
24 28 2 3 3 16 5 16 5 10 14 14
24 29 64 57 69 59 60 56 69 61 69 61
24 30 27 35 23 23 31 36 33 28 32 25
24 31 76 67 70 77 66 65 72 69 72 74
24 32 17 15 19 20 27 23 20 22 23 26
24 33 49 51 49 53 53 56 43 43 55 55
24 34 56 52 54 50 59 61 58 58 56 53
25 26 58 50 56 58 59 58 61 52 56 57
25 27 27 38 23 30 29 30 37 34 35 27
25 28 48 45 44 45 46 44 42 46 45 49
25 29 91 87 87 88 89 91 82 82 79 89
25 30 6 12 13 11 6 20 18 14 12 14
25 31 74 69 75 65 65 73 74 67 63 74
25 32 28 30 30 38 27 27 37 25 38 24
25 33 92 88 83 84 84 85 81 79 81 91
25 34 93 91 87 93 91 89 81 93 94 85
26 27 71 64 72 69 73 69 73 67 72 68
26 28 51 58 56 47 46 55 52 54 52 52
26 29 67 71 69 61 57 62 68 65 65 57
26 30 70 70 69 62 71 68 71 62 61 60
26 31 61 52 63 61 59 62 60 57 60 67
26 32 78 67 72 75 80 72 78 79 72 68
26 33 82 78 79 85 80 81 84 79 77 84
26 34 84 85 77 84 78 80 84 72 74 86
27 28 13 19 24 15 14 23 16 16 21 20
27 29 19 23 29 18 30 28 20 17 30 28
27 30 81 69 82 79 81 76 83 76 72 76
27 31 6 15 8 8 19 11 11 10 16 14
27 32 59 65 56 61 59 57 57 61 63 61
27 33 17 28 19 23 16 26 21 29 21 24
27 34 33 37 28 39 35 41 33 33 33 29
28 29 14 16 21 23 17 13 26 26 24 13
28 30 9 22 21 20 8 19 14 17 23 17
28 31 10 22 10 11 8 22 19 10 22 9
28 32 85 73 85 80 86 85 81 74 85 75
28 33 22 19 28 25 30 19 33 28 29 28
28 34 22 28 28 32 23 30 22 25 28 21
29 30 26 23 31 36 23 23 25 27 27 30
29 31 32 37 31 28 30 34 32 35 36 38
29 32 81 71 72 71 71 82 79 78 74 76
29 33 95 87 88 81 81 94 95 89 80 85
29 34 95 85 81 84 82 85 96 88 90 82
30 31 35 30 44 33 32 33 33 34 32 31
30 32 93 80 85 82 92 91 87 90 86 93
30 33 7 17 15 16 12 7 7 6 15 20
30 34 27 35 29 30 29 29 29 26 34 30
31 32 11 17 10 24 14 21 14 11 14 19
31 33 96 92 85 86 91 85 89 91 91 90
31 34 4 12 6 5 17 18 10 14 12 5
32 33 25 34 31 31 23 23 25 36 22 36
32 34 41 42 39 49 44 36 39 47 41 46
33 34 72 76 70 63 73 73 71 73 71 65
