50 10
0.8 0 0 0 0 0 0 0 0 0.2
0 1 20 29 25 20 30 19 27 29 21 25
0 2 11 10 17 15 20 20 12 21 23 13
0 3 15 16 15 26 14 23 23 13 24 17
0 4 21 19 23 23 29 31 24 30 33 31
0 5 37 31 43 40 34 34 45 45 42 32
0 6 32 28 27 32 36 37 40 42 32 39
0 7 4 12 17 17 16 12 16 14 11 11
0 8 67 67 69 59 60 70 65 66 61 70
0 9 11 15 12 14 20 21 17 9 17 22
0 10 63 54 65 61 54 59 64 67 67 60
0 11 84 75 74 85 74 74 82 81 84 73
0 12 45 47 52 39 42 48 41 47 47 40
0 13 91 80 91 90 78 88 91 78 89 87
0 14 24 27 34 29 23 22 30 28 29 24
0 15 17 30 26 20 20 21 22 28 21 28
0 16 13 18 13 18 17 13 16 13 20 17
0 17 72 76 64 67 65 62 64 66 75 64
0 18 60 64 64 58 59 57 65 57 53 60
0 19 13 23 11 16 24 18 13 20 13 17
0 20 19 26 19 21 25 24 22 24 18 20
0 21 8 9 11 13 11 7 14 7 14 9
0 22 92 91 91 91 84 84 81 83 90 79
0 23 30 38 38 28 40 28 28 30 26 31
0 24 69 71 68 66 60 67 59 69 73 73
0 25 34 33 32 35 32 39 42 32 44 32
0 26 41 40 39 37 38 37 35 49 41 44
0 27 9 17 20 16 11 16 11 12 13 9
0 28 94 91 83 87 85 93 90 82 89 94
0 29 40 49 46 39 39 36 38 37 37 44
0 30 30 29 27 36 38 36 33 29 35 40
0 31 23 23 31 34 25 27 20 27 25 30
0 32 77 73 75 80 69 77 76 66 76 75
0 33 54 47 48 46 48 59 60 52 58 46
0 34 38 41 39 46 46 39 46 47 40 43
0 35 82 81 81 78 81 83 77 73 83 70
0 36 80 73 68 77 71 71 74 72 71 82
0 37 15 16 26 24 14 18 14 21 21 19
0 38 95 92 92 92 92 94 90 96 95 84
0 39 15 26 23 26 17 24 15 19 16 26
0 40 53 46 46 49 53 56 55 55 56 48
0 41 83 75 78 75 81 79 73 78 81 79
0 42 30 36 40 41 28 31 31 29 39 34
0 43 3 11 12 16 14 12 6 11 12 7
0 44 53 46 47 57 59 60 55 59 55 55
0 45 53 48 47 51 47 57 45 45 52 50
0 46 33 31 42 38 32 34 34 39 43 34
0 47 77 78 71 79 70 70 74 71 75 79
0 48 99 95 87 88 97 87 90 95 91 95
0 49 47 49 46 51 53 53 42 48 46 51
1 2 14 13 17 15 26 26 18 24 15 25
1 3 18 26 25 27 23 21 16 26 23 21
1 4 82 77 72 78 80 77 70 80 69 73
1 5 40 43 40 44 36 42 42 34 48 49
1 6 7 8 19 7 8 20 15 17 8 12
1 7 25 31 30 23 25 25 23 27 22 24
1 8 8 11 8 10 17 8 17 7 16 17
1 9 40 49 44 48 44 39 47 39 37 43
1 10 84 77 74 75 76 72 77 74 80 85
1 11 55 58 59 48 47 59 56 51 58 57
1 12 7 12 12 20 10 12 18 20 17 15
1 13 36 34 39 38 44 42 33 35 39 34
1 14 0 11 13 7 11 13 14 5 1 0
1 15 31 30 36 40 40 39 41 41 40 35
1 16 46 51 44 40 43 40 47 53 48 41
1 17 88 87 80 77 88 85 90 79 81 83
1 18 73 64 75 74 75 65 74 71 77 76
1 19 21 23 23 28 28 30 23 23 31 22
1 20 36 38 36 33 32 39 32 44 44 44
1 21 49 51 49 48 52 46 47 56 53 56
1 22 98 87 97 87 86 85 98 85 89 90
1 23 56 55 60 57 50 54 61 57 53 51
1 24 97 83 84 90 84 96 83 90 87 90
1 25 91 91 89 81 81 88 91 91 81 80
1 26 2 16 12 5 4 15 15 4 12 6
1 27 27 29 26 28 35 32 24 30 24 28
1 28 30 35 36 40 40 34 38 29 29 28
1 29 12 22 15 24 16 15 18 11 15 10
1 30 38 42 37 43 38 44 41 43 41 38
1 31 68 65 72 66 66 72 72 69 63 65
1 32 24 27 31 32 33 35 24 21 29 33
1 33 10 14 14 16 22 15 20 9 18 9
1 34 25 23 23 25 34 23 34 35 27 22
1 35 98 90 97 98 91 98 87 85 88 92
1 36 12 23 16 23 15 16 24 16 17 25
1 37 77 75 73 71 70 68 66 76 69 70
1 38 58 55 55 64 58 54 52 60 61 52
1 39 25 32 28 26 29 27 33 23 33 27
1 40 2 10 7 16 10 15 14 12 12 2
1 41 78 80 76 75 79 74 67 74 77 72
1 42 14 23 25 17 24 13 16 24 12 24
1 43 10 12 22 19 21 20 9 13 15 18
1 44 30 39 41 28 39 28 27 40 31 36
1 45 99 90 98 92 91 85 96 93 93 89
1 46 75 71 75 64 77 77 72 74 66 76
1 47 3 3 16 10 8 7 3 5 10 8
1 48 56 58 52 57 57 53 55 48 60 47
1 49 64 63 63 58 57 59 62 64 61 56
2 3 86 87 80 81 75 84 78 88 83 87
2 4 24 30 23 26 20 22 29 32 34 30
2 5 81 77 69 74 70 76 83 69 74 82
2 6 22 25 28 32 21 27 23 26 24 26
2 7 9 20 21 8 17 13 11 16 22 14
2 8 73 75 70 68 75 65 73 74 74 65
2 9 40 47 46 44 46 40 41 37 44 43
2 10 47 43 50 54 42 46 41 47 45 41
2 11 9 17 11 11 17 21 12 15 11 18
2 12 48 43 50 51 48 45 54 49 41 43
2 13 10 10 15 15 22 19 18 22 20 18
2 14 74 71 72 66 70 65 75 75 74 65
2 15 69 62 71 63 71 72 70 66 69 69
2 16 83 85 83 85 79 78 79 74 80 74
2 17 81 73 69 83 82 83 78 75 80 82
2 18 66 62 71 61 59 69 67 59 68 64
2 19 47 44 43 48 51 44 46 52 44 49
2 20 85 73 80 79 84 77 79 80 77 83
2 21 6 12 9 12 14 12 9 15 6 5
2 22 44 41 52 48 45 40 51 40 42 41
2 23 36 38 43 37 40 44 41 44 39 34
2 24 1 5 8 13 3 4 6 11 10 2
2 25 22 32 24 27 24 23 25 24 33 30
2 26 51 47 55 45 46 45 49 48 43 52
2 27 96 92 93 87 93 93 84 92 93 92
2 28 59 56 60 58 62 58 51 60 60 62
2 29 25 34 32 23 29 26 21 22 32 30
2 30 15 18 15 27 17 14 17 14 14 20
2 31 74 73 76 68 75 64 78 71 69 70
2 32 16 19 27 24 14 16 28 24 27 23
2 33 34 29 34 31 35 31 36 33 35 33
2 34 77 69 72 77 75 71 68 76 66 76
2 35 24 31 23 25 32 30 25 32 32 25
2 36 98 96 95 84 92 87 84 98 96 89
2 37 88 76 82 86 75 86 75 82 84 82
2 38 39 46 42 34 37 37 37 37 45 42
2 39 11 19 10 19 20 20 17 16 16 11
2 40 23 23 26 29 32 28 19 28 21 20
2 41 78 70 73 72 71 81 70 79 72 69
2 42 82 74 74 83 77 78 75 81 72 83
2 43 99 91 96 90 92 91 95 90 90 91
2 44 88 77 88 78 87 80 79 78 80 78
2 45 66 63 57 60 71 69 68 70 67 63
2 46 65 66 57 67 61 66 58 69 67 56
2 47 58 62 59 50 51 50 50 58 58 60
2 48 41 39 50 47 39 45 48 42 49 49
2 49 3 9 5 8 17 3 16 16 9 8
3 4 95 85 83 82 88 81 83 87 83 95
3 5 62 57 55 54 53 63 54 64 64 54
3 6 16 17 15 21 28 20 18 23 21 26
3 7 56 60 50 60 51 49 57 62 56 58
3 8 6 10 12 7 17 6 10 5 18 6
3 9 94 80 84 86 92 84 90 90 82 85
3 10 98 84 97 90 94 88 85 92 85 86
3 11 97 97 92 98 97 86 95 89 90 94
3 12 88 85 75 78 77 88 80 85 83 77
3 13 64 60 69 60 65 59 61 63 63 62
3 14 39 38 38 34 42 42 36 39 35 42
3 15 85 83 81 83 78 85 79 83 87 87
3 16 56 48 54 60 53 52 52 62 55 56
3 17 44 50 52 39 39 42 48 40 51 38
3 18 9 19 15 13 12 10 9 14 19 9
3 19 86 75 77 88 78 85 87 75 79 76
3 20 31 41 37 30 28 38 40 36 28 34
3 21 4 17 10 16 18 8 9 6 17 17
3 22 48 54 42 45 54 52 46 54 45 52
3 23 24 24 20 21 20 20 26 23 20 32
3 24 9 9 15 16 9 16 21 9 12 14
3 25 98 98 88 90 94 93 92 85 95 98
3 26 22 29 28 32 28 22 28 23 23 28
3 27 37 36 33 39 36 34 33 44 34 32
3 28 67 66 61 67 70 67 64 62 65 58
3 29 73 66 64 75 67 62 70 73 66 74
3 30 26 27 25 24 29 29 26 27 28 24
3 31 52 50 52 55 45 47 53 45 59 56
3 32 7 11 11 18 8 15 16 7 13 16
3 33 70 68 71 71 67 61 72 74 64 70
3 34 4 13 9 12 7 8 4 18 12 4
3 35 60 62 51 61 59 64 65 52 53 57
3 36 85 84 75 74 86 73 84 79 78 82
3 37 22 26 34 30 20 25 27 31 32 25
3 38 46 47 50 41 44 39 48 51 43 52
3 39 25 29 26 24 33 29 22 24 27 29
3 40 83 78 79 80 74 79 78 81 85 77
3 41 87 77 76 87 87 76 75 88 78 88
3 42 22 21 26 33 28 34 31 20 32 28
3 43 21 27 32 27 30 25 19 27 32 24
3 44 30 26 29 35 32 28 30 29 38 36
3 45 53 52 47 55 51 45 56 50 49 52
3 46 76 71 71 73 66 74 75 75 74 71
3 47 25 31 35 27 24 29 32 22 28 28
3 48 78 67 77 70 72 74 74 68 78 70
3 49 72 70 75 74 73 69 65 65 74 69
4 5 46 40 43 45 47 53 43 40 40 41
4 6 46 43 42 41 50 46 40 50 42 51
4 7 90 86 77 91 89 86 86 78 91 81
4 8 16 15 15 24 22 24 15 27 16 26
4 9 35 35 34 32 40 38 44 33 38 41
4 10 15 18 27 22 27 28 22 27 18 25
4 11 62 62 56 53 62 64 59 53 55 53
4 12 40 35 38 44 48 35 43 47 40 35
4 13 43 50 49 49 38 51 37 48 40 48
4 14 82 79 76 75 80 83 84 75 71 81
4 15 51 51 56 47 49 50 45 51 45 55
4 16 68 64 63 62 59 72 71 61 59 60
4 17 16 25 25 27 26 20 19 19 18 23
4 18 9 11 10 16 11 11 14 19 21 16
4 19 38 45 46 36 34 43 41 44 41 37
4 20 26 32 28 30 24 24 32 25 37 27
4 21 9 18 12 14 9 10 10 11 15 19
4 22 91 82 90 78 82 92 93 88 89 80
4 23 38 32 33 45 40 42 34 33 45 37
4 24 4 9 3 10 5 9 11 13 17 5
4 25 24 32 24 22 22 28 24 30 28 24
4 26 32 33 38 31 35 41 38 38 37 41
4 27 71 65 73 62 70 72 69 75 70 69
4 28 11 20 15 23 16 22 23 19 17 14
4 29 1 7 7 10 10 6 12 3 15 11
4 30 60 55 53 54 64 57 63 62 64 57
4 31 1 12 4 1 4 0 11 9 12 9
4 32 61 53 56 56 62 53 60 60 63 55
4 33 75 74 74 76 74 78 77 69 75 78
4 34 30 34 28 32 27 32 36 29 35 39
4 35 80 82 77 69 74 77 71 74 75 81
4 36 1 5 5 1 1 6 8 4 6 12
4 37 78 68 76 70 81 79 77 72 76 78
4 38 38 34 35 45 35 42 45 47 34 41
4 39 15 25 13 27 15 21 25 22 15 28
4 40 80 69 68 71 77 68 72 69 75 76
4 41 10 19 16 14 19 19 10 15 9 14
4 42 74 74 72 77 72 71 64 64 76 67
4 43 95 85 84 86 89 92 89 82 84 93
4 44 64 65 58 64 58 61 61 58 68 56
4 45 64 62 63 58 69 68 57 69 61 68
4 46 44 39 50 51 44 51 48 51 50 45
4 47 60 58 60 60 60 56 52 54 53 61
4 48 84 71 76 80 85 78 76 86 78 72
4 49 15 17 27 16 16 21 21 14 21 13
5 6 41 47 36 40 48 38 47 43 46 47
5 7 12 24 22 17 23 14 13 19 16 22
5 8 4 18 15 10 6 17 5 10 12 12
5 9 47 50 50 44 49 41 42 42 45 51
5 10 90 85 83 82 83 81 89 79 88 83
5 11 24 33 32 21 34 32 27 31 32 21
5 12 83 80 83 76 84 71 77 83 79 77
5 13 50 52 49 46 51 51 50 53 47 47
5 14 74 73 71 68 66 77 70 64 78 76
5 15 60 52 62 55 59 60 64 52 61 63
5 16 98 90 86 95 89 97 91 84 86 89
5 17 44 46 40 38 46 38 43 37 47 41
5 18 88 89 79 89 77 80 89 81 82 86
5 19 57 61 63 55 50 57 60 58 56 56
5 20 43 48 48 43 43 49 50 45 38 41
5 21 73 70 68 67 65 66 75 71 64 64
5 22 45 52 47 38 52 42 50 48 50 51
5 23 91 92 85 88 87 77 79 78 77 91
5 24 36 33 43 39 41 45 42 37 34 41
5 25 82 82 78 73 76 81 84 73 82 83
5 26 70 64 66 67 60 60 70 67 67 62
5 27 90 82 87 82 89 79 88 84 78 82
5 28 93 81 89 80 88 81 80 87 81 88
5 29 64 63 66 55 68 57 57 67 63 64
5 30 48 49 41 51 49 51 54 52 55 55
5 31 59 62 65 50 63 55 61 56 56 59
5 32 28 33 36 31 30 28 36 36 34 37
5 33 98 84 87 86 92 85 90 96 85 85
5 34 96 83 96 84 91 87 89 97 87 90
5 35 98 84 97 98 84 88 85 87 90 85
5 36 58 50 58 51 54 60 57 54 50 63
5 37 38 44 34 34 38 39 44 47 44 41
5 38 64 60 65 61 61 62 65 66 63 55
5 39 47 42 49 41 43 41 48 48 44 51
5 40 17 18 24 18 14 18 23 27 16 16
5 41 91 86 81 91 80 79 81 81 82 83
5 42 9 22 17 13 22 22 22 8 13 10
5 43 70 74 61 71 67 63 74 69 66 61
5 44 17 15 28 28 17 14 27 21 26 16
5 45 83 83 85 75 79 75 84 84 82 72
5 46 22 20 23 34 32 25 29 25 21 25
5 47 80 69 81 82 72 74 79 83 82 81
5 48 55 52 48 58 50 60 48 59 57 55
5 49 92 83 81 90 91 84 86 91 89 87
6 7 56 58 49 62 58 52 56 49 59 49
6 8 10 19 10 9 13 15 8 9 9 14
6 9 20 27 17 21 18 21 31 23 20 26
6 10 16 26 25 23 14 25 23 17 20 23
6 11 89 81 89 84 87 78 90 80 82 86
6 12 51 55 52 49 46 57 49 53 55 45
6 13 51 47 45 56 55 52 48 53 50 56
6 14 80 75 82 78 69 80 71 75 78 78
6 15 42 44 48 38 50 41 39 47 50 47
6 16 12 14 16 20 22 23 18 16 20 16
6 17 39 48 39 45 45 45 46 46 36 34
6 18 85 84 83 81 82 82 74 83 80 79
6 19 85 74 86 86 79 78 77 83 80 87
6 20 59 60 64 52 62 59 61 62 62 64
6 21 22 24 25 27 23 32 20 32 19 24
6 22 27 23 26 27 25 32 33 37 35 30
6 23 25 30 27 30 25 30 31 23 32 31
6 24 60 55 62 55 63 65 61 52 57 55
6 25 22 29 24 24 22 22 24 28 25 30
6 26 49 44 52 51 51 48 45 49 42 48
6 27 6 19 11 11 15 17 17 8 6 10
6 28 9 10 11 22 16 18 22 14 15 11
6 29 53 47 57 57 49 47 56 49 51 57
6 30 80 78 76 75 80 78 79 83 71 73
6 31 61 63 66 66 54 59 66 63 66 60
6 32 4 10 7 14 15 11 15 13 4 17
6 33 30 40 34 34 40 36 34 35 30 33
6 34 98 98 88 91 93 97 88 90 83 97
6 35 66 70 56 57 68 61 62 68 65 61
6 36 82 75 83 73 75 72 75 79 73 79
6 37 85 76 83 79 72 81 79 75 76 76
6 38 19 25 30 28 18 26 24 27 20 26
6 39 56 51 56 52 52 55 47 48 59 58
6 40 63 66 54 68 68 64 69 66 65 62
6 41 32 28 38 36 41 40 32 28 40 36
6 42 1 4 12 3 10 7 4 10 7 10
6 43 43 37 45 50 49 50 40 40 50 48
6 44 86 87 77 87 78 87 83 77 74 82
6 45 2 4 5 9 2 16 4 12 14 13
6 46 41 39 48 49 40 44 48 43 44 47
6 47 24 24 34 25 34 21 31 21 34 32
6 48 9 18 18 15 9 10 20 22 10 16
6 49 92 84 88 93 84 79 79 87 86 83
7 8 58 52 62 59 58 61 50 54 62 63
7 9 86 85 87 83 74 84 81 74 78 85
7 10 77 78 70 67 70 79 71 67 66 77
7 11 2 2 11 9 5 8 10 3 15 7
7 12 62 55 59 57 59 63 63 64 67 53
7 13 97 92 92 87 84 85 97 84 85 95
7 14 65 63 67 68 61 58 58 60 63 64
7 15 19 20 19 26 28 25 18 25 28 20
7 16 66 63 70 64 61 57 61 56 64 60
7 17 36 42 38 34 45 32 45 42 42 41
7 18 76 76 73 71 79 74 76 79 72 66
7 19 28 32 35 37 33 31 31 32 27 39
7 20 66 62 61 56 71 68 66 58 64 62
7 21 96 85 84 85 86 93 95 93 82 94
7 22 20 30 17 22 21 20 22 23 24 31
7 23 76 79 75 78 76 70 78 79 68 79
7 24 31 37 33 31 34 35 32 41 29 37
7 25 64 62 59 66 65 59 60 57 63 58
7 26 47 47 44 40 53 47 49 46 42 52
7 27 11 12 23 20 18 24 17 22 22 21
7 28 3 11 16 8 14 10 10 16 11 9
7 29 69 61 60 73 68 69 61 73 66 73
7 30 6 5 13 8 7 7 9 9 9 5
7 31 93 91 88 83 94 91 91 93 83 88
7 32 40 35 40 48 39 37 44 48 44 41
7 33 42 38 43 46 43 49 41 44 38 46
7 34 30 28 32 33 38 32 28 29 34 34
7 35 8 14 14 12 20 19 16 7 8 12
7 36 80 71 78 74 81 81 78 68 80 71
7 37 81 73 78 77 82 83 71 80 83 81
7 38 76 64 68 72 67 77 75 68 72 71
7 39 13 18 20 23 16 23 16 19 24 12
7 40 19 20 22 18 30 17 30 24 22 28
7 41 91 86 87 80 83 78 80 89 86 86
7 42 78 81 70 69 79 71 79 69 81 68
7 43 43 46 47 46 46 48 42 47 40 47
7 44 0 9 4 7 8 9 4 7 7 7
7 45 13 15 12 13 14 14 17 20 17 23
7 46 21 21 19 33 31 19 24 28 19 21
7 47 21 20 22 22 22 20 32 30 21 27
7 48 50 52 51 53 48 53 54 55 47 56
7 49 2 13 17 6 5 11 13 9 14 11
8 9 17 17 16 17 19 15 29 27 16 22
8 10 37 40 37 39 36 34 46 41 38 38
8 11 43 44 50 44 49 40 45 50 42 50
8 12 46 51 43 42 47 54 48 48 43 50
8 13 10 18 11 11 18 9 13 10 14 17
8 14 98 97 94 95 88 98 93 92 87 95
8 15 90 81 85 88 83 83 78 83 77 81
8 16 65 59 60 60 68 65 57 67 66 64
8 17 31 41 28 27 38 33 37 31 34 37
8 18 64 64 69 64 58 68 61 57 61 59
8 19 5 13 6 6 7 9 9 15 10 7
8 20 74 67 75 77 70 66 70 75 68 77
8 21 45 41 46 46 42 53 46 51 41 42
8 22 87 78 77 89 76 85 87 79 85 86
8 23 92 92 85 92 82 79 88 88 80 80
8 24 89 75 82 88 84 77 83 88 78 88
8 25 37 39 32 36 38 38 46 32 44 32
8 26 1 8 4 11 2 2 6 13 2 1
8 27 10 9 16 10 15 12 20 17 9 12
8 28 27 26 35 31 27 28 30 34 35 31
8 29 54 57 58 56 51 59 48 56 56 46
8 30 71 74 70 64 67 65 72 72 71 69
8 31 26 34 24 22 30 26 30 35 34 25
8 32 50 56 55 55 49 57 46 56 46 54
8 33 61 66 52 62 60 62 63 63 64 66
8 34 83 79 80 74 79 77 83 82 80 78
8 35 93 94 84 86 92 93 90 82 85 81
8 36 32 41 35 40 37 34 28 37 35 34
8 37 97 84 83 85 87 84 91 91 89 87
8 38 72 66 70 72 71 65 64 66 63 61
8 39 28 37 30 33 27 37 30 29 31 35
8 40 66 63 67 57 57 60 69 68 67 64
8 41 62 65 59 59 54 60 54 58 64 55
8 42 42 42 40 44 49 47 45 47 37 49
8 43 17 14 19 20 27 23 20 25 19 23
8 44 33 41 35 31 30 28 32 39 33 42
8 45 85 74 77 72 86 81 75 73 76 80
8 46 13 15 25 17 23 23 20 16 18 15
8 47 86 85 81 76 86 86 79 82 78 77
8 48 66 57 61 56 60 59 70 59 58 68
8 49 67 69 68 70 64 72 70 67 64 65
9 10 64 62 69 69 68 59 59 62 66 57
9 11 30 38 36 34 36 35 27 30 33 34
9 12 59 52 62 65 51 54 52 59 64 57
9 13 54 56 51 47 52 53 58 53 60 58
9 14 42 43 48 45 50 45 48 46 40 45
9 15 21 23 26 29 22 23 20 33 33 32
9 16 77 80 79 74 66 67 65 69 67 67
9 17 86 80 75 76 77 77 83 79 81 76
9 18 25 26 22 34 25 33 27 27 35 36
9 19 50 47 56 49 50 44 47 43 48 51
9 20 52 48 59 54 52 54 47 48 55 46
9 21 47 54 54 42 54 46 44 51 54 53
9 22 7 20 11 14 15 21 13 20 13 6
9 23 95 81 88 81 88 82 81 83 84 90
9 24 34 29 38 40 38 38 32 37 33 41
9 25 0 4 4 0 2 10 14 14 7 12
9 26 11 15 15 22 13 10 18 20 10 9
9 27 99 95 88 91 95 93 90 88 94 95
9 28 67 60 59 64 59 65 57 65 63 67
9 29 59 62 59 50 54 52 58 54 59 63
9 30 37 34 34 37 33 37 46 32 41 33
9 31 90 83 85 85 79 78 89 77 82 82
9 32 12 23 14 13 15 11 11 16 17 13
9 33 73 76 66 71 64 63 64 73 65 74
9 34 84 84 84 72 80 82 72 85 72 75
9 35 28 31 38 30 26 26 35 33 32 33
9 36 18 20 23 22 26 25 25 23 21 19
9 37 78 72 81 67 74 66 72 79 73 80
9 38 99 85 94 87 88 90 96 89 87 91
9 39 71 69 71 74 69 68 61 68 62 62
9 40 22 30 21 19 28 19 25 24 31 32
9 41 82 72 77 75 72 75 81 85 73 83
9 42 59 60 53 63 61 52 59 50 63 61
9 43 84 74 73 79 73 73 77 86 74 83
9 44 53 59 55 59 53 46 56 51 60 48
9 45 70 69 61 62 64 66 61 61 62 73
9 46 90 81 81 84 87 78 79 82 88 78
9 47 18 30 22 19 18 18 15 16 30 16
9 48 49 56 50 48 44 50 43 46 47 55
9 49 15 26 22 22 24 26 26 19 13 19
10 11 23 34 27 31 20 22 27 23 21 26
10 12 96 92 90 94 91 88 83 87 93 94
10 13 12 22 12 21 21 22 20 10 21 13
10 14 79 73 81 78 74 73 76 73 74 78
10 15 37 44 45 40 32 39 35 44 37 45
10 16 32 41 32 29 35 32 37 33 39 32
10 17 40 42 35 48 35 40 44 45 43 47
10 18 85 85 81 80 79 76 80 85 85 82
10 19 17 24 27 24 18 27 24 29 19 17
10 20 69 69 72 65 72 61 59 64 70 70
10 21 64 69 68 67 55 67 67 70 67 63
10 22 5 18 14 15 12 16 8 8 5 8
10 23 67 61 68 67 65 59 72 57 66 64
10 24 82 84 79 73 80 82 78 73 70 82
10 25 40 46 35 40 41 46 44 40 37 43
10 26 48 44 48 54 50 50 48 44 54 45
10 27 60 65 61 62 52 56 63 54 54 55
10 28 21 25 21 28 22 24 31 20 31 28
10 29 22 30 20 19 26 32 32 31 33 30
10 30 4 15 18 15 12 6 14 11 9 18
10 31 59 54 63 63 61 57 63 62 59 61
10 32 92 91 90 86 86 80 92 83 81 93
10 33 95 84 88 87 87 92 91 90 81 81
10 34 47 46 49 48 46 46 42 43 50 55
10 35 95 86 84 95 92 96 91 83 92 83
10 36 6 16 18 9 5 11 18 14 8 13
10 37 31 27 42 39 40 32 35 41 28 27
10 38 19 29 24 20 17 21 20 30 17 26
10 39 47 51 43 42 47 42 41 42 48 43
10 40 43 39 44 39 49 42 37 47 38 41
10 41 34 36 36 36 36 35 32 33 38 30
10 42 19 25 25 19 18 18 18 25 30 17
10 43 63 67 67 54 56 65 63 66 68 63
10 44 63 66 55 59 63 61 55 68 60 58
10 45 20 21 28 21 28 17 25 21 22 19
10 46 28 25 29 26 38 36 38 26 32 30
10 47 25 25 34 35 29 29 26 25 26 26
10 48 64 62 60 55 57 59 60 60 69 64
10 49 10 14 20 14 13 16 19 10 15 20
11 12 94 84 80 83 89 87 83 82 84 87
11 13 50 56 55 54 45 49 47 46 47 53
11 14 66 70 63 59 61 61 68 63 57 68
11 15 37 39 46 39 41 32 38 43 44 43
11 16 52 56 47 51 54 45 55 59 46 52
11 17 31 30 31 40 30 27 34 30 41 33
11 18 71 67 74 71 63 67 71 67 70 64
11 19 21 25 23 28 33 21 24 27 28 26
11 20 8 13 15 13 12 15 9 22 9 12
11 21 56 60 55 61 52 56 56 61 59 51
11 22 72 69 64 68 73 73 66 65 74 70
11 23 3 12 8 6 17 6 4 14 18 15
11 24 60 62 64 65 61 63 63 65 54 55
11 25 70 62 72 62 67 72 68 65 63 69
11 26 75 78 71 66 74 69 78 68 68 66
11 27 74 73 75 70 64 70 72 70 75 69
11 28 55 57 47 50 58 52 49 58 48 55
11 29 65 67 55 61 65 57 65 56 68 57
11 30 13 14 19 15 22 23 26 17 22 13
11 31 38 43 46 34 33 33 46 42 34 45
11 32 37 32 44 42 41 45 37 42 45 40
11 33 49 43 55 48 44 43 51 50 44 44
11 34 54 50 51 49 46 54 47 47 53 51
11 35 10 17 14 10 11 17 8 11 10 9
11 36 56 56 52 61 57 51 48 50 61 51
11 37 5 5 6 17 14 19 5 14 8 16
11 38 78 77 73 67 75 67 80 79 71 69
11 39 95 87 88 95 94 83 90 84 90 83
11 40 10 18 21 21 16 24 9 10 9 10
11 41 26 32 23 30 32 27 33 28 37 29
11 42 27 31 23 29 37 25 34 24 28 28
11 43 86 75 86 84 85 81 76 75 83 81
11 44 16 23 18 18 14 28 27 28 24 24
11 45 24 33 31 23 27 28 27 32 26 24
11 46 61 56 61 57 60 61 53 60 61 66
11 47 40 35 47 40 42 38 41 40 36 48
11 48 88 86 77 82 78 82 77 80 80 85
11 49 61 53 58 56 56 55 59 54 55 61
12 13 23 32 26 21 31 33 22 21 24 26
12 14 59 60 55 58 61 59 64 55 57 64
12 15 47 54 50 50 44 53 45 41 50 43
12 16 49 49 51 44 55 51 50 53 49 55
12 17 20 28 25 24 26 25 31 30 30 26
12 18 40 34 41 44 45 47 46 47 38 47
12 19 43 44 48 43 48 37 46 38 41 47
12 20 95 95 84 89 87 94 88 81 90 84
12 21 55 51 58 48 48 53 56 55 54 54
12 22 26 34 34 34 29 33 26 30 33 35
12 23 78 81 67 71 74 69 79 69 81 77
12 24 41 43 42 49 46 41 40 44 36 47
12 25 87 81 85 75 85 84 82 89 87 81
12 26 85 84 82 85 79 86 83 74 85 74
12 27 84 76 74 86 84 77 82 80 74 80
12 28 16 16 15 19 14 21 14 20 16 22
12 29 28 26 31 25 27 33 26 29 33 31
12 30 91 85 84 77 83 77 78 78 82 86
12 31 60 53 58 60 52 54 55 66 65 62
12 32 5 13 9 9 15 13 9 14 16 8
12 33 86 81 82 83 80 83 82 85 87 76
12 34 6 15 8 6 19 14 10 16 6 5
12 35 10 15 20 10 11 11 10 11 17 22
12 36 85 78 85 75 80 78 76 82 86 86
12 37 3 6 15 7 8 6 8 8 14 10
12 38 66 67 57 65 70 57 64 61 70 65
12 39 17 27 14 17 18 15 27 15 17 28
12 40 79 81 78 67 68 71 75 80 73 77
12 41 45 42 51 46 39 50 43 42 52 46
12 42 70 74 64 70 61 73 66 72 61 63
12 43 40 42 37 40 37 46 36 36 44 44
12 44 41 36 47 40 46 44 38 43 38 48
12 45 77 79 80 76 77 75 72 78 70 79
12 46 67 72 65 65 57 70 68 61 58 67
12 47 47 46 45 50 41 53 43 52 47 43
12 48 19 25 29 17 28 26 24 25 22 26
12 49 17 23 22 15 22 16 23 16 16 28
13 14 0 4 7 7 3 2 10 8 7 9
13 15 78 72 76 78 76 78 76 68 68 68
13 16 89 76 90 78 89 79 79 84 88 78
13 17 73 69 69 76 69 67 73 64 69 63
13 18 97 95 95 97 94 88 89 93 92 93
13 19 10 16 20 11 21 17 10 14 20 15
13 20 33 31 37 41 38 38 36 29 40 35
13 21 88 76 86 82 76 84 89 79 79 84
13 22 96 88 92 93 84 93 89 84 90 88
13 23 88 77 89 81 82 88 87 86 88 85
13 24 1 12 10 7 3 8 7 13 15 4
13 25 21 27 20 27 31 32 26 30 30 18
13 26 48 47 42 45 54 54 52 53 54 54
13 27 88 88 86 81 87 80 80 78 80 85
13 28 78 69 76 70 70 76 75 74 81 73
13 29 4 11 5 4 13 7 18 13 6 18
13 30 49 50 47 46 47 47 46 45 45 54
13 31 93 80 93 93 89 91 79 84 80 88
13 32 16 24 20 22 25 25 18 29 17 28
13 33 65 65 60 68 62 66 57 58 59 64
13 34 15 26 27 18 19 26 16 23 20 16
13 35 84 80 79 75 79 79 81 79 73 81
13 36 63 63 65 61 57 65 61 60 58 55
13 37 7 20 11 7 14 9 11 10 9 19
13 38 47 41 54 50 46 49 41 54 41 41
13 39 17 18 24 14 18 23 22 21 21 25
13 40 19 25 22 17 30 23 18 25 19 19
13 41 45 47 52 51 49 39 39 39 44 44
13 42 41 36 45 48 44 38 49 42 42 44
13 43 94 81 84 80 89 90 93 85 90 88
13 44 90 87 92 79 89 82 90 79 80 89
13 45 1 15 10 6 2 5 13 6 4 2
13 46 67 59 57 65 71 65 69 61 63 66
13 47 72 76 75 76 65 64 67 69 64 71
13 48 19 24 31 22 30 20 25 24 22 22
13 49 42 38 47 49 45 50 39 47 45 45
14 15 65 67 62 67 56 67 61 70 62 64
14 16 54 49 57 48 52 51 58 47 56 51
14 17 49 49 45 44 54 47 47 48 56 53
14 18 83 81 71 75 71 79 80 79 76 77
14 19 79 68 69 78 81 77 73 68 68 69
14 20 55 51 60 57 53 50 58 54 51 55
14 21 39 43 43 46 34 40 39 34 36 43
14 22 68 73 65 72 66 63 60 69 70 67
14 23 86 87 83 75 74 87 73 82 75 81
14 24 88 85 89 86 78 78 83 87 76 87
14 25 1 2 14 13 9 13 7 5 11 2
14 26 79 76 81 68 72 73 79 80 77 76
14 27 31 38 41 31 35 33 30 36 33 39
14 28 61 62 66 62 64 58 67 57 67 57
14 29 48 41 43 54 47 43 44 47 45 53
14 30 3 12 5 12 12 12 16 13 6 8
14 31 60 57 65 58 59 56 62 52 52 57
14 32 94 91 87 87 82 90 88 88 86 83
14 33 30 33 30 39 30 29 38 33 33 26
14 34 49 52 56 50 49 43 54 44 56 48
14 35 31 27 34 40 30 31 36 39 32 36
14 36 23 32 34 23 23 23 20 31 27 22
14 37 8 10 8 8 13 8 12 14 21 20
14 38 34 34 33 44 37 37 37 38 35 35
14 39 71 66 64 71 62 61 62 75 70 63
14 40 33 31 43 29 37 37 29 30 42 29
14 41 43 42 48 45 39 38 39 37 44 44
14 42 12 16 21 22 15 21 24 14 18 16
14 43 60 63 56 55 62 59 64 63 56 63
14 44 66 56 62 68 63 64 61 70 68 65
14 45 94 94 87 95 84 85 87 87 84 81
14 46 8 10 13 12 18 16 20 9 6 8
14 47 66 65 69 62 59 68 70 71 68 62
14 48 67 63 63 71 58 58 68 58 65 58
14 49 83 82 78 84 80 72 78 74 79 85
15 16 86 87 74 82 73 85 82 82 83 78
15 17 38 34 41 38 34 42 41 44 42 41
15 18 88 86 77 75 83 85 87 84 85 82
15 19 15 23 17 28 17 20 19 21 16 16
15 20 43 50 47 37 41 48 40 38 37 51
15 21 0 8 10 7 7 5 7 3 11 13
15 22 16 20 16 20 17 27 22 26 22 22
15 23 58 63 53 57 61 57 63 53 56 52
15 24 55 60 55 47 54 59 58 47 54 57
15 25 4 3 15 7 9 8 11 16 10 8
15 26 85 78 74 80 79 83 81 76 82 75
15 27 37 38 36 34 34 43 43 41 39 40
15 28 71 66 63 63 71 65 65 66 68 63
15 29 2 12 8 16 9 13 5 12 8 12
15 30 25 27 26 27 32 28 26 32 33 34
15 31 1 13 3 1 2 2 11 5 11 7
15 32 87 85 85 79 86 84 88 89 85 84
15 33 52 55 52 54 57 48 47 54 49 58
15 34 23 22 33 29 34 34 25 22 20 34
15 35 39 45 42 36 36 37 39 39 34 41
15 36 63 55 68 63 65 60 56 60 56 62
15 37 4 12 14 14 10 8 18 4 11 17
15 38 74 71 78 72 72 73 63 74 65 77
15 39 21 24 26 20 21 32 21 29 23 20
15 40 43 39 38 51 44 44 38 43 36 45
15 41 96 89 91 88 89 89 82 85 91 94
15 42 43 41 43 47 48 48 46 50 49 47
15 43 55 47 56 55 58 61 60 49 56 58
15 44 49 56 50 46 46 51 54 55 56 52
15 45 72 63 72 75 64 74 73 70 70 76
15 46 1 7 14 14 9 7 12 7 13 8
15 47 76 71 76 76 74 74 78 75 72 66
15 48 62 65 65 61 62 64 55 63 62 65
15 49 96 86 94 87 91 91 89 84 87 82
16 17 14 25 15 22 23 20 14 14 18 18
16 18 26 34 31 37 26 35 32 30 25 33
16 19 52 53 54 50 46 45 57 56 54 53
16 20 26 33 22 30 36 25 30 26 23 37
16 21 93 84 86 94 85 81 82 80 89 81
16 22 40 43 36 46 41 46 37 38 36 45
16 23 27 36 32 28 31 36 31 37 24 25
16 24 22 28 28 30 24 24 30 22 25 33
16 25 17 26 26 15 17 27 23 27 19 26
16 26 9 23 19 18 14 10 21 11 16 12
16 27 51 54 52 50 47 54 47 50 46 49
16 28 63 55 68 61 54 68 66 68 68 54
16 29 72 65 68 70 68 75 65 69 63 76
16 30 43 44 44 44 48 41 39 51 40 51
16 31 63 67 58 64 63 61 65 59 66 54
16 32 58 50 57 58 58 58 54 49 61 58
16 33 7 11 19 19 18 13 20 16 8 14
16 34 78 68 75 75 67 71 80 77 70 79
16 35 65 63 60 65 56 66 56 69 68 56
16 36 79 80 69 75 78 77 73 74 72 72
16 37 14 22 20 17 26 25 24 15 22 12
16 38 59 62 53 65 51 50 62 62 56 61
16 39 20 21 29 19 24 23 30 21 26 20
16 40 2 2 12 10 15 4 5 5 9 7
16 41 14 17 25 12 14 24 17 18 21 17
16 42 21 20 30 22 30 25 29 23 20 31
16 43 89 83 81 86 87 81 76 87 86 84
16 44 71 71 65 72 62 74 68 63 69 68
16 45 71 73 65 63 71 63 62 75 70 69
16 46 82 74 79 83 79 72 72 78 72 75
16 47 59 60 62 59 53 60 56 56 59 52
16 48 0 13 5 0 1 7 6 4 3 3
16 49 14 20 21 23 22 21 25 25 25 16
17 18 18 23 22 26 18 26 21 26 29 21
17 19 24 28 35 34 29 23 33 33 22 24
17 20 53 48 53 48 57 60 47 60 47 45
17 21 40 38 45 36 44 40 41 39 35 37
17 22 23 35 21 27 34 24 29 30 21 20
17 23 2 12 14 9 12 11 7 2 16 12
17 24 67 67 67 62 58 68 67 62 57 69
17 25 1 12 10 5 9 14 1 8 3 12
17 26 39 47 38 40 37 36 41 36 42 46
17 27 29 32 34 29 33 38 29 35 38 30
17 28 64 64 62 60 55 62 66 57 55 62
17 29 7 13 16 11 8 14 8 17 13 11
17 30 73 74 68 67 69 72 72 72 67 73
17 31 91 79 90 85 80 85 78 80 84 84
17 32 84 77 78 80 73 81 81 71 74 76
17 33 88 86 90 89 83 86 88 85 87 83
17 34 99 95 98 89 92 89 98 92 89 96
17 35 94 83 83 94 88 92 90 92 88 80
17 36 90 77 84 79 79 87 77 90 81 86
17 37 23 31 30 26 22 30 26 31 26 33
17 38 6 19 15 9 15 15 12 11 5 20
17 39 4 12 8 7 14 13 16 9 16 15
17 40 93 90 87 93 84 89 81 84 84 94
17 41 34 40 37 36 38 40 31 38 35 30
17 42 22 30 28 30 32 28 28 28 24 20
17 43 69 70 62 63 67 68 61 62 61 61
17 44 29 36 35 28 28 39 36 32 31 33
17 45 83 83 82 82 75 85 75 82 71 74
17 46 47 50 46 47 42 43 55 51 52 53
17 47 65 69 62 63 61 57 66 63 57 69
17 48 0 15 2 13 8 14 6 12 6 13
17 49 68 71 73 72 58 66 70 59 61 65
18 19 75 76 77 77 74 69 67 66 75 65
18 20 61 63 55 55 62 61 67 67 66 62
18 21 27 32 29 32 35 24 27 30 32 36
18 22 76 65 66 73 77 68 70 71 66 71
18 23 71 61 69 69 71 70 69 69 62 65
18 24 57 59 52 62 61 61 54 62 54 64
18 25 56 51 60 50 48 55 62 60 57 48
18 26 99 88 98 98 96 96 97 99 98 94
18 27 79 80 69 79 69 68 69 74 70 76
18 28 23 24 27 35 33 22 32 33 27 20
18 29 55 49 61 57 61 47 52 58 58 55
18 30 48 56 53 51 48 42 42 54 48 43
18 31 9 22 15 19 18 14 11 12 15 8
18 32 36 41 40 36 42 40 41 37 36 39
18 33 84 80 77 82 81 86 85 75 82 76
18 34 35 32 33 43 42 36 30 43 36 34
18 35 94 81 94 95 94 89 93 82 87 87
18 36 94 88 80 87 88 94 88 84 90 80
18 37 80 73 76 79 74 71 72 79 76 81
18 38 71 75 70 70 70 63 64 65 63 75
18 39 54 50 59 55 58 48 53 55 49 61
18 40 18 18 29 19 28 28 30 23 30 26
18 41 9 20 23 14 18 20 8 15 16 19
18 42 28 38 34 31 25 34 30 26 38 32
18 43 14 26 19 20 13 21 23 21 17 16
18 44 66 60 57 57 60 57 56 68 69 57
18 45 74 71 66 78 64 65 70 65 68 77
18 46 84 74 76 82 75 75 73 76 83 73
18 47 32 36 34 30 33 34 29 40 32 41
18 48 38 47 37 45 34 44 44 44 36 38
18 49 12 25 19 18 18 21 13 24 24 15
19 20 51 46 44 46 57 47 51 43 55 53
19 21 42 39 47 42 51 43 40 44 46 42
19 22 95 87 87 82 92 83 94 92 82 95
19 23 22 32 28 20 33 22 27 24 33 24
19 24 3 4 17 10 11 11 8 3 11 12
19 25 50 47 50 44 49 57 45 48 43 46
19 26 37 35 39 34 37 32 36 32 46 40
19 27 26 23 29 28 37 37 25 30 37 35
19 28 78 70 77 70 76 69 69 77 72 75
19 29 55 56 57 58 47 52 56 56 50 58
19 30 73 62 62 75 74 71 74 62 66 75
19 31 99 93 88 89 88 97 95 85 90 97
19 32 47 41 41 42 53 52 46 42 52 42
19 33 25 33 32 30 29 21 35 23 21 31
19 34 72 64 64 73 71 72 72 64 64 64
19 35 98 90 86 91 95 96 96 94 94 87
19 36 73 74 66 71 65 75 76 67 68 63
19 37 54 47 59 53 49 56 51 48 52 59
19 38 28 26 36 27 29 33 29 38 25 26
19 39 83 76 79 71 78 72 75 75 84 71
19 40 81 81 75 78 78 73 71 77 72 82
19 41 56 49 58 51 51 51 57 62 49 59
19 42 86 83 76 74 74 83 79 84 80 80
19 43 82 81 81 77 76 78 83 70 82 78
19 44 38 34 36 36 42 37 42 40 32 45
19 45 33 40 39 32 31 38 32 33 30 32
19 46 58 64 56 54 57 57 52 53 61 60
19 47 7 10 13 8 7 10 15 11 15 17
19 48 36 32 33 41 34 37 37 35 42 41
19 49 94 87 84 83 85 91 88 83 93 94
20 21 97 97 87 85 96 97 89 92 93 91
20 22 22 32 23 33 29 33 31 29 32 28
20 23 47 44 44 45 49 48 40 49 49 43
20 24 14 22 20 24 14 26 13 24 16 15
20 25 13 16 11 25 25 21 17 12 11 12
20 26 37 41 34 41 42 43 32 41 38 46
20 27 25 36 35 33 26 32 36 32 33 32
20 28 89 81 76 88 86 88 90 81 90 84
20 29 60 64 65 58 65 59 62 54 51 63
20 30 10 13 19 10 8 16 13 9 11 13
20 31 97 83 85 90 86 89 90 86 96 95
20 32 56 57 54 52 48 51 62 53 51 62
20 33 81 83 72 78 82 77 71 81 74 81
20 34 33 40 32 42 33 40 37 37 32 38
20 35 66 66 61 70 61 65 68 60 70 65
20 36 67 59 68 62 57 57 68 69 62 66
20 37 26 26 36 36 25 31 33 33 37 37
20 38 71 74 65 64 64 73 69 67 72 72
20 39 87 80 86 78 84 84 83 83 88 78
20 40 82 79 72 75 84 76 72 82 80 78
20 41 49 54 48 47 44 44 42 52 47 45
20 42 6 15 13 5 7 13 18 8 12 19
20 43 36 31 37 33 36 36 38 36 37 38
20 44 89 80 77 76 76 88 80 77 90 84
20 45 52 50 45 57 49 55 57 58 50 46
20 46 56 49 61 56 50 58 50 54 57 53
20 47 53 59 51 54 55 54 52 59 54 48
20 48 92 90 88 79 91 80 80 78 90 92
20 49 66 60 65 65 57 63 66 65 64 60
21 22 43 49 42 40 51 37 38 47 44 51
21 23 7 11 11 18 11 6 12 16 18 7
21 24 84 72 83 84 83 85 74 84 72 83
21 25 47 46 51 42 43 42 46 44 54 43
21 26 83 76 78 75 73 78 72 75 80 78
21 27 19 27 17 22 28 27 30 21 22 30
21 28 91 83 86 91 88 87 87 92 90 87
21 29 91 88 87 89 92 91 79 86 78 81
21 30 36 35 37 36 44 34 45 36 38 32
21 31 65 68 67 61 62 63 66 63 69 66
21 32 91 88 82 83 90 82 92 87 88 89
21 33 17 17 25 29 23 22 17 21 17 18
21 34 36 44 33 43 37 33 36 34 32 41
21 35 15 22 23 24 20 27 16 18 25 13
21 36 57 55 48 51 63 56 60 60 54 54
21 37 73 65 70 74 66 67 76 74 65 64
21 38 0 7 6 1 10 9 1 7 13 6
21 39 7 17 12 21 17 19 17 12 14 10
21 40 89 79 78 89 90 84 78 79 83 84
21 41 83 83 83 75 84 83 81 72 74 81
21 42 42 50 41 40 48 49 41 45 50 45
21 43 86 86 77 83 86 77 77 80 87 82
21 44 74 76 78 78 64 65 77 70 74 77
21 45 68 60 64 71 65 71 63 65 58 73
21 46 29 39 31 33 34 36 34 37 27 33
21 47 77 67 74 69 72 74 78 73 75 80
21 48 49 45 48 45 47 54 41 47 54 56
21 49 83 81 82 77 72 82 72 81 74 75
22 23 45 41 39 41 45 43 45 49 49 44
22 24 1 4 1 9 12 12 8 13 2 2
22 25 97 89 87 88 94 92 84 93 93 88
22 26 68 72 62 64 67 64 72 63 65 71
22 27 87 78 87 78 77 82 77 76 74 75
22 28 87 75 83 76 83 83 77 78 82 80
22 29 19 24 31 31 26 20 29 31 18 20
22 30 39 42 40 46 36 42 41 35 38 38
22 31 3 8 5 10 4 7 8 13 6 15
22 32 92 82 81 89 79 91 92 83 80 89
22 33 39 39 43 43 38 42 36 37 36 39
22 34 94 88 90 82 89 89 81 81 83 94
22 35 34 41 30 40 36 40 36 34 43 34
22 36 69 72 59 65 63 65 66 73 71 59
22 37 5 11 8 12 7 6 16 6 19 16
22 38 74 68 70 76 76 69 75 76 76 69
22 39 48 48 45 46 47 44 48 49 45 54
22 40 39 43 35 34 41 43 43 39 43 34
22 41 60 57 51 63 59 56 62 60 59 65
22 42 57 61 58 62 52 51 61 52 60 60
22 43 57 62 51 57 55 49 61 49 60 60
22 44 19 29 18 19 27 30 18 17 22 29
22 45 8 8 11 17 16 17 15 17 11 12
22 46 64 66 65 61 55 64 59 59 62 56
22 47 37 34 33 36 35 45 36 36 36 46
22 48 62 57 62 56 58 55 53 55 64 54
22 49 64 66 59 65 68 66 59 63 65 56
23 24 14 17 17 14 25 18 13 20 21 13
23 25 3 14 4 4 13 3 12 4 6 15
23 26 33 43 36 37 34 38 31 31 36 29
23 27 2 3 13 10 11 9 3 2 3 5
23 28 14 21 27 14 14 21 14 23 13 13
23 29 0 11 2 1 3 11 1 10 5 8
23 30 85 86 77 77 83 83 81 86 73 79
23 31 63 55 54 57 68 58 55 68 66 60
23 32 44 48 48 52 51 43 41 51 39 46
23 33 15 21 17 14 15 20 13 22 24 15
23 34 66 59 59 58 70 57 58 65 58 63
23 35 13 14 13 20 17 12 21 23 20 18
23 36 61 54 55 65 53 53 64 55 56 66
23 37 36 43 36 44 36 43 34 39 43 44
23 38 35 39 40 31 41 36 33 39 44 34
23 39 72 72 69 72 62 75 72 76 73 72
23 40 50 46 55 51 56 52 55 44 43 53
23 41 9 19 18 22 12 22 8 12 22 21
23 42 91 90 89 85 88 85 84 87 77 78
23 43 17 19 25 20 22 24 22 18 20 24
23 44 52 54 50 53 54 45 49 57 52 47
23 45 87 88 75 76 80 84 78 75 81 83
23 46 71 65 62 67 67 73 67 73 73 61
23 47 4 18 10 12 8 10 18 18 6 16
23 48 13 12 23 22 17 24 17 19 14 13
23 49 50 57 47 53 46 50 51 49 53 46
24 25 62 65 58 55 63 55 54 60 53 54
24 26 29 25 27 31 32 37 31 32 30 34
24 27 56 51 54 62 62 54 54 61 57 51
24 28 1 7 6 3 15 9 5 3 7 14
24 29 39 45 35 40 42 43 37 47 45 34
24 30 96 83 88 90 96 82 82 90 93 85
24 31 13 11 13 13 23 25 21 17 26 14
24 32 73 70 70 66 68 69 72 64 77 73
24 33 59 63 60 59 61 50 64 58 54 58
24 34 56 57 62 61 57 49 53 51 48 48
24 35 54 55 51 60 58 55 47 46 51 55
24 36 2 16 11 13 16 5 10 10 2 5
24 37 23 33 33 34 20 26 29 26 27 32
24 38 97 91 87 92 83 83 93 89 85 84
24 39 42 50 37 46 42 47 46 43 41 42
24 40 88 85 87 77 77 78 88 80 82 77
24 41 5 10 14 8 15 16 7 11 7 11
24 42 44 48 45 44 50 40 46 49 41 45
24 43 80 81 78 78 81 73 78 73 82 79
24 44 16 25 16 20 17 23 18 24 22 20
24 45 56 54 51 50 60 51 60 61 58 50
24 46 56 55 60 50 54 61 52 53 62 48
24 47 77 77 68 73 79 72 81 71 78 69
24 48 67 61 64 70 63 65 60 59 66 70
24 49 88 80 88 81 83 76 86 82 87 88
25 26 3 15 11 15 17 6 17 10 17 10
25 27 97 96 97 93 92 96 89 96 90 83
25 28 80 83 70 72 81 76 78 80 73 72
25 29 25 34 33 36 36 30 23 36 23 34
25 30 54 46 51 53 56 60 49 50 59 58
25 31 6 8 11 15 16 7 8 13 9 14
25 32 41 46 47 37 36 45 38 42 48 43
25 33 79 73 73 80 74 69 79 68 73 79
25 34 34 36 35 39 39 32 30 32 42 38
25 35 95 84 83 89 90 91 93 87 84 82
25 36 70 60 63 74 69 71 71 67 71 65
25 37 3 15 14 4 15 7 17 7 2 8
25 38 8 20 14 17 18 17 14 10 17 12
25 39 8 11 13 8 19 20 7 19 16 7
25 40 31 27 38 38 37 34 35 35 40 37
25 41 37 41 40 36 44 32 46 43 40 38
25 42 30 31 28 33 40 37 31 38 33 39
25 43 90 87 87 88 91 81 77 82 83 87
25 44 11 15 16 20 10 22 13 16 22 11
25 45 70 69 65 62 70 68 59 66 61 68
25 46 56 50 56 50 52 58 54 52 61 62
25 47 27 24 24 32 34 27 35 29 31 27
25 48 23 20 22 29 24 31 24 28 24 19
25 49 32 35 34 29 38 39 35 41 28 27
26 27 84 79 75 72 81 84 84 81 77 81
26 28 64 54 60 65 67 68 60 67 66 58
26 29 23 20 31 28 26 22 27 24 34 33
26 30 98 92 85 84 84 96 85 94 96 97
26 31 52 53 47 45 56 55 59 48 50 47
26 32 77 74 71 68 69 67 66 69 78 80
26 33 74 64 76 75 74 72 75 67 67 65
26 34 13 19 20 19 12 16 15 13 15 21
26 35 82 78 80 78 84 76 82 72 78 83
26 36 75 75 69 65 66 66 73 71 72 75
26 37 91 92 87 77 82 89 91 80 88 78
26 38 62 58 62 60 54 62 59 62 62 59
26 39 30 34 31 25 33 36 32 35 32 36
26 40 52 47 58 58 58 51 55 50 55 53
26 41 35 32 40 33 38 41 38 36 38 31
26 42 21 33 31 30 20 24 29 32 32 20
26 43 53 55 50 51 49 49 56 51 60 55
26 44 85 82 83 76 72 86 73 79 80 78
26 45 54 57 53 52 59 61 54 57 48 58
26 46 5 5 19 7 6 15 11 16 16 9
26 47 77 77 71 65 78 66 66 75 79 70
26 48 85 79 87 75 77 86 86 76 82 84
26 49 1 6 8 15 15 5 3 6 13 13
27 28 0 2 3 8 9 8 10 7 7 6
27 29 40 41 44 38 37 42 42 41 45 34
27 30 48 51 52 51 49 42 54 45 47 46
27 31 75 69 70 66 73 78 66 66 69 76
27 32 87 82 74 78 75 85 84 85 78 88
27 33 70 66 69 69 67 63 63 60 66 70
27 34 40 42 35 43 46 43 45 46 46 44
27 35 49 55 49 49 52 44 45 56 47 44
27 36 62 63 58 53 66 61 53 67 57 53
27 37 28 31 29 28 38 28 33 38 35 31
27 38 41 38 39 35 39 46 37 46 44 43
27 39 32 28 31 34 37 27 34 41 28 39
27 40 20 31 26 20 27 19 25 22 31 17
27 41 25 25 28 24 30 26 34 34 26 22
27 42 1 14 10 9 13 1 6 7 2 10
27 43 80 71 80 73 81 72 81 79 73 79
27 44 91 80 80 89 88 82 87 82 89 79
27 45 77 76 74 69 76 66 79 76 70 70
27 46 4 5 15 14 15 15 4 5 12 16
27 47 72 73 67 66 68 67 75 66 65 74
27 48 37 44 41 45 44 46 33 46 43 44
27 49 41 46 43 47 38 49 46 42 44 39
28 29 29 35 37 36 28 31 36 39 27 38
28 30 16 29 20 21 21 27 25 28 14 19
28 31 57 53 57 58 57 53 58 64 52 54
28 32 74 74 77 64 64 77 72 66 65 71
28 33 72 70 75 66 64 67 64 72 75 76
28 34 70 71 69 69 61 63 61 66 74 68
28 35 72 68 62 76 62 75 72 65 72 66
28 36 31 37 34 34 41 38 28 32 29 29
28 37 6 16 20 20 6 20 18 8 14 9
28 38 27 26 36 27 30 30 33 30 31 30
28 39 61 63 59 54 64 57 58 65 53 55
28 40 85 85 72 87 81 80 75 73 87 87
28 41 67 71 58 63 64 59 58 61 58 59
28 42 2 14 2 9 14 3 14 5 11 15
28 43 86 74 78 83 78 80 78 75 85 84
28 44 50 54 53 44 43 54 56 45 53 56
28 45 13 20 22 12 11 21 18 11 15 17
28 46 52 50 45 54 55 46 59 56 58 53
28 47 97 95 93 92 87 95 93 95 83 83
28 48 39 36 45 45 47 42 43 46 46 48
28 49 22 20 30 20 32 19 33 25 20 21
29 30 95 88 92 86 82 93 86 84 88 81
29 31 21 22 26 22 30 26 27 28 24 20
29 32 21 20 24 28 26 29 30 29 25 28
29 33 28 27 37 32 30 37 34 27 29 37
29 34 1 9 5 5 3 3 14 4 9 10
29 35 10 14 11 9 9 11 14 22 21 17
29 36 57 51 57 51 52 53 61 63 50 52
29 37 93 91 84 92 90 90 86 84 93 93
29 38 72 64 75 69 74 73 74 62 65 69
29 39 44 50 52 40 45 53 48 41 45 49
29 40 92 84 93 91 83 82 91 85 91 88
29 41 96 83 83 88 85 87 90 87 95 92
29 42 62 57 62 67 55 61 64 54 65 65
29 43 90 78 88 83 80 82 87 86 76 87
29 44 26 37 31 29 36 30 34 28 27 24
29 45 26 25 33 31 24 27 25 30 25 36
29 46 61 55 53 63 53 58 59 58 58 54
29 47 5 11 11 7 16 18 19 12 11 13
29 48 24 21 33 30 31 28 33 26 28 33
29 49 25 22 36 31 33 30 24 33 35 26
30 31 51 44 52 54 55 48 57 49 45 50
30 32 64 58 59 68 60 65 63 66 65 60
30 33 89 78 77 85 85 82 79 89 85 85
30 34 21 19 19 18 30 29 23 29 24 31
30 35 26 35 26 32 33 31 23 26 30 27
30 36 40 48 49 43 36 44 36 42 48 38
30 37 14 18 23 16 23 23 27 14 15 21
30 38 9 11 23 8 19 13 15 17 11 9
30 39 63 58 56 55 59 62 57 60 56 68
30 40 65 57 55 64 61 60 59 65 57 65
30 41 7 19 11 7 14 20 14 20 8 11
30 42 88 84 88 79 84 88 80 85 81 80
30 43 56 49 49 54 62 57 60 51 62 52
30 44 9 19 17 10 14 18 12 14 21 8
30 45 46 40 44 40 42 47 53 51 46 42
30 46 75 74 64 70 75 71 75 69 68 72
30 47 20 32 21 25 30 22 18 29 19 24
30 48 78 74 72 81 69 77 78 68 72 81
30 49 31 34 38 37 27 38 41 41 40 39
31 32 37 38 39 34 42 35 37 41 43 37
31 33 80 72 82 82 74 78 74 75 79 72
31 34 37 42 41 33 35 33 38 37 34 42
31 35 46 45 52 49 45 44 48 46 43 41
31 36 12 17 24 22 21 23 23 18 19 23
31 37 97 94 91 85 83 82 88 94 89 95
31 38 18 15 23 25 24 27 18 27 19 26
31 39 73 73 62 76 75 68 70 73 73 72
31 40 75 71 75 76 75 76 66 68 65 69
31 41 37 41 36 46 37 37 41 45 37 38
31 42 52 53 56 52 48 53 54 44 47 57
31 43 56 53 58 59 56 52 51 51 62 60
31 44 97 95 93 92 96 84 93 90 84 96
31 45 89 77 76 87 76 78 86 81 83 77
31 46 48 43 54 53 51 45 45 55 42 50
31 47 10 11 11 14 20 17 22 16 16 10
31 48 89 85 79 85 81 78 82 82 86 85
31 49 23 23 28 31 30 25 24 30 25 34
32 33 91 91 84 88 91 88 84 79 82 78
32 34 46 43 42 50 51 47 41 49 50 40
32 35 64 57 59 60 63 62 69 66 69 64
32 36 91 84 81 82 83 83 88 78 78 79
32 37 94 85 81 90 94 92 84 89 87 82
32 38 82 73 80 74 73 70 75 80 73 82
32 39 76 73 78 72 77 70 79 78 72 74
32 40 34 41 39 43 37 33 37 31 43 41
32 41 98 96 92 85 87 96 92 87 90 93
32 42 84 74 72 81 77 72 77 75 79 80
32 43 97 83 86 87 94 89 87 93 93 97
32 44 8 13 13 8 8 8 20 7 14 8
32 45 95 86 86 93 86 95 96 91 91 82
32 46 93 82 84 85 93 87 88 86 94 93
32 47 71 74 66 73 74 70 75 66 75 74
32 48 4 12 9 17 6 4 7 8 12 5
32 49 70 72 63 62 65 63 72 69 69 63
33 34 52 50 46 55 57 50 50 51 46 58
33 35 54 50 52 54 59 54 60 57 53 48
33 36 21 23 28 30 19 27 32 24 29 24
33 37 93 90 87 85 82 81 83 82 85 92
33 38 80 74 81 79 75 83 82 80 70 75
33 39 39 44 35 41 40 46 41 48 37 45
33 40 34 31 33 44 33 43 38 36 35 39
33 41 52 57 44 45 59 52 46 50 57 52
33 42 79 81 69 74 78 82 80 79 76 68
33 43 6 15 13 10 14 14 20 20 12 18
33 44 98 96 87 91 87 94 92 87 97 85
33 45 17 15 16 17 25 28 27 29 16 16
33 46 86 74 88 79 85 74 83 79 79 82
33 47 94 81 91 87 89 93 82 81 84 90
33 48 84 76 79 77 81 81 76 82 81 80
33 49 55 47 55 60 49 55 53 51 47 54
34 35 21 29 33 24 25 23 26 27 31 25
34 36 86 83 85 87 82 79 81 86 85 74
34 37 5 10 19 12 7 19 17 5 12 7
34 38 98 87 97 85 91 89 87 92 97 90
34 39 94 80 81 89 84 86 89 91 90 89
34 40 1 13 0 10 10 3 8 7 12 7
34 41 24 32 28 21 26 32 31 29 32 35
34 42 79 82 68 77 81 70 75 71 81 73
34 43 34 41 36 40 42 32 43 41 36 41
34 44 8 17 18 18 20 11 9 8 21 14
34 45 8 15 12 7 16 11 14 17 17 11
34 46 43 39 39 49 44 48 49 43 41 46
34 47 35 39 35 42 39 40 33 34 31 36
34 48 31 29 27 26 39 34 28 32 39 31
34 49 24 25 25 33 25 34 33 28 32 25
35 36 46 40 48 54 44 47 53 46 50 48
35 37 23 24 34 31 23 30 30 20 22 34
35 38 9 19 20 23 22 22 20 13 13 15
35 39 27 31 30 33 34 35 30 37 28 29
35 40 96 94 90 90 84 96 84 83 97 95
35 41 2 4 10 6 9 6 5 3 4 12
35 42 98 98 95 97 84 97 97 94 97 97
35 43 94 90 84 81 85 85 91 93 83 87
35 44 97 83 97 88 89 94 89 87 91 92
35 45 46 53 50 52 51 49 49 42 42 49
35 46 0 4 4 5 15 9 15 7 9 11
35 47 26 36 24 27 31 34 22 30 34 23
35 48 39 43 47 44 48 43 35 43 41 35
35 49 33 41 34 35 34 42 43 38 38 29
36 37 29 35 32 39 37 39 35 31 26 34
36 38 6 19 12 9 10 13 13 17 7 8
36 39 17 27 16 18 20 27 25 25 16 28
36 40 23 31 21 19 25 24 34 22 22 31
36 41 56 61 53 56 59 49 55 49 53 52
36 42 77 74 78 79 73 67 72 70 66 76
36 43 56 57 52 48 49 49 62 53 56 48
36 44 39 37 47 46 47 34 38 46 37 36
36 45 71 73 68 74 62 63 71 66 75 64
36 46 28 32 32 32 31 24 33 34 24 36
36 47 16 26 17 28 16 17 22 23 18 18
36 48 25 29 27 28 30 23 28 32 27 35
36 49 8 10 15 21 22 8 18 11 9 8
37 38 45 52 50 45 40 43 42 47 42 39
37 39 71 69 66 61 65 65 69 68 61 72
37 40 87 88 83 86 85 83 87 77 79 83
37 41 97 97 83 95 86 96 86 83 96 93
37 42 17 25 23 18 18 29 16 17 17 15
37 43 58 61 55 50 50 60 50 61 55 50
37 44 96 83 89 93 81 85 95 93 81 88
37 45 11 11 12 12 24 10 24 12 15 14
37 46 8 9 16 11 8 9 17 19 19 9
37 47 91 81 83 86 83 82 81 82 86 88
37 48 2 3 5 3 10 3 6 6 6 12
37 49 41 48 48 38 45 35 37 46 41 42
38 39 44 41 38 47 46 44 44 42 39 41
38 40 86 80 86 84 74 81 81 77 87 84
38 41 3 11 9 10 11 17 4 4 14 10
38 42 79 70 77 80 69 76 69 77 82 68
38 43 38 34 44 42 40 45 35 35 37 38
38 44 24 34 26 30 26 26 22 22 32 30
38 45 80 74 73 72 74 73 76 74 73 68
38 46 85 77 86 79 80 73 82 83 76 77
38 47 49 51 54 42 42 46 48 51 48 48
38 48 79 80 79 79 74 77 79 70 77 77
38 49 19 28 18 23 31 23 23 30 17 25
39 40 96 85 85 96 93 83 93 85 87 90
39 41 12 21 21 14 18 13 16 11 16 14
39 42 9 21 13 12 19 14 22 15 15 12
39 43 49 44 49 55 52 55 56 54 45 52
39 44 38 38 40 40 38 45 35 42 43 37
39 45 32 37 39 38 36 36 37 40 30 27
39 46 87 82 77 81 78 79 75 81 77 84
39 47 89 81 76 78 87 87 81 88 85 83
39 48 21 21 21 21 28 32 25 18 28 32
39 49 7 11 9 12 18 16 18 12 18 9
40 41 29 37 36 37 26 30 33 32 25 25
40 42 1 10 1 12 15 13 12 9 9 12
40 43 67 60 68 66 62 66 65 68 61 64
40 44 52 49 47 47 47 47 55 57 46 55
40 45 35 33 44 36 37 42 37 40 32 31
40 46 41 38 44 38 41 43 47 42 36 39
40 47 16 28 26 15 20 25 15 17 15 18
40 48 60 53 60 63 53 52 54 66 57 60
40 49 35 32 38 34 39 36 43 41 30 36
41 42 17 26 17 25 26 26 14 24 28 20
41 43 44 49 51 43 39 47 43 41 49 39
41 44 22 22 32 22 28 19 31 27 31 22
41 45 0 2 9 7 4 4 14 12 5 6
41 46 36 34 37 39 42 33 45 44 37 37
41 47 85 85 76 84 77 81 77 86 86 84
41 48 10 13 10 21 20 20 21 19 18 13
41 49 33 38 41 33 34 42 38 37 31 41
42 43 20 28 19 28 19 25 24 29 25 32
42 44 77 71 73 75 68 65 73 67 78 75
42 45 73 63 65 69 66 67 77 75 76 77
42 46 13 12 19 17 24 15 23 18 14 22
42 47 78 69 73 67 75 74 80 67 81 73
42 48 75 79 76 70 64 76 76 79 74 67
42 49 9 13 20 7 8 12 9 22 10 14
43 44 26 36 36 30 28 27 32 29 34 25
43 45 15 24 13 24 19 17 23 18 25 22
43 46 54 59 49 47 49 48 49 48 59 49
43 47 64 56 58 68 58 64 60 58 55 55
43 48 49 52 46 56 48 49 47 45 53 51
43 49 15 13 27 25 22 14 13 16 17 19
44 45 47 54 45 52 51 44 50 42 51 51
44 46 79 68 72 79 75 77 79 82 73 70
44 47 8 9 17 13 9 14 10 21 18 20
44 48 36 44 31 33 35 45 30 33 44 43
44 49 94 84 91 88 95 88 87 91 81 90
45 46 69 64 65 67 60 69 72 73 67 58
45 47 51 55 47 55 48 44 50 50 50 57
45 48 78 80 79 68 70 70 70 73 67 69
45 49 87 82 75 76 74 80 77 77 82 85
46 47 75 74 72 76 71 72 74 65 69 65
46 48 16 25 14 15 26 25 16 16 24 25
46 49 78 74 77 75 77 76 69 80 72 68
47 48 66 68 57 67 63 64 58 59 62 70
47 49 49 47 55 47 55 46 47 48 55 49
48 49 42 36 50 46 46 39 42 39 37 45
