10 10
0.7 0 0 0 0 0 0 0 0 0.3
0 1 7 90 87 86 88 91 85 89 81 84
0 2 25 71 76 76 73 76 64 74 70 71
0 3 97 3 8 4 14 7 5 8 13 7
0 4 12 82 75 76 74 78 76 87 81 88
0 5 76 26 24 21 25 26 30 31 21 34
0 6 4 83 92 90 82 89 89 95 88 80
0 7 62 37 37 45 46 43 34 43 35 42
0 8 87 24 21 22 16 25 20 14 17 24
0 9 3 86 96 93 89 86 96 86 85 92
1 2 88 16 11 11 14 14 10 20 14 23
1 3 83 14 20 19 15 15 26 24 20 19
1 4 30 67 66 67 69 66 64 68 60 72
1 5 36 65 59 57 67 63 54 62 59 67
1 6 93 14 16 6 12 5 12 15 11 6
1 7 79 21 23 27 24 22 29 25 26 28
1 8 4 89 86 96 91 87 96 84 94 91
1 9 10 76 83 82 82 79 86 88 86 86
2 3 8 81 86 90 88 91 80 80 85 83
2 4 6 90 79 80 88 83 89 94 92 84
2 5 47 45 56 49 48 54 55 53 57 45
2 6 31 65 70 64 73 66 68 64 69 65
2 7 62 42 33 45 33 33 44 45 45 44
2 8 39 54 56 62 63 57 62 59 60 60
2 9 6 82 85 94 92 87 86 80 82 94
3 4 11 88 83 87 87 89 76 85 77 76
3 5 65 33 31 43 38 33 32 44 29 33
3 6 11 84 88 86 88 75 88 81 82 78
3 7 56 51 44 50 42 42 37 44 43 47
3 8 46 58 57 47 52 57 51 56 49 52
3 9 52 41 41 46 52 54 41 53 51 54
4 5 26 65 77 71 72 71 69 71 69 71
4 6 95 14 5 5 14 4 7 10 12 7
4 7 44 53 48 47 52 47 47 60 51 49
4 8 97 3 3 9 15 17 14 7 10 10
4 9 0 92 92 88 86 86 98 94 92 97
5 6 96 3 15 12 4 13 13 17 9 16
5 7 97 14 9 9 7 16 8 3 10 12
5 8 6 92 86 82 83 80 92 80 90 91
5 9 82 28 19 24 15 17 18 22 16 26
6 7 82 25 27 21 17 17 26 21 18 17
6 8 77 25 23 27 22 22 32 29 21 20
6 9 6 90 82 93 83 92 88 85 86 93
7 8 51 41 46 47 45 51 54 53 46 51
7 9 97 2 11 5 3 9 8 13 5 11
8 9 31 65 59 67 62 66 61 71 69 59
