22 10
0.8 0 0 0 0 0 0 0 0 0.2
0 1 68 27 35 31 31 26 30 28 40 28
0 2 76 27 26 27 25 24 34 20 27 23
0 3 8 89 92 85 84 92 89 78 82 85
0 4 4 86 90 90 91 86 91 84 84 92
0 5 16 75 73 75 85 74 84 79 78 82
0 6 36 53 55 61 54 54 55 54 63 59
0 7 72 23 37 23 30 27 27 35 37 31
0 8 13 85 77 86 79 82 75 82 80 87
0 9 14 87 86 85 83 83 84 81 74 83
0 10 10 80 90 87 83 85 78 77 82 89
0 11 56 46 43 46 48 40 45 47 45 43
0 12 33 68 68 63 60 59 70 59 62 63
0 13 35 60 62 61 54 55 58 66 61 60
0 14 41 61 53 58 57 62 52 60 62 52
0 15 1 84 85 95 87 93 98 93 92 91
0 16 27 66 63 72 74 76 68 67 65 73
0 17 99 7 6 1 0 7 10 5 5 12
0 18 54 40 49 44 39 41 51 42 46 39
0 19 61 47 36 42 37 42 42 35 47 33
0 20 78 31 31 23 21 20 25 28 20 25
0 21 54 51 51 43 40 52 45 42 38 40
1 2 19 75 69 75 70 70 73 80 73 80
1 3 74 35 28 35 27 32 28 21 35 28
1 4 1 84 86 93 95 85 93 97 92 85
1 5 70 37 26 31 27 39 25 38 35 25
1 6 69 29 38 37 38 34 29 31 26 27
1 7 62 33 42 41 35 40 42 45 42 42
1 8 0 90 98 90 94 84 97 85 92 88
1 9 18 75 73 78 72 84 71 79 76 78
1 10 20 72 72 80 76 69 74 74 73 79
1 11 44 57 58 50 48 49 47 57 56 62
1 12 30 60 69 71 67 68 63 67 67 63
1 13 91 15 15 10 12 8 14 14 14 20
1 14 54 51 52 42 40 47 50 44 49 51
1 15 86 22 13 16 14 14 12 11 14 17
1 16 54 52 52 38 51 44 47 45 49 47
1 17 17 73 79 74 84 75 80 78 71 76
1 18 77 22 19 21 32 22 23 22 20 22
1 19 9 87 77 81 91 89 77 89 83 79
1 20 6 80 89 85 84 91 86 87 89 81
1 21 34 69 63 63 58 65 64 64 63 56
2 3 93 6 11 13 15 14 18 19 13 7
2 4 90 22 20 22 22 22 22 11 11 20
2 5 90 15 20 14 11 14 14 16 22 17
2 6 58 40 37 35 36 47 46 44 49 47
2 7 40 65 52 64 61 59 56 58 64 64
2 8 9 81 82 91 87 78 86 83 85 88
2 9 5 90 86 85 91 84 85 82 82 88
2 10 30 59 65 64 66 68 69 66 66 66
2 11 28 69 64 69 63 62 69 63 74 71
2 12 8 91 80 86 91 82 88 83 77 87
2 13 12 80 89 86 85 78 77 87 81 82
2 14 68 37 28 38 35 29 38 40 34 34
2 15 59 38 37 38 42 44 43 46 42 47
2 16 11 81 83 88 81 90 79 77 81 90
2 17 54 49 45 44 39 47 49 40 52 46
2 18 75 21 34 31 35 26 27 31 26 26
2 19 96 5 5 3 12 3 6 13 8 5
2 20 73 28 26 31 32 29 27 29 35 26
2 21 19 77 69 80 76 76 71 69 78 70
3 4 16 80 79 76 79 75 77 84 72 85
3 5 10 77 86 76 83 87 86 83 82 89
3 6 27 63 68 73 67 65 66 69 72 73
3 7 67 30 32 34 31 41 38 34 40 39
3 8 66 28 31 33 28 35 38 36 29 31
3 9 15 73 79 83 82 77 71 86 81 76
3 10 90 15 20 11 9 15 19 17 9 14
3 11 90 11 22 9 10 13 15 8 17 19
3 12 9 78 80 78 91 87 88 88 82 88
3 13 22 78 77 73 78 79 70 66 69 71
3 14 37 67 59 53 60 55 64 59 55 60
3 15 18 74 80 76 77 70 83 78 77 81
3 16 86 26 18 24 16 26 14 24 12 23
3 17 33 65 57 64 69 58 64 61 67 61
3 18 69 38 37 33 27 37 35 38 28 36
3 19 82 17 16 15 24 16 22 20 19 16
3 20 48 55 56 45 52 58 48 52 49 57
3 21 27 67 75 61 75 63 75 66 63 73
4 5 6 87 93 89 83 86 80 83 88 79
4 6 38 61 58 60 53 55 52 55 53 56
4 7 88 24 12 15 12 21 10 11 16 17
4 8 55 38 43 38 39 51 40 45 52 51
4 9 90 17 15 18 16 8 14 16 8 17
4 10 78 33 32 33 27 30 32 28 25 21
4 11 99 5 1 11 2 1 9 13 9 14
4 12 4 83 85 83 94 90 83 83 84 90
4 13 47 57 57 46 59 45 58 47 58 50
4 14 67 35 31 40 32 32 29 37 41 29
4 15 34 68 65 58 62 64 61 66 67 56
4 16 71 33 30 29 30 25 34 28 34 29
4 17 20 82 77 77 78 81 70 71 71 69
4 18 92 20 10 20 7 8 17 13 15 13
4 19 83 14 27 13 20 28 23 15 20 28
4 20 87 19 10 14 20 20 14 20 24 18
4 21 31 62 72 59 58 61 71 64 69 59
5 6 47 48 47 58 59 46 59 49 48 53
5 7 3 90 88 89 91 88 96 94 89 93
5 8 9 85 82 80 87 91 84 88 81 79
5 9 69 33 27 35 28 40 37 31 30 26
5 10 17 70 80 80 81 81 80 79 77 72
5 11 51 55 49 52 54 55 47 53 46 43
5 12 30 70 62 65 64 67 61 72 65 62
5 13 54 50 40 45 46 45 51 44 40 41
5 14 64 43 39 43 33 34 34 32 34 37
5 15 92 10 15 17 8 19 20 12 10 10
5 16 53 49 50 50 42 51 53 45 45 44
5 17 72 35 26 27 29 26 34 37 34 38
5 18 64 31 37 39 33 33 36 41 41 38
5 19 36 62 56 62 68 64 60 67 57 57
5 20 81 22 16 20 29 19 23 30 20 21
5 21 99 3 9 14 6 10 5 13 9 7
6 7 64 31 32 42 45 36 37 43 43 39
6 8 68 28 31 36 41 32 35 28 39 26
6 9 43 55 61 54 58 55 59 51 56 48
6 10 29 70 71 70 74 67 62 74 64 64
6 11 92 15 14 19 11 11 14 9 10 14
6 12 87 16 20 23 19 16 11 22 12 14
6 13 49 53 45 55 51 45 43 53 49 46
6 14 38 63 54 62 62 63 65 57 54 60
6 15 7 84 84 91 86 80 84 85 80 84
6 16 94 8 5 15 17 10 10 12 9 7
6 17 94 7 11 17 7 6 8 14 15 14
6 18 84 24 21 23 26 17 25 14 27 22
6 19 94 7 12 9 4 4 6 6 13 11
6 20 35 67 57 58 57 60 65 58 66 60
6 21 97 9 15 10 6 10 5 8 17 10
7 8 56 41 45 46 50 42 38 43 40 38
7 9 3 89 89 86 88 82 96 94 93 97
7 10 16 72 77 79 80 76 83 79 72 79
7 11 17 81 76 74 79 78 77 85 79 73
7 12 50 51 56 53 44 41 44 51 50 48
7 13 82 15 23 15 19 17 17 24 26 30
7 14 68 37 39 38 39 39 38 40 40 31
7 15 2 93 87 87 86 97 95 97 93 83
7 16 41 51 52 64 62 58 50 60 64 49
7 17 65 43 32 34 42 33 35 39 32 34
7 18 99 8 5 14 3 5 11 4 14 5
7 19 37 67 57 54 57 63 63 54 61 64
7 20 92 16 21 19 19 10 14 13 17 9
7 21 27 69 70 65 67 62 72 69 70 65
8 9 58 44 37 43 50 50 36 38 37 50
8 10 68 30 34 29 28 41 31 36 36 37
8 11 8 78 85 81 82 92 79 91 87 78
8 12 42 62 50 63 51 52 58 48 56 49
8 13 79 32 21 17 23 23 30 24 27 24
8 14 40 60 63 51 64 54 64 63 59 61
8 15 50 54 56 47 53 47 49 55 43 42
8 16 46 59 45 47 50 51 50 56 52 50
8 17 1 84 97 88 83 97 87 84 90 90
8 18 65 30 31 30 38 36 43 39 34 34
8 19 96 7 11 3 7 4 5 7 6 7
8 20 73 31 28 32 32 35 34 28 28 33
8 21 22 69 66 66 77 79 72 75 67 71
9 10 13 88 85 75 81 75 80 81 82 88
9 11 45 56 47 47 56 49 48 50 46 51
9 12 68 36 39 39 29 41 31 41 38 38
9 13 71 30 32 25 33 35 28 24 29 26
9 14 2 94 85 85 94 83 83 91 85 90
9 15 25 76 63 66 71 68 76 72 70 67
9 16 67 30 30 36 29 30 36 40 42 38
9 17 79 23 30 28 18 24 26 30 27 17
9 18 19 82 83 69 83 72 72 71 75 75
9 19 9 89 88 90 89 78 87 88 77 85
9 20 45 54 47 56 55 52 49 54 55 48
9 21 57 43 46 42 36 46 46 44 49 38
10 11 23 71 75 79 67 69 67 76 69 72
10 12 27 76 76 64 63 62 64 73 67 62
10 13 68 34 29 35 29 35 28 40 28 35
10 14 0 88 93 97 91 88 87 98 94 85
10 15 52 44 48 43 42 40 44 50 47 54
10 16 89 9 18 16 17 9 9 19 17 15
10 17 3 93 91 95 88 89 84 89 83 90
10 18 1 87 85 83 84 97 89 87 94 91
10 19 13 87 86 85 77 83 84 81 74 83
10 20 4 92 86 89 95 86 94 94 84 93
10 21 40 57 60 51 52 63 63 61 61 52
11 12 30 63 68 69 65 65 70 72 64 66
11 13 68 39 41 38 34 28 36 35 35 31
11 14 7 83 83 83 78 87 83 91 85 87
11 15 56 46 44 42 41 48 47 44 47 44
11 16 43 50 60 49 50 59 52 56 61 47
11 17 2 93 84 84 85 94 85 92 90 90
11 18 54 52 39 53 53 40 51 48 50 47
11 19 47 56 57 55 55 50 52 55 52 51
11 20 4 81 83 83 89 90 94 82 94 90
11 21 78 31 32 26 18 25 27 18 28 20
12 13 36 53 62 54 56 61 57 56 57 56
12 14 79 31 28 21 25 25 26 19 25 19
12 15 13 84 81 76 84 80 87 88 74 82
12 16 28 67 62 66 67 67 64 71 71 70
12 17 5 90 94 92 95 93 82 86 92 84
12 18 17 71 82 81 77 74 84 83 77 72
12 19 80 25 22 21 31 31 22 25 21 31
12 20 48 57 58 51 44 44 44 56 50 44
12 21 44 47 47 55 50 49 53 56 52 54
13 14 5 89 92 93 84 81 89 87 90 93
13 15 37 58 61 57 63 56 65 56 58 58
13 16 53 53 44 52 41 51 43 52 43 52
13 17 89 19 23 17 11 16 23 22 18 16
13 18 76 27 27 22 21 20 27 27 31 32
13 19 96 9 4 2 8 6 9 12 9 8
13 20 82 24 20 24 14 25 16 16 15 27
13 21 45 53 54 60 49 53 48 52 60 47
14 15 13 75 79 75 83 77 79 81 77 88
14 16 87 24 13 13 16 21 22 24 19 10
14 17 8 90 89 85 85 92 88 92 88 92
14 18 17 81 71 74 80 78 72 78 79 74
14 19 95 18 3 6 6 7 10 11 12 13
14 20 91 7 9 19 15 9 20 11 9 12
14 21 56 47 38 46 46 51 47 47 44 51
15 16 74 35 34 30 31 24 27 22 24 34
15 17 47 53 53 46 59 57 48 46 56 51
15 18 63 44 36 39 35 34 40 40 42 41
15 19 10 85 77 89 77 90 83 79 76 79
15 20 1 93 92 97 89 89 94 98 84 90
15 21 49 55 52 51 57 47 57 55 45 53
16 17 4 83 88 92 93 83 95 91 85 91
16 18 25 68 73 69 65 72 77 63 76 66
16 19 83 14 17 27 14 15 18 25 21 18
16 20 4 90 83 88 90 94 93 94 87 81
16 21 96 9 4 14 16 10 14 7 10 4
17 18 61 44 34 33 43 40 32 34 38 38
17 19 57 39 46 43 36 42 49 40 38 43
17 20 18 77 70 81 82 70 72 81 77 77
17 21 86 21 14 18 20 12 11 16 12 25
18 19 37 65 57 60 57 67 59 53 63 58
18 20 55 38 48 40 44 47 51 49 45 44
18 21 11 84 88 76 79 88 76 86 79 88
19 20 30 63 63 64 68 59 62 71 67 63
19 21 84 15 27 24 14 12 17 20 14 22
20 21 79 29 25 31 20 20 31 30 32 32
