30 10
0.8 0 0 0 0 0 0 0 0 0.2
0 1 91 48 28 14 47 44 40 44 45 8
0 2 84 10 16 14 44 42 47 17 18 26
0 3 35 81 60 36 36 51 65 43 76 41
0 4 24 70 66 67 49 85 60 44 86 84
0 5 71 30 23 41 23 14 41 25 49 16
0 6 15 82 48 89 86 51 53 66 61 52
0 7 40 65 40 71 48 68 48 74 48 59
0 8 70 38 16 17 37 55 25 42 27 55
0 9 60 26 43 61 36 36 28 59 57 23
0 10 43 52 76 28 66 36 51 75 38 30
0 11 42 75 71 62 41 41 46 45 71 45
0 12 75 17 22 61 39 28 62 15 43 34
0 13 54 23 42 66 32 58 41 65 59 63
0 14 93 33 45 48 4 52 43 53 29 38
0 15 57 68 64 68 65 45 38 61 56 36
0 16 98 13 6 4 6 25 36 27 10 16
0 17 4 54 82 53 58 52 77 61 80 97
0 18 5 50 83 49 91 90 58 50 75 81
0 19 15 81 57 79 89 77 46 85 71 87
0 20 70 46 16 44 49 56 52 48 53 62
0 21 38 38 35 67 46 41 47 66 63 80
0 22 11 60 59 91 62 89 89 91 53 67
0 23 16 83 42 69 87 82 79 62 50 61
0 24 37 41 44 31 56 37 75 75 69 71
0 25 89 5 40 48 50 16 48 15 38 53
0 26 71 52 41 40 18 54 49 29 54 22
0 27 15 68 84 80 48 74 52 72 57 70
0 28 22 80 82 64 64 63 44 44 54 62
0 29 66 18 66 48 57 59 19 31 22 23
1 2 89 39 23 46 13 13 12 45 54 52
1 3 17 51 79 89 69 55 50 72 72 61
1 4 31 64 39 82 45 73 56 58 36 36
1 5 83 17 45 39 13 29 54 37 32 51
1 6 45 68 50 41 34 66 48 45 35 35
1 7 40 59 61 34 75 66 61 59 50 35
1 8 28 62 68 60 44 58 63 74 44 72
1 9 7 78 46 87 93 74 74 89 69 71
1 10 62 26 43 41 55 39 64 49 28 45
1 11 80 12 25 52 59 32 44 17 54 39
1 12 38 31 77 50 50 76 70 59 78 50
1 13 3 97 70 50 84 66 70 58 74 51
1 14 12 52 89 81 48 65 56 68 77 82
1 15 14 61 79 83 66 79 87 81 90 59
1 16 89 11 14 36 9 29 11 14 22 50
1 17 41 41 76 54 51 46 74 57 69 52
1 18 26 44 77 58 46 56 83 39 58 41
1 19 58 27 63 66 54 38 27 48 43 48
1 20 32 73 74 77 65 40 47 78 39 53
1 21 64 58 46 32 33 64 22 45 26 40
1 22 17 90 89 90 47 64 76 81 42 83
1 23 23 58 84 66 54 51 39 73 69 42
1 24 98 40 12 4 18 27 25 30 20 31
1 25 14 43 67 92 88 62 62 74 60 70
1 26 40 77 67 76 54 33 60 61 44 34
1 27 81 35 50 13 47 30 46 47 38 55
1 28 85 56 14 35 33 36 23 8 10 36
1 29 77 28 45 20 55 27 52 21 22 48
2 3 51 48 30 70 30 25 36 43 49 50
2 4 91 49 39 30 50 49 25 20 17 46
2 5 17 56 56 85 74 83 48 71 43 65
2 6 93 11 49 17 43 4 26 45 7 51
2 7 45 70 45 37 63 56 41 48 38 36
2 8 76 23 58 39 55 33 46 48 45 34
2 9 83 19 12 16 37 9 33 41 42 53
2 10 92 10 38 31 13 48 36 35 53 53
2 11 97 20 32 14 2 38 45 38 11 49
2 12 44 42 75 44 52 63 59 58 55 69
2 13 70 27 36 49 38 33 50 29 29 15
2 14 58 38 48 22 64 65 64 69 37 37
2 15 97 18 19 7 16 45 7 42 25 9
2 16 34 75 47 65 48 44 73 58 57 43
2 17 70 21 52 30 44 30 58 53 58 35
2 18 8 50 69 80 63 92 74 56 84 70
2 19 70 29 38 29 39 25 45 15 14 33
2 20 8 53 58 94 59 68 65 92 79 53
2 21 92 49 23 17 4 14 15 51 47 38
2 22 83 10 16 28 43 19 45 9 53 23
2 23 96 5 32 7 45 49 17 24 45 14
2 24 30 58 76 70 46 42 54 40 36 46
2 25 9 69 71 67 53 62 65 64 85 57
2 26 24 44 59 78 46 87 46 56 40 82
2 27 0 91 62 80 97 85 76 77 54 58
2 28 71 44 62 25 25 19 49 63 54 14
2 29 32 38 56 47 81 65 34 78 36 63
3 4 5 56 57 47 91 62 95 86 77 75
3 5 42 44 77 37 53 64 38 32 48 41
3 6 75 39 47 42 19 48 15 30 17 42
3 7 53 67 25 62 70 32 61 36 64 71
3 8 64 33 41 66 24 65 49 24 54 63
3 9 21 49 74 66 43 72 74 67 79 75
3 10 92 24 29 18 11 7 31 26 21 30
3 11 14 46 89 68 48 59 81 78 57 88
3 12 14 86 65 44 88 55 76 85 55 45
3 13 51 35 24 43 36 56 29 45 73 31
3 14 19 88 83 72 61 54 73 78 61 74
3 15 55 48 32 65 62 66 24 41 39 69
3 16 77 18 52 26 31 13 38 20 19 52
3 17 39 45 64 37 77 51 76 68 67 66
3 18 71 15 46 56 14 30 20 39 57 23
3 19 33 74 58 65 71 57 45 35 56 78
3 20 95 31 12 43 6 50 9 30 24 39
3 21 62 37 40 33 65 43 53 21 30 51
3 22 12 86 65 72 83 90 91 60 64 93
3 23 20 76 48 60 50 73 85 79 62 64
3 24 32 66 74 53 38 57 44 52 75 35
3 25 15 83 81 56 59 70 45 83 58 73
3 26 32 43 70 68 82 38 54 72 57 56
3 27 19 49 80 66 51 68 83 75 72 53
3 28 0 62 85 82 82 98 88 72 53 51
3 29 13 76 45 70 72 91 58 71 91 82
4 5 91 6 16 27 39 33 31 46 35 17
4 6 59 66 57 46 33 35 23 21 70 66
4 7 59 64 39 43 39 61 68 58 44 57
4 8 63 31 35 55 40 61 45 60 22 66
4 9 75 44 24 14 54 15 52 53 26 40
4 10 70 24 64 37 53 32 56 59 55 39
4 11 68 16 61 23 35 30 20 17 52 49
4 12 16 59 83 80 41 78 45 90 42 64
4 13 40 49 52 46 47 38 30 31 67 78
4 14 99 21 4 9 35 33 49 42 21 28
4 15 15 44 83 82 74 57 69 76 68 62
4 16 86 12 38 39 46 48 47 15 24 7
4 17 86 29 33 19 12 52 42 13 54 55
4 18 84 23 53 29 23 8 25 21 54 34
4 19 33 74 48 78 75 74 44 58 44 62
4 20 99 41 5 44 11 2 0 31 43 0
4 21 87 13 14 37 23 48 10 34 8 17
4 22 13 73 62 59 76 47 92 67 55 88
4 23 22 78 62 64 69 56 62 87 67 75
4 24 66 27 61 32 40 39 44 30 23 43
4 25 91 28 50 32 25 52 5 24 33 9
4 26 96 43 41 8 47 48 18 2 46 43
4 27 59 69 25 23 54 28 45 67 45 64
4 28 5 67 84 95 73 83 64 54 61 89
4 29 36 75 60 45 77 73 43 76 74 66
5 6 15 63 64 60 60 77 66 84 80 80
5 7 55 47 69 59 46 47 56 61 59 41
5 8 29 82 66 62 35 49 55 47 43 83
5 9 35 53 70 38 69 53 44 41 40 49
5 10 65 66 41 63 57 57 20 24 47 66
5 11 34 52 69 35 34 73 51 51 62 52
5 12 75 18 51 35 15 50 52 37 19 36
5 13 78 20 12 50 30 49 21 40 39 59
5 14 46 58 63 57 27 46 34 67 32 69
5 15 95 40 23 24 2 24 45 22 33 50
5 16 71 60 38 59 22 42 52 61 14 43
5 17 32 48 81 53 36 55 55 75 63 37
5 18 82 21 26 13 35 29 36 17 8 52
5 19 6 66 84 63 82 62 80 52 84 68
5 20 70 62 42 63 54 25 39 54 19 53
5 21 97 24 8 41 44 34 46 7 32 42
5 22 0 89 94 96 94 67 90 85 85 60
5 23 92 11 39 38 24 28 45 19 34 26
5 24 56 27 50 32 56 36 69 30 36 59
5 25 61 48 47 45 42 56 64 68 33 37
5 26 96 20 46 35 19 41 36 51 27 24
5 27 54 39 45 40 69 36 31 57 47 56
5 28 44 49 36 28 39 41 66 29 63 30
5 29 46 37 54 48 58 53 66 70 37 36
6 7 22 48 54 63 44 73 41 58 51 86
6 8 1 75 81 74 80 81 53 86 84 60
6 9 69 15 42 51 22 58 64 56 22 42
6 10 72 20 27 37 37 53 42 24 40 20
6 11 37 73 36 68 37 74 33 41 75 80
6 12 67 52 20 48 62 19 59 47 60 32
6 13 22 77 49 70 73 71 45 43 55 70
6 14 72 23 18 23 44 14 23 35 33 61
6 15 37 79 64 52 40 70 61 70 71 45
6 16 65 62 23 34 43 31 19 20 23 23
6 17 88 24 33 24 23 45 42 17 18 41
6 18 36 80 33 62 46 48 35 46 41 44
6 19 27 52 40 45 84 53 73 69 67 73
6 20 5 83 92 49 58 70 93 62 72 80
6 21 36 68 70 33 51 58 63 60 44 71
6 22 68 37 42 16 57 57 31 29 31 64
6 23 23 59 70 87 61 84 67 82 86 40
6 24 37 78 46 78 50 60 68 65 55 75
6 25 47 45 63 56 42 27 63 48 70 41
6 26 56 62 26 33 23 70 46 69 39 60
6 27 50 66 26 28 67 59 53 69 69 60
6 28 99 1 12 6 17 45 12 39 35 46
6 29 41 42 68 73 67 47 39 31 68 47
7 8 0 82 77 67 53 85 76 78 63 90
7 9 77 30 42 33 27 38 53 12 47 54
7 10 12 78 60 79 77 63 84 74 48 50
7 11 98 36 23 16 11 4 49 8 45 2
7 12 24 81 50 62 63 42 82 58 55 68
7 13 34 56 54 42 71 57 74 52 56 61
7 14 78 59 44 56 21 56 47 13 55 29
7 15 60 61 66 40 56 27 20 57 28 54
7 16 18 78 81 81 50 55 65 51 46 85
7 17 86 7 6 11 44 50 47 21 26 25
7 18 72 22 16 39 31 47 56 37 20 39
7 19 23 51 52 77 81 57 50 47 60 45
7 20 56 60 32 30 58 62 62 22 32 51
7 21 41 29 34 76 57 70 68 44 34 50
7 22 40 67 69 58 36 70 58 32 60 37
7 23 61 62 35 33 63 34 59 33 45 64
7 24 58 31 50 28 58 34 32 21 53 39
7 25 7 82 95 94 52 48 85 68 61 60
7 26 45 60 36 31 68 31 57 60 31 66
7 27 22 76 46 55 42 81 68 48 81 86
7 28 32 59 82 57 81 75 55 33 46 43
7 29 32 49 63 61 74 52 62 72 50 49
8 9 58 38 42 46 29 51 66 29 53 70
8 10 9 50 78 52 63 54 85 46 58 92
8 11 65 32 34 42 40 37 32 63 49 30
8 12 17 78 85 62 43 67 58 62 56 71
8 13 36 44 69 69 73 60 32 42 32 81
8 14 69 24 49 19 36 18 25 61 19 55
8 15 16 55 79 80 72 85 72 45 50 47
8 16 17 66 74 76 49 89 75 47 45 71
8 17 94 46 43 27 51 20 48 45 42 34
8 18 74 49 29 38 50 31 17 25 29 24
8 19 81 38 36 24 56 37 16 18 23 24
8 20 52 41 30 60 64 65 63 56 52 47
8 21 96 26 35 20 23 14 31 47 20 37
8 22 47 56 34 55 40 44 58 37 72 66
8 23 86 24 55 10 19 15 17 34 9 9
8 24 87 25 51 47 8 14 40 51 6 16
8 25 71 56 20 23 63 20 48 40 16 33
8 26 26 79 86 37 82 57 77 63 80 77
8 27 61 48 47 54 46 63 29 43 50 55
8 28 4 62 82 77 70 52 86 94 66 64
8 29 47 67 73 64 34 49 31 64 62 46
9 10 92 31 38 50 14 10 14 41 24 37
9 11 9 72 84 75 93 87 84 64 88 65
9 12 2 80 82 71 91 88 64 77 88 91
9 13 68 30 43 23 32 34 29 60 42 48
9 14 96 40 36 11 36 11 4 39 9 3
9 15 2 82 65 97 73 92 74 52 62 79
9 16 99 35 32 19 38 34 2 45 38 28
9 17 64 38 67 54 62 27 66 32 45 24
9 18 93 12 47 16 10 34 11 26 6 41
9 19 74 26 39 41 15 43 33 44 44 13
9 20 85 7 21 56 50 13 16 49 54 28
9 21 39 64 69 51 80 39 61 78 40 46
9 22 6 66 86 87 51 63 94 63 50 55
9 23 67 39 21 29 58 50 38 35 34 55
9 24 55 45 69 43 34 45 30 40 28 36
9 25 52 36 56 64 35 65 60 52 37 60
9 26 67 29 21 58 39 25 16 42 35 53
9 27 79 25 27 35 39 21 31 38 10 20
9 28 2 72 96 88 96 58 89 53 71 71
9 29 55 33 59 54 32 69 39 52 50 32
10 11 6 61 86 83 74 96 74 53 79 58
10 12 90 50 33 29 26 14 24 26 21 21
10 13 69 62 51 27 34 54 22 55 23 53
10 14 3 89 57 83 91 49 84 95 89 88
10 15 81 23 55 11 18 39 50 14 15 51
10 16 51 59 57 32 24 51 52 49 50 38
10 17 50 49 27 71 72 57 46 74 24 55
10 18 23 76 72 76 67 77 65 48 57 79
10 19 90 23 13 8 53 41 31 48 46 53
10 20 6 85 68 47 82 49 69 80 55 75
10 21 28 85 38 61 48 59 79 60 42 52
10 22 41 41 57 61 31 47 48 56 75 53
10 23 49 67 52 46 29 68 56 66 26 28
10 24 45 31 59 35 52 39 51 70 59 69
10 25 40 40 58 78 65 52 63 52 40 36
10 26 92 35 24 43 49 27 21 26 33 38
10 27 97 19 11 17 9 5 47 9 22 47
10 28 5 91 79 76 84 79 64 75 67 54
10 29 87 46 52 48 49 42 53 22 19 35
11 12 84 44 15 15 36 18 13 20 11 36
11 13 34 82 51 33 79 34 65 44 68 54
11 14 25 62 69 82 56 44 37 53 77 81
11 15 15 61 69 88 43 89 80 69 83 62
11 16 44 72 40 65 66 54 59 66 59 47
11 17 90 16 31 34 40 31 22 19 46 54
11 18 51 51 47 68 30 65 25 37 30 25
11 19 94 48 13 32 14 23 19 12 52 45
11 20 56 27 27 24 34 26 61 40 55 27
11 21 33 43 47 48 80 56 34 49 43 59
11 22 81 51 57 44 12 46 36 40 14 10
11 23 84 40 49 13 43 34 36 28 20 29
11 24 65 20 66 55 28 52 46 21 37 21
11 25 22 67 63 85 62 79 38 62 87 80
11 26 13 92 70 67 62 69 79 74 83 53
11 27 80 58 15 24 36 12 22 17 21 33
11 28 46 59 47 54 64 76 39 52 42 61
11 29 23 81 82 77 57 55 77 48 78 58
12 13 4 95 48 88 81 49 78 61 91 49
12 14 19 66 60 41 83 69 50 84 65 71
12 15 98 31 19 48 5 33 46 6 14 33
12 16 25 83 62 50 60 86 73 76 44 70
12 17 37 79 42 79 52 73 39 63 35 42
12 18 58 46 41 45 67 64 43 49 48 27
12 19 41 57 67 76 75 68 47 43 70 75
12 20 37 69 31 38 45 53 50 64 73 49
12 21 50 25 41 36 51 66 36 38 38 59
12 22 58 40 62 24 25 43 46 45 36 62
12 23 10 49 75 64 69 87 63 85 91 89
12 24 86 39 55 8 44 27 41 56 13 41
12 25 39 56 36 63 60 66 53 47 62 31
12 26 24 56 70 38 42 77 65 69 80 49
12 27 9 89 51 93 49 51 81 69 75 91
12 28 47 37 34 50 72 39 30 55 51 58
12 29 10 57 87 51 48 59 81 76 84 56
13 14 48 56 55 55 61 39 58 44 50 73
13 15 72 60 19 38 59 14 36 54 14 43
13 16 35 67 78 54 35 65 78 73 61 57
13 17 21 49 59 41 81 51 69 72 51 67
13 18 61 37 61 52 41 34 61 61 53 24
13 19 20 48 87 56 87 71 76 71 42 83
13 20 27 55 46 82 40 45 50 67 46 73
13 21 81 25 35 41 28 52 45 38 55 57
13 22 13 72 82 79 49 43 47 53 70 63
13 23 42 44 67 43 30 31 63 52 64 68
13 24 29 75 42 52 69 77 80 36 38 50
13 25 64 59 28 52 47 51 39 52 55 61
13 26 81 38 53 13 58 22 25 35 53 41
13 27 42 50 55 39 35 46 31 38 59 59
13 28 92 4 52 43 34 30 47 45 38 31
13 29 82 38 37 48 22 24 52 50 11 16
14 15 90 28 49 37 38 40 41 14 23 33
14 16 99 49 3 33 5 38 28 11 11 34
14 17 1 75 76 87 70 83 56 80 83 84
14 18 89 46 36 24 52 27 10 21 8 48
14 19 56 34 54 57 54 59 64 37 33 37
14 20 30 55 51 64 63 45 75 68 82 59
14 21 49 29 65 42 67 46 46 44 37 31
14 22 19 45 71 73 40 60 84 44 82 67
14 23 64 65 45 17 58 54 24 47 40 62
14 24 67 42 25 64 55 60 47 55 17 41
14 25 23 76 79 49 80 74 55 49 79 65
14 26 9 53 84 88 94 50 48 83 88 73
14 27 58 64 69 42 50 25 67 21 37 33
14 28 46 55 73 60 36 47 69 64 37 30
14 29 3 57 74 87 66 95 81 50 56 97
15 16 4 74 65 93 84 63 62 48 77 94
15 17 19 46 78 42 47 73 50 84 68 49
15 18 94 52 19 39 44 47 48 34 25 48
15 19 51 39 29 32 30 48 29 58 39 63
15 20 68 35 64 39 40 56 56 46 28 36
15 21 4 72 81 76 50 60 67 56 94 91
15 22 11 91 83 58 94 44 93 73 61 63
15 23 4 53 65 61 89 88 61 65 50 57
15 24 66 28 65 26 27 40 41 27 38 66
15 25 6 64 87 71 49 54 57 96 81 50
15 26 49 70 28 60 59 25 34 66 30 58
15 27 70 33 22 60 38 43 57 58 42 56
15 28 53 43 41 30 44 55 54 30 53 37
15 29 88 14 18 24 46 10 8 18 5 27
16 17 91 45 5 46 17 23 9 15 21 26
16 18 55 35 26 49 28 30 22 34 50 25
16 19 79 55 54 55 23 29 18 36 52 37
16 20 2 78 71 51 64 49 93 74 87 89
16 21 88 11 48 7 42 35 14 49 42 37
16 22 6 65 58 50 49 65 79 65 69 62
16 23 86 31 12 42 31 42 55 17 37 10
16 24 81 27 35 45 35 35 44 45 9 11
16 25 50 29 59 66 69 64 67 73 47 44
16 26 40 72 53 70 40 69 51 47 57 36
16 27 7 55 84 53 74 70 77 72 88 63
16 28 19 41 71 52 61 81 83 51 66 67
16 29 56 69 38 39 66 32 50 45 60 58
17 18 11 72 72 76 63 55 46 64 47 89
17 19 24 42 68 60 86 72 43 48 42 83
17 20 48 55 74 36 67 62 33 43 72 65
17 21 13 74 84 62 52 85 80 52 60 64
17 22 44 67 75 39 71 40 39 68 43 59
17 23 61 51 25 60 34 41 34 45 55 22
17 24 66 47 52 20 62 60 20 30 22 61
17 25 13 49 65 88 56 55 91 81 69 90
17 26 10 66 63 47 67 46 90 53 53 91
17 27 82 36 20 56 32 24 32 31 14 54
17 28 43 40 53 75 44 42 62 61 48 37
17 29 25 76 71 65 75 48 70 82 44 46
18 19 38 60 73 44 62 64 32 45 52 38
18 20 63 58 65 21 59 22 18 54 44 49
18 21 6 94 74 76 81 86 47 54 73 72
18 22 77 51 22 60 45 60 37 49 44 53
18 23 89 29 50 46 26 27 42 48 52 28
18 24 87 32 23 32 46 35 24 23 49 42
18 25 22 59 50 81 44 78 76 86 49 54
18 26 40 74 78 67 76 41 66 43 67 41
18 27 77 39 55 19 11 54 52 39 27 54
18 28 62 68 52 40 50 67 53 67 59 32
18 29 30 76 35 49 46 67 49 52 77 42
19 20 51 41 27 41 37 38 43 34 49 66
19 21 11 81 87 88 80 88 93 81 86 49
19 22 51 31 64 49 43 51 52 59 55 41
19 23 28 80 36 83 54 76 63 42 83 58
19 24 9 72 49 87 51 56 64 48 77 64
19 25 72 58 16 56 62 44 56 35 38 24
19 26 26 74 66 65 63 80 57 59 74 55
19 27 10 47 69 56 82 81 89 54 88 50
19 28 81 29 17 29 56 53 54 33 53 51
19 29 90 35 24 6 14 25 41 15 23 35
20 21 4 49 48 58 95 56 78 93 71 59
20 22 86 27 10 47 49 23 55 10 35 23
20 23 17 82 70 50 53 44 80 71 70 71
20 24 58 42 33 42 65 70 56 25 27 68
20 25 71 54 44 16 20 30 55 36 48 21
20 26 75 12 39 30 55 51 54 44 12 32
20 27 44 59 47 69 40 42 73 58 63 73
20 28 29 40 57 45 40 38 61 65 68 48
20 29 61 57 66 34 22 24 41 31 52 29
21 22 72 43 19 56 39 35 54 37 54 36
21 23 73 15 13 19 38 51 57 18 34 40
21 24 13 64 54 67 56 92 78 80 74 51
21 25 73 19 34 53 61 62 16 33 52 42
21 26 18 86 64 76 61 63 75 51 45 58
21 27 73 37 36 20 37 31 25 36 58 40
21 28 36 74 49 54 75 31 71 58 53 57
21 29 40 62 48 43 42 39 38 46 46 50
22 23 22 64 57 69 40 71 82 56 49 86
22 24 85 37 36 19 55 55 30 28 42 45
22 25 72 60 56 30 36 35 57 34 61 55
22 26 41 67 56 66 32 55 39 60 41 77
22 27 51 28 74 39 67 44 67 71 55 35
22 28 47 62 33 44 34 30 58 61 71 59
22 29 98 10 23 16 35 14 27 34 12 47
23 24 46 35 69 48 29 54 75 30 30 39
23 25 84 30 20 35 14 25 31 39 30 45
23 26 20 76 73 66 51 74 45 67 76 60
23 27 35 76 71 56 63 55 65 51 70 39
23 28 75 21 42 34 25 51 60 48 34 21
23 29 95 7 19 21 9 22 39 27 12 8
24 25 86 39 45 55 52 24 32 37 28 24
24 26 66 41 52 46 37 64 57 47 33 41
24 27 31 56 40 69 65 66 54 72 77 53
24 28 21 63 66 41 46 45 77 43 44 50
24 29 72 36 56 31 30 45 32 53 24 31
25 26 86 19 15 48 36 19 35 52 43 20
25 27 69 27 38 29 43 17 61 62 53 43
25 28 2 60 52 80 94 94 83 92 83 53
25 29 5 51 70 93 67 49 81 51 49 76
26 27 58 68 61 63 62 67 42 38 60 69
26 28 54 39 58 34 31 67 72 65 28 49
26 29 11 65 72 81 78 80 85 85 68 53
27 28 33 58 79 51 48 44 54 73 66 41
27 29 76 55 21 17 49 53 40 33 50 21
28 29 10 86 94 49 94 58 92 79 78 92
