33 10
0.8 0 0 0 0 0 0 0 0 0.2
0 1 57 61 50 39 60 29 24 31 39 34
0 2 82 39 23 36 50 13 13 50 19 47
0 3 63 22 64 55 33 55 57 40 24 29
0 4 48 69 49 32 72 69 27 57 55 68
0 5 64 54 48 55 30 57 24 23 57 61
0 6 27 61 79 70 66 36 67 71 75 39
0 7 90 32 5 31 7 32 5 45 26 20
0 8 11 45 87 58 54 53 93 84 83 83
0 9 30 54 82 79 56 63 60 48 77 73
0 10 85 17 50 33 33 50 9 12 56 28
0 11 53 47 33 65 52 65 54 57 32 67
0 12 90 20 16 46 13 36 25 8 52 43
0 13 95 4 7 13 5 29 28 27 41 18
0 14 90 54 11 43 54 40 40 18 37 44
0 15 46 33 49 66 63 41 53 71 53 71
0 16 63 36 53 57 61 54 34 42 18 55
0 17 8 87 67 49 95 91 84 69 67 75
0 18 97 24 7 34 18 11 36 37 25 8
0 19 94 43 52 16 7 45 41 25 50 20
0 20 68 25 25 35 19 33 45 45 51 51
0 21 42 53 59 46 67 33 75 42 60 43
0 22 32 42 37 57 78 47 36 52 37 51
0 23 18 78 60 81 79 67 71 80 71 87
0 24 26 53 50 70 68 49 71 59 59 59
0 25 72 14 15 42 38 61 54 33 52 56
0 26 23 86 70 48 43 83 72 83 45 71
0 27 19 46 87 59 46 51 64 75 51 73
0 28 90 29 40 16 15 21 39 13 35 48
0 29 32 72 53 55 67 47 44 40 47 38
0 30 74 37 52 28 14 32 61 44 43 61
0 31 84 18 8 39 21 12 45 39 34 10
0 32 26 48 69 73 67 72 48 80 78 59
1 2 36 36 72 72 35 70 81 63 45 80
1 3 1 58 70 70 49 95 78 51 53 98
1 4 71 56 18 48 36 18 60 22 39 50
1 5 93 21 50 29 9 28 13 38 4 22
1 6 6 70 67 90 77 89 89 49 60 84
1 7 25 72 82 71 83 56 71 58 75 63
1 8 39 35 32 39 31 51 46 33 56 56
1 9 22 54 42 84 62 65 44 41 70 76
1 10 8 85 90 81 54 84 88 71 66 45
1 11 17 57 42 51 41 60 89 68 57 82
1 12 4 75 63 49 48 78 65 63 73 70
1 13 90 6 6 12 28 26 26 10 24 46
1 14 61 24 58 66 29 54 23 28 23 61
1 15 84 51 38 12 17 48 16 31 53 23
1 16 76 43 26 38 39 22 54 22 27 48
1 17 39 67 48 61 70 66 76 49 41 56
1 18 58 68 51 52 38 51 44 38 32 53
1 19 85 22 8 43 38 45 17 38 26 7
1 20 3 57 49 85 91 88 95 84 59 88
1 21 71 23 44 44 16 31 51 25 48 32
1 22 58 38 46 26 37 49 44 31 38 32
1 23 73 13 24 25 31 30 50 17 30 49
1 24 79 15 43 35 31 19 35 51 13 20
1 25 96 38 2 12 42 6 9 49 14 42
1 26 38 78 69 64 55 47 51 58 36 54
1 27 57 22 25 32 39 34 35 66 24 25
1 28 5 71 82 67 55 86 59 56 69 60
1 29 82 47 44 18 45 9 47 26 29 37
1 30 66 44 20 54 28 22 31 27 24 33
1 31 92 48 21 45 21 29 41 15 29 34
1 32 51 28 31 63 73 69 44 46 46 69
2 3 64 59 37 64 65 21 33 42 48 37
2 4 47 38 37 54 71 55 29 44 55 60
2 5 88 37 44 37 38 10 54 30 46 39
2 6 31 72 55 48 35 80 47 72 77 47
2 7 29 83 61 55 57 79 56 59 71 58
2 8 83 49 49 11 41 23 57 51 9 27
2 9 3 75 68 69 52 58 63 86 88 48
2 10 79 51 55 32 51 31 33 11 33 33
2 11 26 45 40 41 65 59 56 42 84 73
2 12 46 65 73 65 37 76 73 45 71 37
2 13 19 89 79 56 51 48 82 50 78 42
2 14 34 45 68 50 61 58 64 74 56 79
2 15 35 60 67 73 52 63 44 42 69 60
2 16 20 59 85 81 63 73 66 65 60 83
2 17 18 88 62 52 58 82 59 50 50 62
2 18 12 47 69 74 68 45 54 51 70 82
2 19 76 51 16 41 43 23 59 29 52 20
2 20 70 40 64 54 55 19 50 58 39 38
2 21 41 75 61 67 49 34 31 75 54 57
2 22 68 60 46 23 43 27 38 41 24 26
2 23 21 44 43 39 59 61 81 66 54 85
2 24 33 71 44 64 75 48 61 58 64 55
2 25 92 26 24 24 52 43 51 20 14 4
2 26 16 44 44 91 70 52 70 75 82 58
2 27 91 6 8 42 42 25 22 18 11 49
2 28 60 45 23 28 35 37 38 29 40 51
2 29 34 67 46 65 70 65 72 66 39 46
2 30 89 11 43 42 48 17 29 20 51 10
2 31 73 57 17 13 33 20 23 47 40 31
2 32 22 87 65 67 75 51 43 65 84 83
3 4 1 86 67 68 95 75 88 76 68 86
3 5 69 53 61 45 36 30 41 51 32 39
3 6 99 16 10 20 19 6 22 19 28 37
3 7 8 84 54 84 80 54 92 89 87 73
3 8 31 71 72 50 82 66 44 59 74 44
3 9 73 49 48 25 33 59 50 18 31 16
3 10 4 81 53 80 97 83 89 73 94 87
3 11 5 91 91 57 52 48 95 71 70 57
3 12 87 17 16 12 39 8 47 48 27 34
3 13 70 39 50 63 44 50 63 48 39 15
3 14 59 31 66 67 27 58 26 67 27 55
3 15 20 76 43 67 80 44 82 68 50 63
3 16 15 69 91 42 60 49 43 63 81 49
3 17 79 55 55 43 18 43 33 56 44 53
3 18 21 75 81 47 39 73 65 75 54 87
3 19 35 78 47 59 73 81 40 36 40 62
3 20 49 38 72 38 46 42 44 27 57 74
3 21 52 38 69 37 64 25 63 56 48 24
3 22 35 36 55 43 81 37 47 66 55 65
3 23 76 47 13 56 49 34 32 45 33 46
3 24 13 62 77 73 56 64 67 62 72 55
3 25 41 45 62 39 45 56 76 29 76 79
3 26 58 52 23 22 46 56 33 22 59 61
3 27 20 55 78 84 64 68 58 71 68 41
3 28 27 60 65 84 46 74 44 47 38 41
3 29 45 40 71 73 34 36 58 35 42 31
3 30 48 57 25 40 73 58 31 54 72 55
3 31 92 24 33 9 37 26 12 41 6 26
3 32 42 43 55 73 67 56 38 77 74 30
4 5 70 42 62 56 28 18 39 15 32 53
4 6 54 42 60 55 72 27 26 47 37 55
4 7 83 55 53 56 17 8 52 43 26 16
4 8 72 59 35 40 31 15 30 26 14 61
4 9 75 33 41 49 45 16 49 16 32 39
4 10 32 74 68 48 34 66 61 60 71 50
4 11 10 72 61 44 54 86 57 60 91 66
4 12 77 48 41 26 47 30 36 59 57 59
4 13 99 28 4 27 34 12 6 49 0 30
4 14 23 66 42 63 61 56 84 67 68 48
4 15 39 70 71 71 59 50 76 42 57 63
4 16 86 36 51 44 45 14 34 50 43 16
4 17 7 77 55 58 82 51 59 95 79 73
4 18 24 43 45 82 84 76 71 44 51 60
4 19 62 60 46 67 62 45 31 58 52 49
4 20 79 47 54 39 45 25 28 39 15 51
4 21 85 54 11 18 53 54 14 16 8 37
4 22 47 73 59 64 30 71 46 41 68 34
4 23 9 55 50 66 78 90 84 81 46 94
4 24 40 62 76 54 39 55 34 32 42 77
4 25 86 31 29 24 32 29 15 38 40 10
4 26 59 31 28 53 42 26 27 44 53 61
4 27 83 55 17 22 24 16 42 14 15 24
4 28 28 56 65 67 54 39 71 40 58 79
4 29 98 39 4 43 3 43 7 15 24 25
4 30 28 46 49 46 52 74 44 45 58 35
4 31 71 28 22 31 17 49 56 27 47 30
4 32 57 46 23 54 69 47 43 38 42 24
5 6 25 68 55 76 80 57 50 64 39 85
5 7 47 59 64 51 51 42 61 48 51 66
5 8 75 24 57 62 51 22 47 57 55 60
5 9 62 46 46 61 57 36 56 60 22 55
5 10 70 49 57 52 58 19 61 20 34 54
5 11 44 44 52 71 45 43 59 57 62 54
5 12 91 20 39 48 26 41 40 28 38 51
5 13 8 58 94 73 79 74 60 89 78 94
5 14 48 27 31 58 36 33 69 73 70 41
5 15 95 48 38 2 16 22 8 33 26 25
5 16 80 53 51 27 15 28 32 35 54 38
5 17 99 14 26 36 2 48 19 43 6 26
5 18 34 61 62 34 47 69 40 58 53 65
5 19 46 70 49 64 69 52 35 29 57 46
5 20 42 76 49 54 66 44 70 68 67 69
5 21 34 81 56 69 79 60 55 82 78 58
5 22 99 31 49 45 24 30 43 10 40 11
5 23 58 39 48 36 54 63 40 29 24 36
5 24 46 32 59 46 37 49 41 61 57 63
5 25 31 75 70 81 69 40 65 73 41 62
5 26 60 68 24 65 33 67 35 29 33 36
5 27 57 43 28 63 39 36 70 38 24 59
5 28 5 57 70 95 62 74 47 51 90 96
5 29 3 64 53 60 74 53 62 76 49 81
5 30 59 26 41 27 46 48 56 54 35 54
5 31 50 68 41 55 63 63 30 65 45 45
5 32 15 51 78 89 91 81 86 69 84 74
6 7 15 56 84 49 84 85 68 79 82 73
6 8 44 40 30 62 45 59 47 53 33 68
6 9 10 56 48 94 46 46 69 86 79 59
6 10 38 67 36 73 70 54 70 75 33 65
6 11 22 87 51 48 62 65 73 40 65 82
6 12 90 34 40 29 34 15 26 42 38 7
6 13 52 26 49 71 41 35 26 42 53 26
6 14 36 37 38 76 52 76 40 80 65 52
6 15 29 64 46 45 36 80 63 75 42 80
6 16 98 49 44 23 3 48 44 19 1 29
6 17 75 14 34 24 36 43 31 16 54 40
6 18 37 42 46 39 34 31 66 80 65 68
6 19 10 88 92 62 94 65 60 53 93 78
6 20 62 68 21 22 52 65 36 29 23 68
6 21 58 70 60 37 21 40 68 52 21 54
6 22 87 45 11 47 17 53 33 18 30 35
6 23 27 72 59 47 39 85 72 81 42 82
6 24 13 60 88 57 62 71 86 46 43 88
6 25 33 67 49 51 82 79 62 55 80 42
6 26 17 69 61 72 64 74 80 61 86 62
6 27 95 31 45 48 14 35 50 34 33 38
6 28 34 74 59 53 60 64 34 46 79 71
6 29 70 32 28 42 50 61 22 53 44 53
6 30 46 39 57 74 49 62 38 75 56 67
6 31 91 53 40 6 27 49 15 32 4 24
6 32 64 17 35 23 44 53 21 59 53 29
7 8 43 68 54 54 64 70 36 68 37 41
7 9 89 19 8 22 52 50 26 31 37 18
7 10 42 41 60 42 76 53 78 33 53 38
7 11 51 41 38 64 27 66 41 69 64 27
7 12 51 72 42 31 43 45 43 46 62 44
7 13 2 71 92 76 53 60 79 57 56 62
7 14 79 39 20 37 60 41 51 42 45 23
7 15 94 32 32 50 33 37 37 48 8 38
7 16 46 50 63 60 54 61 69 31 49 54
7 17 92 11 24 16 18 21 47 52 4 8
7 18 72 53 29 39 50 27 39 32 40 16
7 19 9 74 54 47 60 64 86 50 78 89
7 20 50 72 46 71 57 31 48 57 46 40
7 21 66 35 21 62 24 57 24 51 48 54
7 22 64 54 63 63 66 33 57 56 63 35
7 23 39 42 70 60 34 63 58 74 35 62
7 24 90 23 17 36 22 41 42 27 24 10
7 25 22 57 74 50 85 76 68 53 59 44
7 26 19 43 68 58 42 77 47 88 64 84
7 27 25 60 71 51 43 37 42 72 78 81
7 28 86 37 40 7 26 17 25 30 33 43
7 29 83 31 48 41 24 52 11 41 52 28
7 30 3 78 85 81 85 51 67 73 59 63
7 31 57 56 38 65 57 69 31 25 67 58
7 32 38 33 74 61 60 71 64 80 51 43
8 9 83 33 25 36 14 20 42 29 35 12
8 10 86 47 30 22 14 39 22 36 40 25
8 11 50 44 29 58 54 44 57 33 30 45
8 12 83 51 20 36 40 20 9 14 54 25
8 13 80 15 48 17 12 12 27 14 14 48
8 14 53 49 66 45 24 68 29 50 26 36
8 15 13 91 71 60 84 90 84 74 47 48
8 16 29 41 47 71 68 40 49 79 36 40
8 17 87 8 52 52 37 23 54 51 33 20
8 18 67 21 52 48 59 45 43 52 56 24
8 19 70 31 33 53 32 49 47 26 52 38
8 20 70 45 64 56 44 50 39 35 62 24
8 21 97 20 36 36 32 9 10 40 22 30
8 22 56 34 23 30 60 35 33 37 60 54
8 23 46 46 63 44 59 28 75 75 74 66
8 24 98 29 29 40 10 15 10 28 25 25
8 25 4 83 90 96 63 76 51 76 80 95
8 26 84 31 24 12 42 42 54 11 24 12
8 27 1 57 59 66 95 89 61 54 84 88
8 28 84 43 25 11 29 43 28 48 49 16
8 29 42 45 71 54 39 30 47 67 51 62
8 30 22 76 86 46 63 46 83 64 54 84
8 31 87 24 45 46 30 55 7 10 8 37
8 32 42 37 48 72 47 56 53 62 51 42
9 10 23 67 69 67 46 48 75 48 54 54
9 11 60 56 36 50 36 30 58 68 61 68
9 12 75 36 54 49 34 45 48 13 13 46
9 13 62 61 57 28 44 29 45 43 42 66
9 14 34 76 59 51 66 67 37 47 75 73
9 15 21 87 82 60 54 58 77 63 42 52
9 16 86 48 24 42 45 43 23 29 54 39
9 17 63 54 61 60 47 42 32 35 19 46
9 18 67 34 53 48 59 25 19 29 20 30
9 19 61 44 50 50 48 54 65 57 50 51
9 20 80 47 12 47 36 55 10 46 52 56
9 21 29 61 51 70 82 61 49 76 39 70
9 22 22 82 51 76 55 41 77 58 55 47
9 23 26 68 58 55 46 43 70 80 67 38
9 24 20 68 64 66 41 72 47 43 74 58
9 25 13 58 72 83 65 57 69 72 74 62
9 26 46 67 42 52 44 71 37 74 48 50
9 27 5 95 54 53 68 92 83 96 72 65
9 28 22 45 66 87 45 48 61 81 62 55
9 29 95 35 32 36 27 15 42 27 30 13
9 30 14 83 88 70 60 62 65 92 61 73
9 31 43 37 52 75 74 61 48 78 49 52
9 32 69 45 57 15 44 30 23 40 44 28
10 11 18 52 54 44 49 61 48 87 43 50
10 12 51 69 67 48 47 73 40 47 61 31
10 13 96 8 28 35 28 30 8 39 21 43
10 14 93 7 12 3 26 17 16 14 50 4
10 15 86 28 50 44 19 25 47 31 55 44
10 16 59 69 43 65 45 59 59 42 53 43
10 17 59 64 61 49 68 66 28 55 40 32
10 18 79 41 55 60 45 56 58 41 10 58
10 19 63 44 18 58 53 37 27 48 65 18
10 20 79 26 57 10 36 53 50 36 41 53
10 21 64 56 46 18 38 33 25 54 25 34
10 22 81 42 55 13 34 17 53 42 35 49
10 23 39 67 35 41 42 54 56 52 37 44
10 24 60 58 65 48 68 30 30 43 44 23
10 25 28 63 46 65 42 42 73 42 45 83
10 26 70 41 25 52 15 18 19 63 43 47
10 27 82 28 34 42 22 12 49 44 22 21
10 28 5 71 94 84 47 47 83 59 93 81
10 29 66 50 41 32 18 28 63 52 29 34
10 30 37 33 42 60 66 62 73 59 79 70
10 31 40 64 44 68 55 57 66 48 76 78
10 32 91 29 50 27 6 27 18 50 15 52
11 12 37 55 44 76 49 64 40 50 61 77
11 13 21 42 56 74 79 71 71 49 41 79
11 14 59 37 31 52 26 63 26 56 23 34
11 15 5 81 95 52 84 85 79 60 62 60
11 16 20 64 83 77 84 41 54 49 60 50
11 17 67 34 17 39 22 19 24 46 61 43
11 18 0 63 99 69 90 97 76 63 57 66
11 19 11 89 93 44 72 73 49 86 91 92
11 20 47 59 41 54 67 29 28 31 37 29
11 21 73 55 22 18 33 59 41 49 27 22
11 22 28 50 50 42 55 47 60 41 76 44
11 23 92 37 43 49 4 49 41 29 47 19
11 24 96 10 44 14 41 46 27 41 5 42
11 25 87 9 16 31 30 6 48 33 23 13
11 26 83 53 47 55 16 28 18 29 52 25
11 27 35 57 33 33 80 38 58 69 40 42
11 28 83 40 25 28 38 9 41 19 23 47
11 29 39 34 33 61 70 37 74 43 55 79
11 30 42 76 55 33 31 75 68 46 29 78
11 31 34 35 34 38 68 76 53 49 67 66
11 32 97 40 1 50 3 37 18 46 31 28
12 13 60 23 36 61 59 38 45 31 27 23
12 14 97 6 38 9 14 6 14 37 51 12
12 15 63 28 43 58 30 48 36 48 35 52
12 16 61 50 52 46 59 38 26 62 36 48
12 17 82 44 39 54 23 15 14 32 13 39
12 18 57 38 32 44 60 63 51 50 66 44
12 19 20 70 89 75 61 85 84 47 85 81
12 20 14 69 44 58 81 91 58 46 64 85
12 21 18 89 74 58 56 83 70 68 43 76
12 22 95 12 41 28 33 34 17 4 11 43
12 23 66 23 44 33 41 25 38 41 45 42
12 24 57 52 51 43 46 66 56 36 69 48
12 25 16 73 86 76 77 47 63 48 71 65
12 26 29 79 60 36 35 80 61 51 84 65
12 27 76 17 19 23 57 55 36 19 40 37
12 28 57 69 23 60 66 46 38 67 24 37
12 29 26 63 50 59 66 61 41 58 80 42
12 30 0 67 74 79 85 89 66 95 89 85
12 31 71 23 32 25 22 25 47 21 26 26
12 32 40 39 67 51 61 48 65 63 69 36
13 14 2 74 96 71 90 97 74 93 78 78
13 15 53 70 30 46 60 70 66 53 55 38
13 16 92 28 38 14 27 5 35 32 45 25
13 17 73 17 41 38 59 60 43 43 26 54
13 18 67 31 54 55 23 44 65 58 35 26
13 19 55 25 54 34 52 65 31 53 61 26
13 20 23 64 75 51 47 52 68 61 43 59
13 21 27 58 66 61 60 52 40 38 72 44
13 22 64 34 24 27 37 18 59 30 29 25
13 23 96 34 30 20 18 51 35 18 33 27
13 24 6 61 59 62 90 66 49 52 56 81
13 25 66 44 48 45 20 55 54 49 37 18
13 26 13 47 84 89 90 76 65 77 90 92
13 27 51 58 34 30 38 55 47 53 51 54
13 28 50 32 48 60 34 43 28 73 62 32
13 29 39 40 70 52 54 39 72 30 67 80
13 30 92 37 4 32 26 10 27 38 42 49
13 31 31 59 49 49 65 64 39 73 44 62
13 32 51 68 65 44 36 50 51 41 35 60
14 15 92 20 15 47 30 48 50 52 21 36
14 16 31 57 73 72 54 37 84 83 75 37
14 17 71 33 47 34 45 39 59 56 19 56
14 18 65 24 60 58 63 60 42 18 47 60
14 19 46 46 28 70 56 39 47 66 58 42
14 20 92 45 50 41 23 5 32 32 35 37
14 21 88 52 36 7 49 27 33 11 27 24
14 22 96 50 41 31 44 2 35 50 12 42
14 23 40 74 77 75 70 58 77 33 44 55
14 24 16 54 85 55 80 48 56 42 77 87
14 25 12 49 59 67 55 64 53 66 54 64
14 26 29 65 77 74 45 47 56 55 49 48
14 27 63 20 43 58 36 42 55 59 37 45
14 28 88 33 23 41 13 39 18 29 50 52
14 29 89 28 38 17 28 36 45 23 20 41
14 30 84 24 41 56 34 33 48 32 27 34
14 31 19 45 84 79 54 50 85 60 60 88
14 32 61 60 43 57 23 29 20 62 19 68
15 16 4 95 83 61 90 88 79 65 53 61
15 17 81 38 25 17 47 38 16 43 31 54
15 18 73 49 48 39 53 43 22 32 62 56
15 19 2 83 83 51 63 52 92 90 72 78
15 20 71 39 40 24 21 22 53 59 15 55
15 21 70 23 28 44 27 27 16 22 25 27
15 22 86 30 20 34 22 29 50 48 51 19
15 23 90 48 22 52 14 36 21 27 48 54
15 24 98 24 22 15 23 3 22 16 44 14
15 25 69 17 57 32 36 26 39 36 21 27
15 26 54 66 32 25 38 48 39 29 57 32
15 27 21 48 69 73 83 70 47 39 86 39
15 28 86 46 32 17 25 49 36 19 31 23
15 29 33 47 62 79 54 58 73 40 64 56
15 30 0 73 55 61 80 85 96 98 61 81
15 31 70 39 46 63 36 56 33 46 30 28
15 32 64 67 49 31 49 48 26 28 59 51
16 17 68 26 28 17 59 47 17 45 48 29
16 18 53 38 26 42 59 63 62 38 38 26
16 19 13 71 73 57 70 57 75 44 52 61
16 20 7 66 65 86 53 91 74 88 95 95
16 21 38 73 44 70 57 46 47 41 56 70
16 22 64 57 27 35 48 45 26 66 31 44
16 23 79 42 25 11 19 27 19 14 59 25
16 24 27 76 61 70 43 38 76 59 69 79
16 25 30 77 72 83 48 38 64 70 76 83
16 26 62 24 39 31 40 21 40 29 26 26
16 27 1 89 70 87 83 67 54 71 54 53
16 28 4 56 60 69 60 48 94 52 84 78
16 29 3 83 65 96 87 94 92 71 97 94
16 30 5 89 85 80 78 95 92 49 76 73
16 31 54 27 50 24 38 47 23 24 69 39
16 32 21 66 70 64 65 72 82 87 69 62
17 18 36 32 58 74 34 44 36 49 45 80
17 19 60 48 53 20 45 24 57 42 25 29
17 20 77 41 38 24 59 51 23 35 41 46
17 21 50 35 52 74 74 45 62 69 45 43
17 22 58 49 60 44 49 60 25 43 62 48
17 23 86 52 12 34 28 24 9 45 46 35
17 24 24 73 39 73 71 56 38 69 66 59
17 25 68 29 44 15 51 16 19 41 47 43
17 26 31 54 61 35 64 60 79 78 59 78
17 27 73 47 34 39 15 49 22 43 43 35
17 28 58 40 68 34 65 26 41 22 57 69
17 29 64 49 44 47 45 25 67 30 37 41
17 30 89 17 51 31 45 6 34 9 32 41
17 31 39 76 59 45 66 58 67 55 48 60
17 32 5 90 50 72 74 60 60 82 58 72
18 19 20 79 68 45 57 86 62 60 63 66
18 20 74 42 21 22 44 44 28 59 35 25
18 21 25 49 43 54 45 37 64 39 42 85
18 22 82 30 36 32 27 58 43 39 34 12
18 23 97 30 31 24 12 43 9 41 9 46
18 24 67 65 43 17 64 36 17 64 19 65
18 25 98 5 30 20 18 1 39 27 36 29
18 26 78 39 32 51 60 30 23 55 40 26
18 27 98 19 9 32 24 30 13 16 43 27
18 28 79 21 44 59 30 45 38 13 49 26
18 29 30 59 35 61 36 41 44 46 71 43
18 30 62 63 34 19 18 65 65 52 29 55
18 31 85 25 14 49 45 11 52 8 55 53
18 32 13 57 63 52 51 59 67 57 47 75
19 20 8 58 70 59 75 92 57 60 47 66
19 21 46 43 66 75 27 42 73 71 45 57
19 22 24 46 54 83 43 50 56 69 75 61
19 23 51 69 26 47 38 69 34 56 38 35
19 24 16 57 70 52 49 64 81 79 51 79
19 25 28 38 67 55 56 59 40 61 71 61
19 26 86 34 30 16 27 50 19 17 14 51
19 27 24 52 84 77 79 49 40 82 39 74
19 28 50 33 40 66 31 26 64 73 73 61
19 29 88 43 17 38 36 50 49 38 51 12
19 30 74 39 56 57 51 58 53 50 41 26
19 31 48 67 30 31 37 66 59 58 64 71
19 32 26 47 47 81 69 36 50 50 38 74
20 21 7 68 87 83 59 46 62 49 68 77
20 22 18 71 70 73 76 52 57 66 50 79
20 23 59 29 40 42 56 41 54 68 64 22
20 24 38 51 79 77 69 65 54 37 68 37
20 25 55 70 25 54 24 36 36 23 37 41
20 26 33 75 56 57 48 71 55 56 44 60
20 27 35 53 53 52 80 43 80 77 41 40
20 28 42 59 55 38 49 39 41 63 52 65
20 29 14 66 68 74 82 77 75 80 57 88
20 30 55 22 40 48 65 63 41 40 33 52
20 31 39 58 57 53 72 66 56 68 36 49
20 32 43 45 28 37 65 42 38 31 46 64
21 22 86 55 44 51 27 33 7 13 51 13
21 23 99 48 11 40 47 8 7 33 29 4
21 24 21 74 87 62 52 87 86 61 57 86
21 25 65 60 64 17 55 28 33 23 18 24
21 26 57 60 25 39 64 30 41 37 43 34
21 27 30 74 42 81 73 75 69 81 57 56
21 28 5 88 87 93 63 53 65 82 91 96
21 29 22 82 58 61 64 54 69 43 64 83
21 30 99 44 4 4 22 41 4 46 6 6
21 31 83 9 29 48 35 17 49 49 45 39
21 32 73 16 58 61 28 22 24 35 19 47
22 23 71 37 45 14 35 53 34 32 42 26
22 24 78 40 22 35 23 57 23 12 23 55
22 25 38 48 50 61 54 66 51 74 62 41
22 26 89 38 9 30 45 39 7 46 39 31
22 27 81 23 52 33 30 58 39 33 52 58
22 28 46 63 72 52 46 67 46 69 36 39
22 29 10 89 73 94 45 70 65 58 76 68
22 30 79 46 26 27 38 27 35 44 57 37
22 31 6 51 64 84 70 57 86 57 96 63
22 32 3 67 96 76 81 89 75 68 67 89
23 24 98 36 34 31 26 22 31 10 15 43
23 25 69 59 25 47 64 64 53 41 26 48
23 26 45 39 39 50 42 27 56 31 70 72
23 27 54 39 41 29 23 57 29 68 72 37
23 28 9 92 68 75 84 56 57 51 81 89
23 29 74 39 60 22 40 45 20 27 45 62
23 30 20 88 53 40 51 44 68 56 57 43
23 31 1 85 92 88 51 58 72 52 78 94
23 32 39 60 51 70 70 70 31 32 41 75
24 25 69 57 18 41 55 41 24 25 41 52
24 26 54 37 49 71 32 49 43 50 25 62
24 27 61 64 22 58 36 55 39 39 42 50
24 28 5 90 85 68 60 59 55 51 93 48
24 29 34 71 66 78 59 56 82 60 40 63
24 30 33 51 45 78 51 73 58 39 71 74
24 31 5 57 48 78 88 69 65 76 70 96
24 32 38 39 41 59 43 34 37 74 66 57
25 26 49 49 29 54 61 48 34 51 25 69
25 27 30 71 69 75 58 70 73 55 64 67
25 28 18 51 58 49 44 64 41 64 82 84
25 29 80 54 24 50 46 35 34 44 28 58
25 30 59 59 43 69 28 55 56 49 47 53
25 31 64 38 62 57 31 22 53 18 51 43
25 32 48 33 64 35 31 44 42 56 51 64
26 27 22 73 58 71 86 81 67 79 75 79
26 28 21 57 50 82 79 69 40 50 57 57
26 29 48 27 44 48 48 36 69 75 35 27
26 30 41 70 63 71 38 62 66 75 76 73
26 31 73 31 56 46 32 46 47 59 15 21
26 32 86 14 30 10 53 10 43 54 46 30
27 28 29 60 52 63 51 45 82 42 41 84
27 29 67 58 51 32 18 35 47 66 23 16
27 30 86 30 13 26 30 22 47 49 17 18
27 31 91 17 10 43 44 32 33 14 15 8
27 32 0 94 59 88 88 79 76 60 56 54
28 29 47 48 39 60 73 35 74 38 30 73
28 30 13 67 83 75 60 57 56 62 87 79
28 31 83 42 36 49 17 18 17 18 15 37
28 32 85 36 35 47 14 54 37 19 42 41
29 30 4 51 97 54 62 77 65 53 81 67
29 31 70 54 32 60 51 24 46 56 38 22
29 32 59 41 49 45 44 54 43 65 25 32
30 31 58 27 21 52 69 25 69 64 59 26
30 32 50 52 60 59 70 71 30 50 74 56
31 32 63 28 27 21 50 29 20 39 39 38
