40 10
0.3 0 0 0 0 0 0 0 0 0.7
0 1 59 45 35 35 34 48 43 44 46 41
0 2 72 35 25 31 24 37 24 23 37 24
0 3 71 29 27 34 27 27 26 33 36 35
0 4 31 60 58 62 62 72 65 70 68 65
0 5 45 46 56 54 60 51 53 60 58 58
0 6 61 33 40 43 35 47 42 35 41 43
0 7 73 28 26 24 26 34 22 30 32 36
0 8 2 96 94 84 93 86 85 90 90 87
0 9 32 58 70 61 66 64 58 71 68 60
0 10 77 30 29 33 20 31 28 20 26 22
0 11 97 7 9 16 15 3 11 15 15 12
0 12 10 80 88 82 89 81 82 88 84 82
0 13 3 85 84 86 89 90 88 83 93 96
0 14 16 79 83 74 76 71 84 72 78 71
0 15 46 45 52 49 60 51 53 45 52 52
0 16 31 71 73 71 66 67 67 58 60 68
0 17 56 46 51 46 50 45 40 39 49 48
0 18 40 60 58 55 61 57 62 65 64 62
0 19 86 12 18 14 21 13 13 17 25 24
0 20 86 13 26 11 12 16 13 23 14 22
0 21 32 59 66 71 58 65 69 62 66 60
0 22 28 65 66 68 75 74 68 69 65 61
0 23 77 31 33 24 32 19 20 21 20 30
0 24 67 36 37 30 32 42 29 42 37 27
0 25 42 61 54 63 63 49 60 61 64 52
0 26 39 54 63 53 60 53 55 53 57 53
0 27 20 79 79 81 68 73 73 74 75 78
0 28 58 46 48 44 48 48 47 35 46 46
0 29 83 18 18 26 19 20 19 20 16 15
0 30 29 69 69 60 72 69 70 71 63 67
0 31 15 84 79 80 74 77 77 73 81 81
0 32 49 45 49 44 47 44 54 51 52 50
0 33 44 54 54 49 50 57 51 59 49 48
0 34 44 53 50 50 58 60 56 49 58 50
0 35 33 59 67 62 64 69 66 62 61 62
0 36 99 0 7 8 8 3 0 9 13 1
0 37 82 16 19 25 28 18 28 14 29 17
0 38 70 34 39 37 39 29 31 28 25 34
0 39 53 53 51 53 48 52 51 39 46 42
1 2 19 83 81 74 69 76 82 75 77 81
1 3 79 19 20 20 22 30 30 31 20 29
1 4 83 28 22 17 17 15 25 14 20 26
1 5 79 22 28 23 21 28 20 24 21 25
1 6 55 39 41 38 48 39 52 42 39 40
1 7 15 83 76 79 83 77 78 76 80 77
1 8 72 27 29 36 37 32 36 31 36 28
1 9 11 89 84 75 80 80 75 81 78 83
1 10 15 84 86 84 74 79 75 86 79 73
1 11 69 33 40 30 35 30 33 32 28 32
1 12 52 43 50 49 41 46 55 41 50 50
1 13 27 71 72 65 63 70 73 65 75 72
1 14 23 77 70 78 77 67 68 69 71 77
1 15 71 25 35 28 26 35 35 37 31 38
1 16 98 7 11 6 1 4 8 5 13 5
1 17 64 31 41 37 41 31 37 42 35 44
1 18 11 84 88 88 79 83 81 87 81 80
1 19 40 60 64 59 58 63 63 55 51 57
1 20 14 84 73 86 74 84 83 82 73 73
1 21 31 69 60 66 69 59 66 67 71 67
1 22 42 58 60 56 53 52 57 60 63 53
1 23 0 90 91 97 87 94 99 94 89 92
1 24 29 60 64 67 63 61 67 68 70 64
1 25 73 22 28 35 23 27 33 35 36 26
1 26 84 18 19 14 19 27 21 16 22 26
1 27 51 55 47 50 43 54 41 45 45 52
1 28 81 17 19 28 29 19 25 26 30 20
1 29 87 14 23 25 18 10 16 21 14 14
1 30 63 40 41 30 33 44 32 34 39 34
1 31 24 78 67 70 71 71 68 77 68 67
1 32 38 56 59 64 66 56 66 62 52 62
1 33 81 22 22 16 15 24 17 15 19 26
1 34 96 11 6 4 10 7 15 7 17 7
1 35 78 20 23 23 28 21 31 33 28 18
1 36 18 82 79 79 83 81 75 77 81 80
1 37 93 10 6 11 12 18 18 19 11 7
1 38 93 13 9 13 16 14 17 14 20 15
1 39 78 32 27 24 19 28 28 21 25 32
2 3 69 28 34 25 30 36 27 37 26 29
2 4 97 15 4 16 9 8 3 5 4 4
2 5 96 6 4 10 14 16 3 17 6 8
2 6 80 21 31 27 19 25 16 17 22 27
2 7 68 31 40 32 30 39 30 34 29 41
2 8 9 91 85 88 81 85 87 85 79 85
2 9 29 73 62 62 74 61 71 62 61 70
2 10 77 27 33 32 29 30 21 24 27 23
2 11 79 19 27 27 31 31 18 22 30 29
2 12 71 31 37 27 34 37 28 35 37 33
2 13 92 17 20 8 12 14 14 8 14 19
2 14 19 78 70 78 81 76 76 79 69 79
2 15 3 82 84 93 90 95 83 87 85 87
2 16 86 16 13 24 16 11 13 13 15 20
2 17 83 28 26 24 25 15 15 20 20 26
2 18 25 69 67 71 66 77 73 78 69 74
2 19 9 87 91 87 84 80 79 84 91 91
2 20 11 79 78 85 76 81 87 87 84 89
2 21 35 58 67 60 61 57 59 58 56 66
2 22 28 66 69 73 63 74 64 75 63 63
2 23 40 64 60 55 61 51 55 56 56 53
2 24 10 78 85 89 80 80 90 76 89 85
2 25 52 50 44 50 52 41 52 54 54 50
2 26 9 90 88 84 79 89 87 86 88 86
2 27 27 62 62 74 68 75 63 71 61 66
2 28 52 46 53 50 51 55 49 44 44 47
2 29 32 59 70 69 60 66 65 66 60 61
2 30 53 49 54 47 41 42 40 43 43 42
2 31 48 49 55 45 53 54 57 52 55 53
2 32 16 86 77 82 85 74 76 83 84 84
2 33 49 49 49 55 52 43 47 55 54 54
2 34 16 75 71 78 84 74 80 83 71 72
2 35 24 71 76 67 67 78 69 75 73 71
2 36 96 16 5 8 12 17 7 8 14 11
2 37 86 21 22 19 23 21 21 16 17 18
2 38 55 47 38 48 42 51 39 39 41 40
2 39 56 51 46 41 44 45 45 41 50 43
3 4 97 9 2 2 12 9 10 16 11 6
3 5 92 13 11 20 7 7 9 14 12 10
3 6 3 96 90 89 89 90 91 93 94 88
3 7 40 64 52 61 58 52 64 54 56 57
3 8 15 77 72 75 85 78 84 85 83 76
3 9 34 61 57 63 63 68 65 60 62 61
3 10 55 48 40 48 37 40 47 39 38 41
3 11 10 78 91 84 79 81 77 82 79 91
3 12 95 11 16 6 5 12 15 4 10 7
3 13 45 58 51 47 45 58 51 46 48 57
3 14 3 82 86 87 96 91 83 89 82 92
3 15 38 54 55 59 52 53 54 62 63 61
3 16 83 27 22 16 24 27 22 24 14 20
3 17 48 44 57 48 47 44 57 55 45 47
3 18 3 91 88 90 94 82 84 83 96 92
3 19 5 85 81 93 81 91 92 93 86 92
3 20 66 29 29 29 32 36 29 35 42 40
3 21 21 72 70 80 76 77 78 68 72 66
3 22 88 11 14 17 13 12 17 18 16 12
3 23 35 58 65 60 60 64 59 63 63 65
3 24 50 47 48 55 50 52 48 51 49 47
3 25 10 77 84 83 87 90 78 84 83 80
3 26 32 67 66 67 68 64 60 60 57 57
3 27 24 71 70 71 74 76 75 71 69 67
3 28 84 20 28 26 17 24 14 23 14 19
3 29 19 74 76 83 69 82 76 73 82 71
3 30 50 51 43 54 48 49 44 44 46 53
3 31 62 34 44 37 34 39 34 35 41 37
3 32 33 57 62 58 65 62 57 66 64 68
3 33 3 95 82 93 91 90 89 87 88 88
3 34 5 91 93 83 92 88 92 81 81 86
3 35 30 72 65 69 63 67 60 65 73 70
3 36 94 13 11 5 7 14 12 7 12 18
3 37 39 63 54 65 60 66 64 66 65 64
3 38 83 18 20 20 28 18 27 19 28 20
3 39 46 59 56 54 48 55 45 48 45 49
4 5 75 22 33 24 22 33 22 34 27 32
4 6 69 38 32 27 27 27 37 41 30 35
4 7 58 39 42 36 47 47 37 37 49 38
4 8 68 31 31 36 39 40 32 32 33 31
4 9 9 80 81 86 91 81 78 91 91 80
4 10 26 72 72 69 68 71 71 68 76 68
4 11 92 16 7 7 9 8 14 17 9 15
4 12 9 81 77 90 87 80 79 84 88 90
4 13 44 49 53 57 59 49 54 56 48 55
4 14 87 25 18 18 15 15 19 12 21 13
4 15 94 7 13 9 12 10 11 11 16 9
4 16 70 32 34 29 36 28 38 26 25 38
4 17 35 69 57 63 65 59 59 68 66 62
4 18 61 33 44 33 40 46 41 34 39 47
4 19 87 23 11 22 23 23 24 13 12 24
4 20 17 72 74 73 72 70 80 74 70 75
4 21 50 46 42 47 49 49 47 44 42 54
4 22 9 82 79 91 86 88 87 91 89 90
4 23 29 61 74 74 65 67 67 69 61 67
4 24 86 25 13 18 13 14 26 16 13 21
4 25 21 72 70 72 77 69 74 75 78 77
4 26 7 86 90 84 89 86 87 86 88 81
4 27 11 88 82 87 84 86 79 76 83 84
4 28 95 12 10 5 16 7 10 9 13 16
4 29 45 46 54 48 51 48 48 47 53 58
4 30 24 67 74 64 66 65 66 68 73 69
4 31 4 89 83 82 94 82 89 95 87 82
4 32 71 32 38 36 34 32 25 25 25 29
4 33 45 51 59 60 51 50 59 54 58 47
4 34 83 16 15 21 20 24 18 27 15 25
4 35 58 46 46 48 38 39 40 42 39 43
4 36 5 88 86 91 95 85 81 88 90 83
4 37 5 87 86 88 90 93 92 91 82 84
4 38 82 27 24 15 19 28 24 22 15 15
4 39 20 71 75 78 75 77 74 76 71 75
5 6 90 12 13 18 11 20 19 7 11 15
5 7 6 84 82 81 91 92 87 86 88 88
5 8 56 47 51 49 40 51 45 37 40 41
5 9 41 53 61 57 54 53 63 58 63 62
5 10 70 38 30 36 37 36 28 28 39 28
5 11 61 34 41 40 35 42 36 39 38 45
5 12 34 69 57 62 56 67 58 66 61 69
5 13 41 61 49 61 54 54 55 63 63 56
5 14 25 71 75 76 66 69 66 70 64 64
5 15 86 23 22 20 24 23 21 11 15 26
5 16 48 50 46 53 45 57 58 52 44 53
5 17 30 63 61 71 59 69 70 66 64 63
5 18 86 15 12 18 14 19 17 20 23 13
5 19 30 61 67 64 68 61 63 66 72 65
5 20 88 17 10 24 14 19 24 22 20 10
5 21 52 51 52 47 47 48 54 46 41 42
5 22 3 92 96 94 83 93 85 92 96 82
5 23 46 46 56 56 48 51 56 46 45 55
5 24 60 44 34 44 46 38 35 36 40 47
5 25 83 22 18 20 24 18 26 22 19 22
5 26 38 63 63 56 55 63 62 55 65 55
5 27 99 13 9 13 6 3 5 14 7 11
5 28 21 74 74 73 68 80 67 73 78 74
5 29 97 16 10 1 5 10 7 9 15 8
5 30 47 52 57 56 49 55 51 49 49 47
5 31 37 65 61 63 54 64 66 68 56 56
5 32 41 62 52 57 54 52 62 61 62 51
5 33 79 32 23 23 30 26 24 17 25 25
5 34 3 86 96 91 93 82 95 90 91 91
5 35 45 46 54 53 53 49 55 50 49 53
5 36 8 85 82 83 78 87 78 85 85 89
5 37 4 83 85 91 83 83 88 82 87 87
5 38 66 40 30 36 35 36 37 38 43 33
5 39 2 91 83 85 88 93 86 90 84 95
6 7 60 34 39 39 40 34 42 37 47 36
6 8 63 35 36 37 43 45 42 39 34 35
6 9 16 83 73 85 84 72 75 85 77 74
6 10 54 42 50 39 44 46 51 47 45 41
6 11 23 69 73 64 74 65 66 75 65 71
6 12 63 34 35 39 45 43 35 31 33 34
6 13 64 32 30 42 33 43 39 39 44 44
6 14 56 45 44 39 44 49 37 42 49 43
6 15 97 3 2 6 3 4 16 16 10 15
6 16 12 80 89 85 85 88 82 84 89 79
6 17 13 85 81 74 76 84 82 84 73 84
6 18 14 86 86 81 86 85 82 74 87 73
6 19 3 82 87 86 89 87 85 87 91 94
6 20 48 56 53 51 43 48 51 45 46 50
6 21 40 54 62 59 62 55 65 50 53 58
6 22 69 32 27 30 38 36 35 32 33 36
6 23 9 91 91 78 84 79 83 83 86 80
6 24 78 22 30 21 25 19 31 23 22 32
6 25 30 64 68 61 70 60 71 61 69 69
6 26 21 74 67 79 66 71 78 73 80 74
6 27 38 52 58 59 62 61 54 52 56 63
6 28 66 41 31 40 31 33 42 41 41 36
6 29 42 60 60 58 63 58 52 57 60 56
6 30 35 58 68 62 59 68 60 68 61 63
6 31 61 47 44 46 47 39 34 43 47 35
6 32 43 53 59 62 58 51 60 52 54 53
6 33 92 19 9 13 13 20 11 6 17 17
6 34 89 12 18 15 20 20 14 20 22 14
6 35 98 9 2 2 10 6 9 6 5 3
6 36 9 76 78 77 81 87 78 78 80 81
6 37 21 78 71 77 76 67 73 74 77 70
6 38 90 13 16 14 20 16 21 20 22 21
6 39 53 51 54 45 44 48 51 47 52 48
7 8 56 38 50 47 38 38 37 46 50 40
7 9 70 29 33 28 31 29 38 32 39 39
7 10 34 60 70 62 67 64 66 59 67 56
7 11 86 17 12 21 14 22 13 12 24 11
7 12 8 90 91 79 82 79 83 82 84 78
7 13 92 11 17 14 19 17 12 16 21 15
7 14 28 72 68 65 71 75 65 63 72 74
7 15 90 8 16 19 12 22 21 16 22 17
7 16 37 65 68 58 66 59 66 57 66 65
7 17 29 69 64 67 74 73 69 61 70 61
7 18 98 4 8 15 5 8 16 11 11 10
7 19 92 13 17 21 21 7 16 17 10 11
7 20 1 91 89 98 89 97 92 87 94 97
7 21 63 38 43 31 32 32 35 36 37 42
7 22 61 44 32 43 44 36 43 42 46 40
7 23 98 12 2 3 12 5 4 3 1 5
7 24 45 52 51 55 61 57 54 49 47 58
7 25 96 13 7 7 3 7 15 14 15 4
7 26 43 62 58 48 49 61 61 63 53 52
7 27 34 68 62 63 63 69 60 57 58 63
7 28 59 35 40 38 35 42 42 41 48 41
7 29 45 60 50 58 55 61 48 55 48 50
7 30 82 20 16 17 25 19 22 24 25 29
7 31 55 44 39 44 52 50 50 39 46 46
7 32 97 3 2 7 10 6 10 7 5 15
7 33 46 57 49 55 58 50 56 58 47 53
7 34 82 16 29 29 27 23 22 23 26 27
7 35 59 40 40 36 45 38 39 38 41 38
7 36 17 84 81 73 76 70 82 70 75 76
7 37 7 81 92 90 83 80 92 81 88 91
7 38 0 97 95 92 85 92 94 96 91 88
7 39 41 58 60 57 54 52 60 62 50 60
8 9 33 57 70 59 63 71 63 69 62 61
8 10 23 77 73 74 76 72 76 78 79 68
8 11 45 52 48 52 49 57 58 49 47 47
8 12 80 24 22 31 19 23 26 26 24 31
8 13 58 44 35 47 40 44 41 44 48 43
8 14 80 18 28 26 29 20 17 30 29 28
8 15 17 77 78 83 74 75 75 76 79 73
8 16 20 81 70 78 80 73 72 76 72 78
8 17 67 42 33 39 38 29 35 29 32 33
8 18 89 13 12 14 18 14 17 20 19 11
8 19 0 95 91 96 89 94 85 98 91 90
8 20 77 21 23 25 33 21 22 27 20 26
8 21 60 41 36 37 34 40 44 35 44 45
8 22 43 56 54 62 57 62 53 53 60 49
8 23 22 76 74 70 72 77 71 67 70 71
8 24 59 34 34 45 45 38 38 47 35 40
8 25 79 31 26 20 21 20 28 19 26 28
8 26 54 51 40 50 52 45 47 40 45 45
8 27 15 80 85 79 84 76 72 86 73 83
8 28 34 55 57 60 68 64 58 63 64 66
8 29 73 36 34 22 35 25 29 28 29 36
8 30 53 49 39 48 48 41 48 50 52 44
8 31 35 69 64 59 66 56 62 67 68 54
8 32 82 26 24 27 29 15 28 24 23 23
8 33 58 38 40 41 45 46 48 48 38 35
8 34 28 71 74 67 74 66 75 65 64 65
8 35 54 49 40 43 42 45 47 52 48 41
8 36 31 58 61 58 72 58 58 70 65 68
8 37 61 42 46 39 32 44 34 43 45 42
8 38 58 37 46 36 37 43 38 39 45 45
8 39 95 17 15 7 11 12 17 19 5 10
9 10 8 86 83 90 79 80 85 85 87 85
9 11 23 71 79 67 70 68 77 67 73 77
9 12 86 23 15 21 19 18 13 21 14 12
9 13 50 45 47 43 49 47 55 47 42 44
9 14 26 71 70 62 69 63 70 66 75 62
9 15 74 35 30 26 29 31 25 35 32 23
9 16 95 14 17 14 16 17 18 14 15 14
9 17 86 23 13 22 19 16 26 17 12 18
9 18 8 83 91 86 85 83 81 85 91 84
9 19 41 56 57 63 51 57 63 58 58 63
9 20 40 61 53 64 54 64 57 64 57 54
9 21 37 62 56 66 55 53 63 66 54 54
9 22 44 58 60 56 57 50 59 53 48 61
9 23 52 54 49 52 45 51 54 43 51 50
9 24 8 90 82 92 89 79 83 88 91 87
9 25 69 28 31 27 39 33 30 39 33 40
9 26 65 42 38 36 32 40 40 41 30 32
9 27 79 18 17 28 22 32 23 31 18 20
9 28 61 43 37 35 35 40 42 40 47 45
9 29 67 33 27 37 35 29 41 36 32 39
9 30 25 72 78 73 66 67 77 66 69 64
9 31 4 90 82 82 87 88 85 95 82 88
9 32 83 19 18 25 16 14 27 15 15 23
9 33 77 29 19 21 30 24 28 32 32 26
9 34 72 25 29 24 37 30 33 27 30 24
9 35 96 9 12 15 18 17 10 5 5 6
9 36 75 27 27 35 22 34 20 22 22 22
9 37 71 31 30 30 38 32 36 35 32 34
9 38 68 31 36 41 38 31 30 30 39 35
9 39 68 34 40 39 34 31 38 39 37 34
10 11 60 36 41 45 40 42 48 39 38 37
10 12 79 27 26 27 24 24 21 18 30 17
10 13 29 65 65 67 60 70 69 72 63 61
10 14 47 57 46 51 48 55 50 47 57 47
10 15 17 76 78 70 83 73 70 80 78 73
10 16 62 35 36 42 42 33 41 40 43 33
10 17 45 52 55 52 57 47 61 50 55 50
10 18 19 71 70 80 71 79 80 71 75 69
10 19 50 51 48 51 51 56 54 47 47 51
10 20 16 75 78 82 73 80 77 72 82 72
10 21 17 78 84 82 80 76 76 84 83 74
10 22 39 58 57 65 53 65 54 63 58 61
10 23 22 76 70 74 70 75 70 78 72 65
10 24 97 12 8 9 4 10 11 13 7 16
10 25 69 26 31 40 30 39 32 38 37 40
10 26 26 70 65 71 68 71 72 76 62 66
10 27 83 17 27 22 18 19 20 18 20 15
10 28 26 72 76 71 62 77 76 75 72 63
10 29 87 13 18 22 17 16 18 17 10 23
10 30 75 21 35 30 31 28 32 34 23 26
10 31 13 80 79 84 75 74 79 83 84 79
10 32 27 62 75 61 61 68 62 66 64 64
10 33 85 19 13 17 20 17 26 18 24 21
10 34 28 68 74 74 68 72 71 63 65 66
10 35 59 34 38 47 39 43 36 46 45 35
10 36 43 57 56 60 60 61 50 47 52 58
10 37 3 95 83 82 93 96 83 84 93 87
10 38 47 49 53 54 57 51 57 58 50 45
10 39 68 35 35 27 38 31 34 32 29 29
11 12 72 33 31 29 31 32 30 30 29 36
11 13 18 78 72 83 72 74 74 72 72 79
11 14 43 49 61 50 50 49 56 51 63 60
11 15 85 21 24 16 24 26 16 14 22 26
11 16 12 87 77 84 77 74 79 78 88 88
11 17 7 92 83 90 82 81 85 86 81 88
11 18 75 34 23 28 31 35 28 29 33 24
11 19 73 33 31 27 26 28 25 35 27 27
11 20 52 44 44 41 50 47 45 50 45 47
11 21 44 47 56 57 55 50 53 48 55 59
11 22 57 42 47 48 43 39 45 44 45 45
11 23 17 70 75 81 84 79 78 82 75 80
11 24 2 89 87 85 88 88 89 93 92 92
11 25 29 74 60 70 62 72 72 68 66 60
11 26 55 38 43 50 51 43 47 44 49 46
11 27 10 89 88 80 78 81 82 79 80 78
11 28 5 92 83 94 83 93 83 83 81 93
11 29 66 33 30 35 38 29 32 30 42 31
11 30 57 44 44 39 50 37 42 44 47 44
11 31 71 35 32 25 36 30 34 29 35 32
11 32 24 67 76 79 77 72 71 69 72 68
11 33 74 27 27 26 30 24 29 35 29 30
11 34 67 30 36 28 37 29 29 36 42 27
11 35 52 41 45 43 46 42 50 53 48 47
11 36 58 35 48 43 40 37 47 43 49 45
11 37 99 14 5 3 10 3 9 4 8 2
11 38 96 5 4 8 11 18 9 8 8 8
11 39 43 55 58 57 61 55 58 52 52 52
12 13 31 69 72 67 61 71 64 72 64 69
12 14 3 82 93 94 86 86 91 87 90 82
12 15 31 61 62 71 71 62 73 67 66 70
12 16 87 13 12 14 21 17 11 24 18 23
12 17 37 55 65 58 66 58 63 53 61 60
12 18 16 73 82 84 82 85 80 71 72 82
12 19 57 37 38 42 37 48 47 48 41 48
12 20 82 25 28 21 16 19 25 22 24 26
12 21 2 97 91 93 89 96 95 92 89 87
12 22 85 17 13 25 27 18 20 15 22 20
12 23 93 6 20 13 18 13 12 16 16 20
12 24 29 67 61 72 74 65 60 61 70 72
12 25 57 37 45 41 43 36 35 42 37 44
12 26 94 10 10 7 17 13 8 9 15 14
12 27 25 69 69 71 66 67 76 77 76 74
12 28 75 24 30 29 28 34 35 31 26 30
12 29 34 61 56 66 62 69 63 55 62 64
12 30 71 38 34 27 31 28 32 28 29 29
12 31 8 89 86 81 89 86 83 89 88 88
12 32 23 71 66 74 65 65 67 78 78 71
12 33 97 14 13 10 15 14 15 8 3 14
12 34 18 78 79 71 73 72 79 74 82 71
12 35 90 16 15 11 17 19 19 13 13 12
12 36 44 49 54 57 50 51 47 52 58 47
12 37 70 35 28 32 37 26 38 27 29 40
12 38 78 26 21 30 29 24 30 32 28 26
12 39 3 86 85 91 83 96 93 83 88 86
13 14 1 93 97 98 83 96 93 88 95 87
13 15 78 22 32 24 31 21 27 22 19 28
13 16 59 36 38 38 39 41 35 40 41 35
13 17 69 33 40 32 38 26 36 25 28 34
13 18 23 74 73 69 66 74 73 67 71 75
13 19 53 43 39 42 51 39 43 47 43 47
13 20 62 43 43 38 38 39 45 46 34 33
13 21 66 43 37 29 36 32 42 30 29 35
13 22 3 86 88 95 91 94 87 88 91 83
13 23 60 42 47 45 34 41 44 43 46 38
13 24 68 27 27 38 33 39 38 34 35 34
13 25 72 34 36 27 33 33 24 36 30 25
13 26 6 81 87 93 92 87 92 85 92 94
13 27 80 23 25 26 23 23 20 20 22 24
13 28 22 72 72 75 76 70 79 69 71 70
13 29 20 69 77 78 77 72 81 78 81 72
13 30 13 83 83 77 78 78 75 84 88 83
13 31 69 25 36 27 39 35 38 28 37 38
13 32 42 54 50 59 57 56 56 53 52 49
13 33 40 61 60 50 53 63 64 61 63 64
13 34 10 81 83 81 79 77 84 76 84 77
13 35 12 80 75 75 86 88 76 74 77 82
13 36 3 95 88 93 94 90 82 94 94 84
13 37 99 5 9 10 0 11 14 1 10 10
13 38 37 61 53 58 53 64 67 67 61 61
13 39 28 68 68 61 63 73 63 68 67 71
14 15 84 24 24 24 22 24 27 18 24 17
14 16 33 69 69 64 68 57 63 60 66 70
14 17 77 23 25 22 20 21 29 27 30 23
14 18 24 77 70 78 74 73 70 66 68 64
14 19 84 27 18 22 15 27 27 28 19 28
14 20 69 35 29 32 28 31 30 29 36 34
14 21 77 20 31 21 22 21 30 32 23 21
14 22 65 35 33 36 32 43 38 40 36 41
14 23 86 22 18 16 22 20 22 22 15 16
14 24 50 55 52 54 49 49 43 49 42 53
14 25 81 26 18 23 22 22 23 20 25 24
14 26 26 69 69 69 76 68 74 63 68 74
14 27 26 68 68 68 75 70 64 64 74 69
14 28 67 27 34 31 36 38 41 36 38 38
14 29 9 77 90 79 78 85 78 91 78 84
14 30 63 43 45 42 33 42 39 40 41 33
14 31 5 81 93 95 85 86 90 87 81 80
14 32 91 7 11 7 13 10 17 20 7 10
14 33 58 40 45 36 41 49 37 49 37 35
14 34 27 70 76 69 68 71 74 75 64 71
14 35 97 9 4 9 4 5 2 4 5 3
14 36 30 59 73 73 67 64 69 70 71 64
14 37 29 67 69 71 62 69 70 72 64 61
14 38 25 68 63 74 70 67 66 67 66 76
14 39 50 56 54 51 49 53 43 51 43 50
15 16 19 77 73 81 76 68 69 69 71 81
15 17 87 14 18 14 11 18 21 19 16 24
15 18 86 20 20 13 15 26 21 14 19 18
15 19 30 63 61 63 73 73 70 67 65 66
15 20 11 79 75 83 85 86 86 75 81 85
15 21 96 17 5 3 4 17 9 8 14 13
15 22 11 77 89 83 84 87 83 78 84 88
15 23 99 1 4 12 6 13 6 10 7 1
15 24 87 17 15 10 17 23 18 12 17 22
15 25 82 16 25 16 16 23 26 16 20 21
15 26 3 87 94 92 85 82 91 82 87 93
15 27 98 10 6 7 1 3 12 12 6 4
15 28 58 42 47 39 43 45 46 48 44 49
15 29 23 75 77 68 73 66 76 67 79 70
15 30 48 43 55 44 48 51 48 46 48 43
15 31 35 68 63 66 65 55 62 67 66 67
15 32 4 94 95 83 91 88 91 86 82 86
15 33 73 24 24 25 35 35 28 32 31 29
15 34 81 24 21 19 22 23 23 22 29 21
15 35 16 74 78 77 79 83 77 75 83 74
15 36 10 77 85 82 87 81 84 81 90 83
15 37 18 79 79 78 81 72 76 76 71 79
15 38 97 7 10 8 6 5 10 16 11 11
15 39 2 91 87 90 92 87 84 82 83 82
16 17 40 65 59 63 57 62 57 54 59 63
16 18 59 38 47 46 42 41 49 49 49 47
16 19 5 93 84 91 90 92 89 91 90 82
16 20 96 12 6 17 11 14 4 14 9 17
16 21 7 89 89 83 80 83 90 80 89 89
16 22 89 17 21 16 20 14 14 9 15 14
16 23 2 96 95 92 97 92 85 86 82 89
16 24 14 78 74 81 82 81 77 76 82 79
16 25 74 35 22 31 33 28 26 23 36 29
16 26 55 42 43 42 48 48 48 42 44 40
16 27 57 51 51 51 42 43 47 39 51 48
16 28 63 36 35 39 38 43 43 33 31 35
16 29 71 29 28 28 31 34 31 25 36 30
16 30 36 58 62 68 56 67 66 64 57 54
16 31 60 38 33 39 36 43 42 42 48 39
16 32 78 26 24 30 24 19 19 28 26 25
16 33 2 96 90 89 89 85 83 93 97 88
16 34 57 40 46 39 44 47 49 36 49 46
16 35 7 82 88 90 91 92 86 82 81 86
16 36 28 61 61 71 74 74 65 64 65 73
16 37 7 83 81 87 85 79 85 87 81 83
16 38 54 50 39 43 45 44 40 44 42 39
16 39 59 36 41 42 36 41 39 37 45 41
17 18 85 24 23 25 19 16 26 24 17 23
17 19 45 51 53 52 56 53 58 53 55 56
17 20 0 87 89 97 98 95 95 96 88 90
17 21 7 92 79 78 85 83 86 85 85 88
17 22 99 4 3 14 14 9 4 0 12 3
17 23 54 51 52 42 49 49 50 48 43 39
17 24 44 52 53 51 57 51 49 50 48 54
17 25 69 38 27 40 32 30 38 35 38 27
17 26 67 42 34 35 35 36 39 31 42 31
17 27 6 81 92 80 81 93 85 83 85 84
17 28 88 16 17 16 19 20 18 21 10 14
17 29 89 23 19 10 20 10 10 9 9 16
17 30 58 42 36 43 37 40 49 49 45 46
17 31 25 74 73 71 68 64 66 68 66 66
17 32 95 15 10 8 12 10 10 9 17 9
17 33 14 81 79 73 82 73 76 75 73 80
17 34 91 21 21 19 22 10 19 12 11 10
17 35 94 12 15 7 11 12 15 12 10 12
17 36 30 62 67 64 60 61 72 63 70 67
17 37 40 63 56 63 53 59 60 59 59 54
17 38 58 40 47 41 48 37 42 47 36 40
17 39 19 77 68 78 81 79 75 79 74 80
18 19 17 79 76 82 77 80 71 73 83 81
18 20 88 16 24 17 13 17 20 20 21 18
18 21 17 72 76 74 72 71 77 80 73 80
18 22 98 4 11 6 5 4 1 10 4 1
18 23 41 58 51 51 61 51 54 61 59 63
18 24 2 85 94 90 88 84 91 92 83 91
18 25 7 81 80 79 83 79 87 80 91 93
18 26 59 36 36 45 39 44 44 43 42 43
18 27 33 61 69 62 61 58 59 71 56 66
18 28 97 14 14 5 7 10 2 15 12 5
18 29 90 11 8 15 22 9 7 21 19 22
18 30 40 62 53 59 64 53 61 65 58 56
18 31 98 10 6 12 4 9 12 10 2 9
18 32 13 85 79 73 78 83 80 86 75 83
18 33 93 9 13 14 6 11 14 17 13 19
18 34 26 76 65 76 75 71 74 65 76 76
18 35 23 65 73 70 65 75 77 66 65 73
18 36 19 69 70 77 76 80 72 70 83 76
18 37 67 31 39 31 37 36 39 32 39 37
18 38 93 9 7 16 17 16 12 14 6 8
18 39 28 67 70 64 62 64 67 64 69 67
19 20 75 24 33 25 33 25 32 25 31 32
19 21 13 86 86 81 77 84 88 73 80 77
19 22 3 83 93 93 87 82 89 93 85 95
19 23 68 27 32 39 35 40 40 31 30 30
19 24 52 44 41 45 49 41 44 41 40 49
19 25 22 66 77 72 67 78 74 67 76 66
19 26 94 7 9 9 7 11 8 6 7 7
19 27 63 35 41 31 40 34 35 45 36 34
19 28 52 53 44 42 41 51 40 41 40 46
19 29 17 73 84 81 78 84 80 80 84 72
19 30 13 74 81 79 81 78 77 74 81 76
19 31 87 21 21 20 23 21 20 19 11 20
19 32 78 21 22 24 18 24 25 32 22 25
19 33 19 77 71 79 72 69 77 78 80 79
19 34 82 17 17 29 19 24 18 26 24 26
19 35 10 75 86 82 86 76 86 79 89 85
19 36 45 57 60 56 52 58 59 47 60 46
19 37 61 44 37 35 42 33 46 38 43 41
19 38 92 7 11 13 9 20 17 14 18 18
19 39 41 58 57 51 62 52 56 52 60 51
20 21 39 64 61 64 57 55 64 58 52 52
20 22 19 75 72 69 69 80 71 74 81 71
20 23 9 91 80 81 90 79 81 79 84 83
20 24 21 71 72 73 81 81 67 69 76 80
20 25 88 16 22 17 22 18 14 15 17 15
20 26 53 47 52 46 44 41 48 45 51 54
20 27 92 14 15 7 11 18 11 10 17 14
20 28 80 21 24 21 20 16 29 25 19 29
20 29 2 95 94 88 83 94 86 92 87 93
20 30 70 34 28 32 39 29 37 31 26 36
20 31 89 15 15 22 22 18 9 14 9 21
20 32 76 29 33 23 25 29 29 26 22 30
20 33 8 90 89 91 86 83 80 86 86 83
20 34 19 80 73 75 71 77 81 70 74 82
20 35 11 87 85 77 82 76 82 75 87 86
20 36 7 87 90 93 85 91 84 91 80 84
20 37 40 58 56 62 62 58 56 60 58 54
20 38 39 63 56 55 55 66 63 64 60 55
20 39 34 67 66 69 66 70 60 57 67 69
21 22 54 46 51 49 50 48 46 51 47 44
21 23 95 11 8 12 16 15 8 5 13 13
21 24 93 5 14 12 15 18 11 17 10 15
21 25 34 64 65 67 60 59 56 58 69 61
21 26 75 25 31 24 34 35 27 30 35 33
21 27 83 25 27 14 17 14 18 22 19 18
21 28 38 58 64 53 64 64 64 65 63 54
21 29 75 24 31 24 34 30 30 31 27 24
21 30 97 6 4 10 16 5 11 11 5 4
21 31 0 87 91 98 88 88 84 88 88 97
21 32 84 18 22 17 15 15 13 14 14 13
21 33 36 61 64 66 65 57 60 57 59 67
21 34 80 18 16 25 17 28 26 31 25 30
21 35 9 83 89 79 87 86 79 85 83 86
21 36 82 23 28 23 18 17 19 19 28 26
21 37 2 86 86 87 91 86 91 84 89 95
21 38 83 28 22 26 24 21 25 23 17 22
21 39 12 85 82 74 83 88 88 88 76 81
22 23 19 79 79 78 81 77 76 72 69 71
22 24 75 22 31 30 27 33 26 32 33 34
22 25 50 55 48 53 53 43 51 55 55 47
22 26 15 81 75 79 79 83 77 74 73 82
22 27 40 51 64 61 64 57 54 54 50 59
22 28 0 92 85 90 90 99 95 88 97 91
22 29 28 71 73 74 68 69 62 65 68 64
22 30 54 42 41 44 50 41 46 47 51 47
22 31 78 25 23 18 25 27 21 25 31 27
22 32 77 26 23 23 21 22 34 19 33 32
22 33 47 58 48 45 49 56 49 57 46 53
22 34 31 68 68 68 67 67 70 58 60 67
22 35 14 73 78 81 80 86 79 85 74 77
22 36 23 77 68 76 65 77 74 73 75 73
22 37 32 57 69 61 65 68 67 62 62 68
22 38 68 29 28 38 34 35 36 35 31 28
22 39 66 28 43 28 33 42 35 32 35 29
23 24 86 25 14 13 23 19 13 21 15 25
23 25 70 31 26 26 29 36 27 33 36 28
23 26 24 76 70 78 73 74 64 70 72 69
23 27 20 73 73 80 81 80 72 76 81 78
23 28 33 58 57 57 61 67 64 56 68 60
23 29 12 77 84 84 86 74 86 87 85 81
23 30 64 30 40 42 30 34 41 44 41 31
23 31 98 8 13 3 2 16 15 15 10 14
23 32 65 36 36 35 43 43 31 31 44 34
23 33 42 52 55 57 52 62 57 54 51 58
23 34 59 41 44 35 45 38 39 40 36 48
23 35 68 30 35 34 39 33 35 33 34 29
23 36 19 72 83 78 79 82 81 81 76 77
23 37 56 38 44 41 50 52 38 50 42 38
23 38 46 59 55 51 46 50 53 53 49 51
23 39 72 24 32 23 30 27 35 36 26 32
24 25 63 32 33 42 34 44 31 34 31 34
24 26 82 28 21 26 19 20 17 26 20 20
24 27 89 19 13 19 23 17 16 17 20 22
24 28 35 56 57 64 64 60 66 61 58 66
24 29 41 63 52 50 56 54 62 63 49 51
24 30 8 82 87 88 84 79 82 87 90 90
24 31 53 47 44 49 46 43 49 49 44 45
24 32 73 30 25 26 31 32 35 23 23 23
24 33 8 86 91 89 87 86 90 89 91 90
24 34 89 9 9 10 14 20 22 19 18 23
24 35 35 55 68 67 55 60 58 58 63 59
24 36 3 88 94 88 87 89 83 90 90 96
24 37 44 59 57 47 48 62 53 52 55 60
24 38 17 79 71 73 75 71 78 71 70 72
24 39 80 18 24 22 19 28 27 18 30 26
25 26 86 18 21 21 11 17 18 22 18 19
25 27 36 64 57 62 56 62 67 54 57 55
25 28 73 30 23 22 30 35 27 34 26 33
25 29 81 25 23 24 28 21 19 28 23 19
25 30 44 51 54 54 54 55 56 61 53 58
25 31 22 71 76 68 72 74 71 80 72 70
25 32 71 24 28 38 28 33 28 32 35 34
25 33 66 34 39 30 29 35 31 34 34 33
25 34 46 49 47 47 48 48 59 50 53 49
25 35 45 55 53 49 55 48 51 53 55 59
25 36 8 85 89 83 90 79 79 88 81 78
25 37 85 13 20 18 21 20 15 20 21 16
25 38 23 78 66 68 65 75 65 77 72 67
25 39 22 73 72 65 67 74 69 66 78 65
26 27 0 99 91 95 94 87 97 98 87 91
26 28 69 31 35 27 34 37 38 34 40 37
26 29 70 33 30 38 32 36 33 29 25 38
26 30 6 83 89 90 88 89 85 94 93 88
26 31 98 3 8 6 13 5 10 8 2 6
26 32 23 66 70 70 73 71 71 71 72 65
26 33 39 59 58 61 58 61 56 60 52 58
26 34 9 82 89 86 90 80 78 89 82 78
26 35 35 56 59 59 63 65 59 58 60 56
26 36 4 90 87 93 91 94 90 96 90 87
26 37 67 31 30 41 32 29 36 38 31 38
26 38 47 50 45 52 54 59 58 52 58 45
26 39 1 98 87 89 84 89 89 87 97 95
27 28 58 49 49 49 36 49 48 38 37 36
27 29 58 38 36 36 45 44 41 49 46 38
27 30 41 54 57 54 63 60 53 59 51 55
27 31 7 92 89 79 92 92 92 92 88 83
27 32 99 4 5 5 4 2 6 3 3 4
27 33 81 17 17 16 18 27 25 19 28 16
27 34 34 63 57 62 69 62 67 62 61 62
27 35 90 13 20 21 14 9 9 14 21 15
27 36 27 75 72 62 65 67 68 62 71 67
27 37 52 54 42 50 44 50 50 46 54 43
27 38 33 58 59 66 68 64 65 59 61 70
27 39 22 79 71 65 73 65 72 76 68 65
28 29 18 72 82 70 78 80 73 83 74 70
28 30 83 16 26 15 17 17 16 22 20 16
28 31 42 62 62 57 54 61 53 61 59 55
28 32 64 34 33 33 30 35 36 41 37 40
28 33 72 37 23 29 27 32 33 23 24 29
28 34 39 52 54 66 57 53 64 56 63 56
28 35 32 66 60 71 65 69 65 63 63 70
28 36 20 69 75 70 79 75 70 73 68 67
28 37 39 63 58 63 62 54 51 51 59 62
28 38 63 44 38 38 35 45 40 39 33 32
28 39 96 6 7 6 6 15 13 17 16 11
29 30 91 7 13 18 18 21 16 14 19 12
29 31 90 8 17 17 12 18 21 19 16 17
29 32 29 63 61 70 63 64 60 61 73 62
29 33 94 8 12 10 11 9 7 6 16 15
29 34 23 75 65 74 78 66 79 72 69 76
29 35 2 96 83 91 86 87 96 91 92 84
29 36 12 87 88 84 75 79 88 84 75 79
29 37 62 31 40 35 41 46 32 33 38 37
29 38 93 20 19 10 20 13 6 15 8 11
29 39 5 88 83 85 94 82 89 88 94 80
30 31 0 90 92 88 97 95 91 91 88 88
30 32 68 29 33 37 38 34 37 38 27 40
30 33 21 67 75 78 74 71 68 74 70 78
30 34 70 39 31 27 27 33 37 30 27 39
30 35 98 8 4 3 15 14 1 11 12 6
30 36 16 73 83 83 73 78 75 83 84 74
30 37 48 45 57 56 54 46 54 54 47 54
30 38 40 64 57 53 57 59 64 60 56 64
30 39 36 61 61 69 63 62 55 65 57 54
31 32 42 53 59 57 53 62 62 58 58 49
31 33 70 35 36 35 28 27 36 26 33 34
31 34 84 25 24 27 17 24 13 24 14 19
31 35 75 29 34 27 33 24 36 33 25 24
31 36 18 82 70 69 80 78 81 81 75 78
31 37 74 31 23 28 36 24 34 31 28 26
31 38 50 47 42 48 54 44 49 47 48 45
31 39 51 47 41 45 49 49 55 42 46 54
32 33 74 28 30 34 25 34 26 29 29 22
32 34 21 71 70 80 67 68 81 80 76 81
32 35 51 42 52 51 53 50 43 54 55 42
32 36 26 77 77 68 70 75 63 64 64 65
32 37 19 68 75 69 71 76 75 73 74 77
32 38 91 20 14 21 9 9 20 17 13 13
32 39 8 92 78 82 84 88 82 84 80 92
33 34 44 59 60 57 49 47 59 48 52 53
33 35 58 37 40 46 43 41 38 36 44 42
33 36 29 63 62 72 60 65 72 62 64 67
33 37 85 18 18 16 16 19 19 12 15 12
33 38 0 99 91 89 91 97 97 95 98 93
33 39 63 32 31 42 38 45 38 45 39 43
34 35 92 18 6 15 21 18 17 20 13 8
34 36 93 7 6 6 12 10 6 15 12 8
34 37 53 51 42 48 45 50 48 51 46 47
34 38 88 17 18 14 13 17 9 22 19 14
34 39 88 22 11 13 10 23 14 16 15 18
35 36 71 27 37 33 27 31 35 27 37 30
35 37 24 66 68 69 64 67 74 76 79 74
35 38 28 61 63 66 67 63 66 67 71 72
35 39 1 89 94 97 86 90 89 97 93 96
36 37 56 38 40 45 46 50 49 45 39 46
36 38 56 45 42 41 49 43 46 45 38 49
36 39 28 65 71 70 65 70 72 63 74 72
37 38 81 25 24 25 22 19 26 24 20 17
37 39 93 18 13 19 15 6 16 13 7 8
38 39 7 80 81 89 81 92 92 85 82 92
