45 10
0.4 0 0 0 0 0 0 0 0 0.6
0 1 39 54 62 60 60 58 63 52 53 52
0 2 16 73 77 71 77 83 73 82 72 75
0 3 16 75 72 78 72 85 71 75 84 75
0 4 44 59 60 58 50 61 58 52 51 60
0 5 7 82 86 80 79 83 92 92 92 89
0 6 7 80 81 90 79 82 86 85 92 81
0 7 38 60 55 65 52 63 53 57 66 60
0 8 5 88 89 90 86 82 92 95 83 88
0 9 5 93 84 94 86 86 94 90 93 93
0 10 8 85 81 92 78 88 80 80 90 83
0 11 28 69 73 68 73 73 61 73 68 62
0 12 59 45 41 38 45 49 45 35 42 48
0 13 17 82 73 80 79 74 76 74 72 81
0 14 33 58 68 59 63 68 57 59 56 62
0 15 0 96 88 85 98 95 86 93 85 97
0 16 45 56 55 58 48 60 50 50 59 48
0 17 61 41 42 43 41 34 34 39 39 43
0 18 85 26 14 26 20 16 21 27 25 24
0 19 13 87 86 87 76 80 87 86 75 83
0 20 96 3 4 16 12 14 5 16 13 12
0 21 26 68 69 69 75 76 64 77 74 70
0 22 20 71 75 72 79 71 74 73 79 78
0 23 47 54 59 52 49 58 58 58 53 59
0 24 15 73 76 77 79 85 76 73 72 73
0 25 67 37 40 30 29 39 27 31 38 28
0 26 13 86 85 87 86 78 77 87 84 84
0 27 5 90 84 94 81 87 84 91 94 84
0 28 27 68 75 71 72 74 75 70 62 71
0 29 76 23 34 27 22 34 29 29 28 26
0 30 81 29 22 16 21 17 26 23 15 25
0 31 30 64 59 62 64 59 63 64 68 60
0 32 51 44 53 50 45 42 44 47 53 50
0 33 85 13 18 26 22 24 24 13 17 20
0 34 98 10 10 4 4 8 7 3 7 14
0 35 71 38 37 39 29 35 33 25 30 26
0 36 67 35 28 39 34 40 38 29 28 29
0 37 42 49 55 63 53 53 62 57 60 55
0 38 8 79 84 92 85 84 83 79 79 86
0 39 69 32 37 39 30 26 31 30 36 33
0 40 23 65 77 73 75 76 68 67 76 76
0 41 8 79 78 86 84 83 91 85 90 86
0 42 11 82 84 86 80 78 90 79 77 81
0 43 2 84 95 91 96 97 97 89 84 82
0 44 75 35 33 26 34 32 21 21 23 26
1 2 39 57 56 58 53 58 63 62 52 60
1 3 92 15 16 18 16 19 9 19 17 14
1 4 83 28 22 14 16 14 26 20 17 26
1 5 82 29 24 27 27 16 29 27 25 16
1 6 92 10 19 12 12 14 18 19 6 20
1 7 88 9 12 10 11 19 15 16 10 18
1 8 70 40 30 36 38 36 35 28 33 39
1 9 19 77 69 70 72 76 73 80 69 80
1 10 4 90 92 88 84 92 87 94 84 85
1 11 48 51 52 52 46 50 51 53 47 45
1 12 42 61 63 60 61 61 61 53 58 59
1 13 14 84 75 79 82 73 80 85 78 76
1 14 81 27 18 27 19 17 23 19 27 20
1 15 62 31 42 45 32 44 33 39 34 45
1 16 49 56 44 48 49 52 54 53 49 56
1 17 18 83 71 70 70 76 69 72 81 80
1 18 77 24 19 32 20 19 27 29 25 32
1 19 85 22 26 14 24 26 19 17 22 27
1 20 70 26 37 39 39 31 39 31 25 29
1 21 38 65 59 63 60 55 63 66 59 59
1 22 14 72 83 76 75 81 73 86 82 84
1 23 67 32 41 39 27 39 28 27 41 39
1 24 59 42 44 41 49 34 41 48 37 48
1 25 33 68 70 66 68 68 70 61 66 59
1 26 53 46 52 45 48 50 46 41 46 43
1 27 82 17 22 19 23 27 20 15 27 15
1 28 42 61 54 54 62 55 56 62 50 62
1 29 20 71 72 68 78 74 82 67 71 75
1 30 39 56 52 60 65 59 57 57 59 51
1 31 25 74 65 66 68 74 74 76 63 71
1 32 63 39 32 35 34 45 32 44 36 33
1 33 94 17 11 7 13 18 10 8 16 9
1 34 66 41 29 35 39 35 37 35 42 33
1 35 66 41 42 40 42 34 42 43 39 31
1 36 25 77 71 71 76 67 66 76 76 76
1 37 14 80 74 79 83 79 86 73 80 82
1 38 24 69 77 67 70 69 76 79 76 71
1 39 30 70 63 64 62 69 71 67 66 59
1 40 64 40 36 44 44 44 30 33 31 33
1 41 16 85 80 72 84 81 81 77 72 81
1 42 83 21 15 20 23 23 22 17 14 18
1 43 38 57 54 63 62 53 53 54 65 67
1 44 15 86 75 78 84 80 75 75 73 84
2 3 62 45 37 42 43 34 37 42 46 32
2 4 94 12 8 10 18 9 6 8 10 15
2 5 23 67 74 74 67 73 72 68 77 69
2 6 55 48 40 39 43 43 43 41 46 42
2 7 71 36 37 38 25 35 31 26 33 37
2 8 22 67 79 70 75 79 74 72 68 79
2 9 94 10 18 5 10 10 9 6 11 14
2 10 51 53 53 49 54 52 53 41 41 49
2 11 36 63 56 61 65 58 67 58 59 59
2 12 3 82 84 94 83 96 96 92 91 93
2 13 71 25 29 26 35 24 24 26 36 30
2 14 18 72 74 81 83 72 80 74 78 73
2 15 94 9 11 17 6 10 16 8 7 9
2 16 19 74 74 81 73 76 75 82 71 80
2 17 25 70 65 64 73 70 76 76 63 72
2 18 39 56 60 51 56 55 53 58 60 51
2 19 44 50 50 51 59 50 59 52 51 52
2 20 65 42 43 32 32 33 35 37 29 37
2 21 12 79 75 76 83 76 75 80 84 78
2 22 20 73 69 75 74 76 76 71 74 79
2 23 14 75 82 77 82 81 87 87 79 85
2 24 6 81 81 83 81 91 91 93 81 80
2 25 17 72 80 82 79 83 84 72 71 73
2 26 2 91 94 90 93 86 97 83 94 84
2 27 87 12 12 24 12 18 23 14 10 14
2 28 26 68 77 69 66 67 72 62 76 63
2 29 43 60 51 55 49 52 53 59 55 55
2 30 95 6 7 14 10 4 4 14 16 7
2 31 71 28 38 29 37 32 33 27 36 32
2 32 2 85 93 90 83 96 87 96 92 84
2 33 71 33 30 31 32 31 26 25 31 36
2 34 1 88 96 93 93 91 93 88 94 90
2 35 8 91 87 79 84 82 92 83 82 92
2 36 97 13 13 7 16 5 2 16 5 3
2 37 72 36 27 23 28 26 33 36 33 36
2 38 11 77 86 82 87 87 85 80 87 78
2 39 24 72 76 66 65 78 73 73 78 65
2 40 20 70 82 73 80 76 75 77 68 70
2 41 23 67 71 68 78 71 67 69 75 67
2 42 62 36 36 40 42 43 41 45 38 32
2 43 45 55 51 53 49 53 52 58 57 46
2 44 28 61 63 73 63 67 66 75 62 75
3 4 42 59 59 60 53 54 59 54 60 62
3 5 94 17 7 17 17 9 5 5 10 19
3 6 34 63 63 66 57 56 63 64 67 57
3 7 26 68 72 73 73 75 70 73 74 72
3 8 93 15 10 7 9 18 7 15 6 6
3 9 19 71 76 79 73 80 75 68 81 80
3 10 32 57 71 68 64 69 69 61 68 64
3 11 5 88 95 95 80 89 87 91 88 92
3 12 35 70 55 59 63 65 62 64 68 67
3 13 73 33 37 30 27 33 33 30 33 23
3 14 84 13 27 19 25 25 25 25 13 25
3 15 21 79 70 72 79 74 77 78 79 80
3 16 87 24 22 21 19 16 22 13 16 15
3 17 63 31 39 42 37 35 37 43 38 38
3 18 28 72 67 69 70 63 61 64 65 67
3 19 14 76 79 79 81 79 76 74 75 79
3 20 40 60 63 59 64 55 51 53 54 60
3 21 21 78 70 69 80 75 78 76 74 67
3 22 37 65 64 59 65 59 54 64 67 65
3 23 25 76 67 74 69 71 63 65 71 64
3 24 23 75 65 65 71 72 73 68 66 71
3 25 41 62 56 56 54 64 61 53 62 63
3 26 17 82 74 82 75 70 83 84 76 72
3 27 91 21 15 9 10 13 18 21 12 17
3 28 25 64 68 69 71 64 69 66 64 66
3 29 46 45 45 48 51 47 53 55 52 50
3 30 28 72 63 61 73 72 71 70 75 72
3 31 84 23 22 22 15 16 16 16 18 25
3 32 66 32 38 37 42 34 28 41 38 30
3 33 96 17 4 9 10 4 9 9 12 7
3 34 74 32 30 29 22 29 26 25 22 28
3 35 34 59 67 63 68 57 70 58 55 55
3 36 90 18 19 23 10 22 14 16 13 18
3 37 3 84 84 93 85 86 86 96 95 92
3 38 84 21 27 17 15 25 14 15 25 21
3 39 93 8 11 16 14 7 10 18 19 15
3 40 94 11 5 17 15 17 9 12 16 13
3 41 65 41 44 39 31 44 35 39 31 32
3 42 27 75 69 71 61 67 63 63 71 71
3 43 24 66 68 71 66 65 70 69 74 75
3 44 51 52 44 49 49 53 42 46 45 48
4 5 16 71 79 75 77 71 80 79 71 78
4 6 7 89 78 91 87 87 83 87 84 90
4 7 63 41 31 31 34 41 45 37 32 41
4 8 94 8 12 9 13 16 13 13 18 17
4 9 97 14 8 10 11 14 3 10 6 12
4 10 75 35 21 26 34 35 28 27 23 32
4 11 88 13 20 9 20 11 18 10 21 11
4 12 78 31 28 28 24 25 31 28 22 28
4 13 17 71 77 82 81 83 77 84 71 76
4 14 23 72 65 74 71 65 79 69 73 69
4 15 8 91 92 82 90 79 82 79 91 85
4 16 97 2 7 8 14 16 12 16 4 13
4 17 56 39 44 43 51 48 51 51 49 51
4 18 17 78 73 83 71 78 84 78 81 74
4 19 40 60 58 56 50 62 64 65 53 52
4 20 94 13 16 8 15 4 14 10 10 15
4 21 18 77 76 82 76 72 74 84 80 71
4 22 24 76 68 68 69 65 77 78 70 68
4 23 29 61 61 61 70 60 63 60 73 68
4 24 34 68 62 65 64 57 69 66 59 59
4 25 25 64 68 75 69 72 76 70 75 69
4 26 39 53 63 65 61 53 54 64 60 61
4 27 39 64 55 57 56 56 59 61 52 59
4 28 2 86 83 95 97 95 89 98 88 83
4 29 89 21 14 20 9 21 19 11 22 22
4 30 37 63 59 54 57 64 67 67 55 65
4 31 26 70 63 65 64 71 74 76 70 65
4 32 20 79 75 67 81 79 81 79 75 76
4 33 46 57 51 59 60 57 54 54 49 47
4 34 48 48 52 54 57 57 57 56 44 54
4 35 96 13 7 3 12 7 3 14 11 7
4 36 89 23 10 13 13 19 18 17 22 22
4 37 35 60 60 56 61 65 67 64 55 54
4 38 24 73 69 64 68 72 70 69 74 67
4 39 7 89 92 90 82 84 91 92 86 88
4 40 55 52 52 38 38 49 42 51 41 42
4 41 69 39 26 28 38 33 34 39 27 39
4 42 93 11 15 14 8 20 9 6 15 13
4 43 97 14 16 2 2 16 13 9 8 10
4 44 22 80 71 77 79 76 67 77 69 78
5 6 39 55 59 58 51 52 55 57 61 59
5 7 54 52 48 41 42 42 49 41 53 52
5 8 16 78 83 79 78 75 78 79 80 73
5 9 21 79 78 77 67 68 68 68 80 67
5 10 65 34 40 43 41 33 34 44 34 41
5 11 58 42 47 38 46 46 43 37 44 42
5 12 85 21 26 21 15 26 18 18 22 19
5 13 65 33 31 42 41 33 43 42 36 39
5 14 87 25 10 22 22 17 12 18 10 13
5 15 26 65 76 75 64 63 65 71 65 70
5 16 74 28 25 27 25 27 31 24 26 23
5 17 95 6 11 6 15 7 11 6 17 4
5 18 40 58 62 57 54 61 55 63 60 52
5 19 55 45 46 48 52 45 49 39 48 46
5 20 59 45 35 39 48 45 40 47 40 37
5 21 88 22 12 12 19 21 12 16 18 23
5 22 78 22 30 28 32 28 23 24 30 32
5 23 99 14 11 14 2 10 1 7 3 4
5 24 6 79 85 83 82 92 94 85 79 90
5 25 40 62 50 64 62 65 62 65 64 55
5 26 17 80 75 81 84 77 71 84 80 74
5 27 42 49 62 63 52 48 49 55 57 59
5 28 59 35 48 49 40 40 47 37 48 41
5 29 60 34 37 44 35 41 41 33 44 46
5 30 34 63 67 67 57 65 63 68 61 63
5 31 87 13 15 22 15 25 21 17 15 21
5 32 44 61 58 50 49 48 49 52 50 56
5 33 80 21 26 19 18 21 20 22 19 19
5 34 93 10 15 6 17 16 13 11 11 8
5 35 64 33 43 36 37 38 32 44 35 35
5 36 96 15 13 12 5 14 10 5 17 9
5 37 84 26 18 27 13 20 21 14 13 27
5 38 39 61 55 65 63 52 54 63 64 55
5 39 91 9 16 18 10 19 8 20 10 11
5 40 76 26 31 25 29 24 20 29 32 29
5 41 76 32 27 23 27 28 33 31 22 22
5 42 80 28 25 19 25 18 16 21 26 16
5 43 23 65 70 70 73 73 67 69 72 69
5 44 68 39 28 40 33 40 38 34 28 35
6 7 66 35 29 40 40 36 32 40 35 40
6 8 4 95 91 85 90 90 94 85 88 91
6 9 25 71 75 65 67 75 65 77 67 64
6 10 80 23 16 22 19 20 27 24 17 20
6 11 17 77 70 72 76 80 85 78 84 76
6 12 18 73 73 82 70 76 71 73 83 74
6 13 82 25 18 22 19 26 23 22 17 25
6 14 3 96 90 82 87 94 94 82 85 82
6 15 13 87 78 74 86 82 77 79 79 77
6 16 66 34 40 38 30 41 29 40 41 32
6 17 95 4 14 14 4 7 10 6 11 17
6 18 42 61 56 60 54 55 55 50 62 51
6 19 44 53 57 51 61 58 61 56 48 51
6 20 43 50 62 62 54 61 56 47 53 51
6 21 19 68 69 80 69 76 69 76 77 78
6 22 88 17 22 12 15 17 18 23 16 14
6 23 35 68 55 66 62 68 67 59 64 62
6 24 96 3 5 12 17 12 16 10 5 16
6 25 71 35 32 29 27 32 27 35 25 26
6 26 29 66 72 66 67 70 72 69 65 64
6 27 89 9 19 17 22 19 18 21 19 23
6 28 15 85 75 74 84 80 72 85 83 78
6 29 47 53 57 45 53 44 48 51 51 56
6 30 85 24 21 18 16 22 20 25 17 26
6 31 64 36 33 39 32 36 39 38 42 35
6 32 73 30 26 35 28 26 34 27 34 33
6 33 20 69 72 69 76 69 74 79 73 68
6 34 58 36 44 43 47 36 36 36 50 42
6 35 32 68 69 71 71 57 59 59 66 58
6 36 74 33 23 30 25 33 25 21 27 25
6 37 45 58 51 50 50 53 55 59 48 60
6 38 31 67 67 62 62 59 64 60 69 73
6 39 35 66 56 60 66 56 61 68 68 58
6 40 10 84 77 85 77 87 83 86 77 88
6 41 35 59 65 66 65 55 58 68 66 67
6 42 99 10 1 3 14 5 13 1 13 10
6 43 8 90 88 90 90 80 87 78 82 87
6 44 50 44 55 50 48 43 56 53 49 44
7 8 50 57 50 44 48 47 46 47 51 46
7 9 87 15 22 20 18 12 24 23 14 22
7 10 41 61 63 54 59 50 61 56 53 52
7 11 47 59 50 56 45 52 48 59 50 56
7 12 47 54 51 54 51 48 50 57 51 53
7 13 13 80 75 85 87 75 78 85 83 80
7 14 60 34 40 41 45 43 38 34 37 42
7 15 29 68 71 65 69 64 69 66 67 71
7 16 78 20 22 20 20 21 30 26 28 18
7 17 36 65 54 66 59 59 64 57 57 58
7 18 76 31 29 25 33 22 33 24 29 24
7 19 29 66 69 71 65 70 61 68 74 64
7 20 17 84 71 76 74 74 83 84 77 84
7 21 76 34 30 33 34 34 33 25 20 20
7 22 9 88 87 87 88 91 83 82 83 92
7 23 75 23 31 33 26 33 33 33 23 24
7 24 92 20 19 18 12 13 17 7 10 7
7 25 13 77 75 82 84 79 75 74 78 81
7 26 38 54 61 56 63 57 60 66 65 59
7 27 12 88 86 81 82 84 87 89 85 86
7 28 40 53 65 53 62 58 61 52 60 64
7 29 85 17 15 16 18 14 22 23 22 24
7 30 23 80 67 79 71 68 71 75 76 78
7 31 98 13 11 7 7 10 3 13 1 15
7 32 28 69 65 74 73 75 65 67 61 66
7 33 84 25 20 22 23 14 23 23 17 18
7 34 94 7 5 14 11 10 19 11 7 9
7 35 30 62 66 65 69 64 63 64 69 70
7 36 44 49 47 55 60 57 55 59 53 56
7 37 60 46 36 44 37 38 43 46 46 42
7 38 63 31 35 39 39 42 44 36 36 39
7 39 20 82 67 72 72 75 80 77 70 81
7 40 62 38 32 33 34 34 41 33 43 38
7 41 30 69 73 72 72 62 66 71 68 65
7 42 37 58 53 65 63 54 56 54 53 66
7 43 20 76 73 74 70 72 70 68 71 73
7 44 8 88 87 92 77 85 85 91 79 77
8 9 49 48 52 48 48 44 55 57 43 54
8 10 11 85 78 75 78 86 81 77 78 81
8 11 81 16 22 30 22 30 15 22 25 23
8 12 81 17 29 18 29 29 23 16 27 18
8 13 63 41 36 35 43 37 34 42 41 43
8 14 83 28 24 20 18 16 24 19 26 18
8 15 4 89 95 82 93 93 94 86 86 93
8 16 48 54 47 47 58 47 50 54 56 51
8 17 9 85 86 90 80 80 89 90 81 82
8 18 21 76 74 71 79 80 72 80 74 67
8 19 47 52 56 51 55 53 57 58 58 58
8 20 41 50 50 64 55 61 54 58 60 53
8 21 77 19 21 32 26 33 34 21 20 26
8 22 53 47 49 40 40 49 46 48 48 41
8 23 78 24 20 30 23 22 25 22 25 25
8 24 63 35 45 35 41 45 35 35 33 33
8 25 6 87 89 88 88 92 86 91 89 84
8 26 53 53 52 44 48 52 46 46 46 40
8 27 99 9 12 9 9 10 8 10 2 7
8 28 86 26 15 21 23 24 16 14 24 21
8 29 5 81 92 91 83 84 87 92 83 94
8 30 3 87 85 84 83 89 85 89 84 86
8 31 62 33 36 39 42 35 43 44 40 39
8 32 43 51 59 60 53 49 54 52 61 56
8 33 63 43 45 43 33 39 41 40 37 43
8 34 79 25 27 25 23 31 22 24 28 27
8 35 2 91 84 94 86 86 86 88 87 89
8 36 3 96 88 87 83 94 95 92 93 93
8 37 48 53 47 58 57 49 48 58 43 54
8 38 20 76 73 79 81 71 79 70 78 71
8 39 17 83 74 79 79 72 74 70 79 84
8 40 80 31 22 22 24 26 29 25 25 21
8 41 63 34 37 40 40 39 36 39 38 32
8 42 86 16 20 11 20 23 13 18 20 15
8 43 33 71 61 61 57 63 62 71 57 62
8 44 28 65 62 61 66 74 65 64 66 67
9 10 66 33 34 39 36 38 31 31 34 33
9 11 5 84 92 81 92 87 81 88 94 81
9 12 2 89 89 85 92 86 90 83 92 95
9 13 44 61 55 55 55 53 61 53 54 47
9 14 79 18 30 18 19 20 20 22 25 25
9 15 48 51 44 47 53 51 48 59 51 46
9 16 75 34 28 30 25 27 21 24 27 29
9 17 22 78 80 77 79 67 71 71 75 79
9 18 58 45 45 36 48 39 44 46 42 43
9 19 99 12 2 8 11 11 15 4 2 12
9 20 65 32 38 34 34 35 33 30 34 37
9 21 19 79 72 75 74 70 72 74 78 68
9 22 5 90 90 93 80 94 89 82 84 94
9 23 37 66 54 62 66 67 55 60 64 65
9 24 76 32 34 33 21 32 31 23 22 21
9 25 70 29 34 37 32 34 39 29 39 35
9 26 48 47 45 51 46 51 48 44 58 46
9 27 18 69 82 74 80 73 82 80 79 83
9 28 74 24 23 25 29 22 32 23 23 30
9 29 85 22 19 12 26 18 19 23 18 17
9 30 88 12 20 12 10 22 18 13 11 20
9 31 38 54 55 53 55 63 53 56 63 58
9 32 56 47 39 44 45 51 46 45 42 39
9 33 30 62 66 73 73 73 66 62 67 64
9 34 34 61 69 56 66 68 67 59 57 66
9 35 24 77 77 75 72 67 64 76 67 69
9 36 41 53 53 64 53 64 65 63 53 62
9 37 82 19 23 22 17 23 29 26 19 29
9 38 52 53 40 46 54 45 44 54 49 41
9 39 11 79 88 83 79 89 83 82 90 88
9 40 68 37 34 27 39 33 32 34 27 40
9 41 22 75 70 74 72 73 79 70 68 78
9 42 60 33 44 34 34 33 33 48 42 42
9 43 56 41 48 46 43 44 48 38 48 43
9 44 4 81 85 95 95 81 93 93 88 93
10 11 85 23 25 26 15 23 22 23 25 16
10 12 18 80 81 81 80 75 72 71 76 79
10 13 58 48 50 46 48 50 46 47 50 41
10 14 28 61 70 74 61 63 71 68 61 75
10 15 48 49 44 56 49 50 51 48 55 49
10 16 52 40 54 49 42 46 53 54 47 54
10 17 50 54 48 42 48 51 50 46 43 44
10 18 79 17 24 25 17 28 20 28 26 22
10 19 70 38 26 26 34 38 29 25 29 28
10 20 24 75 68 65 68 73 78 67 74 75
10 21 52 47 42 43 54 51 49 41 44 53
10 22 53 53 45 49 50 45 48 46 41 46
10 23 46 52 45 59 52 45 59 48 59 45
10 24 64 43 44 44 34 33 39 42 37 31
10 25 96 8 15 6 3 7 10 15 11 16
10 26 97 5 13 4 14 16 15 3 12 11
10 27 59 46 48 39 38 35 39 35 39 37
10 28 46 49 48 54 45 56 54 46 54 57
10 29 65 36 39 39 34 41 37 39 39 43
10 30 78 30 30 30 27 19 21 33 24 22
10 31 34 62 68 57 56 57 56 64 70 68
10 32 41 52 55 56 59 62 52 63 56 54
10 33 22 77 69 72 76 80 78 67 69 73
10 34 70 30 32 37 38 32 25 28 29 31
10 35 36 64 65 57 67 58 67 63 68 56
10 36 80 27 25 29 21 19 19 29 27 19
10 37 89 11 18 17 12 9 10 21 17 13
10 38 86 14 25 15 17 16 26 21 20 16
10 39 76 24 23 22 21 25 22 32 23 31
10 40 8 90 92 84 79 86 84 81 91 89
10 41 92 14 17 19 20 15 11 14 16 6
10 42 73 27 24 29 32 36 23 37 36 24
10 43 11 75 82 75 89 88 82 80 83 75
10 44 37 54 66 55 55 63 55 62 60 66
11 12 25 72 67 66 70 72 70 76 70 78
11 13 78 22 22 23 24 23 30 24 26 27
11 14 72 24 33 32 32 26 31 36 31 26
11 15 72 24 38 25 29 27 35 28 28 37
11 16 46 53 47 57 56 54 49 45 54 53
11 17 33 63 62 70 62 70 59 62 63 66
11 18 55 45 52 52 51 41 41 52 41 46
11 19 13 83 73 77 85 85 79 73 84 73
11 20 49 49 49 52 43 45 43 54 53 47
11 21 62 39 40 45 41 36 33 37 44 47
11 22 66 41 28 41 31 35 41 35 38 29
11 23 43 55 51 51 51 60 49 53 51 61
11 24 3 90 86 92 83 84 90 84 95 86
11 25 53 51 51 41 42 53 48 43 41 51
11 26 18 74 83 76 73 77 74 73 83 77
11 27 85 16 13 12 19 15 26 12 14 13
11 28 31 61 61 71 67 58 61 71 67 66
11 29 57 50 42 43 39 47 44 36 48 41
11 30 68 27 31 26 28 39 27 27 36 34
11 31 41 63 63 64 59 60 55 61 63 64
11 32 95 12 6 5 11 12 15 5 9 8
11 33 93 13 9 7 11 13 16 10 10 20
11 34 80 24 27 27 24 31 19 20 26 29
11 35 40 57 56 57 63 50 56 52 65 63
11 36 29 69 60 68 73 66 73 61 64 63
11 37 89 23 11 18 20 22 20 20 17 8
11 38 47 48 45 56 46 58 45 53 56 52
11 39 2 88 92 91 96 92 96 92 87 97
11 40 2 83 84 83 86 94 93 97 97 93
11 41 76 23 24 32 23 24 28 24 22 20
11 42 65 34 38 31 35 29 33 38 37 38
11 43 82 20 28 21 27 25 18 29 21 19
11 44 25 72 74 77 72 68 76 64 72 72
12 13 40 57 61 52 56 58 57 51 53 56
12 14 37 59 58 62 61 57 67 63 55 58
12 15 3 89 96 91 86 86 88 82 93 89
12 16 62 34 41 36 39 43 39 41 34 35
12 17 32 66 59 71 62 69 64 72 70 61
12 18 40 62 53 53 51 62 54 54 56 59
12 19 93 17 18 5 19 5 14 7 20 7
12 20 96 2 15 10 15 9 12 6 9 5
12 21 75 24 28 27 22 26 28 32 26 24
12 22 39 52 64 59 53 57 65 51 60 64
12 23 99 1 0 14 5 12 4 2 7 0
12 24 20 76 76 79 80 81 70 73 77 80
12 25 75 22 31 33 26 28 28 30 34 35
12 26 6 91 83 86 88 81 87 91 81 85
12 27 86 19 21 24 23 26 13 18 17 24
12 28 86 11 15 13 21 19 20 14 21 25
12 29 98 13 4 14 2 9 2 5 7 7
12 30 33 67 60 59 56 68 56 67 60 68
12 31 16 83 76 85 85 80 75 72 73 81
12 32 71 34 35 29 29 37 38 27 25 32
12 33 54 45 47 53 43 50 43 44 41 53
12 34 63 32 33 45 43 37 40 45 41 37
12 35 37 65 65 59 65 63 57 63 66 66
12 36 95 15 15 13 10 10 11 17 5 10
12 37 56 50 43 45 51 48 44 47 44 47
12 38 64 37 34 43 30 37 37 43 42 39
12 39 23 69 76 70 68 70 64 78 71 68
12 40 36 54 67 68 61 57 55 66 60 68
12 41 9 86 86 84 91 91 87 87 79 89
12 42 33 61 70 66 59 66 68 70 63 71
12 43 22 74 77 73 69 76 73 77 67 75
12 44 17 71 83 80 75 82 83 81 79 84
13 14 20 79 69 70 70 69 79 80 80 78
13 15 37 67 65 66 65 58 61 61 63 57
13 16 61 34 37 37 37 39 36 34 37 42
13 17 49 52 45 47 52 44 53 54 46 49
13 18 52 49 48 46 46 50 48 41 49 49
13 19 3 96 85 96 89 82 96 92 91 95
13 20 10 80 88 90 84 90 82 81 82 77
13 21 22 72 68 76 76 72 78 69 73 74
13 22 63 36 41 40 41 39 42 37 35 39
13 23 45 48 58 47 57 55 57 60 48 51
13 24 37 56 54 62 53 53 59 55 61 63
13 25 42 58 54 63 63 60 56 62 56 62
13 26 92 10 19 16 14 16 21 7 14 17
13 27 35 60 56 63 68 58 63 69 63 59
13 28 56 51 44 51 40 49 47 42 44 40
13 29 68 29 27 30 40 37 37 35 34 32
13 30 92 16 7 19 12 18 17 16 13 10
13 31 99 9 8 10 14 9 5 10 3 3
13 32 72 26 30 33 36 26 27 32 34 32
13 33 62 34 33 33 32 40 38 31 34 31
13 34 3 92 96 96 95 89 89 84 92 94
13 35 40 57 64 59 52 64 50 56 53 54
13 36 74 36 23 32 35 30 28 33 34 28
13 37 52 48 47 48 44 50 50 55 54 52
13 38 38 57 57 57 57 63 61 63 57 65
13 39 45 55 52 59 58 46 53 50 47 47
13 40 60 45 45 39 45 35 34 35 40 37
13 41 13 80 82 86 85 84 81 80 83 84
13 42 45 60 51 52 55 50 51 58 49 53
13 43 12 86 74 84 89 83 82 79 83 79
13 44 13 78 82 75 74 75 84 77 83 83
14 15 33 70 58 67 65 66 69 70 64 71
14 16 95 13 7 18 5 14 15 11 14 8
14 17 52 48 51 52 55 41 52 45 41 45
14 18 87 14 17 12 10 17 23 14 22 16
14 19 95 17 13 11 16 6 16 7 16 17
14 20 78 33 32 18 27 31 21 27 23 22
14 21 92 16 10 15 13 17 19 20 7 17
14 22 26 69 70 69 76 68 71 74 71 68
14 23 27 68 73 63 70 75 62 63 63 62
14 24 19 74 71 76 79 83 71 71 77 76
14 25 56 48 45 44 41 41 37 40 42 46
14 26 56 49 44 46 40 38 52 42 40 47
14 27 54 44 48 41 48 51 43 49 48 46
14 28 89 20 22 15 23 9 14 13 14 21
14 29 7 82 91 85 80 79 83 89 79 84
14 30 3 89 88 82 86 88 91 84 83 87
14 31 95 5 13 4 12 6 5 14 7 15
14 32 7 92 90 88 87 92 79 84 81 90
14 33 36 63 60 64 66 63 61 60 59 64
14 34 43 52 61 59 56 52 59 55 62 55
14 35 46 52 50 48 50 56 53 51 57 53
14 36 74 27 31 36 33 26 26 24 33 23
14 37 85 23 24 21 18 22 24 15 21 13
14 38 64 42 40 34 34 42 32 41 34 40
14 39 20 72 70 79 81 72 71 77 70 68
14 40 69 38 40 33 28 39 28 31 27 38
14 41 84 24 14 24 25 15 27 17 23 17
14 42 95 16 13 11 15 4 6 4 16 7
14 43 85 14 21 26 26 15 17 18 17 19
14 44 84 14 17 25 17 17 18 16 22 25
15 16 92 6 10 16 16 14 16 15 18 20
15 17 94 9 4 9 14 6 15 11 9 13
15 18 80 29 31 23 21 30 19 27 16 22
15 19 53 52 43 46 45 53 45 44 49 46
15 20 59 47 49 45 43 37 41 43 38 44
15 21 97 3 7 7 16 16 7 3 15 7
15 22 25 76 76 76 70 67 69 69 67 69
15 23 93 20 13 18 20 6 7 20 6 15
15 24 85 16 22 16 15 14 26 14 13 23
15 25 66 43 29 41 34 31 32 36 42 38
15 26 42 58 56 49 63 61 53 53 53 61
15 27 31 62 58 61 70 69 59 67 58 71
15 28 71 35 26 24 38 33 36 31 26 31
15 29 58 39 46 42 35 43 37 44 44 35
15 30 37 59 66 58 64 65 56 54 55 55
15 31 56 49 40 42 42 37 38 40 38 51
15 32 61 46 43 36 40 41 46 37 36 34
15 33 21 76 72 75 80 75 78 77 77 71
15 34 62 34 44 34 39 34 42 37 32 45
15 35 73 35 36 22 31 28 22 32 26 32
15 36 42 51 61 62 51 51 52 56 62 58
15 37 16 83 75 77 77 83 78 80 77 72
15 38 29 62 66 73 63 61 73 71 67 66
15 39 80 19 30 17 30 26 21 27 26 24
15 40 64 33 38 38 40 33 31 37 42 38
15 41 55 46 42 37 51 47 51 41 40 42
15 42 20 72 79 71 78 78 80 81 78 78
15 43 13 75 81 80 73 77 73 85 80 82
15 44 60 39 35 48 44 34 37 38 44 40
16 17 0 98 91 99 89 97 87 85 98 88
16 18 42 63 63 52 59 53 63 54 52 53
16 19 33 61 63 63 59 58 66 64 70 65
16 20 27 67 65 61 72 63 74 70 67 62
16 21 5 93 81 93 93 84 94 89 81 83
16 22 50 49 46 47 54 43 45 52 46 50
16 23 42 61 54 58 56 51 52 60 62 57
16 24 41 61 61 51 53 59 61 56 50 50
16 25 24 64 70 72 68 64 74 70 75 74
16 26 54 41 47 50 51 39 41 49 41 40
16 27 22 78 78 74 78 74 75 68 71 66
16 28 50 47 56 42 45 47 55 42 52 48
16 29 24 78 77 69 67 72 79 65 74 69
16 30 76 33 23 31 23 29 28 31 21 19
16 31 3 85 89 84 82 85 83 82 88 93
16 32 44 58 49 48 57 53 58 60 59 55
16 33 47 54 54 57 45 58 54 45 55 46
16 34 55 47 48 43 41 49 41 52 52 46
16 35 23 80 73 67 74 68 77 75 72 77
16 36 25 75 73 66 66 72 75 65 69 73
16 37 10 79 85 85 80 77 79 89 76 77
16 38 24 73 64 68 66 68 76 76 65 66
16 39 46 45 50 46 59 60 53 53 54 52
16 40 83 25 26 14 16 20 20 19 27 18
16 41 93 14 16 14 19 16 14 16 18 10
16 42 12 80 75 86 75 74 79 85 80 78
16 43 58 49 47 43 47 49 50 42 41 36
16 44 36 59 64 61 68 57 67 60 55 68
17 18 84 25 25 21 13 20 25 19 16 21
17 19 41 55 57 59 51 59 51 54 61 52
17 20 21 67 81 70 78 68 70 81 78 79
17 21 63 44 34 44 37 40 34 45 40 40
17 22 23 69 77 68 74 66 67 66 74 74
17 23 29 62 70 61 67 62 65 62 63 61
17 24 25 64 65 75 71 76 72 69 65 67
17 25 2 94 84 94 90 97 88 85 87 98
17 26 83 15 14 28 16 17 26 26 14 14
17 27 42 56 53 55 50 53 58 51 61 62
17 28 84 16 23 24 24 23 26 24 20 17
17 29 12 88 78 79 80 77 88 78 80 76
17 30 16 79 72 81 80 81 74 82 81 80
17 31 42 53 49 61 52 48 48 59 56 63
17 32 40 60 54 64 57 53 63 63 55 60
17 33 55 47 41 39 39 42 44 46 41 51
17 34 40 56 61 60 62 58 56 59 58 61
17 35 2 89 90 85 92 91 85 92 84 83
17 36 93 16 19 9 10 17 9 20 5 17
17 37 8 79 79 81 85 87 83 81 85 79
17 38 25 69 68 64 65 75 77 71 70 65
17 39 13 80 85 76 86 82 73 85 81 75
17 40 31 61 64 67 71 59 68 61 72 69
17 41 92 12 20 7 13 7 12 16 19 15
17 42 14 84 78 82 85 85 81 82 77 81
17 43 84 21 18 23 18 25 23 19 17 25
17 44 27 76 75 66 73 64 73 74 66 66
18 19 3 94 96 82 91 90 95 84 94 90
18 20 79 19 26 28 28 31 31 28 24 28
18 21 10 77 86 77 86 84 81 85 89 85
18 22 73 30 36 36 34 24 30 23 24 30
18 23 85 15 21 23 23 12 19 13 13 23
18 24 26 73 72 73 74 75 69 71 76 73
18 25 24 78 74 71 67 71 70 76 77 77
18 26 98 2 5 11 15 14 12 10 14 3
18 27 89 11 11 14 15 14 23 10 20 16
18 28 17 79 84 79 79 78 71 73 75 77
18 29 58 35 47 43 48 42 38 36 38 49
18 30 62 33 33 41 42 33 37 36 38 38
18 31 56 49 39 47 51 43 39 40 49 48
18 32 1 93 84 94 95 95 91 89 93 90
18 33 78 24 24 18 26 32 21 19 22 19
18 34 67 33 32 41 35 33 41 37 42 40
18 35 70 33 38 31 34 25 31 34 33 30
18 36 85 21 25 13 14 18 24 15 20 18
18 37 77 31 21 23 28 23 23 31 20 29
18 38 84 18 15 18 20 25 22 13 27 23
18 39 88 24 14 19 24 12 24 22 22 19
18 40 99 2 1 7 14 11 14 6 0 12
18 41 93 18 19 9 8 20 11 17 15 5
18 42 5 87 82 88 89 90 95 91 92 87
18 43 0 94 96 95 89 97 86 89 85 96
18 44 71 36 29 25 31 38 29 28 32 37
19 20 26 74 65 71 64 72 64 76 71 75
19 21 89 16 20 14 10 9 11 16 22 22
19 22 81 29 19 30 18 27 22 20 17 23
19 23 77 23 27 20 21 31 30 22 25 31
19 24 49 44 49 52 53 49 56 57 45 47
19 25 76 27 30 28 26 28 20 23 26 29
19 26 51 50 46 47 44 46 44 55 51 49
19 27 31 69 62 62 63 66 64 72 73 66
19 28 15 85 74 76 81 78 78 85 78 79
19 29 98 2 8 1 14 1 8 3 7 14
19 30 66 40 29 33 34 29 32 36 33 39
19 31 35 60 67 69 67 59 57 69 67 67
19 32 38 58 59 64 58 61 56 65 53 64
19 33 9 79 85 86 78 89 81 79 80 86
19 34 61 42 33 33 43 35 45 34 36 43
19 35 60 37 39 46 43 40 47 33 39 45
19 36 68 32 32 39 32 34 39 36 33 40
19 37 94 12 12 9 16 17 12 8 12 4
19 38 5 88 83 95 92 87 80 85 84 85
19 39 57 49 43 42 41 42 46 46 49 46
19 40 67 37 35 33 37 40 37 38 29 40
19 41 44 61 47 49 59 52 54 52 54 47
19 42 47 56 47 59 48 48 53 53 51 55
19 43 37 66 66 65 65 66 59 59 57 58
19 44 56 44 39 43 44 43 40 42 38 37
20 21 94 16 13 8 12 9 16 9 8 7
20 22 23 79 72 75 78 69 71 74 69 74
20 23 69 31 35 27 31 35 29 27 40 32
20 24 19 73 70 69 77 69 68 69 75 81
20 25 71 31 25 26 34 39 37 38 26 34
20 26 66 39 34 33 38 31 35 36 37 30
20 27 86 21 25 26 24 19 17 23 13 19
20 28 71 34 35 27 34 34 36 28 29 29
20 29 99 7 9 12 7 2 9 4 4 15
20 30 6 92 84 79 80 84 88 88 92 86
20 31 43 51 61 54 55 53 59 60 60 55
20 32 47 49 49 49 44 52 55 48 46 46
20 33 1 89 90 85 85 84 83 91 92 91
20 34 77 27 22 21 28 33 23 26 34 29
20 35 75 34 25 32 32 27 32 22 26 30
20 36 19 71 78 75 70 74 82 82 75 74
20 37 47 45 45 54 51 45 58 59 58 52
20 38 13 79 75 87 77 84 84 76 75 83
20 39 28 68 71 73 74 64 63 68 61 74
20 40 59 47 41 35 39 46 47 36 44 36
20 41 81 23 25 25 18 25 29 24 28 17
20 42 31 66 63 59 58 69 58 60 68 60
20 43 72 23 28 24 24 37 38 37 37 26
20 44 73 23 28 27 29 31 32 34 26 27
21 22 2 97 91 93 96 85 97 92 87 94
21 23 14 78 85 83 80 80 72 78 75 82
21 24 45 50 56 51 58 48 48 56 48 58
21 25 17 81 76 82 75 73 83 77 83 76
21 26 42 62 56 57 61 55 64 61 58 49
21 27 58 41 49 46 36 39 47 46 46 35
21 28 85 24 26 20 13 24 26 26 26 22
21 29 98 13 13 2 8 7 7 14 2 11
21 30 36 56 61 68 57 54 68 65 62 62
21 31 29 71 74 64 60 60 72 60 65 63
21 32 23 76 65 78 66 74 74 69 72 74
21 33 69 37 31 39 39 37 35 25 36 30
21 34 84 23 20 18 23 23 19 18 25 25
21 35 82 16 16 14 27 22 20 18 24 26
21 36 69 33 34 29 39 39 34 35 27 30
21 37 63 45 40 38 42 44 38 39 41 44
21 38 73 37 33 24 33 28 31 22 25 29
21 39 27 71 64 67 65 74 71 67 70 64
21 40 92 15 20 17 10 7 11 8 7 18
21 41 38 57 53 65 62 61 66 57 66 63
21 42 71 36 35 26 33 33 39 32 35 24
21 43 48 51 51 57 52 58 54 49 48 56
21 44 51 50 50 45 47 43 45 47 55 55
22 23 10 79 91 76 76 81 90 89 90 83
22 24 8 92 81 80 80 92 81 84 87 81
22 25 53 53 42 51 44 43 42 49 47 54
22 26 84 17 14 21 16 13 12 26 16 23
22 27 89 9 19 9 23 13 10 19 21 10
22 28 54 44 51 49 45 47 52 50 42 46
22 29 26 70 62 65 75 74 76 76 63 64
22 30 45 48 46 59 48 48 49 59 48 60
22 31 1 89 98 97 89 84 89 85 92 85
22 32 68 33 29 33 33 35 39 35 38 32
22 33 31 72 63 62 73 63 67 61 72 61
22 34 21 76 71 66 69 78 79 68 76 70
22 35 49 50 47 50 57 53 50 43 57 53
22 36 42 62 59 55 51 62 48 55 55 62
22 37 11 87 87 83 81 75 86 79 82 77
22 38 21 73 69 80 80 66 74 76 67 78
22 39 63 33 43 37 43 45 35 41 39 41
22 40 79 27 25 18 31 22 21 25 26 24
22 41 16 80 76 73 80 79 74 77 72 80
22 42 6 87 82 86 92 93 89 84 86 87
22 43 78 31 26 21 30 29 28 26 23 31
22 44 1 90 88 85 97 95 95 96 92 93
23 24 31 69 61 70 60 68 73 70 66 70
23 25 67 38 41 36 29 29 29 30 35 36
23 26 72 32 24 37 30 34 36 29 32 32
23 27 84 26 21 28 13 19 15 23 18 27
23 28 74 22 30 24 24 33 23 25 35 27
23 29 53 48 39 45 53 41 48 50 49 46
23 30 66 29 32 36 30 41 33 34 32 38
23 31 77 20 20 31 30 29 31 29 23 34
23 32 33 57 57 68 66 66 70 67 61 64
23 33 67 34 31 35 40 28 41 39 30 39
23 34 71 26 24 26 31 31 26 29 27 37
23 35 36 59 64 61 61 55 63 59 61 62
23 36 51 49 49 52 44 47 51 54 46 53
23 37 22 75 70 74 73 69 69 75 69 69
23 38 90 20 16 16 11 11 19 19 21 11
23 39 46 48 52 48 50 49 53 48 55 55
23 40 9 88 82 83 88 89 86 77 90 76
23 41 24 70 75 64 76 67 69 68 65 73
23 42 57 43 41 36 50 47 43 43 40 38
23 43 48 44 56 56 48 55 52 47 50 54
23 44 40 57 53 64 65 65 63 53 62 61
24 25 57 36 37 37 48 40 41 43 51 43
24 26 56 42 51 41 39 48 47 44 51 41
24 27 45 56 57 55 54 60 47 55 46 58
24 28 58 39 48 44 45 49 38 40 40 36
24 29 88 16 19 10 18 12 14 18 15 10
24 30 3 96 87 84 90 93 83 90 82 86
24 31 44 56 48 50 56 47 60 53 50 58
24 32 0 95 99 90 87 85 87 94 97 94
24 33 68 35 31 41 40 36 30 39 35 36
24 34 20 78 78 74 69 69 79 76 78 76
24 35 99 2 7 11 10 12 1 7 12 9
24 36 30 66 59 65 60 68 62 61 68 68
24 37 4 95 81 84 94 89 85 95 81 84
24 38 8 84 84 82 89 91 80 91 85 92
24 39 3 96 86 87 82 95 91 94 86 96
24 40 17 81 70 76 72 74 76 73 78 81
24 41 52 42 45 51 43 50 40 46 49 47
24 42 92 13 9 13 17 21 20 19 21 19
24 43 92 10 20 18 10 18 8 17 12 13
24 44 25 67 68 63 67 65 77 74 70 76
25 26 8 81 79 83 87 85 79 90 89 91
25 27 52 42 45 50 53 42 44 55 47 45
25 28 36 55 55 56 64 58 55 62 54 58
25 29 78 19 32 31 28 24 24 30 28 27
25 30 92 17 7 21 16 9 19 18 20 12
25 31 85 26 18 15 14 26 26 23 17 17
25 32 17 79 78 72 80 83 82 80 76 76
25 33 2 92 90 87 87 86 96 97 84 93
25 34 59 41 45 44 39 43 37 46 39 34
25 35 96 6 3 12 17 15 5 13 7 7
25 36 24 64 66 77 71 70 71 76 74 66
25 37 21 67 72 68 69 80 77 81 67 69
25 38 29 61 71 60 64 68 71 68 64 65
25 39 6 84 85 94 81 92 88 88 81 91
25 40 95 17 6 12 17 7 15 15 10 7
25 41 19 74 80 76 76 81 70 80 71 75
25 42 34 67 62 59 57 70 68 65 58 58
25 43 23 69 69 79 72 65 79 66 77 70
25 44 33 69 70 60 56 64 65 71 61 63
26 27 27 64 72 62 67 71 69 67 69 63
26 28 42 62 58 60 56 59 55 51 57 55
26 29 29 60 59 72 65 60 68 61 62 65
26 30 84 21 26 26 16 27 18 15 23 24
26 31 61 42 34 33 37 41 42 44 45 36
26 32 38 63 59 54 55 61 53 56 65 60
26 33 23 77 77 70 68 73 69 76 76 76
26 34 18 71 82 74 81 77 74 73 76 76
26 35 31 64 66 72 62 71 60 61 63 62
26 36 49 47 54 43 54 52 52 55 48 45
26 37 90 15 13 14 21 22 22 20 8 19
26 38 81 20 21 26 26 16 19 22 17 26
26 39 71 25 37 30 33 36 25 32 36 32
26 40 54 39 44 46 50 48 50 51 52 44
26 41 19 73 79 78 82 79 70 83 68 73
26 42 36 62 68 56 54 60 66 58 57 54
26 43 12 81 77 84 74 88 76 79 87 81
26 44 46 56 52 48 48 46 53 48 58 54
27 28 19 79 78 68 71 80 74 76 71 78
27 29 93 10 10 19 15 15 18 13 6 7
27 30 50 53 46 54 45 55 48 52 55 55
27 31 71 28 37 28 38 31 25 28 28 26
27 32 95 17 5 11 3 10 15 10 11 11
27 33 94 9 12 18 10 15 9 7 18 12
27 34 96 10 13 7 12 4 13 5 10 12
27 35 39 53 64 59 51 59 51 58 56 56
27 36 71 37 29 34 36 37 37 26 26 37
27 37 10 77 88 84 89 81 83 90 87 90
27 38 38 62 66 60 66 58 54 56 56 59
27 39 20 71 68 70 75 68 79 77 79 69
27 40 5 85 94 89 89 92 95 82 85 86
27 41 22 76 71 67 68 81 71 67 72 67
27 42 41 61 60 53 57 52 57 51 59 49
27 43 91 12 7 15 12 7 9 19 18 6
27 44 78 32 32 28 26 28 30 24 20 21
28 29 62 45 32 35 39 38 45 45 42 34
28 30 2 88 95 88 87 86 95 83 87 85
28 31 7 90 81 91 81 84 86 89 91 91
28 32 54 51 40 42 49 45 46 41 48 40
28 33 82 15 29 21 18 27 20 29 20 15
28 34 94 18 6 6 19 7 19 7 15 12
28 35 75 34 25 21 32 24 29 25 21 21
28 36 44 55 47 51 62 52 59 48 48 47
28 37 16 79 86 85 81 74 80 82 83 72
28 38 38 55 56 62 58 62 62 57 53 66
28 39 18 81 73 79 78 73 80 81 78 80
28 40 60 47 42 47 40 41 35 47 37 34
28 41 36 62 61 65 67 57 58 60 67 62
28 42 24 65 76 68 70 72 70 69 70 68
28 43 93 14 12 12 6 8 5 18 7 18
28 44 13 84 75 77 85 87 85 83 85 80
29 30 91 9 9 19 14 8 10 12 17 16
29 31 32 58 59 70 62 71 67 63 62 68
29 32 81 29 16 21 24 22 29 24 19 28
29 33 48 49 53 58 48 54 50 45 53 50
29 34 38 55 66 61 56 54 58 56 60 56
29 35 64 43 38 33 32 37 35 40 35 37
29 36 43 60 51 48 57 62 50 50 53 58
29 37 12 84 88 77 85 82 83 80 87 84
29 38 69 30 31 27 27 36 35 39 36 40
29 39 66 41 40 42 32 42 38 33 39 41
29 40 35 55 57 61 59 68 63 55 65 55
29 41 25 66 73 74 64 78 69 67 64 70
29 42 24 76 71 64 77 71 76 70 77 72
29 43 33 63 69 59 65 69 58 57 58 69
29 44 83 22 20 19 25 25 18 16 23 19
30 31 50 44 53 42 47 51 45 48 57 44
30 32 36 66 62 57 55 55 59 67 57 64
30 33 99 7 12 8 15 3 10 6 9 3
30 34 0 88 91 85 90 92 88 87 91 96
30 35 79 20 30 28 23 23 30 23 27 22
30 36 7 80 81 81 91 88 89 78 87 89
30 37 10 84 76 87 85 81 76 80 90 88
30 38 9 87 89 91 76 79 85 80 78 82
30 39 99 7 10 11 9 4 11 5 4 1
30 40 23 71 78 76 78 77 74 71 78 64
30 41 60 38 43 47 35 41 36 35 42 40
30 42 52 50 54 52 49 50 40 43 40 41
30 43 63 36 45 39 35 33 44 44 42 33
30 44 63 38 38 43 38 38 40 37 39 38
31 32 78 28 31 25 27 25 27 32 19 32
31 33 48 55 45 45 58 45 46 54 44 52
31 34 48 56 55 54 58 50 45 48 57 52
31 35 62 47 37 34 33 38 39 35 37 40
31 36 67 31 33 28 31 27 36 30 38 32
31 37 8 92 85 84 90 84 86 87 91 79
31 38 41 59 61 61 58 60 56 61 53 60
31 39 17 71 78 83 71 71 84 84 80 84
31 40 51 41 46 45 52 52 49 54 55 50
31 41 28 63 69 74 68 72 74 61 64 67
31 42 43 54 58 50 50 49 62 51 59 49
31 43 66 35 37 31 38 37 31 40 33 34
31 44 42 61 52 61 60 59 63 53 56 50
32 33 29 61 69 64 74 73 67 62 74 68
32 34 2 88 92 88 87 84 86 90 85 94
32 35 45 55 56 58 49 57 57 60 49 55
32 36 27 65 62 73 71 71 74 61 69 72
32 37 21 66 72 81 78 77 68 76 67 70
32 38 75 34 31 35 31 25 27 34 32 34
32 39 72 27 34 29 31 29 36 26 29 24
32 40 45 58 52 52 58 54 56 59 48 48
32 41 45 48 60 56 50 56 46 60 48 53
32 42 52 52 47 41 43 40 54 40 48 41
32 43 51 51 50 51 46 55 53 55 44 47
32 44 47 47 57 47 51 49 50 53 48 55
33 34 64 42 37 38 42 44 35 40 35 35
33 35 7 78 92 80 87 80 92 88 89 90
33 36 43 58 56 49 53 59 53 58 53 53
33 37 39 63 62 62 65 56 61 65 64 54
33 38 32 71 64 67 59 65 72 60 63 61
33 39 95 14 8 11 6 6 10 10 8 9
33 40 89 10 9 11 22 12 10 21 11 18
33 41 79 24 26 19 23 21 31 25 26 20
33 42 78 28 33 20 28 27 26 21 21 26
33 43 86 19 20 13 24 20 23 23 25 14
33 44 59 48 47 41 45 42 45 36 42 38
34 35 47 53 58 57 58 54 50 48 49 51
34 36 65 32 41 41 42 37 34 33 40 41
34 37 9 87 79 85 80 80 85 83 83 81
34 38 42 58 57 55 59 62 61 52 51 59
34 39 75 22 26 22 34 33 30 25 34 35
34 40 28 64 64 69 72 67 72 62 68 73
34 41 41 53 51 52 61 56 62 57 57 49
34 42 17 71 84 78 79 74 73 80 82 79
34 43 86 23 19 15 18 22 24 24 21 17
34 44 15 76 77 74 76 84 77 78 75 83
35 36 52 46 51 51 47 45 48 52 55 50
35 37 57 48 45 48 50 37 40 50 48 36
35 38 78 32 24 19 30 24 22 21 25 24
35 39 49 48 56 53 48 46 56 49 44 56
35 40 45 58 57 56 59 56 53 55 57 48
35 41 17 71 80 76 82 74 80 77 73 80
35 42 58 48 35 38 43 42 40 47 47 43
35 43 6 86 84 82 84 91 81 90 84 88
35 44 51 50 52 55 51 53 45 52 43 53
36 37 20 80 69 73 75 70 76 71 80 79
36 38 83 28 26 27 25 28 27 27 27 27
36 39 2 87 86 84 88 84 88 84 84 94
36 40 88 18 24 10 21 10 23 11 12 19
36 41 65 32 39 40 32 35 37 35 29 30
36 42 73 34 30 22 35 30 27 34 36 27
36 43 87 14 17 16 13 15 25 19 17 14
36 44 95 13 8 16 9 15 14 10 6 6
37 38 1 84 84 94 87 94 86 92 89 88
37 39 20 82 71 77 81 72 75 71 79 75
37 40 46 58 48 59 52 48 54 50 52 50
37 41 73 27 29 23 35 23 23 25 28 34
37 42 93 18 11 6 6 15 7 17 7 18
37 43 28 68 64 64 63 61 63 61 67 75
37 44 68 33 35 29 38 29 29 36 39 36
38 39 68 41 41 31 38 40 33 29 27 38
38 40 56 37 47 47 41 51 39 39 39 48
38 41 64 45 34 39 38 34 42 42 30 36
38 42 67 35 32 32 34 33 29 30 31 31
38 43 60 37 44 45 47 36 42 41 45 42
38 44 62 37 44 32 37 39 40 38 41 33
39 40 50 51 48 51 47 48 45 54 54 47
39 41 95 5 7 5 11 17 6 10 11 4
39 42 19 81 77 73 71 80 68 80 75 80
39 43 68 39 32 29 34 27 39 39 40 31
39 44 71 29 29 37 24 29 35 28 39 26
40 41 31 67 72 71 66 68 67 70 66 62
40 42 88 14 14 23 24 22 18 23 13 16
40 43 2 85 87 92 86 96 89 92 83 92
40 44 79 25 19 25 20 29 29 22 32 27
41 42 99 2 1 5 9 8 7 2 0 2
41 43 52 49 50 42 40 47 52 47 43 42
41 44 65 43 42 43 33 33 33 33 38 35
42 43 99 1 2 1 1 3 8 4 11 0
42 44 95 4 4 13 16 6 15 16 14 7
43 44 16 71 75 74 71 77 78 73 72 73
