10 10
0 0 0 0 0.5 0.5 0 0 0 0 
0 1 21 20 27 24 21 27 27 26 18 30
0 2 58 51 63 58 56 59 60 57 50 50
0 3 99 92 95 92 90 94 96 88 90 87
0 4 4 17 10 11 18 16 4 3 9 11
0 5 84 79 78 75 78 76 84 74 76 80
0 6 57 56 62 63 49 56 57 55 51 62
0 7 30 30 36 26 35 40 40 36 37 34
0 8 35 41 36 45 43 37 30 37 36 42
0 9 22 19 21 33 27 29 33 31 32 28
1 2 15 14 16 28 17 14 23 28 21 17
1 3 13 26 20 19 19 17 18 20 24 20
1 4 40 38 45 37 43 43 46 47 45 39
1 5 41 41 41 38 45 45 48 50 40 46
1 6 79 73 81 72 75 77 72 78 73 78
1 7 55 48 59 60 50 57 54 56 57 50
1 8 7 10 17 16 9 18 13 8 10 20
1 9 15 19 13 19 22 23 15 19 21 23
2 3 11 10 14 21 9 14 15 17 18 24
2 4 35 33 40 35 36 34 34 40 38 44
2 5 24 22 27 34 22 25 26 30 30 30
2 6 69 71 65 73 63 73 68 68 69 61
2 7 55 49 48 47 47 49 60 47 50 59
2 8 3 15 16 10 17 12 2 8 8 16
2 9 30 40 37 31 29 29 38 33 26 28
3 4 4 10 6 16 3 10 12 6 16 13
3 5 18 30 23 17 25 21 17 23 29 29
3 6 70 72 61 68 60 61 66 68 62 62
3 7 72 71 70 68 66 71 73 74 67 73
3 8 68 69 60 58 68 60 67 62 58 67
3 9 21 24 26 25 24 29 32 24 21 27
4 5 38 33 42 45 42 43 47 34 35 35
4 6 51 57 52 51 49 49 50 53 56 57
4 7 52 56 49 49 52 49 55 55 51 48
4 8 45 44 52 46 43 50 43 50 51 50
4 9 69 61 72 73 70 63 62 64 61 65
5 6 89 83 89 76 88 87 85 90 87 80
5 7 69 70 72 66 66 71 71 69 68 67
5 8 65 68 58 70 60 68 62 62 63 65
5 9 5 12 14 19 17 14 18 15 9 12
6 7 0 4 5 0 14 11 7 9 0 3
6 8 62 54 63 55 54 58 60 58 62 65
6 9 76 68 78 66 74 78 75 67 78 65
7 8 63 60 67 67 55 66 54 61 59 53
7 9 10 11 23 14 13 23 11 13 9 13
8 9 89 87 78 83 88 79 81 81 80 80
