10 10
0 0 0 0.25 0.25 0.25 0.25 0 0 0 
0 1 50 66 71 50 26 33 27 63 35 46
0 2 75 79 77 81 45 80 61 45 63 46
0 3 58 50 74 41 41 56 33 46 66 39
0 4 48 51 58 59 68 30 49 63 44 31
0 5 56 73 34 68 64 36 67 56 44 57
0 6 38 28 55 30 22 59 51 33 33 58
0 7 47 65 35 45 49 72 27 68 58 36
0 8 40 39 67 62 32 53 29 26 35 23
0 9 5 35 22 51 24 16 46 6 42 39
1 2 89 54 70 72 94 89 56 74 68 81
1 3 7 7 26 22 19 19 9 16 20 26
1 4 9 44 43 12 45 29 50 6 44 15
1 5 54 40 71 47 46 75 67 74 56 57
1 6 84 90 85 76 64 73 54 63 43 52
1 7 19 36 56 15 38 15 53 27 30 59
1 8 84 43 46 73 89 76 57 81 45 74
1 9 63 62 38 77 71 58 77 43 55 52
2 3 6 37 37 18 35 32 5 8 36 25
2 4 35 45 19 26 22 30 62 51 61 58
2 5 70 38 59 72 62 45 56 67 38 66
2 6 38 67 68 37 68 54 63 32 22 41
2 7 68 36 46 65 75 60 72 79 84 42
2 8 29 58 37 53 35 59 37 35 24 55
2 9 43 65 65 34 29 48 27 50 63 45
3 4 18 22 31 34 10 21 31 42 36 32
3 5 63 70 73 63 77 67 58 48 64 54
3 6 58 35 43 41 63 62 48 78 60 58
3 7 5 30 52 10 33 33 13 27 39 31
3 8 20 16 19 31 13 12 23 39 35 51
3 9 33 25 63 57 64 24 50 21 56 41
4 5 19 45 53 37 12 28 23 29 51 51
4 6 53 71 62 56 76 50 75 40 40 47
4 7 38 50 22 55 62 31 27 48 50 46
4 8 51 72 57 57 72 47 48 57 44 55
4 9 31 32 44 56 62 56 29 60 36 46
5 6 89 45 82 59 91 50 94 60 87 80
5 7 3 36 21 41 46 10 10 25 11 28
5 8 40 26 46 63 31 65 33 54 50 62
5 9 24 26 37 36 18 42 38 22 43 61
6 7 69 69 38 72 35 69 34 63 51 37
6 8 40 59 65 24 66 27 64 39 56 25
6 9 67 45 77 67 48 55 55 80 81 72
7 8 31 24 45 56 23 52 21 64 33 45
7 9 16 55 27 23 13 48 18 9 27 26
8 9 62 65 44 73 80 33 59 54 54 75
