27 10
0 0 0.166667 0.166667 0.166667 0.166667 0.166667 0.166667 0 0 
0 1 62 66 54 54 55 56 53 65 58 67
0 2 3 13 12 16 6 4 4 10 12 11
0 3 7 10 18 8 17 16 13 8 12 10
0 4 15 25 16 23 14 19 15 21 14 19
0 5 8 15 17 18 20 21 8 20 10 13
0 6 23 33 33 31 21 23 24 20 20 24
0 7 89 82 76 89 77 89 88 77 79 86
0 8 55 60 61 59 55 61 58 58 50 61
0 9 11 14 16 12 17 17 23 19 24 13
0 10 88 84 83 86 89 83 81 84 86 77
0 11 27 38 25 28 26 34 29 34 29 34
0 12 81 80 82 74 71 78 76 73 78 71
0 13 14 12 20 24 21 23 23 18 21 13
0 14 24 33 27 35 28 23 26 22 24 31
0 15 96 88 83 89 91 96 85 95 86 96
0 16 98 91 94 90 90 90 95 96 98 90
0 17 89 79 77 81 83 83 88 83 83 86
0 18 14 20 12 22 25 12 20 22 17 19
0 19 83 83 81 81 83 72 82 76 78 77
0 20 60 56 64 60 62 63 61 57 62 63
0 21 96 90 93 96 93 85 93 89 82 88
0 22 3 5 15 15 8 6 9 10 14 5
0 23 14 24 13 19 19 15 20 20 17 21
0 24 26 26 31 35 27 30 26 25 31 28
0 25 18 22 28 19 28 29 22 20 27 17
0 26 90 77 85 86 81 84 89 79 86 84
1 2 10 10 13 15 23 20 21 12 10 9
1 3 40 45 34 42 36 39 37 46 43 36
1 4 93 90 88 88 80 80 84 84 86 79
1 5 67 62 58 58 67 65 57 68 70 69
1 6 64 57 59 66 56 63 65 61 59 63
1 7 80 77 78 72 71 80 69 81 72 83
1 8 25 23 27 35 25 28 28 35 24 26
1 9 37 43 45 39 34 37 45 41 45 40
1 10 0 4 3 10 4 11 5 10 15 5
1 11 50 44 50 48 57 45 49 55 50 55
1 12 51 47 54 53 50 54 46 53 44 46
1 13 18 16 30 20 21 16 16 25 16 21
1 14 57 53 49 63 52 56 49 57 62 57
1 15 48 44 47 53 45 54 47 48 49 48
1 16 25 23 36 30 25 27 33 30 33 33
1 17 5 19 16 12 10 17 14 4 8 5
1 18 57 63 48 53 58 62 49 49 59 62
1 19 1 1 6 7 15 9 10 2 6 11
1 20 51 53 55 50 58 53 55 46 45 47
1 21 4 12 16 14 14 18 13 11 12 16
1 22 59 60 57 55 60 63 57 58 54 62
1 23 1 5 15 4 11 10 6 5 4 13
1 24 45 40 49 39 45 46 48 45 51 39
1 25 70 62 69 70 70 65 62 61 70 72
1 26 93 93 88 93 90 88 89 87 80 80
2 3 69 66 62 73 69 73 68 66 72 67
2 4 22 32 25 34 22 29 30 29 22 29
2 5 92 90 82 89 93 80 82 92 80 79
2 6 5 6 4 8 6 8 19 6 14 13
2 7 86 84 76 83 75 84 82 78 81 80
2 8 42 43 47 38 37 49 50 46 37 50
2 9 22 20 31 32 31 31 28 32 30 21
2 10 67 70 68 69 65 64 59 71 60 64
2 11 60 52 58 60 59 63 62 61 54 62
2 12 56 62 62 61 55 60 62 62 53 58
2 13 9 16 10 21 18 22 15 9 22 12
2 14 73 63 74 73 62 73 63 73 70 67
2 15 7 7 16 21 9 9 18 19 18 17
2 16 14 17 25 19 15 22 18 14 20 18
2 17 26 28 36 23 23 28 24 34 31 31
2 18 48 45 47 43 43 46 40 41 46 43
2 19 88 84 89 79 83 84 81 77 79 78
2 20 27 33 36 24 28 34 37 31 37 33
2 21 48 46 52 48 44 43 42 43 45 48
2 22 25 29 31 35 22 25 31 24 27 29
2 23 49 45 43 44 45 54 52 55 47 49
2 24 74 70 64 76 67 73 66 77 64 72
2 25 42 47 47 44 51 36 42 44 45 45
2 26 58 55 54 50 60 52 58 55 56 54
3 4 36 43 37 32 39 33 33 42 31 34
3 5 23 29 23 25 22 21 22 21 27 21
3 6 27 23 31 26 32 32 25 37 25 37
3 7 54 56 52 56 55 48 59 53 49 55
3 8 39 46 45 36 34 47 34 41 42 46
3 9 22 27 23 23 21 26 23 30 29 30
3 10 88 76 87 77 83 89 81 90 87 80
3 11 1 11 12 16 14 15 6 7 11 3
3 12 10 11 11 14 9 20 22 21 19 9
3 13 35 35 40 30 43 41 34 39 38 42
3 14 65 59 64 61 64 64 55 65 67 61
3 15 11 21 18 23 20 19 13 21 14 23
3 16 16 25 28 17 17 23 19 19 21 16
3 17 32 39 40 41 41 42 37 36 41 32
3 18 6 8 5 14 17 16 17 5 6 12
3 19 7 12 9 7 16 17 19 15 17 11
3 20 67 69 71 66 61 57 66 70 61 64
3 21 31 40 32 35 29 36 30 38 28 28
3 22 64 69 57 66 64 57 60 61 57 64
3 23 99 99 94 93 85 96 87 95 88 96
3 24 90 80 85 85 91 84 89 84 91 84
3 25 74 63 77 68 65 77 75 63 76 72
3 26 18 15 17 17 18 21 20 28 19 15
4 5 87 76 79 78 86 83 77 75 76 86
4 6 59 59 63 54 55 62 52 65 64 58
4 7 22 23 32 24 32 24 30 31 28 32
4 8 65 68 70 70 63 62 62 67 70 69
4 9 67 59 57 67 58 58 62 66 66 60
4 10 17 25 28 18 29 22 21 25 19 24
4 11 96 82 90 91 83 91 94 84 82 86
4 12 44 51 37 44 38 46 48 43 38 48
4 13 33 43 32 40 41 39 43 29 40 40
4 14 98 84 92 84 87 97 89 84 95 94
4 15 74 64 72 76 72 71 72 76 77 74
4 16 27 28 25 30 28 31 33 26 27 28
4 17 63 57 66 66 58 65 55 64 55 68
4 18 45 41 45 40 49 45 51 44 48 45
4 19 71 72 64 65 70 63 62 62 68 75
4 20 65 64 57 67 66 61 67 62 64 64
4 21 99 96 91 97 88 87 94 96 96 96
4 22 60 62 56 63 65 51 53 54 52 58
4 23 84 85 86 81 81 79 82 81 77 73
4 24 74 75 68 66 64 64 67 76 72 70
4 25 78 68 81 68 71 70 80 68 75 75
4 26 7 9 21 12 7 8 16 8 21 7
5 6 17 15 26 18 24 19 27 29 25 29
5 7 19 21 29 17 18 21 25 19 25 26
5 8 47 54 54 49 45 54 54 43 50 41
5 9 76 66 78 78 77 78 68 65 74 76
5 10 25 26 28 22 21 22 22 25 22 34
5 11 31 40 41 30 29 37 33 38 32 34
5 12 82 76 75 71 78 77 84 82 84 82
5 13 65 66 56 61 56 55 61 62 56 68
5 14 63 63 60 66 63 67 60 58 63 64
5 15 62 66 54 59 60 60 65 61 63 53
5 16 23 23 22 23 20 27 24 27 32 27
5 17 64 61 56 62 61 60 67 66 66 63
5 18 51 56 53 54 58 53 44 52 49 55
5 19 12 10 10 20 20 23 15 16 18 15
5 20 35 42 39 38 45 36 41 34 39 38
5 21 70 60 74 69 67 69 62 60 62 63
5 22 9 22 22 12 15 19 13 16 22 14
5 23 99 88 86 86 97 92 87 92 93 95
5 24 61 59 55 61 58 66 60 53 58 58
5 25 82 72 77 75 75 80 78 82 80 81
5 26 3 5 6 12 11 6 12 10 13 13
6 7 53 46 50 47 55 54 54 49 52 56
6 8 51 45 57 55 52 49 54 48 50 53
6 9 23 31 22 33 34 24 24 25 22 34
6 10 48 54 55 44 43 41 48 45 45 46
6 11 66 65 62 64 57 70 63 70 66 67
6 12 62 62 65 59 56 60 58 53 62 64
6 13 81 78 75 69 78 76 70 82 73 72
6 14 34 35 32 38 36 30 39 42 39 29
6 15 30 31 26 32 29 38 27 34 40 35
6 16 33 42 39 34 38 35 29 39 37 34
6 17 89 87 90 82 80 76 80 88 84 88
6 18 23 25 24 32 25 24 21 27 25 23
6 19 45 42 42 45 44 45 42 44 51 41
6 20 53 57 46 55 59 51 53 47 48 48
6 21 85 87 80 77 76 76 84 75 87 85
6 22 89 85 84 85 78 78 88 81 89 76
6 23 97 90 93 94 91 90 93 91 97 84
6 24 95 84 92 91 95 93 88 95 87 89
6 25 26 35 33 31 35 30 31 30 35 29
6 26 43 45 36 50 39 41 46 47 47 37
7 8 0 7 13 9 14 0 5 7 8 9
7 9 89 81 89 82 86 79 88 85 79 77
7 10 28 25 32 34 35 34 29 24 38 37
7 11 99 94 91 95 86 87 89 88 97 98
7 12 95 86 93 84 87 89 91 86 86 92
7 13 45 50 50 52 50 42 50 41 45 44
7 14 76 77 73 72 72 67 77 71 70 68
7 15 24 28 21 25 25 34 30 30 31 26
7 16 81 80 83 78 83 77 81 74 73 71
7 17 6 15 8 14 18 11 10 10 9 13
7 18 47 50 43 40 50 53 51 50 44 42
7 19 45 48 49 44 41 49 48 46 49 51
7 20 31 35 38 28 33 29 40 34 39 28
7 21 50 46 43 45 46 50 53 47 57 52
7 22 75 76 72 76 65 78 77 74 70 69
7 23 24 30 28 22 27 32 30 35 35 30
7 24 12 13 18 16 25 21 24 13 16 12
7 25 67 67 59 65 68 57 66 68 62 69
7 26 59 59 57 60 65 51 57 58 58 62
8 9 65 57 62 56 65 66 57 62 65 64
8 10 97 85 94 88 91 92 83 94 96 93
8 11 44 49 39 43 43 51 41 52 47 40
8 12 94 81 92 94 86 81 89 86 84 89
8 13 35 44 38 30 43 32 36 38 40 41
8 14 59 60 61 57 62 59 51 53 65 58
8 15 4 13 18 7 11 6 14 6 11 4
8 16 64 65 58 56 66 61 56 68 66 62
8 17 56 61 61 61 54 60 51 59 50 62
8 18 76 67 79 76 65 73 68 78 70 67
8 19 84 74 80 73 76 84 80 79 78 75
8 20 90 87 87 88 91 87 90 86 90 77
8 21 61 61 59 62 56 55 56 58 62 59
8 22 66 57 57 59 57 61 63 64 63 69
8 23 23 26 23 21 27 28 35 27 27 32
8 24 12 18 21 14 21 18 11 20 22 13
8 25 34 43 36 31 30 42 30 39 43 30
8 26 39 37 41 44 42 39 43 45 43 38
9 10 29 33 28 29 30 28 27 28 36 28
9 11 86 77 86 84 77 75 80 86 85 77
9 12 71 62 68 73 63 73 67 64 72 63
9 13 94 85 90 93 84 81 87 83 94 87
9 14 53 51 47 52 49 55 48 49 55 45
9 15 51 53 51 49 56 56 54 50 44 56
9 16 5 15 19 16 13 11 15 8 8 6
9 17 15 15 25 22 20 14 20 19 25 21
9 18 95 82 91 92 95 82 87 92 88 87
9 19 58 59 62 56 63 64 52 62 53 60
9 20 36 35 35 43 33 44 40 37 35 44
9 21 33 31 34 39 43 29 38 29 36 34
9 22 3 15 17 5 15 13 7 10 9 10
9 23 95 88 84 91 81 93 85 82 83 81
9 24 76 78 79 71 65 73 71 79 66 70
9 25 10 21 14 20 13 11 16 15 16 13
9 26 91 88 85 82 81 81 86 86 77 89
10 11 91 91 92 80 86 82 80 92 80 92
10 12 78 74 69 66 75 72 67 69 68 72
10 13 80 69 82 70 77 72 74 77 82 72
10 14 70 64 64 71 71 68 65 71 71 68
10 15 52 56 48 54 54 51 45 51 44 49
10 16 81 71 73 82 74 75 83 77 83 75
10 17 53 55 51 51 52 56 59 53 47 57
10 18 73 70 63 72 63 77 75 67 73 73
10 19 77 77 74 77 70 75 80 74 68 71
10 20 58 54 50 50 62 64 58 52 52 64
10 21 97 88 86 90 97 84 91 85 86 84
10 22 78 74 69 71 68 75 73 80 73 76
10 23 63 69 63 68 69 68 60 67 68 63
10 24 14 22 15 12 15 24 25 12 13 13
10 25 79 77 80 82 78 69 74 75 82 77
10 26 46 43 46 51 46 45 45 50 45 54
11 12 74 77 68 64 67 77 68 68 70 63
11 13 17 19 27 16 27 21 27 25 15 29
11 14 44 39 41 47 42 43 49 39 42 51
11 15 49 43 44 51 44 53 44 47 55 47
11 16 61 65 59 65 62 61 64 59 60 63
11 17 20 20 19 18 22 28 27 22 24 31
11 18 85 80 82 83 73 86 74 72 74 82
11 19 82 77 75 79 73 80 79 74 70 71
11 20 30 35 34 31 37 30 40 27 32 30
11 21 86 87 73 74 77 83 81 77 83 85
11 22 49 55 56 56 44 55 56 49 47 49
11 23 66 70 69 62 62 70 63 68 68 70
11 24 27 38 30 28 31 29 28 38 34 26
11 25 72 71 62 72 66 74 67 67 75 64
11 26 90 81 86 91 85 83 85 84 87 84
12 13 85 80 79 78 85 77 73 74 74 73
12 14 8 12 18 10 14 22 21 14 21 19
12 15 8 9 11 20 18 9 8 20 8 9
12 16 31 29 36 34 27 39 41 33 33 32
12 17 23 34 22 28 22 32 29 26 26 31
12 18 46 50 46 53 41 53 44 53 40 49
12 19 30 31 29 39 34 35 36 35 39 37
12 20 3 5 7 10 9 14 12 4 12 10
12 21 85 87 78 74 87 73 84 80 84 75
12 22 69 62 63 66 66 63 65 67 66 59
12 23 36 35 32 34 41 31 44 33 41 39
12 24 46 43 42 41 53 39 46 48 45 54
12 25 16 20 27 21 21 14 14 15 28 24
12 26 54 52 54 46 49 48 55 58 54 56
13 14 55 60 61 60 52 55 56 60 49 48
13 15 12 24 19 17 22 15 24 13 11 17
13 16 64 68 61 59 69 69 60 66 67 62
13 17 47 44 48 41 44 40 51 50 52 52
13 18 51 46 49 50 56 47 52 49 44 44
13 19 64 57 65 62 65 60 63 67 62 66
13 20 82 75 70 76 74 74 82 69 81 79
13 21 37 46 43 35 43 43 42 42 36 33
13 22 37 32 35 32 33 43 32 32 43 38
13 23 65 58 66 58 68 67 60 60 64 62
13 24 60 54 62 57 60 60 62 65 66 58
13 25 75 73 64 72 67 72 78 74 79 73
13 26 27 23 30 37 24 25 35 31 29 23
14 15 51 49 58 51 50 43 48 49 44 55
14 16 75 68 69 76 72 72 68 73 69 71
14 17 58 56 62 60 58 59 57 55 49 55
14 18 43 44 41 37 47 36 50 40 44 50
14 19 84 78 73 85 84 82 77 72 78 84
14 20 80 83 73 74 74 69 76 74 81 75
14 21 81 83 70 83 83 75 83 81 79 83
14 22 20 25 18 24 21 28 29 27 21 19
14 23 14 13 20 21 22 17 25 21 12 26
14 24 1 3 6 9 8 7 13 4 3 9
14 25 45 51 52 40 44 41 41 40 40 47
14 26 39 45 48 40 41 47 38 47 43 36
15 16 45 43 41 50 46 41 41 52 51 43
15 17 22 28 26 30 22 27 24 31 29 20
15 18 81 77 82 77 69 72 83 81 72 72
15 19 46 49 45 45 53 44 49 40 52 40
15 20 35 42 30 40 32 43 34 33 42 39
15 21 50 43 43 44 42 52 56 53 44 48
15 22 34 38 30 42 42 42 30 30 33 33
15 23 17 23 29 25 28 26 26 21 23 24
15 24 64 57 65 54 64 59 67 69 59 65
15 25 71 72 73 65 72 63 67 71 72 71
15 26 81 69 74 81 82 77 81 81 73 78
16 17 17 17 29 28 19 25 21 28 29 15
16 18 6 6 15 6 16 8 9 11 7 12
16 19 11 19 19 15 10 13 16 12 9 18
16 20 95 85 89 92 90 84 91 94 93 96
16 21 69 66 60 60 69 61 61 67 64 72
16 22 72 69 64 72 67 72 62 67 72 74
16 23 1 13 6 2 13 12 16 4 5 2
16 24 73 76 67 76 64 63 72 70 63 69
16 25 12 16 14 15 22 18 14 16 14 23
16 26 7 14 12 10 8 9 15 14 12 15
17 18 24 35 31 24 26 34 29 27 33 25
17 19 84 75 78 78 83 75 82 72 85 76
17 20 52 49 47 57 56 50 53 49 47 57
17 21 80 82 81 81 73 68 76 69 74 75
17 22 91 83 91 78 85 88 82 90 85 88
17 23 65 55 68 61 60 62 65 67 68 66
17 24 88 82 76 87 82 78 84 85 87 83
17 25 37 43 38 36 42 32 46 39 45 45
17 26 35 41 43 43 32 33 43 35 38 32
18 19 84 73 84 74 72 80 85 77 76 83
18 20 53 53 50 52 52 46 54 50 55 49
18 21 6 5 7 18 7 6 7 11 7 6
18 22 39 40 47 48 41 42 38 37 35 39
18 23 61 57 61 54 64 63 53 55 57 59
18 24 56 58 58 62 57 54 53 61 58 52
18 25 74 63 63 65 70 73 65 67 74 67
18 26 31 35 27 38 32 30 39 38 40 38
19 20 41 36 37 49 35 45 48 38 37 36
19 21 29 26 38 27 29 24 39 37 33 27
19 22 33 36 31 39 36 36 32 31 35 29
19 23 61 62 57 59 59 61 64 54 60 53
19 24 12 11 14 14 22 19 16 12 12 11
19 25 85 78 86 84 78 81 85 72 83 76
19 26 61 59 61 57 58 59 67 57 67 55
20 21 63 59 64 67 67 66 54 59 66 60
20 22 59 57 51 52 56 54 60 65 60 57
20 23 70 71 61 74 68 73 66 65 64 64
20 24 64 63 65 61 56 64 61 59 68 59
20 25 91 92 78 86 80 90 84 88 81 88
20 26 94 81 93 86 83 94 81 81 82 83
21 22 87 82 87 86 77 80 81 88 76 78
21 23 92 88 84 82 90 80 87 84 86 85
21 24 21 28 24 22 32 19 26 21 28 22
21 25 30 38 31 36 31 40 38 27 34 30
21 26 8 11 19 22 11 8 19 10 13 15
22 23 74 74 69 76 69 66 77 70 73 76
22 24 51 52 51 48 54 50 48 50 44 57
22 25 90 90 79 85 80 81 92 80 79 89
22 26 40 43 39 43 37 37 34 42 45 38
23 24 28 24 25 33 34 26 34 30 38 32
23 25 25 30 23 25 32 34 31 22 22 27
23 26 27 28 30 34 34 30 36 35 32 23
24 25 16 28 21 14 23 15 22 27 22 16
24 26 42 44 47 43 45 37 40 42 43 45
25 26 98 90 89 97 95 95 89 93 98 85
