30 10
0 0 0 0.25 0.25 0.25 0.25 0 0 0 
0 1 28 32 38 27 31 26 28 26 28 27
0 2 52 46 51 46 50 46 51 52 57 44
0 3 85 78 74 86 72 85 74 78 74 74
0 4 37 35 42 33 40 37 35 41 39 46
0 5 42 45 41 38 44 38 37 40 48 37
0 6 13 22 17 23 11 20 17 18 15 11
0 7 2 12 3 9 8 7 3 6 5 2
0 8 8 19 17 11 22 12 14 12 15 21
0 9 26 34 25 30 36 33 24 27 31 35
0 10 50 45 50 50 53 43 47 57 49 43
0 11 13 14 26 22 15 15 17 25 23 26
0 12 90 84 82 86 86 79 87 78 79 80
0 13 1 10 15 8 11 9 12 6 7 12
0 14 38 34 38 46 42 38 44 40 46 40
0 15 52 56 51 56 54 50 51 48 56 45
0 16 55 51 61 60 62 51 56 50 52 57
0 17 85 81 75 78 83 81 83 74 80 80
0 18 5 17 17 6 16 19 12 10 17 15
0 19 97 88 88 91 83 96 88 86 86 85
0 20 78 79 73 68 80 69 71 70 68 78
0 21 83 72 85 75 85 84 73 80 85 77
0 22 14 23 19 22 16 24 26 13 14 19
0 23 8 7 17 8 8 18 8 10 11 7
0 24 95 89 94 85 83 92 87 84 95 82
0 25 50 47 44 54 43 45 44 57 48 57
0 26 88 75 85 75 81 89 80 85 77 88
0 27 98 97 95 93 92 87 94 91 87 97
0 28 49 53 52 47 49 46 57 55 44 57
0 29 21 29 22 19 20 31 19 26 23 20
1 2 6 7 6 7 16 19 8 19 19 11
1 3 35 42 36 37 37 38 34 41 44 32
1 4 47 48 48 53 47 41 41 55 42 48
1 5 93 90 90 87 93 85 90 92 80 90
1 6 92 85 90 84 92 87 79 82 88 91
1 7 32 30 40 38 41 41 32 37 41 37
1 8 49 48 48 45 55 43 47 51 54 47
1 9 1 14 11 1 6 1 10 12 11 13
1 10 89 78 78 79 89 81 81 90 78 90
1 11 40 37 47 46 49 36 35 40 47 43
1 12 71 70 66 65 72 67 64 65 67 71
1 13 43 41 50 46 50 42 49 42 46 51
1 14 39 33 41 47 42 36 44 47 45 33
1 15 67 71 70 65 67 57 70 66 69 66
1 16 0 9 10 11 4 11 13 5 6 2
1 17 16 22 26 25 23 17 19 27 26 23
1 18 4 8 9 17 5 14 11 15 8 17
1 19 30 33 31 34 34 29 26 27 29 31
1 20 95 87 96 87 84 89 82 85 89 95
1 21 14 13 17 26 17 25 16 25 21 12
1 22 81 72 74 81 77 72 69 82 81 73
1 23 59 51 62 52 58 53 51 62 63 55
1 24 38 39 47 38 43 43 43 34 46 44
1 25 26 25 29 32 28 26 28 25 27 27
1 26 22 27 18 26 22 19 24 31 25 28
1 27 70 68 74 72 71 69 65 66 69 67
1 28 9 15 13 8 12 17 10 8 20 11
1 29 34 31 43 30 29 42 34 36 34 35
2 3 33 34 38 37 29 30 38 35 32 29
2 4 44 45 45 46 49 42 51 39 40 50
2 5 97 96 96 88 90 97 92 83 97 86
2 6 95 88 91 93 86 82 90 94 89 89
2 7 2 3 3 4 13 17 5 9 9 5
2 8 23 33 26 30 34 32 32 21 31 25
2 9 20 32 23 31 29 26 24 17 28 20
2 10 23 25 33 23 24 32 25 33 29 25
2 11 59 57 57 57 54 58 52 55 52 59
2 12 48 47 45 48 42 52 56 47 52 55
2 13 59 60 64 62 62 55 64 58 54 58
2 14 75 74 68 66 70 64 77 70 67 71
2 15 77 76 77 70 74 74 78 78 79 68
2 16 36 44 37 38 39 34 35 43 45 31
2 17 59 52 57 57 55 64 56 52 59 62
2 18 57 55 49 52 56 58 55 62 52 63
2 19 33 29 31 37 40 28 36 32 40 30
2 20 9 13 22 20 16 8 11 21 14 15
2 21 56 52 49 57 50 56 49 60 56 55
2 22 79 73 74 77 80 69 82 76 77 80
2 23 51 47 57 45 45 47 46 51 55 56
2 24 53 53 55 47 56 51 57 58 48 52
2 25 15 14 16 22 28 15 23 25 16 24
2 26 10 21 19 15 19 14 22 13 10 21
2 27 47 43 51 44 52 54 48 53 45 52
2 28 44 43 38 39 40 43 45 38 40 49
2 29 81 81 81 71 74 80 79 77 69 69
3 4 18 26 21 27 27 30 23 29 24 24
3 5 62 59 66 60 55 61 61 53 62 59
3 6 45 48 46 52 38 50 50 42 47 39
3 7 8 8 13 12 18 10 14 7 18 12
3 8 52 54 55 56 57 58 45 54 46 54
3 9 83 71 80 83 80 81 84 70 78 82
3 10 83 80 76 77 76 72 73 82 71 84
3 11 4 12 8 12 17 8 4 16 9 6
3 12 91 80 89 82 87 81 86 86 89 90
3 13 5 18 10 8 9 16 6 7 12 5
3 14 13 26 22 13 12 24 15 15 24 15
3 15 53 50 49 48 56 53 59 50 58 51
3 16 37 44 46 43 38 43 45 44 36 43
3 17 47 45 51 41 43 50 40 50 52 43
3 18 11 23 17 12 11 12 20 13 20 10
3 19 28 28 26 34 28 27 33 31 33 35
3 20 0 11 13 11 15 2 9 10 11 9
3 21 56 56 52 53 53 54 51 56 58 59
3 22 59 55 51 58 56 64 56 62 54 53
3 23 82 78 83 73 73 77 73 81 85 77
3 24 14 24 23 21 12 12 23 24 26 19
3 25 76 71 66 66 68 71 80 74 79 74
3 26 90 76 88 91 76 81 88 82 76 85
3 27 30 34 32 40 34 36 28 31 40 37
3 28 6 10 19 9 14 6 18 9 8 14
3 29 7 21 12 20 15 11 20 7 21 8
4 5 2 10 13 12 11 14 10 6 6 6
4 6 95 87 82 85 91 93 92 89 89 83
4 7 0 1 3 15 3 7 10 10 9 8
4 8 84 82 74 86 81 85 86 86 85 75
4 9 80 68 71 74 82 74 76 72 71 72
4 10 28 34 27 30 25 29 26 29 29 37
4 11 9 15 18 16 20 14 8 18 13 13
4 12 69 65 65 72 69 66 67 68 59 62
4 13 79 76 75 79 73 77 79 79 74 77
4 14 58 60 57 56 57 52 63 63 52 60
4 15 21 23 29 21 27 29 23 25 27 32
4 16 54 53 51 59 48 54 58 55 60 47
4 17 99 95 98 97 96 95 96 87 89 87
4 18 41 43 44 48 50 39 37 41 46 49
4 19 40 35 42 34 40 41 36 35 38 34
4 20 88 78 85 89 79 79 89 81 75 88
4 21 59 58 64 50 58 61 55 52 62 53
4 22 19 24 19 19 18 19 22 28 27 30
4 23 37 37 43 39 38 36 45 33 41 37
4 24 20 30 18 27 18 17 26 18 23 26
4 25 47 55 48 52 44 44 49 44 52 49
4 26 9 16 20 12 19 21 7 9 11 12
4 27 36 35 32 32 34 34 41 45 40 31
4 28 76 75 66 65 71 75 78 72 69 69
4 29 56 60 47 50 59 57 50 61 56 52
5 6 85 74 79 74 82 74 74 82 86 76
5 7 81 74 72 72 79 80 80 79 69 72
5 8 1 3 1 3 7 15 11 1 12 8
5 9 88 87 89 80 82 84 80 80 86 77
5 10 79 74 71 80 67 78 75 70 70 81
5 11 90 92 79 89 86 78 92 84 82 86
5 12 74 73 74 63 77 69 67 64 63 72
5 13 87 85 82 79 83 86 79 88 85 85
5 14 71 75 67 69 67 62 62 75 68 62
5 15 9 12 23 21 17 17 8 10 21 22
5 16 60 65 63 55 57 66 63 55 55 52
5 17 30 34 34 31 39 33 29 38 39 35
5 18 39 47 46 47 45 39 45 46 48 43
5 19 79 77 79 75 80 80 73 68 75 79
5 20 11 11 20 18 21 11 24 17 17 11
5 21 25 34 33 31 23 34 26 36 28 21
5 22 11 17 23 14 12 12 23 18 11 10
5 23 29 33 31 37 29 35 38 28 33 34
5 24 6 7 17 5 13 20 12 15 19 6
5 25 93 82 81 92 88 91 87 88 88 80
5 26 1 3 2 3 14 15 12 10 1 3
5 27 3 5 7 13 6 13 15 11 3 8
5 28 7 7 16 15 11 11 15 19 8 12
5 29 36 43 43 31 32 34 45 31 41 40
6 7 2 7 15 14 12 10 5 8 17 8
6 8 68 65 63 62 72 62 59 61 60 60
6 9 9 22 23 19 21 19 16 16 22 20
6 10 1 11 9 11 10 14 9 14 7 3
6 11 30 32 33 37 30 33 36 35 32 34
6 12 68 67 61 70 61 70 66 63 70 62
6 13 69 59 60 61 69 70 63 60 60 70
6 14 16 23 27 17 24 17 15 15 20 19
6 15 19 16 25 30 25 24 30 16 20 25
6 16 62 62 55 56 65 66 53 53 55 63
6 17 62 59 58 62 64 55 57 53 60 59
6 18 51 57 55 45 53 56 50 44 48 51
6 19 49 44 49 46 55 50 43 55 47 50
6 20 81 80 81 71 74 73 80 75 76 76
6 21 5 15 18 5 7 10 12 10 15 14
6 22 9 17 19 12 18 15 18 8 15 18
6 23 75 65 67 65 74 76 68 71 75 68
6 24 29 26 26 36 26 39 35 39 35 31
6 25 16 18 14 27 27 28 25 28 22 25
6 26 77 72 72 77 67 66 73 75 72 77
6 27 8 21 13 13 17 16 15 21 16 17
6 28 36 36 39 35 39 43 34 43 31 44
6 29 6 12 15 17 20 8 12 16 12 19
7 8 56 57 62 62 58 50 49 57 52 61
7 9 71 64 72 71 68 74 69 67 73 66
7 10 18 23 27 23 24 24 21 25 23 22
7 11 2 13 15 13 9 2 12 7 15 11
7 12 63 54 61 59 55 63 63 64 62 66
7 13 12 10 21 15 22 23 11 11 18 24
7 14 38 41 35 40 45 38 37 42 33 45
7 15 56 48 57 52 53 55 49 52 52 51
7 16 42 48 36 42 40 50 47 43 46 41
7 17 53 57 55 50 46 57 51 52 53 60
7 18 34 43 31 39 39 33 33 33 31 34
7 19 38 39 33 41 39 39 44 40 42 41
7 20 98 91 96 97 88 85 83 96 92 91
7 21 25 31 29 21 35 24 27 29 26 32
7 22 29 33 35 30 25 32 26 35 33 31
7 23 20 20 26 21 21 29 17 24 19 27
7 24 85 79 86 72 80 75 81 86 72 83
7 25 23 28 26 29 28 26 20 31 19 21
7 26 28 37 24 37 30 28 24 25 36 30
7 27 79 76 78 81 74 78 76 79 67 81
7 28 71 63 71 62 65 68 66 74 63 67
7 29 66 63 69 62 67 63 69 70 65 69
8 9 38 41 36 43 44 42 34 46 38 40
8 10 56 54 62 52 62 52 48 48 61 48
8 11 11 17 11 10 22 12 12 10 18 21
8 12 0 6 12 12 4 0 12 10 12 1
8 13 22 33 32 25 32 22 28 23 27 24
8 14 60 53 56 62 56 59 56 57 54 61
8 15 38 45 34 44 36 46 39 44 41 41
8 16 88 84 87 76 88 78 75 77 75 79
8 17 20 25 18 20 18 28 30 27 27 28
8 18 15 12 13 13 13 18 19 17 17 15
8 19 87 78 76 82 87 74 85 82 86 83
8 20 37 39 36 39 38 36 41 37 43 44
8 21 61 60 61 62 66 62 62 57 64 57
8 22 37 34 37 34 34 32 33 35 40 44
8 23 52 58 54 50 49 45 49 54 48 56
8 24 3 4 9 17 3 4 6 14 12 4
8 25 75 66 66 64 70 70 67 67 70 69
8 26 79 78 70 78 79 68 77 74 69 82
8 27 64 58 64 56 58 55 68 60 65 56
8 28 59 61 59 55 64 53 63 55 60 55
8 29 2 6 3 15 14 6 3 16 13 15
9 10 74 77 69 68 72 78 66 71 66 69
9 11 77 77 76 76 69 79 68 73 76 71
9 12 90 91 81 79 82 79 84 77 76 78
9 13 15 25 20 19 18 15 17 24 14 13
9 14 18 22 29 27 28 30 18 16 17 28
9 15 84 78 72 79 84 84 79 74 74 82
9 16 39 47 34 41 41 42 46 35 45 39
9 17 99 92 89 87 99 84 87 90 88 92
9 18 38 46 42 39 34 42 44 40 43 34
9 19 52 59 55 51 57 50 45 56 49 48
9 20 50 49 44 42 44 57 49 46 47 54
9 21 3 12 7 13 6 10 8 9 15 11
9 22 40 37 35 39 43 38 47 49 46 38
9 23 56 57 61 58 60 50 52 57 55 55
9 24 43 50 38 45 40 37 47 47 48 46
9 25 48 46 50 46 45 51 54 47 47 55
9 26 91 80 89 81 79 79 81 87 81 77
9 27 90 82 91 88 78 91 80 86 90 91
9 28 71 68 74 62 66 70 69 64 63 61
9 29 85 75 78 81 75 76 85 84 81 87
10 11 45 44 49 42 50 51 53 45 42 52
10 12 79 81 72 79 70 82 72 69 69 71
10 13 81 80 75 70 74 79 76 76 72 69
10 14 37 44 44 43 39 35 39 38 37 35
10 15 35 32 38 44 30 32 31 33 33 42
10 16 8 8 14 19 9 20 13 9 20 21
10 17 78 76 75 76 75 71 67 80 74 73
10 18 13 26 23 22 19 25 12 18 21 14
10 19 6 16 11 15 5 18 9 13 7 18
10 20 0 1 7 1 8 10 5 9 14 0
10 21 76 69 67 76 73 78 70 78 71 78
10 22 21 25 29 23 32 27 32 23 29 32
10 23 17 22 20 22 24 16 19 20 14 22
10 24 67 63 61 71 67 71 68 66 61 61
10 25 56 51 48 62 49 60 52 56 51 53
10 26 31 39 38 37 29 37 31 40 35 38
10 27 30 36 36 34 31 29 33 35 37 38
10 28 40 39 40 49 46 37 39 38 46 46
10 29 2 11 11 5 13 2 5 5 10 7
11 12 14 17 19 20 21 13 24 20 26 14
11 13 42 37 50 46 48 50 48 41 50 38
11 14 46 45 47 53 47 45 46 42 46 40
11 15 61 63 55 56 65 66 53 55 58 59
11 16 18 17 21 18 25 29 20 18 15 20
11 17 78 68 66 67 79 67 72 71 69 76
11 18 45 45 40 40 43 48 42 48 39 53
11 19 39 33 42 35 34 47 45 39 39 35
11 20 58 60 52 50 58 62 56 56 60 57
11 21 8 17 16 17 22 14 15 13 11 9
11 22 36 42 41 36 38 32 32 41 39 37
11 23 57 60 56 60 52 54 59 50 49 50
11 24 46 42 50 45 47 48 53 52 42 47
11 25 72 67 69 72 67 71 61 65 67 66
11 26 12 22 16 11 25 19 19 16 16 12
11 27 9 17 9 15 13 15 19 18 17 10
11 28 17 19 27 18 27 16 28 17 25 24
11 29 75 76 65 64 79 78 69 71 67 69
12 13 50 42 55 43 50 51 51 57 51 43
12 14 24 29 21 35 29 31 35 31 26 27
12 15 58 61 61 64 63 52 59 63 51 54
12 16 68 72 59 60 65 70 61 59 63 63
12 17 93 89 80 83 86 80 94 84 88 93
12 18 44 38 40 50 38 51 44 41 44 47
12 19 71 64 62 74 63 65 71 71 65 70
12 20 76 75 71 78 74 66 76 72 66 72
12 21 94 87 92 86 81 87 85 91 95 82
12 22 58 61 51 59 59 54 57 59 55 52
12 23 23 28 21 28 31 25 22 21 29 24
12 24 5 16 7 5 12 17 15 6 10 6
12 25 63 55 54 65 57 56 68 58 57 63
12 26 45 43 50 50 48 40 49 53 48 46
12 27 12 24 17 12 17 14 12 13 16 14
12 28 69 70 60 73 70 64 63 70 69 66
12 29 83 76 81 72 71 81 72 71 85 79
13 14 66 68 56 66 62 59 60 68 66 69
13 15 27 25 30 36 36 31 33 28 34 26
13 16 86 83 74 79 77 81 87 73 75 82
13 17 85 86 81 82 77 86 75 78 82 77
13 18 68 71 71 62 65 63 65 64 61 63
13 19 2 17 14 11 4 16 8 3 8 12
13 20 86 76 86 77 77 88 80 86 79 79
13 21 13 25 20 21 26 22 21 12 24 12
13 22 44 45 51 45 46 51 48 46 44 39
13 23 7 15 11 17 6 9 8 6 16 14
13 24 83 75 74 83 80 83 72 80 71 84
13 25 13 19 12 16 12 12 14 21 15 24
13 26 3 6 15 12 15 4 13 14 6 14
13 27 14 21 20 26 12 25 16 22 19 22
13 28 0 13 14 4 4 14 8 9 6 1
13 29 72 71 65 62 74 74 62 62 75 67
14 15 35 35 33 39 39 32 39 34 38 42
14 16 6 17 19 17 10 19 18 19 13 15
14 17 85 86 83 80 86 79 81 78 75 83
14 18 41 49 36 48 48 48 48 49 47 45
14 19 67 60 62 61 59 63 68 62 65 69
14 20 70 63 60 72 62 60 67 62 66 68
14 21 61 61 63 59 62 66 53 64 54 52
14 22 63 63 56 64 61 66 62 63 58 61
14 23 21 26 21 31 22 24 24 30 23 26
14 24 57 51 54 57 62 51 50 56 51 61
14 25 70 68 61 71 73 63 70 71 75 61
14 26 65 66 56 60 64 63 68 69 65 70
14 27 85 74 84 81 86 83 74 79 83 84
14 28 29 28 31 26 26 25 32 36 31 28
14 29 17 27 24 15 26 17 17 18 24 16
15 16 29 25 34 37 29 27 32 27 36 28
15 17 83 72 74 73 81 85 80 79 72 77
15 18 68 65 61 69 69 67 58 72 68 66
15 19 45 47 46 40 39 44 44 45 43 45
15 20 49 47 55 45 45 47 47 54 50 52
15 21 30 33 34 36 40 36 35 36 40 36
15 22 76 70 68 72 74 69 68 66 76 68
15 23 86 82 78 77 77 81 81 82 85 79
15 24 94 90 82 94 94 82 90 83 88 80
15 25 78 71 78 74 79 78 69 75 71 80
15 26 85 78 82 82 79 80 78 76 81 81
15 27 96 82 85 88 93 94 86 94 83 90
15 28 68 70 70 63 65 64 69 66 69 66
15 29 20 29 31 21 31 18 25 20 32 24
16 17 16 17 14 19 21 15 13 27 14 24
16 18 39 35 37 46 45 46 47 42 42 38
16 19 13 20 21 26 20 25 21 21 26 20
16 20 13 24 18 17 23 21 22 21 12 16
16 21 93 87 85 85 93 83 84 81 85 88
16 22 42 48 51 45 41 37 43 38 48 36
16 23 99 91 84 87 95 98 90 89 86 93
16 24 8 11 13 16 13 7 20 15 19 7
16 25 38 34 46 40 47 43 47 36 41 41
16 26 99 92 93 87 90 85 98 92 86 91
16 27 4 18 9 15 15 5 16 17 5 13
16 28 5 17 10 19 8 15 18 17 7 5
16 29 46 41 39 40 47 43 42 46 41 43
17 18 12 15 24 11 21 25 10 19 18 25
17 19 85 84 79 86 86 74 86 85 74 81
17 20 21 20 31 28 19 22 24 23 25 29
17 21 24 29 22 34 30 25 22 28 24 25
17 22 33 30 38 29 40 34 34 34 39 35
17 23 97 85 96 90 87 95 84 86 87 87
17 24 4 7 10 17 5 7 8 7 15 16
17 25 55 56 56 52 60 53 60 49 52 48
17 26 53 54 59 58 54 51 52 54 47 48
17 27 40 43 38 47 42 43 45 39 42 43
17 28 47 42 54 49 40 44 45 53 54 42
17 29 92 81 93 81 80 86 84 80 79 86
18 19 98 90 84 98 92 87 96 94 93 87
18 20 57 58 59 60 52 51 59 60 49 62
18 21 53 48 53 56 55 54 50 54 53 56
18 22 12 25 24 12 16 21 19 22 13 13
18 23 23 29 27 28 31 20 25 34 34 21
18 24 39 38 35 44 46 38 43 36 37 34
18 25 67 65 59 59 63 66 64 67 60 62
18 26 94 85 93 93 83 92 95 83 88 86
18 27 76 65 71 66 66 73 74 76 75 70
18 28 73 65 66 73 70 63 68 70 68 62
18 29 52 49 44 54 52 57 47 51 50 49
19 20 21 19 31 24 27 17 31 21 19 18
19 21 32 41 30 42 36 36 37 33 39 31
19 22 39 35 46 43 39 39 38 34 41 44
19 23 68 69 60 69 65 68 63 69 62 66
19 24 54 54 50 55 53 49 47 47 48 55
19 25 81 75 73 70 80 76 82 72 84 71
19 26 36 32 42 38 42 37 43 45 41 34
19 27 26 23 33 23 31 28 30 24 36 28
19 28 38 32 44 43 37 38 40 34 45 41
19 29 87 89 79 84 80 77 77 84 80 86
20 21 76 76 71 74 66 70 79 73 71 70
20 22 26 33 36 27 27 28 27 27 35 33
20 23 76 69 66 66 70 71 75 74 69 69
20 24 74 63 73 66 67 67 71 74 78 70
20 25 94 88 80 93 92 90 87 86 84 91
20 26 10 9 9 10 15 13 11 13 11 11
20 27 74 64 65 72 77 69 76 68 78 70
20 28 35 42 34 39 36 33 33 33 43 30
20 29 53 48 58 46 48 54 51 55 47 53
21 22 57 63 59 57 58 59 52 48 59 55
21 23 39 34 36 34 34 45 39 33 34 45
21 24 96 94 88 88 92 92 89 92 95 92
21 25 67 65 61 59 59 71 68 72 58 63
21 26 87 87 75 78 84 87 89 88 85 75
21 27 87 85 79 84 88 78 81 75 75 87
21 28 11 18 11 24 19 23 14 21 16 21
21 29 47 52 52 54 47 48 53 41 47 43
22 23 67 63 68 67 69 60 72 59 70 59
22 24 14 22 21 23 14 18 20 23 13 20
22 25 88 86 87 77 79 75 85 85 87 83
22 26 84 74 74 76 83 81 80 80 83 80
22 27 8 18 14 11 9 15 14 19 13 17
22 28 39 36 44 37 42 42 39 34 38 46
22 29 83 72 82 75 85 82 78 84 71 79
23 24 56 57 47 62 59 61 54 54 61 51
23 25 94 87 88 94 82 86 84 87 93 86
23 26 67 61 67 58 69 69 69 66 68 64
23 27 35 31 45 35 34 33 32 38 38 37
23 28 62 66 63 66 57 53 65 63 61 57
23 29 11 21 11 20 21 22 17 14 15 10
24 25 90 86 89 77 77 88 85 77 80 85
24 26 52 55 55 51 58 56 49 52 54 52
24 27 19 24 24 27 17 26 27 20 18 29
24 28 58 55 62 63 52 60 59 62 59 60
24 29 37 35 34 39 43 38 36 34 44 41
25 26 37 41 35 39 44 38 33 34 37 42
25 27 31 32 29 31 33 31 30 28 30 36
25 28 62 55 59 58 53 63 67 55 61 55
25 29 32 29 39 39 37 39 39 38 29 39
26 27 54 55 53 50 51 60 47 48 48 53
26 28 90 84 77 84 77 84 86 88 90 89
26 29 60 60 58 53 63 62 60 63 63 52
27 28 85 76 85 75 79 73 81 80 73 83
27 29 63 66 57 67 66 65 58 61 64 68
28 29 59 53 51 60 61 58 51 61 61 50
