40 10
0 0 0 0 0.5 0.5 0 0 0 0 
0 1 73 75 72 73 65 76 73 77 63 76
0 2 5 10 6 7 16 11 10 12 6 17
0 3 73 74 66 75 76 71 64 69 63 76
0 4 75 74 69 69 64 70 65 73 71 70
0 5 45 39 39 40 40 44 48 53 43 43
0 6 67 68 64 62 69 60 72 61 70 67
0 7 57 50 53 49 55 63 56 49 61 58
0 8 7 8 11 10 16 21 19 17 15 10
0 9 60 53 61 58 54 57 52 55 60 59
0 10 1 7 10 2 5 10 14 3 10 5
0 11 49 51 42 54 54 54 55 56 46 54
0 12 4 17 13 13 18 15 10 15 15 7
0 13 3 7 8 16 17 10 12 6 3 3
0 14 90 88 82 83 87 81 90 85 84 81
0 15 15 15 14 15 24 22 23 14 17 19
0 16 27 38 34 36 29 25 25 33 26 25
0 17 95 90 87 84 83 89 89 93 90 83
0 18 80 78 73 72 76 81 76 77 72 70
0 19 33 41 38 33 42 32 39 41 32 32
0 20 94 91 80 87 80 87 81 90 93 92
0 21 85 77 85 83 74 83 74 85 83 83
0 22 58 50 63 58 56 52 63 57 53 52
0 23 98 88 85 98 86 97 98 91 97 96
0 24 11 12 21 13 21 21 24 21 17 18
0 25 51 46 54 49 50 52 49 48 56 53
0 26 39 42 36 42 44 47 46 43 46 38
0 27 22 23 21 22 22 19 30 25 19 32
0 28 4 11 7 12 17 16 9 15 14 12
0 29 50 47 53 44 54 55 55 47 50 43
0 30 86 87 82 83 86 75 79 79 76 78
0 31 13 18 11 16 15 22 17 19 23 17
0 32 28 38 26 33 25 31 32 33 25 33
0 33 8 19 21 13 20 15 14 8 19 12
0 34 56 57 54 52 52 59 53 58 48 61
0 35 88 87 83 75 77 83 84 79 82 81
0 36 45 48 39 46 47 51 52 51 46 52
0 37 10 12 15 15 12 18 12 16 13 11
0 38 76 67 66 69 70 78 67 67 65 79
0 39 37 39 33 40 38 41 37 36 34 38
1 2 8 19 12 19 13 17 7 14 12 19
1 3 5 13 16 10 14 6 4 13 10 16
1 4 25 30 34 30 23 25 32 34 23 28
1 5 76 65 66 76 78 68 65 69 72 66
1 6 78 76 79 71 69 77 74 69 79 74
1 7 69 71 71 70 69 70 63 61 69 66
1 8 66 66 58 57 70 64 62 68 56 63
1 9 2 4 16 7 4 16 7 15 3 11
1 10 18 16 28 27 27 28 18 25 25 19
1 11 80 76 80 81 81 71 80 69 73 79
1 12 67 72 62 59 59 63 58 65 59 66
1 13 21 30 23 27 24 23 27 20 27 23
1 14 91 87 85 84 90 80 86 90 87 83
1 15 50 56 44 45 55 45 55 47 54 56
1 16 73 63 69 66 76 74 70 62 73 65
1 17 94 86 82 87 93 84 90 91 92 89
1 18 18 29 27 19 16 26 23 18 29 28
1 19 78 75 74 68 72 66 70 72 80 80
1 20 22 19 22 32 31 19 24 29 29 29
1 21 91 80 89 83 89 85 87 88 91 90
1 22 6 14 11 10 20 8 18 20 10 7
1 23 11 11 15 20 17 16 18 11 21 22
1 24 24 30 31 23 22 22 27 25 33 32
1 25 47 42 50 41 48 51 53 47 47 46
1 26 53 51 51 48 48 55 46 47 54 56
1 27 34 29 39 34 35 33 29 41 40 43
1 28 16 19 26 19 27 20 27 23 22 14
1 29 45 43 49 45 41 38 50 51 47 43
1 30 65 57 62 68 61 61 65 59 57 64
1 31 80 80 68 73 78 70 75 80 70 80
1 32 11 14 22 12 22 19 15 20 23 15
1 33 51 56 56 44 44 46 56 45 44 56
1 34 15 22 26 19 17 27 24 16 15 16
1 35 9 17 20 9 15 10 22 15 12 19
1 36 66 67 57 59 68 56 60 67 57 70
1 37 15 25 18 24 14 26 24 15 25 25
1 38 6 20 17 11 9 8 13 13 14 9
1 39 54 56 49 54 46 54 47 49 47 61
2 3 4 17 5 6 10 12 13 5 9 4
2 4 54 58 53 60 52 57 60 54 58 54
2 5 22 32 30 26 33 20 32 23 24 24
2 6 91 85 84 87 83 87 93 84 86 89
2 7 35 43 36 40 30 39 32 38 35 39
2 8 47 48 53 46 51 50 42 54 42 46
2 9 25 36 26 35 33 34 25 35 23 24
2 10 63 68 58 57 65 57 57 66 59 67
2 11 89 90 86 88 76 84 82 79 76 86
2 12 1 3 4 6 9 6 5 2 5 14
2 13 70 69 62 64 64 64 65 71 62 68
2 14 86 76 86 81 79 73 78 79 87 77
2 15 12 12 11 23 12 10 19 14 13 22
2 16 24 26 32 24 23 30 31 34 27 33
2 17 37 38 41 38 33 41 39 44 36 44
2 18 20 31 30 30 21 21 22 26 23 18
2 19 79 70 75 68 68 68 71 78 79 81
2 20 17 27 19 26 18 19 20 16 24 21
2 21 93 90 93 91 93 85 88 89 87 89
2 22 84 85 80 76 74 75 75 77 74 72
2 23 89 75 79 78 84 82 78 85 76 80
2 24 92 79 92 84 91 85 90 81 82 89
2 25 38 38 36 37 45 41 41 39 41 34
2 26 27 27 24 28 37 27 33 26 37 30
2 27 56 53 58 54 55 61 50 57 49 52
2 28 25 26 33 29 31 23 33 23 30 25
2 29 60 52 65 60 61 62 60 59 62 58
2 30 71 67 65 65 61 66 70 69 70 62
2 31 44 38 38 39 44 49 51 45 37 39
2 32 5 10 13 17 13 19 15 6 5 11
2 33 78 71 74 81 77 81 81 77 68 81
2 34 5 19 13 12 18 5 17 13 5 5
2 35 11 23 16 11 15 21 13 17 9 12
2 36 98 87 89 85 90 86 96 90 86 87
2 37 13 12 16 14 26 12 14 25 16 20
2 38 61 52 57 65 63 61 62 52 54 65
2 39 11 13 11 18 21 12 18 12 24 16
3 4 22 30 32 20 25 26 31 30 28 20
3 5 79 72 69 76 82 80 73 71 73 70
3 6 0 6 13 4 12 2 11 1 12 15
3 7 2 8 12 11 10 5 13 9 15 8
3 8 2 3 9 13 9 12 8 10 8 10
3 9 9 20 11 10 9 19 11 9 15 21
3 10 99 98 84 91 98 96 93 85 98 95
3 11 44 44 37 45 51 40 45 40 40 48
3 12 63 56 66 57 55 57 55 59 64 67
3 13 12 10 15 20 22 13 14 12 11 16
3 14 35 33 32 34 38 43 44 30 31 37
3 15 71 61 63 65 69 69 72 68 66 61
3 16 29 38 28 27 29 28 33 30 26 38
3 17 20 25 22 31 26 31 28 31 32 27
3 18 44 39 43 44 42 47 46 43 50 47
3 19 8 10 14 16 18 16 9 17 16 8
3 20 89 78 89 87 81 89 85 84 89 79
3 21 57 50 58 49 55 56 55 52 52 62
3 22 51 51 53 50 55 53 54 57 49 49
3 23 97 92 90 96 95 90 83 94 82 87
3 24 32 36 39 30 27 39 40 31 34 39
3 25 63 61 60 64 61 55 57 65 60 54
3 26 61 65 62 57 63 64 66 58 62 53
3 27 15 21 23 17 20 22 21 25 26 25
3 28 60 51 65 63 55 59 59 61 62 55
3 29 45 39 46 46 43 46 49 46 51 48
3 30 72 67 72 61 66 61 61 63 67 73
3 31 88 85 83 87 79 89 82 89 87 88
3 32 53 55 51 57 47 57 57 58 58 51
3 33 88 78 78 82 78 77 85 87 78 85
3 34 52 52 46 57 50 45 55 51 54 49
3 35 91 84 79 77 85 85 84 88 81 77
3 36 86 84 74 84 79 85 86 77 76 83
3 37 95 81 86 94 87 81 88 84 90 87
3 38 19 23 24 17 24 26 26 26 27 25
3 39 30 30 28 27 32 27 34 30 30 27
4 5 91 86 90 81 84 89 87 80 91 83
4 6 10 18 13 15 12 9 13 12 9 15
4 7 2 8 6 3 9 2 14 4 6 14
4 8 16 22 15 22 20 25 28 18 14 19
4 9 93 93 88 80 85 79 90 79 89 82
4 10 70 70 67 61 60 64 62 65 71 70
4 11 45 51 39 39 41 49 53 40 47 52
4 12 68 69 62 69 70 61 61 71 61 71
4 13 37 39 39 46 40 32 34 36 35 41
4 14 21 28 28 28 32 27 27 19 18 19
4 15 68 72 71 60 62 58 61 64 69 70
4 16 70 71 62 73 62 64 64 64 66 61
4 17 38 39 39 36 33 41 35 33 47 37
4 18 47 48 55 46 43 50 52 44 41 45
4 19 97 87 92 87 85 96 95 88 92 84
4 20 68 58 69 58 69 58 60 67 65 64
4 21 30 29 32 36 27 39 36 29 29 29
4 22 46 48 52 46 41 45 43 50 45 48
4 23 37 39 45 40 39 34 40 34 32 33
4 24 86 73 79 78 81 81 73 83 83 78
4 25 86 88 78 86 86 77 76 78 74 88
4 26 42 39 41 44 39 47 46 50 38 48
4 27 64 64 61 56 66 64 61 70 65 56
4 28 6 10 20 20 18 7 11 17 9 11
4 29 0 1 5 5 12 12 13 14 12 5
4 30 46 54 51 42 43 43 45 51 43 41
4 31 76 68 78 73 67 74 75 65 69 69
4 32 45 49 48 47 47 42 49 49 50 44
4 33 28 32 27 34 32 28 31 24 29 33
4 34 21 26 26 29 29 29 22 19 29 22
4 35 91 85 77 82 83 90 91 81 91 86
4 36 35 39 34 42 31 32 36 39 38 44
4 37 15 16 18 25 19 27 26 25 27 18
4 38 19 19 20 23 26 25 20 29 22 16
4 39 5 14 17 8 6 16 16 16 13 7
5 6 89 89 89 82 87 89 80 89 76 90
5 7 21 23 20 30 29 29 30 31 25 18
5 8 59 60 65 52 58 63 51 56 58 56
5 9 26 30 35 30 26 34 34 34 29 36
5 10 79 71 77 68 75 68 74 72 73 75
5 11 84 78 78 75 73 80 77 78 85 84
5 12 46 42 39 39 41 50 47 53 48 39
5 13 5 8 11 17 17 6 19 5 15 13
5 14 75 74 73 67 78 66 78 69 70 66
5 15 38 42 40 44 44 36 45 40 42 44
5 16 28 34 30 32 34 36 27 30 30 33
5 17 17 23 27 28 16 20 24 26 28 24
5 18 24 25 28 28 33 33 25 28 30 28
5 19 88 82 89 87 78 83 77 81 81 79
5 20 38 34 46 35 36 45 45 36 40 36
5 21 38 33 37 44 39 45 38 37 43 46
5 22 26 34 32 30 28 35 25 26 25 34
5 23 21 22 29 31 18 23 28 22 30 22
5 24 63 65 64 66 60 67 57 63 64 59
5 25 18 26 19 29 22 18 24 21 16 25
5 26 81 80 74 79 71 79 76 79 70 73
5 27 81 83 75 75 71 71 69 72 79 83
5 28 88 76 84 78 85 76 84 77 85 88
5 29 82 84 79 83 76 75 85 84 71 84
5 30 36 39 44 34 37 37 32 32 34 37
5 31 20 25 18 24 21 20 23 28 28 31
5 32 88 89 83 80 82 80 75 84 89 87
5 33 68 62 65 71 65 68 67 71 68 68
5 34 24 25 22 32 33 31 27 22 26 29
5 35 67 60 66 61 64 59 65 58 63 66
5 36 14 14 20 25 21 18 24 20 25 18
5 37 86 80 76 73 74 78 79 74 78 84
5 38 17 19 19 16 27 25 19 28 28 29
5 39 15 27 13 15 14 24 22 25 14 23
6 7 34 29 36 35 33 42 35 35 32 34
6 8 38 42 43 37 47 45 44 42 39 36
6 9 93 82 88 83 83 80 83 86 84 91
6 10 27 24 25 38 36 35 24 35 37 30
6 11 39 40 43 41 46 47 45 40 42 44
6 12 17 18 25 19 22 20 16 23 24 22
6 13 64 59 56 68 58 65 63 65 54 65
6 14 92 79 86 85 81 79 93 79 92 82
6 15 76 75 75 78 67 78 77 79 78 65
6 16 6 11 8 11 7 9 19 17 10 7
6 17 25 32 28 35 35 23 34 28 25 22
6 18 5 19 13 9 5 11 4 11 12 18
6 19 22 22 33 21 20 24 24 21 22 27
6 20 30 39 39 36 27 33 27 34 40 30
6 21 87 77 74 84 77 74 82 85 81 88
6 22 87 78 75 88 88 83 87 88 84 79
6 23 90 84 91 83 90 78 77 82 78 78
6 24 67 69 69 67 66 65 69 68 67 69
6 25 83 73 80 82 74 70 78 71 71 81
6 26 41 41 40 35 39 37 43 48 38 45
6 27 12 12 17 21 23 14 24 19 15 16
6 28 13 14 23 18 15 13 24 22 12 16
6 29 87 86 74 85 76 79 74 77 85 87
6 30 79 77 78 76 68 72 81 69 73 80
6 31 39 45 34 36 42 35 35 39 33 37
6 32 1 4 7 4 3 15 8 14 2 10
6 33 25 26 31 25 33 23 33 24 22 27
6 34 65 69 69 66 68 70 65 66 68 70
6 35 24 24 26 22 22 34 29 20 30 26
6 36 7 11 18 16 14 9 10 9 20 13
6 37 76 68 69 73 77 74 68 73 69 80
6 38 53 52 54 46 58 55 48 56 54 50
6 39 53 47 57 58 59 57 47 45 59 47
7 8 62 64 60 55 62 55 63 63 61 67
7 9 90 84 81 86 79 78 78 90 84 87
7 10 49 51 43 44 55 55 44 55 55 45
7 11 19 19 19 23 31 26 28 18 20 21
7 12 56 54 55 61 56 51 50 54 52 61
7 13 82 84 71 71 76 84 71 72 75 84
7 14 15 16 18 17 20 27 25 25 21 15
7 15 69 66 72 71 65 67 67 62 65 63
7 16 49 51 54 44 55 47 45 54 52 56
7 17 94 94 83 94 80 94 84 91 85 83
7 18 56 53 50 52 56 60 49 49 61 49
7 19 80 81 75 72 83 82 78 69 71 70
7 20 84 84 74 84 82 76 80 79 80 76
7 21 70 67 62 71 72 66 60 60 72 68
7 22 11 20 14 12 21 20 12 10 19 21
7 23 80 81 77 68 76 70 81 70 76 69
7 24 33 41 41 39 38 42 31 30 29 40
7 25 96 90 84 92 89 94 95 94 91 89
7 26 78 67 71 76 72 76 73 81 76 74
7 27 69 70 72 72 72 64 72 72 60 72
7 28 78 80 76 80 78 75 81 72 68 73
7 29 22 27 25 26 28 27 30 19 19 30
7 30 22 32 19 29 25 30 29 28 20 33
7 31 70 61 71 71 68 68 72 63 64 64
7 32 58 62 62 50 64 55 53 52 54 64
7 33 79 72 68 72 76 81 78 77 82 71
7 34 93 89 85 79 84 79 85 91 87 89
7 35 53 51 56 48 45 59 48 46 49 57
7 36 31 27 34 37 33 37 34 37 28 34
7 37 31 29 37 31 41 27 35 37 34 27
7 38 79 71 81 79 68 77 79 69 70 76
7 39 96 89 92 83 94 90 84 89 92 92
8 9 60 54 63 59 52 60 53 58 54 54
8 10 34 40 40 37 37 37 37 37 36 44
8 11 46 41 47 39 47 49 53 47 42 50
8 12 8 21 10 20 20 8 17 17 8 14
8 13 91 81 81 82 79 80 85 86 87 91
8 14 2 14 6 14 16 5 5 5 3 10
8 15 31 35 27 39 37 34 34 41 34 39
8 16 77 72 67 68 70 74 79 69 79 76
8 17 88 85 84 77 81 75 86 75 86 79
8 18 77 79 76 66 75 68 77 73 67 73
8 19 92 80 83 90 85 79 92 83 83 81
8 20 34 39 37 32 39 33 39 38 33 31
8 21 75 66 70 66 68 75 68 69 79 64
8 22 7 16 20 9 8 7 19 11 9 15
8 23 8 12 18 11 16 15 10 19 11 10
8 24 70 62 64 73 73 70 71 69 69 62
8 25 7 13 8 19 8 11 7 13 9 12
8 26 23 33 29 31 24 22 34 30 20 22
8 27 19 30 26 17 22 29 17 22 24 24
8 28 56 48 55 59 62 58 51 59 59 54
8 29 84 74 72 82 80 83 80 78 83 85
8 30 91 83 82 81 85 85 78 92 88 91
8 31 48 45 53 44 42 43 41 55 43 42
8 32 49 55 48 49 50 46 56 53 53 45
8 33 39 44 44 37 46 39 35 38 41 43
8 34 96 95 93 91 94 89 92 94 86 96
8 35 78 73 72 67 73 80 80 74 69 78
8 36 69 70 62 62 64 65 72 64 68 61
8 37 91 89 88 91 79 82 83 91 87 80
8 38 47 52 49 42 48 52 41 50 49 50
8 39 88 75 82 81 83 87 88 84 88 81
9 10 33 36 30 30 32 36 41 30 41 34
9 11 71 72 71 67 75 72 66 66 70 73
9 12 47 42 46 44 42 52 54 50 47 45
9 13 88 81 75 82 85 81 88 89 89 87
9 14 74 64 63 64 70 72 65 74 76 69
9 15 80 80 72 71 70 82 77 78 75 79
9 16 39 37 44 43 44 45 47 38 42 37
9 17 60 65 52 54 65 57 58 64 52 52
9 18 72 76 70 67 74 70 69 68 70 68
9 19 33 30 39 42 37 33 39 35 29 35
9 20 25 26 35 35 36 31 26 35 29 22
9 21 31 30 40 36 27 28 36 31 33 30
9 22 8 18 20 8 21 15 15 18 19 21
9 23 55 47 58 49 61 59 47 62 52 56
9 24 91 85 92 79 78 78 86 91 92 87
9 25 65 61 65 67 59 65 69 67 64 68
9 26 57 58 51 63 50 60 52 55 50 59
9 27 9 12 18 10 17 8 19 13 18 23
9 28 88 88 77 89 81 82 88 89 81 75
9 29 20 18 21 30 22 28 25 23 29 28
9 30 44 46 46 47 47 43 50 45 44 49
9 31 91 78 85 81 81 79 80 85 88 87
9 32 54 48 50 49 53 60 58 57 49 50
9 33 80 80 71 69 77 70 68 77 80 73
9 34 0 8 5 10 3 6 13 3 12 6
9 35 26 24 27 30 26 22 34 35 22 35
9 36 72 74 70 62 74 72 73 64 64 74
9 37 2 12 6 13 12 14 11 16 2 16
9 38 80 77 74 70 71 68 73 70 75 81
9 39 24 30 25 22 23 33 23 34 28 31
10 11 69 61 61 65 68 66 63 63 62 65
10 12 95 95 87 83 90 82 86 92 82 89
10 13 20 22 19 21 26 25 32 23 32 27
10 14 99 99 96 99 93 96 92 97 92 86
10 15 26 24 29 29 33 23 29 23 33 23
10 16 54 59 60 50 53 55 47 49 53 51
10 17 36 35 43 38 36 33 31 32 45 33
10 18 60 60 55 64 56 55 60 59 58 54
10 19 54 61 61 51 52 57 61 54 49 49
10 20 66 60 64 60 65 68 71 58 67 59
10 21 27 24 36 24 26 25 31 26 28 35
10 22 49 49 51 54 51 43 46 54 52 42
10 23 9 12 13 16 10 16 8 13 8 9
10 24 2 2 11 5 11 12 9 4 3 9
10 25 57 60 62 53 60 53 58 58 56 61
10 26 98 85 90 84 85 85 92 92 93 88
10 27 45 41 51 40 44 42 40 41 49 46
10 28 11 12 22 19 22 11 17 11 23 21
10 29 80 78 69 71 77 82 75 69 80 77
10 30 71 61 72 63 61 68 69 61 74 67
10 31 31 34 31 33 26 33 37 34 31 29
10 32 67 64 67 70 58 65 58 71 69 64
10 33 94 81 86 92 89 88 92 93 84 88
10 34 47 42 53 42 51 42 45 43 41 47
10 35 94 86 94 88 89 94 80 86 82 89
10 36 43 40 44 38 45 41 41 42 47 50
10 37 4 9 5 5 5 17 17 14 9 5
10 38 75 69 68 76 74 66 79 68 78 67
10 39 91 77 81 78 90 86 79 90 92 81
11 12 67 68 71 60 67 57 66 71 70 58
11 13 71 62 68 65 71 65 68 71 67 75
11 14 47 45 46 41 43 54 45 46 51 53
11 15 27 31 29 37 26 26 27 24 32 25
11 16 27 34 27 35 32 27 28 23 30 25
11 17 73 64 69 72 69 67 75 67 77 67
11 18 66 60 66 57 59 67 58 63 65 61
11 19 10 10 14 23 13 16 11 18 23 21
11 20 25 24 28 34 32 33 22 25 31 32
11 21 1 11 11 12 3 2 3 9 14 9
11 22 99 98 95 96 94 93 84 90 90 88
11 23 91 78 82 87 85 92 78 78 83 86
11 24 34 36 30 39 44 38 33 34 33 40
11 25 1 12 8 4 16 15 10 10 15 7
11 26 94 82 91 90 85 81 94 86 94 90
11 27 86 80 75 86 82 80 85 74 86 73
11 28 45 51 46 45 42 45 51 52 48 44
11 29 27 24 34 34 30 26 26 24 38 24
11 30 36 32 42 38 31 32 33 45 43 41
11 31 12 22 20 21 11 23 24 14 17 16
11 32 66 59 65 67 65 66 66 65 64 66
11 33 23 34 34 24 34 23 25 22 22 26
11 34 77 70 79 66 77 70 72 79 68 77
11 35 8 15 19 14 15 13 10 10 13 19
11 36 28 35 26 33 26 31 25 34 31 27
11 37 39 44 40 40 46 34 36 47 37 44
11 38 4 9 15 6 16 16 12 6 6 18
11 39 37 38 44 40 39 32 44 33 44 36
12 13 61 59 52 53 60 62 66 59 62 62
12 14 75 65 67 78 73 69 73 66 79 74
12 15 65 69 63 67 62 61 68 64 67 60
12 16 1 15 4 5 3 11 1 1 12 3
12 17 67 69 65 57 70 63 59 64 59 62
12 18 93 91 80 91 81 83 80 79 83 91
12 19 90 83 82 85 90 87 89 78 91 89
12 20 70 73 70 63 69 72 60 68 74 67
12 21 21 31 19 19 28 26 29 32 20 26
12 22 98 89 85 93 98 85 87 97 88 97
12 23 2 4 16 12 3 6 9 8 17 2
12 24 84 77 77 78 72 82 75 76 77 80
12 25 2 11 7 14 16 14 13 10 17 11
12 26 6 7 17 19 20 17 12 11 15 13
12 27 70 61 66 67 64 66 66 65 70 63
12 28 35 41 34 31 37 38 32 31 34 39
12 29 62 62 67 64 60 65 62 61 55 60
12 30 29 31 26 37 32 26 27 36 33 25
12 31 29 25 29 33 29 34 33 37 26 32
12 32 57 55 50 51 53 55 57 54 52 58
12 33 2 2 5 10 12 13 5 14 16 13
12 34 23 30 25 30 22 34 20 21 30 25
12 35 47 46 43 45 42 52 43 52 42 49
12 36 21 26 21 24 24 18 25 21 29 22
12 37 64 57 61 55 54 54 67 59 63 62
12 38 52 56 57 48 57 56 46 45 47 46
12 39 35 35 38 30 37 32 42 43 30 42
13 14 32 40 31 31 31 36 32 38 36 39
13 15 68 59 70 69 59 72 59 63 60 64
13 16 93 85 84 89 86 84 88 82 82 84
13 17 97 95 87 89 92 86 85 85 96 89
13 18 70 62 74 60 73 70 71 73 72 65
13 19 28 32 29 34 35 30 39 29 30 25
13 20 60 56 56 56 58 62 59 62 53 57
13 21 76 69 70 70 74 73 73 76 77 69
13 22 76 74 66 77 74 76 73 78 69 69
13 23 10 8 12 11 14 19 15 9 20 15
13 24 80 79 70 78 70 81 69 77 80 70
13 25 64 61 63 56 67 59 63 64 66 56
13 26 15 17 26 26 24 21 20 24 14 14
13 27 87 83 83 89 77 83 87 76 85 79
13 28 33 30 28 35 30 35 30 41 40 29
13 29 87 85 87 87 76 76 86 87 84 82
13 30 73 63 75 67 66 67 64 63 74 74
13 31 12 24 12 16 14 25 15 21 11 14
13 32 29 34 25 30 38 26 32 31 29 33
13 33 88 88 77 75 80 84 83 89 89 81
13 34 69 66 73 67 73 61 63 60 62 68
13 35 72 69 62 76 69 75 72 70 65 67
13 36 54 48 52 53 51 60 55 58 54 55
13 37 92 79 86 88 90 84 88 89 90 90
13 38 53 52 49 48 57 59 56 58 46 48
13 39 3 7 13 16 12 9 16 4 13 4
14 15 37 42 42 40 36 36 39 41 36 40
14 16 9 19 22 17 11 9 22 9 9 12
14 17 3 7 12 7 17 6 3 6 15 13
14 18 38 40 45 35 41 43 36 40 40 37
14 19 62 62 65 60 57 60 59 53 59 66
14 20 77 74 77 72 68 74 78 74 75 65
14 21 57 61 51 56 56 53 49 56 48 58
14 22 60 55 60 62 57 53 61 65 59 59
14 23 71 69 71 64 64 69 67 69 62 65
14 24 4 9 4 13 16 8 12 11 7 6
14 25 92 86 82 90 86 87 88 82 79 88
14 26 55 48 50 47 53 48 52 47 61 54
14 27 74 72 73 77 76 70 72 64 67 71
14 28 99 96 88 94 93 88 99 88 99 99
14 29 86 75 81 87 78 76 82 73 73 83
14 30 44 41 46 41 42 52 43 44 51 46
14 31 68 63 65 71 61 71 64 68 72 60
14 32 55 53 60 55 59 55 49 47 49 49
14 33 69 69 60 65 71 67 62 63 68 65
14 34 16 20 22 21 15 17 18 15 24 21
14 35 66 65 60 62 58 69 68 64 65 57
14 36 23 22 20 30 35 26 24 26 33 31
14 37 63 55 65 64 64 59 55 68 55 54
14 38 57 61 55 56 59 57 52 51 54 57
14 39 73 64 76 63 69 77 68 63 71 70
15 16 47 55 46 45 47 49 45 48 44 50
15 17 32 42 29 37 33 39 42 37 32 35
15 18 28 26 31 31 35 37 25 26 30 28
15 19 79 82 80 71 71 71 76 77 72 71
15 20 46 46 42 42 47 43 42 43 44 43
15 21 19 22 27 16 17 24 17 20 20 20
15 22 82 75 70 84 72 71 74 79 77 76
15 23 77 69 67 78 71 77 66 80 80 73
15 24 25 27 33 33 35 33 32 26 35 35
15 25 1 15 13 13 15 10 3 6 9 6
15 26 87 75 88 84 77 75 83 84 79 84
15 27 87 75 82 86 83 83 77 77 88 83
15 28 8 11 20 8 12 12 21 17 17 19
15 29 75 73 77 72 76 72 71 73 74 77
15 30 65 69 57 60 69 61 58 68 66 57
15 31 75 77 71 75 78 70 76 75 72 71
15 32 30 39 38 32 33 33 35 37 34 39
15 33 46 53 40 53 48 40 45 45 40 53
15 34 37 42 44 43 46 34 40 44 33 34
15 35 17 26 27 22 17 27 24 14 20 20
15 36 52 58 49 52 57 52 44 44 49 59
15 37 27 24 24 26 38 35 28 31 27 26
15 38 38 42 42 47 38 40 36 41 37 41
15 39 21 26 29 19 26 30 20 18 20 27
16 17 90 88 90 87 89 82 91 90 83 88
16 18 67 57 72 59 57 62 66 60 69 60
16 19 54 52 60 49 48 52 56 52 57 51
16 20 43 38 50 48 45 44 49 38 42 42
16 21 4 4 5 6 3 6 7 10 12 16
16 22 65 56 57 62 62 65 65 63 66 62
16 23 33 34 30 37 41 41 34 38 30 29
16 24 17 23 21 25 29 16 21 23 15 19
16 25 72 61 69 71 61 66 67 69 72 68
16 26 83 85 81 84 81 79 82 84 74 76
16 27 2 11 15 4 10 11 2 11 9 12
16 28 46 48 51 45 42 50 53 48 46 52
16 29 95 95 89 81 92 83 85 95 90 87
16 30 69 66 65 63 59 59 70 61 59 60
16 31 31 28 28 38 35 32 38 37 37 33
16 32 72 64 76 73 61 69 75 65 64 73
16 33 21 28 29 19 30 27 32 22 22 24
16 34 1 13 6 1 11 12 3 11 15 1
16 35 82 76 83 73 82 71 84 73 82 70
16 36 43 48 41 42 41 43 44 41 51 49
16 37 14 24 18 22 24 13 22 20 13 24
16 38 56 48 56 62 54 53 62 52 60 57
16 39 47 46 49 42 55 53 48 43 43 52
17 18 27 34 28 23 34 36 32 24 27 29
17 19 80 80 77 76 78 78 83 79 73 72
17 20 12 17 25 17 24 21 15 13 17 11
17 21 93 82 91 89 79 93 80 90 88 81
17 22 1 10 3 11 12 4 11 8 3 8
17 23 69 61 59 60 65 64 66 65 62 60
17 24 87 80 76 86 80 84 89 82 87 79
17 25 7 11 9 12 8 9 18 19 8 8
17 26 46 53 53 50 49 43 49 45 52 40
17 27 51 45 56 43 54 44 50 50 48 54
17 28 27 25 31 37 25 25 29 29 35 32
17 29 17 28 21 25 28 23 22 29 26 27
17 30 73 72 68 72 75 62 71 75 68 74
17 31 37 36 45 46 39 32 37 39 44 46
17 32 14 19 21 21 16 14 24 23 21 20
17 33 4 15 6 14 8 9 9 8 5 15
17 34 76 78 69 66 77 67 71 74 70 75
17 35 0 13 3 2 5 14 5 2 11 3
17 36 26 35 25 25 23 35 36 36 35 36
17 37 77 69 75 69 78 76 71 71 73 67
17 38 84 75 77 74 84 80 81 79 73 82
17 39 97 92 91 83 95 87 95 90 94 90
18 19 76 76 76 70 69 67 73 72 68 69
18 20 91 87 89 79 88 85 85 92 90 87
18 21 39 43 35 37 33 38 47 35 40 34
18 22 68 64 70 59 64 63 73 72 67 69
18 23 99 95 87 98 88 91 97 86 92 93
18 24 64 56 56 60 67 68 58 66 68 67
18 25 17 18 29 17 25 28 19 19 28 26
18 26 47 47 54 44 50 44 44 51 54 44
18 27 61 60 65 55 54 56 66 56 60 54
18 28 66 57 62 70 56 65 67 67 62 60
18 29 46 53 47 47 47 45 53 51 42 53
18 30 24 33 30 21 21 33 24 26 31 25
18 31 77 77 78 69 71 73 75 79 73 67
18 32 79 68 77 81 75 70 75 74 71 79
18 33 71 73 74 73 74 64 72 63 73 74
18 34 27 32 35 25 28 31 24 26 26 28
18 35 9 15 15 8 10 9 9 20 11 12
18 36 18 19 21 23 30 25 28 21 28 24
18 37 25 34 36 36 31 33 24 31 29 22
18 38 83 75 85 84 80 78 83 77 81 82
18 39 7 13 18 9 9 8 17 20 11 16
19 20 45 51 40 38 44 49 49 51 46 51
19 21 3 13 8 10 14 8 5 6 13 12
19 22 13 24 19 26 17 20 19 16 15 13
19 23 74 70 66 75 71 73 70 77 66 66
19 24 43 39 41 50 47 51 43 46 46 39
19 25 55 58 52 51 55 56 59 53 49 47
19 26 45 48 49 45 49 52 45 49 47 50
19 27 27 35 26 24 33 36 30 26 34 36
19 28 14 17 17 24 17 23 18 22 18 16
19 29 92 85 88 90 90 78 87 90 81 91
19 30 19 19 24 26 22 24 22 29 26 27
19 31 29 29 27 28 27 34 30 32 29 31
19 32 88 86 76 88 77 80 78 86 85 84
19 33 69 63 63 63 61 63 61 62 67 63
19 34 64 58 61 58 56 62 57 59 65 69
19 35 86 86 77 76 88 83 84 88 77 87
19 36 22 33 21 28 27 26 23 31 24 28
19 37 33 28 37 43 30 36 30 32 31 36
19 38 64 67 69 58 56 57 61 55 68 67
19 39 7 12 18 14 7 14 15 8 12 17
20 21 71 66 64 61 67 72 74 67 70 66
20 22 45 52 51 51 46 44 42 40 45 40
20 23 42 39 50 48 40 36 47 46 46 37
20 24 78 78 73 69 68 80 73 74 68 67
20 25 77 73 70 71 78 76 70 80 67 73
20 26 66 58 65 60 64 59 63 64 71 56
20 27 76 77 77 79 76 75 69 70 71 75
20 28 43 39 42 40 48 51 46 45 49 46
20 29 18 16 25 19 26 28 25 26 25 17
20 30 51 52 52 54 44 54 47 58 47 47
20 31 5 10 9 7 17 11 15 18 5 9
20 32 15 25 19 14 28 17 24 15 25 13
20 33 50 57 54 48 49 45 48 43 51 57
20 34 21 23 28 18 25 23 26 32 31 32
20 35 18 23 18 29 20 28 22 27 16 17
20 36 99 89 96 87 93 97 87 92 96 94
20 37 24 30 28 31 29 29 26 30 27 30
20 38 68 61 60 64 60 63 65 67 65 68
20 39 76 67 76 69 67 74 69 76 78 65
21 22 60 65 54 52 65 61 65 66 62 60
21 23 3 4 14 13 3 17 16 15 18 15
21 24 80 71 80 76 77 79 80 78 81 77
21 25 77 75 75 72 68 77 80 66 70 74
21 26 90 80 84 87 77 90 91 81 81 79
21 27 37 33 37 34 34 34 47 36 42 45
21 28 68 65 62 60 69 66 62 58 61 72
21 29 83 78 79 71 81 71 71 76 82 70
21 30 41 42 49 36 37 46 45 48 35 47
21 31 45 40 43 41 45 53 51 45 50 47
21 32 41 47 48 36 48 40 44 44 36 44
21 33 54 50 54 53 56 47 46 52 59 58
21 34 30 30 31 33 31 29 30 33 39 27
21 35 4 8 10 5 12 14 17 13 15 14
21 36 4 13 17 11 6 10 18 16 17 14
21 37 15 27 21 27 19 16 16 13 25 18
21 38 66 63 68 60 57 59 61 65 57 70
21 39 36 35 32 33 38 36 38 36 39 40
22 23 57 52 53 49 50 51 58 58 61 51
22 24 26 28 26 29 36 37 35 24 33 23
22 25 21 20 27 31 32 20 30 30 26 26
22 26 83 75 77 71 71 80 72 80 85 80
22 27 41 48 38 36 38 43 36 42 42 37
22 28 72 68 73 74 66 76 68 73 73 69
22 29 86 80 82 81 85 79 86 84 86 84
22 30 59 59 53 54 55 58 50 54 62 65
22 31 79 81 77 76 78 74 70 74 71 70
22 32 49 44 50 42 53 56 46 53 51 54
22 33 6 9 8 20 14 20 19 16 18 15
22 34 22 19 25 25 32 19 23 33 25 22
22 35 82 70 70 80 76 74 74 80 76 81
22 36 82 84 83 79 84 83 75 75 83 74
22 37 13 14 14 14 15 23 22 11 25 15
22 38 67 58 59 66 65 63 66 63 71 66
22 39 79 82 70 79 70 75 76 74 75 69
23 24 17 16 15 17 28 24 25 22 27 20
23 25 31 39 36 29 30 29 40 35 28 27
23 26 85 77 78 81 84 85 80 76 79 80
23 27 56 61 53 62 62 61 59 53 54 61
23 28 38 43 42 47 46 43 34 35 45 34
23 29 22 30 28 27 20 23 22 26 29 31
23 30 23 32 29 27 25 29 20 23 21 27
23 31 24 30 35 34 24 32 26 34 31 21
23 32 33 30 32 33 40 39 33 43 31 29
23 33 61 52 57 61 61 57 53 67 62 53
23 34 18 16 16 20 20 28 28 21 20 15
23 35 45 49 53 41 52 49 47 50 51 47
23 36 52 50 48 51 57 50 45 52 58 48
23 37 75 68 65 78 74 70 71 77 65 68
23 38 46 52 47 50 44 42 47 45 42 49
23 39 88 76 87 85 81 82 78 85 79 88
24 25 63 60 60 68 65 61 64 55 54 67
24 26 28 31 28 37 38 37 38 37 34 30
24 27 66 59 68 71 59 71 63 67 66 66
24 28 9 19 20 14 11 19 14 18 10 21
24 29 5 7 8 17 12 4 10 5 16 9
24 30 15 25 23 13 26 18 14 18 15 24
24 31 58 52 54 52 50 53 59 49 51 64
24 32 42 38 41 49 42 46 44 45 49 41
24 33 92 82 86 81 85 92 80 81 91 84
24 34 28 36 37 33 35 25 38 30 39 37
24 35 92 93 87 84 93 92 84 81 82 85
24 36 49 49 53 47 49 43 48 44 50 50
24 37 84 80 81 75 82 76 75 73 85 81
24 38 58 60 59 53 60 53 54 51 64 60
24 39 96 93 87 84 90 93 89 84 86 96
25 26 54 50 55 58 48 54 58 48 61 58
25 27 95 87 90 83 93 86 93 87 88 86
25 28 91 92 78 89 81 80 89 87 79 90
25 29 73 63 63 75 69 63 64 72 74 67
25 30 34 30 42 33 40 40 37 43 32 42
25 31 56 60 62 55 48 54 56 54 53 59
25 32 24 21 28 31 34 25 32 26 32 29
25 33 90 91 90 90 78 81 83 82 88 87
25 34 33 39 30 39 36 31 43 36 29 41
25 35 91 90 87 90 78 78 89 89 78 88
25 36 90 80 78 79 80 78 80 91 84 79
25 37 63 68 54 57 66 62 63 66 56 57
25 38 57 55 49 55 52 52 50 54 55 50
25 39 69 68 62 72 69 71 73 60 66 70
26 27 89 78 86 78 78 79 79 78 79 84
26 28 84 82 78 74 73 83 84 85 78 72
26 29 85 85 82 81 75 87 76 78 83 75
26 30 44 42 48 40 46 48 40 39 41 43
26 31 35 44 34 32 40 39 33 34 37 36
26 32 31 41 39 34 38 37 40 29 30 28
26 33 21 32 29 18 33 29 23 25 32 26
26 34 28 36 25 38 36 36 27 34 27 32
26 35 57 55 62 55 51 60 54 54 60 62
26 36 12 16 22 23 11 12 25 17 15 17
26 37 32 35 29 29 36 39 37 37 38 28
26 38 42 41 44 38 41 37 40 46 47 49
26 39 50 49 51 57 45 45 44 56 43 45
27 28 11 21 12 11 18 11 11 15 23 23
27 29 25 28 36 34 36 23 34 30 34 27
27 30 67 69 62 64 63 67 64 63 59 59
27 31 50 48 44 47 46 49 44 52 56 51
27 32 46 46 40 42 44 44 53 48 49 51
27 33 32 39 37 27 39 32 36 28 34 39
27 34 19 23 26 23 24 19 29 26 19 24
27 35 31 27 31 27 35 35 34 40 40 39
27 36 43 43 39 47 45 51 42 44 39 39
27 37 80 80 78 81 78 75 76 75 70 80
27 38 80 80 73 76 70 70 71 74 79 78
27 39 63 54 63 55 63 58 64 63 68 62
28 29 31 27 30 33 33 38 35 30 40 29
28 30 23 29 24 26 32 20 29 33 30 24
28 31 5 5 6 14 18 7 8 6 17 10
28 32 53 54 47 55 58 58 47 45 47 58
28 33 95 81 92 95 91 83 86 82 85 88
28 34 96 84 97 95 84 82 86 91 86 89
28 35 67 70 60 71 58 68 61 60 67 58
28 36 26 27 29 29 24 35 31 34 32 26
28 37 60 65 57 56 56 63 66 61 61 56
28 38 51 56 46 51 47 56 50 56 53 54
28 39 10 15 13 16 14 10 10 13 18 15
29 30 39 45 47 38 36 36 34 43 43 36
29 31 7 7 16 17 8 11 14 17 14 18
29 32 75 69 78 74 66 66 78 70 77 70
29 33 68 59 69 67 64 64 65 66 58 58
29 34 22 32 23 24 24 23 33 24 31 26
29 35 68 63 63 59 59 72 65 62 63 63
29 36 94 91 93 83 90 84 93 93 85 92
29 37 72 65 75 72 74 72 64 74 74 64
29 38 84 84 86 81 77 85 81 82 85 80
29 39 18 16 28 19 18 27 22 16 29 18
30 31 55 55 50 52 54 48 56 53 55 51
30 32 57 51 52 56 55 50 51 61 49 57
30 33 66 66 61 70 60 70 68 59 59 70
30 34 96 82 82 88 86 93 84 96 95 96
30 35 15 19 26 18 24 25 27 23 26 25
30 36 27 35 36 33 32 28 27 33 30 36
30 37 40 37 40 35 42 44 48 44 44 41
30 38 11 15 17 13 17 13 10 13 15 23
30 39 78 70 81 78 75 67 73 70 68 81
31 32 18 26 22 28 20 26 29 17 18 18
31 33 95 83 85 83 87 88 93 92 86 89
31 34 70 65 69 60 67 67 70 69 71 60
31 35 54 51 55 48 51 58 59 49 61 59
31 36 93 88 82 85 79 80 89 88 88 81
31 37 89 78 76 82 86 85 83 86 88 82
31 38 47 40 53 44 45 49 44 42 41 47
31 39 25 30 25 33 30 35 24 31 25 31
32 33 50 43 56 54 51 54 54 52 53 55
32 34 17 16 21 17 19 22 26 27 27 29
32 35 15 18 17 24 20 22 19 16 20 25
32 36 41 48 40 40 47 48 43 42 39 45
32 37 3 7 4 11 5 7 15 10 9 13
32 38 95 85 83 82 92 83 89 90 91 84
32 39 68 59 70 71 69 66 59 68 59 68
33 34 52 56 49 58 53 55 45 56 56 46
33 35 33 31 31 40 35 36 29 28 29 29
33 36 57 55 60 49 49 58 62 58 51 50
33 37 72 67 70 65 66 75 61 66 67 75
33 38 40 44 40 36 37 40 34 37 40 43
33 39 29 28 34 26 29 32 28 38 36 39
34 35 94 87 82 94 81 87 85 83 89 90
34 36 88 87 89 85 85 86 89 84 78 76
34 37 92 80 85 85 81 79 88 81 88 82
34 38 85 82 82 78 80 86 85 75 79 86
34 39 85 81 77 79 76 86 82 77 79 74
35 36 61 54 55 57 61 59 57 58 66 58
35 37 89 79 84 87 80 84 81 76 86 76
35 38 58 54 52 57 52 54 62 59 61 64
35 39 11 21 9 16 13 13 16 23 12 21
36 37 39 45 48 40 46 37 35 40 42 42
36 38 16 17 28 26 23 24 26 24 18 25
36 39 72 67 75 65 69 68 75 75 65 61
37 38 23 25 32 34 28 23 26 33 32 21
37 39 76 68 73 74 77 76 71 65 64 76
38 39 96 82 85 86 91 91 95 84 93 89
