42 10
0 0 0.166667 0.166667 0.166667 0.166667 0.166667 0.166667 0 0 
0 1 95 48 66 66 70 75 50 75 28 49
0 2 88 94 79 83 38 29 86 43 54 95
0 3 65 55 45 86 50 91 34 60 90 69
0 4 79 62 55 40 30 16 61 29 58 55
0 5 63 28 62 91 86 87 81 69 84 77
0 6 15 39 21 42 59 48 71 44 57 54
0 7 80 63 63 74 51 19 71 89 72 78
0 8 61 26 88 18 26 53 52 57 46 47
0 9 75 69 91 75 42 23 76 75 48 49
0 10 10 55 23 37 41 67 41 21 70 49
0 11 43 53 66 68 86 15 18 32 81 47
0 12 40 59 84 14 8 76 87 36 18 76
0 13 70 68 16 19 52 58 57 67 85 15
0 14 21 23 12 35 15 44 70 12 10 46
0 15 20 73 45 51 82 42 36 62 62 31
0 16 54 61 55 32 55 84 31 87 84 51
0 17 21 4 69 80 55 45 7 79 78 7
0 18 77 64 51 38 34 86 74 76 58 80
0 19 15 82 20 5 28 33 65 21 54 18
0 20 29 10 32 66 49 24 76 18 42 81
0 21 52 77 39 12 33 48 29 12 57 54
0 22 2 12 34 37 56 23 12 2 67 56
0 23 47 24 22 34 78 10 27 28 27 57
0 24 38 33 21 56 27 15 61 26 43 57
0 25 75 85 46 60 72 27 57 55 83 52
0 26 31 7 65 68 54 19 62 54 35 35
0 27 99 22 35 89 94 86 29 95 32 43
0 28 69 57 88 72 28 30 24 87 60 47
0 29 77 79 80 81 65 84 57 25 94 20
0 30 4 16 72 32 10 59 46 20 10 32
0 31 26 22 12 50 46 13 39 25 63 85
0 32 9 56 21 69 45 78 13 76 7 9
0 33 42 85 64 11 13 78 29 58 83 19
0 34 90 65 63 93 81 77 50 71 43 44
0 35 27 16 52 60 36 52 51 50 39 11
0 36 15 18 44 18 52 11 32 30 33 16
0 37 65 89 81 20 53 18 47 72 73 68
0 38 87 42 62 86 19 95 32 36 40 68
0 39 26 54 26 20 39 55 45 82 7 60
0 40 38 61 41 45 64 36 18 84 60 66
0 41 29 22 85 60 35 26 18 85 37 42
1 2 89 79 54 59 63 69 31 50 28 81
1 3 63 16 79 46 77 26 42 42 48 34
1 4 11 75 31 35 70 32 63 50 3 75
1 5 64 60 47 66 88 16 30 45 18 47
1 6 32 47 19 11 38 19 66 36 37 41
1 7 62 30 89 46 55 21 39 61 18 83
1 8 72 29 55 34 17 93 40 30 35 52
1 9 60 50 52 74 40 53 46 24 49 53
1 10 32 15 14 12 48 51 8 52 8 11
1 11 21 55 78 54 5 28 69 76 5 12
1 12 37 42 42 29 31 15 72 70 66 42
1 13 4 58 80 16 40 10 78 4 5 4
1 14 17 29 69 66 9 52 47 59 35 36
1 15 98 30 70 79 53 66 37 76 51 54
1 16 42 40 40 14 14 44 47 18 83 38
1 17 7 67 15 9 11 23 24 43 6 77
1 18 49 87 58 42 78 34 43 73 74 57
1 19 67 46 37 85 26 86 60 74 44 91
1 20 19 42 38 66 21 22 78 6 63 13
1 21 95 76 27 27 73 89 67 72 62 73
1 22 80 34 89 71 40 42 89 32 69 40
1 23 62 35 87 66 69 81 43 38 78 90
1 24 43 82 60 61 59 45 38 45 69 48
1 25 74 37 16 43 62 52 69 15 36 73
1 26 34 50 22 49 46 30 34 28 67 50
1 27 81 57 74 54 34 52 21 60 81 70
1 28 31 9 26 34 45 43 21 40 79 68
1 29 25 47 49 30 36 71 32 64 70 57
1 30 59 56 16 50 60 29 56 19 21 84
1 31 96 91 81 89 65 28 59 36 75 31
1 32 43 70 59 22 44 82 64 78 64 80
1 33 45 56 30 79 14 61 24 52 45 37
1 34 16 71 74 9 38 58 71 47 77 15
1 35 87 22 86 56 52 80 46 61 66 63
1 36 74 70 45 75 54 81 63 78 76 37
1 37 35 25 72 32 51 8 34 72 68 8
1 38 88 69 39 43 95 51 67 20 57 78
1 39 74 58 59 15 89 36 71 50 28 42
1 40 71 46 15 64 78 79 54 44 30 26
1 41 32 37 33 46 23 49 61 50 21 66
2 3 51 80 38 25 68 43 28 65 10 63
2 4 42 48 67 42 23 45 37 13 27 50
2 5 5 29 51 77 34 66 27 20 14 80
2 6 22 13 18 66 25 37 49 11 66 33
2 7 17 36 30 42 57 13 80 40 81 12
2 8 47 15 55 12 63 74 23 18 80 29
2 9 61 60 89 78 36 45 55 53 14 26
2 10 90 52 96 96 68 59 71 19 81 44
2 11 60 14 79 74 22 22 67 72 55 16
2 12 82 32 44 76 82 40 28 94 33 56
2 13 28 25 48 50 77 81 46 34 75 60
2 14 2 58 76 52 16 8 34 36 18 28
2 15 14 22 62 23 27 43 53 34 11 82
2 16 61 86 74 87 59 26 28 92 14 56
2 17 70 40 27 29 42 44 53 59 84 41
2 18 41 78 81 27 86 34 55 65 10 68
2 19 82 20 31 46 70 20 73 39 54 56
2 20 88 76 25 37 36 68 47 19 48 81
2 21 98 36 23 64 40 62 57 21 83 27
2 22 81 65 48 84 89 56 19 56 51 19
2 23 43 52 9 36 30 70 76 29 83 68
2 24 0 23 49 30 45 30 8 34 12 64
2 25 63 72 51 17 91 32 22 87 74 53
2 26 79 70 71 26 36 21 53 32 82 60
2 27 19 9 36 42 28 34 28 12 5 49
2 28 48 26 27 89 14 85 15 84 17 26
2 29 84 63 44 82 94 58 59 30 54 72
2 30 19 41 35 14 62 20 58 53 12 46
2 31 86 83 90 74 63 89 84 32 49 77
2 32 28 44 47 31 12 48 85 68 70 59
2 33 9 8 42 6 53 35 57 74 33 17
2 34 48 20 11 36 23 16 48 83 61 82
2 35 92 95 40 49 35 77 94 21 38 90
2 36 3 11 52 33 12 60 24 21 64 68
2 37 85 61 34 91 76 62 41 56 28 39
2 38 84 93 58 38 24 68 93 32 47 52
2 39 71 73 70 43 48 62 21 74 24 29
2 40 24 17 49 53 78 59 51 26 9 55
2 41 29 36 47 53 36 31 52 24 43 82
3 4 79 41 18 81 76 27 23 54 47 36
3 5 73 38 48 53 43 86 18 31 83 26
3 6 10 33 57 81 55 22 4 52 80 44
3 7 64 59 39 61 47 52 54 54 92 86
3 8 38 49 58 75 47 61 36 57 80 9
3 9 73 90 64 41 86 39 83 26 57 66
3 10 58 14 81 35 13 40 13 83 13 50
3 11 26 59 37 63 72 22 50 81 45 26
3 12 98 31 59 20 74 37 51 90 48 47
3 13 17 77 62 44 44 64 43 35 19 33
3 14 42 56 22 51 39 59 70 63 37 36
3 15 65 66 86 22 27 89 85 50 85 18
3 16 22 35 52 55 46 8 52 16 40 39
3 17 13 63 20 35 37 40 33 34 80 2
3 18 52 72 34 22 45 56 13 19 66 56
3 19 0 34 48 72 36 24 28 65 7 23
3 20 90 67 26 93 63 31 46 40 62 65
3 21 53 12 11 36 89 50 53 26 63 51
3 22 87 45 64 75 95 73 61 60 68 43
3 23 88 37 31 74 30 56 33 97 61 33
3 24 69 47 80 37 64 55 76 59 92 18
3 25 22 19 40 36 28 71 5 50 10 63
3 26 57 45 39 15 44 56 54 24 26 72
3 27 71 21 67 30 88 90 54 73 19 33
3 28 29 30 29 84 78 44 34 39 74 56
3 29 21 16 50 72 57 10 9 34 68 33
3 30 70 20 89 58 22 54 53 24 14 88
3 31 64 70 27 25 27 29 92 23 53 19
3 32 5 66 68 76 8 75 20 46 29 68
3 33 16 4 4 78 71 66 81 36 79 79
3 34 33 77 60 12 59 83 34 7 7 84
3 35 68 87 45 72 86 61 81 34 45 22
3 36 66 17 57 75 64 51 44 56 17 90
3 37 26 33 61 58 8 17 37 21 80 58
3 38 95 93 46 31 37 71 93 90 42 32
3 39 31 53 30 15 52 14 70 60 54 58
3 40 61 87 70 15 50 50 78 16 58 35
3 41 15 39 6 9 55 14 69 62 49 22
4 5 40 14 8 56 53 41 27 73 69 35
4 6 80 41 65 64 30 94 24 17 64 38
4 7 9 73 47 7 10 46 49 23 81 5
4 8 71 66 42 89 66 83 46 32 71 41
4 9 21 15 73 46 68 14 13 77 37 56
4 10 43 31 87 30 52 33 44 54 18 68
4 11 97 38 51 35 31 96 51 77 64 26
4 12 65 23 76 55 42 22 20 64 77 48
4 13 63 16 40 23 72 19 32 51 75 77
4 14 29 28 81 26 76 16 16 77 32 47
4 15 9 77 69 78 80 66 73 42 15 55
4 16 82 74 93 80 76 31 57 73 85 91
4 17 45 64 64 82 47 22 36 82 75 67
4 18 37 63 45 46 31 61 55 74 68 52
4 19 92 33 69 71 91 54 72 31 31 73
4 20 17 38 74 16 68 54 38 58 60 42
4 21 51 10 67 40 77 59 55 42 30 38
4 22 94 39 21 74 45 84 45 73 50 67
4 23 31 39 64 35 9 54 17 75 34 32
4 24 60 45 50 51 33 56 74 86 14 66
4 25 61 46 64 44 19 37 55 64 48 66
4 26 50 26 50 45 59 51 23 79 33 23
4 27 43 42 71 14 25 20 66 71 48 42
4 28 87 48 34 57 42 93 23 66 92 37
4 29 74 37 55 73 17 43 41 68 22 45
4 30 12 68 69 56 37 57 81 40 60 77
4 31 1 53 0 17 4 62 19 10 6 76
4 32 73 49 94 34 33 94 93 25 20 88
4 33 18 53 59 79 31 59 61 57 73 46
4 34 81 55 42 28 67 37 85 41 61 42
4 35 27 48 70 28 42 29 84 38 16 26
4 36 78 56 77 16 47 54 70 30 51 37
4 37 8 16 25 7 26 13 55 76 13 65
4 38 61 24 35 57 56 43 65 45 87 78
4 39 43 57 47 37 55 70 72 66 16 64
4 40 87 82 49 34 87 51 21 32 43 43
4 41 25 32 49 52 52 48 9 38 8 22
5 6 28 44 55 14 45 47 30 72 66 60
5 7 8 26 54 76 52 17 38 76 69 53
5 8 56 34 57 52 12 68 76 22 71 78
5 9 0 21 43 37 42 71 27 9 71 1
5 10 61 31 87 61 14 28 81 48 13 36
5 11 93 53 60 72 73 42 88 24 26 59
5 12 41 77 25 83 80 60 79 61 45 82
5 13 88 96 78 49 78 72 74 47 22 71
5 14 55 43 80 16 69 16 18 39 29 63
5 15 90 70 60 81 50 56 59 86 71 27
5 16 40 20 66 60 71 79 78 40 33 23
5 17 67 49 79 66 52 52 55 71 28 28
5 18 37 67 31 28 35 68 67 46 36 69
5 19 64 60 90 86 30 66 19 25 63 70
5 20 86 68 64 56 56 42 95 87 37 39
5 21 88 93 27 53 86 73 48 40 23 32
5 22 7 78 74 2 21 65 27 75 77 13
5 23 35 44 64 30 83 50 33 66 54 77
5 24 76 64 22 75 48 64 24 18 92 93
5 25 78 64 27 46 69 33 62 42 46 54
5 26 88 76 19 81 88 52 69 95 96 41
5 27 16 10 5 48 23 51 53 83 32 80
5 28 14 61 72 64 5 50 15 36 82 64
5 29 27 81 52 77 65 28 53 9 38 46
5 30 85 35 19 53 81 66 42 54 59 82
5 31 23 71 50 41 31 73 48 80 55 35
5 32 36 59 82 27 67 52 15 79 87 26
5 33 5 71 25 38 42 55 13 17 2 73
5 34 88 72 21 91 33 73 93 21 25 28
5 35 7 43 44 19 44 5 26 51 63 50
5 36 25 48 51 47 70 78 7 27 16 81
5 37 38 31 41 85 40 80 17 27 8 29
5 38 4 53 60 19 66 46 66 80 62 75
5 39 95 44 45 35 38 46 34 70 96 57
5 40 89 69 26 75 92 37 95 54 25 45
5 41 64 87 79 69 92 73 62 40 72 24
6 7 24 17 78 53 31 50 18 24 64 43
6 8 46 33 49 77 12 71 31 36 68 31
6 9 42 66 10 33 18 66 62 41 31 47
6 10 74 46 69 93 19 29 89 24 19 22
6 11 32 18 63 54 60 28 31 70 67 20
6 12 19 47 26 74 28 40 5 8 37 81
6 13 78 78 30 39 81 35 50 70 58 84
6 14 28 59 81 50 44 73 48 67 69 73
6 15 83 31 73 17 85 51 70 25 87 90
6 16 54 46 53 43 31 45 76 18 78 12
6 17 50 50 21 69 53 71 81 48 79 59
6 18 35 48 10 17 72 59 8 71 35 43
6 19 76 42 93 94 61 47 52 72 88 66
6 20 56 80 63 32 62 16 30 23 84 83
6 21 81 35 41 93 61 21 43 62 20 29
6 22 79 39 75 78 24 56 64 61 70 49
6 23 15 5 33 18 24 33 55 64 8 64
6 24 5 78 5 39 25 69 19 60 9 32
6 25 17 72 30 75 44 29 72 23 63 11
6 26 50 57 72 80 37 18 79 40 37 12
6 27 17 67 78 37 39 44 50 46 20 37
6 28 62 24 79 67 75 60 87 57 69 30
6 29 80 63 72 89 26 69 54 79 61 22
6 30 4 62 37 72 72 66 39 62 64 68
6 31 9 37 20 6 66 47 43 42 73 37
6 32 99 72 81 92 52 20 79 20 65 28
6 33 27 13 35 49 39 18 9 68 28 58
6 34 50 20 10 46 55 44 71 78 57 51
6 35 42 85 9 9 34 67 12 65 72 29
6 36 57 22 23 25 44 12 61 45 24 39
6 37 22 17 4 32 6 46 63 38 65 10
6 38 95 85 91 33 68 95 80 50 51 80
6 39 60 69 59 71 56 82 91 27 46 73
6 40 8 8 30 33 65 30 41 18 34 47
6 41 52 57 72 75 52 77 16 66 22 51
7 8 18 26 63 62 47 66 50 27 13 41
7 9 91 91 51 58 78 72 22 19 67 25
7 10 29 64 75 48 42 18 74 84 27 58
7 11 5 39 67 35 30 42 67 63 31 64
7 12 39 63 30 63 64 46 84 78 14 28
7 13 45 15 51 9 49 16 23 88 28 43
7 14 92 98 67 53 48 31 42 80 30 93
7 15 31 51 73 37 66 16 19 71 64 76
7 16 43 20 68 19 48 52 18 48 15 52
7 17 50 83 13 29 55 52 34 73 36 40
7 18 39 75 71 21 35 62 47 56 26 78
7 19 6 12 12 79 66 40 69 19 54 7
7 20 91 44 31 22 33 34 38 54 64 34
7 21 48 85 77 59 80 58 69 10 55 75
7 22 4 44 53 37 32 66 11 67 48 60
7 23 43 46 75 42 60 87 62 50 40 51
7 24 63 65 27 22 64 74 36 19 42 44
7 25 88 77 81 87 24 47 33 66 85 32
7 26 98 83 72 54 60 78 49 31 31 25
7 27 33 13 36 73 58 75 32 66 23 47
7 28 70 69 25 42 23 14 67 72 29 77
7 29 9 3 37 45 34 38 56 65 54 7
7 30 74 20 29 58 60 94 87 82 44 83
7 31 86 72 41 78 70 48 79 59 91 41
7 32 96 54 52 63 37 24 49 85 41 87
7 33 40 68 11 81 32 57 73 83 80 76
7 34 68 50 78 77 73 26 35 82 41 88
7 35 27 67 84 51 77 18 19 21 71 77
7 36 91 24 32 18 72 50 35 90 43 49
7 37 23 51 57 6 43 10 24 72 82 47
7 38 30 31 23 81 46 60 27 30 65 59
7 39 41 86 45 25 70 18 81 88 22 40
7 40 2 22 34 17 27 71 59 64 44 53
7 41 85 23 48 29 17 63 72 31 47 70
8 9 78 39 34 78 29 62 76 89 55 88
8 10 22 51 16 25 56 80 24 46 33 19
8 11 40 36 70 62 84 11 24 83 43 66
8 12 45 42 33 53 19 34 17 23 69 77
8 13 89 61 60 49 31 42 89 69 77 67
8 14 91 33 55 67 27 52 82 81 79 33
8 15 47 87 50 11 84 61 34 19 45 84
8 16 80 79 72 72 31 66 39 62 63 47
8 17 51 23 87 16 23 84 21 55 42 53
8 18 20 43 49 68 71 35 30 21 81 4
8 19 62 88 85 42 40 41 26 37 39 23
8 20 62 31 36 87 92 29 35 88 79 46
8 21 60 76 44 54 66 37 52 27 61 80
8 22 20 64 61 68 9 10 79 68 78 11
8 23 42 41 35 22 46 32 52 37 59 29
8 24 58 81 55 54 67 28 37 67 57 83
8 25 8 14 27 29 16 76 48 75 43 15
8 26 75 31 58 48 50 56 71 31 55 63
8 27 65 21 56 33 74 69 41 21 38 84
8 28 82 51 86 76 72 84 63 72 26 48
8 29 68 83 57 38 79 79 31 75 64 90
8 30 62 70 48 52 66 18 34 40 18 88
8 31 75 29 71 92 78 56 88 93 79 61
8 32 9 78 61 13 6 38 29 59 24 15
8 33 38 13 76 10 14 57 72 83 21 59
8 34 41 14 85 69 11 8 61 30 83 75
8 35 54 43 89 89 66 55 50 29 59 50
8 36 58 12 44 21 54 21 59 14 79 14
8 37 54 72 84 13 49 53 21 51 85 52
8 38 48 77 44 88 83 83 41 61 16 82
8 39 20 82 7 82 44 32 56 73 77 64
8 40 91 51 67 88 49 73 90 18 51 57
8 41 11 9 72 46 69 46 8 28 9 56
9 10 34 8 85 85 79 20 37 73 42 17
9 11 61 25 79 40 56 82 33 68 26 46
9 12 60 62 84 76 45 63 65 29 33 66
9 13 51 31 74 88 46 42 42 30 11 52
9 14 44 17 50 28 55 75 29 9 66 76
9 15 46 37 38 81 86 79 40 18 10 31
9 16 56 33 29 49 78 32 12 25 21 67
9 17 51 43 48 42 36 22 78 40 39 10
9 18 80 36 48 86 58 16 55 81 51 36
9 19 91 83 65 45 47 81 74 28 82 41
9 20 44 86 19 29 58 65 28 34 88 66
9 21 40 46 38 63 51 39 65 30 56 62
9 22 58 89 66 19 74 34 59 50 77 29
9 23 65 31 54 39 86 87 47 58 88 91
9 24 60 82 57 69 57 27 22 42 44 90
9 25 65 74 43 52 20 90 33 31 61 92
9 26 35 49 32 42 63 13 9 10 42 27
9 27 48 65 56 30 67 40 51 31 40 54
9 28 85 72 60 79 24 34 49 28 51 60
9 29 85 88 39 96 24 49 59 44 95 44
9 30 95 59 26 77 90 54 77 85 83 38
9 31 53 80 59 25 28 59 28 85 29 29
9 32 4 35 69 27 46 7 59 24 55 7
9 33 90 74 83 24 57 80 74 31 62 94
9 34 47 83 46 67 27 76 21 18 53 77
9 35 60 49 63 75 54 61 58 86 23 88
9 36 20 72 48 57 34 69 45 83 16 75
9 37 64 71 74 31 48 29 71 81 35 80
9 38 33 51 58 60 61 77 19 71 81 50
9 39 27 59 29 53 52 35 6 5 9 56
9 40 20 55 70 56 64 66 25 83 31 23
9 41 43 42 83 37 50 49 64 24 40 21
10 11 49 14 78 88 23 69 78 36 36 76
10 12 18 78 10 14 68 43 60 36 76 61
10 13 49 79 65 67 16 57 88 34 28 13
10 14 96 26 36 62 87 69 43 23 25 91
10 15 57 75 79 69 80 23 13 33 30 51
10 16 26 9 68 84 71 12 29 42 73 20
10 17 76 80 55 37 35 62 65 70 63 24
10 18 67 77 85 34 60 73 91 70 17 18
10 19 36 80 8 41 13 45 48 38 53 87
10 20 3 33 32 23 19 16 13 30 42 55
10 21 40 76 16 16 38 57 87 31 80 10
10 22 43 38 30 53 54 47 71 39 47 80
10 23 3 71 58 4 51 56 46 21 4 28
10 24 62 33 56 17 54 40 89 27 90 56
10 25 81 23 91 82 63 24 63 17 37 27
10 26 80 81 93 80 24 19 71 84 72 66
10 27 77 23 70 18 21 41 47 46 70 18
10 28 91 78 76 43 38 23 80 35 54 55
10 29 42 67 48 56 9 47 29 65 46 75
10 30 20 25 20 75 50 15 56 72 49 32
10 31 37 81 36 86 21 47 38 15 64 50
10 32 56 89 41 67 38 38 88 69 88 62
10 33 62 40 83 33 84 69 34 19 25 47
10 34 62 80 92 27 89 62 60 31 33 41
10 35 6 47 71 5 28 15 49 47 42 9
10 36 49 35 86 68 64 30 50 82 53 33
10 37 66 92 44 39 67 47 88 33 82 49
10 38 16 41 46 3 21 56 13 6 30 27
10 39 70 85 77 81 65 48 30 37 78 45
10 40 51 38 12 12 46 89 11 61 49 30
10 41 11 78 65 73 13 24 79 52 57 71
11 12 23 44 81 70 76 50 13 52 82 77
11 13 92 49 72 91 21 94 75 84 49 69
11 14 41 85 77 12 18 73 17 17 64 9
11 15 1 46 19 31 31 8 5 22 1 27
11 16 90 51 76 81 55 51 58 65 79 52
11 17 68 30 34 82 88 56 78 40 36 83
11 18 67 24 67 18 27 42 50 37 24 65
11 19 63 12 87 80 82 71 84 61 48 32
11 20 63 16 69 45 30 26 74 18 62 89
11 21 44 50 76 21 29 14 65 13 13 28
11 22 68 37 64 81 46 76 38 47 72 92
11 23 38 77 29 75 27 39 58 30 82 35
11 24 99 69 85 73 96 91 67 34 89 65
11 25 7 70 28 77 17 45 9 35 29 68
11 26 8 22 65 47 37 41 79 80 16 36
11 27 37 84 27 52 44 65 27 57 77 26
11 28 94 74 70 69 82 49 47 85 71 24
11 29 95 48 50 81 53 74 49 56 30 77
11 30 96 74 88 59 42 28 69 36 42 50
11 31 86 78 62 84 96 81 71 90 44 35
11 32 70 20 46 80 84 51 16 74 27 19
11 33 87 47 85 60 62 57 61 77 54 48
11 34 81 43 69 39 38 61 17 34 51 34
11 35 64 15 15 74 77 53 35 46 80 23
11 36 54 84 44 53 61 85 17 21 48 49
11 37 46 75 39 15 32 81 52 9 82 82
11 38 54 50 16 72 37 65 48 50 51 36
11 39 41 84 21 12 19 29 58 71 31 39
11 40 0 72 43 34 55 31 62 14 23 12
11 41 8 57 77 46 27 77 63 56 70 39
12 13 82 64 42 25 33 31 45 82 21 95
12 14 34 66 56 81 84 14 30 55 16 55
12 15 76 72 88 69 33 23 78 56 27 28
12 16 30 55 85 67 49 38 42 75 23 13
12 17 5 39 21 27 58 63 54 27 19 41
12 18 73 41 39 27 89 75 66 25 14 35
12 19 51 29 14 25 36 40 13 23 22 30
12 20 79 85 30 22 63 26 69 47 38 57
12 21 67 44 84 62 15 33 25 61 56 87
12 22 44 76 44 20 31 32 81 21 25 11
12 23 2 6 31 79 17 13 60 35 31 24
12 24 53 72 49 81 54 28 66 86 28 86
12 25 97 21 77 29 53 31 79 63 72 67
12 26 3 63 64 76 6 77 23 69 57 7
12 27 98 27 24 98 89 77 72 80 36 27
12 28 6 31 38 3 10 2 27 25 33 41
12 29 16 54 26 19 63 58 33 21 74 36
12 30 57 72 27 17 15 23 43 44 73 36
12 31 47 71 26 26 48 63 12 21 87 62
12 32 94 73 74 27 45 44 26 70 49 68
12 33 34 22 36 44 46 24 8 19 65 61
12 34 4 12 53 43 49 14 15 43 41 56
12 35 99 76 98 35 21 23 55 58 27 83
12 36 40 82 58 15 81 85 15 22 69 8
12 37 20 47 32 68 15 7 77 51 4 71
12 38 32 25 15 12 74 29 70 15 18 59
12 39 4 71 41 68 21 5 80 68 48 36
12 40 60 31 69 69 19 60 44 88 15 85
12 41 12 21 37 59 73 9 51 58 82 71
13 14 21 10 25 31 52 79 59 22 5 77
13 15 77 73 85 61 93 28 69 76 74 51
13 16 87 43 25 34 62 41 69 73 17 55
13 17 14 51 14 10 56 73 35 75 55 62
13 18 66 51 78 40 63 48 70 73 18 50
13 19 7 56 5 56 59 52 56 2 18 71
13 20 62 50 17 88 22 33 18 59 84 55
13 21 50 81 54 79 25 33 87 33 15 26
13 22 24 30 26 69 80 58 81 13 68 28
13 23 68 82 17 50 67 63 46 42 39 33
13 24 98 23 74 27 39 56 63 34 38 69
13 25 86 64 35 17 66 70 70 82 60 38
13 26 23 9 9 6 51 76 30 20 84 62
13 27 83 24 20 92 24 95 48 63 88 38
13 28 29 7 74 67 75 56 60 45 59 28
13 29 86 73 47 27 51 35 90 35 34 75
13 30 89 97 90 33 22 18 25 29 50 73
13 31 59 88 48 91 78 71 33 56 88 42
13 32 72 47 29 27 80 81 73 92 46 78
13 33 84 63 76 73 45 54 54 84 55 39
13 34 37 35 33 40 62 87 56 41 81 86
13 35 46 37 26 86 53 10 62 15 22 27
13 36 96 96 96 46 31 24 33 98 79 55
13 37 78 53 16 53 25 72 83 46 42 95
13 38 40 40 78 40 48 45 28 40 29 35
13 39 28 44 71 41 29 36 12 22 42 57
13 40 81 95 33 41 85 69 51 53 68 93
13 41 16 56 19 72 53 20 19 22 20 10
14 15 31 19 76 58 70 21 77 80 29 82
14 16 57 79 18 57 82 65 52 40 85 90
14 17 67 76 60 48 31 56 49 47 60 69
14 18 52 55 84 89 83 43 29 65 50 13
14 19 4 23 11 22 72 55 34 29 22 42
14 20 57 16 49 74 59 45 25 74 59 42
14 21 10 7 44 45 45 73 37 2 38 24
14 22 49 48 78 45 67 33 33 28 64 11
14 23 72 34 23 32 73 60 60 92 73 91
14 24 75 64 26 73 33 22 32 55 65 80
14 25 2 28 79 3 49 19 34 25 52 9
14 26 56 27 47 16 61 23 56 43 80 41
14 27 64 27 53 22 49 36 27 35 49 17
14 28 16 3 73 18 26 21 43 55 26 5
14 29 80 56 56 64 29 58 37 77 82 94
14 30 59 64 82 74 71 45 83 33 39 43
14 31 75 75 40 26 43 32 93 33 70 81
14 32 46 23 81 85 31 33 88 42 27 30
14 33 43 15 23 23 84 49 68 40 55 49
14 34 44 39 78 48 9 49 88 60 47 24
14 35 21 19 66 19 35 28 54 63 35 48
14 36 13 69 47 65 17 22 75 7 44 70
14 37 79 36 73 83 23 79 53 79 41 25
14 38 76 70 59 85 44 94 31 36 80 74
14 39 53 34 12 64 24 80 69 18 80 30
14 40 72 43 64 19 28 91 55 33 90 34
14 41 42 57 46 16 66 82 59 57 32 83
15 16 10 57 7 81 64 27 54 53 43 30
15 17 87 23 72 22 52 84 71 72 45 42
15 18 69 64 69 52 51 27 15 62 72 31
15 19 4 73 22 47 18 64 47 32 52 51
15 20 97 46 67 30 98 89 50 72 32 64
15 21 48 73 9 10 11 10 59 71 48 25
15 22 43 80 34 64 88 41 70 76 39 25
15 23 45 14 73 59 88 9 78 64 55 62
15 24 85 41 78 45 79 84 96 57 85 84
15 25 86 17 28 30 30 35 85 42 76 56
15 26 73 32 55 34 92 60 51 79 16 29
15 27 6 22 1 63 4 68 10 21 17 12
15 28 62 14 29 51 91 30 53 54 73 59
15 29 89 66 54 51 49 34 72 92 62 52
15 30 31 50 64 62 77 16 79 39 86 69
15 31 57 64 40 22 85 49 57 47 66 34
15 32 88 43 96 79 81 46 53 78 21 97
15 33 5 7 43 41 41 57 51 71 57 23
15 34 52 11 80 67 65 30 66 58 76 71
15 35 80 91 80 29 58 43 32 38 31 89
15 36 89 64 68 19 54 84 41 77 75 70
15 37 82 41 63 55 71 62 34 72 69 92
15 38 80 75 30 43 77 86 79 46 80 25
15 39 22 28 76 62 9 37 67 34 9 31
15 40 99 56 81 51 75 20 58 37 74 25
15 41 56 26 46 89 41 29 18 24 19 19
16 17 57 75 87 56 54 14 48 73 68 82
16 18 80 31 32 32 57 31 95 73 46 82
16 19 67 60 51 17 55 38 48 36 14 56
16 20 23 64 16 37 44 36 40 10 60 68
16 21 0 3 1 70 61 51 79 35 5 39
16 22 0 22 50 17 30 31 78 70 53 44
16 23 75 21 15 62 29 82 52 51 32 87
16 24 68 22 24 64 50 66 38 54 26 76
16 25 78 81 49 25 94 91 55 33 36 62
16 26 98 28 81 99 37 76 41 28 62 87
16 27 33 45 55 7 9 44 28 11 7 76
16 28 55 68 80 86 84 89 38 72 26 72
16 29 39 47 24 12 57 26 31 64 13 36
16 30 36 58 73 17 52 17 17 73 13 43
16 31 31 85 60 85 77 49 54 60 80 34
16 32 3 14 12 42 64 20 32 13 31 39
16 33 98 24 22 49 34 68 54 36 20 98
16 34 36 81 58 77 52 47 85 46 79 57
16 35 7 27 14 64 24 32 78 30 38 62
16 36 2 60 16 4 59 70 9 43 33 15
16 37 43 41 32 66 84 9 70 11 46 29
16 38 68 60 30 90 92 44 75 22 78 79
16 39 26 52 52 17 57 26 62 83 9 77
16 40 55 87 69 11 77 46 16 70 53 17
16 41 16 66 30 82 7 49 60 66 62 35
17 18 72 86 94 25 22 82 17 45 77 76
17 19 84 39 89 57 54 75 47 58 62 25
17 20 62 30 56 29 49 75 12 54 73 52
17 21 94 79 67 80 26 97 71 64 80 49
17 22 87 72 43 51 72 70 82 92 78 35
17 23 77 65 95 48 46 86 78 88 88 48
17 24 23 11 82 10 63 27 50 55 11 43
17 25 98 29 80 49 45 37 73 44 62 29
17 26 89 53 44 64 52 39 18 94 59 57
17 27 37 43 53 49 61 32 46 56 48 27
17 28 65 32 84 27 63 15 50 37 82 54
17 29 26 52 55 32 66 7 44 67 32 76
17 30 1 58 17 18 60 71 19 68 31 20
17 31 69 20 73 61 14 56 32 62 15 52
17 32 92 70 88 31 19 43 35 71 46 74
17 33 32 9 83 15 8 12 73 35 78 44
17 34 26 82 23 63 15 43 42 42 40 35
17 35 23 5 26 50 46 11 36 46 63 33
17 36 33 45 64 68 68 47 10 78 84 41
17 37 69 51 29 35 49 61 64 70 16 61
17 38 42 82 14 86 78 52 25 86 57 71
17 39 85 36 29 78 73 81 92 75 78 46
17 40 17 36 9 79 78 83 82 82 83 21
17 41 9 42 73 56 31 21 45 69 55 31
18 19 13 27 73 25 28 21 22 4 21 66
18 20 79 75 29 86 93 88 65 78 92 24
18 21 67 61 46 16 16 93 43 54 84 41
18 22 12 58 72 45 42 51 68 41 15 74
18 23 80 46 64 92 57 23 23 26 59 88
18 24 39 16 55 43 59 9 24 61 15 35
18 25 3 80 32 32 18 54 13 47 78 24
18 26 16 35 3 72 50 36 66 62 32 17
18 27 23 7 35 31 80 4 26 24 80 32
18 28 23 79 82 25 80 15 84 62 11 81
18 29 23 36 55 39 55 46 55 27 26 51
18 30 88 94 70 66 38 91 45 33 54 84
18 31 84 28 51 40 83 38 26 27 33 80
18 32 35 73 26 7 67 64 83 11 43 38
18 33 65 49 39 38 61 80 40 71 40 33
18 34 43 71 44 15 36 83 25 73 18 45
18 35 81 57 74 68 89 41 58 20 39 85
18 36 42 74 39 20 86 59 58 46 32 51
18 37 34 19 68 46 71 80 81 46 76 81
18 38 58 63 43 84 64 27 29 49 65 40
18 39 78 84 85 49 26 16 75 91 70 62
18 40 60 67 45 51 44 12 58 44 56 88
18 41 85 89 52 56 83 38 96 49 72 48
19 20 60 28 20 90 72 82 89 42 37 82
19 21 36 41 46 50 35 61 44 42 27 71
19 22 47 22 82 68 34 25 41 38 16 53
19 23 4 64 32 44 28 33 43 65 56 71
19 24 44 24 78 15 14 33 77 70 60 40
19 25 60 83 34 67 47 63 43 31 28 47
19 26 59 83 57 53 27 17 88 75 19 55
19 27 86 92 39 58 72 68 49 46 81 48
19 28 27 66 53 66 52 36 53 51 35 60
19 29 21 83 39 82 59 38 10 48 73 23
19 30 50 84 89 71 33 64 89 18 53 68
19 31 47 50 11 55 83 24 64 58 62 75
19 32 45 31 28 80 85 60 34 63 23 43
19 33 70 54 71 81 32 15 72 29 61 50
19 34 50 11 39 31 37 15 18 31 64 17
19 35 2 74 63 67 64 48 55 14 56 66
19 36 3 70 69 8 67 37 32 54 38 75
19 37 23 15 83 67 55 21 44 18 68 73
19 38 79 19 41 42 43 40 31 20 81 80
19 39 24 20 38 17 24 44 48 50 35 33
19 40 95 32 30 59 72 82 94 81 59 75
19 41 83 28 19 85 26 43 92 84 33 67
20 21 19 7 55 18 23 42 64 19 70 46
20 22 72 14 47 17 60 19 26 66 73 48
20 23 32 14 67 49 20 68 64 74 11 62
20 24 77 92 60 88 50 34 80 57 81 57
20 25 77 24 25 54 27 57 28 57 18 61
20 26 35 28 48 46 43 28 64 10 36 77
20 27 71 28 16 31 79 80 88 44 35 83
20 28 55 35 74 29 73 26 71 89 67 17
20 29 40 61 76 28 83 61 68 48 62 50
20 30 85 91 29 94 82 19 27 89 80 45
20 31 55 61 30 24 39 37 16 42 35 62
20 32 4 66 69 75 33 61 80 11 5 62
20 33 41 25 42 67 80 85 12 77 13 18
20 34 39 40 78 36 44 87 71 54 11 15
20 35 25 17 65 31 25 58 20 28 29 13
20 36 89 96 46 83 21 54 89 41 97 45
20 37 22 65 72 51 18 15 26 27 16 5
20 38 17 63 67 13 33 42 82 47 52 15
20 39 34 57 32 27 48 17 62 26 56 62
20 40 25 39 20 76 19 6 58 21 35 8
20 41 99 64 44 73 65 87 26 32 45 95
21 22 8 6 71 79 15 68 48 13 25 31
21 23 31 79 81 16 15 32 38 24 67 53
21 24 87 71 56 80 41 20 45 38 63 59
21 25 72 48 77 87 78 91 63 49 39 41
21 26 9 29 69 53 6 53 48 45 10 38
21 27 92 75 90 50 41 35 31 60 70 97
21 28 46 66 68 10 15 49 21 34 83 20
21 29 80 44 64 95 29 93 86 52 17 36
21 30 55 41 32 76 33 85 39 69 30 77
21 31 78 17 26 63 46 36 84 17 35 92
21 32 34 63 26 26 62 30 14 6 38 75
21 33 99 24 34 39 96 41 74 49 72 56
21 34 27 40 29 51 64 41 31 49 71 31
21 35 22 29 63 63 56 71 42 23 61 79
21 36 80 64 48 91 40 95 86 51 59 18
21 37 81 84 78 77 36 33 86 79 28 34
21 38 98 56 71 83 70 49 39 96 21 81
21 39 2 20 18 44 76 51 8 61 44 55
21 40 50 53 83 55 74 32 45 77 56 18
21 41 28 70 57 60 37 52 5 18 19 81
22 23 39 9 45 65 78 76 12 55 12 80
22 24 70 41 38 26 56 67 24 17 41 54
22 25 6 65 29 27 4 45 78 43 53 20
22 26 38 13 61 86 40 38 61 80 36 66
22 27 77 27 16 87 36 71 75 21 48 62
22 28 43 66 82 74 84 87 77 45 42 32
22 29 18 23 35 28 35 23 83 76 44 56
22 30 66 42 88 20 77 80 46 33 50 58
22 31 12 69 45 10 28 62 61 79 7 5
22 32 81 92 77 71 88 36 33 31 46 16
22 33 14 10 54 16 27 36 56 35 34 34
22 34 21 17 5 8 26 9 32 34 12 67
22 35 2 36 33 5 51 65 29 34 66 75
22 36 24 44 34 69 35 5 62 8 42 65
22 37 42 25 43 19 14 74 23 19 19 63
22 38 20 75 42 41 8 32 22 5 45 30
22 39 31 17 31 28 42 50 31 36 62 71
22 40 35 17 16 23 11 26 84 9 68 32
22 41 61 73 85 55 34 29 85 85 24 50
23 24 41 21 57 44 27 66 38 63 22 49
23 25 73 75 86 44 21 25 69 32 15 70
23 26 13 43 65 58 34 33 11 11 13 57
23 27 36 34 14 80 87 67 9 31 77 10
23 28 70 14 58 89 19 54 93 76 83 17
23 29 10 70 16 9 49 15 31 46 67 45
23 30 52 78 89 31 20 81 62 34 24 79
23 31 68 41 39 18 84 67 55 31 56 51
23 32 59 62 78 68 71 47 21 73 22 51
23 33 21 65 73 69 51 64 32 25 37 47
23 34 23 39 75 73 45 28 71 22 44 79
23 35 28 68 24 33 23 43 16 76 60 13
23 36 66 64 25 38 60 68 79 28 43 84
23 37 24 34 71 9 42 48 8 50 63 59
23 38 70 24 66 86 88 71 42 90 60 36
23 39 58 79 18 69 27 50 76 24 27 30
23 40 53 28 27 68 34 35 44 28 45 39
23 41 8 49 71 24 20 21 19 66 40 3
24 25 50 28 80 42 28 69 33 51 10 88
24 26 41 9 31 63 47 27 84 27 42 87
24 27 45 60 72 57 39 31 73 43 58 85
24 28 29 34 73 54 6 62 14 35 16 8
24 29 33 41 32 23 35 39 41 65 68 51
24 30 74 35 79 42 54 22 70 52 40 25
24 31 87 79 68 20 33 40 66 65 29 84
24 32 57 22 68 35 41 62 76 30 76 75
24 33 37 50 25 12 21 56 53 50 53 9
24 34 61 80 68 41 53 47 64 81 33 91
24 35 23 22 43 37 34 34 7 80 42 39
24 36 98 61 22 57 42 86 29 98 73 75
24 37 43 19 54 62 28 36 33 21 69 71
24 38 15 46 7 36 40 20 81 35 69 82
24 39 72 39 53 29 65 25 42 91 50 43
24 40 96 28 71 57 73 74 77 88 90 63
24 41 47 59 24 32 22 61 68 21 67 47
25 26 97 28 54 54 87 73 44 57 89 99
25 27 29 25 37 15 45 59 38 11 56 72
25 28 12 19 65 66 21 32 16 43 72 2
25 29 65 44 57 59 90 54 31 60 37 78
25 30 2 80 34 7 4 48 49 44 55 55
25 31 32 15 44 53 32 60 69 84 41 19
25 32 31 36 61 77 18 85 27 12 27 6
25 33 69 32 73 53 92 52 35 89 90 83
25 34 40 13 44 15 41 53 87 20 53 47
25 35 58 57 68 57 29 25 70 44 83 78
25 36 74 93 88 33 92 40 66 50 77 57
25 37 88 52 81 48 76 69 26 61 90 49
25 38 35 83 84 13 50 16 34 58 21 43
25 39 41 52 28 21 26 73 82 22 25 31
25 40 62 18 50 34 92 44 73 45 51 89
25 41 61 35 38 86 18 19 54 48 83 88
26 27 8 41 28 9 72 64 23 37 20 64
26 28 53 90 68 53 30 83 13 67 66 51
26 29 91 92 41 31 58 92 87 81 78 64
26 30 7 41 63 79 46 79 30 2 38 24
26 31 58 77 86 72 70 54 47 25 21 13
26 32 73 42 87 40 68 58 54 71 64 93
26 33 69 93 91 15 50 48 35 40 27 34
26 34 46 85 50 11 64 39 13 34 30 24
26 35 3 54 63 41 78 74 35 54 36 15
26 36 54 83 51 63 37 84 83 38 89 90
26 37 87 83 76 89 38 54 38 93 86 34
26 38 10 28 77 29 47 30 48 73 9 14
26 39 61 28 56 67 38 76 61 62 35 32
26 40 60 21 77 61 20 91 78 49 47 23
26 41 14 76 58 54 53 41 55 22 35 61
27 28 60 32 79 75 71 15 86 49 20 88
27 29 42 72 54 48 42 51 16 44 9 87
27 30 74 27 17 52 61 59 44 81 28 26
27 31 30 82 31 73 49 17 30 75 61 41
27 32 36 85 67 47 9 16 86 24 11 48
27 33 34 74 30 67 52 30 57 39 33 16
27 34 51 33 90 17 19 84 52 31 25 25
27 35 76 35 91 56 35 75 91 27 88 95
27 36 40 75 22 66 13 73 81 9 56 50
27 37 29 63 64 70 25 36 80 54 74 23
27 38 79 30 66 85 36 17 46 94 30 30
27 39 79 51 68 51 59 36 31 68 33 86
27 40 80 27 23 18 17 52 71 27 47 76
27 41 74 67 37 34 16 76 90 72 30 78
28 29 39 40 9 33 9 62 34 16 24 44
28 30 34 53 31 19 74 37 19 65 25 68
28 31 20 48 60 15 44 8 70 54 81 35
28 32 77 35 43 78 41 24 67 94 48 32
28 33 36 83 69 15 43 42 68 14 30 51
28 34 19 35 52 15 28 18 33 9 69 55
28 35 44 47 15 21 45 22 36 64 57 8
28 36 40 12 57 43 22 69 40 87 12 30
28 37 54 28 18 43 45 54 18 50 27 13
28 38 69 81 25 64 28 63 25 28 27 50
28 39 86 76 26 69 52 20 81 87 74 60
28 40 12 32 56 33 76 60 72 59 8 41
28 41 63 89 16 41 66 41 19 80 89 68
29 30 88 68 74 40 86 80 94 31 69 27
29 31 93 77 19 90 77 71 35 64 49 43
29 32 7 15 65 40 44 59 51 30 1 52
29 33 67 92 17 21 33 46 49 74 27 83
29 34 92 55 18 42 26 24 60 60 26 92
29 35 84 21 18 59 28 33 82 34 86 40
29 36 3 8 9 9 76 23 23 64 20 61
29 37 97 49 90 72 96 51 55 65 32 28
29 38 48 34 25 32 60 81 86 52 14 82
29 39 20 8 34 31 44 59 62 37 9 11
29 40 9 72 38 81 35 37 39 76 52 73
29 41 64 84 26 64 78 85 62 61 46 58
30 31 29 46 6 62 68 17 33 51 37 21
30 32 3 71 21 77 34 17 55 28 64 48
30 33 43 82 60 77 29 14 10 82 63 78
30 34 6 74 53 51 2 80 30 81 50 36
30 35 67 55 25 36 87 38 87 69 26 83
30 36 26 22 17 38 35 11 48 27 39 44
30 37 67 85 17 37 60 88 67 34 48 23
30 38 82 62 18 51 90 21 18 83 59 40
30 39 35 65 63 73 31 39 72 34 17 64
30 40 14 70 33 51 17 52 17 62 36 21
30 41 3 54 74 40 50 12 4 55 53 46
31 32 24 28 71 54 7 26 62 12 83 17
31 33 12 60 70 6 30 39 61 8 26 50
31 34 55 75 38 45 22 86 41 85 75 12
31 35 67 46 91 34 28 81 36 35 19 76
31 36 98 87 34 91 98 30 62 64 67 46
31 37 98 51 69 50 56 51 56 73 57 88
31 38 56 46 43 29 49 47 79 28 20 76
31 39 46 78 10 52 19 73 20 73 46 27
31 40 39 59 56 47 31 48 37 78 35 47
31 41 65 46 21 47 88 45 76 24 63 48
32 33 5 5 47 57 43 21 25 32 17 9
32 34 97 20 74 67 86 92 38 86 55 59
32 35 3 11 77 27 9 47 5 61 20 50
32 36 61 23 30 67 85 51 31 29 21 67
32 37 89 69 57 49 67 31 71 49 96 64
32 38 16 69 39 45 53 57 14 80 9 43
32 39 39 77 81 29 82 66 70 76 15 15
32 40 47 75 18 75 57 16 14 87 9 34
32 41 2 9 78 49 44 17 19 17 60 79
33 34 21 25 58 51 54 57 36 60 52 80
33 35 87 95 89 64 24 44 93 68 24 53
33 36 11 31 61 14 48 17 10 41 53 25
33 37 63 57 48 36 89 13 38 64 65 31
33 38 20 61 81 31 24 26 53 45 9 19
33 39 25 10 83 48 45 44 69 6 78 76
33 40 78 40 79 95 22 82 60 43 32 73
33 41 85 91 58 87 20 66 71 60 36 81
34 35 15 24 82 25 80 74 8 33 29 23
34 36 36 49 34 67 48 41 39 51 74 64
34 37 97 77 58 57 61 21 90 82 23 25
34 38 31 81 73 40 49 65 13 8 51 71
34 39 37 46 13 12 41 29 44 11 40 20
34 40 94 79 36 37 94 27 58 80 21 50
34 41 36 7 27 58 71 32 62 78 9 60
35 36 45 88 29 36 35 34 74 70 62 77
35 37 73 60 35 34 40 69 17 28 21 35
35 38 87 28 78 54 26 30 51 83 70 87
35 39 58 42 43 63 63 72 91 71 50 64
35 40 9 12 36 66 35 3 20 36 70 72
35 41 58 87 64 27 46 78 22 59 33 55
36 37 21 45 50 16 46 67 5 72 63 17
36 38 30 33 52 34 24 28 84 72 79 78
36 39 14 51 46 8 31 27 68 32 52 5
36 40 59 78 70 79 82 67 24 84 21 62
36 41 55 75 60 49 86 18 86 70 45 74
37 38 27 50 64 32 36 56 71 41 77 20
37 39 30 9 48 14 18 73 53 29 47 53
37 40 30 35 9 40 26 31 54 46 73 40
37 41 25 43 15 25 41 30 78 66 15 66
38 39 75 36 55 85 53 22 26 46 55 61
38 40 16 70 11 57 6 73 9 80 70 72
38 41 70 46 86 22 32 36 15 68 84 19
39 40 8 79 52 61 10 9 76 14 51 49
39 41 25 84 13 71 64 42 24 57 51 78
40 41 36 47 31 22 36 73 52 29 70 67
