12 3
0.8 0 0.2
0 1 47 73 56
0 2 78 52 34
0 3 24 67 38
0 4 68 45 28
0 5 66 65 62
0 6 7 94 75
0 7 46 57 73
0 8 44 40 73
0 9 49 26 62
0 10 92 24 4
0 11 66 63 51
1 2 70 25 40
1 3 76 15 25
1 4 73 24 24
1 5 37 33 46
1 6 38 36 65
1 7 68 44 19
1 8 54 60 70
1 9 54 23 25
1 10 42 62 61
1 11 87 30 14
2 3 38 31 37
2 4 32 82 68
2 5 77 19 32
2 6 56 47 52
2 7 89 38 53
2 8 66 34 19
2 9 99 26 20
2 10 78 35 16
2 11 41 74 74
3 4 94 43 22
3 5 85 37 30
3 6 14 72 81
3 7 6 86 62
3 8 80 50 18
3 9 40 51 62
3 10 93 3 30
3 11 18 41 50
4 5 6 59 96
4 6 2 84 84
4 7 80 26 28
4 8 98 38 24
4 9 81 39 50
4 10 31 60 67
4 11 68 19 56
5 6 83 9 54
5 7 38 62 43
5 8 53 39 26
5 9 41 31 70
5 10 54 32 53
5 11 93 42 39
6 7 21 47 86
6 8 49 73 56
6 9 44 28 61
6 10 83 38 12
6 11 83 52 10
7 8 1 69 70
7 9 65 62 66
7 10 68 28 26
7 11 76 14 14
8 9 22 66 55
8 10 95 12 10
8 11 51 51 58
9 10 23 58 46
9 11 14 79 58
10 11 5 82 68
