20 3
0.2 0 0.8
0 1 50 44 43
0 2 92 20 7
0 3 43 56 57
0 4 33 65 66
0 5 18 78 77
0 6 14 76 82
0 7 41 53 58
0 8 32 66 60
0 9 5 82 90
0 10 0 90 91
0 11 71 34 29
0 12 61 42 42
0 13 68 35 39
0 14 21 68 78
0 15 42 58 61
0 16 60 39 43
0 17 31 71 61
0 18 9 89 80
0 19 99 9 5
1 2 81 17 17
1 3 50 51 50
1 4 96 12 7
1 5 64 45 36
1 6 54 50 46
1 7 19 74 78
1 8 55 49 50
1 9 44 49 59
1 10 80 23 17
1 11 39 61 57
1 12 53 41 45
1 13 72 28 25
1 14 59 48 35
1 15 46 46 49
1 16 47 52 51
1 17 0 86 89
1 18 90 17 15
1 19 33 61 66
2 3 6 92 90
2 4 65 35 33
2 5 56 47 47
2 6 44 57 54
2 7 74 35 34
2 8 88 16 23
2 9 29 65 65
2 10 59 38 43
2 11 97 8 9
2 12 58 48 42
2 13 74 30 23
2 14 85 20 25
2 15 96 11 8
2 16 31 58 62
2 17 13 75 79
2 18 71 32 25
2 19 9 80 78
3 4 32 66 57
3 5 7 87 83
3 6 42 55 53
3 7 52 49 42
3 8 36 66 58
3 9 44 59 49
3 10 35 68 57
3 11 82 22 29
3 12 46 55 58
3 13 78 23 23
3 14 11 84 77
3 15 66 38 37
3 16 95 6 12
3 17 29 60 71
3 18 85 19 23
3 19 84 17 20
4 5 82 24 22
4 6 2 88 97
4 7 38 55 51
4 8 78 30 21
4 9 22 70 80
4 10 80 31 26
4 11 92 18 12
4 12 61 47 36
4 13 97 4 8
4 14 70 35 32
4 15 0 87 98
4 16 45 59 49
4 17 15 83 74
4 18 85 25 18
4 19 31 63 68
5 6 50 44 49
5 7 71 35 33
5 8 34 67 61
5 9 5 84 86
5 10 1 95 94
5 11 66 37 34
5 12 58 36 39
5 13 89 13 18
5 14 68 34 33
5 15 25 73 77
5 16 54 41 50
5 17 92 18 19
5 18 82 23 21
5 19 70 39 32
6 7 29 73 59
6 8 88 19 14
6 9 25 71 64
6 10 68 39 41
6 11 33 59 57
6 12 60 37 37
6 13 52 47 45
6 14 12 75 78
6 15 33 67 67
6 16 30 65 70
6 17 2 85 84
6 18 58 41 36
6 19 54 51 53
7 8 2 88 89
7 9 77 20 32
7 10 28 75 65
7 11 39 54 59
7 12 47 54 46
7 13 15 77 73
7 14 29 62 74
7 15 85 18 16
7 16 92 6 16
7 17 33 70 61
7 18 96 17 11
7 19 73 31 27
8 9 13 82 74
8 10 8 86 82
8 11 62 41 39
8 12 76 28 33
8 13 54 43 39
8 14 41 54 60
8 15 64 32 32
8 16 58 40 40
8 17 61 37 47
8 18 42 50 59
8 19 73 37 35
9 10 89 16 17
9 11 38 66 65
9 12 58 37 39
9 13 90 9 12
9 14 75 29 25
9 15 51 53 45
9 16 35 55 57
9 17 5 91 94
9 18 23 76 69
9 19 0 84 90
10 11 32 58 63
10 12 28 72 71
10 13 94 5 16
10 14 49 46 57
10 15 28 72 67
10 16 1 98 86
10 17 14 82 74
10 18 42 61 55
10 19 16 75 84
11 12 6 82 90
11 13 57 49 38
11 14 92 17 13
11 15 14 77 80
11 16 3 86 95
11 17 61 35 47
11 18 39 62 63
11 19 98 6 14
12 13 94 19 8
12 14 97 4 16
12 15 76 21 26
12 16 51 41 42
12 17 84 13 15
12 18 54 44 45
12 19 97 14 7
13 14 32 58 65
13 15 72 34 38
13 16 53 41 48
13 17 58 48 47
13 18 34 56 70
13 19 95 17 8
14 15 4 91 89
14 16 41 63 57
14 17 72 31 24
14 18 17 79 82
14 19 82 27 28
15 16 67 32 32
15 17 79 22 22
15 18 37 67 58
15 19 91 20 17
16 17 68 37 26
16 18 96 8 13
16 19 6 85 92
17 18 49 48 48
17 19 66 41 32
18 19 14 78 77
