25 3
0.3 0 0.7
0 1 80 17 28
0 2 57 50 45
0 3 56 37 46
0 4 86 25 12
0 5 57 48 40
0 6 92 20 9
0 7 83 19 24
0 8 80 21 19
0 9 71 32 36
0 10 25 64 66
0 11 68 38 39
0 12 91 9 16
0 13 34 56 66
0 14 32 60 64
0 15 18 79 76
0 16 2 86 85
0 17 8 88 78
0 18 4 90 91
0 19 35 55 57
0 20 30 67 64
0 21 25 65 73
0 22 79 31 21
0 23 51 49 49
0 24 92 9 19
1 2 83 14 16
1 3 65 34 36
1 4 63 39 33
1 5 47 49 48
1 6 90 8 10
1 7 3 83 96
1 8 53 44 48
1 9 8 87 92
1 10 31 58 69
1 11 67 30 36
1 12 8 84 78
1 13 82 16 27
1 14 73 30 34
1 15 29 72 72
1 16 59 37 44
1 17 4 86 86
1 18 48 49 56
1 19 17 71 85
1 20 59 41 48
1 21 63 38 33
1 22 60 37 44
1 23 79 19 17
1 24 1 86 90
2 3 36 58 64
2 4 41 57 53
2 5 91 11 18
2 6 8 82 90
2 7 83 22 18
2 8 96 3 4
2 9 3 91 88
2 10 70 32 35
2 11 56 40 39
2 12 96 9 4
2 13 92 13 8
2 14 48 53 55
2 15 12 78 88
2 16 58 48 49
2 17 25 75 68
2 18 28 71 68
2 19 18 78 79
2 20 95 14 13
2 21 81 28 17
2 22 58 35 45
2 23 85 15 23
2 24 88 15 18
3 4 31 60 59
3 5 95 15 16
3 6 70 31 34
3 7 88 17 19
3 8 55 45 46
3 9 59 49 39
3 10 22 66 78
3 11 70 30 32
3 12 94 10 9
3 13 43 57 61
3 14 59 45 44
3 15 58 45 43
3 16 74 26 33
3 17 96 13 5
3 18 45 57 54
3 19 84 19 24
3 20 85 14 17
3 21 96 15 13
3 22 73 28 35
3 23 82 21 21
3 24 74 31 31
4 5 45 51 55
4 6 85 13 15
4 7 21 78 80
4 8 95 18 7
4 9 60 45 42
4 10 66 42 29
4 11 15 86 86
4 12 16 75 72
4 13 8 82 85
4 14 12 77 76
4 15 19 80 73
4 16 90 9 12
4 17 56 39 41
4 18 69 38 38
4 19 51 56 43
4 20 2 87 97
4 21 10 79 78
4 22 84 28 17
4 23 30 70 71
4 24 86 16 25
5 6 5 87 80
5 7 80 17 18
5 8 77 22 26
5 9 14 74 86
5 10 33 71 60
5 11 64 39 36
5 12 1 93 91
5 13 18 76 77
5 14 79 27 24
5 15 40 59 53
5 16 99 8 10
5 17 48 51 55
5 18 26 75 75
5 19 71 35 37
5 20 55 41 38
5 21 63 35 34
5 22 5 87 81
5 23 41 59 54
5 24 98 2 7
6 7 66 36 37
6 8 76 22 23
6 9 73 36 36
6 10 36 66 59
6 11 46 45 54
6 12 15 79 75
6 13 28 62 75
6 14 99 13 5
6 15 33 66 58
6 16 10 90 76
6 17 26 63 70
6 18 11 75 86
6 19 41 58 62
6 20 14 85 80
6 21 11 86 86
6 22 21 81 71
6 23 96 14 15
6 24 63 45 38
7 8 33 67 62
7 9 12 85 78
7 10 50 44 52
7 11 12 74 78
7 12 20 81 68
7 13 40 52 50
7 14 74 21 30
7 15 20 81 73
7 16 34 61 64
7 17 56 41 42
7 18 86 16 15
7 19 20 69 72
7 20 75 28 21
7 21 22 72 78
7 22 32 70 61
7 23 5 92 91
7 24 96 12 10
8 9 63 37 41
8 10 56 42 50
8 11 0 98 85
8 12 46 55 45
8 13 77 27 20
8 14 55 43 39
8 15 33 65 70
8 16 70 33 38
8 17 96 6 10
8 18 45 50 58
8 19 47 45 44
8 20 78 28 31
8 21 7 88 79
8 22 8 92 91
8 23 63 43 31
8 24 72 32 27
9 10 74 22 27
9 11 89 14 13
9 12 8 78 80
9 13 74 24 24
9 14 50 44 53
9 15 53 45 48
9 16 55 38 44
9 17 7 90 91
9 18 6 94 81
9 19 58 44 45
9 20 69 38 26
9 21 21 67 78
9 22 7 86 89
9 23 15 73 82
9 24 43 61 61
10 11 51 45 49
10 12 77 19 32
10 13 89 12 16
10 14 11 82 88
10 15 42 50 56
10 16 19 70 75
10 17 52 47 46
10 18 20 79 74
10 19 20 68 81
10 20 92 19 13
10 21 53 49 42
10 22 35 63 66
10 23 27 68 64
10 24 17 80 82
11 12 49 45 55
11 13 48 47 52
11 14 54 50 47
11 15 12 87 79
11 16 23 71 79
11 17 72 27 29
11 18 3 89 96
11 19 67 34 32
11 20 37 61 56
11 21 24 78 68
11 22 24 71 67
11 23 96 17 11
11 24 99 3 7
12 13 58 44 36
12 14 64 33 38
12 15 23 73 65
12 16 50 48 44
12 17 56 38 37
12 18 89 14 19
12 19 36 62 54
12 20 99 8 8
12 21 12 82 75
12 22 98 10 10
12 23 92 19 14
12 24 63 42 39
13 14 96 13 3
13 15 25 72 65
13 16 20 71 79
13 17 43 52 52
13 18 64 37 40
13 19 11 75 75
13 20 5 89 92
13 21 13 75 87
13 22 43 58 50
13 23 6 79 86
13 24 32 69 61
14 15 98 5 9
14 16 47 57 49
14 17 40 50 56
14 18 91 9 10
14 19 44 47 48
14 20 98 15 7
14 21 39 62 62
14 22 66 39 36
14 23 76 34 20
14 24 12 85 89
15 16 7 88 90
15 17 17 74 82
15 18 56 42 47
15 19 83 27 23
15 20 92 21 19
15 21 90 18 21
15 22 36 62 57
15 23 77 30 33
15 24 18 73 83
16 17 85 24 24
16 18 87 13 21
16 19 40 61 56
16 20 29 73 61
16 21 26 64 73
16 22 73 28 26
16 23 9 90 89
16 24 38 57 56
17 18 76 29 29
17 19 46 56 46
17 20 31 65 67
17 21 41 58 57
17 22 66 36 39
17 23 76 26 33
17 24 67 37 34
18 19 54 50 41
18 20 48 51 54
18 21 28 69 71
18 22 20 76 79
18 23 68 31 33
18 24 29 60 70
19 20 98 15 9
19 21 44 57 59
19 22 76 23 25
19 23 3 93 93
19 24 5 91 82
20 21 54 44 43
20 22 71 35 31
20 23 63 38 41
20 24 65 39 31
21 22 55 52 41
21 23 35 65 66
21 24 9 81 78
22 23 71 29 26
22 24 29 62 74
23 24 16 73 77
