27 3
0.3 0 0.7
0 1 95 6 12
0 2 90 16 13
0 3 11 85 87
0 4 12 82 84
0 5 50 52 47
0 6 78 21 28
0 7 2 85 93
0 8 75 33 26
0 9 99 2 6
0 10 33 56 63
0 11 29 64 60
0 12 70 38 25
0 13 27 66 69
0 14 84 16 25
0 15 84 15 14
0 16 78 23 27
0 17 36 60 55
0 18 98 10 3
0 19 8 85 78
0 20 9 89 79
0 21 12 83 81
0 22 5 80 89
0 23 17 79 73
0 24 0 99 92
0 25 73 30 35
0 26 2 83 95
1 2 70 31 29
1 3 26 62 72
1 4 17 77 82
1 5 51 55 53
1 6 87 25 18
1 7 56 37 40
1 8 54 48 44
1 9 71 32 29
1 10 48 46 49
1 11 26 63 73
1 12 39 53 52
1 13 76 20 30
1 14 49 46 57
1 15 70 25 33
1 16 16 85 71
1 17 22 79 71
1 18 39 60 64
1 19 14 76 84
1 20 83 27 24
1 21 77 20 33
1 22 0 90 97
1 23 11 88 81
1 24 95 7 7
1 25 17 75 80
1 26 96 17 3
2 3 28 75 66
2 4 91 13 14
2 5 85 17 21
2 6 42 61 61
2 7 19 76 70
2 8 36 59 63
2 9 15 72 73
2 10 15 85 81
2 11 95 15 5
2 12 83 24 17
2 13 7 80 83
2 14 50 43 55
2 15 17 75 77
2 16 3 88 85
2 17 33 59 63
2 18 50 55 48
2 19 33 71 63
2 20 22 77 76
2 21 22 75 71
2 22 31 61 69
2 23 2 92 95
2 24 41 54 56
2 25 52 47 43
2 26 7 85 80
3 4 42 64 59
3 5 26 76 73
3 6 39 59 62
3 7 78 31 27
3 8 84 26 19
3 9 31 71 61
3 10 47 54 55
3 11 62 35 43
3 12 91 12 19
3 13 77 20 19
3 14 12 77 83
3 15 66 34 31
3 16 74 32 26
3 17 95 11 10
3 18 51 47 45
3 19 81 25 23
3 20 31 69 60
3 21 71 38 39
3 22 50 42 43
3 23 19 78 78
3 24 60 35 45
3 25 19 75 77
3 26 15 72 85
4 5 63 36 36
4 6 31 58 72
4 7 68 41 29
4 8 25 68 74
4 9 91 22 20
4 10 18 72 82
4 11 32 65 67
4 12 32 62 65
4 13 30 62 66
4 14 16 72 75
4 15 15 83 82
4 16 33 68 67
4 17 34 61 69
4 18 54 39 45
4 19 2 82 87
4 20 2 96 92
4 21 26 64 70
4 22 18 79 77
4 23 85 16 15
4 24 25 68 74
4 25 30 61 71
4 26 8 81 85
5 6 72 23 31
5 7 1 93 87
5 8 43 50 57
5 9 12 82 80
5 10 55 47 53
5 11 4 91 86
5 12 36 65 66
5 13 52 45 53
5 14 77 26 26
5 15 36 60 54
5 16 31 70 64
5 17 58 38 43
5 18 81 26 18
5 19 7 92 81
5 20 67 28 30
5 21 93 12 15
5 22 89 14 16
5 23 56 38 51
5 24 88 19 19
5 25 80 16 29
5 26 58 35 43
6 7 49 51 46
6 8 56 50 37
6 9 86 26 14
6 10 91 18 9
6 11 73 30 24
6 12 84 19 26
6 13 19 74 69
6 14 60 39 34
6 15 9 86 77
6 16 95 9 12
6 17 5 87 95
6 18 72 28 36
6 19 99 8 5
6 20 89 18 17
6 21 8 88 86
6 22 39 60 52
6 23 31 64 58
6 24 5 94 94
6 25 65 43 33
6 26 29 65 72
7 8 39 65 59
7 9 18 79 76
7 10 30 72 66
7 11 69 31 27
7 12 8 85 92
7 13 49 46 43
7 14 33 60 56
7 15 57 45 36
7 16 32 69 59
7 17 64 38 40
7 18 93 18 20
7 19 58 44 41
7 20 12 80 87
7 21 23 74 70
7 22 8 89 92
7 23 25 76 70
7 24 19 76 78
7 25 93 7 17
7 26 98 9 15
8 9 85 18 19
8 10 39 65 52
8 11 83 22 25
8 12 23 64 67
8 13 32 64 67
8 14 61 45 42
8 15 60 47 46
8 16 82 28 22
8 17 63 40 37
8 18 89 8 14
8 19 64 34 40
8 20 77 30 19
8 21 82 26 28
8 22 18 69 75
8 23 5 82 84
8 24 85 23 20
8 25 64 35 36
8 26 64 33 39
9 10 48 49 55
9 11 11 82 81
9 12 22 67 77
9 13 25 65 75
9 14 83 22 24
9 15 28 66 75
9 16 46 46 50
9 17 43 59 48
9 18 73 29 25
9 19 58 45 38
9 20 98 2 10
9 21 14 79 79
9 22 99 4 12
9 23 67 38 29
9 24 43 58 51
9 25 9 81 87
9 26 85 23 23
10 11 87 25 17
10 12 5 80 93
10 13 52 48 50
10 14 83 23 28
10 15 75 27 21
10 16 54 48 41
10 17 87 15 25
10 18 55 52 43
10 19 71 28 31
10 20 74 32 22
10 21 41 59 63
10 22 20 81 73
10 23 44 53 55
10 24 14 80 86
10 25 34 56 67
10 26 92 12 9
11 12 12 80 84
11 13 9 86 82
11 14 55 49 47
11 15 78 20 32
11 16 55 40 52
11 17 29 70 61
11 18 94 7 11
11 19 85 25 21
11 20 91 19 11
11 21 81 20 22
11 22 35 64 58
11 23 21 67 67
11 24 65 33 31
11 25 55 46 43
11 26 30 66 61
12 13 55 52 44
12 14 9 82 81
12 15 66 41 33
12 16 65 43 40
12 17 67 31 41
12 18 72 32 23
12 19 84 25 23
12 20 83 25 19
12 21 96 3 8
12 22 15 76 75
12 23 84 22 17
12 24 18 81 71
12 25 51 49 41
12 26 36 68 61
13 14 20 69 69
13 15 95 11 13
13 16 58 35 46
13 17 47 56 49
13 18 33 60 69
13 19 48 57 57
13 20 78 30 20
13 21 30 59 72
13 22 24 71 76
13 23 62 34 33
13 24 4 86 81
13 25 4 94 91
13 26 47 51 51
14 15 71 35 37
14 16 39 64 60
14 17 48 57 48
14 18 65 31 31
14 19 73 36 36
14 20 20 78 74
14 21 46 48 57
14 22 31 61 72
14 23 69 33 39
14 24 29 67 66
14 25 80 25 22
14 26 0 90 92
15 16 30 59 72
15 17 53 49 48
15 18 17 82 79
15 19 49 45 45
15 20 78 23 18
15 21 66 41 39
15 22 73 28 30
15 23 10 81 85
15 24 35 62 56
15 25 34 64 63
15 26 79 21 30
16 17 34 58 57
16 18 7 79 89
16 19 94 17 6
16 20 90 18 11
16 21 14 81 81
16 22 23 78 74
16 23 60 42 40
16 24 89 22 21
16 25 32 65 71
16 26 93 10 6
17 18 86 19 13
17 19 24 71 65
17 20 36 54 61
17 21 97 13 11
17 22 11 82 83
17 23 88 16 20
17 24 83 28 21
17 25 81 21 21
17 26 18 77 71
18 19 7 87 79
18 20 43 55 62
18 21 20 75 79
18 22 51 52 41
18 23 66 35 35
18 24 38 62 61
18 25 6 84 79
18 26 16 82 77
19 20 46 56 57
19 21 1 85 87
19 22 71 25 33
19 23 92 10 8
19 24 57 44 47
19 25 11 80 84
19 26 38 54 54
20 21 34 58 59
20 22 19 70 71
20 23 0 85 90
20 24 44 58 48
20 25 7 91 88
20 26 6 91 91
21 22 29 64 66
21 23 93 20 14
21 24 58 43 42
21 25 27 69 72
21 26 83 22 23
22 23 52 41 51
22 24 46 49 56
22 25 69 38 37
22 26 75 26 22
23 24 33 59 70
23 25 96 5 4
23 26 93 8 7
24 25 1 92 89
24 26 53 46 53
25 26 56 45 50
