35 3
0.4 0 0.6
0 1 26 63 76
0 2 59 39 34
0 3 79 21 32
0 4 84 16 27
0 5 86 16 13
0 6 39 61 62
0 7 22 80 74
0 8 79 19 25
0 9 59 47 45
0 10 67 36 36
0 11 11 88 77
0 12 44 50 61
0 13 96 13 11
0 14 56 37 49
0 15 98 4 2
0 16 10 78 79
0 17 97 5 3
0 18 29 63 60
0 19 45 46 48
0 20 98 11 13
0 21 8 81 81
0 22 35 68 61
0 23 37 64 54
0 24 33 63 62
0 25 3 82 87
0 26 64 32 32
0 27 34 59 57
0 28 1 86 93
0 29 67 32 37
0 30 25 66 67
0 31 63 43 36
0 32 90 17 17
0 33 96 13 16
0 34 9 90 86
1 2 20 70 79
1 3 79 25 26
1 4 52 43 52
1 5 89 21 11
1 6 0 96 87
1 7 33 62 64
1 8 46 50 52
1 9 97 16 8
1 10 11 82 89
1 11 58 50 48
1 12 66 41 41
1 13 39 60 52
1 14 22 75 73
1 15 36 67 66
1 16 97 12 10
1 17 15 74 86
1 18 39 61 59
1 19 1 96 90
1 20 52 47 47
1 21 5 92 84
1 22 35 69 55
1 23 96 14 17
1 24 47 57 50
1 25 80 18 17
1 26 90 12 9
1 27 35 62 68
1 28 54 51 45
1 29 67 41 35
1 30 79 25 28
1 31 27 71 75
1 32 24 65 64
1 33 65 44 43
1 34 85 17 14
2 3 29 66 63
2 4 9 83 87
2 5 61 46 44
2 6 62 42 33
2 7 46 57 46
2 8 57 43 36
2 9 75 30 26
2 10 68 36 34
2 11 71 35 28
2 12 99 11 12
2 13 18 81 79
2 14 50 54 51
2 15 59 45 41
2 16 71 31 33
2 17 12 87 79
2 18 9 87 83
2 19 98 8 4
2 20 50 42 55
2 21 26 69 74
2 22 23 72 75
2 23 35 62 61
2 24 23 77 66
2 25 77 30 24
2 26 11 86 86
2 27 24 74 71
2 28 90 18 8
2 29 81 25 19
2 30 34 68 58
2 31 39 60 53
2 32 58 42 41
2 33 56 40 39
2 34 59 40 47
3 4 8 84 79
3 5 50 44 55
3 6 49 47 47
3 7 12 85 85
3 8 64 43 33
3 9 39 61 52
3 10 16 73 77
3 11 40 52 64
3 12 55 48 42
3 13 84 27 22
3 14 29 60 68
3 15 57 36 44
3 16 73 35 26
3 17 85 20 19
3 18 98 13 10
3 19 20 78 71
3 20 72 34 33
3 21 69 27 35
3 22 90 18 9
3 23 76 22 28
3 24 63 34 40
3 25 72 34 26
3 26 4 81 93
3 27 36 55 68
3 28 13 78 86
3 29 0 94 93
3 30 52 48 52
3 31 31 64 72
3 32 78 31 23
3 33 36 66 59
3 34 57 40 37
4 5 20 77 72
4 6 40 63 58
4 7 26 75 74
4 8 57 40 36
4 9 81 23 30
4 10 37 63 67
4 11 26 74 65
4 12 7 89 88
4 13 54 45 42
4 14 67 40 34
4 15 59 48 45
4 16 84 17 14
4 17 32 58 71
4 18 31 59 71
4 19 17 83 82
4 20 23 76 72
4 21 67 28 34
4 22 28 67 73
4 23 96 11 11
4 24 98 9 15
4 25 93 10 10
4 26 1 93 84
4 27 26 72 64
4 28 43 54 53
4 29 72 29 33
4 30 28 71 72
4 31 36 65 61
4 32 84 19 18
4 33 93 16 16
4 34 17 84 75
5 6 14 86 86
5 7 13 76 80
5 8 13 84 76
5 9 53 44 42
5 10 63 46 44
5 11 50 45 53
5 12 78 29 32
5 13 39 63 56
5 14 74 31 23
5 15 86 16 16
5 16 97 3 2
5 17 70 31 39
5 18 74 24 33
5 19 54 48 51
5 20 65 31 38
5 21 55 38 52
5 22 16 71 72
5 23 82 24 29
5 24 23 64 72
5 25 58 49 39
5 26 51 45 52
5 27 60 42 46
5 28 17 72 72
5 29 43 52 49
5 30 39 54 53
5 31 74 28 35
5 32 64 40 34
5 33 92 12 15
5 34 96 4 12
6 7 46 54 47
6 8 9 79 79
6 9 47 56 51
6 10 48 50 54
6 11 52 47 55
6 12 29 69 69
6 13 60 38 44
6 14 4 83 83
6 15 37 59 66
6 16 19 75 79
6 17 41 55 52
6 18 25 67 77
6 19 62 42 31
6 20 91 21 9
6 21 51 55 48
6 22 79 21 26
6 23 86 19 24
6 24 65 32 44
6 25 51 48 44
6 26 3 85 93
6 27 26 65 69
6 28 57 36 50
6 29 8 86 84
6 30 91 18 9
6 31 37 63 60
6 32 92 20 16
6 33 46 46 45
6 34 88 24 22
7 8 86 14 18
7 9 58 36 39
7 10 54 42 52
7 11 47 55 54
7 12 74 29 22
7 13 97 5 11
7 14 14 80 86
7 15 11 77 80
7 16 17 83 74
7 17 56 42 47
7 18 51 51 47
7 19 23 67 69
7 20 87 20 14
7 21 15 85 72
7 22 14 83 85
7 23 80 17 26
7 24 29 59 67
7 25 21 78 69
7 26 4 85 94
7 27 5 81 84
7 28 80 20 17
7 29 18 74 77
7 30 66 31 29
7 31 65 30 31
7 32 42 53 52
7 33 17 78 71
7 34 54 39 46
8 9 82 23 21
8 10 13 77 84
8 11 43 58 50
8 12 6 80 90
8 13 48 46 56
8 14 42 59 57
8 15 47 54 49
8 16 61 39 37
8 17 58 36 37
8 18 41 53 53
8 19 3 87 92
8 20 89 20 18
8 21 74 24 25
8 22 83 21 28
8 23 49 47 54
8 24 23 69 72
8 25 96 4 7
8 26 16 80 81
8 27 69 35 38
8 28 65 39 36
8 29 28 72 64
8 30 98 6 13
8 31 23 75 76
8 32 69 38 26
8 33 11 79 75
8 34 1 83 85
9 10 0 92 89
9 11 52 50 40
9 12 2 87 90
9 13 94 10 12
9 14 9 77 83
9 15 79 26 31
9 16 96 5 7
9 17 5 81 85
9 18 81 21 29
9 19 26 62 64
9 20 10 87 83
9 21 61 36 44
9 22 44 51 48
9 23 66 37 31
9 24 49 50 54
9 25 92 18 17
9 26 36 61 54
9 27 4 93 90
9 28 24 71 70
9 29 77 24 32
9 30 81 22 21
9 31 59 39 36
9 32 74 34 26
9 33 63 45 35
9 34 16 75 77
10 11 49 53 57
10 12 17 73 80
10 13 76 26 28
10 14 88 22 13
10 15 10 86 87
10 16 70 31 29
10 17 29 64 64
10 18 32 71 66
10 19 30 66 71
10 20 9 81 91
10 21 93 14 6
10 22 69 33 33
10 23 38 64 53
10 24 1 96 84
10 25 87 14 23
10 26 8 84 79
10 27 5 92 92
10 28 47 56 46
10 29 72 24 26
10 30 68 39 31
10 31 53 43 45
10 32 24 72 75
10 33 91 7 10
10 34 66 39 39
11 12 24 68 75
11 13 0 98 90
11 14 19 79 76
11 15 64 39 34
11 16 83 27 19
11 17 35 60 68
11 18 76 34 29
11 19 31 72 71
11 20 18 76 77
11 21 20 74 73
11 22 43 48 54
11 23 9 88 87
11 24 42 52 54
11 25 72 34 25
11 26 25 69 74
11 27 31 71 58
11 28 97 7 9
11 29 39 54 56
11 30 96 7 5
11 31 66 38 29
11 32 14 74 75
11 33 36 62 61
11 34 6 80 87
12 13 97 2 15
12 14 19 77 68
12 15 92 12 11
12 16 9 89 90
12 17 30 69 69
12 18 47 47 58
12 19 68 30 27
12 20 28 65 65
12 21 42 61 61
12 22 97 9 14
12 23 82 28 24
12 24 34 57 64
12 25 65 32 38
12 26 43 55 62
12 27 49 47 57
12 28 1 87 85
12 29 20 70 76
12 30 10 77 86
12 31 97 10 16
12 32 41 59 51
12 33 22 74 72
12 34 1 89 96
13 14 99 3 1
13 15 74 27 23
13 16 68 31 34
13 17 19 68 81
13 18 75 22 26
13 19 90 21 11
13 20 49 52 43
13 21 17 82 74
13 22 46 60 59
13 23 3 90 85
13 24 89 15 21
13 25 47 48 46
13 26 94 5 5
13 27 71 26 38
13 28 15 79 84
13 29 95 5 9
13 30 30 73 71
13 31 50 50 51
13 32 90 14 14
13 33 2 95 84
13 34 47 46 51
14 15 47 53 47
14 16 40 62 57
14 17 20 74 69
14 18 40 52 58
14 19 87 14 15
14 20 41 56 60
14 21 25 77 77
14 22 43 58 54
14 23 53 46 42
14 24 80 30 28
14 25 98 9 15
14 26 40 52 58
14 27 23 78 75
14 28 60 39 45
14 29 44 49 53
14 30 33 62 58
14 31 81 24 28
14 32 1 96 98
14 33 75 34 29
14 34 14 74 80
15 16 23 67 74
15 17 93 9 17
15 18 31 71 58
15 19 51 46 45
15 20 17 74 80
15 21 51 52 44
15 22 60 39 38
15 23 61 45 43
15 24 26 72 76
15 25 34 60 69
15 26 76 33 22
15 27 10 90 77
15 28 35 65 66
15 29 72 36 27
15 30 16 85 73
15 31 88 14 21
15 32 7 84 84
15 33 0 98 95
15 34 70 27 39
16 17 12 80 80
16 18 63 45 34
16 19 65 32 30
16 20 5 94 81
16 21 8 79 83
16 22 13 83 75
16 23 26 66 63
16 24 58 48 47
16 25 40 58 57
16 26 86 17 21
16 27 97 4 15
16 28 83 18 17
16 29 6 83 79
16 30 23 72 76
16 31 66 31 33
16 32 78 28 23
16 33 69 31 37
16 34 94 14 15
17 18 94 5 5
17 19 84 27 15
17 20 47 52 54
17 21 50 42 43
17 22 24 66 79
17 23 38 60 53
17 24 52 49 47
17 25 5 81 86
17 26 48 56 46
17 27 93 16 20
17 28 43 50 58
17 29 49 44 47
17 30 58 42 39
17 31 26 64 76
17 32 95 9 10
17 33 89 18 19
17 34 26 66 70
18 19 93 19 6
18 20 16 77 77
18 21 60 47 45
18 22 68 33 41
18 23 31 70 68
18 24 92 12 18
18 25 31 65 65
18 26 95 14 7
18 27 55 46 45
18 28 69 36 32
18 29 42 49 50
18 30 22 78 75
18 31 29 63 61
18 32 67 35 32
18 33 56 37 45
18 34 95 9 10
19 20 34 60 56
19 21 12 77 89
19 22 97 5 12
19 23 40 62 61
19 24 87 18 22
19 25 18 77 77
19 26 21 81 74
19 27 70 37 29
19 28 47 55 59
19 29 77 25 33
19 30 53 54 47
19 31 57 48 44
19 32 86 19 16
19 33 7 85 79
19 34 51 47 47
20 21 16 83 78
20 22 60 38 44
20 23 36 62 66
20 24 40 54 63
20 25 87 19 16
20 26 12 83 78
20 27 44 55 47
20 28 26 75 72
20 29 17 80 76
20 30 5 86 86
20 31 85 14 22
20 32 80 17 28
20 33 30 65 61
20 34 99 11 5
21 22 64 35 40
21 23 42 56 61
21 24 25 70 74
21 25 43 49 61
21 26 28 65 68
21 27 94 18 10
21 28 16 78 85
21 29 30 67 63
21 30 66 30 32
21 31 26 67 73
21 32 10 83 78
21 33 16 78 83
21 34 20 80 70
22 23 63 42 45
22 24 99 4 8
22 25 6 85 86
22 26 64 39 30
22 27 94 14 18
22 28 95 11 7
22 29 67 27 42
22 30 87 20 18
22 31 32 64 59
22 32 10 85 76
22 33 19 81 78
22 34 63 42 38
23 24 2 88 86
23 25 21 80 76
23 26 84 25 22
23 27 53 50 50
23 28 36 67 64
23 29 10 76 79
23 30 93 7 8
23 31 35 66 55
23 32 84 15 28
23 33 5 88 95
23 34 43 62 55
24 25 43 61 63
24 26 23 77 76
24 27 39 52 55
24 28 81 26 20
24 29 51 52 48
24 30 36 61 62
24 31 6 83 87
24 32 41 59 58
24 33 80 20 27
24 34 0 94 91
25 26 64 42 33
25 27 80 20 18
25 28 65 33 42
25 29 56 37 48
25 30 98 9 5
25 31 54 39 45
25 32 99 8 4
25 33 65 36 34
25 34 78 23 32
26 27 96 7 15
26 28 0 95 89
26 29 84 15 24
26 30 76 34 24
26 31 50 43 44
26 32 15 75 74
26 33 42 52 57
26 34 20 74 81
27 28 30 62 64
27 29 3 89 94
27 30 41 58 57
27 31 86 16 13
27 32 92 13 18
27 33 28 71 69
27 34 43 49 60
28 29 98 12 8
28 30 14 83 85
28 31 50 50 53
28 32 92 16 15
28 33 1 86 96
28 34 96 9 3
29 30 88 17 12
29 31 3 88 95
29 32 76 27 21
29 33 57 48 37
29 34 74 27 25
30 31 80 20 23
30 32 36 55 59
30 33 47 57 58
30 34 60 41 42
31 32 88 17 18
31 33 86 19 13
31 34 55 46 39
32 33 27 63 63
32 34 6 86 86
33 34 7 89 86
