42 3
0.3 0 0.7
0 1 99 18 46
0 2 62 55 63
0 3 43 62 61
0 4 18 71 77
0 5 51 60 41
0 6 53 26 58
0 7 5 72 49
0 8 83 15 27
0 9 49 41 67
0 10 69 60 17
0 11 28 51 36
0 12 68 23 17
0 13 9 85 46
0 14 51 27 55
0 15 10 94 84
0 16 70 23 41
0 17 58 58 58
0 18 50 30 55
0 19 71 60 29
0 20 78 28 37
0 21 55 66 52
0 22 35 47 76
0 23 43 67 38
0 24 11 63 85
0 25 43 29 76
0 26 31 40 77
0 27 80 22 16
0 28 70 64 16
0 29 76 49 24
0 30 9 46 79
0 31 57 21 45
0 32 91 26 17
0 33 83 17 34
0 34 36 31 59
0 35 93 12 16
0 36 8 94 92
0 37 31 43 61
0 38 67 64 63
0 39 39 64 31
0 40 42 29 35
0 41 8 49 50
1 2 35 67 37
1 3 27 51 38
1 4 50 52 40
1 5 1 49 52
1 6 93 21 33
1 7 0 88 57
1 8 37 68 43
1 9 27 57 84
1 10 5 59 56
1 11 88 19 45
1 12 31 68 77
1 13 59 27 56
1 14 40 37 47
1 15 20 72 44
1 16 25 37 76
1 17 59 64 31
1 18 34 66 34
1 19 7 84 59
1 20 96 2 28
1 21 27 66 65
1 22 2 59 57
1 23 15 74 84
1 24 82 34 8
1 25 96 18 25
1 26 78 41 37
1 27 29 37 44
1 28 9 57 83
1 29 11 65 50
1 30 83 32 23
1 31 2 90 66
1 32 69 58 62
1 33 82 57 15
1 34 59 52 32
1 35 83 41 18
1 36 9 49 52
1 37 21 50 76
1 38 84 17 45
1 39 51 67 52
1 40 46 76 55
1 41 49 58 35
2 3 91 18 30
2 4 13 73 88
2 5 69 50 42
2 6 89 17 37
2 7 65 33 21
2 8 47 41 26
2 9 0 52 85
2 10 97 36 20
2 11 21 45 59
2 12 85 32 35
2 13 28 55 44
2 14 6 91 94
2 15 77 51 58
2 16 4 84 51
2 17 70 21 45
2 18 88 11 47
2 19 90 47 9
2 20 34 35 74
2 21 79 32 50
2 22 4 66 51
2 23 10 82 52
2 24 76 61 51
2 25 67 22 27
2 26 55 28 26
2 27 42 73 38
2 28 37 57 53
2 29 93 19 42
2 30 1 67 92
2 31 83 37 34
2 32 74 56 52
2 33 61 64 32
2 34 44 50 62
2 35 20 61 42
2 36 70 42 25
2 37 84 26 23
2 38 30 47 66
2 39 8 66 72
2 40 66 20 20
2 41 25 54 74
3 4 19 63 66
3 5 63 22 39
3 6 20 41 57
3 7 17 90 83
3 8 4 72 53
3 9 88 49 17
3 10 23 46 79
3 11 71 19 18
3 12 94 28 15
3 13 31 52 49
3 14 94 37 22
3 15 18 74 64
3 16 89 40 41
3 17 7 80 50
3 18 21 78 81
3 19 3 90 94
3 20 9 74 75
3 21 36 54 72
3 22 12 88 64
3 23 22 53 75
3 24 20 56 62
3 25 0 91 77
3 26 50 40 41
3 27 59 44 26
3 28 63 52 34
3 29 50 73 43
3 30 45 49 30
3 31 18 82 53
3 32 80 42 34
3 33 62 42 54
3 34 81 40 16
3 35 58 37 60
3 36 59 62 64
3 37 58 31 27
3 38 4 70 78
3 39 12 68 84
3 40 44 30 48
3 41 58 67 66
4 5 44 31 47
4 6 61 41 44
4 7 83 35 47
4 8 33 44 52
4 9 15 61 79
4 10 40 73 41
4 11 59 43 66
4 12 28 75 55
4 13 58 34 49
4 14 0 79 83
4 15 42 49 35
4 16 64 33 50
4 17 92 28 18
4 18 87 43 48
4 19 69 18 22
4 20 3 55 90
4 21 5 62 64
4 22 12 59 75
4 23 68 34 51
4 24 69 22 39
4 25 35 55 32
4 26 75 33 49
4 27 82 37 52
4 28 45 37 73
4 29 84 26 37
4 30 65 22 66
4 31 81 13 10
4 32 83 27 35
4 33 71 54 14
4 34 34 49 54
4 35 15 83 89
4 36 83 15 23
4 37 68 38 32
4 38 4 49 81
4 39 2 70 52
4 40 11 72 92
4 41 26 43 37
5 6 61 43 35
5 7 42 73 40
5 8 9 47 49
5 9 23 83 45
5 10 63 25 66
5 11 62 56 20
5 12 49 66 57
5 13 99 32 37
5 14 83 34 55
5 15 89 6 22
5 16 66 21 44
5 17 71 35 47
5 18 5 64 78
5 19 58 51 57
5 20 71 30 50
5 21 25 51 53
5 22 74 55 44
5 23 79 29 22
5 24 57 40 28
5 25 48 41 59
5 26 86 33 36
5 27 50 71 67
5 28 22 77 58
5 29 81 45 50
5 30 96 10 39
5 31 32 34 49
5 32 31 39 79
5 33 99 18 5
5 34 95 38 26
5 35 65 60 32
5 36 39 56 62
5 37 55 70 49
5 38 31 42 63
5 39 45 50 76
5 40 85 33 38
5 41 6 57 73
6 7 98 29 31
6 8 42 68 50
6 9 66 65 62
6 10 14 90 55
6 11 88 35 39
6 12 42 46 73
6 13 38 80 56
6 14 20 50 56
6 15 69 40 59
6 16 83 19 57
6 17 6 72 57
6 18 40 40 37
6 19 36 73 72
6 20 67 56 49
6 21 92 9 43
6 22 54 38 61
6 23 36 52 67
6 24 75 33 50
6 25 82 18 32
6 26 22 49 52
6 27 89 40 12
6 28 98 13 33
6 29 4 60 69
6 30 93 51 20
6 31 45 27 62
6 32 2 88 76
6 33 99 46 21
6 34 55 37 28
6 35 69 51 48
6 36 59 52 50
6 37 60 42 43
6 38 49 41 44
6 39 43 35 41
6 40 86 52 9
6 41 55 72 50
7 8 31 53 62
7 9 43 56 73
7 10 17 54 68
7 11 67 45 46
7 12 60 42 32
7 13 97 15 25
7 14 52 33 71
7 15 75 33 55
7 16 96 46 12
7 17 87 18 43
7 18 74 19 39
7 19 20 66 45
7 20 5 74 49
7 21 97 23 33
7 22 84 42 20
7 23 94 42 15
7 24 7 74 71
7 25 21 85 49
7 26 61 63 19
7 27 64 32 23
7 28 71 60 34
7 29 34 75 69
7 30 20 47 44
7 31 71 18 59
7 32 44 56 73
7 33 12 56 83
7 34 26 65 69
7 35 36 65 66
7 36 84 22 47
7 37 24 67 83
7 38 98 49 43
7 39 80 20 54
7 40 13 68 85
7 41 36 60 74
8 9 53 23 45
8 10 56 37 53
8 11 17 86 45
8 12 50 52 56
8 13 87 52 19
8 14 51 53 73
8 15 86 45 28
8 16 66 33 44
8 17 60 65 35
8 18 68 47 64
8 19 54 43 33
8 20 63 22 56
8 21 79 53 22
8 22 87 9 32
8 23 1 67 68
8 24 60 41 36
8 25 7 95 50
8 26 53 65 64
8 27 23 55 75
8 28 79 22 36
8 29 56 68 60
8 30 10 72 61
8 31 44 33 39
8 32 57 36 38
8 33 4 84 60
8 34 96 34 5
8 35 37 42 77
8 36 9 77 55
8 37 60 22 46
8 38 41 52 48
8 39 37 74 51
8 40 22 54 56
8 41 19 56 60
9 10 21 50 63
9 11 13 50 55
9 12 78 46 41
9 13 66 39 40
9 14 30 81 55
9 15 16 69 52
9 16 32 69 64
9 17 44 61 51
9 18 83 45 52
9 19 72 14 30
9 20 3 48 92
9 21 17 50 51
9 22 19 57 52
9 23 54 34 42
9 24 54 44 47
9 25 87 54 17
9 26 27 78 41
9 27 44 30 34
9 28 45 43 74
9 29 85 55 37
9 30 10 93 93
9 31 93 11 4
9 32 23 84 53
9 33 63 64 53
9 34 57 63 28
9 35 56 46 43
9 36 23 64 43
9 37 97 48 1
9 38 85 35 12
9 39 52 52 27
9 40 59 25 23
9 41 50 65 41
10 11 77 59 59
10 12 72 39 50
10 13 0 65 70
10 14 15 80 67
10 15 34 81 52
10 16 81 35 38
10 17 40 31 53
10 18 87 52 48
10 19 32 54 57
10 20 34 75 53
10 21 72 36 30
10 22 27 85 85
10 23 15 72 69
10 24 26 65 83
10 25 82 53 30
10 26 85 56 37
10 27 12 58 44
10 28 73 50 18
10 29 44 39 76
10 30 61 20 42
10 31 81 47 48
10 32 65 19 41
10 33 12 76 92
10 34 29 70 85
10 35 21 85 86
10 36 81 53 37
10 37 82 15 37
10 38 28 76 76
10 39 65 32 63
10 40 32 55 59
10 41 10 76 52
11 12 11 67 56
11 13 20 63 66
11 14 22 65 54
11 15 68 58 28
11 16 57 64 49
11 17 77 38 55
11 18 79 21 34
11 19 3 54 48
11 20 82 38 29
11 21 57 29 62
11 22 14 68 53
11 23 17 75 49
11 24 12 48 45
11 25 85 33 13
11 26 2 75 65
11 27 24 85 60
11 28 54 71 24
11 29 52 34 47
11 30 25 64 45
11 31 4 81 86
11 32 12 93 76
11 33 30 57 50
11 34 18 76 74
11 35 36 54 70
11 36 12 83 61
11 37 25 57 54
11 38 74 48 14
11 39 73 28 44
11 40 75 62 33
11 41 33 37 45
12 13 39 72 35
12 14 99 24 46
12 15 36 42 73
12 16 49 68 59
12 17 95 17 6
12 18 52 57 30
12 19 87 37 12
12 20 3 48 92
12 21 80 16 28
12 22 42 34 35
12 23 12 78 70
12 24 19 56 74
12 25 5 75 71
12 26 86 47 42
12 27 39 77 55
12 28 12 47 51
12 29 59 65 32
12 30 86 18 50
12 31 89 25 44
12 32 20 88 47
12 33 38 46 46
12 34 35 34 64
12 35 62 36 63
12 36 80 11 22
12 37 67 60 47
12 38 34 54 79
12 39 85 33 8
12 40 41 45 34
12 41 64 57 52
13 14 36 40 54
13 15 16 58 46
13 16 56 25 60
13 17 72 32 19
13 18 21 55 51
13 19 12 80 73
13 20 84 9 23
13 21 1 82 89
13 22 17 88 81
13 23 44 48 39
13 24 93 46 16
13 25 25 79 64
13 26 86 27 29
13 27 54 66 43
13 28 37 54 53
13 29 64 21 52
13 30 40 62 54
13 31 78 25 38
13 32 49 32 53
13 33 78 11 32
13 34 10 74 64
13 35 29 37 75
13 36 29 68 42
13 37 34 55 36
13 38 19 59 87
13 39 36 53 62
13 40 25 66 47
13 41 37 46 33
14 15 99 14 29
14 16 13 53 57
14 17 44 36 60
14 18 56 71 37
14 19 23 83 53
14 20 39 52 57
14 21 1 57 71
14 22 82 53 13
14 23 20 70 77
14 24 55 61 50
14 25 91 27 34
14 26 46 27 29
14 27 6 54 73
14 28 78 52 11
14 29 50 30 65
14 30 31 60 38
14 31 17 50 78
14 32 83 48 25
14 33 50 72 65
14 34 97 30 40
14 35 10 61 47
14 36 96 31 28
14 37 5 93 61
14 38 35 60 47
14 39 44 59 36
14 40 88 46 6
14 41 19 68 63
15 16 2 80 60
15 17 34 75 81
15 18 16 78 80
15 19 84 32 30
15 20 68 51 42
15 21 38 50 54
15 22 25 48 80
15 23 7 70 69
15 24 98 41 19
15 25 16 66 56
15 26 11 58 73
15 27 47 68 61
15 28 76 60 25
15 29 70 31 44
15 30 39 51 50
15 31 41 41 45
15 32 92 22 26
15 33 41 54 41
15 34 42 42 58
15 35 90 44 9
15 36 76 49 20
15 37 69 19 21
15 38 21 56 76
15 39 40 47 30
15 40 82 11 38
15 41 7 63 81
16 17 9 69 61
16 18 70 23 27
16 19 42 37 58
16 20 10 70 55
16 21 4 63 86
16 22 58 63 29
16 23 12 71 83
16 24 45 29 41
16 25 40 50 47
16 26 37 67 70
16 27 98 5 15
16 28 34 67 78
16 29 6 91 80
16 30 37 50 37
16 31 66 34 59
16 32 60 23 28
16 33 40 58 45
16 34 52 40 33
16 35 16 46 70
16 36 16 86 51
16 37 54 41 70
16 38 96 23 14
16 39 79 22 24
16 40 90 4 19
16 41 60 53 53
17 18 53 65 72
17 19 28 62 78
17 20 97 21 34
17 21 65 55 63
17 22 96 33 34
17 23 68 22 16
17 24 10 83 92
17 25 55 67 31
17 26 50 53 32
17 27 48 66 38
17 28 45 37 28
17 29 92 42 41
17 30 50 47 63
17 31 99 41 19
17 32 28 81 84
17 33 52 41 24
17 34 77 59 45
17 35 88 10 6
17 36 28 42 35
17 37 29 44 63
17 38 84 43 15
17 39 38 41 47
17 40 53 24 68
17 41 31 57 40
18 19 3 56 54
18 20 68 37 40
18 21 28 66 40
18 22 91 29 48
18 23 35 52 45
18 24 99 4 7
18 25 61 41 22
18 26 88 7 23
18 27 93 38 28
18 28 23 66 48
18 29 87 15 8
18 30 11 56 65
18 31 22 69 86
18 32 10 91 63
18 33 17 79 62
18 34 55 53 45
18 35 84 16 17
18 36 53 30 34
18 37 82 37 18
18 38 4 52 67
18 39 5 76 89
18 40 34 44 36
18 41 59 55 67
19 20 1 62 94
19 21 3 75 58
19 22 66 60 37
19 23 98 19 22
19 24 96 19 23
19 25 13 81 59
19 26 45 54 45
19 27 91 48 25
19 28 38 46 59
19 29 53 31 40
19 30 84 11 26
19 31 95 35 6
19 32 66 50 19
19 33 62 22 60
19 34 1 82 98
19 35 47 53 33
19 36 40 66 58
19 37 73 26 56
19 38 27 78 48
19 39 56 51 63
19 40 87 19 10
19 41 42 34 32
20 21 46 29 55
20 22 3 82 54
20 23 8 83 60
20 24 1 90 54
20 25 34 52 65
20 26 4 47 91
20 27 84 15 27
20 28 85 9 38
20 29 65 41 44
20 30 41 64 64
20 31 16 54 60
20 32 79 22 41
20 33 25 49 71
20 34 72 36 38
20 35 34 49 69
20 36 40 39 33
20 37 1 67 65
20 38 51 29 51
20 39 2 55 78
20 40 7 46 93
20 41 99 29 46
21 22 63 58 30
21 23 45 65 71
21 24 87 33 24
21 25 18 52 59
21 26 71 26 35
21 27 39 71 54
21 28 51 67 60
21 29 28 79 52
21 30 51 34 57
21 31 82 34 51
21 32 27 44 42
21 33 84 21 51
21 34 45 28 48
21 35 42 34 60
21 36 5 96 64
21 37 31 56 78
21 38 81 13 24
21 39 57 32 24
21 40 31 36 42
21 41 4 76 94
22 23 45 66 40
22 24 85 9 34
22 25 69 22 33
22 26 11 53 66
22 27 50 35 56
22 28 24 87 68
22 29 84 30 25
22 30 56 47 41
22 31 13 93 85
22 32 26 42 45
22 33 88 46 10
22 34 89 36 27
22 35 50 25 46
22 36 26 51 77
22 37 61 64 37
22 38 48 44 31
22 39 88 26 46
22 40 98 33 33
22 41 43 52 44
23 24 14 54 43
23 25 14 78 48
23 26 69 55 22
23 27 38 77 64
23 28 49 69 30
23 29 6 85 55
23 30 89 39 11
23 31 32 81 46
23 32 68 17 31
23 33 64 48 36
23 34 56 66 26
23 35 57 47 58
23 36 73 55 27
23 37 48 74 54
23 38 45 37 62
23 39 98 23 39
23 40 32 72 61
23 41 37 69 76
24 25 99 45 32
24 26 22 80 48
24 27 84 50 33
24 28 9 71 86
24 29 61 34 29
24 30 49 57 74
24 31 8 66 88
24 32 44 75 60
24 33 51 73 59
24 34 98 46 37
24 35 47 27 30
24 36 56 37 37
24 37 35 47 78
24 38 9 46 67
24 39 28 58 79
24 40 50 51 42
24 41 52 72 66
25 26 78 34 13
25 27 43 74 54
25 28 67 40 18
25 29 12 57 73
25 30 17 55 67
25 31 71 61 33
25 32 57 38 61
25 33 20 61 86
25 34 16 46 57
25 35 71 31 26
25 36 49 55 63
25 37 27 53 54
25 38 54 29 56
25 39 34 68 59
25 40 31 38 38
25 41 18 62 90
26 27 63 35 19
26 28 86 18 38
26 29 84 32 46
26 30 35 71 46
26 31 68 39 46
26 32 86 32 36
26 33 2 78 86
26 34 11 53 60
26 35 89 31 27
26 36 60 45 43
26 37 46 55 42
26 38 36 59 47
26 39 27 61 41
26 40 49 26 56
26 41 31 78 82
27 28 88 26 26
27 29 22 65 41
27 30 45 44 48
27 31 65 56 34
27 32 32 80 65
27 33 15 60 91
27 34 20 40 83
27 35 13 72 43
27 36 7 53 76
27 37 82 34 50
27 38 33 79 58
27 39 11 54 61
27 40 58 49 70
27 41 89 15 8
28 29 55 33 59
28 30 75 24 25
28 31 20 69 73
28 32 19 46 79
28 33 4 68 49
28 34 14 82 71
28 35 49 43 36
28 36 77 20 51
28 37 9 88 56
28 38 6 88 64
28 39 24 79 61
28 40 60 47 52
28 41 24 47 44
29 30 13 81 53
29 31 12 70 65
29 32 60 59 62
29 33 90 43 5
29 34 57 59 36
29 35 82 35 22
29 36 82 14 25
29 37 33 54 66
29 38 30 54 51
29 39 92 50 18
29 40 82 19 15
29 41 96 43 41
30 31 10 65 75
30 32 46 70 66
30 33 5 57 93
30 34 92 45 11
30 35 6 53 47
30 36 44 48 69
30 37 75 51 38
30 38 79 41 10
30 39 83 56 54
30 40 76 35 40
30 41 74 18 41
31 32 75 18 37
31 33 42 58 67
31 34 27 37 53
31 35 92 50 8
31 36 72 42 39
31 37 31 72 84
31 38 69 17 59
31 39 92 18 50
31 40 1 90 51
31 41 93 21 10
32 33 7 62 63
32 34 38 34 39
32 35 85 45 34
32 36 27 85 81
32 37 84 27 16
32 38 16 52 61
32 39 27 42 80
32 40 6 64 94
32 41 95 41 40
33 34 63 48 54
33 35 2 77 96
33 36 82 42 55
33 37 55 57 41
33 38 16 60 59
33 39 17 65 44
33 40 56 31 22
33 41 5 61 73
34 35 34 69 67
34 36 36 54 69
34 37 32 81 69
34 38 16 87 78
34 39 71 18 25
34 40 79 26 50
34 41 41 38 47
35 36 5 60 71
35 37 2 98 73
35 38 39 73 62
35 39 21 66 57
35 40 63 26 42
35 41 25 47 69
36 37 85 17 33
36 38 62 31 36
36 39 50 40 43
36 40 67 46 53
36 41 47 59 42
37 38 37 75 49
37 39 7 65 66
37 40 27 47 39
37 41 84 54 45
38 39 13 93 52
38 40 50 50 73
38 41 39 46 50
39 40 61 43 22
39 41 21 60 42
40 41 3 69 52
