50 3
0.6 0 0.4
0 1 52 47 44
0 2 76 28 28
0 3 13 78 79
0 4 85 22 13
0 5 4 94 89
0 6 61 39 39
0 7 51 50 47
0 8 73 25 28
0 9 59 37 37
0 10 81 27 25
0 11 42 56 52
0 12 19 75 73
0 13 13 76 83
0 14 70 27 32
0 15 86 19 23
0 16 76 30 30
0 17 66 40 42
0 18 7 91 85
0 19 3 83 95
0 20 17 84 73
0 21 1 93 89
0 22 2 94 91
0 23 3 96 95
0 24 86 13 12
0 25 87 20 17
0 26 96 13 16
0 27 92 18 14
0 28 89 23 22
0 29 23 65 73
0 30 77 20 31
0 31 72 31 31
0 32 22 65 79
0 33 77 21 20
0 34 75 29 34
0 35 83 23 20
0 36 49 48 50
0 37 83 25 21
0 38 57 37 50
0 39 69 30 28
0 40 18 69 70
0 41 71 37 25
0 42 3 87 96
0 43 42 49 56
0 44 94 14 12
0 45 4 86 95
0 46 0 91 85
0 47 92 20 8
0 48 80 26 25
0 49 12 83 85
1 2 29 60 73
1 3 95 14 11
1 4 31 60 63
1 5 46 45 52
1 6 60 47 37
1 7 97 2 9
1 8 46 52 52
1 9 93 8 18
1 10 60 47 40
1 11 16 76 77
1 12 39 61 55
1 13 73 26 27
1 14 56 51 39
1 15 95 3 4
1 16 63 34 41
1 17 56 44 38
1 18 18 80 80
1 19 98 14 16
1 20 20 76 80
1 21 75 25 32
1 22 16 72 71
1 23 21 79 73
1 24 46 56 53
1 25 95 9 8
1 26 22 76 73
1 27 16 76 84
1 28 80 26 21
1 29 19 71 77
1 30 72 26 32
1 31 60 39 34
1 32 56 49 47
1 33 81 27 27
1 34 50 48 46
1 35 55 43 38
1 36 37 59 60
1 37 39 57 55
1 38 93 8 14
1 39 0 94 95
1 40 1 89 97
1 41 65 30 43
1 42 64 31 39
1 43 84 27 26
1 44 28 62 72
1 45 4 88 85
1 46 56 40 39
1 47 45 57 56
1 48 49 45 45
1 49 90 21 16
2 3 65 36 43
2 4 58 37 35
2 5 11 79 82
2 6 13 77 84
2 7 92 11 17
2 8 7 81 84
2 9 77 28 25
2 10 10 78 84
2 11 72 32 34
2 12 35 67 55
2 13 12 80 84
2 14 59 48 37
2 15 10 82 89
2 16 31 66 67
2 17 21 73 81
2 18 66 34 30
2 19 18 72 69
2 20 95 15 10
2 21 5 86 85
2 22 96 15 14
2 23 99 10 14
2 24 29 61 66
2 25 46 48 53
2 26 60 47 46
2 27 5 92 90
2 28 3 82 87
2 29 51 53 55
2 30 54 40 51
2 31 79 28 19
2 32 42 50 57
2 33 52 50 43
2 34 76 21 27
2 35 15 72 79
2 36 77 24 31
2 37 97 12 5
2 38 12 76 82
2 39 83 17 26
2 40 16 85 73
2 41 0 98 84
2 42 98 5 8
2 43 4 90 83
2 44 94 8 9
2 45 57 38 48
2 46 39 54 56
2 47 27 66 67
2 48 40 51 61
2 49 93 7 10
3 4 25 77 65
3 5 22 71 71
3 6 90 20 20
3 7 90 15 23
3 8 21 74 77
3 9 50 52 51
3 10 60 44 41
3 11 25 68 75
3 12 67 34 28
3 13 72 25 27
3 14 67 33 35
3 15 73 29 33
3 16 31 59 66
3 17 88 23 21
3 18 37 53 58
3 19 88 20 10
3 20 92 7 14
3 21 86 21 26
3 22 74 23 36
3 23 73 29 24
3 24 52 51 45
3 25 71 29 24
3 26 25 69 69
3 27 30 67 60
3 28 5 88 95
3 29 8 88 92
3 30 3 83 89
3 31 3 93 86
3 32 40 54 63
3 33 61 45 35
3 34 55 37 48
3 35 91 8 8
3 36 78 22 19
3 37 50 48 49
3 38 55 50 52
3 39 42 49 53
3 40 53 46 44
3 41 49 50 45
3 42 87 17 23
3 43 97 11 3
3 44 28 67 62
3 45 8 83 88
3 46 56 42 44
3 47 52 43 51
3 48 24 67 77
3 49 31 61 69
4 5 31 64 72
4 6 83 19 17
4 7 75 28 30
4 8 18 79 77
4 9 86 22 20
4 10 31 61 62
4 11 98 6 12
4 12 13 80 82
4 13 61 46 39
4 14 4 92 93
4 15 64 33 31
4 16 78 21 22
4 17 99 12 11
4 18 19 72 70
4 19 51 55 53
4 20 98 4 2
4 21 9 84 87
4 22 87 25 23
4 23 31 66 60
4 24 52 46 50
4 25 90 13 21
4 26 87 18 15
4 27 81 18 23
4 28 96 14 12
4 29 27 74 70
4 30 42 58 62
4 31 59 44 40
4 32 4 87 87
4 33 42 52 50
4 34 71 36 25
4 35 81 23 29
4 36 12 76 78
4 37 54 39 40
4 38 19 79 75
4 39 66 42 40
4 40 74 33 27
4 41 44 49 59
4 42 57 47 50
4 43 3 96 94
4 44 65 32 40
4 45 58 41 41
4 46 77 27 30
4 47 33 58 61
4 48 36 54 54
4 49 83 27 14
5 6 43 54 51
5 7 51 51 49
5 8 53 50 53
5 9 98 13 8
5 10 95 6 11
5 11 59 34 44
5 12 91 20 9
5 13 26 73 71
5 14 55 41 39
5 15 36 55 56
5 16 85 14 26
5 17 76 24 31
5 18 89 14 11
5 19 9 83 80
5 20 33 58 64
5 21 58 49 40
5 22 60 42 46
5 23 5 80 94
5 24 39 62 59
5 25 15 86 81
5 26 51 51 44
5 27 36 67 59
5 28 8 81 87
5 29 29 70 60
5 30 22 76 75
5 31 48 50 52
5 32 31 59 67
5 33 43 54 57
5 34 33 62 69
5 35 54 46 43
5 36 96 17 17
5 37 20 69 72
5 38 98 6 10
5 39 52 49 43
5 40 59 34 35
5 41 55 38 48
5 42 26 74 77
5 43 37 54 65
5 44 8 86 85
5 45 41 59 53
5 46 88 14 18
5 47 21 77 66
5 48 89 12 20
5 49 35 62 55
6 7 65 36 41
6 8 5 91 95
6 9 96 8 9
6 10 33 61 58
6 11 27 70 67
6 12 76 34 26
6 13 85 22 21
6 14 98 4 10
6 15 47 56 46
6 16 60 37 34
6 17 23 67 65
6 18 84 20 13
6 19 25 68 75
6 20 62 42 38
6 21 80 20 21
6 22 37 62 53
6 23 18 75 73
6 24 15 74 75
6 25 55 44 44
6 26 65 30 31
6 27 86 21 16
6 28 64 35 32
6 29 23 67 64
6 30 15 84 85
6 31 15 77 81
6 32 33 69 63
6 33 48 51 54
6 34 35 60 65
6 35 77 22 24
6 36 53 40 44
6 37 66 41 40
6 38 97 14 12
6 39 64 39 37
6 40 66 39 40
6 41 95 7 10
6 42 90 10 17
6 43 8 90 88
6 44 23 68 76
6 45 91 8 15
6 46 81 24 28
6 47 84 23 14
6 48 37 67 59
6 49 8 89 92
7 8 96 5 5
7 9 26 71 64
7 10 27 73 70
7 11 27 65 63
7 12 30 66 66
7 13 16 77 85
7 14 9 77 86
7 15 55 51 46
7 16 43 62 52
7 17 15 74 86
7 18 36 67 60
7 19 82 19 24
7 20 25 70 77
7 21 32 57 67
7 22 11 85 78
7 23 74 23 22
7 24 66 42 37
7 25 93 18 10
7 26 4 85 83
7 27 24 69 67
7 28 64 30 41
7 29 51 53 47
7 30 54 52 49
7 31 8 90 80
7 32 2 89 83
7 33 75 30 34
7 34 85 21 14
7 35 66 33 41
7 36 51 43 46
7 37 10 87 86
7 38 17 79 79
7 39 15 85 78
7 40 73 24 31
7 41 44 59 47
7 42 27 63 75
7 43 10 81 77
7 44 63 44 39
7 45 3 91 85
7 46 30 72 61
7 47 13 82 78
7 48 17 83 84
7 49 50 42 43
8 9 83 16 23
8 10 81 25 27
8 11 77 25 29
8 12 78 18 21
8 13 33 67 65
8 14 45 51 51
8 15 10 77 77
8 16 5 84 92
8 17 5 80 93
8 18 37 56 60
8 19 11 84 88
8 20 38 61 63
8 21 64 32 42
8 22 61 41 34
8 23 73 23 32
8 24 63 35 41
8 25 47 52 44
8 26 80 23 29
8 27 59 46 43
8 28 9 88 83
8 29 41 54 61
8 30 68 28 35
8 31 10 79 85
8 32 44 57 55
8 33 10 89 87
8 34 95 14 3
8 35 50 42 47
8 36 59 43 37
8 37 37 59 65
8 38 50 45 43
8 39 65 43 32
8 40 36 58 61
8 41 32 65 65
8 42 32 61 63
8 43 11 78 88
8 44 19 75 71
8 45 83 16 15
8 46 24 74 65
8 47 30 65 67
8 48 24 71 70
8 49 21 72 75
9 10 87 17 23
9 11 70 30 35
9 12 8 89 83
9 13 49 49 50
9 14 26 65 75
9 15 86 14 21
9 16 77 24 32
9 17 12 78 88
9 18 1 87 97
9 19 62 35 45
9 20 51 54 47
9 21 39 52 58
9 22 14 86 83
9 23 66 36 43
9 24 92 16 20
9 25 15 86 74
9 26 70 27 35
9 27 95 13 5
9 28 38 55 56
9 29 4 88 87
9 30 96 8 13
9 31 13 83 81
9 32 9 86 85
9 33 58 35 46
9 34 73 33 34
9 35 82 18 25
9 36 68 37 33
9 37 81 27 24
9 38 70 25 33
9 39 11 76 78
9 40 32 71 65
9 41 48 49 48
9 42 72 29 36
9 43 36 55 60
9 44 6 91 82
9 45 57 44 44
9 46 69 33 30
9 47 8 85 86
9 48 47 46 50
9 49 51 46 48
10 11 43 50 52
10 12 30 70 59
10 13 79 20 30
10 14 11 77 85
10 15 81 19 20
10 16 75 25 24
10 17 42 63 53
10 18 39 65 52
10 19 76 28 32
10 20 78 21 20
10 21 82 24 14
10 22 64 36 37
10 23 58 38 38
10 24 84 27 27
10 25 87 12 24
10 26 27 66 66
10 27 4 93 81
10 28 60 34 41
10 29 99 3 13
10 30 9 78 83
10 31 64 41 44
10 32 36 66 58
10 33 91 22 15
10 34 88 15 10
10 35 19 76 73
10 36 92 8 6
10 37 69 26 38
10 38 76 25 29
10 39 61 39 46
10 40 23 72 70
10 41 85 21 17
10 42 47 51 47
10 43 99 1 7
10 44 50 44 49
10 45 90 18 8
10 46 20 78 70
10 47 77 25 26
10 48 46 45 56
10 49 51 51 45
11 12 40 57 52
11 13 4 81 81
11 14 95 10 5
11 15 73 23 29
11 16 94 7 4
11 17 6 90 80
11 18 92 19 7
11 19 32 70 62
11 20 66 28 30
11 21 79 31 28
11 22 95 4 6
11 23 78 32 33
11 24 74 35 30
11 25 71 33 31
11 26 54 48 53
11 27 0 95 92
11 28 93 18 10
11 29 19 69 82
11 30 84 20 23
11 31 23 72 66
11 32 14 80 83
11 33 98 2 11
11 34 79 26 26
11 35 44 59 48
11 36 57 38 37
11 37 98 10 10
11 38 13 79 85
11 39 66 37 31
11 40 49 50 45
11 41 21 76 77
11 42 11 78 81
11 43 36 61 67
11 44 29 67 74
11 45 69 33 37
11 46 73 23 37
11 47 53 46 39
11 48 48 47 45
11 49 60 37 33
12 13 35 67 65
12 14 68 38 41
12 15 17 75 79
12 16 28 70 71
12 17 19 78 69
12 18 17 75 84
12 19 27 75 66
12 20 19 79 79
12 21 45 61 60
12 22 26 73 66
12 23 94 14 14
12 24 15 74 77
12 25 48 53 57
12 26 75 24 26
12 27 89 17 12
12 28 13 84 75
12 29 90 18 8
12 30 78 29 19
12 31 73 33 31
12 32 17 82 78
12 33 84 14 23
12 34 29 71 60
12 35 21 71 81
12 36 37 59 54
12 37 96 16 5
12 38 84 17 19
12 39 53 52 44
12 40 3 92 85
12 41 28 69 71
12 42 3 95 82
12 43 64 33 33
12 44 18 75 81
12 45 37 53 56
12 46 27 70 74
12 47 62 36 33
12 48 82 16 21
12 49 73 27 34
13 14 87 24 17
13 15 46 50 56
13 16 79 20 28
13 17 20 78 78
13 18 18 77 75
13 19 25 67 70
13 20 3 92 85
13 21 57 50 38
13 22 38 56 64
13 23 87 16 24
13 24 58 44 46
13 25 32 66 60
13 26 23 79 77
13 27 40 65 59
13 28 69 27 28
13 29 37 55 63
13 30 53 53 40
13 31 38 52 66
13 32 54 41 41
13 33 18 83 78
13 34 95 17 3
13 35 50 57 54
13 36 32 71 69
13 37 78 30 27
13 38 42 56 62
13 39 59 36 39
13 40 90 16 16
13 41 10 84 79
13 42 88 19 21
13 43 90 17 13
13 44 37 56 67
13 45 41 56 60
13 46 42 50 62
13 47 96 10 5
13 48 65 35 30
13 49 77 29 30
14 15 56 41 50
14 16 32 70 69
14 17 20 80 71
14 18 56 44 46
14 19 85 21 22
14 20 1 92 96
14 21 66 36 35
14 22 81 18 16
14 23 32 69 58
14 24 13 74 78
14 25 2 85 91
14 26 94 4 16
14 27 66 32 43
14 28 48 49 52
14 29 12 74 85
14 30 73 28 31
14 31 43 57 62
14 32 40 59 56
14 33 72 31 25
14 34 95 13 16
14 35 39 60 60
14 36 68 32 29
14 37 37 59 58
14 38 7 83 88
14 39 50 47 50
14 40 8 79 79
14 41 53 46 46
14 42 35 63 61
14 43 71 28 35
14 44 78 21 27
14 45 1 89 92
14 46 29 62 73
14 47 39 63 61
14 48 64 32 35
14 49 93 10 16
15 16 86 16 21
15 17 61 33 46
15 18 1 94 90
15 19 19 70 80
15 20 5 90 86
15 21 85 15 20
15 22 99 5 11
15 23 57 43 37
15 24 92 7 13
15 25 2 89 92
15 26 72 25 26
15 27 83 23 23
15 28 41 55 51
15 29 74 35 23
15 30 62 37 31
15 31 31 61 67
15 32 72 32 34
15 33 73 33 25
15 34 61 39 38
15 35 93 16 10
15 36 20 75 68
15 37 2 87 88
15 38 72 27 35
15 39 78 19 30
15 40 51 49 53
15 41 25 72 68
15 42 60 46 43
15 43 61 40 39
15 44 25 73 75
15 45 97 7 4
15 46 86 15 12
15 47 15 83 86
15 48 84 26 25
15 49 16 81 80
16 17 49 43 51
16 18 62 35 44
16 19 23 64 67
16 20 94 6 10
16 21 79 27 31
16 22 94 12 12
16 23 26 66 65
16 24 61 44 46
16 25 13 84 82
16 26 10 83 87
16 27 29 73 70
16 28 68 32 28
16 29 20 71 77
16 30 19 74 71
16 31 85 12 26
16 32 5 95 90
16 33 50 50 42
16 34 55 48 39
16 35 24 76 76
16 36 98 15 13
16 37 40 54 55
16 38 43 50 52
16 39 6 81 85
16 40 74 27 33
16 41 2 86 88
16 42 12 79 75
16 43 96 16 15
16 44 10 82 81
16 45 58 44 42
16 46 52 54 50
16 47 38 65 64
16 48 5 90 88
16 49 19 71 81
17 18 27 64 76
17 19 99 2 4
17 20 84 24 25
17 21 86 15 26
17 22 99 15 8
17 23 99 10 12
17 24 10 78 82
17 25 62 40 39
17 26 56 50 37
17 27 39 59 63
17 28 96 8 9
17 29 35 67 59
17 30 20 74 79
17 31 33 66 70
17 32 38 61 58
17 33 10 84 80
17 34 72 32 38
17 35 28 61 67
17 36 28 74 68
17 37 46 56 50
17 38 48 53 54
17 39 53 54 53
17 40 35 69 65
17 41 93 19 18
17 42 90 21 19
17 43 87 15 18
17 44 63 36 43
17 45 68 32 35
17 46 20 70 78
17 47 96 7 3
17 48 5 88 84
17 49 57 37 41
18 19 83 22 25
18 20 72 29 34
18 21 25 67 73
18 22 99 11 11
18 23 43 53 53
18 24 73 29 37
18 25 29 71 64
18 26 3 87 91
18 27 70 36 31
18 28 94 19 8
18 29 52 40 50
18 30 17 80 69
18 31 32 67 57
18 32 76 26 35
18 33 40 55 51
18 34 52 48 50
18 35 57 41 49
18 36 58 44 49
18 37 30 63 67
18 38 43 48 52
18 39 92 15 21
18 40 99 13 5
18 41 11 84 83
18 42 6 81 93
18 43 65 38 39
18 44 30 71 67
18 45 7 85 83
18 46 5 89 89
18 47 48 58 49
18 48 98 10 7
18 49 12 87 85
19 20 16 78 85
19 21 16 77 77
19 22 51 50 47
19 23 50 48 57
19 24 41 51 56
19 25 98 12 8
19 26 99 13 14
19 27 62 33 35
19 28 86 12 25
19 29 2 91 90
19 30 14 82 81
19 31 49 57 44
19 32 6 92 86
19 33 64 35 38
19 34 72 28 28
19 35 31 65 70
19 36 8 87 81
19 37 50 45 57
19 38 27 76 66
19 39 0 86 92
19 40 90 12 11
19 41 85 18 19
19 42 84 15 24
19 43 30 70 65
19 44 41 62 58
19 45 0 98 96
19 46 0 96 98
19 47 10 79 85
19 48 60 42 42
19 49 68 40 37
20 21 98 4 15
20 22 67 32 38
20 23 95 10 4
20 24 5 89 81
20 25 50 56 53
20 26 13 80 77
20 27 56 43 48
20 28 0 94 94
20 29 72 37 24
20 30 84 23 16
20 31 32 69 67
20 32 18 71 74
20 33 30 69 73
20 34 98 3 3
20 35 4 96 94
20 36 81 17 16
20 37 20 78 68
20 38 89 18 13
20 39 61 42 43
20 40 23 66 70
20 41 46 54 60
20 42 4 83 84
20 43 57 44 50
20 44 3 82 84
20 45 29 62 73
20 46 98 2 2
20 47 2 84 95
20 48 72 23 30
20 49 50 50 48
21 22 91 14 22
21 23 75 34 33
21 24 73 26 30
21 25 26 67 75
21 26 95 10 9
21 27 15 77 79
21 28 29 73 60
21 29 78 26 21
21 30 77 33 19
21 31 1 95 87
21 32 33 61 65
21 33 60 45 35
21 34 63 45 42
21 35 84 16 27
21 36 15 76 86
21 37 25 67 73
21 38 8 80 89
21 39 81 22 29
21 40 90 23 19
21 41 45 58 57
21 42 53 48 49
21 43 20 71 68
21 44 76 35 29
21 45 51 46 53
21 46 20 70 72
21 47 2 82 95
21 48 52 40 47
21 49 25 72 66
22 23 1 88 97
22 24 69 33 33
22 25 61 34 36
22 26 97 10 2
22 27 73 30 27
22 28 19 77 71
22 29 91 7 17
22 30 74 35 29
22 31 95 9 15
22 32 70 26 28
22 33 77 19 27
22 34 21 73 77
22 35 65 42 41
22 36 12 87 80
22 37 86 22 14
22 38 11 81 77
22 39 61 41 35
22 40 24 65 69
22 41 22 77 77
22 42 33 71 65
22 43 8 85 84
22 44 54 46 51
22 45 66 39 29
22 46 10 78 81
22 47 90 12 16
22 48 94 13 19
22 49 38 66 63
23 24 11 85 78
23 25 99 1 3
23 26 72 35 28
23 27 90 19 9
23 28 64 32 36
23 29 60 42 35
23 30 68 39 40
23 31 30 61 69
23 32 20 67 72
23 33 35 66 68
23 34 34 62 66
23 35 19 70 76
23 36 50 43 56
23 37 61 33 34
23 38 36 57 63
23 39 86 11 14
23 40 81 22 17
23 41 53 44 49
23 42 48 48 50
23 43 33 60 62
23 44 22 68 66
23 45 84 25 21
23 46 17 71 74
23 47 63 33 37
23 48 96 3 16
23 49 93 8 5
24 25 81 27 26
24 26 55 44 45
24 27 31 61 61
24 28 4 85 94
24 29 47 53 44
24 30 5 92 81
24 31 54 42 39
24 32 99 5 1
24 33 26 68 64
24 34 80 19 27
24 35 35 61 62
24 36 0 95 89
24 37 18 83 74
24 38 91 22 21
24 39 83 18 19
24 40 8 85 85
24 41 64 43 42
24 42 77 29 24
24 43 73 26 29
24 44 71 26 37
24 45 58 44 38
24 46 42 53 51
24 47 44 49 61
24 48 28 63 67
24 49 97 6 10
25 26 47 47 58
25 27 38 57 64
25 28 87 24 22
25 29 48 56 44
25 30 68 40 34
25 31 87 14 12
25 32 43 62 48
25 33 67 29 35
25 34 47 59 50
25 35 54 52 53
25 36 72 33 28
25 37 39 54 64
25 38 35 66 60
25 39 47 46 58
25 40 77 31 19
25 41 87 23 22
25 42 64 33 30
25 43 89 14 15
25 44 7 89 86
25 45 70 39 30
25 46 82 14 22
25 47 94 9 11
25 48 94 7 10
25 49 60 46 47
26 27 90 10 20
26 28 86 14 22
26 29 96 16 9
26 30 75 23 24
26 31 82 15 26
26 32 20 82 75
26 33 88 17 16
26 34 72 31 28
26 35 63 30 40
26 36 20 73 73
26 37 73 27 28
26 38 79 23 30
26 39 25 74 68
26 40 67 28 31
26 41 21 80 67
26 42 18 69 79
26 43 17 84 82
26 44 8 81 77
26 45 26 74 62
26 46 95 18 8
26 47 47 46 54
26 48 62 43 45
26 49 92 21 15
27 28 71 28 29
27 29 39 52 56
27 30 71 37 37
27 31 17 83 73
27 32 8 84 83
27 33 93 20 16
27 34 14 83 86
27 35 77 23 19
27 36 78 33 25
27 37 77 27 32
27 38 69 30 30
27 39 55 46 40
27 40 68 32 36
27 41 17 76 73
27 42 15 85 78
27 43 85 13 15
27 44 59 39 38
27 45 68 33 34
27 46 74 24 24
27 47 91 9 20
27 48 21 73 71
27 49 20 76 67
28 29 80 28 19
28 30 14 79 76
28 31 16 78 78
28 32 73 28 23
28 33 99 7 3
28 34 50 45 52
28 35 55 44 40
28 36 65 33 41
28 37 89 21 22
28 38 70 28 33
28 39 46 48 52
28 40 33 60 57
28 41 87 14 23
28 42 11 82 85
28 43 78 28 23
28 44 13 73 80
28 45 3 82 83
28 46 2 84 97
28 47 73 33 27
28 48 19 69 82
28 49 24 73 67
29 30 47 46 55
29 31 77 22 25
29 32 39 57 57
29 33 18 80 75
29 34 84 16 22
29 35 32 63 60
29 36 78 24 22
29 37 65 30 29
29 38 9 78 77
29 39 95 17 9
29 40 11 89 81
29 41 13 81 77
29 42 53 50 51
29 43 86 25 13
29 44 90 18 14
29 45 28 62 67
29 46 83 17 28
29 47 56 37 41
29 48 40 61 64
29 49 12 83 78
30 31 98 11 13
30 32 53 45 40
30 33 30 67 60
30 34 12 88 75
30 35 18 77 74
30 36 95 10 17
30 37 49 44 46
30 38 33 65 59
30 39 3 84 85
30 40 56 37 47
30 41 93 19 14
30 42 14 80 82
30 43 86 15 15
30 44 3 83 93
30 45 48 48 47
30 46 92 8 14
30 47 12 76 75
30 48 97 15 7
30 49 5 94 91
31 32 41 60 51
31 33 96 10 3
31 34 49 55 50
31 35 78 32 23
31 36 79 28 28
31 37 71 34 33
31 38 89 11 19
31 39 52 48 52
31 40 5 81 89
31 41 89 21 16
31 42 6 90 84
31 43 98 15 15
31 44 14 87 75
31 45 24 78 79
31 46 56 45 43
31 47 37 55 61
31 48 64 42 42
31 49 99 1 11
32 33 77 31 19
32 34 36 58 63
32 35 36 55 63
32 36 85 23 26
32 37 59 41 43
32 38 72 27 32
32 39 88 19 16
32 40 30 66 63
32 41 33 65 67
32 42 45 55 56
32 43 16 82 85
32 44 83 19 25
32 45 45 54 48
32 46 11 77 76
32 47 8 91 80
32 48 32 68 70
32 49 87 20 25
33 34 15 86 75
33 35 50 44 45
33 36 40 63 52
33 37 47 50 48
33 38 81 20 21
33 39 2 97 85
33 40 97 3 16
33 41 37 64 67
33 42 19 72 80
33 43 30 72 71
33 44 38 57 54
33 45 54 52 46
33 46 43 52 52
33 47 28 74 73
33 48 68 33 41
33 49 70 30 33
34 35 97 13 14
34 36 19 73 79
34 37 36 67 55
34 38 26 73 69
34 39 12 80 74
34 40 6 90 90
34 41 59 38 46
34 42 2 86 87
34 43 81 28 27
34 44 54 41 46
34 45 73 35 27
34 46 70 35 35
34 47 76 22 33
34 48 26 71 74
34 49 49 47 51
35 36 89 17 22
35 37 17 84 76
35 38 24 71 77
35 39 38 55 55
35 40 46 48 53
35 41 24 75 74
35 42 76 25 27
35 43 3 92 89
35 44 63 43 44
35 45 43 55 54
35 46 47 48 52
35 47 44 52 47
35 48 66 33 30
35 49 47 58 45
36 37 82 21 24
36 38 76 24 20
36 39 55 48 42
36 40 51 43 52
36 41 73 28 27
36 42 86 16 14
36 43 14 80 87
36 44 33 57 58
36 45 78 18 23
36 46 35 67 58
36 47 13 74 81
36 48 21 69 68
36 49 13 78 86
37 38 30 72 64
37 39 49 54 51
37 40 83 15 14
37 41 29 74 75
37 42 83 22 27
37 43 99 4 2
37 44 30 68 60
37 45 58 48 42
37 46 88 23 20
37 47 79 23 26
37 48 18 72 69
37 49 43 51 60
38 39 30 68 63
38 40 8 91 82
38 41 91 16 17
38 42 87 14 16
38 43 64 32 33
38 44 56 37 40
38 45 59 35 41
38 46 13 79 87
38 47 60 45 36
38 48 99 6 15
38 49 45 52 51
39 40 78 33 20
39 41 55 46 46
39 42 14 81 75
39 43 99 4 14
39 44 16 72 70
39 45 66 35 28
39 46 39 53 56
39 47 40 53 55
39 48 87 11 17
39 49 32 64 60
40 41 99 7 10
40 42 10 86 85
40 43 27 61 75
40 44 25 77 64
40 45 16 82 84
40 46 62 32 39
40 47 51 48 45
40 48 44 47 61
40 49 13 77 73
41 42 43 57 54
41 43 17 77 74
41 44 90 20 15
41 45 81 17 15
41 46 16 73 79
41 47 62 38 40
41 48 2 94 84
41 49 71 29 29
42 43 74 33 32
42 44 62 33 38
42 45 81 26 27
42 46 54 41 48
42 47 89 22 9
42 48 68 31 40
42 49 65 33 38
43 44 0 88 93
43 45 69 28 32
43 46 24 68 73
43 47 61 47 41
43 48 91 12 13
43 49 16 84 79
44 45 10 84 87
44 46 28 66 64
44 47 35 64 61
44 48 56 44 49
44 49 23 65 78
45 46 1 85 94
45 47 4 88 84
45 48 60 47 43
45 49 45 49 48
46 47 84 19 26
46 48 89 18 21
46 49 4 86 83
47 48 78 20 26
47 49 30 70 64
48 49 84 23 23
