50 4
0.4 0.5 0.1 0
0 1 37 62 38 57
0 2 45 21 15 65
0 3 55 47 18 15
0 4 77 44 73 17
0 5 58 13 23 75
0 6 96 72 72 67
0 7 70 44 18 8
0 8 45 81 62 36
0 9 99 41 60 18
0 10 12 48 76 37
0 11 28 61 74 44
0 12 19 62 59 91
0 13 36 43 55 90
0 14 58 28 54 79
0 15 64 35 35 10
0 16 79 50 43 18
0 17 8 37 95 25
0 18 99 70 34 28
0 19 30 51 26 88
0 20 98 8 61 9
0 21 53 66 29 46
0 22 41 87 24 91
0 23 80 32 76 41
0 24 51 86 28 38
0 25 7 61 94 49
0 26 38 64 56 60
0 27 78 52 16 72
0 28 52 79 27 27
0 29 8 91 56 27
0 30 93 80 8 36
0 31 93 27 53 29
0 32 99 40 75 62
0 33 42 47 18 78
0 34 85 59 52 38
0 35 5 68 65 31
0 36 46 50 57 11
0 37 6 37 50 19
0 38 2 33 75 32
0 39 62 78 40 74
0 40 34 67 82 63
0 41 91 32 36 23
0 42 33 71 91 43
0 43 34 89 26 27
0 44 83 55 30 82
0 45 4 68 43 22
0 46 53 34 24 58
0 47 57 67 44 12
0 48 76 23 76 75
0 49 11 27 79 62
1 2 94 39 13 27
1 3 31 30 46 21
1 4 28 82 33 80
1 5 31 71 29 77
1 6 16 84 83 33
1 7 36 90 68 75
1 8 57 33 9 12
1 9 49 27 33 59
1 10 2 92 76 47
1 11 9 93 41 63
1 12 80 72 79 34
1 13 87 47 61 50
1 14 89 59 4 37
1 15 37 68 51 89
1 16 43 48 69 27
1 17 34 86 53 29
1 18 49 18 66 62
1 19 34 35 43 60
1 20 26 49 45 91
1 21 67 67 78 36
1 22 80 10 44 71
1 23 41 52 38 32
1 24 56 21 33 70
1 25 61 66 84 60
1 26 71 67 73 12
1 27 70 25 10 10
1 28 19 70 65 79
1 29 61 52 80 68
1 30 74 11 82 84
1 31 62 15 14 29
1 32 70 58 13 72
1 33 4 68 82 95
1 34 39 69 30 75
1 35 46 73 69 67
1 36 31 18 31 16
1 37 37 28 77 48
1 38 19 16 49 84
1 39 69 58 30 56
1 40 86 69 82 34
1 41 55 54 73 63
1 42 23 37 24 56
1 43 92 71 18 72
1 44 96 41 31 40
1 45 22 47 16 27
1 46 59 50 72 58
1 47 37 63 86 15
1 48 42 23 52 59
1 49 26 63 28 65
2 3 62 8 79 49
2 4 40 39 31 55
2 5 36 12 80 45
2 6 73 29 77 65
2 7 44 81 20 62
2 8 55 62 61 78
2 9 81 76 9 82
2 10 55 54 13 37
2 11 68 77 40 37
2 12 91 22 43 59
2 13 34 60 80 66
2 14 54 36 62 33
2 15 22 82 61 57
2 16 29 43 41 26
2 17 35 48 51 87
2 18 72 54 51 60
2 19 46 20 50 26
2 20 15 30 20 30
2 21 22 69 46 66
2 22 24 61 57 45
2 23 20 79 19 70
2 24 91 3 68 21
2 25 57 55 41 32
2 26 37 25 23 76
2 27 80 77 40 16
2 28 98 38 18 1
2 29 19 36 60 32
2 30 28 93 60 43
2 31 88 7 68 14
2 32 74 60 9 20
2 33 43 74 50 35
2 34 14 96 21 53
2 35 5 73 54 33
2 36 76 58 42 54
2 37 95 6 19 40
2 38 54 65 58 53
2 39 13 65 56 51
2 40 10 89 88 43
2 41 81 19 6 37
2 42 46 58 68 78
2 43 67 13 30 46
2 44 40 57 69 66
2 45 18 26 22 87
2 46 78 6 14 54
2 47 17 17 26 29
2 48 14 83 74 59
2 49 85 60 74 41
3 4 63 14 32 19
3 5 11 19 32 63
3 6 36 20 31 55
3 7 94 46 39 7
3 8 83 79 54 7
3 9 66 70 62 49
3 10 0 68 65 24
3 11 65 8 14 63
3 12 85 32 58 35
3 13 68 49 60 51
3 14 74 52 70 49
3 15 76 44 7 45
3 16 74 27 72 57
3 17 7 39 87 54
3 18 7 49 74 36
3 19 1 32 50 51
3 20 16 65 29 77
3 21 36 85 59 44
3 22 88 54 43 11
3 23 41 65 22 60
3 24 96 24 54 42
3 25 3 81 83 25
3 26 79 45 25 69
3 27 47 34 81 37
3 28 49 28 31 26
3 29 80 18 77 33
3 30 46 46 57 13
3 31 62 24 34 7
3 32 9 70 38 56
3 33 94 66 55 17
3 34 21 89 94 18
3 35 13 92 34 92
3 36 88 76 48 65
3 37 63 72 80 60
3 38 19 18 93 52
3 39 88 41 74 11
3 40 37 26 82 62
3 41 90 74 70 36
3 42 55 67 40 55
3 43 12 67 21 56
3 44 71 77 26 31
3 45 25 30 29 83
3 46 36 19 28 25
3 47 79 10 77 6
3 48 73 83 24 66
3 49 0 24 54 43
4 5 77 39 10 47
4 6 43 21 15 45
4 7 74 41 45 82
4 8 51 68 89 80
4 9 12 65 24 59
4 10 66 51 26 59
4 11 40 32 48 76
4 12 10 79 73 52
4 13 37 89 62 68
4 14 5 76 86 91
4 15 17 62 90 85
4 16 94 55 72 14
4 17 17 24 67 54
4 18 52 31 59 61
4 19 94 36 75 12
4 20 72 28 48 16
4 21 86 57 18 19
4 22 87 17 12 81
4 23 1 71 42 63
4 24 28 22 77 81
4 25 67 30 73 69
4 26 27 47 19 32
4 27 63 25 13 22
4 28 26 26 92 32
4 29 53 39 20 79
4 30 40 65 37 85
4 31 24 39 47 76
4 32 5 65 60 24
4 33 97 23 43 11
4 34 80 62 16 7
4 35 5 29 32 66
4 36 84 71 8 51
4 37 90 38 46 57
4 38 19 60 75 64
4 39 17 61 27 34
4 40 37 23 56 47
4 41 96 26 43 10
4 42 19 62 61 40
4 43 62 71 58 49
4 44 99 63 63 64
4 45 67 17 49 25
4 46 15 68 38 86
4 47 60 43 70 49
4 48 84 45 42 51
4 49 58 81 20 11
5 6 76 62 50 34
5 7 61 7 82 65
5 8 44 70 40 56
5 9 26 68 48 50
5 10 84 44 57 64
5 11 50 18 36 63
5 12 19 23 26 19
5 13 98 38 42 44
5 14 21 47 45 29
5 15 61 40 12 57
5 16 20 79 82 57
5 17 40 13 29 26
5 18 62 17 85 11
5 19 20 77 91 17
5 20 75 36 64 30
5 21 16 40 93 95
5 22 47 25 81 87
5 23 70 78 25 16
5 24 38 24 18 48
5 25 32 34 89 50
5 26 82 45 19 59
5 27 36 66 66 92
5 28 84 13 16 58
5 29 49 69 49 62
5 30 93 25 39 43
5 31 65 65 41 43
5 32 48 46 70 73
5 33 17 94 79 76
5 34 59 80 40 36
5 35 23 41 85 18
5 36 90 41 65 12
5 37 10 45 64 95
5 38 73 62 43 10
5 39 24 61 58 40
5 40 86 53 81 36
5 41 55 84 60 11
5 42 44 15 45 30
5 43 18 71 56 19
5 44 10 69 42 28
5 45 34 17 44 30
5 46 50 70 67 55
5 47 56 75 37 55
5 48 29 57 29 68
5 49 0 55 28 50
6 7 1 91 28 79
6 8 22 80 38 34
6 9 70 74 82 61
6 10 53 79 44 85
6 11 91 35 68 23
6 12 44 13 89 69
6 13 39 91 43 56
6 14 11 78 84 49
6 15 79 40 43 17
6 16 67 50 28 78
6 17 41 61 71 14
6 18 71 44 63 65
6 19 10 85 19 82
6 20 98 29 31 71
6 21 66 70 50 10
6 22 59 81 48 42
6 23 44 26 41 69
6 24 19 59 51 22
6 25 32 28 60 56
6 26 26 93 60 61
6 27 15 45 54 63
6 28 29 29 42 27
6 29 39 72 21 80
6 30 95 72 23 37
6 31 57 38 40 35
6 32 27 34 80 56
6 33 95 11 7 38
6 34 61 16 78 16
6 35 19 91 21 75
6 36 7 25 53 95
6 37 78 83 35 47
6 38 5 52 71 49
6 39 8 57 91 56
6 40 68 67 73 41
6 41 80 42 47 56
6 42 31 37 78 52
6 43 95 51 40 28
6 44 82 57 51 32
6 45 89 58 77 30
6 46 98 65 35 67
6 47 75 16 49 15
6 48 12 59 76 76
6 49 67 16 26 57
7 8 38 28 52 79
7 9 14 70 91 33
7 10 96 54 52 42
7 11 76 24 42 45
7 12 55 60 9 36
7 13 99 79 26 38
7 14 18 81 39 65
7 15 71 56 39 8
7 16 22 18 73 26
7 17 42 52 58 73
7 18 49 26 20 16
7 19 16 53 33 71
7 20 75 33 37 14
7 21 62 66 26 66
7 22 69 48 81 80
7 23 62 19 51 74
7 24 68 47 56 29
7 25 42 58 13 55
7 26 47 27 24 36
7 27 53 40 42 10
7 28 25 29 86 70
7 29 4 26 38 80
7 30 46 25 80 54
7 31 41 33 56 47
7 32 29 57 65 74
7 33 7 94 73 81
7 34 89 37 30 29
7 35 5 42 26 41
7 36 93 19 35 9
7 37 42 40 22 26
7 38 9 65 36 72
7 39 85 16 3 27
7 40 80 76 63 82
7 41 63 77 59 24
7 42 1 66 56 63
7 43 62 65 76 63
7 44 71 14 40 56
7 45 61 37 83 60
7 46 19 20 46 69
7 47 31 70 57 70
7 48 82 75 51 46
7 49 31 66 50 45
8 9 96 61 16 55
8 10 85 70 78 38
8 11 98 19 39 54
8 12 19 72 57 74
8 13 9 32 21 49
8 14 52 72 49 71
8 15 89 15 26 14
8 16 40 50 37 47
8 17 39 29 29 29
8 18 46 81 12 35
8 19 95 3 41 11
8 20 40 68 41 35
8 21 63 68 53 26
8 22 69 48 17 39
8 23 66 67 78 27
8 24 81 51 11 44
8 25 7 41 19 29
8 26 13 67 73 97
8 27 12 51 71 73
8 28 15 21 49 49
8 29 99 32 69 70
8 30 72 65 18 72
8 31 8 85 68 18
8 32 59 32 73 76
8 33 82 7 42 78
8 34 75 19 31 31
8 35 2 58 97 47
8 36 20 68 54 77
8 37 68 56 59 33
8 38 33 45 93 75
8 39 33 17 18 71
8 40 81 12 37 76
8 41 18 41 25 41
8 42 8 86 59 38
8 43 3 56 31 88
8 44 56 56 68 64
8 45 63 56 80 74
8 46 60 45 47 43
8 47 4 83 74 41
8 48 7 51 37 59
8 49 2 76 74 40
9 10 22 48 37 76
9 11 44 76 75 28
9 12 98 40 63 12
9 13 10 29 93 25
9 14 26 65 54 41
9 15 44 85 76 66
9 16 24 17 81 43
9 17 23 55 83 36
9 18 58 59 73 62
9 19 62 20 20 86
9 20 29 67 83 85
9 21 38 49 68 14
9 22 11 74 83 79
9 23 27 90 44 15
9 24 92 3 45 11
9 25 82 21 77 76
9 26 26 23 74 57
9 27 13 82 64 44
9 28 43 63 43 74
9 29 28 41 59 41
9 30 98 34 33 15
9 31 65 75 49 38
9 32 23 76 17 56
9 33 12 81 81 36
9 34 73 79 56 84
9 35 44 26 47 15
9 36 13 60 37 55
9 37 44 48 31 11
9 38 10 37 41 35
9 39 68 25 58 55
9 40 37 47 55 87
9 41 57 11 38 24
9 42 75 67 34 17
9 43 67 56 78 26
9 44 9 28 71 97
9 45 41 85 88 51
9 46 16 32 39 87
9 47 69 64 73 75
9 48 47 41 65 51
9 49 72 45 9 40
10 11 82 38 59 7
10 12 81 16 49 8
10 13 82 18 57 8
10 14 73 9 70 69
10 15 54 19 33 63
10 16 76 33 25 41
10 17 63 86 86 16
10 18 31 78 63 74
10 19 88 46 49 10
10 20 56 42 36 12
10 21 79 44 24 8
10 22 46 76 50 17
10 23 24 40 45 32
10 24 42 66 50 64
10 25 32 62 38 31
10 26 86 59 11 47
10 27 77 6 38 50
10 28 38 23 49 20
10 29 9 62 82 36
10 30 97 44 9 33
10 31 53 60 86 62
10 32 8 77 46 46
10 33 37 55 89 88
10 34 54 31 45 63
10 35 86 21 16 14
10 36 60 46 24 41
10 37 87 60 43 13
10 38 95 15 31 40
10 39 34 37 80 77
10 40 34 41 21 78
10 41 37 21 75 72
10 42 57 39 29 47
10 43 71 47 23 56
10 44 23 90 52 75
10 45 85 37 56 62
10 46 90 2 78 42
10 47 38 50 52 58
10 48 55 65 82 34
10 49 91 6 3 41
11 12 30 34 49 26
11 13 2 31 29 39
11 14 76 71 31 49
11 15 17 37 90 21
11 16 80 8 56 31
11 17 44 50 30 86
11 18 26 70 43 40
11 19 61 66 26 83
11 20 37 22 79 63
11 21 99 16 72 76
11 22 31 22 84 29
11 23 4 97 44 77
11 24 89 56 69 59
11 25 34 82 82 22
11 26 53 22 39 31
11 27 0 62 94 88
11 28 21 62 22 70
11 29 49 82 35 43
11 30 8 96 27 77
11 31 0 23 31 57
11 32 56 17 65 12
11 33 25 44 57 31
11 34 43 82 32 56
11 35 23 79 38 65
11 36 14 44 38 37
11 37 90 57 23 78
11 38 53 28 35 68
11 39 80 68 30 32
11 40 76 65 35 69
11 41 69 41 9 76
11 42 36 79 16 87
11 43 24 69 36 58
11 44 80 29 6 62
11 45 16 60 32 38
11 46 51 40 85 81
11 47 79 70 21 40
11 48 4 52 66 75
11 49 11 93 52 63
12 13 74 21 82 50
12 14 81 80 9 69
12 15 42 80 76 64
12 16 79 73 10 36
12 17 96 27 8 79
12 18 73 49 65 39
12 19 36 84 42 42
12 20 87 19 75 18
12 21 66 14 67 60
12 22 33 66 19 28
12 23 36 83 57 32
12 24 38 82 72 89
12 25 33 31 30 79
12 26 8 18 79 77
12 27 38 48 42 33
12 28 35 13 31 52
12 29 5 20 88 74
12 30 29 55 65 22
12 31 82 32 39 4
12 32 33 71 25 70
12 33 25 72 66 82
12 34 1 63 87 32
12 35 98 59 19 39
12 36 61 87 32 73
12 37 9 60 55 32
12 38 35 39 83 79
12 39 47 36 22 61
12 40 21 44 27 86
12 41 9 74 33 36
12 42 67 53 11 62
12 43 64 44 28 24
12 44 18 23 23 47
12 45 54 9 54 16
12 46 74 30 77 62
12 47 68 79 6 28
12 48 46 50 73 52
12 49 41 41 66 28
13 14 51 66 31 22
13 15 28 49 69 66
13 16 36 23 44 33
13 17 77 65 22 38
13 18 92 70 16 69
13 19 9 42 48 43
13 20 62 21 60 80
13 21 52 61 20 69
13 22 28 80 30 80
13 23 23 69 74 26
13 24 71 48 18 32
13 25 1 64 70 25
13 26 99 53 6 59
13 27 44 45 87 50
13 28 36 23 70 35
13 29 14 86 82 85
13 30 91 20 63 49
13 31 38 79 61 32
13 32 12 77 79 34
13 33 99 79 61 28
13 34 18 16 92 56
13 35 45 59 39 24
13 36 50 56 48 45
13 37 58 21 11 19
13 38 46 51 50 20
13 39 90 11 80 34
13 40 23 89 78 69
13 41 61 66 70 16
13 42 49 30 41 25
13 43 21 40 53 36
13 44 1 86 98 20
13 45 55 63 56 33
13 46 74 51 13 53
13 47 1 26 87 73
13 48 75 77 26 45
13 49 42 51 31 57
14 15 68 24 39 73
14 16 96 76 61 48
14 17 23 33 45 25
14 18 70 14 11 50
14 19 37 63 38 72
14 20 51 56 84 68
14 21 39 78 24 27
14 22 95 55 60 9
14 23 35 16 56 21
14 24 43 39 71 33
14 25 37 16 65 67
14 26 1 19 75 84
14 27 88 25 60 80
14 28 53 79 71 12
14 29 6 72 60 50
14 30 37 75 28 67
14 31 0 99 77 64
14 32 87 39 55 27
14 33 87 54 57 57
14 34 42 27 80 43
14 35 31 31 80 45
14 36 11 44 27 73
14 37 7 27 62 22
14 38 47 39 76 22
14 39 35 88 21 52
14 40 46 42 11 28
14 41 73 84 38 15
14 42 27 28 31 28
14 43 21 42 88 45
14 44 60 58 20 73
14 45 66 55 84 38
14 46 13 95 88 51
14 47 34 84 41 47
14 48 11 41 59 89
14 49 73 63 40 13
15 16 8 97 89 83
15 17 54 18 50 30
15 18 33 77 55 60
15 19 10 96 26 48
15 20 92 42 5 32
15 21 68 12 27 51
15 22 51 26 85 37
15 23 94 21 6 5
15 24 63 41 9 24
15 25 85 74 37 73
15 26 61 83 29 8
15 27 33 41 19 39
15 28 69 55 50 81
15 29 5 40 30 41
15 30 84 34 36 19
15 31 60 70 39 39
15 32 5 81 93 55
15 33 98 0 11 78
15 34 42 67 75 80
15 35 75 32 35 56
15 36 45 71 35 61
15 37 26 39 57 66
15 38 77 34 24 63
15 39 10 50 20 49
15 40 16 76 61 62
15 41 52 32 88 51
15 42 3 45 97 59
15 43 45 69 32 34
15 44 39 27 73 44
15 45 65 60 37 85
15 46 20 55 82 54
15 47 62 49 40 22
15 48 64 49 34 22
15 49 84 11 5 70
16 17 18 30 39 81
16 18 8 31 96 89
16 19 14 40 41 23
16 20 71 63 83 48
16 21 90 12 51 23
16 22 66 42 48 65
16 23 1 50 30 97
16 24 12 26 68 41
16 25 23 36 88 64
16 26 8 30 83 78
16 27 68 8 43 12
16 28 79 76 4 13
16 29 26 61 44 80
16 30 9 92 41 94
16 31 5 74 22 76
16 32 98 52 56 68
16 33 37 34 33 47
16 34 72 14 49 84
16 35 52 85 28 36
16 36 43 20 59 43
16 37 58 13 15 24
16 38 28 83 45 21
16 39 31 21 41 70
16 40 81 13 17 70
16 41 83 9 13 58
16 42 55 9 47 82
16 43 24 28 68 71
16 44 64 80 52 75
16 45 79 59 72 46
16 46 45 33 51 84
16 47 4 31 45 24
16 48 68 35 84 78
16 49 10 78 24 36
17 18 55 25 51 47
17 19 8 23 36 75
17 20 88 30 71 78
17 21 67 18 62 19
17 22 24 63 63 87
17 23 28 20 45 74
17 24 77 82 51 53
17 25 89 47 61 27
17 26 89 43 35 79
17 27 37 82 18 50
17 28 7 36 35 78
17 29 74 73 23 36
17 30 2 82 30 57
17 31 88 2 78 79
17 32 75 6 19 71
17 33 20 62 26 32
17 34 27 87 37 62
17 35 15 46 92 44
17 36 78 34 58 29
17 37 98 41 10 34
17 38 48 79 84 52
17 39 26 64 15 36
17 40 85 73 73 50
17 41 12 35 94 45
17 42 66 28 10 10
17 43 73 7 73 27
17 44 67 82 27 53
17 45 26 69 88 34
17 46 77 76 32 68
17 47 18 35 49 18
17 48 87 57 26 39
17 49 87 32 19 64
18 19 41 49 52 76
18 20 31 44 75 71
18 21 73 30 80 38
18 22 26 45 18 43
18 23 47 17 26 47
18 24 63 75 13 29
18 25 40 16 86 82
18 26 74 81 84 51
18 27 89 24 12 31
18 28 34 39 17 16
18 29 73 60 19 33
18 30 52 51 69 60
18 31 48 67 80 20
18 32 49 50 60 82
18 33 14 27 71 56
18 34 1 47 25 27
18 35 36 49 70 43
18 36 20 94 36 34
18 37 75 30 16 76
18 38 8 90 80 32
18 39 41 69 19 76
18 40 24 88 38 61
18 41 90 14 47 19
18 42 85 56 30 44
18 43 86 14 12 44
18 44 55 21 77 59
18 45 13 74 51 85
18 46 28 43 66 57
18 47 61 53 49 78
18 48 79 76 17 50
18 49 39 35 66 29
19 20 49 39 55 87
19 21 42 52 87 30
19 22 93 29 2 37
19 23 63 57 71 69
19 24 95 45 21 31
19 25 61 41 46 51
19 26 93 16 27 17
19 27 30 26 77 14
19 28 20 34 61 31
19 29 61 81 9 58
19 30 99 54 18 8
19 31 87 58 77 47
19 32 47 46 75 17
19 33 76 27 30 19
19 34 31 18 73 44
19 35 1 61 56 62
19 36 94 49 62 44
19 37 17 93 46 43
19 38 61 85 10 38
19 39 40 70 40 39
19 40 34 37 34 24
19 41 0 27 25 64
19 42 13 39 28 30
19 43 63 11 59 29
19 44 59 78 15 57
19 45 27 16 81 72
19 46 54 71 71 32
19 47 27 57 80 92
19 48 96 24 32 20
19 49 2 29 55 36
20 21 76 43 8 84
20 22 46 34 49 25
20 23 67 23 78 54
20 24 0 31 40 46
20 25 57 85 70 74
20 26 45 76 58 76
20 27 20 44 95 76
20 28 79 72 43 77
20 29 49 43 88 33
20 30 50 47 24 14
20 31 81 22 54 80
20 32 27 37 75 20
20 33 54 21 65 44
20 34 36 73 51 85
20 35 67 74 45 26
20 36 29 70 82 28
20 37 23 74 76 22
20 38 93 4 42 34
20 39 8 98 47 48
20 40 30 24 16 47
20 41 64 78 86 73
20 42 51 30 27 79
20 43 59 85 14 30
20 44 13 84 36 56
20 45 47 58 73 50
20 46 54 76 18 69
20 47 31 42 70 77
20 48 25 54 25 87
20 49 27 20 81 89
21 22 24 90 41 20
21 23 9 42 70 45
21 24 71 9 85 60
21 25 72 53 74 15
21 26 39 77 46 69
21 27 47 38 18 89
21 28 11 46 49 89
21 29 18 63 27 20
21 30 43 77 31 32
21 31 64 10 82 74
21 32 68 72 37 20
21 33 41 34 42 31
21 34 94 57 56 32
21 35 87 70 48 16
21 36 1 46 32 39
21 37 89 47 43 5
21 38 25 71 61 31
21 39 53 81 40 86
21 40 37 29 88 56
21 41 58 24 17 80
21 42 79 15 63 33
21 43 65 80 79 22
21 44 3 37 69 91
21 45 14 21 22 48
21 46 63 46 26 66
21 47 1 29 90 93
21 48 56 30 32 49
21 49 64 14 42 68
22 23 96 10 56 41
22 24 91 20 55 17
22 25 10 40 62 46
22 26 50 61 88 87
22 27 8 77 19 32
22 28 37 79 31 61
22 29 86 75 29 16
22 30 44 88 49 55
22 31 1 61 64 53
22 32 10 89 26 26
22 33 32 53 47 60
22 34 49 17 41 14
22 35 26 15 43 40
22 36 39 72 66 91
22 37 15 26 76 83
22 38 65 80 20 50
22 39 87 3 55 25
22 40 59 79 25 67
22 41 93 59 25 19
22 42 88 33 64 14
22 43 20 25 58 47
22 44 39 77 25 13
22 45 25 36 67 44
22 46 71 78 40 40
22 47 68 13 77 7
22 48 84 51 82 33
22 49 66 54 84 42
23 24 26 39 84 31
23 25 88 70 29 23
23 26 11 39 40 49
23 27 41 68 81 91
23 28 68 50 10 8
23 29 65 67 11 42
23 30 23 32 89 67
23 31 27 33 48 85
23 32 88 11 77 21
23 33 78 62 83 83
23 34 87 39 79 60
23 35 79 74 58 13
23 36 50 70 18 88
23 37 67 26 65 82
23 38 44 85 55 33
23 39 4 23 47 95
23 40 63 73 53 68
23 41 95 60 16 44
23 42 7 18 24 92
23 43 95 29 57 74
23 44 69 16 15 64
23 45 91 81 43 21
23 46 66 70 61 35
23 47 22 50 64 62
23 48 64 47 62 20
23 49 15 51 27 94
24 25 79 26 46 52
24 26 43 70 50 84
24 27 26 55 76 64
24 28 94 3 3 34
24 29 68 41 13 83
24 30 86 37 34 80
24 31 22 87 48 71
24 32 73 71 70 14
24 33 58 86 83 77
24 34 67 73 37 12
24 35 42 19 27 45
24 36 78 22 54 51
24 37 88 3 60 71
24 38 32 72 79 75
24 39 87 26 28 4
24 40 95 44 49 30
24 41 46 32 76 83
24 42 11 35 44 39
24 43 97 40 36 46
24 44 45 47 68 56
24 45 64 31 19 28
24 46 33 65 30 18
24 47 91 28 39 12
24 48 15 21 71 57
24 49 78 50 44 66
25 26 68 47 71 27
25 27 20 42 52 55
25 28 13 87 27 93
25 29 9 94 89 45
25 30 78 79 44 24
25 31 62 9 30 85
25 32 51 87 10 11
25 33 71 79 8 17
25 34 72 46 27 84
25 35 46 31 52 87
25 36 48 85 78 23
25 37 68 70 11 55
25 38 80 6 46 42
25 39 52 49 22 52
25 40 73 85 19 36
25 41 35 88 62 35
25 42 9 84 64 41
25 43 23 73 71 25
25 44 9 90 23 55
25 45 49 61 34 85
25 46 61 34 71 72
25 47 78 46 49 13
25 48 53 69 85 68
25 49 75 23 77 49
26 27 20 95 29 77
26 28 26 47 89 51
26 29 0 93 33 67
26 30 57 74 82 71
26 31 66 74 47 18
26 32 67 56 58 7
26 33 17 58 43 85
26 34 0 95 21 23
26 35 81 24 13 29
26 36 76 42 78 29
26 37 14 71 70 76
26 38 67 54 22 36
26 39 56 55 33 83
26 40 13 48 29 43
26 41 55 77 37 50
26 42 62 68 80 8
26 43 41 61 70 36
26 44 86 33 6 79
26 45 61 37 36 82
26 46 55 85 70 29
26 47 37 70 52 83
26 48 48 44 43 64
26 49 8 69 37 23
27 28 80 14 21 22
27 29 10 58 48 68
27 30 24 57 44 58
27 31 43 68 35 42
27 32 93 44 70 45
27 33 29 28 31 18
27 34 79 37 32 75
27 35 54 83 9 69
27 36 40 80 41 48
27 37 99 32 44 67
27 38 65 24 22 66
27 39 90 52 55 59
27 40 34 90 35 56
27 41 68 38 43 7
27 42 18 30 27 45
27 43 32 22 19 80
27 44 20 61 32 67
27 45 1 75 66 44
27 46 26 67 61 43
27 47 88 64 37 24
27 48 96 35 62 12
27 49 12 57 55 24
28 29 23 63 18 93
28 30 10 49 85 65
28 31 81 69 63 81
28 32 3 33 44 71
28 33 42 46 52 44
28 34 96 36 56 42
28 35 9 67 67 30
28 36 72 20 16 8
28 37 8 49 57 50
28 38 5 73 81 62
28 39 95 45 77 2
28 40 15 30 19 82
28 41 64 24 68 56
28 42 55 31 17 24
28 43 34 25 54 38
28 44 96 53 58 40
28 45 37 78 18 22
28 46 37 12 49 73
28 47 85 37 25 62
28 48 48 15 17 73
28 49 26 31 38 80
29 30 25 38 70 76
29 31 45 53 50 71
29 32 44 51 78 36
29 33 49 88 41 34
29 34 63 49 41 26
29 35 54 46 75 61
29 36 65 80 31 45
29 37 5 75 27 71
29 38 99 68 64 19
29 39 75 45 47 32
29 40 70 70 68 27
29 41 95 60 41 62
29 42 79 77 39 27
29 43 72 82 65 76
29 44 56 45 37 74
29 45 84 47 25 75
29 46 45 64 21 49
29 47 84 24 41 41
29 48 54 16 32 64
29 49 68 46 75 33
30 31 16 51 64 22
30 32 91 5 25 54
30 33 45 65 45 46
30 34 54 29 22 79
30 35 40 55 39 45
30 36 50 48 35 42
30 37 77 24 40 54
30 38 22 69 49 95
30 39 82 73 82 12
30 40 29 15 24 44
30 41 10 74 68 62
30 42 35 38 87 67
30 43 0 73 96 61
30 44 89 8 41 2
30 45 75 54 74 74
30 46 99 5 54 77
30 47 20 44 36 57
30 48 39 55 79 32
30 49 69 65 66 58
31 32 23 53 19 32
31 33 24 75 53 81
31 34 51 77 43 41
31 35 85 70 59 82
31 36 93 29 49 25
31 37 9 96 72 89
31 38 38 34 79 20
31 39 85 42 69 53
31 40 8 47 86 65
31 41 89 19 48 28
31 42 50 45 38 81
31 43 97 63 66 62
31 44 31 21 57 70
31 45 79 67 65 16
31 46 69 46 17 42
31 47 99 5 56 71
31 48 6 45 46 89
31 49 39 59 85 87
32 33 38 29 27 63
32 34 33 38 36 40
32 35 81 39 71 32
32 36 99 38 71 16
32 37 62 66 11 51
32 38 52 64 63 57
32 39 75 24 71 26
32 40 36 81 27 22
32 41 41 65 12 49
32 42 88 36 22 31
32 43 84 23 32 50
32 44 92 16 68 67
32 45 31 37 58 85
32 46 10 24 74 74
32 47 91 14 74 56
32 48 8 79 90 46
32 49 49 12 77 28
33 34 81 30 17 7
33 35 8 45 29 88
33 36 54 54 34 74
33 37 18 19 41 75
33 38 4 60 46 90
33 39 96 12 11 38
33 40 44 18 59 26
33 41 58 38 64 66
33 42 78 81 54 16
33 43 55 30 84 26
33 44 62 71 39 45
33 45 42 78 89 82
33 46 35 62 47 91
33 47 37 26 32 35
33 48 38 52 71 55
33 49 70 40 30 51
34 35 32 16 20 21
34 36 94 9 59 31
34 37 94 67 75 27
34 38 36 36 40 60
34 39 69 33 49 73
34 40 90 21 69 48
34 41 15 41 45 74
34 42 16 87 57 32
34 43 33 84 49 50
34 44 18 25 85 18
34 45 42 47 63 78
34 46 58 52 60 36
34 47 32 88 85 81
34 48 91 11 46 34
34 49 84 37 28 77
35 36 65 68 34 86
35 37 60 36 23 71
35 38 41 63 75 34
35 39 71 20 29 12
35 40 75 16 15 19
35 41 3 33 76 82
35 42 3 66 21 90
35 43 53 57 42 16
35 44 55 75 25 20
35 45 32 67 73 53
35 46 93 17 39 24
35 47 97 32 73 71
35 48 97 64 7 7
35 49 42 73 60 47
36 37 71 41 78 20
36 38 86 44 71 28
36 39 52 54 12 48
36 40 76 10 67 81
36 41 78 43 51 50
36 42 99 9 28 12
36 43 0 57 89 58
36 44 67 44 13 71
36 45 40 73 29 79
36 46 73 11 24 68
36 47 80 55 24 30
36 48 24 69 39 41
36 49 21 17 31 23
37 38 17 76 86 81
37 39 26 63 40 89
37 40 85 34 28 43
37 41 74 30 58 21
37 42 94 25 76 42
37 43 64 73 39 8
37 44 54 14 59 29
37 45 61 27 21 34
37 46 97 4 39 39
37 47 90 39 24 23
37 48 62 30 48 24
37 49 27 56 14 44
38 39 63 24 22 68
38 40 63 25 7 50
38 41 43 73 13 60
38 42 97 8 65 34
38 43 61 31 13 13
38 44 47 35 60 24
38 45 23 25 19 26
38 46 84 4 65 45
38 47 17 48 55 54
38 48 87 78 43 60
38 49 26 50 86 61
39 40 69 82 63 31
39 41 98 23 31 2
39 42 24 55 22 73
39 43 84 79 61 67
39 44 26 86 56 34
39 45 48 84 56 75
39 46 38 28 45 82
39 47 98 48 11 2
39 48 18 33 58 72
39 49 11 21 81 60
40 41 75 73 5 75
40 42 15 77 40 18
40 43 13 93 58 88
40 44 8 66 24 90
40 45 44 86 12 64
40 46 94 44 9 50
40 47 20 47 62 28
40 48 18 37 71 75
40 49 23 66 81 20
41 42 61 56 22 74
41 43 42 87 59 90
41 44 37 26 21 86
41 45 14 69 35 59
41 46 18 18 75 71
41 47 12 59 43 64
41 48 55 55 39 68
41 49 1 72 87 81
42 43 23 79 94 64
42 44 46 74 44 45
42 45 51 36 74 49
42 46 86 22 33 44
42 47 94 64 69 17
42 48 68 13 29 16
42 49 58 83 23 41
43 44 24 48 15 15
43 45 24 54 93 40
43 46 66 84 66 26
43 47 91 51 32 18
43 48 86 73 41 34
43 49 2 67 63 41
44 45 7 90 80 62
44 46 3 35 30 41
44 47 95 39 28 3
44 48 33 58 67 78
44 49 47 47 37 61
45 46 87 57 48 76
45 47 86 30 11 68
45 48 7 35 22 89
45 49 25 70 77 44
46 47 89 20 80 14
46 48 10 36 30 89
46 49 45 68 37 88
47 48 21 83 85 63
47 49 32 35 19 92
48 49 81 17 11 79
