0.14
0.105
0.1
0.14
0.16
0.04
0.16
0.12
0.01
0.22
0.1
0.01
0.2
0.125
0.13
0.755
0.725
0.415
1.61
2.195
1.81
4.825
4.455
4.53
4.475
8.325
4.18
9.635
8.565
9.94
6.32
7.13
7.405
19.25
21.135
10.09
24.47
23.35
24.305
16.775
20.495
23.395
33.15
34.55
27.01


0.105
0.255
0.325
0.25
0.135
0.17
0.25
0.42
0.765
0.41
0.34
0.84
0.32
0.545
1.035
0.76
1.34
2.195
2.205
2.775
4.52
6.735
6.3
7.285
7.035
10.04
10.825
13.045
11.815
10.215
15.67
12.73
16.67
14.79
20.445
18.395
18.105
26.055
21.915
29.64
29.74
25.25
34.61
31.49
35.015