10 5
0 0 1 0 0 
0 1 89 69 61 81 70
0 2 63 58 39 45 52
0 3 60 63 65 36 76
0 4 4 36 34 47 33
0 5 81 83 41 90 42
0 6 46 38 69 24 23
0 7 93 67 96 75 50
0 8 8 46 17 27 30
0 9 33 20 60 58 18
1 2 25 34 45 47 36
1 3 95 51 80 84 96
1 4 52 57 52 41 59
1 5 46 30 55 35 38
1 6 56 41 31 41 54
1 7 95 55 89 68 84
1 8 74 82 60 82 59
1 9 89 85 83 50 58
2 3 49 52 64 55 27
2 4 63 59 46 34 37
2 5 72 67 65 50 42
2 6 99 96 55 61 76
2 7 76 76 66 82 78
2 8 48 51 27 36 36
2 9 70 60 63 68 60
3 4 80 72 44 55 88
3 5 60 51 36 62 59
3 6 65 79 51 62 59
3 7 44 31 67 65 59
3 8 54 51 69 68 53
3 9 97 71 51 48 95
4 5 95 59 90 56 82
4 6 32 39 30 20 61
4 7 11 12 44 24 51
4 8 86 89 83 75 88
4 9 84 91 83 60 73
5 6 41 41 35 70 39
5 7 95 49 55 56 78
5 8 76 85 50 50 84
5 9 34 49 31 61 66
6 7 46 34 64 32 49
6 8 24 48 16 46 20
6 9 56 64 60 70 30
7 8 25 23 40 57 60
7 9 17 25 16 16 27
8 9 80 49 67 42 86
