12 5
0 0.333333 0.333333 0.333333 0 
0 1 76 79 78 69 64
0 2 81 83 77 71 74
0 3 65 56 67 67 63
0 4 11 14 24 22 21
0 5 45 39 40 48 50
0 6 79 71 79 75 75
0 7 45 41 45 52 50
0 8 65 62 70 64 57
0 9 63 61 66 55 65
0 10 29 26 31 25 39
0 11 61 55 58 57 60
1 2 45 50 45 48 52
1 3 33 31 32 30 38
1 4 50 57 47 42 54
1 5 15 13 17 26 24
1 6 15 14 17 25 16
1 7 80 77 72 75 78
1 8 45 53 52 52 48
1 9 27 38 32 35 33
1 10 64 58 67 65 56
1 11 45 50 44 51 47
2 3 63 58 64 55 57
2 4 78 80 77 70 73
2 5 0 15 4 5 1
2 6 75 72 76 68 76
2 7 79 81 76 74 75
2 8 73 74 63 63 70
2 9 50 47 43 46 49
2 10 78 69 73 75 75
2 11 85 76 77 76 78
3 4 15 20 16 15 19
3 5 95 96 86 93 86
3 6 62 66 54 63 55
3 7 74 77 73 71 66
3 8 21 30 24 23 23
3 9 51 50 48 56 58
3 10 96 94 91 93 86
3 11 61 52 55 54 57
4 5 88 86 76 85 88
4 6 45 46 44 46 46
4 7 94 83 87 89 91
4 8 47 44 55 51 52
4 9 82 76 77 82 74
4 10 38 38 42 33 45
4 11 82 70 80 70 70
5 6 68 66 61 63 61
5 7 59 51 60 60 53
5 8 95 90 85 84 92
5 9 50 44 47 47 57
5 10 4 10 7 16 10
5 11 1 3 15 9 3
6 7 22 31 23 31 21
6 8 1 6 6 9 3
6 9 2 7 4 16 16
6 10 35 35 32 42 31
6 11 97 85 97 83 88
7 8 9 17 16 15 11
7 9 7 20 17 11 13
7 10 48 51 45 42 51
7 11 73 67 69 68 65
8 9 11 23 24 13 12
8 10 97 87 86 87 91
8 11 83 80 76 83 77
9 10 10 23 21 19 11
9 11 54 57 60 49 54
10 11 30 27 34 29 28
