30 5
0 0.333333 0.333333 0.333333 0 
0 1 45 68 62 43 47
0 2 77 50 58 87 79
0 3 56 62 74 41 56
0 4 11 36 21 22 27
0 5 63 70 54 61 37
0 6 26 22 36 44 36
0 7 88 86 58 63 44
0 8 78 67 86 75 76
0 9 1 27 1 15 41
0 10 60 66 31 45 60
0 11 0 22 49 28 19
0 12 54 71 43 49 40
0 13 67 66 54 77 49
0 14 52 42 56 30 38
0 15 16 43 55 28 36
0 16 67 51 75 48 34
0 17 80 45 58 77 70
0 18 2 36 50 1 10
0 19 73 75 55 66 68
0 20 99 80 89 93 67
0 21 77 56 70 73 65
0 22 13 20 18 24 24
0 23 81 82 52 57 66
0 24 32 21 42 63 33
0 25 98 71 88 61 64
0 26 55 72 43 40 75
0 27 94 82 70 91 90
0 28 82 85 80 72 85
0 29 13 33 49 39 31
1 2 65 46 57 34 50
1 3 63 32 71 52 60
1 4 39 25 42 51 61
1 5 89 64 84 78 76
1 6 59 61 36 77 39
1 7 45 38 65 57 58
1 8 32 39 40 36 57
1 9 47 28 25 48 65
1 10 4 46 23 27 6
1 11 36 25 31 65 64
1 12 92 91 74 81 71
1 13 31 61 17 21 57
1 14 88 58 44 59 70
1 15 24 49 52 59 29
1 16 0 20 2 47 24
1 17 39 28 31 31 38
1 18 8 28 51 45 37
1 19 83 53 44 58 67
1 20 43 68 42 49 45
1 21 36 50 21 26 21
1 22 40 66 33 38 30
1 23 37 57 54 37 56
1 24 79 45 56 69 74
1 25 13 40 33 11 44
1 26 53 48 63 69 38
1 27 4 38 5 18 46
1 28 85 86 66 53 78
1 29 60 61 64 49 74
2 3 36 28 35 34 29
2 4 78 71 65 71 71
2 5 68 67 47 67 44
2 6 66 54 62 58 75
2 7 67 72 64 72 78
2 8 77 65 83 73 74
2 9 58 53 76 46 55
2 10 68 56 59 36 79
2 11 67 43 45 72 46
2 12 53 42 66 51 38
2 13 84 46 86 67 71
2 14 58 44 72 53 36
2 15 73 53 53 47 85
2 16 19 53 31 20 20
2 17 71 78 45 53 47
2 18 44 28 28 60 68
2 19 87 71 87 83 55
2 20 39 58 62 61 40
2 21 44 52 55 29 22
2 22 21 60 57 40 42
2 23 58 35 72 71 42
2 24 26 36 58 53 44
2 25 84 85 84 47 52
2 26 32 49 53 49 32
2 27 9 29 15 14 25
2 28 56 76 65 66 54
2 29 25 17 26 42 32
3 4 82 45 53 61 47
3 5 55 32 59 68 76
3 6 3 19 5 49 5
3 7 61 78 37 39 34
3 8 81 88 81 56 88
3 9 78 88 65 64 53
3 10 40 49 28 49 65
3 11 50 67 73 43 61
3 12 88 49 53 50 89
3 13 33 17 60 65 58
3 14 1 22 8 12 30
3 15 33 59 37 27 37
3 16 37 30 44 47 27
3 17 17 50 14 58 20
3 18 24 51 48 41 36
3 19 70 36 65 49 78
3 20 30 53 21 55 42
3 21 44 64 66 33 55
3 22 41 59 43 35 59
3 23 9 5 11 20 23
3 24 68 38 41 71 63
3 25 33 51 25 36 64
3 26 57 76 38 51 54
3 27 63 40 68 38 41
3 28 9 37 27 46 25
3 29 46 41 61 54 57
4 5 56 73 43 47 55
4 6 16 41 29 31 37
4 7 60 32 41 56 64
4 8 86 68 86 66 73
4 9 66 44 76 56 40
4 10 14 34 27 26 15
4 11 6 42 50 17 16
4 12 25 56 16 62 36
4 13 56 67 73 44 45
4 14 50 56 39 68 55
4 15 48 57 35 31 59
4 16 4 26 41 10 39
4 17 79 49 82 74 73
4 18 67 53 56 53 57
4 19 75 61 82 58 79
4 20 85 55 59 44 58
4 21 89 76 82 81 94
4 22 97 74 82 76 59
4 23 18 46 20 25 43
4 24 5 48 45 44 31
4 25 55 66 41 66 41
4 26 33 17 22 50 36
4 27 37 46 43 58 27
4 28 22 52 53 58 49
4 29 2 26 29 14 34
5 6 11 7 49 41 54
5 7 36 53 50 26 36
5 8 75 75 78 70 73
5 9 87 57 52 64 83
5 10 7 25 9 17 41
5 11 98 69 79 92 64
5 12 1 13 42 47 43
5 13 69 42 57 49 81
5 14 58 71 67 60 62
5 15 5 49 14 4 36
5 16 98 68 87 83 65
5 17 47 37 29 47 63
5 18 19 43 39 24 45
5 19 6 38 14 12 47
5 20 86 82 70 51 54
5 21 69 48 77 75 78
5 22 50 60 32 41 64
5 23 57 33 38 76 66
5 24 69 84 55 42 64
5 25 24 48 23 27 57
5 26 40 21 55 25 53
5 27 20 31 44 52 55
5 28 19 40 49 14 13
5 29 93 81 81 89 55
6 7 41 56 54 67 58
6 8 50 53 25 63 51
6 9 83 51 70 69 91
6 10 30 31 40 49 61
6 11 49 72 46 53 34
6 12 61 30 35 48 47
6 13 87 63 91 62 48
6 14 71 47 42 49 68
6 15 10 48 42 11 17
6 16 91 71 63 60 57
6 17 20 25 37 21 45
6 18 70 63 55 42 73
6 19 41 62 30 22 55
6 20 56 39 64 65 54
6 21 14 14 49 49 31
6 22 71 84 40 84 66
6 23 5 28 33 27 9
6 24 94 68 96 54 92
6 25 51 38 73 39 33
6 26 8 19 25 21 36
6 27 58 69 40 42 44
6 28 57 76 34 75 29
6 29 74 65 41 83 71
7 8 90 45 71 90 73
7 9 26 55 29 24 55
7 10 64 82 65 76 42
7 11 99 93 62 65 80
7 12 94 85 92 90 55
7 13 67 49 75 68 51
7 14 12 33 32 43 26
7 15 66 80 39 47 63
7 16 74 45 56 81 72
7 17 73 44 59 64 81
7 18 79 70 40 43 83
7 19 27 52 37 34 30
7 20 91 94 46 70 69
7 21 75 85 85 82 58
7 22 80 64 65 67 74
7 23 20 15 50 47 11
7 24 41 21 62 37 21
7 25 53 72 30 69 66
7 26 4 29 9 22 37
7 27 21 43 39 38 12
7 28 18 29 46 59 32
7 29 56 64 29 47 69
8 9 1 2 6 7 5
8 10 98 84 67 71 94
8 11 32 40 17 19 19
8 12 81 60 74 76 79
8 13 8 17 41 21 49
8 14 67 53 78 71 72
8 15 40 29 66 33 37
8 16 20 33 57 40 34
8 17 75 52 81 81 80
8 18 33 64 37 28 20
8 19 47 54 47 27 70
8 20 41 61 26 67 33
8 21 78 82 74 75 80
8 22 40 46 38 33 21
8 23 44 28 39 70 61
8 24 66 80 68 79 49
8 25 34 57 22 41 59
8 26 91 89 93 86 70
8 27 41 65 24 24 24
8 28 78 83 68 82 87
8 29 18 58 36 17 43
9 10 32 56 40 38 25
9 11 52 66 35 55 35
9 12 31 60 23 45 38
9 13 64 58 44 72 40
9 14 38 27 31 59 41
9 15 4 6 35 38 27
9 16 42 60 57 59 39
9 17 19 38 45 21 49
9 18 3 38 28 51 46
9 19 32 50 25 19 26
9 20 64 56 78 55 68
9 21 18 56 41 28 9
9 22 69 41 78 38 73
9 23 99 57 59 60 70
9 24 62 77 36 31 66
9 25 91 49 83 54 71
9 26 55 55 73 71 69
9 27 7 33 43 31 14
9 28 22 32 21 48 24
9 29 75 51 79 41 65
10 11 91 83 55 89 72
10 12 52 33 46 57 75
10 13 19 23 36 32 28
10 14 39 43 59 45 48
10 15 50 49 39 57 45
10 16 70 84 84 56 69
10 17 71 65 64 36 48
10 18 54 68 56 33 27
10 19 73 74 43 84 69
10 20 20 11 41 16 54
10 21 62 45 36 75 49
10 22 31 65 15 19 59
10 23 15 36 7 22 32
10 24 4 33 50 20 33
10 25 37 24 46 27 68
10 26 64 35 67 43 74
10 27 28 33 32 26 28
10 28 1 13 6 24 15
10 29 5 48 10 4 16
11 12 62 48 79 69 35
11 13 3 50 46 51 24
11 14 27 25 34 50 44
11 15 55 60 33 44 30
11 16 87 71 52 52 84
11 17 98 91 83 58 98
11 18 17 29 31 15 31
11 19 68 63 51 76 49
11 20 56 40 68 76 77
11 21 73 62 75 40 45
11 22 19 53 43 23 21
11 23 21 48 40 33 16
11 24 72 48 59 42 70
11 25 30 32 61 58 31
11 26 92 77 91 47 69
11 27 10 42 23 20 7
11 28 23 53 61 59 40
11 29 90 62 85 82 87
12 13 40 48 47 20 22
12 14 81 44 50 75 79
12 15 71 73 60 65 80
12 16 7 48 23 6 6
12 17 52 30 63 58 70
12 18 84 91 74 89 64
12 19 6 19 39 12 36
12 20 41 45 30 48 42
12 21 28 31 43 38 44
12 22 12 22 44 46 35
12 23 74 53 72 63 64
12 24 72 58 59 65 77
12 25 5 22 35 12 23
12 26 33 55 63 63 64
12 27 31 26 22 53 51
12 28 96 87 52 92 72
12 29 44 32 47 51 32
13 14 68 45 42 54 67
13 15 58 30 67 39 40
13 16 33 56 32 17 48
13 17 65 77 36 37 78
13 18 38 21 50 59 42
13 19 33 37 36 29 29
13 20 75 50 67 83 75
13 21 97 49 89 55 96
13 22 21 31 28 46 42
13 23 54 31 42 39 65
13 24 17 57 27 17 13
13 25 30 44 65 50 29
13 26 46 62 54 61 64
13 27 90 67 94 60 53
13 28 60 72 70 40 67
13 29 70 41 77 78 77
14 15 97 98 95 54 92
14 16 18 44 26 47 25
14 17 5 31 28 20 29
14 18 76 51 41 73 70
14 19 19 19 46 43 49
14 20 5 35 50 41 12
14 21 91 89 83 59 82
14 22 87 44 53 49 85
14 23 5 51 51 4 45
14 24 55 57 33 76 64
14 25 59 66 56 53 67
14 26 29 38 38 63 62
14 27 77 69 68 80 85
14 28 61 39 32 69 32
14 29 44 51 37 22 52
15 16 92 94 72 69 89
15 17 17 31 12 52 24
15 18 58 63 77 37 74
15 19 84 63 86 92 54
15 20 54 50 31 42 48
15 21 81 67 71 52 52
15 22 98 83 67 97 99
15 23 37 58 64 67 41
15 24 27 13 30 26 17
15 25 7 43 27 4 22
15 26 19 20 37 54 52
15 27 2 47 32 29 9
15 28 73 57 67 65 55
15 29 14 33 56 55 9
16 17 77 41 88 71 61
16 18 67 77 81 71 62
16 19 73 37 41 60 43
16 20 82 44 43 50 46
16 21 49 71 40 40 74
16 22 29 51 63 49 64
16 23 16 37 13 14 37
16 24 59 40 70 48 38
16 25 32 32 18 21 27
16 26 96 85 96 69 66
16 27 41 65 41 41 31
16 28 44 26 43 35 38
16 29 3 9 21 24 36
17 18 52 56 69 65 75
17 19 47 62 71 70 35
17 20 29 39 27 47 27
17 21 76 79 80 54 79
17 22 15 56 44 50 23
17 23 7 19 11 13 21
17 24 88 59 79 68 64
17 25 94 56 70 58 69
17 26 97 89 97 90 55
17 27 50 51 52 54 52
17 28 69 43 49 46 44
17 29 15 52 19 9 15
18 19 97 80 74 92 59
18 20 42 47 28 43 23
18 21 66 34 51 59 57
18 22 76 41 74 46 51
18 23 15 40 24 13 34
18 24 27 22 53 34 38
18 25 65 43 39 44 69
18 26 95 87 97 54 52
18 27 4 11 8 45 31
18 28 51 52 31 48 32
18 29 11 52 54 26 14
19 20 65 47 60 59 42
19 21 65 72 68 80 69
19 22 91 93 75 82 49
19 23 17 37 18 27 25
19 24 10 43 10 38 52
19 25 99 53 63 83 71
19 26 25 14 19 44 26
19 27 47 36 71 41 59
19 28 73 63 85 49 59
19 29 43 50 45 34 57
20 21 34 42 20 49 61
20 22 94 83 55 84 81
20 23 9 48 34 37 44
20 24 2 44 41 14 49
20 25 31 55 24 28 36
20 26 89 58 54 69 59
20 27 57 59 51 76 55
20 28 99 62 65 87 95
20 29 4 48 6 44 2
21 22 92 89 53 57 48
21 23 3 14 7 11 48
21 24 76 70 56 51 65
21 25 83 71 64 52 67
21 26 38 21 45 63 54
21 27 29 37 26 28 54
21 28 72 63 51 60 70
21 29 36 63 47 50 65
22 23 92 70 57 82 79
22 24 74 72 39 52 72
22 25 64 72 53 36 43
22 26 63 56 75 42 77
22 27 35 56 36 45 58
22 28 9 20 44 26 22
22 29 50 29 48 52 40
23 24 36 32 55 25 48
23 25 42 65 37 56 37
23 26 54 76 41 69 62
23 27 30 15 15 43 25
23 28 9 10 37 27 20
23 29 82 71 58 69 51
24 25 48 52 46 27 66
24 26 99 53 74 84 73
24 27 39 54 50 20 55
24 28 14 46 7 53 44
24 29 59 61 73 50 59
25 26 90 56 73 78 73
25 27 48 62 50 61 50
25 28 86 44 74 52 80
25 29 80 43 50 78 84
26 27 46 65 57 44 64
26 28 22 47 20 30 27
26 29 95 51 82 64 69
27 28 96 56 83 62 96
27 29 4 32 37 24 42
28 29 20 49 57 45 21
