35 5
0 0.333333 0.333333 0.333333 0 
0 1 47 47 46 42 53
0 2 96 92 96 92 87
0 3 78 71 79 79 78
0 4 38 40 45 41 32
0 5 14 12 24 17 18
0 6 22 33 30 33 30
0 7 30 26 38 33 27
0 8 78 80 73 79 73
0 9 79 71 78 80 70
0 10 65 62 65 63 69
0 11 26 34 30 36 23
0 12 44 51 43 46 40
0 13 17 16 26 16 20
0 14 7 10 14 9 19
0 15 21 21 30 19 27
0 16 0 5 4 3 2
0 17 40 46 43 43 38
0 18 84 73 72 77 75
0 19 23 33 32 33 23
0 20 3 16 7 13 17
0 21 70 67 60 60 71
0 22 84 82 79 80 84
0 23 27 31 27 35 33
0 24 54 56 55 57 50
0 25 20 25 23 25 18
0 26 16 24 21 21 22
0 27 9 18 16 8 16
0 28 43 41 41 37 44
0 29 72 64 71 68 72
0 30 77 75 70 74 73
0 31 5 16 9 16 10
0 32 40 39 48 42 35
0 33 44 46 46 46 38
0 34 6 6 10 18 12
1 2 55 52 51 54 54
1 3 58 60 59 62 56
1 4 20 25 28 31 18
1 5 66 62 57 70 69
1 6 13 23 20 23 11
1 7 49 51 54 54 50
1 8 12 23 15 19 12
1 9 50 53 49 57 48
1 10 49 41 46 44 49
1 11 31 39 28 34 27
1 12 4 17 8 9 17
1 13 27 31 23 27 33
1 14 90 86 81 89 88
1 15 12 19 25 23 20
1 16 55 47 57 51 50
1 17 37 32 36 32 35
1 18 68 68 65 62 62
1 19 35 39 35 32 42
1 20 11 20 20 13 14
1 21 54 57 48 57 57
1 22 79 78 69 72 70
1 23 58 55 57 62 63
1 24 69 58 71 69 60
1 25 87 76 74 87 86
1 26 99 84 92 97 92
1 27 1 13 3 2 12
1 28 83 76 85 76 74
1 29 26 25 29 23 30
1 30 75 69 73 75 78
1 31 36 33 43 39 33
1 32 72 62 76 62 70
1 33 92 80 88 83 83
1 34 64 59 54 64 62
2 3 93 89 93 90 79
2 4 55 49 48 51 49
2 5 35 31 31 38 41
2 6 34 38 41 42 33
2 7 86 78 78 85 79
2 8 87 82 76 79 83
2 9 76 77 77 76 72
2 10 0 5 1 1 10
2 11 9 18 16 19 19
2 12 76 79 78 68 79
2 13 5 12 15 8 5
2 14 55 57 50 51 59
2 15 11 14 16 20 23
2 16 63 55 67 66 56
2 17 67 67 58 72 61
2 18 61 62 62 55 66
2 19 89 76 90 78 80
2 20 86 79 74 74 85
2 21 75 67 63 75 71
2 22 24 35 34 21 30
2 23 58 63 58 55 56
2 24 90 87 82 91 90
2 25 61 58 62 55 52
2 26 91 79 92 84 86
2 27 17 29 22 27 29
2 28 39 44 40 43 48
2 29 41 45 44 43 37
2 30 13 14 13 15 12
2 31 92 89 92 83 86
2 32 94 93 81 89 85
2 33 92 92 82 87 87
2 34 92 85 85 87 82
3 4 4 7 13 17 5
3 5 93 86 89 88 80
3 6 62 66 68 67 61
3 7 48 40 41 53 43
3 8 67 59 59 60 68
3 9 9 18 9 21 18
3 10 63 60 62 56 68
3 11 96 96 92 86 85
3 12 46 41 52 48 40
3 13 62 65 60 61 58
3 14 13 16 21 19 21
3 15 84 82 84 79 84
3 16 98 87 87 94 97
3 17 59 62 63 59 55
3 18 19 22 28 16 23
3 19 97 95 89 89 96
3 20 89 80 90 80 79
3 21 33 33 34 42 29
3 22 15 13 15 14 19
3 23 24 27 25 31 25
3 24 25 30 22 29 25
3 25 22 25 29 33 21
3 26 98 91 96 93 98
3 27 69 67 70 63 70
3 28 61 66 63 58 55
3 29 6 11 16 18 15
3 30 34 35 40 34 31
3 31 89 91 89 85 89
3 32 43 46 51 42 47
3 33 86 80 86 78 84
3 34 55 55 56 53 47
4 5 47 42 49 51 44
4 6 43 43 47 38 42
4 7 66 62 67 66 70
4 8 48 45 51 48 53
4 9 64 68 66 63 56
4 10 63 64 55 63 66
4 11 81 74 81 77 80
4 12 40 41 35 48 48
4 13 20 22 30 22 27
4 14 47 50 42 49 49
4 15 37 42 32 46 34
4 16 20 29 31 27 28
4 17 84 77 74 83 84
4 18 7 12 11 19 10
4 19 40 39 44 37 48
4 20 31 28 38 34 38
4 21 5 13 9 18 9
4 22 42 47 37 42 50
4 23 14 22 14 25 14
4 24 60 55 63 56 60
4 25 44 38 40 42 44
4 26 9 8 22 19 17
4 27 52 57 53 46 58
4 28 46 44 46 51 45
4 29 82 70 81 70 73
4 30 35 35 41 36 36
4 31 50 54 43 55 52
4 32 31 37 41 38 32
4 33 8 8 15 21 11
4 34 96 88 86 95 92
5 6 99 99 98 97 85
5 7 46 41 39 51 51
5 8 47 45 51 40 51
5 9 55 56 51 47 58
5 10 96 82 96 93 82
5 11 0 4 2 14 11
5 12 0 9 9 2 0
5 13 51 45 50 51 52
5 14 98 84 87 93 84
5 15 29 36 39 25 34
5 16 45 42 40 47 41
5 17 40 37 48 38 38
5 18 51 55 53 44 47
5 19 98 84 95 86 98
5 20 29 37 28 36 28
5 21 53 54 45 57 57
5 22 11 23 18 21 14
5 23 79 76 78 71 80
5 24 12 12 21 24 19
5 25 22 30 25 21 34
5 26 51 54 53 58 52
5 27 23 23 31 33 20
5 28 0 4 10 13 13
5 29 46 42 43 40 45
5 30 45 45 49 47 53
5 31 62 61 62 60 56
5 32 60 53 63 65 58
5 33 77 70 76 66 73
5 34 40 37 37 46 49
6 7 78 77 67 75 75
6 8 80 76 69 78 73
6 9 94 89 88 92 93
6 10 28 31 25 36 33
6 11 18 26 23 26 20
6 12 49 48 51 56 56
6 13 11 21 18 24 20
6 14 21 30 28 32 18
6 15 38 40 36 33 45
6 16 80 76 79 78 75
6 17 87 85 85 75 75
6 18 77 76 74 67 73
6 19 15 23 15 27 21
6 20 82 81 73 81 78
6 21 98 91 95 92 84
6 22 66 69 61 64 61
6 23 74 64 64 72 71
6 24 94 88 86 88 84
6 25 87 76 75 77 83
6 26 28 33 29 34 32
6 27 89 89 80 82 85
6 28 95 90 91 87 90
6 29 3 4 11 7 5
6 30 67 71 72 60 60
6 31 75 70 70 72 70
6 32 60 61 53 63 60
6 33 88 75 90 85 82
6 34 57 55 57 54 58
7 8 89 77 75 81 82
7 9 35 44 39 42 37
7 10 67 70 59 71 67
7 11 10 12 16 14 10
7 12 64 67 57 57 64
7 13 83 79 82 84 72
7 14 97 95 88 96 97
7 15 74 63 74 69 65
7 16 27 38 25 26 29
7 17 80 72 73 79 70
7 18 41 45 45 45 37
7 19 59 51 62 61 62
7 20 18 21 19 16 30
7 21 42 48 42 46 38
7 22 67 60 61 63 66
7 23 97 92 93 95 87
7 24 18 27 24 16 21
7 25 6 7 9 11 13
7 26 97 83 90 93 86
7 27 42 46 41 46 41
7 28 59 53 60 62 64
7 29 15 15 21 20 15
7 30 13 17 20 18 14
7 31 17 15 22 22 25
7 32 42 46 48 51 48
7 33 65 70 63 67 63
7 34 78 75 67 76 79
8 9 40 46 48 43 35
8 10 67 70 70 62 69
8 11 13 21 22 22 25
8 12 3 12 7 13 14
8 13 59 53 58 56 61
8 14 74 74 64 74 74
8 15 57 54 59 50 61
8 16 36 32 36 41 40
8 17 13 14 23 18 17
8 18 18 21 22 30 22
8 19 20 22 20 29 22
8 20 88 89 83 76 85
8 21 11 20 24 21 10
8 22 15 17 15 26 18
8 23 71 74 66 75 61
8 24 77 77 75 77 74
8 25 39 46 42 47 48
8 26 59 62 52 64 65
8 27 65 61 59 63 67
8 28 21 26 20 33 24
8 29 16 16 24 15 16
8 30 55 58 47 61 60
8 31 24 23 33 21 24
8 32 98 86 91 84 83
8 33 62 63 65 66 65
8 34 91 83 86 86 81
9 10 6 9 6 14 17
9 11 59 51 53 64 54
9 12 56 51 59 58 50
9 13 9 9 11 15 10
9 14 48 54 42 40 45
9 15 87 83 76 75 79
9 16 43 47 47 51 46
9 17 73 72 66 72 67
9 18 6 8 16 7 17
9 19 56 60 55 58 52
9 20 11 13 17 11 17
9 21 25 24 23 30 24
9 22 5 8 7 10 10
9 23 19 19 17 22 29
9 24 59 56 59 59 63
9 25 40 48 41 38 37
9 26 58 63 57 59 53
9 27 6 8 10 13 7
9 28 0 11 12 12 11
9 29 56 57 60 62 57
9 30 57 48 49 51 58
9 31 21 23 19 21 27
9 32 0 1 2 14 14
9 33 96 91 91 90 90
9 34 4 4 12 15 15
10 11 15 20 25 22 13
10 12 30 28 40 29 27
10 13 69 67 69 61 67
10 14 38 37 36 32 35
10 15 22 20 23 33 32
10 16 36 31 44 40 32
10 17 27 26 35 24 27
10 18 80 74 81 77 82
10 19 4 14 12 5 11
10 20 17 17 16 18 24
10 21 41 36 49 41 41
10 22 45 53 51 42 39
10 23 90 86 81 88 89
10 24 33 43 39 40 36
10 25 94 85 93 88 83
10 26 84 78 76 78 73
10 27 91 83 83 81 81
10 28 56 61 51 48 50
10 29 90 89 88 80 89
10 30 94 88 90 88 85
10 31 19 26 17 27 20
10 32 46 47 44 53 48
10 33 5 8 15 17 13
10 34 77 66 76 76 75
11 12 37 33 38 45 35
11 13 56 52 54 54 57
11 14 98 88 94 90 98
11 15 41 35 40 45 37
11 16 54 47 58 50 53
11 17 25 35 25 22 23
11 18 34 34 36 35 40
11 19 78 69 78 75 72
11 20 14 16 22 19 21
11 21 50 43 50 54 46
11 22 78 76 72 80 81
11 23 39 35 33 33 39
11 24 82 77 83 77 83
11 25 51 58 54 49 46
11 26 69 69 73 69 65
11 27 16 23 22 24 23
11 28 10 13 22 22 13
11 29 21 26 33 26 29
11 30 27 37 32 25 27
11 31 25 23 29 35 29
11 32 83 85 84 80 76
11 33 92 92 86 83 86
11 34 54 48 58 60 48
12 13 93 91 81 80 86
12 14 15 13 18 22 13
12 15 29 36 35 31 34
12 16 79 78 73 75 76
12 17 30 32 32 31 39
12 18 8 11 12 10 8
12 19 33 38 40 35 42
12 20 49 49 45 43 47
12 21 25 36 31 31 27
12 22 72 62 70 75 71
12 23 50 54 46 53 52
12 24 48 47 50 54 54
12 25 68 66 67 60 62
12 26 42 45 45 41 36
12 27 99 92 95 89 90
12 28 86 84 75 74 83
12 29 96 88 84 85 88
12 30 95 82 83 81 91
12 31 98 96 93 86 88
12 32 72 69 75 67 69
12 33 28 27 36 28 30
12 34 21 26 22 24 32
13 14 86 86 79 82 77
13 15 61 55 65 58 66
13 16 52 56 45 46 55
13 17 36 39 42 38 43
13 18 65 56 67 67 64
13 19 86 85 80 78 80
13 20 26 25 23 36 24
13 21 44 48 51 45 44
13 22 48 52 46 47 49
13 23 48 54 43 47 47
13 24 34 35 42 33 37
13 25 94 94 84 92 83
13 26 65 57 56 67 57
13 27 78 75 81 75 75
13 28 48 56 46 45 47
13 29 81 73 70 75 81
13 30 32 34 28 32 30
13 31 69 62 69 60 63
13 32 62 54 59 59 55
13 33 98 92 89 95 90
13 34 27 36 32 34 31
14 15 47 47 44 52 52
14 16 63 64 57 57 58
14 17 87 76 81 87 77
14 18 40 47 48 38 42
14 19 93 83 86 79 91
14 20 20 31 31 22 20
14 21 71 72 75 67 61
14 22 61 54 52 60 58
14 23 15 16 25 25 24
14 24 22 29 29 30 20
14 25 54 51 56 54 52
14 26 23 22 29 34 32
14 27 50 58 43 53 51
14 28 27 24 37 33 23
14 29 72 61 74 65 72
14 30 48 44 44 47 46
14 31 83 78 77 73 80
14 32 21 30 29 24 32
14 33 18 22 20 22 17
14 34 36 40 35 34 36
15 16 2 14 11 17 9
15 17 19 21 29 22 28
15 18 39 41 46 43 39
15 19 48 44 55 44 54
15 20 3 12 13 6 13
15 21 71 72 65 66 73
15 22 90 76 85 80 90
15 23 15 19 16 22 13
15 24 92 82 80 93 81
15 25 82 77 79 81 84
15 26 40 35 34 45 34
15 27 83 82 76 79 74
15 28 61 54 60 57 58
15 29 4 14 15 17 13
15 30 19 22 23 18 28
15 31 46 47 42 42 50
15 32 54 54 55 53 59
15 33 35 41 38 31 31
15 34 25 24 24 35 28
16 17 13 11 24 14 15
16 18 75 75 77 64 66
16 19 62 53 64 67 64
16 20 38 39 42 42 32
16 21 54 56 52 57 48
16 22 3 9 8 15 16
16 23 70 65 61 70 72
16 24 59 53 59 64 59
16 25 73 63 75 74 74
16 26 94 86 81 87 84
16 27 45 40 46 40 40
16 28 75 64 72 77 73
16 29 23 33 28 27 32
16 30 63 66 64 54 62
16 31 34 41 35 29 38
16 32 50 43 51 54 49
16 33 35 36 42 32 33
16 34 78 72 67 69 79
17 18 69 60 69 73 72
17 19 98 85 92 88 88
17 20 43 43 39 45 48
17 21 75 67 77 70 78
17 22 74 69 75 72 69
17 23 95 90 93 86 84
17 24 0 7 11 9 1
17 25 70 63 73 61 61
17 26 78 79 70 73 71
17 27 7 6 12 8 14
17 28 83 78 83 80 71
17 29 54 54 47 53 52
17 30 88 89 76 83 84
17 31 71 75 67 75 65
17 32 0 2 3 7 13
17 33 69 62 66 60 64
17 34 80 69 76 82 76
18 19 67 58 58 58 70
18 20 71 62 71 75 75
18 21 27 32 24 32 35
18 22 31 30 31 31 36
18 23 45 45 45 52 47
18 24 80 72 70 76 79
18 25 61 61 66 66 57
18 26 32 41 36 30 33
18 27 43 39 44 46 44
18 28 77 75 76 76 78
18 29 40 48 34 38 35
18 30 66 64 58 68 66
18 31 92 84 83 84 89
18 32 98 90 88 86 86
18 33 23 29 25 29 26
18 34 58 54 63 56 59
19 20 10 21 22 20 15
19 21 38 38 37 41 47
19 22 71 68 69 69 72
19 23 16 19 19 22 22
19 24 85 76 73 80 86
19 25 82 78 84 70 71
19 26 82 85 78 71 81
19 27 99 88 87 87 97
19 28 1 3 5 1 15
19 29 57 60 63 59 61
19 30 57 57 54 60 58
19 31 41 48 37 36 37
19 32 85 73 87 81 86
19 33 75 69 68 75 66
19 34 32 42 38 38 33
20 21 80 69 73 79 77
20 22 40 46 41 45 36
20 23 3 9 8 6 6
20 24 16 20 23 19 22
20 25 51 53 47 48 47
20 26 75 71 68 66 69
20 27 93 89 80 81 80
20 28 48 43 46 42 51
20 29 30 36 34 26 32
20 30 95 85 90 84 89
20 31 21 22 25 19 22
20 32 68 68 70 61 71
20 33 21 28 22 19 32
20 34 5 17 15 6 13
21 22 89 76 82 88 83
21 23 36 33 31 42 33
21 24 7 9 16 18 16
21 25 89 82 82 83 78
21 26 32 42 39 35 41
21 27 25 30 28 24 22
21 28 38 43 45 34 45
21 29 34 37 37 36 31
21 30 79 76 80 69 77
21 31 17 25 27 19 16
21 32 94 83 82 82 91
21 33 87 74 85 87 79
21 34 7 13 20 20 13
22 23 9 18 13 11 12
22 24 85 80 83 77 81
22 25 85 78 74 80 74
22 26 45 51 44 53 47
22 27 70 74 63 67 61
22 28 76 67 72 73 74
22 29 97 87 85 93 85
22 30 27 37 24 28 37
22 31 73 64 75 68 62
22 32 64 61 67 63 61
22 33 73 72 71 67 72
22 34 82 79 73 81 84
23 24 41 47 42 46 44
23 25 76 66 66 72 66
23 26 46 44 50 40 53
23 27 5 5 13 17 10
23 28 7 14 18 13 6
23 29 68 67 65 59 67
23 30 2 12 4 14 10
23 31 1 4 6 12 10
23 32 54 48 50 58 55
23 33 36 45 32 45 39
23 34 2 2 6 2 13
24 25 39 42 44 38 43
24 26 47 49 55 43 42
24 27 22 24 22 23 20
24 28 56 58 48 57 48
24 29 29 25 30 39 28
24 30 84 79 85 73 86
24 31 26 35 31 33 29
24 32 89 88 76 77 79
24 33 40 37 39 49 41
24 34 45 43 52 46 47
25 26 24 24 25 21 26
25 27 35 44 41 42 32
25 28 79 79 69 76 76
25 29 13 17 14 25 18
25 30 12 15 19 16 11
25 31 56 56 50 62 58
25 32 19 19 18 28 20
25 33 23 23 27 31 31
25 34 86 86 82 87 82
26 27 55 59 50 59 55
26 28 68 64 71 70 64
26 29 3 14 13 13 13
26 30 3 16 15 3 16
26 31 30 27 25 36 32
26 32 52 53 59 54 53
26 33 40 40 34 38 35
26 34 75 68 76 74 77
27 28 61 66 52 65 53
27 29 54 56 52 60 51
27 30 18 18 25 28 19
27 31 39 37 35 39 35
27 32 5 14 18 13 9
27 33 65 60 58 57 61
27 34 56 55 50 51 48
28 29 31 36 34 36 30
28 30 48 49 55 47 49
28 31 8 20 15 16 19
28 32 46 42 39 41 51
28 33 41 47 49 35 48
28 34 43 48 36 46 45
29 30 28 28 31 35 31
29 31 12 17 13 15 20
29 32 8 15 22 17 8
29 33 46 48 53 46 52
29 34 8 13 19 15 7
30 31 55 51 48 60 47
30 32 76 69 69 65 64
30 33 62 67 62 56 60
30 34 1 11 1 11 15
31 32 40 44 39 46 37
31 33 64 57 66 65 56
31 34 90 84 89 87 81
32 33 47 48 51 53 48
32 34 96 90 89 88 94
33 34 84 74 79 73 72
