38 5
0 0.333333 0.333333 0.333333 0 
0 1 18 16 42 61 27
0 2 13 67 20 54 56
0 3 66 52 57 80 14
0 4 75 85 51 52 26
0 5 88 43 79 93 35
0 6 36 59 30 76 51
0 7 32 63 65 43 30
0 8 75 70 85 88 40
0 9 84 23 43 28 57
0 10 71 56 58 44 43
0 11 55 47 41 65 81
0 12 15 75 58 29 47
0 13 93 64 50 58 60
0 14 79 74 87 49 48
0 15 12 5 53 70 8
0 16 45 74 46 21 61
0 17 62 65 19 57 67
0 18 6 35 35 48 63
0 19 63 66 45 56 75
0 20 22 21 46 9 61
0 21 45 37 13 9 67
0 22 25 64 83 39 30
0 23 62 56 83 22 29
0 24 36 35 72 50 47
0 25 39 41 77 61 65
0 26 55 15 63 52 43
0 27 55 31 26 33 64
0 28 55 18 86 80 50
0 29 20 65 69 65 23
0 30 95 59 52 33 93
0 31 33 35 58 27 72
0 32 76 39 24 42 60
0 33 54 78 14 47 33
0 34 34 76 48 66 77
0 35 25 69 6 56 6
0 36 76 39 79 32 65
0 37 85 44 62 59 55
1 2 52 20 46 14 87
1 3 8 15 40 59 55
1 4 79 56 69 41 92
1 5 37 57 38 54 54
1 6 13 49 62 70 22
1 7 42 65 17 17 38
1 8 58 14 28 82 85
1 9 85 71 44 48 68
1 10 67 20 33 29 29
1 11 50 67 25 22 41
1 12 30 37 16 67 75
1 13 31 50 19 29 73
1 14 22 81 82 54 66
1 15 90 31 85 44 69
1 16 75 57 83 31 84
1 17 77 79 92 69 15
1 18 31 18 82 67 77
1 19 9 67 36 24 70
1 20 50 50 50 83 75
1 21 88 42 52 34 69
1 22 66 66 28 57 87
1 23 12 23 4 8 13
1 24 57 58 15 27 47
1 25 0 36 39 65 50
1 26 36 57 19 19 20
1 27 41 14 8 60 80
1 28 28 22 78 27 84
1 29 8 59 36 18 70
1 30 30 57 64 78 73
1 31 70 18 46 57 74
1 32 3 15 45 22 18
1 33 47 85 63 68 65
1 34 16 43 76 72 38
1 35 42 76 67 71 82
1 36 98 72 44 43 30
1 37 35 45 56 78 46
2 3 70 68 63 74 64
2 4 25 74 16 27 45
2 5 80 79 56 78 21
2 6 73 92 64 59 93
2 7 89 63 24 22 81
2 8 51 83 42 45 30
2 9 77 66 57 79 58
2 10 35 41 15 27 23
2 11 35 69 32 78 41
2 12 28 81 14 48 55
2 13 90 59 74 63 28
2 14 88 30 34 58 93
2 15 96 90 84 59 82
2 16 19 43 59 62 24
2 17 39 38 64 80 46
2 18 34 69 81 86 26
2 19 77 18 48 40 88
2 20 44 57 30 42 56
2 21 59 49 82 60 17
2 22 10 75 11 64 42
2 23 97 34 96 58 66
2 24 79 86 32 57 93
2 25 3 77 61 11 66
2 26 57 82 24 42 45
2 27 91 18 70 92 35
2 28 2 8 54 75 10
2 29 77 90 32 63 45
2 30 44 19 37 72 71
2 31 58 85 61 13 72
2 32 15 12 78 74 56
2 33 35 67 8 60 40
2 34 59 74 22 12 53
2 35 15 53 82 61 33
2 36 22 66 45 41 43
2 37 94 81 36 85 40
3 4 44 62 83 19 42
3 5 10 43 50 77 13
3 6 94 45 27 79 24
3 7 25 21 44 43 51
3 8 21 16 58 60 7
3 9 9 69 21 47 54
3 10 43 57 58 84 80
3 11 17 55 52 42 7
3 12 71 30 57 41 27
3 13 85 51 39 73 72
3 14 19 57 75 31 21
3 15 85 51 91 70 49
3 16 49 51 76 62 69
3 17 44 57 67 42 74
3 18 50 81 74 57 18
3 19 29 57 53 66 76
3 20 57 76 55 39 38
3 21 14 74 66 20 36
3 22 48 70 44 72 34
3 23 68 83 82 50 33
3 24 94 76 50 61 54
3 25 61 21 49 41 82
3 26 46 35 25 25 57
3 27 99 20 62 22 71
3 28 44 60 47 62 86
3 29 93 70 80 60 91
3 30 53 85 11 21 47
3 31 80 38 22 72 20
3 32 27 17 72 65 34
3 33 71 81 16 37 28
3 34 42 44 39 10 34
3 35 80 86 95 71 49
3 36 14 22 59 46 8
3 37 75 76 22 35 47
4 5 1 20 37 35 31
4 6 62 35 64 40 29
4 7 21 65 67 68 74
4 8 55 48 70 60 68
4 9 46 41 73 54 76
4 10 27 62 9 60 79
4 11 30 13 51 51 78
4 12 46 23 72 53 39
4 13 47 75 75 72 58
4 14 83 64 64 77 92
4 15 81 26 89 45 73
4 16 91 85 46 25 29
4 17 14 33 77 19 31
4 18 36 68 12 47 76
4 19 86 75 83 95 80
4 20 2 39 8 79 76
4 21 7 23 46 77 27
4 22 79 89 45 16 65
4 23 25 41 66 79 65
4 24 89 85 45 67 33
4 25 73 94 69 17 81
4 26 51 58 44 84 59
4 27 57 31 22 19 53
4 28 26 15 25 79 17
4 29 25 69 45 49 19
4 30 81 32 63 77 50
4 31 26 71 59 42 81
4 32 38 28 60 19 86
4 33 19 13 50 60 21
4 34 84 90 57 82 46
4 35 4 22 71 24 74
4 36 37 44 17 43 23
4 37 45 17 82 82 71
5 6 76 90 74 74 52
5 7 0 2 32 76 30
5 8 33 13 50 75 73
5 9 26 26 73 73 61
5 10 99 26 67 99 94
5 11 47 32 37 71 55
5 12 36 57 39 67 11
5 13 42 72 19 75 48
5 14 35 49 56 21 34
5 15 70 75 89 50 26
5 16 28 17 12 14 38
5 17 58 13 23 77 13
5 18 66 89 65 74 64
5 19 0 47 18 56 57
5 20 87 61 61 97 50
5 21 71 49 54 31 53
5 22 98 51 80 77 60
5 23 4 11 20 18 54
5 24 1 41 29 52 55
5 25 2 54 20 30 24
5 26 70 28 44 72 22
5 27 69 39 65 51 46
5 28 42 43 17 42 43
5 29 3 75 9 37 53
5 30 34 45 21 66 23
5 31 40 50 54 76 72
5 32 34 29 40 33 58
5 33 40 79 47 78 63
5 34 7 43 39 12 3
5 35 53 88 21 27 41
5 36 9 75 79 49 19
5 37 91 86 78 44 41
6 7 12 45 25 43 35
6 8 8 56 51 35 9
6 9 68 72 82 91 70
6 10 31 70 65 79 83
6 11 28 25 18 12 81
6 12 71 76 87 54 58
6 13 91 63 45 21 96
6 14 42 26 41 14 81
6 15 51 82 57 11 82
6 16 33 12 71 68 39
6 17 3 50 53 19 53
6 18 67 91 52 65 76
6 19 26 33 15 8 19
6 20 80 80 87 46 88
6 21 37 67 7 72 49
6 22 3 60 42 4 13
6 23 92 24 92 51 74
6 24 69 60 35 53 34
6 25 2 1 8 17 73
6 26 50 12 39 48 84
6 27 65 25 24 44 43
6 28 71 68 44 46 91
6 29 95 45 75 29 95
6 30 73 24 67 65 73
6 31 5 13 52 15 34
6 32 77 36 30 54 23
6 33 68 37 89 67 38
6 34 10 13 74 32 19
6 35 15 45 63 11 29
6 36 17 12 80 59 76
6 37 45 60 88 27 14
7 8 83 18 18 74 64
7 9 17 59 52 55 66
7 10 22 40 41 31 82
7 11 37 27 36 40 37
7 12 86 36 45 38 25
7 13 13 43 56 75 70
7 14 79 31 52 45 68
7 15 55 11 65 63 67
7 16 88 47 56 29 29
7 17 35 50 61 20 12
7 18 70 60 17 53 53
7 19 14 60 5 75 27
7 20 18 38 16 82 41
7 21 76 48 50 86 37
7 22 43 41 36 83 43
7 23 21 13 9 73 75
7 24 43 70 29 22 46
7 25 19 35 30 76 70
7 26 3 61 6 77 37
7 27 3 73 15 54 39
7 28 30 51 7 68 31
7 29 92 64 39 63 85
7 30 32 51 70 37 8
7 31 76 57 52 93 87
7 32 98 76 97 80 72
7 33 31 84 84 42 41
7 34 42 70 62 30 32
7 35 28 78 49 66 14
7 36 37 59 58 21 12
7 37 18 34 12 9 37
8 9 15 54 78 27 62
8 10 22 81 78 32 38
8 11 21 60 60 31 22
8 12 13 70 71 20 48
8 13 95 63 93 45 40
8 14 22 45 29 13 70
8 15 54 36 88 81 25
8 16 5 77 70 54 57
8 17 92 69 29 75 91
8 18 66 41 70 26 52
8 19 59 61 38 57 22
8 20 68 88 21 38 57
8 21 82 64 45 93 35
8 22 2 42 5 51 67
8 23 27 55 83 80 83
8 24 24 50 54 23 43
8 25 62 78 19 60 83
8 26 52 14 67 68 47
8 27 57 46 74 25 83
8 28 42 21 51 52 61
8 29 1 31 2 67 72
8 30 82 66 63 55 51
8 31 56 53 82 49 28
8 32 53 17 65 53 42
8 33 44 63 21 69 43
8 34 6 7 34 31 80
8 35 75 63 51 61 92
8 36 39 51 67 86 22
8 37 91 66 70 94 18
9 10 9 20 21 52 34
9 11 83 62 72 22 30
9 12 81 72 21 82 94
9 13 46 30 86 88 19
9 14 7 17 45 57 41
9 15 59 52 29 78 18
9 16 30 15 41 74 24
9 17 93 38 83 70 23
9 18 88 27 22 93 55
9 19 85 59 61 74 24
9 20 4 56 40 37 63
9 21 87 74 22 36 32
9 22 1 70 60 45 12
9 23 83 59 83 58 50
9 24 97 94 68 98 88
9 25 69 34 73 50 80
9 26 66 86 32 70 59
9 27 56 34 43 74 12
9 28 43 86 33 74 11
9 29 77 36 37 44 82
9 30 75 20 86 41 45
9 31 9 80 20 42 43
9 32 45 78 45 83 86
9 33 2 69 61 17 69
9 34 62 42 87 85 86
9 35 47 71 66 40 87
9 36 73 35 27 37 23
9 37 37 38 24 61 83
10 11 68 87 24 57 43
10 12 94 60 51 44 73
10 13 61 81 78 27 43
10 14 64 79 84 37 78
10 15 19 8 28 24 65
10 16 16 59 32 33 28
10 17 90 52 96 89 55
10 18 69 38 56 63 45
10 19 58 32 57 73 35
10 20 25 47 76 75 32
10 21 2 72 56 59 69
10 22 29 37 68 7 32
10 23 9 2 21 19 15
10 24 92 82 94 60 30
10 25 71 72 24 28 53
10 26 84 85 45 50 74
10 27 3 63 51 28 55
10 28 59 38 63 21 30
10 29 19 13 52 80 33
10 30 86 55 33 21 83
10 31 34 39 54 48 45
10 32 84 26 74 62 71
10 33 10 72 25 58 79
10 34 79 65 93 81 54
10 35 37 26 25 41 54
10 36 28 78 38 29 14
10 37 73 35 84 90 53
11 12 74 27 63 43 91
11 13 4 7 43 42 44
11 14 40 73 81 74 34
11 15 74 77 61 37 29
11 16 81 45 66 33 51
11 17 49 16 87 58 81
11 18 81 68 35 27 21
11 19 12 9 21 41 30
11 20 6 9 54 40 53
11 21 94 42 97 58 30
11 22 73 14 94 37 64
11 23 46 28 82 72 77
11 24 93 33 97 84 29
11 25 83 91 74 78 28
11 26 25 27 6 46 47
11 27 38 50 58 19 50
11 28 47 79 87 51 86
11 29 78 95 43 18 37
11 30 14 34 51 32 74
11 31 35 58 66 54 61
11 32 66 18 32 77 44
11 33 9 41 45 71 39
11 34 27 31 81 31 12
11 35 75 34 47 94 23
11 36 90 90 38 52 24
11 37 96 64 61 44 35
12 13 72 91 45 57 28
12 14 34 29 56 9 34
12 15 67 39 35 27 60
12 16 31 33 23 13 46
12 17 27 59 23 59 82
12 18 18 55 54 9 33
12 19 96 88 89 40 64
12 20 25 55 75 69 45
12 21 29 73 36 24 68
12 22 31 32 67 34 24
12 23 87 65 73 46 38
12 24 74 61 77 37 72
12 25 71 60 79 28 64
12 26 42 86 33 41 68
12 27 88 64 40 36 57
12 28 72 86 42 67 24
12 29 5 79 15 51 6
12 30 35 36 19 45 61
12 31 47 70 37 38 31
12 32 38 49 13 44 83
12 33 55 71 81 77 51
12 34 60 54 46 72 88
12 35 65 38 42 47 92
12 36 38 41 48 80 61
12 37 13 4 14 34 73
13 14 82 72 90 52 77
13 15 25 82 26 61 62
13 16 97 24 87 48 87
13 17 90 43 93 55 75
13 18 33 61 86 14 83
13 19 21 17 69 65 82
13 20 50 18 46 72 20
13 21 14 28 35 5 39
13 22 38 35 44 8 71
13 23 22 64 74 83 12
13 24 83 33 30 18 81
13 25 4 67 62 58 16
13 26 39 34 50 67 60
13 27 19 33 41 20 60
13 28 0 14 15 51 27
13 29 80 62 78 26 54
13 30 30 56 37 10 67
13 31 65 59 21 81 39
13 32 47 45 29 12 82
13 33 90 43 96 49 83
13 34 68 19 48 67 35
13 35 8 75 25 62 43
13 36 79 94 54 16 33
13 37 40 41 13 83 79
14 15 53 90 30 17 62
14 16 37 66 36 63 72
14 17 0 63 28 69 15
14 18 37 20 17 42 23
14 19 3 19 4 8 51
14 20 40 42 18 72 61
14 21 36 73 64 72 71
14 22 72 67 25 20 85
14 23 84 61 68 46 32
14 24 29 82 57 56 30
14 25 13 81 17 40 26
14 26 90 39 33 26 31
14 27 64 13 64 59 44
14 28 12 23 29 61 42
14 29 14 5 42 43 28
14 30 37 50 52 48 32
14 31 93 70 84 83 90
14 32 99 25 91 97 21
14 33 67 27 81 49 63
14 34 19 68 71 9 74
14 35 34 9 65 46 31
14 36 96 87 62 83 28
14 37 72 34 70 78 93
15 16 72 21 47 36 84
15 17 3 31 52 46 11
15 18 18 76 21 61 61
15 19 72 37 21 33 71
15 20 81 85 88 88 69
15 21 44 26 70 8 11
15 22 4 58 13 4 25
15 23 16 71 14 30 31
15 24 37 26 69 58 30
15 25 66 89 23 51 75
15 26 58 14 39 78 73
15 27 15 76 19 81 62
15 28 83 64 66 49 31
15 29 4 5 59 20 54
15 30 35 56 57 76 49
15 31 68 39 34 39 62
15 32 23 47 82 74 28
15 33 76 22 38 41 48
15 34 79 90 85 47 16
15 35 17 72 63 61 66
15 36 38 43 82 23 24
15 37 52 85 54 73 23
16 17 8 65 28 74 55
16 18 44 20 71 54 75
16 19 30 20 27 15 47
16 20 70 93 86 14 34
16 21 83 65 62 91 18
16 22 67 41 77 13 25
16 23 93 24 20 19 74
16 24 12 53 49 76 47
16 25 24 33 9 25 52
16 26 72 27 48 44 18
16 27 83 46 47 36 26
16 28 49 46 87 13 57
16 29 51 33 64 66 19
16 30 34 83 81 27 56
16 31 7 44 37 4 69
16 32 22 78 38 11 77
16 33 44 24 73 53 68
16 34 12 18 59 60 30
16 35 22 45 61 75 78
16 36 23 15 48 71 19
16 37 29 26 68 61 56
17 18 58 73 28 14 57
17 19 59 91 31 45 23
17 20 16 42 21 54 3
17 21 12 5 30 79 7
17 22 66 68 25 21 60
17 23 43 17 30 55 71
17 24 61 88 78 30 88
17 25 81 60 30 53 92
17 26 74 53 82 83 86
17 27 73 52 79 63 63
17 28 83 45 33 90 92
17 29 5 55 37 80 27
17 30 34 39 65 39 79
17 31 76 57 88 44 71
17 32 52 23 31 82 45
17 33 42 53 18 11 61
17 34 10 46 76 80 5
17 35 77 74 29 21 70
17 36 87 25 69 52 18
17 37 98 94 62 76 92
18 19 52 77 79 13 67
18 20 83 36 32 96 30
18 21 20 16 72 46 14
18 22 1 11 79 20 24
18 23 29 34 53 36 21
18 24 58 43 75 89 76
18 25 60 27 18 55 50
18 26 74 73 35 38 15
18 27 42 32 47 57 33
18 28 13 36 75 57 9
18 29 44 69 9 86 41
18 30 75 39 93 60 20
18 31 90 53 72 75 52
18 32 40 60 85 18 25
18 33 44 76 54 50 40
18 34 86 49 94 91 25
18 35 17 79 42 17 29
18 36 19 12 25 26 55
18 37 67 60 93 50 49
19 20 51 62 79 58 11
19 21 61 43 87 81 79
19 22 89 87 87 43 92
19 23 53 27 41 12 84
19 24 86 93 72 55 75
19 25 25 41 83 72 81
19 26 55 73 50 11 31
19 27 11 43 23 77 48
19 28 44 29 24 88 68
19 29 14 17 13 67 49
19 30 88 25 68 74 22
19 31 20 51 22 10 39
19 32 38 21 70 68 71
19 33 65 83 46 78 46
19 34 3 57 47 36 37
19 35 64 31 82 69 74
19 36 24 37 12 67 20
19 37 47 43 38 46 37
20 21 60 19 13 60 14
20 22 17 65 28 79 22
20 23 36 41 57 52 19
20 24 24 8 20 30 36
20 25 54 88 24 49 32
20 26 75 28 81 37 83
20 27 84 31 96 74 66
20 28 66 32 70 85 26
20 29 87 59 86 17 18
20 30 44 24 36 80 35
20 31 42 82 86 41 56
20 32 16 38 23 78 74
20 33 20 76 53 12 66
20 34 12 26 17 55 18
20 35 7 24 17 26 62
20 36 44 35 28 50 64
20 37 28 14 21 36 21
21 22 90 93 39 95 94
21 23 95 73 80 91 66
21 24 93 94 55 54 19
21 25 8 43 38 64 76
21 26 87 33 38 63 67
21 27 82 55 29 92 20
21 28 26 78 52 56 48
21 29 69 80 66 61 79
21 30 88 81 60 63 56
21 31 95 60 68 31 45
21 32 69 45 36 70 92
21 33 59 55 48 85 68
21 34 18 64 55 33 14
21 35 38 39 25 85 31
21 36 59 34 65 77 23
21 37 97 95 34 23 37
22 23 39 19 66 61 52
22 24 31 64 17 40 67
22 25 75 60 20 40 62
22 26 61 52 75 16 73
22 27 46 20 63 50 27
22 28 22 76 83 8 21
22 29 46 15 66 23 25
22 30 73 67 92 15 83
22 31 81 24 88 62 96
22 32 85 74 94 68 82
22 33 32 37 85 37 72
22 34 59 44 50 46 29
22 35 15 37 59 66 21
22 36 80 61 74 83 70
22 37 40 71 57 57 12
23 24 1 51 6 11 49
23 25 30 42 61 7 74
23 26 34 51 10 35 7
23 27 12 64 51 31 39
23 28 11 39 75 24 41
23 29 67 87 53 73 65
23 30 23 55 49 74 73
23 31 99 81 80 53 24
23 32 79 33 55 83 64
23 33 5 77 45 65 40
23 34 10 36 44 56 39
23 35 42 10 45 83 37
23 36 7 67 67 33 67
23 37 9 3 13 50 38
24 25 76 46 41 85 31
24 26 3 20 64 1 70
24 27 50 79 56 45 47
24 28 13 67 32 60 7
24 29 96 80 24 61 83
24 30 16 23 68 69 72
24 31 1 79 40 68 11
24 32 24 13 18 19 25
24 33 67 26 36 84 70
24 34 33 37 46 48 51
24 35 51 64 48 49 22
24 36 64 16 71 20 77
24 37 60 89 86 62 14
25 26 37 48 66 12 12
25 27 91 59 73 37 46
25 28 71 56 91 43 35
25 29 20 59 68 51 10
25 30 0 17 3 4 13
25 31 73 62 23 58 72
25 32 70 37 76 76 65
25 33 93 42 22 71 46
25 34 61 19 36 33 78
25 35 99 90 49 94 87
25 36 52 66 13 42 42
25 37 59 90 77 23 53
26 27 61 71 68 50 63
26 28 15 15 52 53 67
26 29 55 62 84 80 89
26 30 36 11 49 11 75
26 31 93 37 37 21 77
26 32 61 71 59 72 30
26 33 81 45 57 82 24
26 34 94 53 70 51 59
26 35 40 32 50 62 56
26 36 7 35 18 77 7
26 37 63 40 90 74 14
27 28 3 22 47 58 79
27 29 46 58 30 82 71
27 30 63 88 77 21 19
27 31 44 32 73 14 36
27 32 75 41 31 17 47
27 33 91 47 87 73 22
27 34 26 82 27 25 39
27 35 64 86 70 41 75
27 36 1 7 40 21 15
27 37 73 88 49 32 65
28 29 8 46 27 39 51
28 30 1 56 65 24 59
28 31 29 84 44 76 83
28 32 59 58 39 91 61
28 33 78 77 30 38 23
28 34 90 31 22 43 58
28 35 17 71 36 54 33
28 36 14 74 75 79 40
28 37 10 52 48 19 12
29 30 54 73 54 61 63
29 31 17 29 67 34 52
29 32 63 49 52 90 73
29 33 78 53 57 52 53
29 34 21 54 42 8 31
29 35 28 57 32 68 54
29 36 91 52 87 77 85
29 37 45 37 71 19 57
30 31 46 22 39 52 21
30 32 28 17 36 71 30
30 33 28 70 69 34 24
30 34 42 24 60 60 81
30 35 66 76 70 51 58
30 36 69 84 19 26 33
30 37 65 29 32 84 82
31 32 35 79 42 76 30
31 33 63 66 61 31 84
31 34 44 24 24 70 58
31 35 95 74 21 39 97
31 36 45 31 29 40 41
31 37 13 60 52 21 40
32 33 23 10 72 10 29
32 34 69 73 66 49 87
32 35 6 37 61 13 47
32 36 11 28 50 42 12
32 37 43 53 40 36 37
33 34 64 71 51 29 38
33 35 49 81 53 89 11
33 36 5 65 13 78 54
33 37 91 50 75 84 66
34 35 50 30 49 75 28
34 36 39 79 20 86 18
34 37 9 50 28 66 59
35 36 79 70 83 75 91
35 37 93 79 35 48 26
36 37 30 58 6 36 44
