42 5
0 0 1 0 0 
0 1 56 34 39 75 78
0 2 40 31 24 27 53
0 3 6 25 44 25 31
0 4 20 59 13 26 31
0 5 50 32 29 51 59
0 6 88 61 70 77 85
0 7 50 66 64 34 70
0 8 23 46 35 34 53
0 9 63 33 44 65 80
0 10 29 44 53 25 43
0 11 50 41 49 32 26
0 12 52 64 55 53 67
0 13 99 66 54 71 51
0 14 68 56 79 64 35
0 15 8 39 20 43 26
0 16 71 68 76 43 45
0 17 7 20 38 31 38
0 18 4 14 15 16 43
0 19 35 47 63 62 54
0 20 58 54 77 67 55
0 21 10 37 33 5 33
0 22 32 57 18 45 26
0 23 2 44 44 37 12
0 24 16 20 19 20 49
0 25 14 51 23 9 37
0 26 69 74 44 59 72
0 27 60 44 72 71 66
0 28 19 22 21 51 12
0 29 96 80 84 91 83
0 30 49 38 58 38 32
0 31 33 56 33 34 27
0 32 83 57 46 65 51
0 33 87 76 63 49 77
0 34 78 42 88 62 56
0 35 6 15 50 53 32
0 36 13 34 18 30 30
0 37 6 35 38 21 4
0 38 27 56 38 41 22
0 39 43 53 65 29 58
0 40 53 43 37 73 43
0 41 82 71 51 54 62
1 2 22 55 19 32 32
1 3 9 45 17 51 11
1 4 81 83 45 74 80
1 5 48 68 55 59 31
1 6 80 89 74 50 53
1 7 71 74 44 57 69
1 8 16 55 18 20 28
1 9 54 60 63 46 27
1 10 18 57 16 39 44
1 11 73 66 50 85 38
1 12 89 74 76 80 62
1 13 1 42 49 2 34
1 14 69 71 47 52 55
1 15 62 46 44 74 46
1 16 57 30 29 40 70
1 17 20 29 50 34 48
1 18 77 66 48 55 66
1 19 45 64 60 28 33
1 20 48 35 46 39 48
1 21 39 26 57 43 53
1 22 72 47 55 48 86
1 23 14 41 41 38 21
1 24 68 57 66 70 52
1 25 16 51 33 35 14
1 26 54 73 65 75 55
1 27 20 50 30 52 15
1 28 50 50 63 63 43
1 29 4 23 10 43 25
1 30 40 53 37 48 44
1 31 64 80 53 67 77
1 32 71 39 73 64 76
1 33 68 79 49 57 65
1 34 90 75 53 48 46
1 35 17 11 39 54 12
1 36 78 59 66 69 51
1 37 15 43 53 48 35
1 38 43 41 66 39 22
1 39 64 63 47 40 39
1 40 83 53 62 85 60
1 41 20 59 51 22 24
2 3 22 41 11 47 30
2 4 4 28 27 34 32
2 5 69 39 67 82 42
2 6 53 69 60 56 52
2 7 1 12 24 18 8
2 8 30 41 58 48 53
2 9 36 46 40 24 58
2 10 77 59 70 56 58
2 11 0 24 22 44 4
2 12 93 59 79 57 66
2 13 85 74 45 84 46
2 14 85 76 92 65 73
2 15 17 55 24 45 37
2 16 55 40 59 54 41
2 17 61 59 62 76 52
2 18 97 53 89 72 57
2 19 88 57 53 56 66
2 20 11 51 32 12 43
2 21 85 88 75 47 45
2 22 6 40 40 23 21
2 23 2 42 22 1 30
2 24 22 18 28 21 26
2 25 86 45 72 75 67
2 26 89 56 70 49 88
2 27 89 57 79 50 62
2 28 81 80 51 68 86
2 29 64 39 70 51 37
2 30 80 89 74 64 79
2 31 0 42 50 47 49
2 32 55 60 76 56 64
2 33 85 64 52 83 44
2 34 78 55 70 63 77
2 35 39 62 68 28 20
2 36 56 38 44 56 51
2 37 72 67 50 61 79
2 38 54 45 48 32 67
2 39 79 64 82 73 43
2 40 73 40 76 61 38
2 41 49 67 29 38 34
3 4 13 28 42 50 56
3 5 27 21 31 63 35
3 6 49 58 64 52 39
3 7 58 47 63 62 45
3 8 61 69 60 62 64
3 9 81 75 86 72 67
3 10 88 90 93 55 82
3 11 46 65 45 58 68
3 12 47 44 68 42 56
3 13 74 48 40 45 39
3 14 79 66 69 64 48
3 15 62 46 78 71 58
3 16 8 49 46 53 46
3 17 90 91 45 48 89
3 18 40 64 21 34 43
3 19 77 83 65 46 74
3 20 51 27 42 52 54
3 21 62 44 65 60 74
3 22 34 39 59 46 37
3 23 88 85 49 76 79
3 24 42 60 63 45 69
3 25 83 57 81 84 43
3 26 81 52 66 82 80
3 27 75 77 63 80 71
3 28 24 26 24 49 31
3 29 77 68 48 57 54
3 30 2 43 26 20 17
3 31 87 93 65 52 64
3 32 29 33 25 21 55
3 33 9 24 16 25 41
3 34 48 32 55 28 31
3 35 47 49 38 26 58
3 36 90 52 89 52 89
3 37 20 57 57 43 48
3 38 91 95 71 86 83
3 39 47 37 37 62 26
3 40 78 67 41 53 74
3 41 72 57 39 67 78
4 5 33 50 56 35 50
4 6 37 35 22 34 67
4 7 90 56 56 81 61
4 8 11 9 39 35 45
4 9 9 28 9 9 53
4 10 86 75 77 78 85
4 11 91 58 64 67 92
4 12 10 29 38 11 37
4 13 84 77 79 64 72
4 14 24 59 21 47 30
4 15 90 62 67 90 92
4 16 30 57 30 15 59
4 17 84 69 80 43 57
4 18 98 81 55 88 84
4 19 12 25 47 49 26
4 20 4 17 24 4 31
4 21 66 74 55 66 64
4 22 64 76 58 64 76
4 23 8 28 8 45 38
4 24 28 26 44 36 58
4 25 59 57 61 70 56
4 26 74 65 44 75 81
4 27 77 52 86 47 69
4 28 31 52 39 36 49
4 29 18 17 26 42 9
4 30 28 15 36 51 27
4 31 49 70 55 45 40
4 32 27 46 22 31 34
4 33 57 29 40 40 44
4 34 9 44 15 39 11
4 35 68 59 77 50 62
4 36 21 35 30 43 54
4 37 59 63 64 40 54
4 38 6 20 29 48 15
4 39 30 18 56 51 57
4 40 68 46 82 78 64
4 41 22 41 49 50 22
5 6 30 23 51 56 20
5 7 14 52 56 23 35
5 8 14 31 21 18 32
5 9 9 37 43 21 51
5 10 45 66 44 49 46
5 11 27 26 26 49 35
5 12 94 51 84 64 87
5 13 74 37 38 52 59
5 14 44 50 61 70 70
5 15 64 37 48 72 39
5 16 69 38 68 52 51
5 17 27 51 18 51 47
5 18 96 81 51 90 70
5 19 89 59 45 81 79
5 20 80 56 43 81 51
5 21 43 25 28 43 22
5 22 89 53 63 80 47
5 23 45 52 45 42 64
5 24 92 48 64 63 60
5 25 40 46 48 44 61
5 26 96 84 73 75 94
5 27 87 69 92 57 72
5 28 11 25 27 45 44
5 29 96 56 60 74 67
5 30 79 62 55 81 65
5 31 52 62 62 29 43
5 32 33 62 54 55 18
5 33 81 73 89 62 61
5 34 21 34 55 18 14
5 35 86 47 51 68 90
5 36 38 45 67 59 48
5 37 39 63 52 59 25
5 38 97 68 77 57 68
5 39 2 45 8 2 5
5 40 15 11 57 34 39
5 41 6 6 25 26 21
6 7 61 40 40 40 71
6 8 50 34 66 54 44
6 9 12 50 34 24 31
6 10 43 70 62 38 43
6 11 24 21 51 49 57
6 12 73 42 66 43 84
6 13 62 34 47 70 68
6 14 6 52 12 48 43
6 15 96 60 54 60 93
6 16 32 30 42 39 58
6 17 95 52 80 83 51
6 18 44 56 40 61 43
6 19 14 10 9 42 23
6 20 74 60 66 68 77
6 21 42 49 34 30 28
6 22 2 7 20 25 20
6 23 34 51 34 61 23
6 24 6 19 17 8 50
6 25 22 46 26 53 54
6 26 2 3 3 10 6
6 27 19 49 22 41 33
6 28 67 77 63 82 46
6 29 43 46 25 45 60
6 30 54 47 75 75 50
6 31 53 57 31 60 42
6 32 44 34 66 23 52
6 33 56 45 66 46 76
6 34 87 88 60 64 88
6 35 37 40 25 36 38
6 36 60 51 59 53 39
6 37 11 43 19 52 47
6 38 81 80 88 47 50
6 39 18 40 20 47 34
6 40 64 64 70 37 64
6 41 12 47 24 41 34
7 8 28 59 20 35 46
7 9 98 58 83 67 59
7 10 12 26 45 32 8
7 11 24 56 36 41 40
7 12 89 77 71 90 60
7 13 87 68 80 52 93
7 14 29 48 35 64 43
7 15 36 45 58 63 36
7 16 83 74 78 71 62
7 17 65 59 35 57 62
7 18 11 49 42 21 29
7 19 57 74 69 49 76
7 20 84 88 49 64 59
7 21 10 40 18 29 54
7 22 48 72 31 57 40
7 23 78 59 77 50 87
7 24 96 79 91 55 74
7 25 20 15 21 38 50
7 26 87 65 63 79 76
7 27 63 78 66 76 62
7 28 39 37 58 38 66
7 29 15 8 51 10 48
7 30 72 73 59 84 69
7 31 41 45 26 22 69
7 32 26 55 53 40 46
7 33 50 42 49 34 69
7 34 56 62 63 76 39
7 35 31 21 33 64 62
7 36 51 57 49 53 66
7 37 84 49 59 91 71
7 38 72 54 73 62 47
7 39 31 64 45 52 27
7 40 9 12 29 41 10
7 41 21 10 27 19 19
8 9 91 61 46 60 77
8 10 93 64 90 67 82
8 11 60 53 59 64 30
8 12 52 36 48 65 46
8 13 61 64 31 51 74
8 14 60 61 50 51 64
8 15 79 87 53 73 70
8 16 59 33 35 58 34
8 17 17 27 23 29 33
8 18 35 28 52 26 65
8 19 75 49 59 83 51
8 20 71 63 66 79 52
8 21 58 34 37 57 73
8 22 61 32 36 57 70
8 23 74 50 70 54 81
8 24 23 13 41 45 13
8 25 76 71 77 75 60
8 26 96 50 95 73 51
8 27 54 70 36 46 66
8 28 50 41 58 30 71
8 29 14 55 40 36 55
8 30 70 61 71 52 58
8 31 68 65 46 43 63
8 32 93 70 49 90 52
8 33 80 81 64 45 89
8 34 21 53 50 22 30
8 35 33 37 31 54 22
8 36 94 95 53 81 65
8 37 90 91 56 85 60
8 38 31 34 24 58 45
8 39 60 65 70 63 51
8 40 56 37 38 35 65
8 41 51 58 41 54 57
9 10 93 60 76 58 89
9 11 89 70 57 86 77
9 12 65 38 71 46 52
9 13 8 26 14 49 5
9 14 89 82 66 85 46
9 15 33 48 53 51 62
9 16 18 42 38 46 47
9 17 19 29 40 50 21
9 18 8 12 49 35 53
9 19 55 38 28 34 74
9 20 65 67 57 48 81
9 21 76 43 85 39 62
9 22 43 34 64 71 52
9 23 66 73 70 35 70
9 24 61 71 75 46 63
9 25 59 49 43 52 57
9 26 36 37 55 48 28
9 27 65 51 70 38 55
9 28 20 31 36 16 18
9 29 15 19 29 19 54
9 30 58 76 38 44 46
9 31 66 68 76 36 80
9 32 7 15 24 22 16
9 33 60 60 68 63 75
9 34 11 16 12 51 11
9 35 66 57 69 60 62
9 36 42 61 47 49 44
9 37 33 23 18 24 56
9 38 78 62 42 78 86
9 39 61 57 78 65 42
9 40 94 73 64 91 92
9 41 59 59 78 61 49
10 11 69 44 42 42 60
10 12 18 56 55 53 37
10 13 62 41 62 71 74
10 14 97 67 82 94 74
10 15 94 85 51 93 80
10 16 69 54 83 70 57
10 17 20 48 59 39 49
10 18 49 63 72 51 50
10 19 54 66 63 53 30
10 20 90 76 46 57 65
10 21 69 51 47 79 65
10 22 98 70 91 59 65
10 23 48 32 61 64 57
10 24 82 70 83 74 83
10 25 66 76 39 56 71
10 26 98 72 53 73 69
10 27 41 61 30 68 37
10 28 9 22 44 43 49
10 29 40 58 59 46 28
10 30 70 38 51 73 65
10 31 16 53 31 13 42
10 32 81 87 45 62 90
10 33 1 48 13 40 30
10 34 21 28 33 41 43
10 35 1 30 29 19 14
10 36 68 53 35 44 46
10 37 42 24 35 24 68
10 38 15 43 29 49 56
10 39 31 58 29 16 25
10 40 95 67 75 81 94
10 41 15 50 52 43 57
11 12 23 49 29 60 53
11 13 58 34 77 64 39
11 14 84 75 90 78 48
11 15 31 40 25 20 34
11 16 2 33 34 37 21
11 17 91 85 89 50 63
11 18 74 67 68 50 56
11 19 46 47 39 48 45
11 20 26 22 27 39 44
11 21 41 28 57 68 24
11 22 51 40 28 31 52
11 23 55 55 75 45 52
11 24 78 41 43 82 66
11 25 37 44 68 59 34
11 26 34 67 41 54 29
11 27 9 7 48 29 33
11 28 66 41 35 38 60
11 29 26 57 41 22 44
11 30 26 14 34 55 20
11 31 98 86 98 93 98
11 32 88 72 50 87 67
11 33 96 57 81 68 52
11 34 14 29 52 23 23
11 35 38 46 30 56 53
11 36 41 64 51 42 43
11 37 82 60 87 85 45
11 38 17 14 23 48 34
11 39 17 47 50 41 32
11 40 9 16 26 40 30
11 41 49 31 68 51 45
12 13 51 73 52 53 29
12 14 91 69 95 58 58
12 15 71 67 63 48 76
12 16 20 11 36 28 57
12 17 46 60 63 56 39
12 18 68 45 78 70 67
12 19 34 62 37 65 52
12 20 76 87 55 59 69
12 21 54 72 35 40 68
12 22 67 63 74 38 49
12 23 13 54 23 44 29
12 24 17 51 51 40 42
12 25 15 37 13 7 35
12 26 16 52 16 21 16
12 27 23 20 59 35 50
12 28 74 58 81 54 37
12 29 76 81 81 47 87
12 30 96 68 48 65 52
12 31 10 25 32 11 16
12 32 97 70 67 90 62
12 33 94 90 53 74 84
12 34 2 6 7 27 20
12 35 81 54 63 78 61
12 36 22 44 52 47 56
12 37 92 67 53 66 57
12 38 34 65 52 41 37
12 39 97 68 87 62 58
12 40 54 47 67 39 38
12 41 30 36 27 21 36
13 14 81 89 69 71 46
13 15 16 8 24 57 39
13 16 82 60 78 79 89
13 17 29 38 16 49 49
13 18 65 74 65 47 37
13 19 7 40 7 15 33
13 20 94 59 69 48 58
13 21 18 46 49 40 11
13 22 70 84 74 35 81
13 23 65 60 48 66 57
13 24 97 87 83 74 76
13 25 62 60 34 43 61
13 26 51 51 50 62 30
13 27 38 45 40 20 29
13 28 47 62 40 29 64
13 29 42 71 24 63 55
13 30 13 26 29 56 45
13 31 22 42 12 26 29
13 32 9 33 11 47 20
13 33 6 12 23 11 16
13 34 6 52 19 6 37
13 35 83 44 50 73 90
13 36 77 55 66 43 77
13 37 14 15 24 18 35
13 38 96 81 89 67 86
13 39 42 24 66 64 47
13 40 10 45 8 38 26
13 41 14 30 32 17 18
14 15 47 56 25 26 51
14 16 81 63 70 78 48
14 17 35 37 34 57 37
14 18 50 36 67 41 49
14 19 68 68 69 37 43
14 20 69 70 63 74 83
14 21 82 51 47 51 53
14 22 68 65 38 60 53
14 23 49 37 44 63 60
14 24 18 32 35 15 32
14 25 56 31 63 62 32
14 26 17 45 50 11 27
14 27 17 54 21 49 36
14 28 94 77 96 93 64
14 29 87 58 83 63 62
14 30 22 36 34 43 14
14 31 33 29 47 57 63
14 32 55 75 76 59 29
14 33 86 46 65 64 88
14 34 47 60 53 28 24
14 35 71 55 80 72 55
14 36 80 87 45 80 43
14 37 36 54 29 59 31
14 38 39 46 54 58 41
14 39 81 85 71 88 51
14 40 71 72 83 59 62
14 41 32 17 44 62 41
15 16 17 57 55 31 49
15 17 83 51 80 45 64
15 18 39 39 57 34 47
15 19 0 9 17 1 38
15 20 35 53 28 27 63
15 21 77 39 68 65 47
15 22 3 49 25 7 36
15 23 44 72 56 36 53
15 24 68 53 40 70 64
15 25 56 31 71 56 53
15 26 17 32 36 20 45
15 27 26 16 33 56 22
15 28 75 56 45 41 45
15 29 78 49 59 85 73
15 30 95 61 58 80 76
15 31 16 54 18 32 16
15 32 97 60 78 80 92
15 33 49 62 68 57 58
15 34 27 28 55 32 59
15 35 23 45 48 47 60
15 36 0 2 3 18 37
15 37 4 10 19 7 5
15 38 4 18 33 21 19
15 39 97 84 88 93 91
15 40 51 40 67 33 31
15 41 89 83 92 72 48
16 17 94 97 96 55 68
16 18 50 63 45 66 70
16 19 10 51 10 19 15
16 20 3 35 10 4 19
16 21 45 51 49 43 47
16 22 29 45 38 16 17
16 23 60 43 65 41 36
16 24 87 52 84 60 76
16 25 17 18 51 23 47
16 26 53 39 59 29 44
16 27 3 12 49 38 17
16 28 68 74 74 44 77
16 29 9 42 48 26 42
16 30 97 73 71 52 48
16 31 59 57 52 69 51
16 32 60 31 73 34 31
16 33 4 23 38 41 18
16 34 65 51 62 76 75
16 35 29 20 31 49 35
16 36 57 67 40 37 66
16 37 85 61 60 57 67
16 38 6 24 28 42 22
16 39 98 95 63 56 95
16 40 76 86 51 76 86
16 41 39 66 48 59 28
17 18 48 47 60 35 58
17 19 90 62 67 87 61
17 20 29 64 31 37 34
17 21 71 63 81 49 62
17 22 36 26 43 42 40
17 23 93 84 90 78 52
17 24 35 29 62 25 60
17 25 26 31 14 62 48
17 26 0 20 40 40 15
17 27 6 19 42 37 22
17 28 26 47 36 31 60
17 29 65 44 48 52 80
17 30 85 87 71 52 53
17 31 5 45 44 44 41
17 32 62 79 41 57 39
17 33 32 44 59 41 31
17 34 3 16 42 34 38
17 35 80 68 59 57 81
17 36 58 46 50 63 32
17 37 62 77 65 67 55
17 38 24 13 39 58 56
17 39 88 81 77 89 79
17 40 98 55 88 91 86
17 41 10 41 37 32 8
18 19 65 65 75 34 67
18 20 22 59 37 45 24
18 21 49 47 67 38 59
18 22 20 45 20 25 11
18 23 47 53 44 69 40
18 24 72 55 78 68 74
18 25 40 35 52 51 68
18 26 49 74 43 66 52
18 27 96 50 56 86 53
18 28 38 55 30 35 21
18 29 66 65 61 72 66
18 30 50 39 44 63 51
18 31 62 33 45 78 71
18 32 47 24 39 64 31
18 33 68 52 60 48 40
18 34 82 59 46 46 47
18 35 84 69 52 56 70
18 36 0 22 18 1 43
18 37 45 38 60 58 56
18 38 73 47 61 75 68
18 39 34 36 64 27 43
18 40 24 30 61 45 49
18 41 88 91 77 89 67
19 20 47 35 31 73 40
19 21 76 40 62 65 73
19 22 7 43 34 39 41
19 23 47 56 66 50 58
19 24 49 35 44 31 40
19 25 15 23 36 36 10
19 26 30 48 24 36 46
19 27 83 48 85 46 58
19 28 16 24 44 55 48
19 29 57 45 64 73 57
19 30 35 34 36 51 51
19 31 47 25 37 52 65
19 32 58 71 65 40 61
19 33 3 40 29 40 20
19 34 15 14 20 43 45
19 35 66 71 57 59 80
19 36 86 88 48 85 52
19 37 69 68 77 42 37
19 38 72 66 53 80 43
19 39 16 8 18 11 19
19 40 39 58 47 35 24
19 41 72 61 73 81 61
20 21 47 31 64 44 24
20 22 90 87 47 94 63
20 23 7 20 29 51 42
20 24 60 61 32 63 46
20 25 76 63 58 51 74
20 26 59 64 37 50 35
20 27 22 26 38 35 54
20 28 74 41 41 65 70
20 29 67 82 42 72 51
20 30 27 59 17 28 28
20 31 22 39 45 16 36
20 32 91 85 78 65 77
20 33 79 82 58 87 59
20 34 23 16 59 56 58
20 35 95 81 58 58 79
20 36 19 17 54 38 57
20 37 52 46 50 37 70
20 38 1 41 36 20 4
20 39 16 16 36 31 45
20 40 72 70 68 40 55
20 41 68 82 45 62 39
21 22 40 49 65 68 52
21 23 60 33 55 43 77
21 24 67 81 61 78 57
21 25 16 21 36 30 55
21 26 23 39 13 27 26
21 27 97 72 68 93 58
21 28 24 43 38 18 34
21 29 84 54 59 89 48
21 30 30 20 43 20 52
21 31 27 23 40 41 51
21 32 10 42 53 48 53
21 33 54 33 74 54 50
21 34 41 43 62 32 21
21 35 99 82 55 75 83
21 36 62 56 49 63 43
21 37 20 32 32 25 31
21 38 28 56 52 24 35
21 39 97 77 56 81 69
21 40 93 89 89 84 60
21 41 0 13 8 4 39
22 23 20 20 23 21 25
22 24 42 30 46 52 67
22 25 65 79 33 42 80
22 26 61 35 51 36 74
22 27 43 34 59 36 31
22 28 56 55 77 60 54
22 29 53 56 43 45 59
22 30 53 72 34 71 41
22 31 40 34 33 48 64
22 32 17 11 14 23 55
22 33 50 59 74 65 43
22 34 51 69 61 41 54
22 35 12 29 50 12 32
22 36 32 46 62 27 55
22 37 15 11 12 28 24
22 38 84 46 62 68 71
22 39 34 38 38 57 51
22 40 23 35 35 20 33
22 41 54 73 39 69 53
23 24 10 33 52 19 32
23 25 95 61 69 82 61
23 26 72 38 57 43 62
23 27 57 67 74 34 54
23 28 75 70 51 71 55
23 29 69 53 36 59 84
23 30 58 79 52 59 41
23 31 31 25 47 57 25
23 32 83 77 70 76 53
23 33 21 27 13 31 57
23 34 90 56 71 69 62
23 35 14 21 53 28 32
23 36 76 70 78 47 51
23 37 42 21 68 66 27
23 38 86 65 56 83 69
23 39 45 47 44 28 47
23 40 33 20 54 61 22
23 41 47 46 37 40 25
24 25 51 54 33 65 68
24 26 1 29 19 3 6
24 27 73 75 54 76 76
24 28 1 31 35 28 29
24 29 65 65 71 70 69
24 30 79 77 69 67 48
24 31 24 41 44 34 25
24 32 54 62 76 76 40
24 33 19 33 18 30 52
24 34 52 61 37 42 75
24 35 39 39 45 38 57
24 36 18 13 11 52 25
24 37 24 51 43 27 25
24 38 9 8 33 36 19
24 39 80 62 76 68 47
24 40 84 60 68 47 60
24 41 69 77 46 59 43
25 26 36 26 25 64 52
25 27 69 47 84 42 50
25 28 69 70 43 76 50
25 29 15 7 37 44 46
25 30 37 57 31 37 27
25 31 56 32 60 44 64
25 32 21 42 38 20 43
25 33 47 42 30 63 62
25 34 27 26 31 57 48
25 35 56 70 73 45 72
25 36 43 30 59 22 66
25 37 1 32 35 26 17
25 38 13 46 15 37 56
25 39 84 77 55 60 90
25 40 27 50 43 31 13
25 41 31 32 64 45 39
26 27 37 62 56 63 50
26 28 22 24 51 51 56
26 29 19 21 27 22 27
26 30 89 50 82 52 93
26 31 49 48 28 54 48
26 32 82 83 86 61 42
26 33 51 28 41 64 38
26 34 0 16 11 24 3
26 35 43 68 39 51 39
26 36 87 60 53 50 63
26 37 70 46 85 73 63
26 38 52 61 61 44 57
26 39 74 57 86 71 39
26 40 17 25 39 10 26
26 41 50 56 61 52 66
27 28 99 61 95 85 89
27 29 69 69 70 36 56
27 30 23 23 30 56 60
27 31 3 7 50 21 44
27 32 87 83 75 91 62
27 33 80 63 64 76 65
27 34 94 94 62 55 90
27 35 53 74 46 72 32
27 36 65 41 48 82 68
27 37 76 38 45 79 81
27 38 46 68 68 51 39
27 39 62 55 43 57 31
27 40 44 39 51 68 27
27 41 19 44 36 53 22
28 29 88 55 70 62 91
28 30 86 60 45 64 91
28 31 25 16 58 49 51
28 32 16 53 23 28 40
28 33 58 36 72 33 56
28 34 55 74 53 44 43
28 35 79 61 83 60 64
28 36 39 29 40 54 39
28 37 56 33 52 67 38
28 38 8 12 44 14 5
28 39 19 26 47 55 36
28 40 28 57 42 31 33
28 41 87 86 79 65 71
29 30 38 43 28 61 60
29 31 61 34 79 66 68
29 32 62 48 41 43 58
29 33 1 1 10 22 24
29 34 30 62 46 59 52
29 35 17 11 33 33 40
29 36 69 50 49 41 54
29 37 15 28 56 29 33
29 38 65 57 35 56 47
29 39 69 66 67 52 58
29 40 88 54 44 63 74
29 41 1 22 2 23 7
30 31 48 57 69 45 56
30 32 81 74 90 54 70
30 33 67 68 51 59 74
30 34 88 51 45 93 85
30 35 91 60 91 84 58
30 36 75 76 42 54 65
30 37 99 62 89 67 52
30 38 10 12 28 34 43
30 39 68 53 44 41 62
30 40 51 30 71 48 47
30 41 2 35 5 11 11
31 32 31 18 29 39 33
31 33 39 65 65 53 32
31 34 87 92 83 77 81
31 35 87 66 78 59 75
31 36 8 7 11 33 29
31 37 83 55 55 60 81
31 38 91 72 88 83 84
31 39 36 62 27 56 23
31 40 69 59 59 63 60
31 41 16 21 20 12 8
32 33 97 77 94 65 82
32 34 39 53 61 49 30
32 35 78 41 81 71 64
32 36 58 30 60 71 48
32 37 41 62 57 48 37
32 38 65 75 41 54 34
32 39 62 66 47 70 32
32 40 98 91 73 96 68
32 41 56 75 39 69 44
33 34 87 48 55 74 90
33 35 90 50 87 57 60
33 36 27 42 48 29 53
33 37 10 21 49 23 11
33 38 85 45 49 54 75
33 39 92 76 79 58 81
33 40 54 69 60 64 42
33 41 72 61 38 70 75
34 35 95 69 76 61 59
34 36 49 40 36 64 26
34 37 22 53 57 20 18
34 38 48 58 65 44 30
34 39 37 48 22 36 60
34 40 84 59 82 78 59
34 41 22 52 27 28 11
35 36 92 49 94 48 73
35 37 6 6 52 29 8
35 38 51 50 41 62 56
35 39 82 81 52 83 69
35 40 93 96 76 94 70
35 41 11 11 18 7 23
36 37 81 50 81 49 45
36 38 82 65 67 42 73
36 39 2 31 23 5 43
36 40 77 64 83 46 74
36 41 95 50 79 53 74
37 38 90 66 65 80 63
37 39 62 63 34 47 57
37 40 15 10 17 45 18
37 41 49 70 49 32 53
38 39 86 58 75 57 59
38 40 70 67 62 44 74
38 41 96 96 55 64 74
39 40 30 32 19 19 46
39 41 30 18 42 63 61
40 41 90 56 81 60 59
