45 5
0 0.333333 0.333333 0.333333 0 
0 1 43 39 44 46 47
0 2 58 54 55 63 60
0 3 61 61 62 56 53
0 4 26 26 37 35 23
0 5 12 11 18 11 14
0 6 18 15 21 16 24
0 7 46 50 45 52 46
0 8 71 65 75 72 74
0 9 79 79 80 77 78
0 10 11 11 21 23 23
0 11 85 86 82 81 74
0 12 99 93 89 95 94
0 13 67 69 57 71 66
0 14 53 52 59 53 52
0 15 90 92 77 77 78
0 16 68 68 73 60 64
0 17 44 42 49 39 48
0 18 48 47 54 44 49
0 19 93 79 85 86 84
0 20 32 37 32 27 41
0 21 41 47 45 49 39
0 22 1 15 10 9 4
0 23 32 29 32 28 34
0 24 22 27 28 21 23
0 25 29 31 25 27 38
0 26 5 6 15 10 13
0 27 96 89 88 88 90
0 28 17 21 20 16 30
0 29 37 39 44 32 34
0 30 68 61 69 72 70
0 31 72 75 62 69 76
0 32 7 20 9 15 12
0 33 24 24 31 31 24
0 34 83 79 84 80 73
0 35 93 87 92 81 87
0 36 27 24 32 23 37
0 37 99 90 90 86 92
0 38 51 45 56 53 52
0 39 75 71 77 67 73
0 40 23 29 26 30 21
0 41 65 59 56 59 62
0 42 91 79 83 86 78
0 43 13 18 12 15 20
0 44 5 19 11 10 11
1 2 54 56 52 51 47
1 3 52 58 46 54 55
1 4 49 55 54 44 52
1 5 97 88 88 87 97
1 6 17 20 17 23 19
1 7 67 68 58 58 69
1 8 9 8 18 10 21
1 9 30 28 34 36 36
1 10 29 36 39 30 39
1 11 25 24 27 33 31
1 12 20 18 29 21 18
1 13 27 32 26 33 27
1 14 30 37 26 39 40
1 15 86 76 85 80 76
1 16 80 72 78 83 79
1 17 36 32 33 41 35
1 18 20 24 19 30 25
1 19 77 77 78 66 66
1 20 64 54 66 55 62
1 21 28 39 32 25 35
1 22 27 28 37 24 36
1 23 46 45 53 44 48
1 24 72 64 75 63 63
1 25 48 48 43 50 41
1 26 28 33 29 34 30
1 27 84 72 85 84 75
1 28 32 34 28 34 35
1 29 16 21 22 18 23
1 30 76 65 69 78 65
1 31 37 36 35 45 35
1 32 26 28 24 26 31
1 33 35 35 38 42 40
1 34 60 64 60 65 56
1 35 53 46 53 51 51
1 36 18 22 24 28 26
1 37 60 56 58 63 60
1 38 52 53 45 46 51
1 39 22 22 27 22 30
1 40 88 85 76 77 76
1 41 77 75 67 75 75
1 42 29 33 27 26 34
1 43 21 31 21 26 31
1 44 88 79 80 89 88
2 3 32 31 28 40 30
2 4 80 69 73 82 75
2 5 82 84 76 77 73
2 6 89 75 76 75 86
2 7 90 89 83 86 82
2 8 83 81 72 84 84
2 9 8 19 17 9 13
2 10 26 35 23 26 31
2 11 41 40 46 43 43
2 12 75 67 69 73 75
2 13 40 45 49 44 44
2 14 43 50 40 38 43
2 15 18 18 24 16 23
2 16 8 13 16 13 20
2 17 61 55 53 64 61
2 18 20 20 22 31 23
2 19 75 65 77 78 71
2 20 70 74 66 74 74
2 21 56 53 48 52 60
2 22 37 43 46 42 45
2 23 6 11 16 5 6
2 24 19 30 26 21 19
2 25 73 76 77 76 70
2 26 4 17 17 10 10
2 27 80 83 77 72 77
2 28 9 18 18 12 22
2 29 47 44 42 45 46
2 30 91 86 80 91 82
2 31 64 57 56 63 58
2 32 8 11 17 10 14
2 33 78 79 73 73 72
2 34 31 37 29 35 26
2 35 47 44 43 51 53
2 36 72 64 61 65 61
2 37 6 13 10 17 8
2 38 81 77 71 74 75
2 39 62 66 60 68 54
2 40 83 72 75 71 79
2 41 85 78 79 84 81
2 42 5 19 17 19 10
2 43 91 85 77 88 90
2 44 30 35 30 38 37
3 4 13 15 14 16 21
3 5 50 46 45 44 46
3 6 13 16 19 18 15
3 7 55 56 50 50 52
3 8 10 23 19 22 13
3 9 47 53 46 50 53
3 10 24 31 33 35 27
3 11 69 73 63 59 62
3 12 65 56 64 67 61
3 13 14 21 13 18 26
3 14 90 79 84 84 82
3 15 1 9 4 11 1
3 16 23 28 29 31 23
3 17 81 83 74 79 78
3 18 29 30 35 26 38
3 19 54 50 49 48 59
3 20 45 46 44 39 51
3 21 10 23 12 20 10
3 22 81 71 79 76 79
3 23 54 52 55 57 47
3 24 80 69 76 79 81
3 25 82 70 83 75 79
3 26 22 25 26 33 25
3 27 56 57 50 53 52
3 28 36 45 35 31 32
3 29 74 73 74 72 63
3 30 17 18 17 26 21
3 31 85 78 74 78 82
3 32 10 14 19 13 15
3 33 25 26 22 24 29
3 34 5 11 16 15 10
3 35 24 28 28 34 26
3 36 45 51 51 39 47
3 37 43 41 48 49 39
3 38 23 31 30 31 23
3 39 25 32 30 29 24
3 40 44 42 47 38 40
3 41 1 12 3 8 1
3 42 52 58 45 56 46
3 43 48 53 56 52 54
3 44 49 45 53 45 55
4 5 8 7 21 8 19
4 6 53 52 46 53 57
4 7 55 56 62 61 57
4 8 90 79 78 89 91
4 9 29 38 30 24 33
4 10 58 58 55 59 51
4 11 17 28 24 23 23
4 12 23 34 34 34 33
4 13 19 27 26 19 22
4 14 35 32 38 31 34
4 15 29 35 31 29 39
4 16 0 13 5 5 14
4 17 34 33 42 39 39
4 18 61 59 67 55 59
4 19 62 58 54 58 66
4 20 74 75 73 63 64
4 21 25 34 22 24 27
4 22 51 56 49 56 47
4 23 17 21 16 26 19
4 24 53 54 47 59 56
4 25 28 36 34 34 28
4 26 98 89 97 95 92
4 27 63 65 55 59 57
4 28 84 73 76 86 79
4 29 16 28 24 14 18
4 30 22 27 26 20 23
4 31 72 73 70 69 70
4 32 63 60 66 65 54
4 33 13 25 21 24 16
4 34 27 32 32 32 24
4 35 91 87 84 87 88
4 36 77 78 77 77 71
4 37 79 82 75 72 68
4 38 97 87 96 90 89
4 39 78 67 81 80 67
4 40 69 66 66 60 73
4 41 45 41 49 40 42
4 42 69 70 74 60 70
4 43 23 28 22 26 24
4 44 97 87 90 86 92
5 6 15 23 26 20 24
5 7 65 67 68 64 60
5 8 54 61 61 56 58
5 9 12 24 22 23 12
5 10 27 33 23 34 34
5 11 6 11 19 10 11
5 12 92 86 84 88 85
5 13 20 22 21 24 20
5 14 84 84 73 83 85
5 15 73 65 73 69 76
5 16 58 59 60 49 56
5 17 64 65 59 69 55
5 18 0 8 14 4 6
5 19 18 21 19 25 30
5 20 91 87 79 81 86
5 21 54 48 46 49 58
5 22 28 34 27 37 36
5 23 22 31 32 30 30
5 24 36 34 44 36 41
5 25 4 9 10 4 13
5 26 17 29 18 19 18
5 27 24 31 23 26 31
5 28 70 61 63 70 71
5 29 17 20 24 24 23
5 30 7 13 20 14 14
5 31 73 68 66 63 72
5 32 40 45 44 39 34
5 33 90 85 85 83 80
5 34 49 50 45 43 53
5 35 63 62 62 64 65
5 36 5 9 9 13 8
5 37 83 81 77 74 85
5 38 44 39 46 45 48
5 39 31 39 38 36 31
5 40 66 56 68 68 68
5 41 87 83 75 85 74
5 42 89 83 82 84 84
5 43 18 29 15 19 22
5 44 1 7 3 15 11
6 7 66 65 57 58 61
6 8 24 25 32 27 33
6 9 70 61 62 74 65
6 10 46 53 40 48 42
6 11 28 38 34 24 26
6 12 60 51 63 59 56
6 13 75 75 65 78 68
6 14 66 71 65 63 60
6 15 27 32 28 37 36
6 16 43 43 41 43 48
6 17 87 79 82 84 84
6 18 40 40 47 41 39
6 19 12 24 17 17 17
6 20 76 76 78 68 73
6 21 73 65 76 66 75
6 22 42 46 36 38 41
6 23 24 20 22 34 22
6 24 88 76 81 78 80
6 25 62 61 61 53 54
6 26 1 4 15 7 8
6 27 8 14 20 9 19
6 28 7 13 12 9 13
6 29 38 47 37 35 43
6 30 12 22 25 20 16
6 31 75 70 75 75 65
6 32 22 28 21 25 27
6 33 74 65 75 65 73
6 34 13 17 11 13 12
6 35 34 41 36 40 30
6 36 19 28 22 24 30
6 37 56 48 54 56 54
6 38 58 60 61 58 55
6 39 18 27 26 18 24
6 40 79 79 73 79 70
6 41 58 54 56 56 57
6 42 26 35 23 29 32
6 43 10 15 15 22 16
6 44 39 43 47 38 47
7 8 81 79 70 72 71
7 9 58 53 61 56 63
7 10 87 87 81 84 81
7 11 16 16 18 23 21
7 12 13 15 15 20 15
7 13 3 7 7 15 8
7 14 78 71 67 77 71
7 15 57 60 57 49 51
7 16 83 78 80 83 72
7 17 67 66 70 63 69
7 18 16 18 17 14 17
7 19 25 33 35 29 29
7 20 58 59 60 53 51
7 21 32 33 40 37 30
7 22 67 70 62 70 69
7 23 50 44 58 56 50
7 24 87 84 83 88 76
7 25 10 10 15 20 14
7 26 26 24 35 24 29
7 27 30 37 39 38 27
7 28 66 63 67 62 58
7 29 9 16 15 16 8
7 30 17 23 14 27 14
7 31 24 24 22 28 30
7 32 59 62 59 61 61
7 33 73 66 62 63 69
7 34 98 88 89 88 90
7 35 20 26 18 26 20
7 36 61 62 62 56 58
7 37 57 59 49 56 60
7 38 45 40 49 52 46
7 39 15 19 27 22 18
7 40 32 32 42 40 32
7 41 10 15 17 13 9
7 42 54 46 58 47 53
7 43 69 73 73 63 68
7 44 71 75 70 70 74
8 9 64 58 69 65 57
8 10 64 63 69 67 67
8 11 92 85 86 88 90
8 12 88 78 89 82 75
8 13 2 6 13 14 4
8 14 44 49 39 46 52
8 15 50 49 51 54 48
8 16 56 60 62 49 54
8 17 41 46 47 47 42
8 18 51 51 55 47 47
8 19 77 75 79 68 73
8 20 21 21 22 31 28
8 21 11 18 12 15 22
8 22 56 57 53 52 58
8 23 53 57 53 53 52
8 24 84 83 76 75 78
8 25 72 70 66 75 69
8 26 37 41 36 41 41
8 27 95 82 95 85 83
8 28 99 89 95 90 96
8 29 1 9 9 6 6
8 30 62 62 59 53 58
8 31 7 16 17 12 16
8 32 26 31 36 36 22
8 33 73 75 69 72 63
8 34 55 62 61 55 55
8 35 12 13 18 23 21
8 36 72 73 66 66 76
8 37 25 22 31 30 24
8 38 66 66 62 66 63
8 39 85 73 77 73 81
8 40 76 68 67 68 68
8 41 31 38 28 32 34
8 42 31 28 38 37 28
8 43 9 9 19 21 8
8 44 8 9 13 17 17
9 10 7 20 9 21 6
9 11 32 41 39 28 35
9 12 96 91 84 85 87
9 13 22 28 31 23 27
9 14 89 85 83 89 82
9 15 33 42 42 41 36
9 16 88 85 80 80 87
9 17 90 87 86 82 83
9 18 82 79 75 84 71
9 19 32 30 31 29 34
9 20 60 58 53 63 64
9 21 67 65 59 58 66
9 22 2 2 9 12 3
9 23 12 15 23 16 25
9 24 59 52 59 55 62
9 25 33 33 43 40 37
9 26 96 93 86 88 91
9 27 33 37 33 35 29
9 28 76 66 68 77 77
9 29 85 83 76 75 82
9 30 18 16 29 18 16
9 31 39 46 47 41 42
9 32 80 74 81 75 74
9 33 85 83 84 79 75
9 34 65 68 62 61 67
9 35 97 95 91 92 93
9 36 5 13 7 17 19
9 37 63 68 64 61 55
9 38 80 77 74 77 82
9 39 84 83 85 76 72
9 40 89 79 86 77 89
9 41 54 60 50 50 51
9 42 11 12 10 21 16
9 43 84 77 75 81 80
9 44 68 72 59 63 65
10 11 35 37 32 39 38
10 12 61 61 58 66 62
10 13 73 76 64 63 76
10 14 46 54 39 42 49
10 15 69 65 69 66 61
10 16 89 79 76 83 86
10 17 12 24 17 11 15
10 18 59 51 51 59 61
10 19 61 64 64 55 63
10 20 20 22 26 28 24
10 21 75 77 66 72 72
10 22 96 95 92 82 88
10 23 57 55 59 53 57
10 24 42 41 41 46 50
10 25 52 47 55 48 45
10 26 95 92 87 87 86
10 27 23 30 28 22 26
10 28 0 12 3 13 11
10 29 10 17 11 11 23
10 30 41 41 44 41 42
10 31 7 7 15 8 17
10 32 66 69 56 64 64
10 33 88 76 75 82 88
10 34 2 6 2 16 2
10 35 81 75 81 78 77
10 36 60 66 54 55 63
10 37 21 27 21 21 24
10 38 16 19 18 19 27
10 39 27 28 34 28 25
10 40 84 78 85 73 77
10 41 87 76 86 79 77
10 42 55 57 52 49 60
10 43 72 61 64 64 65
10 44 13 16 15 19 22
11 12 37 40 35 35 37
11 13 76 66 73 69 73
11 14 2 10 11 15 12
11 15 65 70 70 64 65
11 16 26 28 28 27 35
11 17 78 77 76 81 69
11 18 76 70 70 71 77
11 19 95 93 94 92 85
11 20 11 18 19 18 22
11 21 68 63 58 61 66
11 22 26 27 31 35 35
11 23 79 82 74 72 81
11 24 81 77 83 83 79
11 25 77 70 73 75 78
11 26 17 21 19 27 23
11 27 20 25 31 23 26
11 28 44 48 38 46 47
11 29 70 65 65 71 65
11 30 63 54 60 67 67
11 31 19 23 29 30 22
11 32 3 9 12 6 6
11 33 39 46 34 36 45
11 34 52 46 57 54 46
11 35 69 66 74 66 73
11 36 31 29 35 38 38
11 37 16 18 14 25 25
11 38 45 51 49 47 41
11 39 81 83 82 79 83
11 40 15 15 18 22 21
11 41 99 89 91 90 88
11 42 85 74 81 78 74
11 43 96 86 86 85 82
11 44 66 64 67 65 58
12 13 23 20 28 24 24
12 14 59 55 63 64 58
12 15 44 42 39 48 44
12 16 12 18 25 24 16
12 17 13 24 13 18 16
12 18 64 55 59 69 56
12 19 68 68 62 71 65
12 20 99 86 90 92 88
12 21 58 52 53 50 57
12 22 93 81 93 86 84
12 23 25 24 32 29 36
12 24 89 77 84 82 83
12 25 66 65 71 60 66
12 26 53 46 54 48 48
12 27 33 33 32 35 34
12 28 70 69 62 67 69
12 29 52 50 49 46 50
12 30 99 86 93 99 86
12 31 89 78 85 80 83
12 32 78 71 79 72 71
12 33 36 33 36 40 42
12 34 53 53 58 46 59
12 35 32 42 28 29 30
12 36 82 79 72 83 81
12 37 29 35 31 32 26
12 38 66 59 59 60 59
12 39 54 58 57 57 60
12 40 79 76 68 80 81
12 41 82 79 73 78 76
12 42 82 77 78 77 79
12 43 11 10 13 18 20
12 44 83 79 75 85 81
13 14 50 54 50 45 49
13 15 31 31 30 38 29
13 16 7 18 10 19 10
13 17 67 61 70 60 60
13 18 66 64 64 62 64
13 19 22 21 24 30 21
13 20 57 49 55 60 61
13 21 27 37 35 30 23
13 22 61 64 64 63 61
13 23 70 60 63 65 63
13 24 34 30 32 29 33
13 25 74 63 69 68 63
13 26 13 14 19 21 20
13 27 76 65 71 74 66
13 28 21 24 18 21 33
13 29 95 95 80 92 91
13 30 13 12 16 21 12
13 31 47 48 49 44 49
13 32 25 35 33 30 24
13 33 45 53 47 40 53
13 34 39 46 43 38 41
13 35 59 57 56 53 55
13 36 22 33 25 20 28
13 37 37 32 39 39 38
13 38 80 70 74 83 68
13 39 78 77 80 75 75
13 40 24 26 34 24 21
13 41 21 26 25 25 32
13 42 69 58 71 65 68
13 43 18 22 25 18 19
13 44 34 32 40 39 30
14 15 2 4 5 2 7
14 16 50 49 47 57 54
14 17 47 45 42 44 48
14 18 31 40 32 40 32
14 19 48 46 53 41 48
14 20 15 27 27 13 14
14 21 54 59 49 50 52
14 22 19 22 25 18 24
14 23 40 38 42 40 35
14 24 43 38 43 43 48
14 25 3 7 7 14 9
14 26 88 82 81 78 75
14 27 45 49 47 46 43
14 28 6 13 17 12 7
14 29 6 17 13 14 9
14 30 2 2 9 12 3
14 31 48 51 45 55 53
14 32 8 11 12 11 21
14 33 73 77 65 70 74
14 34 69 59 63 73 72
14 35 91 78 84 85 88
14 36 74 64 70 66 69
14 37 12 23 11 22 11
14 38 81 78 75 80 77
14 39 64 69 58 55 64
14 40 47 44 54 45 51
14 41 92 79 79 86 90
14 42 13 21 24 20 24
14 43 46 53 45 45 52
14 44 77 71 74 72 71
15 16 44 38 43 47 49
15 17 46 49 48 46 45
15 18 87 82 88 75 80
15 19 22 24 21 23 30
15 20 28 38 28 30 36
15 21 14 23 14 22 21
15 22 52 55 54 52 54
15 23 32 27 31 40 37
15 24 24 35 23 30 25
15 25 90 80 90 79 78
15 26 20 29 17 28 22
15 27 34 42 31 41 43
15 28 32 40 28 33 28
15 29 77 69 79 74 74
15 30 7 20 15 14 13
15 31 29 37 26 26 28
15 32 84 74 76 78 81
15 33 36 33 35 35 43
15 34 72 64 70 72 62
15 35 8 12 22 16 11
15 36 60 54 60 55 60
15 37 97 83 84 92 91
15 38 30 30 34 29 36
15 39 60 57 63 53 56
15 40 54 53 61 48 61
15 41 65 58 64 64 68
15 42 70 63 71 69 65
15 43 35 31 43 42 42
15 44 80 78 76 73 78
16 17 99 87 87 95 92
16 18 93 91 90 93 80
16 19 57 53 51 53 50
16 20 56 51 61 52 57
16 21 98 92 97 96 97
16 22 60 51 55 52 62
16 23 65 56 57 62 59
16 24 62 61 60 60 67
16 25 30 27 35 32 35
16 26 96 82 91 87 95
16 27 8 17 11 19 17
16 28 61 56 55 57 62
16 29 2 9 3 10 2
16 30 25 25 34 32 24
16 31 80 82 79 80 70
16 32 71 65 65 68 60
16 33 76 71 80 73 68
16 34 38 33 38 33 42
16 35 93 88 92 79 80
16 36 13 22 13 21 18
16 37 21 26 32 20 20
16 38 46 46 51 46 40
16 39 69 61 69 60 63
16 40 99 85 84 92 93
16 41 54 52 60 50 50
16 42 55 59 58 56 55
16 43 3 7 10 13 12
16 44 76 71 76 72 75
17 18 86 80 74 74 85
17 19 65 67 58 64 67
17 20 49 55 52 55 53
17 21 29 29 30 26 35
17 22 84 73 80 79 86
17 23 72 68 73 69 68
17 24 92 89 89 80 87
17 25 34 31 42 40 37
17 26 82 70 70 84 81
17 27 63 55 58 62 59
17 28 87 79 88 77 82
17 29 64 64 55 57 58
17 30 68 72 68 73 60
17 31 88 78 75 86 82
17 32 84 74 79 77 73
17 33 76 76 70 73 69
17 34 50 53 47 43 47
17 35 98 93 98 95 98
17 36 40 48 48 46 35
17 37 75 68 77 66 73
17 38 9 21 22 21 9
17 39 60 64 66 56 54
17 40 86 75 77 81 74
17 41 84 85 81 85 73
17 42 76 67 74 73 71
17 43 0 8 8 10 9
17 44 44 51 49 44 42
18 19 95 86 86 90 87
18 20 40 34 40 37 43
18 21 39 47 45 37 42
18 22 60 65 66 61 63
18 23 21 22 23 28 31
18 24 51 48 45 56 52
18 25 25 29 32 26 21
18 26 66 59 64 70 69
18 27 44 41 43 41 40
18 28 16 21 28 18 24
18 29 34 43 38 29 30
18 30 41 44 35 36 44
18 31 71 65 61 64 74
18 32 31 32 40 39 33
18 33 34 31 33 38 35
18 34 26 31 29 23 25
18 35 81 82 74 70 75
18 36 68 64 58 61 60
18 37 80 72 80 74 68
18 38 0 3 1 3 2
18 39 78 79 74 75 76
18 40 33 37 37 33 37
18 41 17 24 24 17 21
18 42 12 13 19 21 10
18 43 79 68 70 72 71
18 44 80 81 75 78 74
19 20 61 57 60 56 59
19 21 34 38 35 35 36
19 22 40 47 40 38 48
19 23 47 48 46 40 46
19 24 71 67 63 75 62
19 25 35 37 42 37 43
19 26 63 61 64 65 56
19 27 54 49 60 48 49
19 28 31 29 27 33 32
19 29 57 61 49 53 56
19 30 93 85 84 89 88
19 31 27 37 32 27 32
19 32 16 25 28 20 26
19 33 74 63 74 71 69
19 34 42 42 49 40 42
19 35 78 70 76 77 79
19 36 14 12 15 25 19
19 37 53 55 46 59 57
19 38 96 87 95 84 94
19 39 44 41 42 44 38
19 40 60 61 62 52 63
19 41 78 73 81 69 67
19 42 15 15 19 23 21
19 43 69 68 66 72 63
19 44 60 62 62 61 61
20 21 47 44 42 47 44
20 22 85 86 75 82 78
20 23 31 41 40 36 33
20 24 80 83 69 81 73
20 25 5 5 12 9 17
20 26 61 52 64 65 66
20 27 46 53 42 42 46
20 28 8 12 10 12 10
20 29 24 23 27 21 32
20 30 2 16 11 15 10
20 31 4 4 14 9 11
20 32 74 69 68 77 75
20 33 80 70 74 77 70
20 34 98 87 84 92 93
20 35 57 55 57 51 52
20 36 29 38 32 27 33
20 37 9 14 10 13 16
20 38 20 24 29 20 21
20 39 79 81 73 74 75
20 40 98 94 84 89 85
20 41 26 24 28 32 31
20 42 72 72 70 69 72
20 43 4 6 15 6 9
20 44 72 61 69 70 67
21 22 94 95 90 92 84
21 23 91 91 80 91 77
21 24 27 26 30 34 33
21 25 43 39 50 48 38
21 26 88 80 78 84 86
21 27 67 66 64 63 60
21 28 52 51 56 56 46
21 29 94 93 92 88 81
21 30 89 77 89 78 78
21 31 17 21 21 29 27
21 32 85 86 84 77 80
21 33 67 65 63 67 57
21 34 84 76 76 74 82
21 35 83 81 71 75 72
21 36 85 79 76 87 75
21 37 14 22 21 15 19
21 38 74 72 71 66 72
21 39 70 73 74 62 66
21 40 13 20 11 17 25
21 41 80 80 79 75 75
21 42 42 38 37 46 47
21 43 3 7 10 7 11
21 44 1 6 1 5 6
22 23 30 27 31 41 28
22 24 67 64 68 60 65
22 25 83 78 78 80 77
22 26 15 26 25 23 19
22 27 33 35 31 37 43
22 28 11 21 14 15 12
22 29 35 34 43 35 34
22 30 8 11 7 12 14
22 31 75 78 73 73 66
22 32 77 66 66 79 72
22 33 61 63 65 56 52
22 34 88 89 82 77 84
22 35 10 11 21 10 18
22 36 31 28 37 26 32
22 37 97 88 97 84 86
22 38 86 82 75 86 87
22 39 10 9 20 15 19
22 40 54 47 54 54 46
22 41 57 62 61 53 55
22 42 57 61 61 52 52
22 43 37 35 45 34 45
22 44 68 71 67 69 64
23 24 91 77 83 90 87
23 25 57 59 51 61 53
23 26 33 42 41 42 41
23 27 36 31 45 43 46
23 28 14 25 20 25 14
23 29 35 37 36 33 44
23 30 2 7 6 14 9
23 31 39 34 35 40 37
23 32 9 21 17 21 21
23 33 95 96 84 89 84
23 34 37 43 37 37 46
23 35 78 74 67 75 72
23 36 71 69 64 71 69
23 37 53 56 58 57 58
23 38 80 73 78 81 76
23 39 72 73 72 70 72
23 40 89 77 90 79 76
23 41 90 85 80 76 76
23 42 12 13 13 12 18
23 43 88 75 88 83 79
23 44 28 28 29 34 36
24 25 5 18 19 6 15
24 26 21 26 19 23 20
24 27 64 65 66 65 60
24 28 54 53 52 46 60
24 29 68 65 63 64 59
24 30 6 20 10 15 19
24 31 10 11 13 13 16
24 32 20 22 26 25 30
24 33 1 7 5 4 10
24 34 86 85 84 78 86
24 35 15 19 23 26 15
24 36 9 8 12 8 20
24 37 72 62 64 72 64
24 38 73 73 63 66 64
24 39 18 24 29 29 23
24 40 9 17 17 20 21
24 41 91 83 87 84 79
24 42 61 52 55 55 64
24 43 9 13 13 18 16
24 44 45 48 51 42 47
25 26 36 46 38 38 32
25 27 79 77 74 80 69
25 28 51 44 51 58 54
25 29 83 84 78 78 75
25 30 35 31 36 41 44
25 31 90 85 79 79 89
25 32 37 32 40 44 45
25 33 90 84 88 84 80
25 34 80 75 74 80 68
25 35 33 38 42 29 29
25 36 54 53 51 56 47
25 37 64 57 64 61 70
25 38 39 34 41 46 39
25 39 40 48 39 43 38
25 40 47 55 42 55 41
25 41 83 84 76 73 82
25 42 1 11 15 9 3
25 43 35 34 43 43 36
25 44 33 42 42 42 37
26 27 36 31 42 40 36
26 28 56 58 54 61 58
26 29 20 20 26 22 20
26 30 12 15 22 16 19
26 31 64 68 63 63 55
26 32 87 87 85 75 87
26 33 46 46 45 44 40
26 34 8 12 11 13 13
26 35 87 86 78 84 84
26 36 6 11 13 20 9
26 37 15 21 24 23 22
26 38 21 21 31 25 29
26 39 3 8 10 4 17
26 40 4 4 4 6 5
26 41 46 51 44 44 44
26 42 47 41 41 45 41
26 43 23 21 25 26 24
26 44 42 40 49 48 35
27 28 26 24 32 33 25
27 29 30 40 33 39 31
27 30 40 49 37 41 43
27 31 70 62 61 64 74
27 32 12 15 20 13 17
27 33 69 63 60 59 64
27 34 12 17 21 11 13
27 35 47 47 42 53 45
27 36 91 91 79 82 92
27 37 92 89 90 87 91
27 38 93 80 88 91 85
27 39 69 61 64 72 63
27 40 97 89 85 87 88
27 41 65 62 63 61 63
27 42 67 70 71 61 61
27 43 20 18 19 19 27
27 44 36 36 33 33 40
28 29 50 44 56 52 56
28 30 47 53 44 41 46
28 31 54 48 51 55 51
28 32 41 45 42 46 46
28 33 48 50 51 48 47
28 34 48 50 54 51 51
28 35 13 16 16 25 25
28 36 58 54 64 60 63
28 37 4 12 5 8 13
28 38 51 58 58 49 52
28 39 2 9 9 7 6
28 40 67 59 59 59 70
28 41 1 6 13 7 1
28 42 93 90 93 86 80
28 43 51 51 56 56 49
28 44 71 68 74 62 74
29 30 79 78 74 73 76
29 31 10 23 20 16 20
29 32 63 55 53 54 59
29 33 6 14 12 10 10
29 34 61 56 60 54 59
29 35 47 52 54 42 54
29 36 20 27 20 20 21
29 37 90 87 87 79 79
29 38 15 14 22 14 25
29 39 64 64 64 56 57
29 40 24 26 29 29 31
29 41 62 55 58 68 67
29 42 90 82 76 84 89
29 43 1 5 11 3 9
29 44 84 84 79 80 78
30 31 74 75 71 63 70
30 32 35 34 31 41 44
30 33 40 43 42 41 45
30 34 87 76 84 76 82
30 35 70 60 69 68 70
30 36 70 61 64 61 65
30 37 29 27 26 36 37
30 38 52 57 50 48 59
30 39 3 13 16 12 16
30 40 38 45 44 42 43
30 41 56 57 52 62 54
30 42 58 57 53 50 50
30 43 38 42 44 46 39
30 44 48 51 48 51 54
31 32 17 16 16 20 17
31 33 43 48 49 49 47
31 34 23 22 28 21 26
31 35 2 6 14 5 7
31 36 67 68 59 72 60
31 37 79 78 82 81 77
31 38 91 89 92 87 80
31 39 77 69 66 77 76
31 40 37 36 47 42 39
31 41 46 48 54 48 45
31 42 21 18 25 22 18
31 43 11 17 10 17 15
31 44 14 23 14 16 16
32 33 65 59 56 58 57
32 34 72 62 70 74 71
32 35 4 12 17 4 10
32 36 34 32 38 34 35
32 37 9 9 18 10 15
32 38 11 11 23 12 14
32 39 1 12 6 4 10
32 40 74 69 75 75 73
32 41 53 55 50 55 45
32 42 90 83 87 90 81
32 43 88 78 76 80 87
32 44 28 32 38 32 36
33 34 19 21 18 26 22
33 35 42 39 38 41 41
33 36 36 30 34 38 37
33 37 31 37 37 32 28
33 38 99 98 94 97 94
33 39 32 36 41 40 41
33 40 92 79 87 88 83
33 41 51 44 49 52 50
33 42 73 71 66 71 67
33 43 59 58 63 54 57
33 44 46 47 51 40 51
34 35 57 56 62 50 61
34 36 35 43 32 44 34
34 37 76 71 80 66 79
34 38 20 31 23 18 19
34 39 12 22 10 13 14
34 40 32 31 33 35 28
34 41 33 30 37 36 31
34 42 6 9 13 9 12
34 43 4 16 5 18 7
34 44 91 90 78 80 79
35 36 8 20 11 13 8
35 37 20 29 20 18 31
35 38 14 15 13 17 20
35 39 90 87 80 87 83
35 40 14 22 15 23 15
35 41 59 53 64 65 61
35 42 13 16 24 22 19
35 43 29 29 40 26 30
35 44 72 69 76 75 63
36 37 46 48 42 48 52
36 38 80 74 70 73 76
36 39 9 22 20 11 18
36 40 35 43 35 36 31
36 41 27 25 29 28 37
36 42 31 33 38 31 29
36 43 61 64 52 65 54
36 44 4 3 14 16 7
37 38 82 82 78 82 83
37 39 71 61 65 60 70
37 40 43 42 43 45 37
37 41 54 50 57 47 56
37 42 8 9 10 21 8
37 43 24 29 24 34 26
37 44 34 39 39 42 40
38 39 93 92 90 87 89
38 40 53 55 55 56 47
38 41 66 60 62 65 67
38 42 16 21 20 24 26
38 43 98 91 98 86 87
38 44 93 82 90 86 82
39 40 30 32 27 39 30
39 41 16 27 27 28 20
39 42 10 12 11 18 9
39 43 66 65 69 60 59
39 44 68 65 61 58 69
40 41 13 14 22 25 24
40 42 21 25 26 28 27
40 43 17 17 19 16 17
40 44 63 61 57 55 54
41 42 98 91 84 84 94
41 43 33 41 39 34 28
41 44 26 26 24 22 33
42 43 42 45 48 45 50
42 44 74 77 65 78 76
43 44 51 50 55 57 51
