48 5
0 0 1 0 0 
0 1 58 53 58 60 63
0 2 9 17 15 14 11
0 3 28 26 31 34 30
0 4 44 38 50 40 52
0 5 46 48 40 43 52
0 6 28 30 34 34 31
0 7 81 74 75 70 77
0 8 58 60 61 52 58
0 9 18 21 28 30 28
0 10 2 10 4 12 16
0 11 83 76 78 82 78
0 12 80 82 73 74 82
0 13 49 45 50 50 48
0 14 88 76 78 82 83
0 15 43 39 39 47 45
0 16 57 58 59 49 52
0 17 34 41 41 34 30
0 18 43 46 50 47 50
0 19 20 20 23 20 31
0 20 99 95 91 90 98
0 21 46 49 46 50 51
0 22 50 44 47 57 55
0 23 36 40 40 44 38
0 24 10 20 13 14 20
0 25 4 9 6 7 5
0 26 94 91 86 88 86
0 27 6 13 16 7 17
0 28 1 7 14 14 15
0 29 15 26 26 24 15
0 30 34 38 33 32 43
0 31 66 62 61 66 58
0 32 60 58 64 61 53
0 33 89 84 87 77 83
0 34 27 36 28 33 34
0 35 30 31 29 32 28
0 36 9 17 16 8 22
0 37 55 54 61 52 53
0 38 34 41 41 37 36
0 39 93 86 79 93 90
0 40 28 34 34 34 25
0 41 5 6 8 18 18
0 42 44 48 42 41 47
0 43 80 76 83 80 75
0 44 45 46 50 47 40
0 45 25 28 28 24 35
0 46 94 82 94 85 89
0 47 3 6 8 11 5
1 2 33 32 29 36 37
1 3 63 55 58 62 68
1 4 44 45 38 47 37
1 5 44 48 49 41 39
1 6 73 64 72 63 74
1 7 74 72 68 66 63
1 8 41 42 49 48 37
1 9 82 79 74 75 75
1 10 45 47 39 48 49
1 11 30 29 37 31 39
1 12 49 42 44 46 42
1 13 38 42 47 33 37
1 14 97 84 94 97 94
1 15 86 84 85 85 86
1 16 23 27 31 31 31
1 17 91 89 83 84 82
1 18 11 18 19 16 24
1 19 37 44 31 37 42
1 20 83 72 74 71 80
1 21 73 76 70 71 64
1 22 51 56 52 49 54
1 23 6 8 9 15 19
1 24 40 37 37 38 45
1 25 79 73 72 76 73
1 26 62 55 60 55 66
1 27 90 89 87 82 84
1 28 72 74 67 65 63
1 29 49 45 53 47 54
1 30 62 60 59 61 58
1 31 53 55 58 51 51
1 32 67 70 64 63 65
1 33 63 55 56 63 62
1 34 36 44 43 38 43
1 35 93 92 87 80 84
1 36 53 53 55 49 58
1 37 37 32 38 42 45
1 38 34 37 44 30 32
1 39 18 21 20 27 25
1 40 59 52 65 60 52
1 41 37 44 38 38 44
1 42 63 55 59 64 68
1 43 32 35 28 33 31
1 44 88 76 89 79 87
1 45 8 21 21 11 12
1 46 6 13 6 12 11
1 47 70 63 62 67 74
2 3 65 62 57 60 63
2 4 26 32 30 25 25
2 5 91 85 78 88 87
2 6 52 56 57 48 44
2 7 74 67 66 71 74
2 8 89 79 77 79 79
2 9 31 29 28 32 30
2 10 53 57 56 59 58
2 11 23 35 24 26 31
2 12 83 81 72 79 82
2 13 82 71 74 77 79
2 14 11 22 24 23 12
2 15 58 52 52 53 49
2 16 5 8 18 9 17
2 17 3 6 7 4 11
2 18 1 3 14 11 9
2 19 37 39 41 33 32
2 20 19 25 22 27 30
2 21 63 60 63 57 55
2 22 90 81 80 91 91
2 23 98 86 83 91 83
2 24 48 51 55 45 55
2 25 54 47 53 47 49
2 26 48 45 55 55 49
2 27 62 68 58 67 62
2 28 47 54 43 48 47
2 29 5 12 10 5 18
2 30 13 13 18 16 24
2 31 52 48 59 47 53
2 32 59 58 55 63 58
2 33 66 67 64 64 63
2 34 65 58 61 70 63
2 35 44 48 44 41 47
2 36 31 32 35 41 31
2 37 84 73 82 83 75
2 38 65 65 64 61 69
2 39 93 91 82 83 87
2 40 70 62 62 73 74
2 41 14 13 25 27 13
2 42 81 71 81 74 82
2 43 29 27 25 31 30
2 44 55 47 47 56 60
2 45 79 72 77 72 70
2 46 36 35 43 44 34
2 47 41 47 48 47 46
3 4 69 66 65 73 67
3 5 84 80 83 85 77
3 6 48 51 54 53 50
3 7 19 27 17 18 31
3 8 33 41 34 40 38
3 9 18 15 16 16 24
3 10 35 31 44 37 30
3 11 85 77 76 76 74
3 12 45 44 51 52 42
3 13 23 23 24 28 28
3 14 19 29 30 21 21
3 15 2 6 14 9 4
3 16 70 74 62 61 66
3 17 5 10 16 5 11
3 18 72 62 68 65 62
3 19 41 39 38 49 46
3 20 75 76 76 72 74
3 21 40 41 45 38 40
3 22 52 45 48 46 50
3 23 69 67 65 60 69
3 24 81 78 81 73 73
3 25 46 40 48 51 43
3 26 36 38 37 32 43
3 27 49 43 42 50 43
3 28 12 18 18 14 24
3 29 53 49 58 53 53
3 30 55 57 49 54 50
3 31 13 13 12 18 15
3 32 79 76 71 76 76
3 33 14 14 19 23 16
3 34 97 83 93 88 93
3 35 65 69 61 66 56
3 36 0 5 10 14 14
3 37 69 67 59 66 73
3 38 66 62 61 57 70
3 39 39 35 48 36 43
3 40 53 58 46 56 48
3 41 0 14 12 8 14
3 42 72 66 76 66 70
3 43 35 35 34 40 39
3 44 7 13 17 8 9
3 45 23 29 26 23 33
3 46 74 77 67 69 67
3 47 57 54 60 62 57
4 5 81 73 76 71 83
4 6 52 57 55 50 50
4 7 10 13 15 21 18
4 8 41 46 38 42 38
4 9 87 76 80 85 75
4 10 22 25 21 21 32
4 11 42 48 45 42 49
4 12 62 55 54 65 63
4 13 12 23 20 19 25
4 14 84 80 84 77 77
4 15 54 54 56 60 58
4 16 13 17 21 16 22
4 17 55 55 52 59 51
4 18 67 71 70 65 65
4 19 94 83 87 93 87
4 20 10 18 18 9 15
4 21 42 35 44 38 36
4 22 26 23 30 35 36
4 23 48 46 53 55 52
4 24 61 61 55 54 59
4 25 77 72 75 69 77
4 26 29 30 26 28 29
4 27 53 48 47 54 50
4 28 6 17 6 15 6
4 29 69 69 69 69 63
4 30 4 16 14 11 16
4 31 77 73 77 78 80
4 32 30 36 27 30 28
4 33 3 9 12 9 8
4 34 97 85 86 85 95
4 35 69 63 62 66 64
4 36 41 44 41 44 48
4 37 8 11 9 7 9
4 38 2 11 5 11 10
4 39 70 73 62 68 68
4 40 59 52 65 63 56
4 41 97 87 88 96 83
4 42 41 43 36 39 49
4 43 43 49 49 47 40
4 44 85 74 85 83 82
4 45 77 75 78 67 69
4 46 98 94 92 95 98
4 47 96 82 82 87 86
5 6 30 39 34 40 38
5 7 46 47 51 45 53
5 8 61 55 52 63 55
5 9 24 24 21 32 27
5 10 62 60 67 57 59
5 11 9 20 21 12 19
5 12 4 17 10 12 9
5 13 11 11 24 20 16
5 14 96 96 95 95 94
5 15 36 45 39 42 32
5 16 94 92 87 95 82
5 17 16 20 26 23 26
5 18 20 28 32 18 30
5 19 67 60 67 65 68
5 20 2 2 4 16 11
5 21 80 75 73 69 81
5 22 38 44 46 45 42
5 23 12 24 21 13 10
5 24 20 17 24 20 21
5 25 32 40 41 39 30
5 26 51 50 45 46 43
5 27 85 82 78 85 75
5 28 86 82 76 81 84
5 29 88 85 77 78 87
5 30 7 6 20 11 12
5 31 87 87 79 76 86
5 32 34 35 31 37 37
5 33 0 12 1 3 12
5 34 50 48 50 53 49
5 35 32 42 40 34 36
5 36 44 42 49 46 37
5 37 89 77 82 89 84
5 38 64 56 65 68 67
5 39 39 40 47 41 40
5 40 19 22 20 23 25
5 41 11 10 21 24 21
5 42 95 82 85 93 89
5 43 29 28 34 36 37
5 44 50 55 56 46 43
5 45 58 54 63 56 50
5 46 28 38 28 38 34
5 47 9 22 22 18 12
6 7 97 92 95 88 90
6 8 58 61 56 54 58
6 9 50 50 54 43 47
6 10 52 52 57 52 58
6 11 26 34 26 24 33
6 12 46 46 40 42 53
6 13 10 17 18 20 10
6 14 70 64 64 66 73
6 15 57 50 63 56 49
6 16 52 56 49 56 46
6 17 66 58 62 58 61
6 18 8 15 17 10 10
6 19 60 60 57 57 64
6 20 51 55 44 44 52
6 21 81 69 77 74 77
6 22 93 91 85 92 89
6 23 20 18 22 29 25
6 24 70 64 68 73 62
6 25 65 58 67 66 66
6 26 72 70 70 62 71
6 27 13 24 22 23 17
6 28 96 93 96 88 95
6 29 42 50 36 50 36
6 30 87 89 81 76 82
6 31 77 75 67 76 69
6 32 65 62 63 61 61
6 33 6 15 18 20 10
6 34 52 46 54 58 48
6 35 48 54 45 49 45
6 36 51 53 49 50 57
6 37 40 47 46 37 46
6 38 16 28 24 18 22
6 39 84 79 79 83 76
6 40 73 65 66 67 68
6 41 59 59 50 56 52
6 42 85 78 73 80 73
6 43 17 28 25 22 24
6 44 66 59 71 63 61
6 45 35 45 36 35 31
6 46 13 25 21 12 18
6 47 71 68 72 63 64
7 8 95 92 95 86 88
7 9 23 25 23 34 33
7 10 58 62 58 51 54
7 11 17 15 27 23 24
7 12 4 14 7 8 13
7 13 78 80 73 72 77
7 14 2 13 14 8 3
7 15 67 58 62 61 60
7 16 17 22 17 20 17
7 17 52 50 48 49 54
7 18 52 56 45 53 53
7 19 16 16 18 16 20
7 20 22 28 32 25 29
7 21 80 78 79 80 78
7 22 41 40 43 44 41
7 23 72 62 75 68 62
7 24 92 90 90 81 85
7 25 11 10 12 23 18
7 26 38 47 41 43 38
7 27 66 70 64 65 63
7 28 81 81 76 83 73
7 29 83 73 84 85 76
7 30 44 43 43 40 49
7 31 19 18 24 30 29
7 32 72 72 74 63 72
7 33 94 82 80 83 82
7 34 91 89 89 84 79
7 35 85 85 77 73 79
7 36 66 69 61 69 65
7 37 9 22 15 17 21
7 38 11 21 14 12 12
7 39 9 17 10 8 15
7 40 14 24 24 18 14
7 41 52 51 58 45 59
7 42 18 30 20 23 27
7 43 74 68 75 73 74
7 44 6 18 19 19 11
7 45 45 39 44 49 50
7 46 31 32 27 32 36
7 47 96 87 88 88 91
8 9 56 51 56 50 49
8 10 82 83 80 74 84
8 11 15 16 22 25 15
8 12 28 27 28 30 28
8 13 56 47 59 54 57
8 14 97 87 95 88 90
8 15 78 68 75 67 80
8 16 5 4 14 8 9
8 17 43 46 39 42 47
8 18 97 94 86 95 86
8 19 26 31 36 29 32
8 20 88 82 81 87 80
8 21 47 53 47 43 47
8 22 0 15 7 2 3
8 23 83 71 76 76 83
8 24 94 83 83 86 83
8 25 68 70 66 71 69
8 26 52 46 50 45 49
8 27 48 42 43 43 45
8 28 26 37 24 26 28
8 29 1 2 2 11 13
8 30 41 43 45 39 38
8 31 33 31 31 30 39
8 32 75 70 64 65 68
8 33 15 23 19 28 26
8 34 83 80 84 78 78
8 35 78 77 81 78 72
8 36 95 82 95 93 95
8 37 90 77 80 78 82
8 38 28 37 37 37 39
8 39 3 3 6 11 14
8 40 84 76 76 84 75
8 41 15 22 20 19 20
8 42 10 17 16 8 14
8 43 62 60 57 64 67
8 44 42 37 44 44 48
8 45 43 44 49 39 43
8 46 28 27 33 27 27
8 47 5 17 15 18 18
9 10 44 43 38 44 41
9 11 16 19 23 15 23
9 12 91 78 82 86 87
9 13 78 79 70 80 67
9 14 59 55 64 60 54
9 15 34 38 43 40 31
9 16 41 42 40 45 37
9 17 51 53 53 57 59
9 18 8 16 15 20 13
9 19 22 23 31 27 24
9 20 15 21 18 21 27
9 21 20 23 19 21 30
9 22 61 56 57 57 61
9 23 27 35 27 26 36
9 24 27 35 26 33 24
9 25 7 15 7 11 9
9 26 99 85 93 98 96
9 27 28 24 27 35 39
9 28 70 73 68 61 60
9 29 1 12 11 5 13
9 30 54 52 59 53 55
9 31 42 51 51 42 43
9 32 25 22 31 34 25
9 33 4 10 4 4 12
9 34 52 44 47 56 52
9 35 59 62 54 53 55
9 36 81 75 75 73 79
9 37 97 87 92 89 96
9 38 24 34 26 28 25
9 39 98 98 89 87 88
9 40 90 82 85 80 86
9 41 91 87 89 89 86
9 42 68 66 58 64 59
9 43 20 28 20 18 20
9 44 85 86 81 76 75
9 45 49 54 52 42 53
9 46 47 53 53 42 54
9 47 25 24 29 34 30
10 11 77 73 74 73 71
10 12 65 68 60 69 69
10 13 19 22 28 29 21
10 14 66 59 70 70 66
10 15 68 64 65 62 69
10 16 66 63 65 58 71
10 17 5 15 6 5 9
10 18 9 10 16 20 14
10 19 79 77 76 77 80
10 20 63 69 58 61 67
10 21 56 52 61 50 49
10 22 66 69 69 64 61
10 23 53 60 59 51 58
10 24 25 24 29 31 29
10 25 5 9 14 7 12
10 26 69 65 60 59 65
10 27 16 16 23 18 18
10 28 65 60 69 62 61
10 29 46 44 40 51 48
10 30 93 88 94 81 92
10 31 1 7 14 13 14
10 32 66 67 65 62 67
10 33 76 74 70 74 65
10 34 57 51 55 53 51
10 35 32 33 41 38 34
10 36 8 20 20 7 17
10 37 96 83 84 84 90
10 38 46 41 52 49 40
10 39 19 19 21 16 20
10 40 6 10 7 11 12
10 41 12 18 12 25 18
10 42 83 84 75 76 81
10 43 90 81 79 89 90
10 44 12 13 14 15 22
10 45 67 68 68 60 72
10 46 75 76 73 75 66
10 47 64 55 59 61 65
11 12 87 82 85 75 81
11 13 46 45 41 53 42
11 14 8 15 14 9 20
11 15 78 76 69 76 79
11 16 1 9 11 7 14
11 17 53 48 47 54 54
11 18 51 57 50 55 58
11 19 74 63 76 67 70
11 20 48 42 52 42 51
11 21 93 79 84 80 89
11 22 33 30 42 37 35
11 23 7 6 15 13 16
11 24 56 62 53 61 48
11 25 2 6 5 10 7
11 26 44 40 43 48 50
11 27 29 31 32 27 26
11 28 25 29 34 33 22
11 29 14 13 24 18 21
11 30 54 48 59 56 54
11 31 84 78 76 84 76
11 32 1 4 6 14 10
11 33 80 73 79 70 81
11 34 89 85 89 84 78
11 35 88 81 83 89 87
11 36 50 47 55 49 56
11 37 99 88 89 99 89
11 38 29 38 36 33 32
11 39 39 40 42 43 46
11 40 62 57 67 54 62
11 41 14 25 27 21 25
11 42 11 13 20 15 20
11 43 23 29 30 29 28
11 44 16 28 26 20 26
11 45 34 32 34 32 37
11 46 78 70 73 71 69
11 47 58 55 54 63 54
12 13 35 41 39 33 36
12 14 16 27 16 16 25
12 15 89 80 77 77 84
12 16 65 70 68 59 70
12 17 26 28 33 31 37
12 18 62 66 61 56 66
12 19 31 32 35 36 32
12 20 1 2 8 10 5
12 21 51 50 49 49 54
12 22 7 14 11 13 19
12 23 57 56 49 51 62
12 24 72 71 75 70 68
12 25 49 45 52 49 55
12 26 66 67 57 67 60
12 27 33 33 28 39 32
12 28 39 36 34 48 37
12 29 47 42 44 53 42
12 30 23 25 33 28 30
12 31 75 66 78 64 77
12 32 92 89 79 85 91
12 33 93 92 85 92 86
12 34 33 35 40 38 39
12 35 31 40 38 38 33
12 36 97 89 90 86 92
12 37 81 77 70 83 72
12 38 42 40 45 48 37
12 39 86 87 73 80 81
12 40 23 22 28 31 20
12 41 48 44 46 52 42
12 42 66 63 69 67 65
12 43 34 44 36 44 33
12 44 10 20 20 20 22
12 45 6 13 18 13 17
12 46 22 24 19 24 26
12 47 65 67 60 68 64
13 14 16 16 22 21 17
13 15 86 87 82 86 78
13 16 72 63 64 70 65
13 17 85 73 84 85 72
13 18 40 34 38 36 42
13 19 14 14 17 22 22
13 20 29 32 30 37 32
13 21 59 62 59 61 63
13 22 43 39 45 42 49
13 23 94 82 86 86 90
13 24 64 67 61 65 67
13 25 65 56 68 62 68
13 26 38 37 36 46 43
13 27 98 93 95 91 91
13 28 46 53 49 46 53
13 29 76 73 73 64 70
13 30 25 21 28 36 31
13 31 88 87 89 88 87
13 32 90 87 90 91 86
13 33 58 53 61 62 52
13 34 61 66 60 53 56
13 35 6 16 7 12 15
13 36 19 29 24 24 29
13 37 54 61 52 54 50
13 38 54 49 53 51 51
13 39 73 75 69 74 72
13 40 71 69 68 65 61
13 41 65 61 69 67 61
13 42 8 7 19 13 20
13 43 49 47 50 56 55
13 44 75 63 67 78 72
13 45 9 21 12 13 11
13 46 98 89 88 90 95
13 47 81 75 83 71 80
14 15 91 83 80 79 91
14 16 53 56 51 51 47
14 17 70 60 73 71 66
14 18 51 57 58 53 51
14 19 74 71 73 70 67
14 20 41 45 43 41 41
14 21 33 31 32 34 31
14 22 64 57 67 56 57
14 23 4 3 6 17 6
14 24 23 28 25 20 22
14 25 59 56 53 51 64
14 26 23 27 25 34 33
14 27 33 30 41 36 35
14 28 19 18 29 23 27
14 29 27 37 30 31 33
14 30 35 37 39 45 33
14 31 62 66 63 63 55
14 32 23 22 22 32 22
14 33 79 70 73 77 80
14 34 97 97 90 92 94
14 35 23 21 29 32 33
14 36 20 28 28 28 20
14 37 96 89 96 85 86
14 38 67 64 72 58 68
14 39 8 17 20 17 19
14 40 70 65 67 69 68
14 41 69 70 59 67 64
14 42 26 31 31 30 33
14 43 16 20 22 21 23
14 44 27 37 33 23 28
14 45 25 32 22 24 35
14 46 44 51 39 46 48
14 47 27 25 37 27 36
15 16 67 62 60 66 58
15 17 82 80 76 80 83
15 18 56 58 59 50 48
15 19 1 10 9 8 15
15 20 1 15 9 6 1
15 21 31 33 38 30 28
15 22 50 56 51 46 53
15 23 97 93 90 96 84
15 24 57 60 60 60 55
15 25 81 71 81 73 69
15 26 70 61 63 64 60
15 27 13 25 12 15 15
15 28 4 10 5 18 17
15 29 73 76 66 74 69
15 30 46 43 45 48 52
15 31 20 24 29 30 30
15 32 0 8 4 2 10
15 33 19 31 22 19 25
15 34 44 42 45 46 41
15 35 19 27 28 17 29
15 36 79 82 72 74 82
15 37 6 17 8 16 17
15 38 36 36 37 40 40
15 39 46 41 40 47 48
15 40 82 72 76 80 82
15 41 86 83 79 75 76
15 42 47 42 53 51 43
15 43 41 46 50 45 48
15 44 35 38 37 35 36
15 45 67 66 60 58 61
15 46 50 53 48 54 46
15 47 4 13 6 5 7
16 17 74 63 75 71 74
16 18 71 75 70 63 67
16 19 24 27 34 27 27
16 20 66 69 63 64 66
16 21 11 19 11 12 18
16 22 40 39 36 46 48
16 23 3 12 14 17 5
16 24 72 73 75 71 72
16 25 37 41 35 32 33
16 26 1 12 3 10 4
16 27 77 71 78 74 66
16 28 76 68 76 68 73
16 29 49 51 49 44 44
16 30 81 81 82 82 76
16 31 85 85 80 82 82
16 32 93 90 84 84 90
16 33 39 39 41 35 41
16 34 20 26 25 24 29
16 35 94 80 86 82 89
16 36 20 30 23 17 17
16 37 15 16 21 17 13
16 38 4 16 8 5 12
16 39 53 56 58 49 51
16 40 43 41 47 37 40
16 41 60 65 58 60 64
16 42 21 21 25 19 19
16 43 90 83 89 80 78
16 44 96 92 85 86 93
16 45 79 73 71 75 80
16 46 16 17 17 20 24
16 47 46 50 45 42 39
17 18 98 84 97 96 95
17 19 43 47 49 38 47
17 20 51 51 52 48 54
17 21 80 76 76 81 69
17 22 87 85 86 75 77
17 23 81 74 76 74 75
17 24 48 53 49 55 53
17 25 1 10 4 11 1
17 26 30 38 27 34 35
17 27 24 25 22 28 20
17 28 79 81 78 80 75
17 29 3 9 9 5 4
17 30 97 95 86 84 85
17 31 43 43 38 46 43
17 32 89 87 82 81 79
17 33 27 26 25 36 27
17 34 70 70 66 64 65
17 35 7 8 7 8 20
17 36 8 22 16 13 18
17 37 97 95 84 96 94
17 38 13 18 24 17 24
17 39 90 89 89 78 91
17 40 55 57 52 50 56
17 41 97 87 94 95 85
17 42 64 66 61 62 68
17 43 68 65 63 71 71
17 44 28 27 24 38 34
17 45 96 92 94 91 93
17 46 39 43 35 43 40
17 47 64 59 57 68 61
18 19 72 65 69 72 70
18 20 99 90 94 98 90
18 21 80 80 78 72 79
18 22 62 56 57 63 65
18 23 82 74 77 79 72
18 24 64 60 63 58 65
18 25 41 40 43 46 45
18 26 19 17 16 26 16
18 27 58 52 50 60 57
18 28 48 50 44 50 55
18 29 14 24 21 16 13
18 30 38 33 39 32 47
18 31 85 74 78 78 75
18 32 93 87 83 90 82
18 33 34 42 42 36 36
18 34 18 20 15 29 25
18 35 82 81 76 73 79
18 36 79 72 70 75 79
18 37 14 24 18 24 13
18 38 75 66 64 76 78
18 39 43 49 39 45 49
18 40 80 79 77 76 72
18 41 86 75 87 78 74
18 42 9 13 15 10 22
18 43 56 47 50 51 57
18 44 90 90 77 83 78
18 45 99 98 85 91 88
18 46 29 31 33 31 38
18 47 29 26 27 35 37
19 20 33 33 36 43 36
19 21 36 44 40 38 34
19 22 11 21 16 21 9
19 23 43 52 41 47 43
19 24 51 49 44 47 55
19 25 80 77 69 69 74
19 26 19 17 29 25 21
19 27 27 37 37 35 27
19 28 87 82 76 76 76
19 29 68 62 72 60 69
19 30 52 48 56 58 46
19 31 36 37 34 31 34
19 32 80 73 78 69 83
19 33 72 69 70 74 75
19 34 56 62 53 53 63
19 35 29 39 25 30 39
19 36 35 37 38 34 37
19 37 74 69 76 74 75
19 38 91 80 80 79 90
19 39 46 46 46 43 51
19 40 26 22 25 26 35
19 41 64 67 58 55 66
19 42 63 62 55 58 67
19 43 91 83 78 89 90
19 44 56 61 57 55 48
19 45 1 11 15 3 11
19 46 49 45 44 53 50
19 47 64 60 64 61 60
20 21 56 60 59 48 62
20 22 59 56 61 62 53
20 23 80 81 82 74 71
20 24 9 15 8 15 16
20 25 3 9 17 12 14
20 26 24 27 31 24 25
20 27 91 81 81 89 90
20 28 7 15 7 11 10
20 29 48 52 45 49 45
20 30 48 44 54 51 53
20 31 21 22 19 24 24
20 32 70 66 74 72 73
20 33 66 63 61 68 68
20 34 74 64 65 76 74
20 35 4 8 7 8 15
20 36 68 62 65 69 61
20 37 41 37 46 35 49
20 38 56 59 50 57 55
20 39 11 23 10 17 19
20 40 27 28 28 35 25
20 41 80 80 82 72 68
20 42 86 87 78 86 81
20 43 98 87 88 96 96
20 44 92 85 81 83 88
20 45 56 57 51 53 49
20 46 43 44 46 37 40
20 47 29 26 33 31 34
21 22 54 59 59 55 54
21 23 72 73 69 73 70
21 24 79 68 69 76 72
21 25 87 82 78 88 80
21 26 37 41 37 39 38
21 27 1 4 6 8 14
21 28 6 16 8 16 8
21 29 83 84 79 80 82
21 30 32 38 29 28 36
21 31 83 84 78 71 76
21 32 17 21 27 27 21
21 33 99 85 94 84 93
21 34 76 73 74 67 71
21 35 24 24 28 33 28
21 36 68 70 62 61 58
21 37 9 10 10 18 11
21 38 59 55 55 56 56
21 39 64 62 60 59 69
21 40 3 17 4 15 8
21 41 74 64 69 66 67
21 42 82 75 70 78 75
21 43 54 49 53 51 52
21 44 96 91 92 88 88
21 45 12 18 18 11 15
21 46 90 77 90 90 77
21 47 0 15 5 5 8
22 23 33 31 29 31 43
22 24 2 10 11 7 2
22 25 19 25 22 23 16
22 26 73 74 70 72 72
22 27 21 19 28 24 22
22 28 42 50 44 39 39
22 29 14 26 20 25 13
22 30 26 26 33 34 30
22 31 71 63 69 69 73
22 32 38 46 38 34 37
22 33 43 46 48 38 50
22 34 47 45 45 47 50
22 35 68 60 66 67 64
22 36 52 47 52 52 53
22 37 47 45 52 43 50
22 38 69 60 59 71 71
22 39 61 64 59 62 62
22 40 11 11 13 22 13
22 41 69 61 66 59 72
22 42 45 44 43 41 40
22 43 92 91 90 85 87
22 44 0 7 10 10 12
22 45 16 17 16 23 16
22 46 91 79 82 88 91
22 47 15 26 26 17 26
23 24 89 84 89 91 83
23 25 27 24 24 36 36
23 26 91 88 86 81 92
23 27 96 86 96 95 94
23 28 22 23 22 25 24
23 29 58 50 58 63 58
23 30 98 96 93 93 96
23 31 21 25 27 23 26
23 32 77 68 75 73 80
23 33 7 7 10 20 8
23 34 66 58 70 61 57
23 35 81 79 70 73 80
23 36 32 35 36 33 27
23 37 42 45 36 37 50
23 38 54 58 57 60 58
23 39 93 91 85 90 93
23 40 95 90 88 90 85
23 41 11 23 21 22 17
23 42 34 33 41 32 40
23 43 22 26 30 24 21
23 44 85 73 75 79 83
23 45 65 66 58 62 70
23 46 44 45 46 52 45
23 47 67 68 60 61 59
24 25 23 29 32 26 26
24 26 31 28 26 36 41
24 27 90 81 80 80 89
24 28 56 59 51 59 57
24 29 14 24 24 26 20
24 30 67 65 63 64 68
24 31 9 19 13 17 18
24 32 80 70 74 81 81
24 33 94 92 89 89 95
24 34 13 18 12 21 19
24 35 18 27 18 26 17
24 36 43 42 48 50 51
24 37 59 53 64 63 61
24 38 43 45 44 37 49
24 39 57 53 52 61 53
24 40 45 39 38 46 49
24 41 57 63 51 56 50
24 42 4 8 16 11 11
24 43 87 86 83 82 81
24 44 62 55 59 67 63
24 45 76 76 70 72 75
24 46 55 52 61 56 52
24 47 27 36 36 37 34
25 26 73 65 74 76 72
25 27 40 40 47 41 42
25 28 13 17 12 17 25
25 29 49 43 44 44 49
25 30 56 56 54 55 62
25 31 24 29 28 32 26
25 32 70 71 67 71 69
25 33 95 88 90 88 95
25 34 34 42 34 40 41
25 35 3 3 4 16 6
25 36 25 33 36 33 32
25 37 29 35 29 26 26
25 38 45 42 47 46 49
25 39 53 45 48 57 46
25 40 82 71 83 82 78
25 41 21 31 28 21 19
25 42 14 16 26 23 17
25 43 37 37 35 45 34
25 44 67 60 68 68 69
25 45 37 38 36 34 36
25 46 31 31 39 40 30
25 47 57 57 52 51 56
26 27 8 19 12 8 15
26 28 35 37 34 38 38
26 29 8 14 17 10 17
26 30 98 95 93 95 96
26 31 44 47 47 40 51
26 32 96 95 91 89 82
26 33 90 80 86 77 83
26 34 36 37 35 41 42
26 35 67 69 68 66 63
26 36 83 85 82 80 73
26 37 11 10 17 14 18
26 38 50 51 51 45 52
26 39 47 54 43 44 47
26 40 76 78 79 70 75
26 41 0 12 14 5 9
26 42 1 14 9 8 7
26 43 50 56 50 48 46
26 44 82 73 81 70 77
26 45 7 14 13 12 7
26 46 69 62 72 71 72
26 47 22 25 22 23 27
27 28 42 36 36 39 50
27 29 23 24 27 22 30
27 30 43 50 50 47 44
27 31 4 18 14 10 6
27 32 10 9 12 13 18
27 33 99 90 97 94 97
27 34 78 72 77 68 77
27 35 59 60 64 60 59
27 36 53 47 49 52 47
27 37 83 82 71 83 79
27 38 87 87 82 77 84
27 39 14 22 18 27 19
27 40 95 94 82 87 94
27 41 97 93 83 97 90
27 42 47 44 47 45 50
27 43 94 85 86 94 86
27 44 76 77 65 79 77
27 45 86 74 77 78 86
27 46 45 46 42 47 42
27 47 56 58 57 58 56
28 29 5 10 15 16 17
28 30 36 39 37 37 40
28 31 49 55 44 52 52
28 32 55 55 61 61 53
28 33 19 27 19 23 21
28 34 69 63 69 61 68
28 35 83 73 76 76 74
28 36 88 80 83 78 82
28 37 80 81 69 79 76
28 38 2 5 11 16 14
28 39 56 60 59 57 61
28 40 72 62 76 65 63
28 41 15 24 15 26 19
28 42 14 23 16 23 24
28 43 7 12 9 19 12
28 44 77 75 66 72 77
28 45 1 12 7 13 3
28 46 77 71 77 77 78
28 47 83 71 85 76 73
29 30 22 19 22 24 26
29 31 61 59 58 63 52
29 32 70 69 75 70 69
29 33 15 15 16 26 14
29 34 65 58 64 57 63
29 35 15 26 14 19 15
29 36 57 50 50 59 52
29 37 72 75 69 67 74
29 38 11 15 22 10 20
29 39 72 73 64 66 69
29 40 34 42 32 30 38
29 41 38 40 43 43 41
29 42 99 84 93 91 88
29 43 34 30 33 34 35
29 44 42 41 47 48 49
29 45 19 20 25 21 25
29 46 27 23 24 34 33
29 47 12 13 18 15 16
30 31 91 85 81 84 88
30 32 17 16 18 20 20
30 33 35 42 37 34 34
30 34 13 19 14 15 19
30 35 63 53 55 54 54
30 36 27 29 37 28 32
30 37 72 66 69 67 74
30 38 68 64 60 70 61
30 39 98 96 85 92 90
30 40 31 39 30 40 28
30 41 99 90 88 85 85
30 42 59 61 64 64 62
30 43 97 83 88 84 90
30 44 36 33 42 36 44
30 45 51 44 46 57 56
30 46 67 62 60 63 67
30 47 73 69 75 73 71
31 32 73 67 74 74 72
31 33 38 39 44 37 38
31 34 57 49 52 56 56
31 35 64 56 59 64 66
31 36 72 72 61 69 62
31 37 84 82 72 78 72
31 38 37 37 44 41 42
31 39 20 21 26 26 24
31 40 59 58 56 64 60
31 41 20 22 18 21 30
31 42 34 35 42 38 37
31 43 26 26 32 27 30
31 44 70 63 73 65 73
31 45 48 48 44 44 51
31 46 35 31 30 44 44
31 47 68 71 67 68 67
32 33 25 28 29 27 29
32 34 80 79 78 75 68
32 35 66 65 62 61 57
32 36 70 66 71 60 72
32 37 33 35 40 42 37
32 38 92 79 89 85 81
32 39 80 70 77 82 79
32 40 54 52 50 55 58
32 41 15 18 24 21 15
32 42 48 42 46 43 53
32 43 67 59 61 67 65
32 44 22 20 26 28 19
32 45 33 38 43 42 37
32 46 24 30 32 32 23
32 47 28 28 30 33 34
33 34 73 64 66 69 67
33 35 0 4 3 12 2
33 36 77 77 71 79 69
33 37 14 14 14 16 18
33 38 69 71 63 70 71
33 39 66 63 63 70 66
33 40 26 30 26 33 35
33 41 20 25 25 24 24
33 42 5 5 10 6 13
33 43 80 82 70 74 81
33 44 14 14 17 13 17
33 45 47 51 54 50 45
33 46 46 47 46 43 49
33 47 59 58 62 65 62
34 35 16 24 27 21 28
34 36 9 19 15 19 10
34 37 3 3 4 7 4
34 38 66 65 62 60 65
34 39 64 59 68 55 63
34 40 64 68 56 59 68
34 41 57 48 53 51 57
34 42 97 97 96 85 93
34 43 63 67 68 66 63
34 44 74 67 71 75 68
34 45 58 63 57 52 62
34 46 30 34 30 30 35
34 47 89 79 87 87 85
35 36 53 59 50 58 59
35 37 75 72 70 75 69
35 38 90 80 86 89 77
35 39 86 80 83 87 82
35 40 75 68 77 76 68
35 41 54 51 48 55 61
35 42 47 45 44 50 43
35 43 18 16 20 29 17
35 44 9 15 13 22 20
35 45 60 63 63 51 52
35 46 12 14 14 22 15
35 47 60 61 65 55 60
36 37 35 38 44 32 36
36 38 97 89 93 92 89
36 39 34 44 40 36 41
36 40 99 91 96 94 90
36 41 77 68 75 73 77
36 42 56 49 61 60 54
36 43 37 39 43 39 32
36 44 40 47 36 44 39
36 45 38 36 42 34 45
36 46 45 45 53 51 47
36 47 5 5 15 6 6
37 38 69 63 72 70 62
37 39 39 45 48 39 41
37 40 91 85 87 92 81
37 41 90 79 90 83 90
37 42 37 35 33 43 31
37 43 70 71 74 61 69
37 44 93 82 80 86 90
37 45 8 16 14 17 16
37 46 38 40 38 33 33
37 47 72 61 75 64 75
38 39 22 23 30 34 27
38 40 50 49 49 44 42
38 41 79 75 74 70 68
38 42 64 60 67 69 63
38 43 0 11 1 10 5
38 44 96 95 91 88 90
38 45 5 10 9 10 15
38 46 77 80 78 75 71
38 47 59 51 57 63 53
39 40 88 86 83 80 79
39 41 95 86 80 85 93
39 42 66 59 57 69 58
39 43 5 5 14 11 11
39 44 24 27 23 21 30
39 45 91 86 86 87 83
39 46 93 94 92 83 93
39 47 44 47 39 49 50
40 41 85 74 78 78 77
40 42 68 68 65 58 72
40 43 42 41 49 37 40
40 44 82 72 73 74 75
40 45 71 69 73 71 70
40 46 52 52 59 47 50
40 47 27 27 37 33 37
41 42 49 53 53 49 46
41 43 32 34 40 29 39
41 44 24 21 21 22 35
41 45 3 13 14 13 17
41 46 12 22 22 22 14
41 47 22 23 29 20 19
42 43 77 68 67 65 73
42 44 24 30 27 23 26
42 45 39 37 44 42 41
42 46 27 37 37 37 32
42 47 35 32 43 42 31
43 44 24 24 35 35 30
43 45 61 55 61 56 64
43 46 92 85 91 92 83
43 47 55 56 47 61 48
44 45 74 66 78 66 75
44 46 34 38 29 36 36
44 47 71 69 64 65 62
45 46 25 28 24 25 25
45 47 2 10 5 3 11
46 47 34 34 34 41 41
