15 5
0.25 0.25 0.25 0.25 0.0 
0 1 33 67 57 91 89
0 2 56 33 78 9 45
0 3 73 50 71 34 51
0 4 20 42 86 94 34
0 5 86 72 27 36 69
0 6 7 63 72 46 68
0 7 35 45 51 86 68
0 8 29 44 73 78 35
0 9 51 45 29 62 52
0 10 90 67 53 56 20
0 11 97 47 78 64 50
0 12 65 67 10 55 29
0 13 91 44 28 16 28
0 14 10 63 24 25 28
1 2 60 26 64 63 14
1 3 31 91 27 86 81
1 4 84 50 58 30 77
1 5 10 56 75 42 67
1 6 30 85 53 49 61
1 7 46 84 34 36 30
1 8 41 30 12 64 18
1 9 14 51 77 50 23
1 10 69 22 54 75 24
1 11 86 38 49 6 81
1 12 27 22 91 64 33
1 13 7 65 65 78 52
1 14 65 25 20 34 65
2 3 31 16 62 50 78
2 4 9 21 83 26 35
2 5 71 20 73 28 49
2 6 72 40 66 41 57
2 7 81 19 43 29 74
2 8 74 32 40 82 47
2 9 38 90 57 27 80
2 10 69 66 36 23 29
2 11 72 46 75 78 23
2 12 18 77 39 64 58
2 13 39 66 44 27 53
2 14 2 87 40 40 78
3 4 91 19 1 81 2
3 5 91 76 7 54 18
3 6 11 27 34 91 57
3 7 56 88 66 24 80
3 8 17 54 87 57 71
3 9 41 65 44 82 32
3 10 27 33 24 65 73
3 11 6 73 36 22 57
3 12 42 20 45 57 50
3 13 5 73 51 61 70
3 14 12 54 89 97 56
4 5 23 25 15 54 80
4 6 86 11 42 33 77
4 7 78 57 74 50 10
4 8 62 67 71 32 49
4 9 86 8 72 54 9
4 10 97 25 67 33 9
4 11 22 49 76 78 50
4 12 62 7 64 68 73
4 13 33 41 45 74 86
4 14 54 25 31 29 49
5 6 0 53 32 54 65
5 7 1 62 68 21 79
5 8 11 36 76 36 50
5 9 0 32 48 67 77
5 10 90 74 19 36 79
5 11 43 38 40 69 78
5 12 19 74 25 54 56
5 13 78 60 78 45 23
5 14 73 74 26 6 38
6 7 19 40 58 42 20
6 8 8 84 48 78 77
6 9 46 35 40 22 86
6 10 61 59 44 54 40
6 11 30 29 38 88 67
6 12 48 83 68 36 26
6 13 75 64 14 7 62
6 14 7 42 59 93 61
7 8 96 18 17 45 40
7 9 46 68 25 29 64
7 10 90 77 30 12 66
7 11 42 85 67 48 31
7 12 61 49 59 45 69
7 13 64 79 15 11 33
7 14 48 14 38 87 21
8 9 87 25 61 25 65
8 10 33 91 85 81 27
8 11 73 13 38 83 83
8 12 27 84 57 37 50
8 13 70 53 37 55 53
8 14 7 98 79 38 92
9 10 15 52 89 90 40
9 11 45 86 12 81 90
9 12 12 54 35 45 40
9 13 97 41 3 2 55
9 14 28 46 67 30 71
10 11 35 25 22 35 24
10 12 32 93 40 23 25
10 13 31 24 69 89 16
10 14 36 84 51 34 60
11 12 62 37 53 34 84
11 13 8 54 96 38 81
11 14 8 31 95 90 73
12 13 24 24 22 82 84
12 14 28 29 31 66 45
13 14 50 15 13 79 35
