20 5
0.333333 0.333333 0.333333 0.0 0.0 
0 1 43 51 48 56 54
0 2 0 96 87 85 87
0 3 2 96 89 84 84
0 4 53 47 39 42 44
0 5 26 74 74 70 62
0 6 28 68 64 62 74
0 7 60 48 40 37 44
0 8 82 28 22 27 21
0 9 97 14 3 16 3
0 10 72 26 38 27 28
0 11 99 3 12 10 11
0 12 74 36 32 33 29
0 13 74 34 36 29 36
0 14 24 73 72 71 76
0 15 45 51 57 48 61
0 16 7 84 90 80 82
0 17 77 25 28 33 28
0 18 85 13 23 14 18
0 19 38 63 58 65 53
1 2 22 80 80 80 76
1 3 14 81 82 77 74
1 4 92 14 7 17 11
1 5 73 34 30 33 33
1 6 54 46 39 47 52
1 7 41 61 52 58 50
1 8 31 65 59 64 66
1 9 85 12 15 16 14
1 10 98 9 9 6 5
1 11 38 60 64 57 58
1 12 26 75 72 71 72
1 13 92 8 13 9 17
1 14 37 64 55 53 64
1 15 24 65 68 72 76
1 16 79 23 32 31 29
1 17 14 84 76 81 76
1 18 99 11 4 5 6
1 19 64 37 44 41 37
2 3 93 17 7 13 14
2 4 82 25 19 28 20
2 5 50 50 56 55 41
2 6 89 22 20 11 18
2 7 26 65 62 77 66
2 8 71 34 27 30 26
2 9 33 70 63 65 64
2 10 66 37 29 39 33
2 11 57 47 35 45 41
2 12 5 82 84 83 81
2 13 4 82 84 85 90
2 14 77 30 31 31 21
2 15 36 66 62 59 62
2 16 3 83 92 85 92
2 17 96 16 4 14 15
2 18 35 59 55 67 66
2 19 35 64 56 64 61
3 4 11 87 81 85 85
3 5 35 61 59 64 65
3 6 76 34 24 31 31
3 7 22 74 70 79 68
3 8 40 50 61 63 55
3 9 43 50 50 61 54
3 10 62 40 45 42 35
3 11 77 24 29 24 26
3 12 36 56 59 58 63
3 13 17 79 82 74 81
3 14 63 34 31 43 44
3 15 15 73 78 72 85
3 16 43 55 58 62 60
3 17 70 37 27 39 27
3 18 32 65 60 58 58
3 19 48 56 49 47 53
4 5 50 49 53 56 43
4 6 62 33 31 35 31
4 7 28 61 64 74 74
4 8 86 25 24 20 16
4 9 26 71 66 76 76
4 10 10 76 88 76 81
4 11 69 34 28 29 32
4 12 29 68 68 73 64
4 13 60 39 42 43 40
4 14 16 85 85 82 76
4 15 97 8 6 10 10
4 16 13 84 77 86 86
4 17 35 55 60 65 61
4 18 9 78 81 87 86
4 19 39 56 53 66 63
5 6 49 53 54 51 57
5 7 39 64 62 56 62
5 8 22 66 68 66 75
5 9 8 79 90 83 82
5 10 72 33 34 28 32
5 11 36 60 56 55 60
5 12 30 64 68 69 64
5 13 20 73 69 68 68
5 14 63 44 45 30 44
5 15 40 50 64 64 56
5 16 42 56 56 49 61
5 17 25 71 72 64 75
5 18 9 86 87 90 89
5 19 93 14 14 13 13
6 7 12 87 82 75 79
6 8 42 53 55 53 50
6 9 26 74 63 68 65
6 10 20 79 77 67 78
6 11 14 75 77 74 85
6 12 14 74 72 75 84
6 13 1 86 93 92 91
6 14 53 45 51 41 44
6 15 25 75 70 77 73
6 16 53 45 42 52 42
6 17 56 42 37 49 48
6 18 65 41 43 32 30
6 19 87 11 16 20 18
7 8 68 32 39 29 29
7 9 37 64 55 64 67
7 10 22 67 73 67 68
7 11 20 68 76 78 69
7 12 13 81 85 78 76
7 13 48 52 52 49 53
7 14 76 31 26 25 29
7 15 40 52 65 56 55
7 16 25 65 67 71 77
7 17 40 58 59 56 56
7 18 22 68 74 71 76
7 19 6 85 80 86 81
8 9 85 26 21 14 18
8 10 79 19 21 20 30
8 11 7 85 86 80 90
8 12 98 10 12 3 11
8 13 78 27 31 31 19
8 14 27 63 72 69 74
8 15 76 29 32 31 30
8 16 71 26 24 34 35
8 17 75 30 28 26 30
8 18 93 15 19 20 19
8 19 93 10 17 14 9
9 10 85 16 24 14 17
9 11 51 51 45 49 51
9 12 18 80 76 73 82
9 13 95 8 8 4 17
9 14 20 75 75 80 81
9 15 24 71 70 71 70
9 16 30 70 70 62 62
9 17 65 34 35 40 29
9 18 4 83 94 81 82
9 19 7 93 90 79 85
10 11 92 6 19 19 14
10 12 67 30 41 32 29
10 13 4 95 82 94 82
10 14 36 65 56 64 64
10 15 25 74 65 77 68
10 16 99 15 2 13 3
10 17 99 12 2 6 9
10 18 82 25 27 27 23
10 19 13 83 87 78 86
11 12 7 88 89 84 89
11 13 65 40 33 34 29
11 14 69 40 36 31 27
11 15 30 62 65 68 62
11 16 6 82 82 88 91
11 17 23 72 76 72 67
11 18 90 13 22 14 20
11 19 23 75 74 69 72
12 13 53 42 48 46 40
12 14 32 64 63 62 69
12 15 82 26 26 28 23
12 16 23 79 72 79 71
12 17 26 66 73 72 70
12 18 95 11 16 19 6
12 19 74 22 28 35 32
13 14 71 28 27 34 31
13 15 15 83 72 81 72
13 16 58 42 43 44 42
13 17 59 38 38 45 39
13 18 12 81 75 75 74
13 19 10 86 76 83 77
14 15 95 4 10 7 10
14 16 22 70 68 78 66
14 17 68 27 40 27 32
14 18 62 35 32 36 38
14 19 94 14 16 9 16
15 16 55 49 41 48 45
15 17 78 19 21 21 31
15 18 69 29 36 34 37
15 19 95 7 14 11 18
16 17 24 78 72 73 67
16 18 6 91 90 90 84
16 19 35 56 65 58 62
17 18 82 29 23 27 19
17 19 58 39 37 48 37
18 19 77 27 23 18 26
