35 5
0.333333 0.333333 0.333333 0.0 0.0 
0 1 61 24 38 53 32
0 2 87 34 9 41 44
0 3 57 25 21 57 67
0 4 65 34 60 22 36
0 5 44 76 74 50 27
0 6 3 68 58 63 63
0 7 35 50 67 44 59
0 8 49 31 33 67 66
0 9 77 29 53 59 14
0 10 33 53 59 82 48
0 11 33 78 52 53 40
0 12 96 34 16 4 43
0 13 18 90 77 71 48
0 14 18 89 77 55 89
0 15 45 74 54 64 28
0 16 47 48 31 54 68
0 17 81 55 27 22 45
0 18 17 57 83 66 80
0 19 52 54 27 63 64
0 20 80 22 59 26 55
0 21 32 75 54 54 42
0 22 62 30 63 33 61
0 23 28 79 77 71 83
0 24 2 63 53 59 88
0 25 50 71 40 66 26
0 26 53 53 41 47 30
0 27 92 49 45 22 32
0 28 65 23 57 40 64
0 29 20 76 41 56 82
0 30 36 78 60 33 61
0 31 24 44 41 66 73
0 32 65 46 51 17 29
0 33 42 36 58 28 54
0 34 52 48 38 59 47
1 2 25 66 47 83 79
1 3 42 48 39 69 59
1 4 53 35 42 62 49
1 5 80 56 49 35 44
1 6 38 69 41 48 49
1 7 32 35 74 59 79
1 8 68 59 24 25 57
1 9 40 78 30 45 38
1 10 3 76 56 79 50
1 11 85 36 55 21 16
1 12 50 53 66 45 32
1 13 25 44 40 63 80
1 14 32 82 65 49 55
1 15 38 76 33 60 36
1 16 88 37 42 23 30
1 17 33 62 77 33 37
1 18 18 85 46 68 64
1 19 20 61 85 57 43
1 20 38 61 56 69 67
1 21 15 55 73 87 50
1 22 96 14 48 22 19
1 23 51 67 62 63 38
1 24 28 73 44 66 39
1 25 12 58 58 61 68
1 26 73 15 34 19 52
1 27 16 79 57 63 83
1 28 70 31 28 63 44
1 29 6 55 79 47 62
1 30 99 46 31 23 32
1 31 7 61 54 72 66
1 32 81 22 41 18 42
1 33 89 47 22 33 30
1 34 7 49 71 52 85
2 3 49 69 64 45 56
2 4 21 78 60 58 59
2 5 1 73 58 51 50
2 6 80 52 28 31 36
2 7 13 84 76 43 66
2 8 86 43 28 33 47
2 9 1 58 51 90 58
2 10 13 54 82 47 68
2 11 75 14 57 30 41
2 12 28 69 83 46 71
2 13 93 10 11 30 10
2 14 78 18 23 17 24
2 15 74 44 58 29 34
2 16 80 34 27 58 28
2 17 8 67 52 58 62
2 18 11 53 93 90 68
2 19 3 53 72 69 62
2 20 72 33 31 36 61
2 21 94 17 10 50 44
2 22 8 84 67 93 91
2 23 3 70 68 55 58
2 24 85 49 28 36 7
2 25 85 37 43 30 43
2 26 86 13 43 12 40
2 27 5 60 60 80 50
2 28 58 38 52 26 47
2 29 7 55 88 77 84
2 30 42 41 48 47 39
2 31 91 49 10 27 41
2 32 70 32 36 49 18
2 33 46 45 43 64 67
2 34 57 34 52 69 56
3 4 15 49 47 43 90
3 5 6 86 61 75 50
3 6 56 23 34 63 60
3 7 34 71 39 69 68
3 8 25 62 71 43 52
3 9 23 83 62 62 68
3 10 30 38 53 49 56
3 11 7 84 89 84 76
3 12 49 38 28 68 73
3 13 47 54 58 36 44
3 14 99 31 40 8 13
3 15 47 59 47 54 29
3 16 6 92 78 74 73
3 17 13 73 82 84 77
3 18 35 69 77 61 49
3 19 15 76 84 46 57
3 20 64 33 66 19 30
3 21 66 46 34 54 33
3 22 64 63 31 35 38
3 23 42 32 77 48 68
3 24 13 90 61 87 63
3 25 30 67 49 48 60
3 26 90 41 27 7 48
3 27 54 58 54 47 41
3 28 88 17 55 22 50
3 29 91 25 53 39 6
3 30 18 86 77 74 71
3 31 36 53 44 52 77
3 32 51 59 69 59 37
3 33 24 50 70 37 40
3 34 97 38 50 35 41
4 5 18 69 72 55 86
4 6 90 44 23 51 31
4 7 26 54 70 45 83
4 8 72 50 42 50 25
4 9 51 51 60 25 57
4 10 68 58 64 40 28
4 11 91 30 40 23 24
4 12 45 60 33 50 43
4 13 14 63 87 72 48
4 14 30 81 70 81 58
4 15 89 10 7 40 49
4 16 29 83 58 80 40
4 17 64 49 43 49 48
4 18 87 20 16 48 12
4 19 74 21 28 25 22
4 20 47 54 39 38 29
4 21 29 42 60 83 36
4 22 82 19 23 39 34
4 23 75 36 14 49 29
4 24 34 62 33 35 67
4 25 25 70 56 43 52
4 26 41 46 74 65 38
4 27 30 40 59 39 68
4 28 13 89 78 89 81
4 29 82 42 14 46 28
4 30 25 52 38 78 60
4 31 5 79 84 65 93
4 32 55 37 64 36 59
4 33 83 50 15 43 40
4 34 48 72 44 72 32
5 6 30 78 72 73 51
5 7 29 65 38 48 51
5 8 83 55 54 32 41
5 9 26 61 75 80 74
5 10 39 53 69 78 30
5 11 58 23 29 25 43
5 12 88 42 33 36 38
5 13 21 64 57 84 85
5 14 90 34 42 10 12
5 15 4 60 75 88 83
5 16 37 69 76 39 73
5 17 97 42 30 1 24
5 18 2 61 51 79 53
5 19 55 43 46 59 59
5 20 91 4 38 23 18
5 21 79 47 40 26 29
5 22 8 77 88 68 47
5 23 80 19 32 27 25
5 24 58 31 63 59 69
5 25 88 8 31 21 12
5 26 29 50 39 39 77
5 27 86 41 31 52 6
5 28 57 32 34 56 33
5 29 40 66 47 41 61
5 30 11 58 74 74 47
5 31 49 27 71 51 26
5 32 55 33 42 33 26
5 33 2 81 97 92 95
5 34 58 53 34 35 57
6 7 88 52 44 20 10
6 8 95 30 32 25 49
6 9 73 54 59 61 37
6 10 52 73 34 69 35
6 11 47 55 30 40 65
6 12 36 54 67 34 51
6 13 47 64 62 38 31
6 14 46 57 32 55 29
6 15 48 63 71 53 36
6 16 47 37 62 46 27
6 17 40 45 77 65 65
6 18 54 35 60 23 28
6 19 11 47 65 75 75
6 20 74 42 47 39 24
6 21 73 27 53 21 14
6 22 61 31 40 37 35
6 23 8 66 91 84 85
6 24 18 71 57 69 88
6 25 58 21 64 47 42
6 26 24 38 76 43 40
6 27 92 38 43 9 36
6 28 2 94 74 50 92
6 29 90 5 7 30 53
6 30 7 91 66 61 92
6 31 39 59 66 40 38
6 32 56 53 41 39 67
6 33 68 48 49 29 58
6 34 66 31 39 58 49
7 8 27 78 37 66 66
7 9 12 80 76 75 66
7 10 78 25 10 58 29
7 11 74 39 26 56 26
7 12 76 17 19 47 52
7 13 19 79 81 83 43
7 14 83 42 53 36 57
7 15 60 52 34 65 30
7 16 18 60 66 56 47
7 17 26 83 40 74 43
7 18 7 86 55 80 55
7 19 23 38 45 62 83
7 20 7 74 66 55 47
7 21 58 67 69 68 59
7 22 15 61 81 86 56
7 23 57 70 57 33 44
7 24 64 32 31 54 48
7 25 36 52 78 53 55
7 26 86 21 7 38 38
7 27 16 54 80 51 45
7 28 89 14 5 22 35
7 29 80 13 13 42 41
7 30 10 86 84 90 72
7 31 20 70 55 81 85
7 32 4 54 58 69 87
7 33 41 72 75 62 74
7 34 88 15 24 25 41
8 9 9 92 70 53 76
8 10 37 38 77 39 48
8 11 86 44 50 38 11
8 12 35 54 58 74 60
8 13 38 45 55 47 73
8 14 80 29 47 19 55
8 15 15 54 47 65 80
8 16 14 80 84 85 63
8 17 56 42 34 59 55
8 18 58 58 37 22 26
8 19 39 46 43 65 47
8 20 56 31 46 69 27
8 21 72 30 48 23 16
8 22 55 51 44 30 47
8 23 31 40 34 65 53
8 24 55 33 56 63 27
8 25 19 51 50 71 74
8 26 75 47 15 24 57
8 27 73 51 46 24 51
8 28 90 54 16 35 44
8 29 48 62 35 44 27
8 30 5 61 86 63 86
8 31 52 54 48 49 46
8 32 0 92 84 75 77
8 33 7 82 57 82 49
8 34 65 53 49 31 56
9 10 99 31 34 6 13
9 11 27 79 60 40 80
9 12 11 64 66 80 64
9 13 99 12 43 5 30
9 14 89 27 8 26 31
9 15 34 59 53 64 42
9 16 21 41 79 40 54
9 17 81 39 13 30 19
9 18 20 44 82 73 66
9 19 88 24 39 41 41
9 20 8 55 58 53 60
9 21 42 37 31 31 36
9 22 75 24 47 38 61
9 23 87 49 20 54 53
9 24 49 61 25 37 25
9 25 50 46 33 67 48
9 26 37 79 65 54 73
9 27 49 64 53 28 46
9 28 97 30 27 28 8
9 29 73 34 47 56 37
9 30 0 57 82 81 63
9 31 42 65 67 72 55
9 32 80 26 42 17 50
9 33 31 68 38 58 70
9 34 38 51 61 46 48
10 11 38 75 47 75 38
10 12 7 51 92 69 60
10 13 24 86 47 84 87
10 14 59 64 39 61 28
10 15 1 61 86 86 51
10 16 10 67 83 56 47
10 17 27 52 79 60 51
10 18 35 58 50 70 32
10 19 60 50 58 30 42
10 20 84 41 55 34 37
10 21 26 81 47 79 69
10 22 17 72 84 75 59
10 23 90 20 13 38 52
10 24 83 35 14 12 12
10 25 86 21 37 42 24
10 26 13 81 50 48 43
10 27 77 26 58 54 21
10 28 3 48 88 80 81
10 29 85 50 23 15 26
10 30 2 96 80 83 94
10 31 26 80 42 82 64
10 32 90 51 9 5 18
10 33 46 55 68 66 75
10 34 56 69 37 51 36
11 12 68 42 65 23 21
11 13 78 53 51 27 36
11 14 0 56 62 53 78
11 15 50 40 31 25 38
11 16 95 10 26 38 38
11 17 81 15 19 47 37
11 18 33 58 35 35 78
11 19 34 48 39 46 73
11 20 24 84 81 52 62
11 21 8 56 59 76 49
11 22 30 76 64 47 65
11 23 10 87 86 54 60
11 24 3 97 52 57 59
11 25 58 58 60 42 58
11 26 59 32 52 57 31
11 27 14 45 84 80 55
11 28 57 59 70 31 55
11 29 93 26 25 51 13
11 30 84 17 47 25 55
11 31 94 44 32 51 3
11 32 76 27 16 42 61
11 33 50 72 51 67 26
11 34 95 25 44 40 6
12 13 57 49 24 23 25
12 14 77 38 18 19 26
12 15 4 51 84 71 81
12 16 70 51 27 22 49
12 17 67 31 23 26 32
12 18 92 24 33 33 25
12 19 80 22 57 50 56
12 20 17 44 46 41 53
12 21 63 19 22 39 50
12 22 83 44 36 21 47
12 23 85 31 30 17 8
12 24 39 49 48 34 79
12 25 92 26 35 44 42
12 26 25 82 76 82 80
12 27 95 18 33 30 20
12 28 29 73 82 50 55
12 29 80 24 11 31 18
12 30 78 12 22 14 36
12 31 85 36 53 15 33
12 32 60 48 37 50 25
12 33 33 45 44 81 42
12 34 69 38 59 17 52
13 14 7 86 75 64 81
13 15 7 73 83 61 81
13 16 46 39 49 47 55
13 17 76 38 57 15 55
13 18 97 8 33 14 35
13 19 31 37 35 64 68
13 20 58 50 21 25 65
13 21 42 72 52 31 48
13 22 78 27 29 35 56
13 23 28 38 42 81 62
13 24 81 42 16 42 45
13 25 28 37 75 39 58
13 26 71 38 37 28 62
13 27 51 59 39 71 38
13 28 28 69 45 76 41
13 29 49 62 32 65 58
13 30 81 32 38 29 33
13 31 88 30 6 47 54
13 32 80 36 13 33 15
13 33 32 59 37 41 37
13 34 34 73 74 66 64
14 15 68 65 52 23 36
14 16 74 53 28 50 24
14 17 18 61 63 82 81
14 18 99 40 13 19 43
14 19 55 65 33 56 43
14 20 2 69 91 55 73
14 21 70 51 51 15 21
14 22 22 43 50 80 67
14 23 43 48 37 33 64
14 24 69 45 56 44 36
14 25 39 77 50 31 63
14 26 56 61 52 24 67
14 27 60 46 37 37 28
14 28 98 9 12 25 45
14 29 85 9 27 51 55
14 30 0 93 65 97 59
14 31 89 45 47 35 37
14 32 81 57 51 47 51
14 33 24 48 45 85 81
14 34 24 66 54 74 75
15 16 19 55 88 75 41
15 17 95 6 19 34 20
15 18 62 22 59 31 59
15 19 35 44 53 50 70
15 20 47 52 75 44 61
15 21 83 10 47 57 9
15 22 23 74 82 72 77
15 23 98 20 16 11 32
15 24 68 17 18 41 50
15 25 31 51 53 76 71
15 26 13 64 57 44 79
15 27 19 58 69 74 59
15 28 20 57 48 87 76
15 29 62 29 62 36 32
15 30 33 67 73 59 59
15 31 40 63 38 31 46
15 32 17 71 85 71 50
15 33 20 66 77 65 67
15 34 89 33 11 38 34
16 17 0 84 88 60 66
16 18 39 49 69 57 33
16 19 56 50 50 66 53
16 20 34 75 68 34 42
16 21 48 70 33 51 32
16 22 36 32 47 65 65
16 23 88 19 27 52 23
16 24 92 29 30 36 27
16 25 47 70 45 46 29
16 26 42 31 71 47 73
16 27 12 57 51 80 70
16 28 84 56 57 16 31
16 29 20 51 44 40 66
16 30 63 67 18 65 33
16 31 90 44 48 5 31
16 32 77 43 23 45 49
16 33 70 35 34 58 40
16 34 45 40 41 41 55
17 18 53 29 52 25 63
17 19 58 50 44 39 69
17 20 28 45 59 79 46
17 21 11 94 47 69 82
17 22 8 57 94 92 48
17 23 63 61 58 37 52
17 24 35 63 37 79 67
17 25 28 83 62 52 66
17 26 18 72 58 86 59
17 27 16 63 54 46 52
17 28 36 42 71 38 73
17 29 97 14 49 38 16
17 30 12 75 67 81 47
17 31 29 53 41 71 56
17 32 3 58 67 69 80
17 33 26 69 60 38 56
17 34 30 39 54 70 37
18 19 98 37 12 7 49
18 20 6 62 88 55 62
18 21 84 13 46 11 55
18 22 3 49 75 63 73
18 23 8 63 69 61 80
18 24 66 23 64 21 55
18 25 49 56 28 41 62
18 26 84 14 25 28 52
18 27 87 26 23 31 35
18 28 0 78 58 55 95
18 29 16 82 60 56 69
18 30 13 57 64 71 57
18 31 38 75 44 38 70
18 32 64 26 66 40 34
18 33 95 38 23 14 5
18 34 59 37 30 65 49
19 20 74 33 48 37 60
19 21 7 58 46 92 55
19 22 55 29 51 65 58
19 23 47 65 32 29 71
19 24 80 53 30 29 53
19 25 72 59 62 37 53
19 26 93 7 42 3 14
19 27 34 74 35 80 35
19 28 67 52 55 48 21
19 29 70 35 16 42 18
19 30 93 26 43 25 30
19 31 87 13 40 25 28
19 32 9 70 50 69 47
19 33 28 54 64 65 57
19 34 39 77 71 60 32
20 21 72 57 20 18 53
20 22 82 16 57 9 34
20 23 45 35 69 63 50
20 24 2 86 75 57 51
20 25 48 37 37 31 46
20 26 66 47 59 51 37
20 27 81 43 52 43 53
20 28 50 33 70 26 27
20 29 11 65 60 81 71
20 30 1 82 80 60 93
20 31 24 51 87 78 78
20 32 95 13 38 2 12
20 33 37 72 50 36 48
20 34 82 22 27 34 10
21 22 80 42 14 59 32
21 23 22 43 39 74 57
21 24 52 32 49 41 70
21 25 21 66 75 52 83
21 26 9 60 72 45 94
21 27 98 36 3 4 42
21 28 52 41 55 61 59
21 29 45 43 28 66 60
21 30 57 53 48 22 60
21 31 59 53 62 60 30
21 32 56 71 45 38 28
21 33 55 68 37 42 46
21 34 82 25 21 51 28
22 23 4 66 49 87 95
22 24 40 58 74 54 44
22 25 98 16 43 34 44
22 26 88 44 51 39 10
22 27 20 83 76 71 44
22 28 28 73 76 61 62
22 29 30 64 36 74 39
22 30 48 44 37 51 70
22 31 3 83 67 81 55
22 32 70 30 46 63 31
22 33 93 19 18 28 22
22 34 33 80 38 44 55
23 24 63 42 27 25 50
23 25 13 52 60 89 44
23 26 52 32 38 32 53
23 27 52 28 66 65 39
23 28 69 60 63 55 28
23 29 16 80 85 86 66
23 30 18 52 48 70 74
23 31 91 40 47 27 26
23 32 25 49 50 69 74
23 33 89 55 16 41 8
23 34 6 66 71 93 47
24 25 8 54 54 53 81
24 26 45 51 37 75 28
24 27 10 91 45 74 69
24 28 45 44 61 50 43
24 29 2 54 55 61 74
24 30 87 43 48 14 40
24 31 66 22 50 66 52
24 32 69 64 61 60 16
24 33 26 46 45 42 84
24 34 19 80 45 56 86
25 26 40 39 51 74 61
25 27 2 87 80 58 49
25 28 81 23 47 25 24
25 29 83 54 55 40 21
25 30 72 55 26 52 62
25 31 84 45 55 38 22
25 32 83 46 53 31 10
25 33 39 40 41 42 70
25 34 17 63 88 82 63
26 27 49 30 30 61 35
26 28 46 54 39 27 40
26 29 3 48 72 91 95
26 30 92 44 35 8 19
26 31 57 36 49 39 21
26 32 17 57 54 51 60
26 33 60 53 63 47 55
26 34 67 25 37 52 50
27 28 93 7 9 35 9
27 29 47 72 66 49 62
27 30 21 58 86 70 39
27 31 51 41 56 67 32
27 32 0 76 99 89 91
27 33 29 79 84 83 38
27 34 76 17 26 35 47
28 29 96 43 26 43 22
28 30 74 16 55 41 22
28 31 13 62 65 49 55
28 32 90 9 6 30 50
28 33 20 49 88 58 47
28 34 88 33 47 12 45
29 30 83 45 25 29 24
29 31 96 49 49 16 29
29 32 43 64 64 47 70
29 33 71 47 27 59 40
29 34 23 44 86 74 71
30 31 57 62 60 43 31
30 32 11 56 85 66 84
30 33 84 21 33 15 40
30 34 10 71 85 68 50
31 32 23 75 76 54 60
31 33 49 52 43 63 73
31 34 95 13 3 19 21
32 33 50 36 32 31 37
32 34 16 46 57 75 53
33 34 25 80 62 80 48
