42 5
0.5 0.5 0.0 0.0 0.0 
0 1 64 42 40 30 41
0 2 15 83 86 79 74
0 3 64 31 39 39 31
0 4 28 61 62 72 69
0 5 42 57 49 59 49
0 6 68 37 31 35 32
0 7 91 16 15 9 13
0 8 40 65 57 62 63
0 9 55 48 38 38 48
0 10 94 18 9 8 17
0 11 87 23 17 24 21
0 12 68 30 39 40 39
0 13 92 6 13 11 9
0 14 96 14 15 14 11
0 15 0 86 90 85 87
0 16 68 40 37 36 34
0 17 57 45 42 49 49
0 18 0 88 94 92 89
0 19 96 11 15 14 11
0 20 52 41 42 41 47
0 21 99 14 1 10 12
0 22 42 60 63 62 63
0 23 38 53 55 62 53
0 24 36 56 61 64 59
0 25 65 38 41 42 37
0 26 24 66 76 71 67
0 27 13 86 75 86 87
0 28 22 67 75 68 68
0 29 92 14 9 7 20
0 30 68 26 34 41 33
0 31 73 27 23 27 29
0 32 31 60 64 65 70
0 33 36 64 56 59 58
0 34 54 48 41 38 46
0 35 79 28 19 29 19
0 36 60 46 42 46 37
0 37 11 84 84 75 86
0 38 9 79 80 89 78
0 39 26 65 65 64 74
0 40 49 50 44 51 43
0 41 14 85 77 77 79
1 2 50 53 52 57 51
1 3 41 56 52 56 53
1 4 74 23 23 26 32
1 5 90 8 18 12 19
1 6 5 80 88 84 82
1 7 17 76 84 73 74
1 8 63 45 45 39 38
1 9 16 72 81 73 82
1 10 63 33 40 41 44
1 11 2 93 89 92 92
1 12 1 90 88 97 85
1 13 26 67 73 74 64
1 14 44 59 47 59 52
1 15 98 5 3 6 8
1 16 61 41 46 33 37
1 17 25 78 76 75 77
1 18 76 29 31 31 21
1 19 15 74 74 76 78
1 20 38 65 59 54 53
1 21 53 52 43 52 54
1 22 79 30 25 22 28
1 23 47 55 50 54 54
1 24 53 50 47 48 44
1 25 52 41 40 45 53
1 26 7 84 83 85 93
1 27 34 69 56 63 60
1 28 12 75 75 84 74
1 29 21 77 79 75 78
1 30 1 94 96 84 96
1 31 12 75 77 83 82
1 32 10 87 90 80 77
1 33 77 27 26 33 25
1 34 72 34 30 33 26
1 35 57 48 38 41 42
1 36 33 64 70 61 62
1 37 80 22 31 27 24
1 38 38 63 61 64 53
1 39 3 93 93 91 94
1 40 35 62 55 67 63
1 41 71 27 36 30 36
2 3 37 56 58 55 62
2 4 47 52 50 50 59
2 5 44 60 54 52 58
2 6 58 41 45 36 37
2 7 55 47 39 52 44
2 8 95 4 15 5 10
2 9 72 37 32 26 28
2 10 98 15 3 16 7
2 11 2 89 92 89 97
2 12 17 75 83 76 77
2 13 10 86 88 81 85
2 14 65 31 39 30 40
2 15 24 77 77 75 68
2 16 34 67 66 69 57
2 17 25 70 64 72 76
2 18 31 68 60 61 71
2 19 30 60 60 63 63
2 20 52 49 48 44 46
2 21 79 30 23 18 17
2 22 73 23 24 28 31
2 23 26 72 67 63 72
2 24 25 77 64 72 76
2 25 38 64 52 61 65
2 26 61 42 33 47 36
2 27 7 84 91 85 84
2 28 73 35 24 37 37
2 29 95 7 4 4 18
2 30 2 86 85 96 85
2 31 15 85 85 80 84
2 32 12 76 80 85 89
2 33 55 49 51 45 51
2 34 99 2 10 4 13
2 35 62 32 39 40 36
2 36 21 72 73 79 67
2 37 89 14 21 19 10
2 38 33 60 67 64 66
2 39 23 76 70 79 74
2 40 0 84 92 92 89
2 41 50 54 53 54 49
3 4 5 81 94 94 86
3 5 2 95 94 88 84
3 6 86 23 26 25 16
3 7 30 67 73 68 70
3 8 16 77 80 70 78
3 9 75 31 33 26 34
3 10 7 86 79 90 92
3 11 23 70 67 65 78
3 12 44 52 49 48 62
3 13 71 37 36 35 34
3 14 47 47 59 47 57
3 15 3 83 89 87 93
3 16 46 59 53 54 53
3 17 64 39 32 32 30
3 18 77 21 22 29 24
3 19 18 71 76 72 74
3 20 15 71 75 74 85
3 21 58 49 36 44 43
3 22 37 56 53 63 58
3 23 68 39 30 27 40
3 24 10 81 75 89 84
3 25 28 72 76 62 70
3 26 85 12 25 25 13
3 27 29 71 73 70 67
3 28 82 26 15 18 23
3 29 91 8 21 15 20
3 30 49 55 49 43 52
3 31 3 91 94 85 96
3 32 76 26 27 33 28
3 33 71 32 24 33 38
3 34 61 38 37 40 43
3 35 94 11 6 19 14
3 36 7 90 86 84 79
3 37 3 90 92 90 94
3 38 7 86 89 81 80
3 39 81 20 22 18 29
3 40 57 40 47 38 48
3 41 6 87 81 81 80
4 5 76 27 32 21 26
4 6 53 43 39 52 50
4 7 98 1 9 13 6
4 8 11 87 79 76 82
4 9 1 97 89 86 92
4 10 67 39 32 36 41
4 11 74 34 23 33 23
4 12 5 93 92 88 83
4 13 31 64 67 66 72
4 14 81 29 20 19 21
4 15 75 34 35 29 29
4 16 66 35 40 40 29
4 17 14 78 87 72 79
4 18 39 61 64 62 60
4 19 1 94 93 92 93
4 20 75 30 30 23 31
4 21 46 53 47 58 45
4 22 11 81 88 89 81
4 23 53 52 53 47 48
4 24 50 45 44 49 45
4 25 18 70 76 73 79
4 26 23 69 78 71 75
4 27 98 15 10 14 3
4 28 57 50 40 37 50
4 29 45 56 52 52 49
4 30 67 36 30 27 34
4 31 99 9 7 11 13
4 32 37 63 63 65 62
4 33 29 60 65 67 59
4 34 87 23 19 19 20
4 35 56 47 37 49 50
4 36 95 13 11 10 5
4 37 50 48 55 50 52
4 38 40 60 55 58 63
4 39 49 44 53 45 54
4 40 25 67 73 72 71
4 41 44 60 58 57 54
5 6 11 76 77 78 76
5 7 10 78 76 82 89
5 8 38 64 55 58 61
5 9 81 25 30 18 24
5 10 96 13 13 13 17
5 11 83 28 25 24 27
5 12 10 81 83 88 90
5 13 17 82 74 72 80
5 14 69 36 36 36 31
5 15 60 42 45 37 38
5 16 59 39 46 43 40
5 17 23 69 76 71 69
5 18 76 24 26 26 31
5 19 50 52 44 51 54
5 20 90 20 9 18 15
5 21 44 56 52 52 54
5 22 29 63 73 65 70
5 23 12 77 75 85 75
5 24 96 12 4 11 10
5 25 93 14 14 16 9
5 26 18 77 80 78 83
5 27 29 72 62 70 60
5 28 17 81 72 74 83
5 29 98 1 11 5 14
5 30 49 43 47 50 50
5 31 22 68 72 68 73
5 32 27 64 74 68 70
5 33 32 64 64 71 67
5 34 38 53 54 60 52
5 35 45 51 47 55 59
5 36 96 16 13 9 13
5 37 17 84 72 73 78
5 38 35 62 57 57 66
5 39 66 32 34 38 43
5 40 71 28 36 32 34
5 41 49 54 51 55 47
6 7 29 62 72 69 68
6 8 86 23 20 20 13
6 9 85 19 26 14 26
6 10 45 50 57 50 52
6 11 31 63 61 66 58
6 12 16 76 81 85 73
6 13 76 25 21 27 27
6 14 39 61 61 52 54
6 15 50 43 50 54 56
6 16 37 57 66 58 64
6 17 77 25 32 28 31
6 18 31 61 70 72 70
6 19 27 73 69 72 72
6 20 24 78 70 78 73
6 21 20 80 79 72 78
6 22 85 16 15 18 18
6 23 84 22 17 22 14
6 24 69 39 31 37 29
6 25 33 71 60 65 57
6 26 31 61 59 59 65
6 27 46 51 52 52 58
6 28 6 93 86 91 92
6 29 87 13 20 19 21
6 30 80 29 24 24 26
6 31 36 58 64 67 63
6 32 22 80 77 68 71
6 33 23 73 71 75 77
6 34 52 55 44 45 54
6 35 45 60 57 58 53
6 36 55 47 42 50 37
6 37 41 50 64 56 53
6 38 45 61 49 53 47
6 39 69 36 36 32 27
6 40 82 15 25 28 25
6 41 81 21 22 20 16
7 8 58 43 43 37 40
7 9 28 63 61 67 61
7 10 47 48 52 51 44
7 11 32 63 67 67 59
7 12 26 75 76 69 73
7 13 68 34 30 34 38
7 14 95 3 17 12 10
7 15 79 17 20 22 26
7 16 89 18 24 13 23
7 17 75 30 23 30 32
7 18 4 84 91 89 86
7 19 50 53 50 50 44
7 20 48 49 47 57 54
7 21 61 33 38 35 34
7 22 43 61 62 56 54
7 23 89 20 13 22 23
7 24 79 31 25 25 26
7 25 56 48 41 46 51
7 26 27 74 67 76 63
7 27 36 65 57 63 60
7 28 27 73 66 70 76
7 29 10 83 81 88 79
7 30 11 79 83 85 77
7 31 33 67 71 56 58
7 32 46 57 48 50 52
7 33 73 36 26 24 25
7 34 80 24 31 16 29
7 35 20 76 67 70 77
7 36 19 74 72 76 82
7 37 60 38 42 43 34
7 38 10 86 89 84 89
7 39 81 23 26 20 22
7 40 82 16 19 22 25
7 41 91 15 14 13 11
8 9 96 9 5 4 16
8 10 45 57 52 51 49
8 11 55 47 51 52 43
8 12 62 39 33 37 44
8 13 59 36 37 35 43
8 14 22 72 74 72 67
8 15 29 70 62 63 74
8 16 57 41 39 51 44
8 17 1 93 89 88 90
8 18 24 72 74 68 78
8 19 67 39 35 42 35
8 20 45 53 50 53 53
8 21 96 10 10 11 14
8 22 37 57 58 54 67
8 23 40 55 56 61 57
8 24 39 63 65 62 55
8 25 55 49 48 41 41
8 26 40 55 50 63 60
8 27 36 62 58 60 68
8 28 47 45 57 56 49
8 29 78 26 20 30 30
8 30 72 31 29 28 28
8 31 40 57 58 59 65
8 32 16 72 75 83 72
8 33 31 72 58 65 71
8 34 4 91 83 85 96
8 35 66 35 31 32 35
8 36 51 54 48 50 56
8 37 83 21 22 14 20
8 38 88 20 13 24 15
8 39 54 48 44 43 47
8 40 23 73 68 74 75
8 41 65 30 30 35 39
9 10 89 12 14 12 19
9 11 66 42 38 36 28
9 12 40 58 54 63 58
9 13 50 43 52 46 56
9 14 67 40 29 28 33
9 15 38 65 60 56 67
9 16 54 48 47 42 46
9 17 1 96 90 87 94
9 18 33 63 67 62 70
9 19 72 24 24 38 35
9 20 70 37 39 29 31
9 21 13 77 76 76 88
9 22 33 57 56 71 70
9 23 43 58 53 51 63
9 24 71 36 37 34 27
9 25 89 12 18 21 22
9 26 81 27 16 23 19
9 27 14 75 78 86 80
9 28 73 27 26 36 33
9 29 60 34 47 48 39
9 30 10 84 78 86 89
9 31 58 49 45 35 49
9 32 14 77 79 76 78
9 33 81 17 19 23 24
9 34 57 51 51 41 44
9 35 78 19 30 32 24
9 36 29 71 62 68 70
9 37 62 44 41 45 39
9 38 36 65 56 59 54
9 39 31 66 70 64 61
9 40 11 83 90 84 76
9 41 20 77 80 80 81
10 11 96 11 4 3 10
10 12 79 23 27 21 20
10 13 10 82 80 86 86
10 14 59 37 45 37 36
10 15 6 79 94 89 82
10 16 88 11 11 12 19
10 17 25 78 65 72 77
10 18 33 63 69 64 62
10 19 31 68 64 71 71
10 20 63 35 41 46 37
10 21 44 57 49 51 60
10 22 72 35 29 28 31
10 23 32 69 61 60 66
10 24 9 86 77 79 87
10 25 66 37 39 36 34
10 26 1 88 84 86 85
10 27 44 57 49 61 60
10 28 62 32 42 41 41
10 29 31 70 72 58 67
10 30 26 71 70 72 65
10 31 17 82 79 71 73
10 32 54 49 52 47 47
10 33 43 56 60 62 49
10 34 69 37 31 39 30
10 35 15 84 83 80 78
10 36 46 49 45 47 49
10 37 45 52 53 47 49
10 38 89 21 13 16 14
10 39 26 66 76 64 76
10 40 65 40 41 34 30
10 41 58 41 39 49 48
11 12 50 43 50 48 42
11 13 10 86 77 86 85
11 14 11 82 75 83 83
11 15 41 49 54 64 50
11 16 5 90 90 90 83
11 17 89 21 22 15 23
11 18 67 27 36 29 33
11 19 62 41 37 46 32
11 20 63 40 34 31 33
11 21 83 18 19 27 18
11 22 55 39 40 43 43
11 23 71 28 26 38 37
11 24 80 21 28 17 22
11 25 14 82 84 77 86
11 26 27 61 66 68 62
11 27 19 69 80 73 74
11 28 14 75 78 85 82
11 29 7 80 89 93 91
11 30 97 5 10 13 2
11 31 7 86 88 92 88
11 32 52 48 52 43 52
11 33 93 8 9 11 17
11 34 46 48 46 57 50
11 35 70 33 29 34 34
11 36 46 59 59 57 47
11 37 8 78 92 83 81
11 38 18 72 82 81 77
11 39 21 77 77 77 73
11 40 69 37 34 36 33
11 41 17 74 75 75 78
12 13 84 27 25 19 22
12 14 46 47 52 54 54
12 15 15 78 76 74 83
12 16 9 81 83 84 87
12 17 87 14 22 24 19
12 18 74 35 33 22 27
12 19 6 88 90 87 83
12 20 83 25 16 26 23
12 21 75 23 25 22 30
12 22 66 35 35 36 29
12 23 48 47 47 47 45
12 24 29 71 69 65 64
12 25 16 73 83 73 83
12 26 7 88 86 89 91
12 27 71 27 31 32 27
12 28 22 79 74 74 69
12 29 80 23 21 17 18
12 30 99 0 3 9 12
12 31 40 55 54 63 60
12 32 50 41 48 48 54
12 33 79 24 28 21 27
12 34 11 79 77 83 82
12 35 25 72 63 74 74
12 36 84 19 27 16 21
12 37 39 57 59 61 62
12 38 95 10 11 13 15
12 39 80 20 23 28 26
12 40 18 82 72 79 81
12 41 2 93 93 85 92
13 14 14 73 74 80 80
13 15 54 51 40 51 44
13 16 28 64 64 65 72
13 17 65 37 31 43 41
13 18 98 4 2 15 7
13 19 55 43 50 43 43
13 20 36 63 55 54 57
13 21 85 13 23 18 18
13 22 44 61 46 60 54
13 23 58 37 46 42 47
13 24 82 24 23 21 19
13 25 31 66 64 68 61
13 26 77 29 24 22 19
13 27 47 54 59 49 58
13 28 25 73 75 76 73
13 29 32 66 62 66 65
13 30 67 36 33 27 37
13 31 65 33 44 43 33
13 32 12 86 76 76 78
13 33 59 37 38 35 47
13 34 18 84 83 70 81
13 35 75 26 31 22 32
13 36 3 88 90 90 92
13 37 46 49 59 53 49
13 38 69 28 33 38 35
13 39 31 65 64 59 72
13 40 79 20 23 30 27
13 41 38 65 60 64 66
14 15 45 54 55 59 57
14 16 41 58 62 50 58
14 17 26 66 70 68 76
14 18 11 81 76 83 85
14 19 50 46 55 51 50
14 20 9 77 83 89 79
14 21 50 45 42 45 54
14 22 65 38 31 39 34
14 23 80 22 30 30 23
14 24 46 47 55 56 56
14 25 39 63 66 56 62
14 26 80 23 26 22 17
14 27 17 77 81 70 74
14 28 46 51 56 48 55
14 29 23 70 67 78 72
14 30 65 35 36 41 32
14 31 60 41 45 40 35
14 32 53 49 44 48 52
14 33 98 11 11 9 11
14 34 28 63 69 60 64
14 35 20 73 80 73 80
14 36 28 74 61 65 61
14 37 78 32 28 31 20
14 38 63 32 35 40 38
14 39 59 36 35 42 37
14 40 59 45 40 44 42
14 41 89 13 10 12 8
15 16 61 37 35 43 35
15 17 4 84 83 90 88
15 18 87 20 22 19 18
15 19 73 36 28 29 34
15 20 97 4 10 11 6
15 21 16 73 85 74 72
15 22 80 30 30 19 20
15 23 61 42 44 33 45
15 24 58 46 47 38 46
15 25 83 23 22 24 22
15 26 87 13 16 24 12
15 27 24 71 64 74 73
15 28 92 13 11 19 18
15 29 1 87 88 96 87
15 30 95 18 16 16 12
15 31 29 68 74 63 67
15 32 5 88 88 89 93
15 33 32 61 71 70 70
15 34 93 16 8 15 10
15 35 98 14 15 9 15
15 36 50 49 42 43 55
15 37 77 30 24 19 30
15 38 40 53 63 62 55
15 39 37 65 62 58 58
15 40 15 86 78 76 83
15 41 18 69 84 75 74
16 17 62 38 33 43 40
16 18 89 10 13 16 15
16 19 33 57 70 57 66
16 20 50 51 46 49 46
16 21 91 11 20 21 14
16 22 1 94 89 91 92
16 23 49 54 46 51 56
16 24 85 19 21 25 14
16 25 46 48 55 59 58
16 26 10 90 83 90 81
16 27 22 79 74 72 76
16 28 99 14 3 7 11
16 29 57 35 41 44 48
16 30 7 80 89 87 85
16 31 24 74 67 68 68
16 32 51 52 55 55 41
16 33 54 43 42 46 45
16 34 0 96 89 88 87
16 35 23 78 78 72 72
16 36 79 27 27 24 23
16 37 62 40 43 37 35
16 38 31 62 61 59 60
16 39 4 84 96 85 93
16 40 12 79 78 84 78
16 41 62 40 35 44 45
17 18 40 64 54 53 58
17 19 95 5 12 5 5
17 20 64 30 33 35 42
17 21 57 41 38 46 44
17 22 44 49 51 56 60
17 23 78 27 28 21 30
17 24 62 40 37 42 38
17 25 16 84 74 71 82
17 26 57 46 43 47 38
17 27 71 30 38 36 31
17 28 9 89 91 85 86
17 29 32 66 60 67 69
17 30 60 38 38 38 44
17 31 6 82 84 80 88
17 32 55 47 52 45 52
17 33 56 36 37 48 37
17 34 15 76 76 81 79
17 35 54 41 53 46 48
17 36 38 60 58 57 58
17 37 83 23 20 22 14
17 38 85 15 15 23 14
17 39 77 23 31 26 28
17 40 38 65 61 54 66
17 41 31 70 59 59 66
18 19 64 34 36 42 40
18 20 71 34 34 26 38
18 21 42 50 55 63 52
18 22 60 39 47 42 36
18 23 89 21 21 21 14
18 24 42 54 50 56 57
18 25 74 24 23 24 23
18 26 8 92 89 83 88
18 27 2 89 84 86 92
18 28 53 49 54 45 54
18 29 97 12 2 5 6
18 30 32 66 71 71 60
18 31 30 60 67 72 66
18 32 8 87 77 81 84
18 33 39 63 62 59 56
18 34 78 29 22 25 24
18 35 11 82 76 79 82
18 36 51 43 54 48 46
18 37 51 44 45 50 47
18 38 30 67 74 62 61
18 39 60 37 40 38 37
18 40 16 79 77 78 77
18 41 74 35 24 29 22
19 20 89 23 15 16 13
19 21 93 13 15 17 19
19 22 25 64 75 73 65
19 23 10 77 86 77 87
19 24 25 67 71 64 63
19 25 48 57 49 49 49
19 26 29 61 66 62 74
19 27 94 18 12 18 12
19 28 45 49 52 55 61
19 29 87 12 10 25 24
19 30 37 53 56 61 54
19 31 12 86 83 75 85
19 32 43 48 49 56 51
19 33 77 30 29 30 30
19 34 21 71 79 68 77
19 35 5 87 89 91 93
19 36 97 4 12 16 2
19 37 90 12 10 10 9
19 38 87 12 22 15 12
19 39 40 59 54 64 60
19 40 46 50 59 59 58
19 41 81 26 28 25 18
20 21 93 17 6 20 9
20 22 84 24 22 16 22
20 23 48 53 53 55 58
20 24 55 52 43 40 47
20 25 81 25 28 30 27
20 26 29 66 74 74 73
20 27 15 85 78 79 76
20 28 46 50 58 45 57
20 29 11 78 79 76 75
20 30 35 69 55 62 56
20 31 14 80 75 74 72
20 32 82 21 19 23 18
20 33 11 85 81 82 83
20 34 67 33 31 30 28
20 35 73 28 34 23 23
20 36 97 2 12 16 15
20 37 9 83 85 88 77
20 38 79 24 17 31 21
20 39 44 50 51 52 56
20 40 92 8 20 7 11
20 41 24 78 74 73 72
21 22 6 80 82 87 80
21 23 94 17 11 5 15
21 24 4 93 94 90 94
21 25 50 56 52 53 53
21 26 88 14 24 14 22
21 27 94 15 12 13 6
21 28 39 65 60 58 55
21 29 7 88 88 85 84
21 30 63 35 40 32 35
21 31 77 20 27 29 21
21 32 59 37 37 37 39
21 33 84 22 14 23 28
21 34 74 34 23 22 34
21 35 28 67 70 64 68
21 36 42 54 50 56 54
21 37 67 32 34 37 28
21 38 90 14 17 21 16
21 39 33 59 63 68 66
21 40 97 11 6 13 5
21 41 67 40 38 29 34
22 23 62 38 38 43 46
22 24 4 83 87 93 88
22 25 17 79 81 81 79
22 26 21 76 71 70 77
22 27 31 65 60 66 62
22 28 63 44 31 46 39
22 29 78 24 22 23 22
22 30 54 51 43 53 47
22 31 25 69 73 74 70
22 32 11 77 76 79 85
22 33 35 61 67 59 66
22 34 73 31 22 30 27
22 35 13 77 78 73 82
22 36 88 18 19 15 16
22 37 46 58 51 50 49
22 38 19 77 77 82 80
22 39 29 67 66 62 69
22 40 9 82 85 84 89
22 41 53 42 42 46 40
23 24 45 52 51 53 48
23 25 7 87 91 90 87
23 26 7 88 89 82 89
23 27 21 78 73 77 81
23 28 94 18 9 6 13
23 29 62 38 38 39 44
23 30 82 21 17 29 16
23 31 62 46 40 35 36
23 32 97 9 8 12 11
23 33 46 54 47 52 51
23 34 80 23 19 20 21
23 35 64 38 33 37 43
23 36 15 75 84 75 78
23 37 8 86 80 87 79
23 38 49 42 52 56 52
23 39 54 47 51 39 46
23 40 42 62 51 50 54
23 41 2 94 84 96 95
24 25 46 52 52 59 50
24 26 35 64 67 63 57
24 27 86 15 17 23 23
24 28 87 17 20 22 12
24 29 18 77 73 70 75
24 30 74 26 36 35 35
24 31 59 48 46 44 48
24 32 95 18 17 5 14
24 33 17 75 83 83 75
24 34 41 59 61 56 61
24 35 75 33 21 23 28
24 36 71 29 36 34 34
24 37 69 37 32 31 32
24 38 21 80 75 71 68
24 39 60 38 43 33 44
24 40 48 48 48 54 50
24 41 85 23 13 14 19
25 26 53 54 51 52 53
25 27 59 43 36 38 45
25 28 44 61 48 53 51
25 29 96 9 17 9 5
25 30 60 34 36 35 34
25 31 67 38 39 34 36
25 32 66 42 35 37 34
25 33 20 71 81 69 73
25 34 90 21 10 17 12
25 35 57 40 48 40 38
25 36 76 19 27 30 28
25 37 99 4 3 14 15
25 38 80 30 25 29 26
25 39 37 54 61 62 55
25 40 37 65 56 53 53
25 41 26 71 73 69 76
26 27 74 24 23 36 29
26 28 67 36 32 35 37
26 29 39 66 59 56 51
26 30 13 76 80 85 76
26 31 61 37 35 34 46
26 32 57 48 48 37 47
26 33 35 67 65 55 62
26 34 81 22 28 30 29
26 35 28 60 62 73 73
26 36 13 85 85 82 82
26 37 25 66 65 67 73
26 38 60 37 43 44 44
26 39 56 44 42 37 44
26 40 90 14 13 22 9
26 41 53 39 41 44 44
27 28 10 88 83 88 83
27 29 92 7 11 12 12
27 30 16 71 71 71 73
27 31 88 11 19 23 14
27 32 57 49 45 47 47
27 33 36 61 65 58 64
27 34 41 56 55 63 60
27 35 11 80 76 80 88
27 36 43 56 57 63 55
27 37 42 59 50 49 54
27 38 17 83 72 71 83
27 39 44 52 60 51 56
27 40 81 24 21 20 23
27 41 28 75 69 66 70
28 29 18 79 77 78 82
28 30 24 74 67 76 67
28 31 16 74 71 77 83
28 32 71 29 24 34 31
28 33 16 81 80 75 83
28 34 61 39 46 45 34
28 35 10 80 75 82 83
28 36 7 92 89 81 83
28 37 82 23 20 27 18
28 38 45 58 54 49 61
28 39 65 30 44 41 41
28 40 55 51 40 45 39
28 41 81 22 21 23 21
29 30 93 5 7 18 7
29 31 85 26 23 18 21
29 32 78 23 27 21 28
29 33 65 30 40 42 31
29 34 54 53 38 47 42
29 35 78 20 29 28 23
29 36 45 60 52 48 54
29 37 54 42 48 46 50
29 38 7 93 82 84 85
29 39 48 50 53 44 44
29 40 37 53 63 67 60
29 41 54 51 40 46 45
30 31 71 27 31 38 38
30 32 55 45 44 48 47
30 33 11 88 82 76 83
30 34 36 64 68 61 68
30 35 57 49 44 46 47
30 36 33 65 62 65 57
30 37 66 43 40 37 37
30 38 0 84 97 86 85
30 39 28 72 61 67 74
30 40 83 22 18 17 21
30 41 78 25 28 18 20
31 32 59 35 44 42 38
31 33 68 40 32 38 32
31 34 8 87 86 84 77
31 35 21 75 78 80 77
31 36 35 67 55 56 60
31 37 42 49 55 63 59
31 38 58 39 39 49 41
31 39 7 87 91 88 87
31 40 34 58 68 66 69
31 41 74 21 23 33 35
32 33 16 81 76 82 74
32 34 99 8 11 1 8
32 35 54 48 44 48 47
32 36 64 41 36 30 30
32 37 68 40 33 36 31
32 38 68 31 39 34 34
32 39 49 53 50 48 45
32 40 89 15 17 20 19
32 41 43 50 52 53 60
33 34 8 79 90 80 83
33 35 14 73 83 87 76
33 36 25 64 68 69 78
33 37 10 82 80 87 90
33 38 66 38 33 41 33
33 39 4 84 85 86 83
33 40 89 21 13 23 19
33 41 18 84 78 73 72
34 35 25 76 78 72 73
34 36 62 37 34 39 32
34 37 12 82 86 85 74
34 38 76 28 30 28 21
34 39 99 5 14 13 2
34 40 32 62 67 62 68
34 41 99 6 7 15 2
35 36 92 19 17 12 18
35 37 31 59 58 69 63
35 38 27 68 73 76 74
35 39 26 71 67 75 67
35 40 59 43 36 42 47
35 41 99 1 12 5 7
36 37 82 26 25 17 24
36 38 40 61 52 64 54
36 39 70 30 32 29 32
36 40 96 7 6 14 3
36 41 52 50 47 45 45
37 38 2 88 92 84 87
37 39 25 76 69 66 65
37 40 11 77 85 79 79
37 41 95 10 13 15 18
38 39 93 8 19 12 14
38 40 45 51 46 46 56
38 41 31 61 63 71 68
39 40 35 63 62 62 56
39 41 94 6 12 14 16
40 41 43 51 59 58 57
