48 5
0.333333 0.333333 0.333333 0.0 0.0 
0 1 94 10 8 18 8
0 2 17 84 76 81 79
0 3 47 57 50 51 58
0 4 64 36 32 38 38
0 5 61 44 39 38 35
0 6 89 18 21 23 17
0 7 65 39 32 32 42
0 8 18 69 78 70 69
0 9 40 54 54 55 60
0 10 34 61 60 56 69
0 11 90 12 19 11 12
0 12 28 74 69 73 67
0 13 32 70 71 71 59
0 14 4 92 90 91 92
0 15 33 66 59 59 65
0 16 99 4 1 13 14
0 17 27 65 66 64 75
0 18 41 52 51 59 53
0 19 37 58 53 61 57
0 20 3 83 90 86 92
0 21 4 91 88 92 93
0 22 44 53 59 56 55
0 23 92 12 15 15 14
0 24 37 62 55 59 60
0 25 14 80 84 80 73
0 26 16 79 73 81 83
0 27 40 65 52 52 61
0 28 71 24 37 26 26
0 29 0 93 98 92 96
0 30 47 57 45 51 46
0 31 79 23 31 23 20
0 32 27 67 66 70 63
0 33 12 75 75 78 84
0 34 46 59 60 49 52
0 35 32 59 69 66 68
0 36 22 78 66 79 72
0 37 37 60 57 56 59
0 38 65 34 33 39 35
0 39 39 64 66 63 60
0 40 86 13 21 11 20
0 41 22 80 75 68 69
0 42 36 68 66 59 66
0 43 65 31 36 41 43
0 44 46 46 54 57 58
0 45 66 41 41 34 40
0 46 89 17 17 17 12
0 47 76 30 29 31 31
1 2 96 9 11 6 8
1 3 43 59 52 54 56
1 4 55 46 52 48 46
1 5 71 32 32 28 36
1 6 88 17 12 13 17
1 7 52 47 51 54 49
1 8 78 20 29 19 19
1 9 44 59 54 53 50
1 10 69 31 31 38 28
1 11 95 11 7 18 14
1 12 81 21 16 25 20
1 13 18 73 71 83 73
1 14 12 84 81 75 78
1 15 73 23 30 27 29
1 16 63 45 36 42 33
1 17 67 36 35 33 32
1 18 25 65 68 66 71
1 19 80 30 27 29 23
1 20 68 35 39 30 34
1 21 83 28 19 14 28
1 22 90 11 12 10 9
1 23 58 44 38 48 35
1 24 88 22 19 23 10
1 25 47 58 55 58 57
1 26 31 72 60 62 62
1 27 77 29 26 30 25
1 28 7 80 82 79 91
1 29 29 66 69 67 61
1 30 83 23 16 16 16
1 31 49 44 43 46 47
1 32 77 28 33 31 29
1 33 83 15 14 21 23
1 34 54 41 44 53 47
1 35 80 31 25 21 19
1 36 55 50 46 39 41
1 37 37 55 64 59 65
1 38 52 43 44 43 46
1 39 27 61 65 72 72
1 40 20 71 70 78 69
1 41 87 21 24 16 22
1 42 25 72 67 67 75
1 43 76 27 28 32 21
1 44 94 12 10 12 9
1 45 21 81 72 67 79
1 46 95 11 18 15 10
1 47 82 29 16 27 25
2 3 14 78 86 77 84
2 4 56 46 47 46 46
2 5 23 76 75 74 71
2 6 61 45 33 37 39
2 7 67 41 38 32 40
2 8 71 36 32 35 27
2 9 90 10 17 9 13
2 10 99 3 3 1 2
2 11 8 82 79 82 87
2 12 57 48 41 49 49
2 13 7 84 85 92 81
2 14 37 58 61 64 59
2 15 68 40 39 38 37
2 16 4 94 93 95 94
2 17 3 96 92 96 82
2 18 27 62 63 70 75
2 19 46 58 49 47 51
2 20 49 48 51 48 54
2 21 15 78 79 72 86
2 22 2 86 91 95 92
2 23 2 93 92 88 95
2 24 53 43 40 48 48
2 25 41 52 56 63 54
2 26 77 29 22 30 24
2 27 5 94 92 85 92
2 28 52 52 44 44 41
2 29 66 30 38 38 29
2 30 51 44 55 43 50
2 31 42 63 59 50 58
2 32 38 59 56 66 66
2 33 17 74 79 82 78
2 34 28 62 66 64 71
2 35 50 44 46 56 44
2 36 58 43 48 36 41
2 37 16 76 83 77 74
2 38 9 91 83 85 81
2 39 52 47 52 45 46
2 40 27 62 71 63 62
2 41 2 89 83 94 83
2 42 59 49 41 41 37
2 43 57 48 36 38 43
2 44 94 16 10 5 14
2 45 55 49 45 48 44
2 46 42 59 51 62 56
2 47 52 51 47 47 42
3 4 50 45 47 52 49
3 5 45 54 49 61 47
3 6 6 88 92 82 83
3 7 7 88 85 89 88
3 8 46 54 57 57 60
3 9 69 37 34 38 28
3 10 14 81 73 73 85
3 11 5 84 82 83 88
3 12 87 15 14 20 12
3 13 16 78 84 86 84
3 14 58 46 39 37 45
3 15 23 75 70 66 75
3 16 18 79 81 83 71
3 17 71 31 39 25 38
3 18 50 55 48 48 52
3 19 27 73 66 68 72
3 20 5 81 81 95 86
3 21 43 52 60 56 53
3 22 18 82 69 77 73
3 23 2 95 96 93 85
3 24 59 34 34 40 35
3 25 45 55 57 58 48
3 26 71 28 29 24 37
3 27 71 28 26 28 25
3 28 57 44 42 38 50
3 29 52 47 50 53 44
3 30 81 21 23 22 30
3 31 3 86 86 89 87
3 32 43 53 55 58 54
3 33 60 45 34 38 40
3 34 60 37 46 41 34
3 35 14 74 80 76 83
3 36 39 65 56 58 64
3 37 10 80 86 78 88
3 38 10 85 84 76 76
3 39 23 75 68 75 76
3 40 29 59 68 64 67
3 41 36 61 63 64 60
3 42 27 64 66 64 67
3 43 72 28 25 32 35
3 44 94 11 8 11 14
3 45 20 78 73 75 82
3 46 82 15 28 25 23
3 47 76 20 26 31 32
4 5 68 36 39 38 37
4 6 22 79 67 75 78
4 7 62 43 39 44 39
4 8 84 18 25 25 18
4 9 81 24 26 30 23
4 10 84 27 16 19 22
4 11 0 86 98 94 95
4 12 86 19 25 20 12
4 13 41 61 50 60 57
4 14 58 40 46 46 40
4 15 28 63 63 74 73
4 16 21 79 76 78 69
4 17 13 73 86 84 73
4 18 85 23 22 13 12
4 19 61 45 41 33 33
4 20 64 43 38 36 32
4 21 63 40 42 37 45
4 22 38 67 58 53 59
4 23 53 44 54 48 43
4 24 16 83 78 79 85
4 25 57 39 42 46 46
4 26 39 52 51 65 59
4 27 33 66 70 61 70
4 28 78 29 23 24 23
4 29 41 62 61 60 49
4 30 61 42 43 39 34
4 31 79 21 28 17 20
4 32 12 84 75 82 79
4 33 16 81 73 82 78
4 34 49 48 48 45 53
4 35 88 21 10 11 23
4 36 38 57 55 67 61
4 37 54 50 51 52 43
4 38 81 22 18 29 29
4 39 81 21 22 16 25
4 40 43 55 58 54 55
4 41 15 79 83 75 76
4 42 56 41 48 50 41
4 43 43 54 51 61 58
4 44 11 80 80 84 78
4 45 3 86 96 95 85
4 46 97 4 14 13 7
4 47 53 49 49 46 53
5 6 9 89 90 85 84
5 7 16 74 71 75 76
5 8 6 91 89 91 87
5 9 6 91 90 91 94
5 10 58 42 40 42 35
5 11 69 32 30 29 36
5 12 31 70 63 72 63
5 13 4 91 92 88 82
5 14 11 89 76 80 76
5 15 27 73 73 70 67
5 16 16 74 83 84 83
5 17 43 49 62 53 51
5 18 63 37 34 38 31
5 19 88 10 12 22 14
5 20 2 88 86 86 97
5 21 31 65 70 66 59
5 22 53 46 47 43 45
5 23 4 85 94 83 93
5 24 62 35 43 34 41
5 25 93 9 19 19 8
5 26 40 63 51 64 54
5 27 20 75 70 71 69
5 28 3 88 82 94 93
5 29 19 82 82 71 82
5 30 5 89 83 92 94
5 31 92 12 13 7 6
5 32 39 55 57 65 52
5 33 79 21 21 32 27
5 34 23 65 68 75 79
5 35 46 54 56 45 56
5 36 1 94 90 88 87
5 37 17 80 84 80 72
5 38 40 65 65 53 54
5 39 97 17 12 17 12
5 40 88 16 10 11 22
5 41 79 18 27 27 23
5 42 42 51 54 48 54
5 43 28 72 63 62 68
5 44 64 34 34 35 41
5 45 60 39 35 44 34
5 46 39 63 51 59 66
5 47 33 71 63 58 64
6 7 7 92 82 78 91
6 8 43 51 56 61 54
6 9 22 78 71 72 75
6 10 68 28 37 29 40
6 11 70 31 36 39 25
6 12 10 77 77 90 76
6 13 5 92 94 88 90
6 14 49 53 43 53 57
6 15 33 58 61 63 63
6 16 71 30 27 32 30
6 17 3 94 87 83 84
6 18 37 53 56 60 65
6 19 31 63 69 60 67
6 20 91 15 11 9 16
6 21 56 37 43 43 48
6 22 33 60 69 63 57
6 23 83 19 16 22 14
6 24 4 83 89 90 85
6 25 31 71 70 62 58
6 26 77 25 31 33 22
6 27 49 48 43 52 43
6 28 64 36 32 30 35
6 29 19 69 69 73 73
6 30 16 78 71 78 84
6 31 81 16 25 29 15
6 32 38 64 55 56 63
6 33 17 85 78 73 81
6 34 33 70 69 71 57
6 35 23 74 76 66 73
6 36 35 68 68 67 61
6 37 27 76 67 64 65
6 38 21 66 77 76 67
6 39 4 89 94 90 82
6 40 12 79 86 80 84
6 41 4 93 90 84 85
6 42 80 23 18 18 27
6 43 68 33 31 28 33
6 44 86 15 25 25 24
6 45 83 22 15 24 26
6 46 10 89 90 79 80
6 47 98 9 9 4 13
7 8 10 82 83 82 90
7 9 4 92 81 84 83
7 10 66 34 36 34 32
7 11 3 83 83 95 89
7 12 1 88 97 88 90
7 13 13 85 74 81 76
7 14 39 64 60 53 57
7 15 67 29 29 36 32
7 16 28 68 65 68 68
7 17 65 37 32 36 34
7 18 41 59 62 54 49
7 19 95 5 4 8 12
7 20 56 42 37 49 44
7 21 81 19 17 26 20
7 22 59 35 46 43 43
7 23 8 89 91 89 79
7 24 14 79 72 74 79
7 25 28 65 66 71 64
7 26 93 16 13 7 8
7 27 56 45 43 42 46
7 28 66 33 34 29 38
7 29 82 22 25 16 22
7 30 52 50 54 49 44
7 31 59 47 43 43 40
7 32 22 74 68 77 74
7 33 45 48 55 47 46
7 34 15 80 76 76 78
7 35 21 73 69 77 78
7 36 3 84 89 83 83
7 37 75 30 24 35 25
7 38 74 24 23 22 23
7 39 82 28 17 22 26
7 40 53 48 46 50 46
7 41 55 46 41 39 48
7 42 80 19 23 27 29
7 43 1 94 90 85 84
7 44 32 70 60 69 64
7 45 38 62 59 63 64
7 46 73 31 30 22 29
7 47 75 32 34 24 21
8 9 1 87 93 88 85
8 10 3 86 92 96 93
8 11 82 20 27 24 26
8 12 77 32 20 24 19
8 13 94 12 14 11 9
8 14 46 54 46 50 59
8 15 3 87 82 92 82
8 16 18 70 71 78 73
8 17 7 81 93 90 90
8 18 82 20 24 29 20
8 19 95 5 15 5 8
8 20 87 24 17 10 20
8 21 65 38 30 40 31
8 22 84 25 17 14 15
8 23 48 48 44 56 53
8 24 6 81 80 82 82
8 25 9 85 81 88 77
8 26 53 48 40 42 47
8 27 77 29 30 21 22
8 28 51 43 44 50 53
8 29 84 19 23 19 17
8 30 31 64 59 71 66
8 31 43 47 53 50 55
8 32 85 15 15 14 12
8 33 24 75 66 65 67
8 34 32 68 67 61 68
8 35 91 21 21 11 22
8 36 92 16 11 11 17
8 37 94 8 12 19 5
8 38 15 80 85 82 71
8 39 98 11 7 11 14
8 40 98 14 6 15 5
8 41 37 53 54 63 56
8 42 57 40 36 36 37
8 43 38 53 58 66 63
8 44 31 63 59 70 71
8 45 53 45 46 42 45
8 46 22 73 80 65 69
8 47 22 73 71 66 76
9 10 90 12 12 8 22
9 11 11 78 80 80 83
9 12 57 42 48 44 47
9 13 58 46 43 45 47
9 14 33 63 57 71 61
9 15 3 84 89 91 94
9 16 40 50 63 55 61
9 17 59 39 45 40 42
9 18 40 56 62 61 62
9 19 59 47 39 40 37
9 20 50 51 50 47 43
9 21 42 60 55 61 50
9 22 28 72 75 63 61
9 23 57 42 37 40 36
9 24 79 23 20 24 25
9 25 19 82 75 79 76
9 26 98 10 6 7 13
9 27 95 6 6 9 8
9 28 14 76 83 87 78
9 29 18 75 70 81 77
9 30 35 65 69 66 55
9 31 34 63 64 64 56
9 32 37 59 56 65 53
9 33 50 43 55 42 43
9 34 23 68 78 71 78
9 35 48 50 51 48 51
9 36 57 37 50 46 45
9 37 7 85 90 83 84
9 38 2 96 87 89 94
9 39 60 39 45 45 38
9 40 0 86 87 93 97
9 41 73 33 36 24 25
9 42 23 74 75 80 72
9 43 49 48 55 55 48
9 44 72 25 24 37 28
9 45 19 68 69 74 82
9 46 47 44 52 57 53
9 47 48 50 49 47 51
10 11 95 18 5 10 13
10 12 75 35 30 23 32
10 13 29 64 75 72 66
10 14 85 13 21 25 22
10 15 21 67 71 71 81
10 16 79 30 32 19 26
10 17 68 27 34 40 37
10 18 29 73 73 63 61
10 19 25 65 67 64 68
10 20 5 80 85 86 88
10 21 38 52 60 64 63
10 22 10 76 88 79 84
10 23 92 21 19 12 19
10 24 25 77 67 73 71
10 25 96 16 11 7 4
10 26 8 89 88 83 92
10 27 79 31 25 28 20
10 28 29 73 61 68 67
10 29 29 59 61 71 60
10 30 87 13 17 23 22
10 31 75 28 31 26 32
10 32 4 81 86 88 90
10 33 48 53 45 44 46
10 34 32 62 66 72 58
10 35 81 17 27 24 28
10 36 79 25 26 21 30
10 37 6 84 92 87 92
10 38 59 42 44 39 43
10 39 79 17 18 20 31
10 40 46 55 48 49 48
10 41 10 85 76 83 85
10 42 71 32 35 24 31
10 43 69 33 34 33 26
10 44 85 18 13 15 24
10 45 42 56 59 62 54
10 46 89 12 16 23 14
10 47 43 52 60 51 48
11 12 22 68 73 66 78
11 13 65 35 39 34 31
11 14 43 58 60 55 49
11 15 15 73 86 73 82
11 16 10 83 82 83 90
11 17 60 40 41 46 40
11 18 89 14 22 19 10
11 19 76 23 21 25 24
11 20 83 17 23 28 19
11 21 31 59 66 61 63
11 22 47 52 44 58 56
11 23 96 9 12 17 10
11 24 3 93 87 89 88
11 25 52 41 42 41 48
11 26 75 30 34 32 35
11 27 39 51 58 59 57
11 28 94 6 18 18 16
11 29 98 13 11 11 6
11 30 99 4 3 0 4
11 31 80 18 24 19 17
11 32 58 47 35 49 46
11 33 42 56 58 57 62
11 34 62 47 39 45 37
11 35 86 21 17 20 21
11 36 39 62 64 65 58
11 37 12 85 84 82 77
11 38 14 84 79 85 77
11 39 7 92 82 91 80
11 40 47 54 50 45 50
11 41 56 48 40 50 37
11 42 10 88 78 85 86
11 43 31 60 63 62 66
11 44 40 55 60 56 56
11 45 15 78 83 73 82
11 46 65 39 32 30 33
11 47 67 37 30 32 37
12 13 7 92 91 89 78
12 14 7 86 84 80 79
12 15 95 6 16 6 14
12 16 68 29 41 27 41
12 17 32 60 70 62 62
12 18 63 42 32 36 41
12 19 5 95 83 87 82
12 20 24 64 65 77 69
12 21 89 13 17 10 15
12 22 47 48 59 46 52
12 23 55 50 39 47 46
12 24 86 20 14 13 25
12 25 5 83 88 93 91
12 26 18 69 78 70 78
12 27 4 88 84 91 89
12 28 20 68 78 80 72
12 29 32 66 70 58 64
12 30 27 65 75 72 63
12 31 10 79 78 83 79
12 32 34 65 69 55 68
12 33 79 30 31 22 22
12 34 53 44 40 39 49
12 35 96 11 13 3 13
12 36 93 14 6 10 9
12 37 88 23 13 21 20
12 38 28 64 74 63 75
12 39 32 65 66 57 64
12 40 66 42 35 28 33
12 41 54 43 47 42 51
12 42 5 89 81 89 92
12 43 37 64 58 61 53
12 44 1 93 98 86 87
12 45 69 35 29 28 28
12 46 8 82 86 86 86
12 47 99 12 13 9 8
13 14 42 56 60 57 49
13 15 88 13 22 23 19
13 16 77 32 21 22 23
13 17 62 35 41 44 33
13 18 11 76 82 78 84
13 19 74 24 30 35 28
13 20 45 48 51 51 48
13 21 67 29 41 37 41
13 22 77 30 25 31 25
13 23 9 87 80 90 88
13 24 26 66 72 65 62
13 25 56 51 51 44 47
13 26 97 5 4 6 11
13 27 63 34 45 42 33
13 28 75 31 27 24 24
13 29 83 24 17 28 15
13 30 54 51 38 44 48
13 31 46 51 55 56 60
13 32 4 93 92 96 94
13 33 3 93 88 93 84
13 34 89 10 11 12 10
13 35 25 76 69 65 77
13 36 90 21 10 14 19
13 37 97 6 16 6 10
13 38 83 15 14 18 20
13 39 87 24 12 13 19
13 40 92 8 9 20 19
13 41 44 47 58 50 58
13 42 48 55 48 47 49
13 43 2 86 95 90 95
13 44 86 12 15 14 19
13 45 22 75 72 71 74
13 46 73 33 32 27 23
13 47 49 51 53 50 55
14 15 61 46 47 40 36
14 16 76 25 22 29 21
14 17 44 51 58 57 58
14 18 52 51 45 54 49
14 19 25 64 76 71 66
14 20 62 40 42 45 34
14 21 88 15 12 24 16
14 22 14 81 87 78 73
14 23 12 77 84 88 88
14 24 9 88 89 84 81
14 25 95 13 4 9 5
14 26 38 63 65 66 64
14 27 36 57 64 55 54
14 28 62 32 40 37 33
14 29 16 79 85 75 76
14 30 74 23 25 22 33
14 31 20 81 74 67 73
14 32 71 27 36 27 31
14 33 11 84 89 80 77
14 34 40 54 55 64 59
14 35 85 16 21 24 24
14 36 77 28 28 26 24
14 37 38 55 56 64 60
14 38 59 36 41 39 38
14 39 17 78 82 78 80
14 40 47 51 46 54 55
14 41 4 95 90 95 88
14 42 0 93 89 88 96
14 43 61 33 45 39 38
14 44 24 69 65 75 64
14 45 60 34 47 47 37
14 46 88 22 15 21 21
14 47 89 16 21 19 20
15 16 21 78 70 73 75
15 17 25 73 78 73 69
15 18 21 77 67 79 78
15 19 52 48 52 43 43
15 20 87 24 19 21 25
15 21 32 61 61 63 65
15 22 9 84 88 77 83
15 23 86 12 18 21 12
15 24 29 73 72 62 70
15 25 95 6 7 12 12
15 26 62 33 32 35 46
15 27 15 86 79 73 71
15 28 68 32 40 39 33
15 29 41 54 62 53 59
15 30 30 60 65 67 62
15 31 48 45 54 56 46
15 32 31 61 60 71 68
15 33 14 86 80 78 86
15 34 69 27 40 33 33
15 35 72 26 27 24 36
15 36 49 50 44 56 56
15 37 47 50 50 51 56
15 38 61 40 41 38 45
15 39 18 81 71 70 83
15 40 68 33 27 39 28
15 41 31 64 71 58 61
15 42 21 67 80 71 67
15 43 60 45 43 46 35
15 44 29 60 73 65 60
15 45 63 36 31 39 43
15 46 38 63 53 66 57
15 47 80 23 21 19 21
16 17 61 39 41 45 46
16 18 54 50 38 40 40
16 19 69 31 40 32 37
16 20 68 34 40 33 28
16 21 1 92 87 87 97
16 22 30 68 67 65 69
16 23 41 50 51 56 51
16 24 68 26 34 27 32
16 25 71 24 36 37 29
16 26 15 81 77 81 76
16 27 41 58 57 58 55
16 28 0 93 93 93 91
16 29 34 57 68 56 69
16 30 40 58 65 64 54
16 31 5 88 90 91 83
16 32 99 10 8 14 12
16 33 39 54 51 61 60
16 34 82 24 18 25 15
16 35 87 14 20 12 18
16 36 58 48 37 48 45
16 37 97 16 8 12 9
16 38 3 96 94 93 83
16 39 61 42 44 36 42
16 40 89 15 13 18 21
16 41 70 32 25 38 37
16 42 9 89 84 85 85
16 43 77 32 25 25 22
16 44 74 29 27 27 36
16 45 18 83 70 73 78
16 46 13 80 75 81 84
16 47 30 59 72 60 60
17 18 89 23 21 21 21
17 19 93 9 12 11 14
17 20 53 39 52 47 53
17 21 57 50 40 40 44
17 22 24 74 65 68 69
17 23 84 25 14 20 26
17 24 5 84 90 81 85
17 25 25 74 66 65 72
17 26 3 92 95 96 86
17 27 98 7 2 9 4
17 28 99 11 14 13 11
17 29 23 65 65 65 67
17 30 50 45 50 47 47
17 31 30 59 66 64 70
17 32 12 86 84 85 86
17 33 40 64 60 53 55
17 34 86 20 13 19 15
17 35 63 44 38 32 40
17 36 42 58 60 50 60
17 37 93 7 12 16 6
17 38 84 17 26 20 17
17 39 1 91 90 96 86
17 40 73 31 36 36 27
17 41 1 94 94 88 89
17 42 77 27 32 24 19
17 43 31 57 69 66 59
17 44 45 47 58 55 61
17 45 68 29 39 34 32
17 46 80 20 20 28 18
17 47 59 38 35 39 46
18 19 83 21 25 25 25
18 20 2 87 92 84 84
18 21 2 88 88 91 93
18 22 24 70 77 64 75
18 23 83 29 20 27 16
18 24 30 60 68 63 70
18 25 95 13 15 7 11
18 26 60 46 40 42 34
18 27 59 44 46 42 48
18 28 43 55 54 57 62
18 29 53 45 41 48 41
18 30 93 15 8 11 15
18 31 88 16 13 23 20
18 32 16 78 81 75 70
18 33 92 20 13 20 17
18 34 50 54 49 56 48
18 35 19 80 69 80 68
18 36 85 25 18 14 12
18 37 66 29 34 29 36
18 38 45 60 54 52 56
18 39 73 28 31 25 34
18 40 45 57 57 51 52
18 41 33 62 56 65 62
18 42 64 31 41 36 34
18 43 58 47 43 38 49
18 44 63 42 40 37 46
18 45 28 72 65 71 74
18 46 67 28 35 41 40
18 47 10 84 80 86 85
19 20 42 62 61 63 49
19 21 22 74 75 80 67
19 22 52 54 50 51 47
19 23 47 54 51 47 48
19 24 14 74 75 78 75
19 25 85 18 20 16 24
19 26 4 81 86 85 93
19 27 16 79 83 75 80
19 28 79 31 30 28 19
19 29 91 14 8 18 22
19 30 7 93 89 79 87
19 31 44 61 57 59 48
19 32 17 76 75 70 82
19 33 70 36 35 37 30
19 34 17 74 74 75 75
19 35 33 65 56 63 70
19 36 5 82 83 90 83
19 37 15 73 79 85 77
19 38 82 18 23 24 19
19 39 85 18 23 22 16
19 40 47 57 57 58 56
19 41 52 48 54 45 47
19 42 55 42 43 45 46
19 43 97 12 14 10 4
19 44 76 33 20 30 31
19 45 28 72 63 72 68
19 46 31 59 69 73 71
19 47 91 18 8 17 8
20 21 13 86 74 83 78
20 22 16 84 77 78 83
20 23 12 77 85 79 85
20 24 28 63 64 62 70
20 25 56 48 50 39 41
20 26 87 19 19 17 16
20 27 67 33 30 28 32
20 28 18 80 74 83 69
20 29 22 79 68 79 72
20 30 48 51 44 43 51
20 31 71 38 30 26 37
20 32 82 30 17 27 26
20 33 58 47 38 48 37
20 34 9 78 84 83 78
20 35 71 29 35 36 28
20 36 34 70 67 66 58
20 37 29 67 74 74 70
20 38 60 44 34 35 46
20 39 63 31 41 38 35
20 40 3 94 82 83 92
20 41 3 93 92 95 94
20 42 2 89 87 85 93
20 43 59 36 45 47 43
20 44 20 73 67 75 71
20 45 80 21 25 27 21
20 46 69 27 35 40 28
20 47 25 77 72 65 64
21 22 66 34 41 39 41
21 23 42 51 53 53 52
21 24 71 25 38 28 30
21 25 25 71 66 69 64
21 26 67 34 40 34 33
21 27 38 66 55 53 63
21 28 82 28 27 23 26
21 29 25 73 66 72 70
21 30 7 82 89 83 93
21 31 98 1 7 10 1
21 32 15 74 83 72 77
21 33 48 52 43 52 44
21 34 50 47 43 51 53
21 35 67 29 30 32 30
21 36 98 11 14 12 10
21 37 86 22 19 25 18
21 38 34 64 59 68 60
21 39 71 26 28 26 37
21 40 88 15 15 22 23
21 41 96 12 10 8 4
21 42 93 19 10 12 19
21 43 98 4 10 15 8
21 44 68 27 41 27 38
21 45 5 84 88 93 91
21 46 7 86 82 90 90
21 47 57 50 37 47 49
22 23 13 75 82 79 73
22 24 39 55 64 66 57
22 25 39 56 51 51 57
22 26 87 21 20 21 23
22 27 37 55 64 66 67
22 28 57 39 50 44 49
22 29 42 59 61 49 50
22 30 40 52 60 53 62
22 31 91 15 14 18 12
22 32 35 64 64 58 68
22 33 3 91 88 85 92
22 34 44 54 49 54 51
22 35 57 45 41 42 46
22 36 20 74 74 73 68
22 37 33 71 70 58 68
22 38 23 71 76 79 76
22 39 98 9 3 11 6
22 40 5 89 85 81 84
22 41 66 38 36 39 41
22 42 54 44 40 47 42
22 43 36 59 63 67 64
22 44 47 48 47 53 54
22 45 44 53 60 51 57
22 46 3 92 93 84 83
22 47 88 10 21 10 12
23 24 16 82 78 82 82
23 25 27 73 64 76 68
23 26 48 49 56 52 56
23 27 22 74 72 70 79
23 28 13 81 83 79 78
23 29 80 26 27 24 30
23 30 26 76 67 69 76
23 31 80 19 28 18 23
23 32 31 64 62 58 70
23 33 12 78 86 75 76
23 34 74 21 31 30 28
23 35 87 21 18 18 21
23 36 14 84 74 78 76
23 37 69 33 35 36 33
23 38 82 22 21 19 16
23 39 29 64 65 65 63
23 40 16 79 84 83 78
23 41 24 72 75 69 74
23 42 7 88 85 87 90
23 43 10 79 82 90 79
23 44 65 43 31 42 35
23 45 8 80 87 78 88
23 46 25 71 67 67 68
23 47 10 83 78 79 84
24 25 15 79 81 86 84
24 26 31 59 71 58 70
24 27 97 3 7 11 13
24 28 70 38 27 25 28
24 29 15 80 77 74 84
24 30 75 31 22 26 22
24 31 99 12 0 4 2
24 32 53 50 52 48 42
24 33 99 4 14 8 0
24 34 60 48 45 33 40
24 35 2 83 83 91 93
24 36 55 38 45 41 45
24 37 78 23 29 20 28
24 38 94 10 18 12 7
24 39 62 43 38 46 44
24 40 2 94 85 87 96
24 41 19 71 75 82 76
24 42 60 45 47 34 43
24 43 53 51 52 52 46
24 44 14 83 83 84 84
24 45 84 16 23 17 16
24 46 68 30 33 38 26
24 47 4 94 91 92 91
25 26 91 16 10 15 12
25 27 87 10 23 25 21
25 28 14 86 76 73 82
25 29 73 26 35 31 35
25 30 12 83 82 78 81
25 31 87 24 23 15 22
25 32 27 68 72 68 75
25 33 27 68 63 71 65
25 34 66 37 39 39 40
25 35 68 37 37 36 28
25 36 30 65 69 65 71
25 37 43 61 52 54 48
25 38 87 24 15 25 21
25 39 17 80 75 84 83
25 40 74 30 35 29 31
25 41 49 46 55 48 53
25 42 19 82 72 75 74
25 43 56 48 51 49 50
25 44 59 37 35 38 42
25 45 47 50 47 58 58
25 46 73 30 36 32 29
25 47 15 82 83 82 83
26 27 80 28 21 25 18
26 28 73 30 24 25 28
26 29 85 15 19 17 26
26 30 99 10 6 6 3
26 31 26 75 70 69 65
26 32 33 64 62 64 63
26 33 41 49 60 62 61
26 34 94 16 9 9 19
26 35 2 94 95 85 89
26 36 70 31 38 27 32
26 37 10 84 78 85 80
26 38 16 84 74 84 85
26 39 69 31 36 40 32
26 40 57 42 43 49 39
26 41 83 16 21 20 26
26 42 35 67 67 65 68
26 43 92 20 6 11 19
26 44 8 89 84 82 82
26 45 55 49 52 51 46
26 46 25 66 75 78 64
26 47 82 26 22 21 15
27 28 53 50 51 50 39
27 29 6 88 79 93 82
27 30 95 9 5 8 12
27 31 25 64 71 65 67
27 32 72 29 26 37 24
27 33 87 23 11 23 20
27 34 99 2 10 7 4
27 35 95 15 10 15 5
27 36 50 44 53 49 46
27 37 63 37 32 32 43
27 38 15 81 80 78 74
27 39 30 69 70 60 71
27 40 28 63 72 74 66
27 41 5 90 84 81 84
27 42 53 53 51 42 51
27 43 62 35 34 46 45
27 44 42 53 57 56 57
27 45 39 57 61 64 59
27 46 72 36 35 36 36
27 47 8 83 87 82 81
28 29 98 5 12 6 4
28 30 83 22 15 26 14
28 31 83 28 28 15 19
28 32 8 88 86 78 78
28 33 18 75 73 83 76
28 34 17 76 84 76 70
28 35 2 84 93 95 89
28 36 5 84 88 86 90
28 37 38 66 60 55 66
28 38 49 53 52 49 51
28 39 9 82 81 79 87
28 40 61 42 45 46 37
28 41 84 16 18 19 21
28 42 94 18 19 9 16
28 43 64 43 35 40 37
28 44 64 39 38 41 40
28 45 33 64 64 67 69
28 46 56 50 42 37 37
28 47 15 81 76 83 85
29 30 61 33 40 47 33
29 31 79 24 20 27 17
29 32 97 11 15 7 11
29 33 0 88 92 97 89
29 34 61 33 47 44 44
29 35 18 74 70 78 71
29 36 5 91 94 82 85
29 37 87 15 20 17 16
29 38 8 80 81 92 83
29 39 77 19 20 19 33
29 40 6 81 82 82 91
29 41 5 90 94 87 88
29 42 55 50 42 39 43
29 43 65 34 31 39 32
29 44 74 27 34 35 29
29 45 45 48 48 55 50
29 46 68 33 27 33 37
29 47 15 76 83 72 84
30 31 5 93 86 82 83
30 32 87 25 22 14 16
30 33 11 78 89 89 76
30 34 96 15 15 14 14
30 35 29 65 64 73 73
30 36 4 92 87 93 89
30 37 96 4 6 7 17
30 38 74 24 21 25 25
30 39 62 38 34 32 41
30 40 17 85 74 76 79
30 41 45 50 51 53 52
30 42 19 68 70 70 77
30 43 88 17 15 16 18
30 44 76 29 28 24 28
30 45 53 41 53 42 44
30 46 16 74 79 81 71
30 47 7 89 87 83 88
31 32 25 77 71 68 68
31 33 6 81 83 86 88
31 34 67 31 38 42 35
31 35 13 79 83 79 74
31 36 77 31 27 33 23
31 37 91 11 12 11 11
31 38 32 65 72 69 62
31 39 44 54 50 54 53
31 40 2 85 93 90 95
31 41 90 12 17 13 13
31 42 34 58 58 58 57
31 43 76 30 27 23 28
31 44 88 20 21 24 13
31 45 22 73 70 74 80
31 46 42 49 52 60 55
31 47 21 68 80 68 67
32 33 6 92 91 82 85
32 34 90 18 11 9 20
32 35 83 22 24 25 22
32 36 86 23 14 16 15
32 37 7 81 90 81 87
32 38 77 26 25 31 20
32 39 90 19 19 11 20
32 40 53 52 51 51 45
32 41 28 72 65 63 66
32 42 91 16 11 12 17
32 43 30 62 71 71 72
32 44 20 79 78 74 71
32 45 5 89 92 91 87
32 46 41 53 50 53 55
32 47 58 48 37 49 46
33 34 4 92 89 83 81
33 35 41 55 59 57 61
33 36 60 38 39 37 45
33 37 55 50 49 41 39
33 38 88 15 17 24 20
33 39 64 42 39 42 35
33 40 43 49 55 51 50
33 41 26 74 74 72 72
33 42 43 48 48 52 50
33 43 61 44 38 46 41
33 44 7 83 78 88 81
33 45 68 41 27 40 35
33 46 35 64 67 66 60
33 47 75 25 33 30 27
34 35 23 71 76 79 69
34 36 13 81 86 86 80
34 37 78 20 27 29 33
34 38 55 48 49 39 39
34 39 42 54 59 49 52
34 40 26 72 71 69 76
34 41 40 58 56 64 51
34 42 99 5 9 8 7
34 43 78 19 23 30 29
34 44 39 52 59 55 65
34 45 80 18 22 22 29
34 46 80 18 17 29 24
34 47 2 85 91 93 93
35 36 92 7 8 10 15
35 37 0 94 89 95 92
35 38 21 75 74 81 67
35 39 28 71 75 64 68
35 40 62 42 37 40 35
35 41 37 66 56 56 66
35 42 43 52 55 48 58
35 43 25 70 77 76 73
35 44 87 16 15 19 18
35 45 99 14 2 5 12
35 46 81 25 21 25 27
35 47 48 53 53 50 47
36 37 62 41 32 35 41
36 38 9 88 78 84 91
36 39 61 36 34 36 41
36 40 70 38 29 36 28
36 41 22 74 68 73 73
36 42 65 35 44 37 38
36 43 95 4 9 3 18
36 44 63 38 41 40 36
36 45 52 42 52 42 54
36 46 9 83 82 82 77
36 47 77 23 26 32 26
37 38 40 50 50 55 63
37 39 29 74 64 64 71
37 40 98 2 13 11 6
37 41 93 9 17 19 20
37 42 91 18 20 10 15
37 43 87 23 14 20 19
37 44 69 38 37 37 35
37 45 46 56 50 59 59
37 46 69 33 29 37 26
37 47 24 70 65 71 69
38 39 79 18 18 30 29
38 40 70 36 39 28 36
38 41 7 83 81 85 89
38 42 96 7 17 8 16
38 43 49 49 47 45 52
38 44 71 31 27 36 32
38 45 15 80 73 78 81
38 46 93 15 18 6 15
38 47 22 76 72 78 78
39 40 12 83 80 85 87
39 41 88 24 11 21 24
39 42 60 47 36 38 45
39 43 33 65 71 62 62
39 44 24 73 67 65 65
39 45 5 91 80 94 91
39 46 30 61 61 66 69
39 47 13 75 81 85 74
40 41 65 41 36 29 43
40 42 86 11 16 18 25
40 43 55 48 42 40 41
40 44 94 16 13 16 8
40 45 53 43 51 43 53
40 46 72 38 27 32 35
40 47 53 44 46 50 53
41 42 95 7 4 11 6
41 43 50 52 53 47 42
41 44 46 50 46 50 49
41 45 17 80 75 74 73
41 46 62 39 41 44 43
41 47 5 93 85 89 89
42 43 69 33 26 29 27
42 44 23 67 73 79 78
42 45 83 18 21 22 26
42 46 33 56 70 68 59
42 47 4 92 94 92 88
43 44 97 6 12 10 12
43 45 37 62 62 67 57
43 46 55 41 42 50 52
43 47 57 39 38 36 39
44 45 32 62 72 65 69
44 46 57 41 40 39 50
44 47 62 38 34 38 44
45 46 28 69 73 66 62
45 47 51 54 41 46 56
46 47 92 17 15 14 16
