20 5
0.2 0 0 0 0.8
0 1 35 54 40 57 52
0 2 25 58 37 72 42
0 3 45 48 65 65 55
0 4 45 58 66 60 31
0 5 85 15 8 26 7
0 6 52 60 53 60 43
0 7 25 52 46 77 57
0 8 78 58 33 43 22
0 9 27 39 38 78 41
0 10 41 66 78 54 62
0 11 63 49 61 61 27
0 12 31 78 82 41 58
0 13 30 66 52 74 36
0 14 28 53 75 39 84
0 15 35 64 69 38 35
0 16 88 30 22 25 35
0 17 19 68 56 75 81
0 18 61 42 39 66 26
0 19 81 35 15 52 23
1 2 62 65 41 67 37
1 3 0 69 68 56 80
1 4 98 15 13 44 26
1 5 84 14 20 35 14
1 6 3 48 79 60 94
1 7 58 29 61 51 25
1 8 49 25 74 43 41
1 9 90 12 38 45 24
1 10 24 59 43 81 74
1 11 5 52 64 93 49
1 12 68 43 40 22 61
1 13 69 28 26 41 29
1 14 84 34 21 35 27
1 15 2 74 93 72 68
1 16 49 71 43 30 31
1 17 47 41 53 26 46
1 18 85 20 20 34 42
1 19 26 68 85 53 66
2 3 50 58 35 65 67
2 4 39 53 62 52 54
2 5 70 28 57 29 61
2 6 28 57 35 40 41
2 7 42 47 60 48 54
2 8 73 47 54 32 52
2 9 15 85 79 71 73
2 10 39 66 59 44 39
2 11 15 79 62 52 69
2 12 42 76 44 71 67
2 13 94 16 3 12 36
2 14 97 10 8 28 18
2 15 51 56 71 36 70
2 16 57 39 32 60 26
2 17 76 13 44 55 31
2 18 83 35 45 22 20
2 19 93 18 33 29 42
3 4 88 38 14 45 54
3 5 5 50 63 81 81
3 6 97 14 46 3 19
3 7 90 43 15 48 27
3 8 41 33 32 60 37
3 9 11 66 81 92 47
3 10 2 85 54 95 92
3 11 29 85 71 55 43
3 12 50 70 44 56 28
3 13 29 40 76 75 49
3 14 79 53 32 48 30
3 15 35 56 53 79 49
3 16 20 64 86 43 71
3 17 51 44 38 66 47
3 18 43 66 75 69 61
3 19 78 52 60 38 38
4 5 73 35 47 43 33
4 6 19 70 76 85 80
4 7 0 62 88 49 81
4 8 23 56 51 51 75
4 9 25 83 84 46 70
4 10 36 46 81 45 74
4 11 73 47 52 31 23
4 12 39 53 70 73 70
4 13 61 63 41 34 26
4 14 55 47 41 31 69
4 15 73 18 60 28 57
4 16 14 89 63 81 50
4 17 28 42 61 59 72
4 18 37 38 73 55 54
4 19 19 43 51 85 51
5 6 42 70 50 32 48
5 7 10 82 83 62 65
5 8 49 46 48 38 47
5 9 87 41 38 28 41
5 10 27 46 69 61 68
5 11 49 53 32 70 51
5 12 37 54 39 33 51
5 13 18 50 53 70 70
5 14 95 23 39 37 30
5 15 37 45 64 44 34
5 16 39 79 77 59 37
5 17 3 90 89 82 77
5 18 75 45 54 30 52
5 19 50 39 74 40 24
6 7 56 34 26 70 67
6 8 66 22 45 36 23
6 9 47 30 71 63 41
6 10 60 68 41 47 31
6 11 28 74 59 38 57
6 12 93 24 13 40 21
6 13 90 41 10 35 34
6 14 95 42 8 28 26
6 15 99 1 42 32 9
6 16 74 45 57 50 44
6 17 56 62 40 55 24
6 18 31 40 78 66 53
6 19 31 74 82 52 51
7 8 73 29 38 22 15
7 9 73 21 48 48 33
7 10 94 29 36 48 32
7 11 33 55 64 33 73
7 12 64 34 27 48 64
7 13 65 27 56 65 18
7 14 19 71 41 52 64
7 15 6 78 75 71 90
7 16 46 76 66 74 47
7 17 55 23 62 28 59
7 18 51 48 36 28 67
7 19 98 37 8 6 24
8 9 36 44 44 44 44
8 10 5 60 66 58 61
8 11 13 84 83 76 81
8 12 75 23 48 29 60
8 13 19 88 50 68 42
8 14 7 54 91 67 94
8 15 1 67 93 75 53
8 16 52 69 47 38 26
8 17 5 71 96 55 60
8 18 94 23 10 24 50
8 19 48 62 30 54 59
9 10 49 52 32 60 26
9 11 9 59 76 88 51
9 12 87 7 13 25 32
9 13 54 55 30 48 31
9 14 1 82 89 63 96
9 15 51 48 29 55 24
9 16 48 51 59 30 73
9 17 73 62 31 20 39
9 18 33 52 62 51 80
9 19 51 60 53 62 63
10 11 73 58 43 23 30
10 12 5 58 88 62 81
10 13 50 70 33 71 66
10 14 12 77 79 56 70
10 15 54 31 30 57 31
10 16 58 32 62 64 37
10 17 24 50 60 55 47
10 18 10 54 90 90 46
10 19 78 54 18 12 20
11 12 58 28 29 35 64
11 13 55 61 24 28 29
11 14 1 64 91 91 78
11 15 62 63 59 66 24
11 16 57 37 57 23 44
11 17 75 34 46 58 54
11 18 33 78 74 51 68
11 19 44 29 43 66 60
12 13 70 62 30 62 23
12 14 91 4 54 19 46
12 15 20 78 70 50 82
12 16 41 43 72 69 64
12 17 88 25 23 17 9
12 18 54 56 35 67 39
12 19 14 87 70 75 54
13 14 34 57 65 81 41
13 15 82 20 57 34 25
13 16 14 79 69 74 61
13 17 8 69 55 55 91
13 18 99 42 22 19 0
13 19 6 74 47 93 75
14 15 1 76 94 66 98
14 16 80 27 35 42 52
14 17 33 45 34 47 50
14 18 50 68 55 68 56
14 19 9 53 54 78 88
15 16 94 38 49 23 34
15 17 49 34 52 63 53
15 18 98 41 10 49 24
15 19 65 35 19 62 26
16 17 11 88 75 67 81
16 18 93 34 14 45 19
16 19 11 44 79 80 46
17 18 21 51 46 48 77
17 19 0 88 72 93 58
18 19 47 39 74 30 65
