27 5
0.4 0 0 0 0.6
0 1 88 14 23 12 16
0 2 2 89 89 94 92
0 3 50 44 51 56 49
0 4 5 85 92 87 83
0 5 25 72 74 67 68
0 6 53 47 44 51 50
0 7 8 87 84 88 88
0 8 30 64 65 65 64
0 9 42 52 59 50 51
0 10 2 97 97 84 89
0 11 61 33 34 42 46
0 12 9 82 82 78 90
0 13 19 75 82 69 69
0 14 81 16 28 28 30
0 15 40 53 60 54 65
0 16 83 21 17 17 16
0 17 41 58 56 57 56
0 18 27 75 67 61 66
0 19 58 36 49 47 49
0 20 49 52 52 53 56
0 21 78 33 19 20 32
0 22 75 26 23 34 28
0 23 8 88 83 83 81
0 24 94 12 18 6 9
0 25 43 52 54 51 55
0 26 73 32 29 29 28
1 2 34 68 61 69 67
1 3 47 50 53 49 46
1 4 74 22 24 29 36
1 5 1 97 84 91 88
1 6 86 16 20 13 16
1 7 28 63 68 75 71
1 8 74 35 35 33 27
1 9 81 22 23 26 29
1 10 61 47 36 36 38
1 11 24 73 70 75 65
1 12 75 27 30 27 31
1 13 78 25 21 21 31
1 14 83 23 23 23 14
1 15 27 64 68 67 65
1 16 62 46 32 39 34
1 17 31 66 64 62 68
1 18 9 86 89 79 89
1 19 86 25 25 16 12
1 20 35 58 64 62 56
1 21 23 65 66 73 72
1 22 74 21 26 31 21
1 23 24 78 68 76 71
1 24 24 74 66 78 71
1 25 23 79 74 71 68
1 26 32 67 62 65 70
2 3 84 18 21 22 23
2 4 43 61 53 57 51
2 5 57 45 43 47 47
2 6 99 14 9 8 14
2 7 80 23 17 24 26
2 8 33 57 65 63 58
2 9 30 58 73 70 71
2 10 32 71 60 63 64
2 11 28 71 66 65 67
2 12 4 92 84 94 91
2 13 11 84 81 87 77
2 14 78 20 18 23 18
2 15 22 72 72 79 67
2 16 32 65 60 71 66
2 17 96 5 15 7 8
2 18 0 98 92 99 85
2 19 24 67 67 70 75
2 20 19 69 74 76 72
2 21 43 62 53 59 61
2 22 28 69 71 63 67
2 23 66 33 42 35 41
2 24 87 13 24 15 16
2 25 12 79 79 83 89
2 26 60 38 35 34 48
3 4 49 48 57 44 46
3 5 68 33 28 32 30
3 6 79 18 27 22 30
3 7 34 58 59 59 68
3 8 23 65 74 78 70
3 9 89 23 17 17 18
3 10 13 78 77 84 74
3 11 29 71 63 74 69
3 12 57 46 36 50 49
3 13 70 37 37 30 31
3 14 54 53 44 39 40
3 15 92 14 6 17 15
3 16 12 86 79 85 87
3 17 23 71 71 69 76
3 18 65 43 34 31 36
3 19 86 12 18 23 24
3 20 70 31 27 36 26
3 21 81 22 24 21 17
3 22 37 61 59 58 61
3 23 69 33 28 28 34
3 24 32 66 61 66 70
3 25 77 29 28 20 31
3 26 87 24 23 19 20
4 5 62 41 37 46 40
4 6 62 46 37 34 38
4 7 32 71 68 57 60
4 8 66 30 37 37 29
4 9 11 82 87 80 89
4 10 15 84 79 81 84
4 11 17 79 82 73 79
4 12 9 85 84 77 90
4 13 49 57 44 50 44
4 14 35 68 57 59 66
4 15 32 66 72 70 66
4 16 5 83 85 81 87
4 17 53 45 46 48 44
4 18 99 14 1 13 3
4 19 92 10 15 19 10
4 20 3 88 94 92 96
4 21 19 76 68 72 71
4 22 0 84 90 91 88
4 23 34 58 64 63 61
4 24 91 15 7 21 15
4 25 53 52 39 39 48
4 26 11 86 89 81 76
5 6 75 29 34 29 22
5 7 31 68 66 67 67
5 8 15 73 77 72 81
5 9 67 36 39 29 28
5 10 61 44 39 46 41
5 11 14 78 86 81 85
5 12 44 52 48 61 60
5 13 98 11 13 5 9
5 14 40 52 59 63 60
5 15 14 76 80 79 76
5 16 25 63 76 68 77
5 17 47 52 54 55 53
5 18 83 27 15 17 25
5 19 31 67 59 72 71
5 20 95 14 17 17 16
5 21 83 25 16 15 21
5 22 20 70 80 68 74
5 23 87 25 21 25 25
5 24 22 75 78 69 67
5 25 62 35 32 40 34
5 26 40 58 56 61 51
6 7 71 31 38 31 36
6 8 22 77 66 69 80
6 9 44 51 52 53 54
6 10 64 43 30 33 41
6 11 46 56 59 57 48
6 12 71 29 24 30 29
6 13 89 22 11 10 22
6 14 33 60 65 60 70
6 15 16 83 73 77 78
6 16 13 87 78 82 76
6 17 23 67 74 76 68
6 18 65 29 30 38 33
6 19 48 45 44 48 47
6 20 30 72 71 62 74
6 21 97 10 8 13 4
6 22 29 69 70 63 60
6 23 65 38 32 30 34
6 24 51 49 48 53 43
6 25 51 50 51 45 53
6 26 47 56 50 57 48
7 8 24 71 77 76 70
7 9 24 66 68 71 73
7 10 23 70 76 69 73
7 11 25 66 64 64 74
7 12 89 10 18 11 14
7 13 44 48 51 47 56
7 14 76 29 34 31 23
7 15 24 78 75 76 69
7 16 40 60 53 61 57
7 17 32 67 71 72 71
7 18 72 26 28 29 34
7 19 19 82 77 82 72
7 20 46 48 48 59 50
7 21 77 27 19 24 30
7 22 28 62 63 63 74
7 23 67 30 31 41 39
7 24 50 56 45 50 48
7 25 26 66 64 74 74
7 26 19 70 69 71 77
8 9 58 41 39 41 46
8 10 27 74 73 63 74
8 11 68 32 36 41 32
8 12 68 32 37 41 38
8 13 91 8 14 13 20
8 14 18 78 69 78 81
8 15 60 47 48 40 39
8 16 22 80 68 77 67
8 17 67 33 32 29 31
8 18 98 13 8 5 14
8 19 19 79 77 73 82
8 20 99 1 6 0 5
8 21 44 59 52 50 53
8 22 38 59 55 55 57
8 23 73 32 31 33 23
8 24 41 61 60 59 57
8 25 40 64 59 62 62
8 26 68 37 29 35 40
9 10 95 4 3 13 9
9 11 9 87 81 91 87
9 12 9 79 82 85 84
9 13 91 16 11 19 9
9 14 47 54 46 51 57
9 15 19 81 68 77 80
9 16 69 40 39 26 39
9 17 64 36 42 42 33
9 18 98 6 13 5 1
9 19 77 31 26 25 27
9 20 55 50 48 42 40
9 21 16 78 76 71 71
9 22 3 90 91 85 86
9 23 4 87 91 82 87
9 24 79 31 27 21 28
9 25 85 23 12 13 17
9 26 28 75 73 61 69
10 11 79 31 28 17 22
10 12 19 72 77 77 74
10 13 30 65 67 70 63
10 14 29 66 62 69 65
10 15 38 60 65 58 65
10 16 38 53 58 64 60
10 17 38 67 55 66 62
10 18 64 37 42 36 41
10 19 65 36 36 39 43
10 20 20 79 79 73 71
10 21 0 95 98 88 96
10 22 8 84 81 89 79
10 23 41 55 61 57 59
10 24 96 6 9 3 15
10 25 77 29 33 29 32
10 26 7 91 89 86 80
11 12 66 39 42 32 30
11 13 22 72 74 71 80
11 14 52 44 41 48 49
11 15 15 78 82 76 72
11 16 99 9 15 13 12
11 17 80 31 19 26 28
11 18 98 10 7 6 12
11 19 25 76 67 73 66
11 20 89 19 12 20 17
11 21 22 65 78 74 73
11 22 18 69 73 80 71
11 23 0 87 98 85 92
11 24 33 67 56 67 57
11 25 34 68 64 60 65
11 26 66 42 33 28 31
12 13 42 63 55 62 50
12 14 6 82 88 81 81
12 15 63 42 34 32 37
12 16 65 43 34 38 41
12 17 92 15 8 13 15
12 18 66 42 36 42 38
12 19 69 32 29 27 30
12 20 46 55 45 55 47
12 21 34 59 66 60 70
12 22 12 74 84 76 79
12 23 83 23 18 25 23
12 24 51 54 46 53 41
12 25 57 39 45 47 39
12 26 33 68 62 57 57
13 14 13 78 76 80 84
13 15 61 41 41 39 44
13 16 33 67 68 61 63
13 17 92 18 15 15 17
13 18 43 58 53 56 55
13 19 47 58 54 48 49
13 20 35 57 58 61 69
13 21 89 12 22 21 12
13 22 54 43 48 48 50
13 23 29 72 70 70 72
13 24 7 92 92 81 86
13 25 82 28 24 27 29
13 26 1 93 95 89 86
14 15 37 58 56 55 68
14 16 0 91 92 98 91
14 17 50 55 47 43 54
14 18 2 83 93 97 91
14 19 15 72 80 80 81
14 20 92 19 18 20 12
14 21 95 11 17 15 14
14 22 3 83 93 89 89
14 23 21 76 79 76 74
14 24 23 71 68 75 67
14 25 50 49 44 43 41
14 26 62 43 38 46 37
15 16 34 55 62 59 69
15 17 24 78 67 63 73
15 18 43 54 61 54 54
15 19 57 49 37 49 37
15 20 15 81 85 79 85
15 21 63 35 37 38 35
15 22 3 96 87 96 87
15 23 60 38 34 46 47
15 24 7 81 80 89 82
15 25 1 90 86 94 90
15 26 85 19 22 16 13
16 17 55 51 41 45 40
16 18 36 63 54 54 64
16 19 70 30 37 26 35
16 20 74 29 35 32 29
16 21 41 53 51 55 54
16 22 0 97 93 87 90
16 23 60 33 37 41 40
16 24 50 46 49 49 46
16 25 44 61 56 58 50
16 26 10 80 77 81 78
17 18 60 47 38 39 44
17 19 93 16 15 15 20
17 20 69 37 27 38 39
17 21 95 16 10 14 17
17 22 86 24 12 13 18
17 23 42 54 54 56 51
17 24 0 97 93 96 90
17 25 11 90 84 89 76
17 26 47 52 56 47 58
18 19 49 47 49 56 43
18 20 4 82 84 87 91
18 21 16 72 85 79 73
18 22 77 31 22 26 20
18 23 77 32 22 30 20
18 24 55 41 47 50 38
18 25 68 36 32 26 26
18 26 72 35 35 33 24
19 20 65 32 39 38 29
19 21 14 81 84 76 85
19 22 81 19 28 26 22
19 23 62 43 37 40 34
19 24 83 14 21 21 24
19 25 62 36 41 46 32
19 26 42 56 57 57 62
20 21 40 62 54 65 54
20 22 68 39 34 31 38
20 23 55 50 39 48 42
20 24 97 9 16 7 7
20 25 72 25 26 37 30
20 26 8 88 88 87 89
21 22 57 36 42 43 42
21 23 75 29 35 23 31
21 24 74 21 27 31 32
21 25 4 90 83 92 94
21 26 86 14 22 17 12
22 23 15 80 72 75 77
22 24 50 51 49 49 50
22 25 56 50 44 37 44
22 26 78 21 29 20 19
23 24 84 16 19 23 15
23 25 70 36 38 37 28
23 26 17 72 83 84 82
24 25 67 30 29 34 31
24 26 80 28 23 31 20
25 26 57 46 48 50 35
