35 5
0.4 0 0 0 0.6
0 1 33 57 64 59 68
0 2 55 48 49 51 46
0 3 98 12 2 5 3
0 4 7 89 80 80 81
0 5 28 75 71 71 63
0 6 33 59 58 57 65
0 7 13 73 86 78 88
0 8 87 19 15 20 21
0 9 49 52 56 44 43
0 10 0 85 95 91 91
0 11 46 56 49 48 46
0 12 75 27 21 23 23
0 13 68 27 40 31 30
0 14 93 19 17 16 13
0 15 4 89 85 88 91
0 16 70 35 25 34 25
0 17 40 64 51 63 53
0 18 24 75 68 68 66
0 19 81 25 23 18 20
0 20 80 30 31 19 28
0 21 68 36 41 39 33
0 22 86 22 16 24 24
0 23 19 77 68 73 81
0 24 2 86 91 97 88
0 25 58 39 49 43 39
0 26 85 27 17 13 18
0 27 47 45 54 46 56
0 28 9 91 83 90 77
0 29 81 25 29 24 28
0 30 37 56 55 64 61
0 31 90 9 9 18 20
0 32 45 49 59 48 49
0 33 14 80 76 83 80
0 34 34 70 59 61 59
1 2 64 42 43 30 39
1 3 48 52 51 43 44
1 4 27 62 63 71 62
1 5 99 15 8 8 7
1 6 63 35 44 39 42
1 7 53 44 47 44 41
1 8 94 12 16 18 7
1 9 13 73 75 76 82
1 10 3 96 92 96 94
1 11 82 15 20 17 23
1 12 12 83 82 76 83
1 13 1 91 90 84 94
1 14 51 50 50 48 43
1 15 56 50 39 44 37
1 16 50 51 50 43 46
1 17 77 25 31 23 20
1 18 78 31 23 23 32
1 19 13 83 76 83 84
1 20 67 30 35 36 38
1 21 66 34 33 36 33
1 22 31 67 67 62 65
1 23 73 26 31 35 24
1 24 53 40 45 45 51
1 25 0 94 91 96 96
1 26 95 5 14 13 15
1 27 4 95 95 93 84
1 28 99 6 15 1 7
1 29 28 70 73 63 65
1 30 93 19 12 15 12
1 31 72 37 34 26 25
1 32 48 44 49 45 48
1 33 71 38 26 38 31
1 34 11 88 83 81 88
2 3 96 4 6 14 2
2 4 29 68 71 71 70
2 5 51 52 52 51 49
2 6 63 34 32 37 39
2 7 89 16 12 23 19
2 8 65 43 35 40 30
2 9 47 47 57 53 55
2 10 68 41 34 39 39
2 11 60 47 44 46 46
2 12 14 76 84 85 77
2 13 17 74 77 73 84
2 14 79 31 24 21 22
2 15 8 91 84 88 80
2 16 11 88 88 75 81
2 17 60 34 35 39 45
2 18 97 13 2 10 13
2 19 18 81 80 81 75
2 20 82 27 25 29 25
2 21 27 74 68 66 72
2 22 88 15 22 17 17
2 23 31 73 58 66 64
2 24 67 35 34 29 33
2 25 35 58 64 63 67
2 26 75 29 34 33 30
2 27 54 49 47 52 48
2 28 90 13 18 10 10
2 29 68 36 33 38 27
2 30 98 6 10 3 1
2 31 91 13 19 10 18
2 32 97 4 8 16 8
2 33 91 22 14 14 8
2 34 82 16 22 29 21
3 4 5 81 82 89 85
3 5 28 74 66 65 75
3 6 4 91 95 82 92
3 7 26 77 75 68 73
3 8 55 51 50 50 41
3 9 61 44 45 47 35
3 10 47 55 48 59 57
3 11 62 32 45 33 37
3 12 99 10 7 8 11
3 13 81 22 30 30 29
3 14 98 3 4 4 14
3 15 9 87 81 79 78
3 16 62 41 32 40 44
3 17 47 58 54 44 48
3 18 91 16 20 22 14
3 19 70 32 29 38 25
3 20 57 41 42 45 37
3 21 6 93 84 92 85
3 22 34 61 67 59 60
3 23 50 56 52 44 55
3 24 25 69 71 78 70
3 25 45 54 59 61 58
3 26 92 8 14 15 6
3 27 83 16 24 14 26
3 28 65 39 43 43 34
3 29 77 23 23 26 26
3 30 54 42 51 46 38
3 31 77 30 33 32 20
3 32 40 54 55 59 55
3 33 12 81 80 86 76
3 34 22 71 68 78 69
4 5 62 36 36 45 40
4 6 84 27 22 18 13
4 7 34 68 65 66 61
4 8 98 6 3 15 4
4 9 75 23 28 21 28
4 10 51 45 42 50 43
4 11 74 31 26 26 27
4 12 59 37 46 47 36
4 13 49 50 43 50 47
4 14 57 39 45 48 41
4 15 15 81 77 86 73
4 16 68 37 29 37 28
4 17 0 93 98 99 92
4 18 80 21 24 27 22
4 19 58 38 42 48 45
4 20 54 42 53 42 42
4 21 20 70 74 70 78
4 22 58 49 41 40 45
4 23 11 88 75 89 77
4 24 59 41 35 46 45
4 25 2 85 92 88 86
4 26 52 47 43 43 49
4 27 31 62 61 66 72
4 28 42 55 57 52 56
4 29 77 27 30 29 28
4 30 72 32 29 27 36
4 31 54 48 40 49 40
4 32 29 70 73 63 73
4 33 3 90 90 86 87
4 34 66 38 36 41 32
5 6 33 57 60 60 58
5 7 85 27 18 26 23
5 8 92 9 9 18 11
5 9 28 74 66 72 64
5 10 60 38 36 38 47
5 11 65 34 35 31 43
5 12 82 22 23 30 23
5 13 6 89 86 93 91
5 14 52 40 51 42 45
5 15 5 83 87 88 92
5 16 88 21 19 19 10
5 17 38 56 62 59 54
5 18 25 67 67 72 76
5 19 65 30 34 42 34
5 20 70 33 32 31 30
5 21 46 60 49 57 45
5 22 25 74 65 64 73
5 23 90 11 11 13 13
5 24 29 64 73 62 73
5 25 97 3 9 11 14
5 26 21 80 68 74 75
5 27 36 58 57 54 67
5 28 36 54 56 53 56
5 29 92 18 14 10 14
5 30 10 84 82 77 90
5 31 68 33 41 37 37
5 32 1 91 92 88 91
5 33 79 29 22 25 21
5 34 48 52 52 47 56
6 7 33 70 56 57 65
6 8 76 20 21 24 30
6 9 74 30 31 27 24
6 10 98 10 4 13 8
6 11 60 36 40 35 43
6 12 80 22 31 21 21
6 13 82 22 19 17 15
6 14 77 29 27 22 31
6 15 13 85 77 85 75
6 16 57 36 49 36 48
6 17 18 71 82 73 81
6 18 19 71 74 79 81
6 19 26 73 63 63 68
6 20 23 68 66 67 70
6 21 2 83 84 88 91
6 22 38 52 62 55 57
6 23 96 10 14 4 14
6 24 45 57 54 58 48
6 25 64 39 35 32 42
6 26 4 81 94 90 82
6 27 94 14 15 5 9
6 28 85 21 15 25 22
6 29 2 84 88 85 93
6 30 91 19 19 21 14
6 31 23 70 65 65 77
6 32 98 8 9 9 6
6 33 75 34 25 34 29
6 34 40 60 56 53 56
7 8 80 27 29 20 18
7 9 68 37 41 40 33
7 10 37 62 64 54 58
7 11 20 73 77 68 80
7 12 50 43 48 54 49
7 13 51 50 50 41 42
7 14 2 85 83 86 95
7 15 46 49 47 45 59
7 16 2 82 89 87 91
7 17 69 33 27 31 27
7 18 45 52 53 49 54
7 19 41 56 55 55 63
7 20 13 85 78 83 82
7 21 13 79 77 88 88
7 22 31 67 61 69 70
7 23 17 84 75 82 70
7 24 11 88 82 87 85
7 25 41 50 55 61 63
7 26 87 22 20 20 17
7 27 94 7 13 7 18
7 28 49 56 53 56 43
7 29 96 6 9 13 11
7 30 19 73 69 76 71
7 31 70 32 39 34 29
7 32 84 21 16 18 17
7 33 7 86 92 82 78
7 34 95 5 17 6 11
8 9 54 39 48 46 38
8 10 41 55 53 57 62
8 11 6 93 86 81 93
8 12 96 11 16 3 10
8 13 37 59 61 64 61
8 14 47 58 53 44 53
8 15 98 14 1 9 2
8 16 72 27 28 37 27
8 17 50 53 44 47 55
8 18 33 70 57 62 57
8 19 21 68 70 70 74
8 20 74 23 24 24 23
8 21 25 65 78 77 67
8 22 77 25 33 29 23
8 23 12 76 82 74 85
8 24 91 20 13 12 11
8 25 90 22 9 19 12
8 26 53 45 39 52 51
8 27 55 51 52 52 52
8 28 32 64 58 69 72
8 29 17 75 75 72 78
8 30 23 70 68 67 73
8 31 44 60 48 58 58
8 32 58 47 39 35 36
8 33 8 85 91 87 89
8 34 60 39 47 37 45
9 10 16 78 76 81 72
9 11 83 27 15 27 19
9 12 77 26 19 22 24
9 13 32 68 68 72 68
9 14 29 65 65 61 61
9 15 16 72 81 75 80
9 16 85 27 14 14 24
9 17 82 27 16 17 24
9 18 57 45 48 41 44
9 19 50 56 46 44 43
9 20 93 15 13 14 17
9 21 35 64 65 69 67
9 22 74 23 24 34 36
9 23 94 15 11 13 18
9 24 96 11 12 4 6
9 25 72 27 35 32 28
9 26 61 45 41 47 47
9 27 71 27 32 26 26
9 28 72 26 32 36 31
9 29 40 53 60 61 58
9 30 33 64 60 58 66
9 31 18 83 73 79 81
9 32 79 24 18 28 23
9 33 24 71 68 73 68
9 34 43 59 60 60 50
10 11 7 89 90 80 92
10 12 57 47 42 37 43
10 13 62 33 39 35 45
10 14 73 32 25 23 35
10 15 74 31 33 28 26
10 16 61 45 34 42 43
10 17 55 47 52 39 47
10 18 90 10 7 8 14
10 19 11 85 84 83 83
10 20 50 56 55 51 50
10 21 1 95 85 84 97
10 22 54 44 41 46 47
10 23 50 49 54 45 49
10 24 69 34 40 36 33
10 25 19 71 70 73 81
10 26 23 67 65 69 68
10 27 60 39 47 35 41
10 28 95 9 13 15 13
10 29 60 35 35 41 39
10 30 93 6 11 6 6
10 31 94 16 7 13 4
10 32 78 27 20 19 30
10 33 6 81 80 86 82
10 34 5 84 88 91 84
11 12 18 69 77 79 81
11 13 29 71 69 73 70
11 14 20 80 70 75 73
11 15 8 88 86 89 78
11 16 50 51 48 44 45
11 17 20 74 74 71 75
11 18 40 53 57 50 64
11 19 76 25 22 27 26
11 20 40 59 63 57 57
11 21 64 44 38 34 38
11 22 6 92 90 86 84
11 23 7 84 90 88 89
11 24 36 55 58 63 64
11 25 29 68 62 59 65
11 26 76 23 22 24 25
11 27 15 85 83 81 85
11 28 68 26 29 32 35
11 29 10 88 88 77 89
11 30 50 44 45 44 52
11 31 19 77 74 76 77
11 32 62 37 44 42 32
11 33 52 41 50 54 53
11 34 72 37 38 33 33
12 13 3 93 83 94 84
12 14 87 22 20 12 11
12 15 88 10 19 19 12
12 16 60 36 47 38 44
12 17 40 65 52 62 56
12 18 5 94 88 81 94
12 19 36 64 67 57 68
12 20 26 70 72 64 74
12 21 51 47 48 53 52
12 22 18 78 76 73 76
12 23 57 38 49 48 43
12 24 63 41 33 42 34
12 25 93 8 10 7 14
12 26 1 92 93 96 87
12 27 34 70 65 57 70
12 28 33 61 71 67 59
12 29 64 37 38 37 36
12 30 74 30 31 28 22
12 31 34 66 57 58 66
12 32 93 19 6 17 13
12 33 38 56 63 54 63
12 34 35 61 63 57 59
13 14 12 82 88 78 82
13 15 43 61 51 62 55
13 16 13 76 81 76 75
13 17 25 68 71 65 71
13 18 95 16 6 4 13
13 19 33 61 62 63 62
13 20 60 37 35 45 36
13 21 83 18 21 16 22
13 22 44 56 52 54 58
13 23 9 81 82 90 79
13 24 28 61 68 65 67
13 25 86 17 19 16 20
13 26 63 44 46 42 42
13 27 37 59 58 67 57
13 28 98 5 11 7 6
13 29 19 76 78 74 69
13 30 57 42 40 45 40
13 31 61 35 42 37 35
13 32 40 57 64 53 57
13 33 60 36 48 36 40
13 34 80 20 24 30 26
14 15 6 92 81 92 87
14 16 52 46 43 49 43
14 17 92 8 18 9 12
14 18 42 54 61 53 53
14 19 51 53 42 53 50
14 20 35 66 66 56 69
14 21 88 11 12 19 18
14 22 89 11 16 23 12
14 23 61 33 35 37 40
14 24 76 32 28 23 29
14 25 90 12 11 10 8
14 26 59 45 43 40 44
14 27 63 38 41 36 34
14 28 6 93 83 93 79
14 29 79 29 31 22 20
14 30 11 88 76 78 76
14 31 90 8 22 13 22
14 32 74 33 22 26 35
14 33 74 35 29 28 22
14 34 48 54 49 52 52
15 16 75 24 23 30 24
15 17 15 80 75 85 81
15 18 90 22 18 17 13
15 19 53 41 52 48 45
15 20 76 23 21 30 33
15 21 41 61 61 60 50
15 22 58 46 43 47 43
15 23 32 69 58 66 66
15 24 56 37 39 44 43
15 25 52 44 51 54 46
15 26 43 48 57 57 49
15 27 50 56 54 54 57
15 28 19 72 71 69 80
15 29 79 18 27 32 24
15 30 97 17 4 4 5
15 31 95 16 12 9 9
15 32 50 51 41 48 45
15 33 0 88 85 91 90
15 34 8 81 82 82 80
16 17 9 83 84 79 85
16 18 73 29 33 34 24
16 19 20 78 79 67 76
16 20 43 52 49 56 55
16 21 27 66 73 64 68
16 22 59 45 46 35 47
16 23 68 35 37 31 40
16 24 28 68 61 72 71
16 25 30 63 62 73 63
16 26 8 88 81 84 78
16 27 4 86 95 88 94
16 28 95 11 12 5 14
16 29 54 49 50 48 50
16 30 77 19 30 25 29
16 31 98 4 5 3 4
16 32 68 32 36 30 36
16 33 68 28 36 33 28
16 34 67 32 34 40 32
17 18 20 76 75 75 76
17 19 81 25 26 16 24
17 20 18 75 72 73 78
17 21 27 76 74 63 73
17 22 67 41 32 37 34
17 23 11 90 87 79 78
17 24 57 41 40 39 46
17 25 99 14 10 5 14
17 26 96 6 6 11 5
17 27 3 91 95 96 83
17 28 62 44 41 33 45
17 29 38 67 60 53 67
17 30 78 19 27 21 32
17 31 98 4 5 5 15
17 32 86 14 23 14 23
17 33 3 95 84 82 86
17 34 95 9 6 13 8
18 19 4 94 93 93 94
18 20 22 78 80 78 74
18 21 71 31 25 33 32
18 22 23 76 73 75 79
18 23 43 56 49 61 48
18 24 21 80 74 72 77
18 25 84 20 16 23 19
18 26 61 40 40 35 37
18 27 57 43 44 41 46
18 28 98 12 11 12 11
18 29 58 38 39 48 41
18 30 43 57 55 49 54
18 31 25 75 77 72 66
18 32 95 10 14 18 14
18 33 99 10 5 5 1
18 34 50 52 51 47 51
19 20 44 50 54 55 60
19 21 7 92 88 80 87
19 22 52 49 49 53 42
19 23 20 70 70 82 80
19 24 29 68 67 74 72
19 25 65 29 31 36 36
19 26 34 70 64 67 70
19 27 25 75 64 69 75
19 28 51 47 45 47 55
19 29 88 18 13 10 19
19 30 10 90 80 78 81
19 31 35 61 62 61 59
19 32 34 68 64 60 66
19 33 47 58 51 56 54
19 34 4 94 90 92 90
20 21 43 58 59 58 61
20 22 24 64 66 67 64
20 23 53 47 45 42 47
20 24 84 21 17 24 27
20 25 21 80 67 75 68
20 26 96 13 6 3 15
20 27 82 22 29 29 18
20 28 37 65 54 59 59
20 29 25 65 64 74 73
20 30 91 21 19 10 21
20 31 63 45 32 33 36
20 32 2 89 86 97 83
20 33 75 22 28 20 27
20 34 94 8 6 6 18
21 22 29 74 71 62 72
21 23 71 34 35 34 35
21 24 82 22 26 18 29
21 25 46 59 56 54 60
21 26 41 63 60 52 57
21 27 7 92 88 91 93
21 28 86 22 20 13 20
21 29 9 82 84 90 88
21 30 42 51 50 54 53
21 31 69 29 40 32 30
21 32 78 20 30 23 23
21 33 29 71 74 70 68
21 34 52 44 51 45 52
22 23 55 42 45 40 48
22 24 97 8 14 3 5
22 25 18 75 73 83 74
22 26 53 43 48 43 53
22 27 36 67 56 53 55
22 28 62 40 39 41 36
22 29 15 84 85 86 82
22 30 65 33 42 34 42
22 31 46 46 54 55 58
22 32 35 61 55 59 60
22 33 66 34 42 39 38
22 34 73 30 31 26 23
23 24 10 86 83 83 83
23 25 47 55 58 44 47
23 26 58 43 40 43 35
23 27 73 27 32 37 28
23 28 10 83 89 79 85
23 29 24 73 71 78 70
23 30 70 32 25 32 27
23 31 12 74 77 79 81
23 32 57 39 47 51 44
23 33 78 26 25 32 25
23 34 21 70 68 68 79
24 25 10 86 83 88 84
24 26 64 41 33 43 43
24 27 99 3 3 12 6
24 28 68 36 30 28 39
24 29 27 64 62 61 61
24 30 76 31 25 26 31
24 31 49 57 55 42 44
24 32 76 30 27 28 23
24 33 54 45 47 53 52
24 34 78 27 29 27 25
25 26 51 49 42 43 41
25 27 35 60 61 62 68
25 28 48 54 53 46 57
25 29 90 8 13 13 8
25 30 5 86 92 85 81
25 31 96 6 10 12 7
25 32 65 29 30 33 36
25 33 38 55 60 56 64
25 34 22 73 75 77 78
26 27 70 32 25 32 38
26 28 80 29 25 27 19
26 29 30 61 67 59 69
26 30 60 38 45 43 45
26 31 27 75 64 63 75
26 32 38 57 59 65 60
26 33 83 23 24 24 25
26 34 4 86 86 85 92
27 28 10 89 87 82 87
27 29 26 66 68 75 75
27 30 75 24 34 22 21
27 31 67 36 42 35 41
27 32 60 44 37 36 42
27 33 97 5 7 10 6
27 34 70 26 25 38 37
28 29 8 80 79 81 83
28 30 32 71 69 64 69
28 31 43 54 57 51 52
28 32 22 77 77 76 69
28 33 23 69 70 70 67
28 34 73 31 28 33 37
29 30 92 19 7 20 20
29 31 58 45 45 47 37
29 32 76 23 34 33 23
29 33 39 54 63 59 51
29 34 36 66 59 66 63
30 31 3 82 95 87 82
30 32 57 42 46 37 40
30 33 84 22 22 23 23
30 34 17 83 76 79 83
31 32 35 62 56 65 66
31 33 21 78 77 80 79
31 34 92 15 7 12 17
32 33 13 77 74 80 83
32 34 21 72 68 76 76
33 34 75 32 27 23 28
