48 5
0.6 0 0 0 0.4
0 1 22 80 68 49 87
0 2 0 78 99 70 93
0 3 7 69 63 68 92
0 4 73 24 19 31 32
0 5 30 44 76 49 73
0 6 63 65 44 54 32
0 7 92 24 15 20 38
0 8 37 44 37 61 37
0 9 78 21 33 29 49
0 10 36 50 77 80 72
0 11 60 64 37 56 69
0 12 59 20 22 68 33
0 13 43 76 74 46 37
0 14 34 52 53 76 68
0 15 97 17 19 50 16
0 16 38 39 31 75 55
0 17 60 61 59 33 55
0 18 57 30 39 38 59
0 19 79 31 21 55 51
0 20 97 11 46 42 36
0 21 88 7 31 53 18
0 22 22 46 68 40 74
0 23 59 23 49 24 22
0 24 67 64 58 40 29
0 25 23 76 58 52 59
0 26 30 72 48 44 80
0 27 69 65 45 27 28
0 28 95 38 40 51 12
0 29 93 15 52 42 48
0 30 24 50 63 64 57
0 31 86 19 29 51 23
0 32 21 78 52 57 58
0 33 64 66 51 20 35
0 34 92 5 18 44 24
0 35 40 37 73 47 73
0 36 53 55 59 30 29
0 37 96 31 8 21 29
0 38 25 83 84 59 59
0 39 38 39 66 46 32
0 40 77 15 15 54 45
0 41 42 47 39 43 69
0 42 76 30 24 23 22
0 43 98 45 44 7 38
0 44 36 40 46 81 69
0 45 71 26 42 53 41
0 46 72 56 26 37 27
0 47 72 20 26 17 35
1 2 80 37 58 54 48
1 3 40 68 69 49 40
1 4 89 54 12 32 15
1 5 82 12 48 32 33
1 6 52 41 45 65 30
1 7 72 54 57 32 31
1 8 36 52 57 36 70
1 9 87 19 17 26 38
1 10 33 81 57 40 70
1 11 31 44 35 39 78
1 12 75 56 52 17 46
1 13 94 26 2 23 36
1 14 93 11 25 3 33
1 15 75 34 31 44 26
1 16 8 47 63 82 84
1 17 81 18 50 55 47
1 18 11 63 89 80 93
1 19 28 74 43 45 57
1 20 20 48 76 54 64
1 21 83 31 48 18 10
1 22 33 51 74 37 43
1 23 69 21 45 52 18
1 24 86 19 26 8 16
1 25 4 59 59 67 58
1 26 9 93 60 81 66
1 27 85 35 18 37 50
1 28 21 56 53 72 65
1 29 23 85 45 44 39
1 30 68 37 23 65 30
1 31 49 71 29 64 34
1 32 7 71 76 69 63
1 33 63 60 54 24 38
1 34 60 60 63 66 46
1 35 6 90 56 54 95
1 36 30 34 48 67 54
1 37 80 47 44 50 47
1 38 84 45 40 49 16
1 39 39 44 54 64 38
1 40 12 50 51 47 90
1 41 60 51 48 28 23
1 42 68 62 37 20 55
1 43 3 78 97 84 94
1 44 93 41 9 30 27
1 45 62 46 38 52 18
1 46 94 15 17 46 18
1 47 89 47 42 36 15
2 3 11 56 69 63 62
2 4 8 50 91 56 85
2 5 92 11 29 5 46
2 6 77 35 39 13 47
2 7 92 52 43 3 44
2 8 17 66 70 77 61
2 9 69 16 36 51 38
2 10 88 39 21 37 42
2 11 9 72 87 88 83
2 12 91 5 14 28 41
2 13 97 25 16 36 5
2 14 26 52 59 82 46
2 15 18 64 77 82 80
2 16 1 89 59 88 61
2 17 3 68 64 79 66
2 18 15 69 65 87 63
2 19 80 16 46 34 10
2 20 11 53 54 48 68
2 21 0 76 53 83 50
2 22 2 55 80 50 90
2 23 29 44 40 38 41
2 24 53 53 53 33 68
2 25 51 60 27 43 53
2 26 44 73 46 33 45
2 27 94 10 5 4 24
2 28 86 46 45 34 39
2 29 2 65 92 75 59
2 30 55 45 61 33 56
2 31 44 32 54 48 63
2 32 61 56 66 37 29
2 33 55 35 64 52 31
2 34 64 65 29 22 47
2 35 69 63 61 56 23
2 36 47 70 36 64 36
2 37 58 43 59 48 28
2 38 22 44 61 55 40
2 39 10 52 61 82 77
2 40 40 55 42 57 67
2 41 28 62 59 41 46
2 42 80 54 57 25 10
2 43 12 78 54 81 49
2 44 46 64 28 53 61
2 45 55 26 59 24 34
2 46 54 52 66 24 23
2 47 22 76 67 76 67
3 4 82 31 52 34 41
3 5 67 53 48 31 19
3 6 76 37 36 30 57
3 7 44 77 44 69 76
3 8 47 30 44 58 28
3 9 40 35 70 47 41
3 10 0 88 76 53 85
3 11 3 48 93 93 52
3 12 39 47 62 56 34
3 13 58 50 67 62 24
3 14 75 49 22 41 53
3 15 73 44 19 16 48
3 16 7 95 54 69 87
3 17 87 40 25 37 43
3 18 9 71 78 70 75
3 19 13 75 90 55 66
3 20 32 36 40 49 74
3 21 26 63 42 82 86
3 22 26 39 45 80 47
3 23 11 77 70 67 47
3 24 44 60 36 55 33
3 25 77 27 23 52 49
3 26 37 75 77 62 42
3 27 42 69 40 69 71
3 28 62 40 56 25 66
3 29 60 22 52 22 33
3 30 40 67 31 70 51
3 31 64 24 54 30 18
3 32 87 25 36 14 18
3 33 28 41 76 54 54
3 34 83 44 10 51 13
3 35 19 49 50 54 53
3 36 62 23 35 66 62
3 37 19 74 69 43 77
3 38 17 48 67 80 65
3 39 84 42 39 36 51
3 40 21 85 77 57 72
3 41 88 18 55 28 20
3 42 52 64 39 72 35
3 43 39 31 56 55 36
3 44 19 47 69 65 53
3 45 34 68 61 49 49
3 46 61 44 44 46 65
3 47 35 78 67 78 64
4 5 33 78 64 51 44
4 6 20 58 40 78 87
4 7 36 54 42 54 39
4 8 22 78 85 56 44
4 9 73 58 34 51 34
4 10 40 61 40 64 56
4 11 65 61 38 19 38
4 12 43 74 35 53 76
4 13 18 50 42 51 76
4 14 6 78 65 49 63
4 15 17 41 89 62 49
4 16 96 10 17 13 23
4 17 39 63 62 52 60
4 18 28 79 48 76 65
4 19 59 36 69 68 67
4 20 12 54 88 83 71
4 21 54 33 46 34 38
4 22 77 31 14 28 33
4 23 82 8 28 26 27
4 24 9 48 85 89 86
4 25 64 50 27 47 54
4 26 38 71 37 42 33
4 27 93 20 8 29 52
4 28 64 34 53 28 63
4 29 17 56 65 72 66
4 30 93 39 28 25 3
4 31 50 49 29 30 43
4 32 97 43 48 31 16
4 33 47 74 69 75 51
4 34 13 63 64 71 62
4 35 96 35 36 49 50
4 36 26 73 82 76 85
4 37 63 30 32 22 35
4 38 20 88 47 46 45
4 39 77 59 37 31 39
4 40 42 64 78 30 57
4 41 6 89 88 63 68
4 42 68 40 56 31 62
4 43 65 27 19 36 65
4 44 95 12 34 48 8
4 45 29 80 43 70 66
4 46 22 78 66 45 87
4 47 68 34 39 35 21
5 6 26 72 53 40 59
5 7 49 45 60 41 70
5 8 40 37 77 71 32
5 9 14 69 67 58 55
5 10 80 40 26 37 55
5 11 78 44 14 27 47
5 12 12 69 68 65 49
5 13 24 82 59 86 37
5 14 39 53 78 41 45
5 15 13 83 44 52 55
5 16 41 65 46 29 31
5 17 63 66 32 25 43
5 18 24 76 54 68 70
5 19 73 45 37 55 19
5 20 45 71 72 59 58
5 21 37 33 66 79 67
5 22 29 70 61 83 61
5 23 32 65 48 37 51
5 24 67 22 52 20 49
5 25 94 18 29 48 45
5 26 85 56 8 27 23
5 27 64 45 30 25 58
5 28 61 31 39 36 51
5 29 95 2 34 42 13
5 30 53 35 48 48 26
5 31 20 71 71 73 46
5 32 59 36 33 67 46
5 33 48 44 56 64 35
5 34 90 43 21 28 42
5 35 58 63 42 28 62
5 36 43 33 62 35 71
5 37 29 38 38 71 69
5 38 65 28 35 63 37
5 39 6 77 89 84 58
5 40 3 97 68 90 53
5 41 69 51 35 25 30
5 42 66 42 48 43 42
5 43 21 58 50 81 55
5 44 62 54 25 65 47
5 45 0 62 74 63 51
5 46 73 61 34 13 37
5 47 12 59 74 91 65
6 7 86 53 45 44 37
6 8 18 68 62 66 72
6 9 50 53 25 27 74
6 10 29 44 65 67 78
6 11 52 31 25 71 43
6 12 98 27 10 15 3
6 13 16 75 74 46 43
6 14 99 28 38 35 4
6 15 47 72 45 69 65
6 16 66 58 41 64 41
6 17 61 26 19 60 37
6 18 55 32 32 53 47
6 19 21 52 47 75 71
6 20 15 79 86 45 56
6 21 60 40 31 33 66
6 22 26 58 52 79 41
6 23 3 72 54 94 49
6 24 30 66 50 36 40
6 25 19 81 40 69 70
6 26 28 51 59 58 42
6 27 29 75 47 46 40
6 28 77 37 45 30 55
6 29 3 72 95 87 74
6 30 53 37 38 26 44
6 31 27 50 37 64 60
6 32 89 18 48 13 5
6 33 70 64 37 35 29
6 34 82 31 45 23 28
6 35 3 55 87 60 77
6 36 61 47 29 58 63
6 37 63 45 33 46 62
6 38 38 64 76 49 70
6 39 68 61 40 64 48
6 40 64 25 63 55 58
6 41 81 9 44 10 48
6 42 96 16 2 35 6
6 43 8 81 61 72 81
6 44 32 50 56 35 39
6 45 68 59 56 23 16
6 46 47 32 67 33 73
6 47 30 41 70 57 62
7 8 42 74 53 77 57
7 9 96 34 16 9 39
7 10 21 78 81 84 67
7 11 83 45 9 12 53
7 12 33 60 59 37 68
7 13 70 37 17 19 35
7 14 48 35 67 53 51
7 15 94 31 7 6 34
7 16 86 25 51 40 52
7 17 83 54 41 48 42
7 18 70 39 40 62 46
7 19 12 82 81 53 80
7 20 54 59 23 52 64
7 21 85 46 25 37 15
7 22 67 52 40 53 26
7 23 14 58 53 65 78
7 24 40 64 30 70 59
7 25 29 55 58 70 62
7 26 47 63 67 61 49
7 27 88 30 49 48 32
7 28 66 47 22 43 24
7 29 15 49 81 86 45
7 30 27 58 38 52 55
7 31 48 49 35 30 44
7 32 45 28 70 73 37
7 33 7 76 46 69 74
7 34 56 37 41 67 69
7 35 33 68 59 71 41
7 36 53 32 50 39 56
7 37 55 30 29 45 33
7 38 36 64 40 39 79
7 39 68 38 33 41 45
7 40 36 50 64 65 58
7 41 73 23 28 53 52
7 42 49 29 51 37 70
7 43 59 39 65 43 52
7 44 42 47 68 51 36
7 45 98 16 26 34 46
7 46 92 35 41 3 42
7 47 97 27 6 39 12
8 9 79 23 25 56 35
8 10 61 55 50 26 66
8 11 46 56 27 53 60
8 12 2 56 61 72 62
8 13 3 64 84 85 51
8 14 87 9 29 55 11
8 15 55 47 41 32 52
8 16 66 37 19 30 30
8 17 12 60 61 46 67
8 18 75 41 51 23 51
8 19 25 52 42 46 59
8 20 64 42 54 32 61
8 21 37 76 53 42 46
8 22 92 5 41 6 8
8 23 11 52 63 75 81
8 24 68 65 37 46 28
8 25 4 76 73 63 49
8 26 39 76 41 77 72
8 27 92 29 11 38 50
8 28 74 47 28 28 50
8 29 80 36 49 20 34
8 30 5 91 56 53 62
8 31 52 36 53 29 43
8 32 27 60 76 82 40
8 33 31 74 83 61 82
8 34 80 10 10 16 20
8 35 54 72 58 28 56
8 36 0 91 65 63 61
8 37 74 43 51 54 21
8 38 5 71 73 56 87
8 39 38 35 41 66 49
8 40 98 2 11 8 19
8 41 38 54 79 57 70
8 42 23 53 78 79 76
8 43 51 25 30 66 40
8 44 38 40 47 72 43
8 45 21 66 47 68 41
8 46 11 75 86 54 50
8 47 35 81 70 49 63
9 10 85 47 33 43 14
9 11 75 31 40 14 38
9 12 91 41 11 14 26
9 13 51 56 34 58 54
9 14 39 56 51 63 60
9 15 70 63 23 33 40
9 16 85 20 42 25 11
9 17 40 74 32 38 63
9 18 71 42 37 61 26
9 19 23 82 86 82 61
9 20 1 79 88 58 89
9 21 83 49 19 25 32
9 22 17 44 80 54 45
9 23 11 87 85 59 57
9 24 11 84 44 78 93
9 25 35 47 40 63 49
9 26 17 61 88 84 77
9 27 61 68 58 61 41
9 28 10 62 70 81 80
9 29 21 45 42 47 74
9 30 50 62 54 72 62
9 31 4 93 74 61 59
9 32 21 88 44 73 77
9 33 89 20 43 10 25
9 34 73 27 27 35 48
9 35 59 31 38 47 21
9 36 74 44 33 53 57
9 37 61 51 44 49 46
9 38 61 26 20 59 45
9 39 74 61 14 14 27
9 40 23 41 52 55 67
9 41 98 14 27 4 7
9 42 60 24 57 29 22
9 43 82 31 24 30 24
9 44 26 77 79 83 57
9 45 64 51 36 37 57
9 46 18 46 57 60 58
9 47 11 86 46 66 71
10 11 19 42 86 83 45
10 12 82 50 18 38 45
10 13 11 70 69 71 84
10 14 47 75 71 63 51
10 15 5 66 91 85 79
10 16 69 15 52 34 62
10 17 91 39 39 41 49
10 18 64 42 56 64 25
10 19 52 70 32 28 30
10 20 67 25 65 41 16
10 21 3 73 88 95 71
10 22 84 20 49 43 33
10 23 69 62 17 41 62
10 24 60 54 58 29 20
10 25 10 63 65 86 70
10 26 6 84 50 46 89
10 27 90 24 52 25 21
10 28 50 30 43 67 43
10 29 8 46 67 86 45
10 30 39 48 58 63 68
10 31 9 71 55 65 60
10 32 27 81 39 73 85
10 33 65 48 43 18 57
10 34 53 34 62 50 53
10 35 27 68 49 72 37
10 36 33 34 62 43 73
10 37 5 53 64 67 92
10 38 82 54 52 41 46
10 39 37 68 49 49 50
10 40 86 30 37 38 28
10 41 49 62 72 53 31
10 42 16 62 51 70 58
10 43 18 88 67 54 58
10 44 25 57 54 84 65
10 45 85 33 8 12 55
10 46 84 53 56 30 35
10 47 16 49 65 82 87
11 12 85 43 36 30 36
11 13 37 37 47 52 44
11 14 19 85 44 65 49
11 15 51 50 67 68 62
11 16 1 81 70 51 79
11 17 43 71 33 70 57
11 18 27 72 77 37 62
11 19 31 79 39 56 40
11 20 93 22 20 6 44
11 21 23 81 58 85 49
11 22 22 50 72 61 66
11 23 69 41 34 23 46
11 24 52 60 60 71 34
11 25 78 18 60 14 33
11 26 16 60 68 74 87
11 27 23 67 44 87 41
11 28 36 75 41 72 43
11 29 34 78 81 40 64
11 30 25 82 43 56 43
11 31 64 59 57 48 44
11 32 77 36 48 33 54
11 33 29 36 81 51 64
11 34 36 46 36 36 62
11 35 29 41 68 50 69
11 36 18 72 66 44 83
11 37 30 74 66 36 45
11 38 55 68 34 35 65
11 39 36 65 68 56 54
11 40 85 48 46 28 10
11 41 90 22 42 21 30
11 42 73 14 35 58 20
11 43 89 27 48 46 53
11 44 25 37 70 72 50
11 45 92 9 8 51 45
11 46 16 79 66 66 64
11 47 39 64 78 63 52
12 13 29 38 50 73 80
12 14 6 69 82 77 76
12 15 63 48 61 46 63
12 16 89 51 12 8 46
12 17 84 32 35 14 50
12 18 92 29 46 20 31
12 19 20 60 53 85 72
12 20 10 89 65 49 92
12 21 6 89 83 51 59
12 22 17 43 63 77 88
12 23 4 64 71 69 52
12 24 92 43 12 42 42
12 25 32 62 48 76 62
12 26 17 59 61 76 71
12 27 3 72 87 63 80
12 28 50 67 56 44 58
12 29 23 64 87 79 53
12 30 83 9 44 35 28
12 31 70 24 44 22 19
12 32 63 65 60 42 58
12 33 21 47 49 50 78
12 34 12 47 58 90 87
12 35 41 53 73 56 58
12 36 73 31 13 38 23
12 37 9 75 64 57 79
12 38 4 52 93 52 56
12 39 28 50 81 78 57
12 40 72 20 46 25 40
12 41 46 36 64 67 31
12 42 57 67 36 30 66
12 43 81 33 42 51 48
12 44 49 63 34 53 62
12 45 12 88 51 48 60
12 46 74 33 47 52 40
12 47 82 51 46 10 21
13 14 90 5 21 24 49
13 15 12 86 48 84 51
13 16 41 55 73 48 40
13 17 10 84 93 83 66
13 18 65 51 24 45 48
13 19 43 38 47 49 59
13 20 20 54 63 55 53
13 21 16 87 88 83 70
13 22 10 77 47 47 61
13 23 41 53 63 51 55
13 24 57 64 30 67 25
13 25 26 64 44 44 73
13 26 81 45 42 29 58
13 27 17 63 48 89 72
13 28 87 26 51 51 43
13 29 38 42 74 63 36
13 30 93 48 34 29 44
13 31 63 33 50 44 23
13 32 83 58 28 54 16
13 33 27 46 68 38 37
13 34 83 22 55 11 37
13 35 79 39 18 21 39
13 36 49 45 47 31 70
13 37 43 52 30 33 48
13 38 62 68 42 67 55
13 39 90 41 13 36 39
13 40 80 48 33 18 47
13 41 96 4 6 30 22
13 42 96 7 15 3 12
13 43 21 53 78 59 61
13 44 78 48 14 31 48
13 45 31 56 56 65 61
13 46 19 80 82 59 40
13 47 26 66 55 40 39
14 15 55 70 49 42 42
14 16 84 13 32 18 9
14 17 96 33 20 29 51
14 18 18 51 66 65 56
14 19 8 47 67 70 51
14 20 25 76 77 51 40
14 21 16 78 88 84 66
14 22 2 76 75 81 87
14 23 7 87 55 61 47
14 24 97 13 36 18 25
14 25 27 61 69 51 59
14 26 79 25 38 60 26
14 27 30 55 68 41 38
14 28 93 17 46 28 27
14 29 0 94 69 86 98
14 30 22 40 84 83 48
14 31 19 84 46 76 89
14 32 17 66 47 91 81
14 33 82 37 21 15 45
14 34 0 60 76 63 71
14 35 67 62 59 57 49
14 36 7 74 90 91 93
14 37 46 75 44 39 29
14 38 86 7 32 51 38
14 39 39 60 44 34 78
14 40 21 76 55 63 63
14 41 87 6 48 12 22
14 42 26 60 39 42 40
14 43 90 52 45 21 34
14 44 11 56 53 65 69
14 45 47 68 61 73 52
14 46 26 77 47 61 46
14 47 83 41 55 46 14
15 16 84 29 49 20 16
15 17 66 27 26 34 21
15 18 31 52 45 66 36
15 19 39 78 31 48 35
15 20 50 42 25 31 43
15 21 96 3 20 25 30
15 22 7 89 93 48 52
15 23 5 59 91 68 53
15 24 75 46 52 59 51
15 25 52 67 62 38 51
15 26 23 60 50 51 59
15 27 28 63 66 70 51
15 28 71 19 23 39 59
15 29 22 55 88 74 70
15 30 83 17 51 35 24
15 31 84 46 10 57 24
15 32 25 45 53 53 51
15 33 12 78 44 68 82
15 34 11 61 92 68 78
15 35 71 51 49 21 14
15 36 16 49 43 43 87
15 37 77 56 25 51 56
15 38 9 46 54 93 58
15 39 54 24 62 53 64
15 40 6 96 93 88 90
15 41 56 63 23 38 41
15 42 41 77 33 74 77
15 43 53 46 31 43 49
15 44 50 42 29 72 50
15 45 51 59 72 33 61
15 46 96 48 22 50 23
15 47 11 52 68 58 87
16 17 53 25 67 24 56
16 18 61 40 41 69 21
16 19 46 58 50 59 29
16 20 22 58 59 85 58
16 21 27 79 68 80 37
16 22 53 24 69 29 25
16 23 56 49 22 62 23
16 24 9 86 71 71 54
16 25 90 30 54 50 23
16 26 69 21 22 57 28
16 27 45 41 29 53 59
16 28 36 81 52 32 66
16 29 40 34 69 44 73
16 30 90 7 21 9 13
16 31 2 95 71 80 65
16 32 68 50 29 18 61
16 33 89 5 41 43 25
16 34 25 40 45 43 79
16 35 89 11 6 45 23
16 36 84 22 11 48 41
16 37 50 54 56 36 37
16 38 11 56 88 55 86
16 39 33 76 69 82 70
16 40 90 7 23 41 26
16 41 30 66 73 67 82
16 42 7 48 77 83 47
16 43 13 66 85 81 70
16 44 41 53 35 33 52
16 45 99 35 49 46 39
16 46 35 47 48 66 78
16 47 19 44 43 72 90
17 18 76 50 30 30 26
17 19 55 44 56 59 63
17 20 64 57 49 34 65
17 21 59 36 60 48 66
17 22 58 46 40 43 57
17 23 38 59 44 71 43
17 24 66 42 19 19 53
17 25 49 27 55 60 30
17 26 49 53 34 47 58
17 27 33 51 33 79 69
17 28 74 14 61 34 56
17 29 71 62 34 24 60
17 30 50 36 65 47 71
17 31 67 50 40 42 60
17 32 58 47 49 38 21
17 33 47 47 69 29 51
17 34 71 50 29 15 59
17 35 78 34 38 20 51
17 36 40 47 49 41 47
17 37 93 6 31 17 5
17 38 15 77 77 66 68
17 39 52 36 73 59 37
17 40 96 51 48 24 39
17 41 63 48 52 67 49
17 42 88 36 9 20 10
17 43 66 36 31 44 17
17 44 51 68 39 55 40
17 45 6 54 90 58 49
17 46 33 35 38 66 37
17 47 43 41 39 57 38
18 19 15 80 89 72 61
18 20 22 86 65 64 84
18 21 43 34 76 71 61
18 22 96 49 9 23 42
18 23 56 66 31 29 31
18 24 72 58 44 31 45
18 25 7 55 75 78 91
18 26 1 74 85 63 74
18 27 97 7 42 16 7
18 28 69 34 54 54 24
18 29 72 48 45 25 20
18 30 93 51 20 45 16
18 31 21 81 88 69 46
18 32 66 58 35 58 46
18 33 95 25 21 42 45
18 34 46 66 49 36 31
18 35 79 53 58 40 23
18 36 13 61 89 57 47
18 37 82 33 48 30 9
18 38 95 28 51 38 20
18 39 70 52 18 29 46
18 40 0 55 85 54 88
18 41 72 36 39 19 31
18 42 7 51 47 91 79
18 43 21 51 78 57 76
18 44 21 53 88 43 77
18 45 14 75 79 63 55
18 46 66 56 62 29 59
18 47 55 49 26 34 53
19 20 98 3 40 6 45
19 21 33 73 79 69 60
19 22 59 34 23 34 65
19 23 75 46 27 60 27
19 24 26 52 61 45 52
19 25 90 24 8 19 39
19 26 41 46 44 70 52
19 27 45 28 37 57 67
19 28 72 27 44 46 25
19 29 79 17 33 46 52
19 30 13 70 77 71 67
19 31 74 20 41 57 43
19 32 47 39 42 33 55
19 33 4 84 70 52 92
19 34 23 38 67 86 49
19 35 96 45 6 44 11
19 36 79 32 20 45 30
19 37 77 24 26 49 37
19 38 91 14 42 34 48
19 39 50 35 43 56 32
19 40 32 58 49 82 46
19 41 84 36 23 45 39
19 42 45 51 39 71 34
19 43 89 7 25 45 8
19 44 72 59 51 47 22
19 45 9 81 60 60 94
19 46 84 47 25 44 50
19 47 0 85 79 92 89
20 21 99 25 47 26 33
20 22 50 72 61 51 35
20 23 59 34 58 64 46
20 24 85 43 36 43 35
20 25 39 64 46 71 43
20 26 96 39 14 51 13
20 27 84 8 43 24 25
20 28 59 46 63 43 39
20 29 6 72 69 71 83
20 30 1 67 63 87 66
20 31 65 37 48 17 48
20 32 88 12 33 34 53
20 33 11 56 85 48 56
20 34 72 59 48 32 57
20 35 75 55 42 18 59
20 36 57 59 60 46 67
20 37 12 69 87 55 64
20 38 2 61 54 86 73
20 39 31 67 57 78 68
20 40 94 40 45 6 33
20 41 62 44 66 51 62
20 42 10 56 83 58 66
20 43 22 46 75 66 63
20 44 59 55 26 66 50
20 45 86 54 55 35 48
20 46 19 76 82 65 76
20 47 33 76 34 76 44
21 22 2 75 86 77 52
21 23 26 39 73 71 60
21 24 36 48 61 70 39
21 25 36 68 49 56 73
21 26 91 9 6 13 44
21 27 97 15 10 35 14
21 28 7 96 80 65 85
21 29 35 55 51 37 40
21 30 90 43 43 52 41
21 31 19 41 65 48 73
21 32 91 44 20 14 25
21 33 32 56 59 72 64
21 34 40 74 37 75 36
21 35 77 24 13 18 16
21 36 62 46 36 65 36
21 37 52 70 55 35 23
21 38 25 54 43 74 57
21 39 93 43 33 48 7
21 40 7 74 79 65 63
21 41 55 58 68 25 53
21 42 18 63 71 90 44
21 43 55 66 26 33 24
21 44 56 71 46 39 56
21 45 76 31 21 38 55
21 46 71 56 53 47 31
21 47 91 43 30 48 28
22 23 34 43 33 33 72
22 24 47 36 32 28 54
22 25 40 56 40 61 38
22 26 30 46 47 38 41
22 27 85 50 15 33 44
22 28 64 22 49 21 43
22 29 45 42 66 36 50
22 30 40 62 70 32 59
22 31 63 40 62 19 38
22 32 40 58 76 74 54
22 33 33 35 57 40 50
22 34 21 54 46 51 70
22 35 44 32 57 32 55
22 36 24 60 80 57 80
22 37 87 9 32 17 15
22 38 7 83 81 75 59
22 39 38 57 58 69 60
22 40 25 54 73 41 57
22 41 77 52 42 14 37
22 42 14 65 72 85 66
22 43 16 77 78 83 78
22 44 82 35 35 17 19
22 45 27 65 49 71 63
22 46 34 77 81 37 45
22 47 83 10 12 42 40
23 24 66 60 60 31 26
23 25 35 74 36 62 67
23 26 22 45 85 47 77
23 27 85 22 26 54 15
23 28 98 6 20 31 27
23 29 70 32 36 18 34
23 30 56 37 38 34 49
23 31 39 41 46 34 70
23 32 6 78 93 61 63
23 33 73 34 48 45 62
23 34 19 53 75 86 60
23 35 25 59 53 65 57
23 36 32 63 42 38 48
23 37 44 76 51 30 43
23 38 72 17 50 37 26
23 39 34 33 77 75 44
23 40 72 36 22 36 39
23 41 4 82 54 66 74
23 42 40 64 54 77 39
23 43 79 34 11 45 11
23 44 38 56 61 75 36
23 45 38 46 47 76 53
23 46 65 26 65 50 63
23 47 60 20 43 59 55
24 25 63 45 59 24 35
24 26 82 47 20 47 48
24 27 42 32 72 59 39
24 28 41 54 41 77 32
24 29 90 5 17 49 39
24 30 46 56 42 28 49
24 31 44 43 59 53 33
24 32 29 43 37 64 80
24 33 99 30 15 39 12
24 34 91 25 7 38 37
24 35 62 54 48 41 33
24 36 39 68 68 66 77
24 37 59 36 55 38 29
24 38 31 71 69 61 73
24 39 53 24 54 59 23
24 40 93 6 15 32 46
24 41 93 24 22 27 36
24 42 42 56 41 30 59
24 43 39 73 35 61 51
24 44 60 64 26 32 21
24 45 42 34 35 32 48
24 46 84 17 31 12 39
24 47 46 29 44 61 61
25 26 7 54 56 90 89
25 27 51 60 48 40 54
25 28 83 49 23 33 17
25 29 71 32 27 19 38
25 30 76 45 56 60 50
25 31 7 54 88 47 71
25 32 26 61 47 66 39
25 33 61 34 49 68 54
25 34 48 27 32 68 38
25 35 29 52 65 68 78
25 36 76 47 59 35 34
25 37 68 61 16 40 46
25 38 81 28 59 49 25
25 39 77 47 26 59 21
25 40 80 31 15 16 48
25 41 19 79 83 80 71
25 42 77 49 26 22 22
25 43 28 76 77 36 73
25 44 59 35 57 27 44
25 45 98 25 18 44 27
25 46 93 52 34 31 16
25 47 85 31 14 51 52
26 27 5 55 57 74 61
26 28 75 16 24 17 38
26 29 61 39 44 41 44
26 30 42 75 58 31 55
26 31 8 48 72 80 95
26 32 19 65 73 75 69
26 33 71 52 15 54 18
26 34 6 73 75 72 59
26 35 48 60 43 62 40
26 36 64 63 26 34 35
26 37 99 36 24 2 8
26 38 29 51 43 55 77
26 39 26 67 68 74 81
26 40 81 38 44 47 37
26 41 4 65 83 71 70
26 42 47 56 35 41 49
26 43 53 52 33 36 72
26 44 60 40 51 20 26
26 45 43 76 65 34 77
26 46 58 52 30 66 29
26 47 37 65 56 43 78
27 28 81 12 38 21 44
27 29 81 32 33 35 15
27 30 11 86 92 72 66
27 31 73 59 24 49 19
27 32 36 44 66 78 81
27 33 1 56 82 84 77
27 34 52 39 48 36 65
27 35 6 52 60 79 52
27 36 23 39 60 40 49
27 37 11 85 48 53 92
27 38 70 25 39 42 42
27 39 45 61 61 48 66
27 40 33 69 43 71 72
27 41 47 52 55 75 76
27 42 63 63 41 40 34
27 43 55 70 65 61 71
27 44 32 38 43 82 69
27 45 95 50 10 8 13
27 46 74 17 39 12 13
27 47 38 40 57 60 65
28 29 46 62 28 31 54
28 30 30 73 69 76 56
28 31 92 20 7 16 24
28 32 27 56 83 63 60
28 33 56 24 25 52 69
28 34 28 52 52 42 77
28 35 84 54 33 37 36
28 36 34 80 67 50 66
28 37 82 35 48 35 13
28 38 87 32 45 21 52
28 39 66 55 45 23 24
28 40 22 83 47 79 79
28 41 12 83 76 68 90
28 42 83 21 11 27 22
28 43 57 70 63 47 56
28 44 10 50 94 77 82
28 45 60 35 24 20 56
28 46 23 67 69 78 69
28 47 35 69 39 70 65
29 30 73 31 30 22 38
29 31 19 77 64 44 76
29 32 43 53 68 58 60
29 33 55 29 63 42 65
29 34 42 39 36 30 62
29 35 13 67 83 83 90
29 36 20 58 62 70 84
29 37 66 24 56 16 64
29 38 32 66 62 75 61
29 39 94 39 14 29 29
29 40 22 61 40 81 85
29 41 94 4 44 31 29
29 42 65 22 66 48 58
29 43 21 81 66 55 41
29 44 62 37 64 53 36
29 45 31 42 71 63 42
29 46 27 73 43 46 72
29 47 55 61 47 29 40
30 31 33 82 53 51 66
30 32 95 41 26 29 7
30 33 44 32 54 64 47
30 34 94 10 13 23 8
30 35 96 18 37 5 24
30 36 93 27 43 14 12
30 37 75 41 14 21 37
30 38 20 70 58 56 68
30 39 40 59 63 41 30
30 40 6 59 81 93 62
30 41 28 47 56 73 62
30 42 20 80 42 78 56
30 43 91 19 5 20 18
30 44 79 54 55 18 58
30 45 49 52 29 54 39
30 46 19 85 80 88 48
30 47 98 33 9 21 8
31 32 91 49 54 52 24
31 33 46 42 28 69 70
31 34 40 60 65 44 72
31 35 25 49 39 44 86
31 36 10 83 66 87 75
31 37 80 52 37 15 20
31 38 83 23 53 31 40
31 39 4 73 87 86 92
31 40 86 51 42 52 16
31 41 98 6 12 49 30
31 42 32 35 53 74 34
31 43 31 81 42 81 81
31 44 36 35 42 38 59
31 45 7 66 81 75 57
31 46 57 65 21 57 41
31 47 93 52 20 10 31
32 33 29 66 62 76 78
32 34 97 44 24 19 17
32 35 82 22 58 58 15
32 36 55 22 68 70 45
32 37 27 51 82 79 84
32 38 12 54 80 92 84
32 39 34 46 56 56 35
32 40 6 67 96 57 49
32 41 43 60 74 29 63
32 42 57 23 62 29 34
32 43 68 46 61 58 63
32 44 76 59 12 60 48
32 45 87 10 9 35 12
32 46 61 33 54 52 45
32 47 26 61 73 58 73
33 34 73 17 62 38 37
33 35 12 71 70 60 62
33 36 50 43 68 63 60
33 37 7 85 51 81 54
33 38 57 23 49 28 35
33 39 54 32 27 46 68
33 40 98 6 1 1 10
33 41 67 26 27 35 22
33 42 60 25 34 29 67
33 43 70 33 45 47 42
33 44 14 84 75 58 62
33 45 97 16 38 38 9
33 46 55 69 26 64 57
33 47 82 32 12 18 34
34 35 25 45 39 82 61
34 36 7 84 88 87 58
34 37 81 11 17 27 23
34 38 97 1 38 10 48
34 39 17 79 45 48 75
34 40 39 67 54 35 80
34 41 39 70 42 35 61
34 42 74 33 45 41 56
34 43 79 28 50 18 49
34 44 98 46 7 39 4
34 45 35 66 59 77 77
34 46 69 32 25 58 36
34 47 23 79 73 78 81
35 36 97 20 19 21 42
35 37 67 33 32 60 59
35 38 28 72 79 62 67
35 39 6 87 74 72 91
35 40 60 62 24 31 63
35 41 65 55 34 22 61
35 42 66 48 64 55 55
35 43 6 58 79 56 83
35 44 94 46 46 32 31
35 45 18 43 51 71 50
35 46 63 35 41 25 50
35 47 37 34 68 71 39
36 37 42 73 41 65 59
36 38 18 47 58 63 45
36 39 9 89 84 63 50
36 40 21 40 75 81 45
36 41 34 62 74 65 60
36 42 3 59 56 88 65
36 43 90 11 43 13 35
36 44 89 23 41 51 40
36 45 67 63 50 32 44
36 46 10 64 88 73 66
36 47 90 15 5 39 33
37 38 11 64 73 80 45
37 39 93 32 18 36 9
37 40 88 26 9 45 35
37 41 25 41 51 77 73
37 42 16 56 75 58 68
37 43 31 37 75 64 75
37 44 47 66 63 38 41
37 45 81 25 50 17 38
37 46 34 41 67 51 59
37 47 5 90 76 64 60
38 39 23 71 59 87 75
38 40 78 29 47 20 54
38 41 1 79 78 53 71
38 42 80 58 44 19 23
38 43 41 31 73 57 66
38 44 49 58 59 61 34
38 45 38 68 58 45 57
38 46 68 42 49 41 19
38 47 5 86 49 94 79
39 40 34 76 82 46 61
39 41 13 55 81 74 47
39 42 34 60 38 38 67
39 43 69 53 26 58 43
39 44 77 21 33 25 36
39 45 88 47 7 50 26
39 46 29 47 75 66 54
39 47 39 36 53 51 33
40 41 59 50 52 38 64
40 42 68 63 37 50 50
40 43 8 94 59 73 79
40 44 85 23 50 9 29
40 45 74 34 44 47 36
40 46 19 86 49 51 73
40 47 80 26 57 47 38
41 42 30 71 51 72 51
41 43 47 63 61 42 67
41 44 28 76 69 84 46
41 45 37 51 48 31 53
41 46 3 96 91 94 58
41 47 88 45 54 34 19
42 43 78 59 56 50 27
42 44 36 58 66 46 58
42 45 59 36 32 64 68
42 46 87 19 7 23 51
42 47 28 55 66 43 84
43 44 2 91 54 61 94
43 45 48 29 65 73 26
43 46 86 24 44 9 42
43 47 42 57 74 55 52
44 45 38 80 33 57 62
44 46 9 65 72 78 48
44 47 50 74 48 48 64
45 46 37 69 34 45 35
45 47 10 66 76 83 80
46 47 92 24 33 48 51
