12 5
0.5 0.5 0.0 0.0 0.0 
0 1 4 6 50 10 49
0 2 64 55 32 61 50
0 3 27 31 42 35 35
0 4 22 55 23 57 42
0 5 67 70 51 42 60
0 6 58 39 54 57 77
0 7 31 16 42 36 63
0 8 49 26 34 55 27
0 9 28 50 29 14 43
0 10 75 84 45 46 44
0 11 4 6 7 5 36
1 2 47 62 48 68 67
1 3 97 98 70 73 73
1 4 70 57 49 53 64
1 5 4 44 46 2 37
1 6 32 21 64 42 34
1 7 38 45 24 31 66
1 8 88 61 55 50 79
1 9 17 47 26 43 44
1 10 55 65 72 31 43
1 11 31 25 54 27 22
2 3 16 51 19 36 8
2 4 63 65 59 42 71
2 5 14 12 34 35 31
2 6 28 22 38 57 54
2 7 41 65 37 26 34
2 8 55 43 55 30 59
2 9 37 28 44 45 32
2 10 13 32 36 18 29
2 11 89 57 46 87 55
3 4 87 64 77 87 44
3 5 15 33 57 48 57
3 6 38 29 39 68 21
3 7 43 71 49 51 55
3 8 14 34 35 36 54
3 9 95 88 53 86 69
3 10 52 66 34 40 76
3 11 39 51 44 64 34
4 5 72 57 54 67 52
4 6 18 19 41 57 46
4 7 80 60 52 63 63
4 8 32 34 21 18 20
4 9 44 48 68 56 48
4 10 21 16 13 13 46
4 11 97 90 71 81 60
5 6 87 92 72 50 57
5 7 50 35 37 41 64
5 8 24 43 34 27 39
5 9 12 53 22 46 48
5 10 21 19 28 29 24
5 11 93 89 83 53 95
6 7 71 64 76 44 85
6 8 22 37 39 50 33
6 9 50 25 75 33 66
6 10 50 31 73 35 72
6 11 20 39 50 29 39
7 8 6 52 43 24 28
7 9 35 55 23 24 26
7 10 0 34 0 23 33
7 11 16 11 45 42 17
8 9 37 49 39 21 49
8 10 62 45 33 71 51
8 11 35 33 44 28 36
9 10 57 30 50 43 77
9 11 85 64 65 55 44
10 11 68 40 67 53 42
