22 5
0.333333 0.333333 0.333333 0.0 0.0 
0 1 22 22 25 29 21
0 2 92 82 89 90 83
0 3 98 96 90 97 89
0 4 0 2 9 2 12
0 5 44 51 50 41 49
0 6 75 68 65 78 70
0 7 11 18 21 16 19
0 8 59 62 64 65 57
0 9 15 18 19 18 27
0 10 26 34 27 34 24
0 11 69 69 69 61 71
0 12 94 92 94 86 86
0 13 24 24 28 33 29
0 14 86 87 86 73 83
0 15 80 83 74 75 79
0 16 4 11 6 17 17
0 17 64 60 59 67 69
0 18 58 52 62 50 58
0 19 55 51 52 54 58
0 20 78 72 66 67 73
0 21 5 4 12 6 8
1 2 69 61 62 69 67
1 3 19 28 26 31 18
1 4 56 50 50 59 57
1 5 29 30 31 35 27
1 6 29 33 36 25 32
1 7 85 86 85 77 81
1 8 50 43 49 49 46
1 9 29 37 37 34 37
1 10 87 88 75 76 88
1 11 24 27 31 31 27
1 12 80 75 72 83 75
1 13 94 87 83 83 93
1 14 69 68 62 71 61
1 15 79 80 74 67 71
1 16 37 39 41 35 41
1 17 45 52 45 51 43
1 18 85 77 77 78 85
1 19 19 22 19 29 30
1 20 57 50 49 61 53
1 21 67 65 59 67 57
2 3 96 90 93 96 96
2 4 42 50 48 43 45
2 5 30 30 39 26 26
2 6 42 36 41 40 38
2 7 79 81 76 79 78
2 8 91 85 78 89 84
2 9 66 63 57 67 68
2 10 61 64 56 57 53
2 11 12 15 23 22 11
2 12 88 78 89 83 88
2 13 46 54 43 40 46
2 14 24 30 29 31 33
2 15 28 34 33 36 36
2 16 61 59 65 56 57
2 17 3 9 17 12 9
2 18 23 22 31 29 25
2 19 86 85 73 77 86
2 20 33 40 42 30 37
2 21 63 61 58 64 55
3 4 55 59 51 58 61
3 5 40 44 36 46 41
3 6 91 78 80 86 90
3 7 50 57 52 43 56
3 8 94 82 87 89 82
3 9 43 44 39 47 48
3 10 54 60 50 54 47
3 11 59 51 64 59 63
3 12 21 32 22 32 29
3 13 89 81 77 85 88
3 14 78 70 69 78 76
3 15 23 34 31 21 25
3 16 55 53 52 56 55
3 17 47 48 53 53 54
3 18 20 24 23 27 31
3 19 21 28 29 21 33
3 20 99 97 90 90 95
3 21 40 35 44 39 48
4 5 60 59 56 65 63
4 6 49 50 45 51 51
4 7 90 88 82 83 82
4 8 87 82 85 88 76
4 9 84 83 77 75 73
4 10 40 39 35 43 37
4 11 97 91 92 88 94
4 12 64 65 57 69 59
4 13 12 17 25 19 24
4 14 50 42 55 48 54
4 15 28 35 38 30 38
4 16 29 25 30 27 28
4 17 66 63 70 60 60
4 18 79 77 71 81 78
4 19 12 23 23 17 19
4 20 63 64 67 63 66
4 21 4 7 15 5 8
5 6 41 47 37 38 49
5 7 52 50 48 53 52
5 8 95 90 88 90 91
5 9 6 11 7 13 8
5 10 15 23 14 22 15
5 11 51 54 46 57 47
5 12 71 75 64 70 69
5 13 16 26 23 22 15
5 14 37 42 46 43 33
5 15 5 11 12 8 11
5 16 84 81 84 84 75
5 17 68 60 59 72 66
5 18 96 84 94 82 96
5 19 50 49 54 56 51
5 20 16 25 28 24 15
5 21 53 46 54 55 54
6 7 20 27 22 23 30
6 8 72 70 69 65 67
6 9 41 38 48 44 50
6 10 64 68 56 63 62
6 11 26 30 23 29 30
6 12 45 40 50 48 42
6 13 6 19 8 20 15
6 14 62 59 54 66 59
6 15 65 56 60 59 58
6 16 37 43 35 33 40
6 17 24 33 20 22 26
6 18 11 16 9 14 19
6 19 44 48 41 50 46
6 20 28 26 27 33 38
6 21 57 61 50 63 49
7 8 88 78 75 88 85
7 9 47 41 48 45 51
7 10 27 26 34 24 29
7 11 79 72 75 77 81
7 12 14 13 16 22 13
7 13 30 29 38 35 39
7 14 60 59 63 58 60
7 15 95 92 94 94 96
7 16 50 51 44 44 49
7 17 19 24 19 24 27
7 18 18 17 19 29 24
7 19 40 38 45 45 48
7 20 92 90 92 87 87
7 21 6 17 13 11 10
8 9 60 54 53 61 66
8 10 24 34 31 23 25
8 11 22 28 20 33 27
8 12 94 91 86 80 83
8 13 48 43 52 46 43
8 14 77 71 76 70 66
8 15 33 37 30 29 28
8 16 65 56 59 56 68
8 17 4 10 11 18 5
8 18 0 2 1 7 5
8 19 89 86 88 89 90
8 20 2 16 15 15 6
8 21 25 32 32 22 22
9 10 39 41 38 42 47
9 11 52 57 50 48 54
9 12 67 57 57 68 64
9 13 45 49 48 48 48
9 14 43 48 40 43 38
9 15 61 55 59 53 59
9 16 42 44 43 49 44
9 17 72 70 68 64 75
9 18 27 25 31 25 28
9 19 98 87 94 89 90
9 20 20 22 27 20 25
9 21 80 79 73 78 69
10 11 60 65 57 55 60
10 12 50 49 45 43 51
10 13 0 4 11 11 2
10 14 35 38 37 38 40
10 15 95 84 95 91 93
10 16 6 18 9 7 6
10 17 20 31 28 25 22
10 18 33 33 41 34 40
10 19 20 26 22 29 23
10 20 93 93 90 81 90
10 21 2 8 3 4 4
11 12 33 40 42 34 37
11 13 84 73 81 85 75
11 14 78 67 68 76 72
11 15 19 29 23 26 21
11 16 28 32 31 34 37
11 17 31 28 39 38 31
11 18 0 5 5 1 6
11 19 33 37 28 41 31
11 20 20 29 24 29 22
11 21 8 16 18 20 7
12 13 87 83 74 84 87
12 14 80 73 80 68 74
12 15 53 45 51 53 59
12 16 57 61 54 61 57
12 17 50 56 47 45 43
12 18 57 59 54 51 50
12 19 9 17 20 10 10
12 20 3 17 12 8 17
12 21 48 52 54 54 44
13 14 37 43 40 42 37
13 15 90 80 76 88 78
13 16 9 18 22 10 13
13 17 88 77 78 89 90
13 18 48 49 41 50 49
13 19 65 59 64 57 68
13 20 20 26 30 23 31
13 21 97 85 92 90 86
14 15 23 27 26 21 25
14 16 61 56 62 63 52
14 17 85 87 80 82 82
14 18 85 76 82 77 79
14 19 43 39 43 45 45
14 20 45 46 39 42 47
14 21 30 32 28 33 36
15 16 1 8 14 14 4
15 17 49 56 48 54 43
15 18 83 76 80 79 85
15 19 30 26 26 40 33
15 20 42 48 42 51 40
15 21 88 75 86 75 84
16 17 9 15 9 9 22
16 18 11 10 17 11 10
16 19 1 14 2 11 15
16 20 31 36 30 30 27
16 21 47 44 44 46 49
17 18 94 88 85 93 81
17 19 16 23 24 24 19
17 20 47 52 54 40 44
17 21 1 8 12 6 3
18 19 25 33 27 32 28
18 20 14 21 17 20 15
18 21 5 11 16 15 10
19 20 84 74 77 78 79
19 21 74 74 64 71 66
20 21 72 71 66 66 65
