25 5
0.5 0.5 0.0 0.0 0.0 
0 1 15 27 54 53 41
0 2 25 23 35 48 48
0 3 74 74 84 56 47
0 4 26 62 49 45 21
0 5 45 46 71 38 46
0 6 57 58 73 66 72
0 7 19 18 44 53 25
0 8 55 58 59 45 75
0 9 24 50 36 25 46
0 10 32 48 59 23 61
0 11 64 49 36 63 48
0 12 19 24 19 50 12
0 13 21 59 53 13 29
0 14 29 20 43 29 61
0 15 50 26 65 42 73
0 16 17 12 19 33 57
0 17 53 33 43 65 42
0 18 58 41 45 64 40
0 19 74 68 79 48 67
0 20 77 54 55 52 45
0 21 66 62 52 44 66
0 22 47 62 69 56 66
0 23 92 59 49 83 85
0 24 89 52 86 49 56
1 2 82 71 47 83 61
1 3 75 80 87 86 79
1 4 21 29 23 23 11
1 5 79 47 83 50 80
1 6 88 59 60 88 79
1 7 58 67 79 41 39
1 8 77 80 65 53 55
1 9 33 47 62 32 46
1 10 81 67 59 84 45
1 11 85 83 87 65 43
1 12 69 51 53 66 63
1 13 10 31 19 39 55
1 14 20 22 28 19 43
1 15 54 31 65 73 53
1 16 14 39 9 24 23
1 17 5 28 7 13 46
1 18 8 41 30 23 9
1 19 3 17 12 17 28
1 20 28 30 44 55 58
1 21 10 14 7 22 25
1 22 62 74 71 36 74
1 23 97 59 82 83 49
1 24 32 35 22 23 64
2 3 83 73 80 47 55
2 4 94 75 90 77 85
2 5 94 84 84 69 93
2 6 14 21 28 23 54
2 7 19 56 57 54 45
2 8 95 77 90 97 49
2 9 10 42 8 20 53
2 10 74 65 49 75 37
2 11 18 48 56 14 36
2 12 20 18 46 51 28
2 13 45 53 60 61 46
2 14 63 61 34 61 81
2 15 54 60 64 44 49
2 16 69 47 77 55 79
2 17 69 36 67 36 46
2 18 1 26 42 33 45
2 19 98 64 81 60 82
2 20 79 76 67 52 53
2 21 14 22 13 49 27
2 22 95 60 71 75 63
2 23 76 47 51 48 66
2 24 73 37 44 47 49
3 4 8 35 54 9 38
3 5 86 81 53 46 85
3 6 88 51 70 44 93
3 7 70 68 38 70 69
3 8 75 64 82 78 48
3 9 85 60 87 74 84
3 10 52 29 38 71 37
3 11 19 16 12 51 22
3 12 60 41 68 66 61
3 13 6 26 49 43 17
3 14 29 36 48 53 36
3 15 22 40 31 30 45
3 16 71 49 82 59 45
3 17 96 50 86 60 62
3 18 76 72 59 61 66
3 19 89 81 48 52 73
3 20 41 64 66 22 33
3 21 1 4 13 46 49
3 22 76 83 71 54 44
3 23 61 41 73 68 49
3 24 49 61 65 28 32
4 5 61 54 38 47 34
4 6 26 27 24 52 27
4 7 0 22 33 43 15
4 8 93 84 90 54 74
4 9 20 17 58 48 39
4 10 25 25 51 17 53
4 11 54 28 40 41 30
4 12 88 65 45 87 88
4 13 37 25 64 42 63
4 14 34 27 63 19 26
4 15 3 8 29 28 15
4 16 90 57 76 80 48
4 17 65 67 62 59 70
4 18 21 28 32 21 20
4 19 3 7 26 1 4
4 20 5 10 46 35 44
4 21 97 52 62 55 75
4 22 23 34 15 52 42
4 23 23 14 46 17 19
4 24 28 16 54 59 24
5 6 76 85 61 87 47
5 7 15 57 52 38 51
5 8 20 32 58 54 45
5 9 93 84 59 60 61
5 10 18 43 23 54 50
5 11 17 20 39 34 30
5 12 82 65 88 84 59
5 13 7 13 29 49 19
5 14 72 57 82 38 49
5 15 11 46 47 38 41
5 16 8 8 46 53 11
5 17 88 83 50 79 67
5 18 63 78 52 38 65
5 19 29 45 60 25 53
5 20 25 19 39 51 50
5 21 79 80 56 83 43
5 22 41 53 33 21 68
5 23 83 64 65 64 74
5 24 84 52 76 42 83
6 7 67 61 48 79 78
6 8 90 70 45 92 49
6 9 12 9 38 31 11
6 10 30 42 47 42 29
6 11 37 28 58 39 24
6 12 95 75 82 88 94
6 13 6 40 31 4 39
6 14 99 68 61 72 60
6 15 84 42 46 84 83
6 16 26 26 30 54 26
6 17 76 77 60 75 56
6 18 43 21 59 71 63
6 19 22 29 37 45 57
6 20 67 58 44 41 52
6 21 44 26 64 65 71
6 22 59 56 76 40 77
6 23 10 33 50 6 16
6 24 7 20 31 32 35
7 8 62 31 60 73 70
7 9 54 43 54 67 59
7 10 55 46 51 41 51
7 11 2 48 30 33 12
7 12 94 72 96 51 69
7 13 28 43 24 18 34
7 14 75 76 66 78 56
7 15 7 4 10 12 38
7 16 67 38 51 34 70
7 17 10 26 18 8 41
7 18 94 50 96 76 81
7 19 58 40 29 34 31
7 20 65 76 78 51 81
7 21 52 56 27 72 53
7 22 48 30 71 39 74
7 23 98 55 66 90 65
7 24 13 44 36 39 44
8 9 44 63 58 54 68
8 10 31 58 57 42 23
8 11 59 56 62 42 77
8 12 98 72 79 77 62
8 13 9 49 20 46 34
8 14 5 9 18 47 20
8 15 55 35 71 38 69
8 16 60 65 66 77 34
8 17 37 31 40 51 58
8 18 22 14 41 31 27
8 19 66 43 36 76 48
8 20 20 15 41 47 34
8 21 75 41 70 57 81
8 22 83 78 49 86 51
8 23 75 47 39 38 45
8 24 82 78 72 83 44
9 10 22 19 20 46 45
9 11 15 41 23 23 33
9 12 81 66 58 90 83
9 13 55 60 51 49 35
9 14 82 79 81 51 78
9 15 68 58 45 77 38
9 16 25 13 23 44 16
9 17 36 65 67 57 66
9 18 72 54 51 68 47
9 19 79 79 68 79 60
9 20 36 48 23 40 50
9 21 45 59 43 30 33
9 22 70 42 72 81 41
9 23 44 25 47 68 48
9 24 18 12 13 10 45
10 11 11 51 45 20 30
10 12 1 22 29 41 5
10 13 90 71 50 91 64
10 14 13 20 39 42 7
10 15 95 93 84 71 90
10 16 85 55 85 49 45
10 17 12 27 14 10 49
10 18 19 16 18 59 19
10 19 52 31 38 68 60
10 20 75 61 62 42 68
10 21 18 46 44 18 14
10 22 79 55 66 59 50
10 23 84 48 49 59 83
10 24 88 69 60 53 53
11 12 76 58 79 85 83
11 13 95 70 75 79 92
11 14 90 66 82 84 54
11 15 77 85 63 49 53
11 16 29 28 29 45 60
11 17 26 41 41 33 44
11 18 48 71 49 49 53
11 19 77 81 70 79 49
11 20 37 56 22 35 22
11 21 9 42 44 36 48
11 22 39 48 32 38 54
11 23 40 63 62 57 49
11 24 19 33 26 20 52
12 13 29 49 48 44 24
12 14 27 45 52 29 45
12 15 69 55 55 83 77
12 16 5 37 25 23 44
12 17 27 25 53 35 45
12 18 74 81 70 67 86
12 19 57 58 57 37 51
12 20 0 19 34 30 22
12 21 91 79 67 94 77
12 22 68 48 35 38 42
12 23 81 51 43 63 90
12 24 63 51 38 58 75
13 14 1 48 13 42 19
13 15 17 45 53 43 26
13 16 2 4 37 31 15
13 17 81 73 72 53 81
13 18 76 81 72 51 50
13 19 81 70 81 41 76
13 20 63 41 72 48 60
13 21 46 30 36 27 41
13 22 52 39 68 56 34
13 23 19 27 25 40 15
13 24 11 6 24 7 33
14 15 83 80 82 52 62
14 16 62 32 57 40 54
14 17 73 73 60 73 73
14 18 15 52 30 12 46
14 19 27 33 47 47 43
14 20 3 5 2 41 6
14 21 84 70 70 64 78
14 22 4 42 14 48 44
14 23 92 79 80 94 85
14 24 70 61 82 44 64
15 16 96 87 83 73 82
15 17 33 33 22 33 16
15 18 90 59 82 83 61
15 19 56 38 38 44 62
15 20 17 24 41 55 8
15 21 51 72 64 27 47
15 22 43 43 49 36 54
15 23 36 50 51 46 29
15 24 34 63 49 37 43
16 17 85 68 63 63 50
16 18 90 83 51 57 69
16 19 77 86 88 68 39
16 20 67 39 68 78 76
16 21 34 24 53 56 19
16 22 23 46 61 32 36
16 23 86 59 72 52 74
16 24 13 47 56 17 16
17 18 69 67 79 59 71
17 19 4 7 29 16 38
17 20 27 30 56 43 14
17 21 35 67 21 49 51
17 22 79 53 76 63 84
17 23 33 60 46 39 42
17 24 8 43 35 28 16
18 19 61 32 63 44 76
18 20 12 22 55 14 43
18 21 99 69 98 60 66
18 22 28 53 56 20 29
18 23 11 55 24 23 46
18 24 54 61 30 46 45
19 20 30 46 58 34 41
19 21 31 58 50 22 38
19 22 34 35 38 51 67
19 23 64 78 74 61 56
19 24 50 36 29 57 56
20 21 12 45 46 18 39
20 22 62 43 40 44 42
20 23 76 84 67 71 69
20 24 19 55 37 33 52
21 22 24 44 48 39 59
21 23 0 34 17 14 19
21 24 84 90 82 44 68
22 23 1 36 34 24 8
22 24 30 59 38 25 54
23 24 63 73 34 36 38
