30 5
0.25 0.25 0.25 0.25 0.0 
0 1 67 72 57 67 60
0 2 45 52 52 48 41
0 3 97 86 95 86 90
0 4 3 13 16 5 14
0 5 97 90 85 86 96
0 6 55 53 52 48 60
0 7 64 59 58 63 65
0 8 64 61 61 63 56
0 9 19 19 18 22 23
0 10 21 27 27 29 29
0 11 5 5 17 8 12
0 12 76 78 70 70 67
0 13 17 25 16 26 25
0 14 44 49 47 51 42
0 15 78 76 74 69 70
0 16 51 44 58 46 50
0 17 82 71 79 71 79
0 18 42 36 36 42 41
0 19 40 36 35 48 37
0 20 22 33 29 27 27
0 21 9 18 8 13 18
0 22 53 52 51 57 54
0 23 13 18 21 14 17
0 24 38 33 46 47 43
0 25 39 40 48 47 43
0 26 19 20 20 19 18
0 27 36 41 39 42 32
0 28 92 93 93 82 83
0 29 47 49 53 46 54
1 2 66 64 63 70 56
1 3 91 89 85 90 86
1 4 13 25 16 24 17
1 5 20 22 31 26 23
1 6 98 85 92 86 91
1 7 79 72 80 82 70
1 8 37 33 40 32 45
1 9 97 92 87 83 86
1 10 95 85 82 85 94
1 11 75 78 72 73 72
1 12 16 17 25 19 24
1 13 67 58 60 60 60
1 14 64 66 56 60 60
1 15 32 28 30 34 35
1 16 98 96 87 89 83
1 17 16 25 21 18 24
1 18 47 42 47 52 42
1 19 13 16 14 12 25
1 20 19 19 27 29 24
1 21 45 41 46 41 49
1 22 80 74 70 82 77
1 23 20 22 30 29 23
1 24 66 67 61 61 61
1 25 69 66 70 67 64
1 26 92 78 83 90 82
1 27 27 34 26 38 33
1 28 11 13 20 14 10
1 29 0 7 13 9 4
2 3 79 70 69 71 73
2 4 70 72 70 63 62
2 5 84 81 78 74 84
2 6 83 83 81 71 85
2 7 53 54 58 50 46
2 8 61 63 62 55 53
2 9 58 58 61 50 56
2 10 10 11 18 14 21
2 11 74 74 63 70 73
2 12 77 70 70 79 78
2 13 50 54 56 52 46
2 14 5 15 18 13 17
2 15 19 24 21 30 26
2 16 94 95 86 86 84
2 17 43 46 45 48 46
2 18 34 32 38 38 40
2 19 8 12 18 11 13
2 20 2 2 4 4 9
2 21 2 3 13 15 2
2 22 96 94 96 95 86
2 23 67 69 59 69 68
2 24 60 61 65 62 52
2 25 13 23 25 23 21
2 26 67 70 60 59 65
2 27 66 65 58 60 57
2 28 89 90 77 86 78
2 29 78 80 75 67 70
3 4 15 13 14 23 26
3 5 41 43 46 44 37
3 6 96 94 86 93 86
3 7 39 35 37 47 35
3 8 86 87 84 86 87
3 9 55 54 48 48 53
3 10 2 15 6 9 5
3 11 99 94 92 96 91
3 12 94 82 80 95 82
3 13 72 70 67 63 62
3 14 80 77 71 81 79
3 15 24 29 34 29 24
3 16 84 85 77 73 79
3 17 20 28 19 26 19
3 18 64 61 63 60 56
3 19 79 72 72 74 77
3 20 92 82 79 89 85
3 21 59 60 64 55 55
3 22 31 40 34 37 29
3 23 49 53 47 52 51
3 24 77 74 70 71 75
3 25 42 40 45 38 47
3 26 89 90 80 84 78
3 27 33 43 38 42 43
3 28 25 33 22 36 22
3 29 45 43 45 39 41
4 5 27 23 29 36 36
4 6 47 48 42 46 44
4 7 70 68 62 68 71
4 8 39 43 34 41 40
4 9 58 51 58 60 63
4 10 0 9 4 11 6
4 11 83 84 82 73 81
4 12 57 59 59 59 58
4 13 61 65 58 65 53
4 14 26 22 36 31 33
4 15 83 80 82 83 76
4 16 71 68 69 63 72
4 17 15 19 15 14 21
4 18 88 85 80 87 77
4 19 65 56 55 63 66
4 20 27 29 24 24 28
4 21 3 6 13 14 11
4 22 80 81 77 78 76
4 23 71 60 64 70 70
4 24 93 86 87 92 86
4 25 61 59 55 63 53
4 26 53 53 54 49 59
4 27 1 8 3 6 10
4 28 94 83 86 87 95
4 29 70 68 68 72 73
5 6 2 11 8 16 5
5 7 9 19 10 22 18
5 8 27 27 26 28 30
5 9 90 79 91 77 91
5 10 80 78 70 82 69
5 11 99 96 94 85 99
5 12 78 75 68 78 68
5 13 34 41 35 42 43
5 14 82 77 74 79 74
5 15 73 63 73 63 65
5 16 81 76 75 77 81
5 17 33 35 43 34 43
5 18 33 29 31 40 41
5 19 43 36 44 43 37
5 20 47 49 46 45 49
5 21 79 81 82 71 78
5 22 90 90 90 89 77
5 23 42 48 41 39 48
5 24 94 80 90 87 83
5 25 86 83 76 88 84
5 26 92 84 83 82 83
5 27 90 90 86 81 90
5 28 5 19 9 12 14
5 29 67 69 60 67 71
6 7 41 46 35 46 41
6 8 84 83 85 83 75
6 9 14 21 18 27 22
6 10 46 52 46 39 41
6 11 82 77 79 74 82
6 12 50 49 46 49 44
6 13 91 83 87 84 78
6 14 91 79 88 89 82
6 15 36 39 36 37 32
6 16 76 77 70 78 77
6 17 59 54 53 55 60
6 18 38 44 40 45 45
6 19 19 30 31 18 27
6 20 21 24 18 27 28
6 21 26 25 30 32 26
6 22 73 65 75 67 64
6 23 65 65 68 60 58
6 24 18 23 20 24 16
6 25 48 44 41 52 42
6 26 23 32 24 25 20
6 27 94 92 86 92 94
6 28 29 26 35 37 38
6 29 81 78 76 79 79
7 8 58 64 59 56 57
7 9 69 60 71 68 66
7 10 24 31 26 30 29
7 11 28 29 24 35 37
7 12 42 47 41 41 39
7 13 96 91 87 93 83
7 14 65 68 62 62 70
7 15 60 55 63 52 57
7 16 69 73 64 63 64
7 17 0 13 11 3 4
7 18 68 64 65 66 58
7 19 98 91 84 91 96
7 20 96 89 85 82 86
7 21 41 37 38 44 45
7 22 47 53 45 44 54
7 23 85 87 83 75 80
7 24 55 57 54 49 47
7 25 95 86 84 81 87
7 26 88 78 80 88 87
7 27 25 31 30 34 29
7 28 98 91 97 93 97
7 29 1 15 2 14 3
8 9 82 72 82 72 74
8 10 62 56 64 55 61
8 11 88 81 76 87 82
8 12 95 93 84 85 94
8 13 72 64 71 74 63
8 14 8 17 18 17 15
8 15 60 59 53 61 56
8 16 40 39 45 35 40
8 17 2 17 5 11 9
8 18 39 42 35 37 46
8 19 33 35 37 29 32
8 20 77 75 74 67 71
8 21 43 43 39 39 45
8 22 64 57 69 65 57
8 23 34 29 39 38 35
8 24 93 88 83 89 93
8 25 66 64 62 67 60
8 26 88 83 85 86 75
8 27 59 56 55 58 62
8 28 46 43 51 43 43
8 29 8 13 19 8 17
9 10 45 50 43 42 43
9 11 70 61 73 74 70
9 12 12 12 13 23 20
9 13 76 76 76 66 67
9 14 79 81 73 75 69
9 15 78 81 69 67 72
9 16 47 43 53 45 50
9 17 69 68 70 67 67
9 18 26 25 33 22 36
9 19 55 53 61 51 48
9 20 11 12 22 22 23
9 21 53 56 48 50 56
9 22 47 55 46 44 45
9 23 43 44 47 37 50
9 24 19 24 23 27 17
9 25 50 46 46 57 53
9 26 38 37 45 45 38
9 27 88 84 89 76 75
9 28 14 14 26 24 21
9 29 82 78 76 82 85
10 11 35 31 33 32 40
10 12 57 58 58 54 60
10 13 93 90 92 84 83
10 14 61 62 67 56 55
10 15 89 90 76 79 81
10 16 33 41 31 33 39
10 17 62 56 55 63 59
10 18 44 50 49 38 44
10 19 4 15 17 10 17
10 20 81 80 71 82 78
10 21 98 87 96 85 97
10 22 94 83 82 92 80
10 23 71 62 67 60 63
10 24 58 54 59 60 55
10 25 67 65 66 65 61
10 26 23 32 24 34 20
10 27 72 66 65 63 63
10 28 33 37 32 30 32
10 29 39 36 42 37 46
11 12 30 37 32 28 27
11 13 15 20 24 20 23
11 14 42 45 42 40 47
11 15 73 77 64 63 72
11 16 32 40 40 33 36
11 17 16 19 23 27 20
11 18 1 8 6 4 7
11 19 74 69 78 65 68
11 20 57 56 60 63 56
11 21 96 89 95 90 82
11 22 57 52 52 49 55
11 23 58 58 64 57 58
11 24 84 80 85 72 85
11 25 53 53 56 45 49
11 26 7 13 19 11 17
11 27 98 89 86 89 85
11 28 19 27 30 24 29
11 29 88 90 81 80 77
12 13 77 70 67 70 68
12 14 40 42 44 45 39
12 15 84 75 77 83 72
12 16 67 68 60 58 64
12 17 1 9 3 3 4
12 18 16 28 23 14 18
12 19 68 73 65 65 69
12 20 32 32 31 31 37
12 21 62 60 60 60 65
12 22 29 29 33 27 38
12 23 55 52 53 52 55
12 24 91 84 80 83 85
12 25 73 74 68 75 71
12 26 39 34 39 37 33
12 27 12 14 14 21 16
12 28 43 43 38 43 46
12 29 5 13 11 13 11
13 14 93 89 80 83 90
13 15 8 14 21 18 8
13 16 46 54 51 40 40
13 17 78 73 80 76 68
13 18 21 18 27 30 23
13 19 83 83 74 73 72
13 20 33 40 29 38 34
13 21 17 15 24 15 25
13 22 21 25 29 27 20
13 23 45 52 44 40 46
13 24 6 19 18 13 15
13 25 28 34 37 37 28
13 26 93 81 86 91 92
13 27 70 66 74 72 63
13 28 65 60 58 65 57
13 29 29 33 32 36 28
14 15 98 97 91 85 86
14 16 56 61 54 58 48
14 17 32 32 29 35 31
14 18 67 66 71 65 68
14 19 80 73 83 78 70
14 20 62 66 54 54 54
14 21 24 25 33 35 27
14 22 47 42 54 50 46
14 23 0 9 5 11 3
14 24 74 74 77 78 71
14 25 17 22 21 14 15
14 26 14 18 22 15 20
14 27 29 26 29 35 29
14 28 85 80 78 87 74
14 29 97 83 94 83 85
15 16 70 73 73 62 74
15 17 25 21 22 22 29
15 18 47 43 53 48 42
15 19 27 34 32 26 25
15 20 4 9 4 18 10
15 21 80 75 82 71 79
15 22 59 58 54 63 63
15 23 73 75 63 75 68
15 24 2 15 5 7 8
15 25 0 6 12 3 13
15 26 14 19 23 24 27
15 27 83 84 74 85 77
15 28 8 9 21 16 12
15 29 64 61 60 65 61
16 17 38 46 43 39 33
16 18 67 69 61 62 60
16 19 95 89 84 90 92
16 20 97 86 96 98 85
16 21 38 38 33 32 40
16 22 56 50 48 57 53
16 23 38 42 37 42 43
16 24 56 50 48 52 49
16 25 0 4 2 2 4
16 26 42 48 47 51 40
16 27 64 69 61 56 64
16 28 56 52 61 49 56
16 29 15 20 20 19 17
17 18 23 32 24 22 31
17 19 96 82 95 93 93
17 20 11 14 24 14 16
17 21 42 36 43 48 43
17 22 96 94 87 92 94
17 23 6 7 11 12 8
17 24 6 14 15 14 6
17 25 83 83 84 82 79
17 26 34 32 32 31 31
17 27 35 38 35 37 35
17 28 98 88 95 95 98
17 29 43 43 42 44 41
18 19 57 60 53 59 55
18 20 30 38 30 39 39
18 21 97 88 88 90 94
18 22 70 73 70 72 66
18 23 44 49 48 46 43
18 24 50 54 45 55 45
18 25 79 72 73 75 81
18 26 80 79 78 79 69
18 27 33 40 31 36 28
18 28 40 45 44 38 43
18 29 79 79 71 67 81
19 20 40 36 44 35 37
19 21 15 25 22 25 16
19 22 64 63 66 65 59
19 23 99 97 88 86 92
19 24 67 58 59 58 57
19 25 1 6 8 2 3
19 26 63 67 57 67 58
19 27 53 53 47 50 55
19 28 8 13 7 17 9
19 29 43 49 50 51 40
20 21 80 68 74 73 81
20 22 83 83 77 76 81
20 23 80 82 82 75 82
20 24 14 25 13 14 16
20 25 62 61 61 61 57
20 26 66 68 62 64 65
20 27 11 19 10 23 18
20 28 12 19 11 12 21
20 29 1 13 15 16 11
21 22 14 12 18 24 15
21 23 84 80 80 79 77
21 24 44 48 41 48 49
21 25 54 59 53 47 61
21 26 54 52 60 52 51
21 27 62 62 63 62 63
21 28 89 85 81 84 85
21 29 94 82 84 86 83
22 23 41 40 46 42 45
22 24 76 67 69 74 68
22 25 55 57 54 49 48
22 26 34 40 33 36 32
22 27 28 24 30 29 38
22 28 56 61 56 51 62
22 29 88 89 89 81 79
23 24 34 43 35 37 34
23 25 50 54 56 48 49
23 26 10 16 14 23 12
23 27 83 75 75 77 82
23 28 28 28 39 32 27
23 29 11 13 12 19 17
24 25 85 87 76 74 83
24 26 13 25 17 17 21
24 27 1 14 16 7 9
24 28 95 82 86 88 94
24 29 7 18 18 9 17
25 26 91 83 81 86 84
25 27 43 45 42 42 38
25 28 69 70 69 65 70
25 29 52 58 49 49 58
26 27 48 48 49 54 53
26 28 36 32 33 43 34
26 29 60 55 64 51 60
27 28 27 36 25 31 25
27 29 50 52 53 57 56
28 29 13 19 25 19 18
