33 5
0.333333 0.333333 0.333333 0.0 0.0 
0 1 10 26 13 38 39
0 2 78 51 65 82 46
0 3 73 41 63 83 83
0 4 30 36 37 30 24
0 5 50 29 39 41 27
0 6 40 36 38 22 32
0 7 30 41 53 32 43
0 8 25 27 22 20 26
0 9 56 46 47 74 54
0 10 27 28 24 17 43
0 11 88 92 61 58 86
0 12 49 45 38 43 44
0 13 3 12 25 14 35
0 14 13 35 45 38 45
0 15 28 57 52 42 37
0 16 8 53 10 50 9
0 17 65 72 69 61 37
0 18 36 52 50 59 66
0 19 25 27 26 45 58
0 20 5 43 21 16 17
0 21 70 55 40 82 72
0 22 31 21 26 56 25
0 23 70 51 66 64 56
0 24 13 20 25 50 47
0 25 94 63 48 66 66
0 26 38 47 31 36 30
0 27 26 55 29 60 27
0 28 73 66 46 43 41
0 29 37 19 26 25 35
0 30 4 17 34 19 51
0 31 48 27 57 52 46
0 32 94 76 52 53 68
1 2 52 71 55 57 48
1 3 83 46 80 83 48
1 4 20 24 21 22 51
1 5 95 71 59 95 81
1 6 72 64 50 45 41
1 7 3 20 23 22 37
1 8 5 10 49 47 22
1 9 96 58 88 61 89
1 10 67 36 56 77 35
1 11 59 64 51 37 50
1 12 38 39 29 49 61
1 13 41 48 44 21 38
1 14 76 67 83 61 53
1 15 37 37 66 24 54
1 16 81 74 69 80 47
1 17 79 70 41 57 72
1 18 54 55 53 47 67
1 19 2 22 30 46 25
1 20 50 55 48 62 43
1 21 97 96 73 62 89
1 22 13 37 34 53 51
1 23 75 74 39 38 83
1 24 35 43 26 28 54
1 25 11 20 18 55 14
1 26 59 48 76 76 68
1 27 63 39 32 68 81
1 28 98 96 80 96 54
1 29 41 45 31 37 46
1 30 96 89 85 78 66
1 31 56 31 42 41 60
1 32 73 54 56 48 83
2 3 68 80 73 68 53
2 4 67 54 37 78 60
2 5 81 90 50 55 65
2 6 69 67 51 48 47
2 7 17 48 35 47 15
2 8 21 32 19 42 50
2 9 7 11 7 18 45
2 10 31 24 40 31 45
2 11 26 33 33 41 54
2 12 14 41 10 20 41
2 13 78 83 80 66 80
2 14 19 37 30 20 42
2 15 55 32 63 38 64
2 16 9 40 39 23 41
2 17 87 45 72 52 44
2 18 73 57 76 40 83
2 19 42 47 58 38 47
2 20 7 51 30 17 4
2 21 30 28 15 29 43
2 22 87 44 62 48 89
2 23 47 29 61 59 49
2 24 28 23 60 20 16
2 25 28 61 50 49 39
2 26 75 58 74 71 66
2 27 34 36 60 41 56
2 28 93 88 70 90 54
2 29 50 72 34 32 41
2 30 33 50 64 24 55
2 31 44 60 53 65 39
2 32 97 54 81 60 67
3 4 42 34 68 43 69
3 5 90 76 56 45 90
3 6 26 59 44 46 62
3 7 98 95 51 91 67
3 8 72 77 43 83 69
3 9 44 24 56 45 35
3 10 75 72 69 48 82
3 11 95 83 96 49 49
3 12 68 58 82 81 72
3 13 8 41 29 51 30
3 14 78 78 70 63 46
3 15 23 44 33 41 17
3 16 34 65 40 33 37
3 17 13 55 39 51 44
3 18 55 52 55 67 39
3 19 41 29 65 43 27
3 20 30 49 35 51 45
3 21 69 57 76 54 61
3 22 65 65 82 37 71
3 23 47 54 62 62 58
3 24 46 28 53 66 62
3 25 71 74 53 58 62
3 26 85 61 48 52 65
3 27 87 72 68 67 46
3 28 96 81 76 70 79
3 29 19 53 12 48 13
3 30 5 48 47 35 17
3 31 0 23 27 19 42
3 32 20 19 58 40 22
4 5 28 59 59 62 26
4 6 32 55 48 61 61
4 7 33 30 57 26 45
4 8 27 30 53 23 61
4 9 32 19 65 31 51
4 10 11 15 52 40 14
4 11 57 72 33 52 36
4 12 14 22 19 9 33
4 13 3 8 5 25 23
4 14 8 4 10 41 21
4 15 55 30 37 37 37
4 16 66 34 43 47 72
4 17 71 69 65 39 67
4 18 34 24 17 28 21
4 19 62 68 43 51 73
4 20 89 50 78 90 71
4 21 37 68 34 34 53
4 22 57 68 48 76 76
4 23 97 71 61 63 76
4 24 27 30 43 30 57
4 25 72 41 41 78 74
4 26 12 7 29 27 29
4 27 89 70 80 61 69
4 28 69 80 79 54 80
4 29 54 52 70 51 55
4 30 57 32 73 37 64
4 31 47 44 27 56 23
4 32 36 20 44 38 37
5 6 27 14 56 45 55
5 7 27 26 27 18 51
5 8 4 7 42 50 35
5 9 42 35 39 30 53
5 10 50 65 56 66 52
5 11 32 40 20 55 63
5 12 86 50 73 83 44
5 13 17 17 57 31 54
5 14 71 80 56 80 50
5 15 9 35 19 46 24
5 16 36 41 52 67 56
5 17 57 36 69 59 69
5 18 78 79 56 74 78
5 19 42 50 37 27 64
5 20 28 53 34 51 37
5 21 96 85 89 67 74
5 22 35 33 26 45 23
5 23 48 60 40 68 41
5 24 24 13 23 58 26
5 25 58 61 72 55 58
5 26 44 35 54 63 26
5 27 74 86 75 37 66
5 28 79 56 57 51 75
5 29 2 24 37 10 29
5 30 15 17 31 8 22
5 31 58 47 76 52 47
5 32 77 68 46 56 79
6 7 16 40 49 9 15
6 8 81 85 71 77 84
6 9 44 69 26 69 53
6 10 9 26 41 30 22
6 11 67 82 71 55 80
6 12 1 46 42 41 7
6 13 18 53 26 47 47
6 14 14 24 12 22 45
6 15 99 81 83 57 78
6 16 56 40 29 53 51
6 17 7 25 29 51 26
6 18 93 65 92 89 48
6 19 18 34 11 54 17
6 20 54 53 44 33 75
6 21 3 16 8 36 29
6 22 96 53 70 51 74
6 23 62 50 75 65 37
6 24 28 22 34 22 44
6 25 91 80 87 50 59
6 26 93 50 73 78 50
6 27 71 54 85 57 46
6 28 57 31 33 58 47
6 29 51 31 64 30 56
6 30 88 54 56 44 76
6 31 37 30 27 23 37
6 32 40 46 41 34 40
7 8 64 76 76 44 55
7 9 80 63 43 81 45
7 10 8 35 30 38 29
7 11 1 28 45 50 6
7 12 55 45 77 35 69
7 13 82 54 87 88 61
7 14 75 39 48 84 40
7 15 89 55 61 45 88
7 16 76 42 74 40 51
7 17 5 12 10 24 9
7 18 21 48 42 19 21
7 19 38 31 61 68 59
7 20 58 36 51 36 63
7 21 84 45 49 69 80
7 22 33 53 62 30 43
7 23 61 61 68 32 64
7 24 61 73 53 33 32
7 25 12 49 29 27 30
7 26 55 77 52 74 42
7 27 11 6 51 34 38
7 28 36 19 63 43 24
7 29 19 17 39 29 30
7 30 9 40 9 42 41
7 31 70 67 40 36 40
7 32 63 63 49 58 58
8 9 17 11 14 52 43
8 10 38 27 56 47 22
8 11 11 6 28 34 39
8 12 4 6 43 51 34
8 13 55 38 49 68 31
8 14 68 50 65 46 37
8 15 58 45 45 35 66
8 16 27 50 62 42 29
8 17 52 42 46 32 34
8 18 53 72 74 33 63
8 19 56 31 74 67 60
8 20 78 68 66 51 86
8 21 95 55 91 84 50
8 22 58 36 42 31 56
8 23 21 23 58 52 40
8 24 37 60 31 68 59
8 25 97 94 78 59 79
8 26 82 46 75 77 85
8 27 51 30 73 59 29
8 28 22 12 39 53 55
8 29 44 71 38 34 35
8 30 40 53 51 44 63
8 31 38 67 31 49 50
8 32 75 68 49 74 59
9 10 58 43 51 44 43
9 11 25 29 56 14 34
9 12 5 41 50 15 31
9 13 26 47 49 17 32
9 14 98 87 69 55 89
9 15 38 29 39 46 28
9 16 71 59 54 67 51
9 17 36 65 54 39 42
9 18 1 20 1 20 39
9 19 94 73 79 56 66
9 20 57 75 33 75 34
9 21 69 45 46 36 62
9 22 26 23 30 17 50
9 23 86 84 65 43 46
9 24 29 33 55 55 46
9 25 80 54 52 78 67
9 26 72 36 59 39 45
9 27 95 54 83 70 65
9 28 82 50 42 53 75
9 29 29 57 42 48 64
9 30 90 74 66 63 88
9 31 92 65 48 50 78
9 32 69 63 39 79 42
10 11 73 62 72 39 72
10 12 17 44 28 30 23
10 13 46 38 25 25 64
10 14 47 69 35 43 28
10 15 46 28 56 40 55
10 16 83 49 86 51 46
10 17 47 69 25 72 52
10 18 32 51 60 17 62
10 19 4 28 48 27 23
10 20 93 88 67 85 73
10 21 19 39 19 53 41
10 22 28 63 57 43 60
10 23 54 29 52 61 33
10 24 53 53 65 31 29
10 25 31 56 17 26 41
10 26 53 54 71 44 46
10 27 86 43 58 51 46
10 28 98 54 70 87 66
10 29 83 76 46 66 76
10 30 21 13 43 46 31
10 31 78 68 79 52 68
10 32 85 45 89 53 68
11 12 20 40 59 22 35
11 13 24 13 22 51 42
11 14 58 71 39 38 68
11 15 83 74 52 68 91
11 16 75 52 39 80 83
11 17 29 37 27 44 29
11 18 89 64 87 88 73
11 19 78 56 74 68 87
11 20 37 37 39 36 28
11 21 14 53 13 52 43
11 22 36 42 61 63 44
11 23 82 71 67 90 59
11 24 13 55 14 16 18
11 25 36 25 54 22 53
11 26 52 28 36 30 36
11 27 91 49 81 73 72
11 28 88 78 63 65 90
11 29 78 83 54 62 62
11 30 61 65 37 57 59
11 31 44 38 69 24 37
11 32 31 51 36 64 58
12 13 45 30 48 71 42
12 14 63 53 37 59 31
12 15 29 46 52 37 61
12 16 40 39 46 65 63
12 17 31 64 36 24 39
12 18 77 71 72 62 38
12 19 72 77 47 40 69
12 20 47 71 29 45 33
12 21 41 32 65 26 69
12 22 26 63 45 61 55
12 23 18 24 39 44 18
12 24 86 43 91 69 86
12 25 64 63 46 71 60
12 26 74 63 81 41 38
12 27 69 67 74 51 78
12 28 30 36 21 32 57
12 29 17 24 16 43 52
12 30 14 30 15 21 23
12 31 26 48 54 42 44
12 32 47 33 44 62 43
13 14 53 61 50 61 52
13 15 13 31 10 54 56
13 16 42 63 59 53 24
13 17 85 58 87 56 75
13 18 78 75 49 44 43
13 19 14 14 42 52 25
13 20 48 73 55 31 49
13 21 98 77 59 55 79
13 22 78 56 56 72 46
13 23 10 10 11 21 18
13 24 58 74 73 35 49
13 25 37 29 59 21 45
13 26 14 19 50 48 19
13 27 85 52 66 71 71
13 28 77 57 43 77 45
13 29 29 15 30 62 47
13 30 67 48 40 78 36
13 31 16 19 9 18 52
13 32 67 62 78 49 40
14 15 99 98 56 92 61
14 16 56 67 31 53 34
14 17 97 56 85 51 48
14 18 23 40 43 13 12
14 19 76 85 84 41 51
14 20 62 39 62 57 79
14 21 24 58 40 47 28
14 22 62 79 76 67 55
14 23 5 36 14 33 5
14 24 68 81 64 70 36
14 25 56 77 65 74 73
14 26 4 4 12 16 17
14 27 7 20 28 51 42
14 28 68 84 76 73 68
14 29 59 44 42 63 69
14 30 17 15 31 56 36
14 31 19 53 18 16 48
14 32 58 57 43 44 55
15 16 36 59 52 60 24
15 17 75 83 63 48 74
15 18 44 65 45 44 72
15 19 66 37 39 49 48
15 20 0 33 21 39 19
15 21 37 19 42 29 57
15 22 14 46 52 56 15
15 23 0 14 3 43 50
15 24 89 69 55 71 86
15 25 54 69 56 36 36
15 26 55 57 45 69 76
15 27 51 64 58 37 42
15 28 14 13 33 45 56
15 29 36 49 50 47 64
15 30 21 49 17 18 42
15 31 44 30 70 33 52
15 32 32 33 24 54 32
16 17 8 51 28 40 7
16 18 42 43 54 54 25
16 19 52 37 27 50 39
16 20 10 33 8 21 30
16 21 44 42 30 57 37
16 22 30 52 34 22 38
16 23 54 44 55 47 75
16 24 16 50 24 23 48
16 25 44 22 56 55 24
16 26 45 25 66 69 45
16 27 93 87 68 85 48
16 28 52 37 54 47 50
16 29 82 53 85 83 54
16 30 61 49 58 47 46
16 31 91 88 69 80 84
16 32 5 14 23 12 42
17 18 35 65 37 40 46
17 19 35 45 47 53 59
17 20 82 44 54 44 56
17 21 70 52 73 55 64
17 22 28 41 60 53 52
17 23 17 20 54 52 45
17 24 93 71 52 56 54
17 25 55 54 38 33 62
17 26 12 55 50 36 10
17 27 17 58 41 18 54
17 28 81 42 45 80 44
17 29 17 55 43 46 39
17 30 50 71 39 42 62
17 31 36 40 30 39 47
17 32 37 60 23 45 52
18 19 54 41 41 68 55
18 20 84 71 57 78 77
18 21 80 75 62 49 86
18 22 58 47 77 44 39
18 23 5 19 32 18 8
18 24 24 46 57 35 42
18 25 11 17 55 36 53
18 26 39 29 36 37 49
18 27 65 39 54 38 70
18 28 85 60 44 83 83
18 29 55 38 66 54 48
18 30 4 44 15 3 44
18 31 68 69 46 46 63
18 32 16 31 51 24 14
19 20 21 42 28 33 21
19 21 64 46 52 75 71
19 22 98 77 75 68 72
19 23 41 51 34 56 25
19 24 51 59 65 38 75
19 25 58 45 69 61 61
19 26 60 58 65 77 75
19 27 39 60 57 57 48
19 28 33 42 59 58 48
19 29 92 72 89 79 81
19 30 71 85 78 65 73
19 31 74 60 43 39 84
19 32 56 34 36 30 37
20 21 92 71 47 63 71
20 22 30 17 49 62 38
20 23 7 25 46 45 42
20 24 56 42 63 58 67
20 25 51 49 41 61 52
20 26 73 53 58 38 67
20 27 78 44 55 45 47
20 28 39 55 38 43 66
20 29 72 59 84 57 53
20 30 62 46 44 40 69
20 31 91 72 47 70 68
20 32 52 29 67 38 52
21 22 64 77 62 65 34
21 23 52 33 36 55 54
21 24 98 75 92 50 89
21 25 3 28 34 4 47
21 26 34 64 39 65 38
21 27 17 42 26 24 26
21 28 33 52 32 41 32
21 29 66 73 41 48 50
21 30 92 60 70 82 73
21 31 0 13 26 6 22
21 32 82 80 83 45 52
22 23 99 63 87 56 84
22 24 50 31 51 51 37
22 25 80 51 43 77 58
22 26 36 31 20 34 29
22 27 68 62 48 79 54
22 28 26 25 17 29 27
22 29 92 84 55 54 78
22 30 72 73 75 51 40
22 31 54 31 69 46 34
22 32 79 76 83 45 73
23 24 19 56 43 59 42
23 25 39 20 58 45 46
23 26 87 83 76 67 64
23 27 78 60 50 64 67
23 28 76 82 52 62 54
23 29 42 30 59 43 58
23 30 52 49 74 30 74
23 31 60 80 33 42 67
23 32 30 43 50 32 48
24 25 49 38 63 48 35
24 26 45 31 30 57 63
24 27 41 59 52 70 21
24 28 74 39 43 50 50
24 29 9 48 23 37 42
24 30 6 4 39 34 32
24 31 80 68 63 82 62
24 32 61 34 73 34 78
25 26 66 72 75 61 57
25 27 4 36 38 18 44
25 28 69 80 46 75 62
25 29 29 28 43 58 19
25 30 34 47 54 23 34
25 31 39 31 62 21 68
25 32 34 28 30 64 37
26 27 1 13 45 24 36
26 28 88 65 76 52 91
26 29 9 19 13 14 27
26 30 63 76 57 49 81
26 31 23 33 56 17 44
26 32 95 56 54 79 87
27 28 87 86 43 50 50
27 29 93 56 80 72 64
27 30 5 21 8 27 12
27 31 96 82 91 80 56
27 32 0 37 34 34 2
28 29 86 44 77 58 56
28 30 25 39 54 32 21
28 31 89 60 83 71 66
28 32 65 47 45 44 60
29 30 23 16 29 17 32
29 31 68 48 53 76 46
29 32 45 68 34 48 72
30 31 73 78 83 77 86
30 32 15 35 33 13 15
31 32 76 75 51 60 85
