40 5
0.25 0.25 0.25 0.25 0.0 
0 1 91 81 59 53 66
0 2 39 46 31 33 62
0 3 90 87 59 76 48
0 4 1 40 42 46 42
0 5 14 8 19 22 14
0 6 76 78 53 58 45
0 7 61 76 55 53 61
0 8 31 24 30 16 33
0 9 17 42 12 46 38
0 10 80 41 68 73 88
0 11 92 80 71 50 46
0 12 61 72 52 61 70
0 13 6 51 19 23 13
0 14 13 26 28 42 54
0 15 4 5 46 45 3
0 16 51 50 26 48 73
0 17 54 32 66 43 55
0 18 23 25 40 37 45
0 19 86 68 79 47 90
0 20 39 41 40 42 47
0 21 10 10 7 47 54
0 22 29 43 16 23 52
0 23 57 52 78 38 31
0 24 16 38 45 31 13
0 25 90 50 51 71 90
0 26 13 17 15 13 28
0 27 42 35 68 59 36
0 28 41 42 48 45 36
0 29 87 88 63 74 80
0 30 37 28 44 68 48
0 31 83 57 74 76 84
0 32 97 55 82 77 74
0 33 98 51 89 72 61
0 34 41 66 22 70 45
0 35 57 41 41 54 45
0 36 86 59 43 88 73
0 37 29 31 15 56 29
0 38 37 29 47 65 28
0 39 84 79 58 54 78
1 2 10 7 21 46 19
1 3 9 30 25 31 49
1 4 17 39 26 27 32
1 5 73 53 63 64 43
1 6 56 75 49 53 30
1 7 63 44 34 41 61
1 8 33 25 59 23 24
1 9 9 27 43 48 36
1 10 45 24 52 68 60
1 11 73 56 48 76 83
1 12 22 17 16 37 30
1 13 19 15 54 44 21
1 14 2 23 44 7 4
1 15 93 92 59 58 78
1 16 24 59 20 43 36
1 17 58 50 68 59 33
1 18 53 63 71 45 46
1 19 74 46 71 85 80
1 20 13 52 49 39 54
1 21 43 47 60 65 64
1 22 50 58 74 58 30
1 23 39 27 45 20 32
1 24 33 49 19 49 64
1 25 19 12 23 40 33
1 26 65 57 36 54 35
1 27 94 74 79 91 61
1 28 13 46 30 8 55
1 29 0 28 46 26 13
1 30 95 60 82 49 91
1 31 47 41 67 60 44
1 32 1 28 7 22 28
1 33 72 72 81 43 68
1 34 13 34 29 35 18
1 35 28 31 51 24 58
1 36 89 55 62 58 64
1 37 34 63 33 23 56
1 38 49 63 66 58 62
1 39 37 19 59 25 22
2 3 10 20 41 34 6
2 4 63 61 49 75 51
2 5 78 55 64 57 81
2 6 81 57 41 64 43
2 7 65 33 55 77 56
2 8 32 31 20 62 40
2 9 93 66 76 47 73
2 10 39 36 30 39 23
2 11 98 77 67 63 73
2 12 42 43 61 29 29
2 13 74 75 47 58 63
2 14 93 77 70 95 83
2 15 15 39 8 25 46
2 16 79 84 85 65 50
2 17 51 61 33 30 65
2 18 98 91 89 91 69
2 19 63 71 79 32 44
2 20 93 74 48 94 57
2 21 42 49 39 64 40
2 22 94 71 70 90 72
2 23 40 55 49 45 26
2 24 90 63 95 85 91
2 25 19 20 17 45 36
2 26 56 61 29 28 71
2 27 78 55 83 84 87
2 28 36 19 41 23 52
2 29 80 61 78 59 82
2 30 77 76 84 42 59
2 31 80 53 78 82 75
2 32 36 20 52 65 34
2 33 61 44 61 35 64
2 34 21 17 45 56 24
2 35 17 28 38 46 30
2 36 36 53 32 47 46
2 37 67 80 40 77 38
2 38 63 32 53 49 32
2 39 6 5 13 12 24
3 4 50 71 55 38 46
3 5 91 64 85 52 61
3 6 50 52 50 59 25
3 7 9 37 20 32 30
3 8 49 43 40 71 29
3 9 10 18 38 45 41
3 10 95 90 80 78 48
3 11 6 4 31 19 8
3 12 55 29 71 73 55
3 13 24 14 56 27 47
3 14 97 97 49 51 55
3 15 29 27 64 39 62
3 16 78 67 74 84 81
3 17 92 81 83 78 63
3 18 90 80 85 74 49
3 19 29 35 27 32 59
3 20 22 13 39 44 57
3 21 63 63 73 48 52
3 22 16 55 13 38 30
3 23 54 40 64 57 72
3 24 59 61 46 35 72
3 25 34 41 22 52 35
3 26 97 79 60 87 49
3 27 24 28 53 45 47
3 28 38 61 38 41 47
3 29 63 79 53 60 66
3 30 64 51 32 33 33
3 31 4 29 7 22 32
3 32 49 74 33 62 43
3 33 38 55 35 44 48
3 34 31 34 65 49 51
3 35 30 32 37 28 15
3 36 61 42 71 48 71
3 37 48 64 30 26 62
3 38 56 29 37 45 35
3 39 65 68 64 53 50
4 5 43 64 69 30 68
4 6 19 56 32 52 13
4 7 28 38 40 28 63
4 8 9 32 22 27 18
4 9 21 34 30 12 51
4 10 15 50 9 31 37
4 11 74 40 51 41 61
4 12 35 33 39 64 26
4 13 42 60 54 66 49
4 14 91 71 73 94 90
4 15 68 74 58 61 75
4 16 52 29 54 70 42
4 17 97 56 96 69 69
4 18 53 51 67 75 69
4 19 47 35 73 73 58
4 20 2 40 4 25 37
4 21 10 19 12 22 30
4 22 0 15 37 31 4
4 23 50 25 34 39 69
4 24 97 93 70 52 89
4 25 25 20 18 54 40
4 26 51 32 56 42 74
4 27 25 13 24 58 34
4 28 77 77 64 66 62
4 29 77 50 76 47 51
4 30 98 89 62 51 90
4 31 88 54 71 83 79
4 32 86 49 58 57 74
4 33 70 62 36 80 79
4 34 95 65 55 77 90
4 35 57 48 50 71 47
4 36 44 61 51 66 59
4 37 9 19 26 33 51
4 38 75 48 49 45 38
4 39 51 50 34 58 67
5 6 84 68 72 84 77
5 7 91 74 95 79 86
5 8 22 33 52 42 36
5 9 73 52 75 49 78
5 10 77 44 76 55 63
5 11 45 36 25 52 42
5 12 55 67 51 29 32
5 13 40 62 26 66 26
5 14 88 70 87 60 84
5 15 92 88 56 88 69
5 16 1 11 38 38 17
5 17 80 71 74 81 58
5 18 33 44 29 25 60
5 19 65 35 66 50 45
5 20 83 69 53 76 89
5 21 95 76 74 81 66
5 22 52 72 59 46 65
5 23 19 16 39 14 34
5 24 38 47 27 55 68
5 25 16 57 53 27 9
5 26 44 47 59 28 60
5 27 24 58 27 47 42
5 28 29 36 47 45 33
5 29 87 59 78 47 65
5 30 18 41 24 48 17
5 31 11 21 21 18 11
5 32 94 84 54 58 91
5 33 20 39 20 19 17
5 34 92 79 95 46 90
5 35 47 38 29 30 48
5 36 12 17 12 29 17
5 37 37 64 58 33 60
5 38 83 90 83 67 53
5 39 29 52 20 18 59
6 7 81 87 63 61 62
6 8 88 77 58 56 74
6 9 28 41 29 47 26
6 10 39 40 36 46 45
6 11 59 49 74 52 60
6 12 60 61 57 78 72
6 13 67 67 41 49 64
6 14 30 63 26 26 56
6 15 33 17 64 21 64
6 16 13 53 23 26 51
6 17 8 12 34 35 32
6 18 12 21 41 50 47
6 19 56 63 75 44 44
6 20 47 70 48 24 48
6 21 56 66 71 56 53
6 22 83 90 46 89 51
6 23 93 80 68 76 65
6 24 99 89 51 61 52
6 25 13 41 46 34 19
6 26 81 85 88 84 51
6 27 0 1 35 4 31
6 28 2 48 24 18 31
6 29 98 81 77 67 70
6 30 70 50 67 66 55
6 31 57 68 64 71 67
6 32 33 22 24 20 37
6 33 10 12 27 46 22
6 34 42 67 41 51 29
6 35 69 58 57 59 49
6 36 6 14 14 4 26
6 37 93 60 94 70 79
6 38 30 48 50 40 44
6 39 71 80 42 44 40
7 8 60 39 76 51 55
7 9 24 50 26 60 21
7 10 0 32 22 1 8
7 11 19 50 46 18 24
7 12 74 50 48 54 61
7 13 52 40 50 39 28
7 14 40 48 36 63 32
7 15 28 22 57 35 26
7 16 74 77 69 66 45
7 17 98 52 81 72 82
7 18 8 12 19 23 37
7 19 19 15 59 42 14
7 20 95 78 50 84 62
7 21 47 29 24 60 55
7 22 9 38 54 35 16
7 23 76 55 86 42 60
7 24 94 49 59 68 91
7 25 1 18 48 10 27
7 26 16 51 40 8 50
7 27 20 28 19 41 56
7 28 5 31 23 25 49
7 29 18 29 29 58 33
7 30 72 84 58 44 67
7 31 0 18 44 25 10
7 32 97 74 52 73 66
7 33 72 65 81 77 66
7 34 25 54 14 57 35
7 35 21 19 54 14 31
7 36 91 77 63 61 74
7 37 46 58 24 56 54
7 38 66 58 46 47 71
7 39 74 64 61 67 37
8 9 55 53 51 50 69
8 10 40 41 27 29 67
8 11 42 50 29 47 38
8 12 73 48 53 43 66
8 13 46 25 34 40 30
8 14 73 56 68 81 80
8 15 7 20 3 51 17
8 16 5 39 4 32 31
8 17 18 42 37 31 23
8 18 19 51 19 28 57
8 19 37 59 19 50 19
8 20 89 70 54 59 55
8 21 59 62 34 71 43
8 22 60 66 45 51 46
8 23 20 20 25 41 20
8 24 68 57 69 72 47
8 25 40 50 26 53 29
8 26 69 80 75 44 77
8 27 60 52 73 61 45
8 28 94 92 48 56 90
8 29 87 68 88 77 69
8 30 66 37 59 46 42
8 31 41 60 33 30 46
8 32 56 74 62 60 33
8 33 70 44 82 74 55
8 34 47 59 45 65 38
8 35 82 73 67 84 70
8 36 69 61 51 62 53
8 37 20 22 38 55 26
8 38 75 56 44 73 41
8 39 25 33 38 51 34
9 10 87 74 48 53 93
9 11 82 61 84 55 87
9 12 20 23 19 40 56
9 13 0 33 37 16 6
9 14 22 60 37 25 18
9 15 54 36 73 30 37
9 16 67 75 56 79 39
9 17 80 55 44 52 81
9 18 48 70 48 29 59
9 19 75 55 86 63 50
9 20 30 21 43 28 35
9 21 8 34 11 14 46
9 22 14 29 21 11 24
9 23 20 15 37 25 40
9 24 75 85 81 66 42
9 25 84 85 61 83 87
9 26 2 41 46 23 38
9 27 22 53 53 44 38
9 28 46 62 32 48 25
9 29 41 27 24 66 48
9 30 23 20 50 47 43
9 31 76 85 43 74 56
9 32 13 21 19 12 30
9 33 8 23 49 7 30
9 34 42 44 64 59 49
9 35 18 29 38 55 54
9 36 6 14 25 36 51
9 37 87 80 83 93 73
9 38 35 23 66 25 67
9 39 96 78 81 65 81
10 11 39 29 28 64 36
10 12 23 22 13 41 46
10 13 98 54 73 69 83
10 14 44 67 35 37 41
10 15 17 13 55 36 25
10 16 51 69 39 67 28
10 17 71 43 62 38 53
10 18 48 51 59 36 63
10 19 91 92 56 71 88
10 20 88 66 48 56 89
10 21 29 23 47 56 47
10 22 41 51 34 24 67
10 23 11 39 46 6 23
10 24 69 65 64 55 50
10 25 2 16 48 12 35
10 26 87 66 48 71 80
10 27 57 31 60 56 77
10 28 17 52 57 57 36
10 29 87 44 50 77 81
10 30 16 29 37 45 32
10 31 25 17 46 13 55
10 32 18 9 16 27 49
10 33 94 74 83 57 94
10 34 31 17 61 36 52
10 35 89 78 64 84 46
10 36 44 24 64 50 29
10 37 82 46 67 82 70
10 38 75 56 51 76 50
10 39 77 88 61 79 51
11 12 86 83 66 76 58
11 13 71 41 64 64 41
11 14 40 65 28 23 33
11 15 61 41 33 38 76
11 16 5 42 14 21 30
11 17 55 40 28 50 51
11 18 52 62 42 36 41
11 19 37 64 48 23 39
11 20 79 50 54 54 61
11 21 80 40 56 56 64
11 22 83 55 75 65 85
11 23 70 68 56 71 45
11 24 59 62 62 37 41
11 25 39 67 53 22 49
11 26 44 65 38 60 53
11 27 72 52 54 77 57
11 28 81 74 67 59 71
11 29 7 8 50 53 49
11 30 5 27 34 43 51
11 31 48 25 51 73 31
11 32 83 72 84 45 54
11 33 30 53 40 36 48
11 34 83 43 77 85 73
11 35 36 59 65 35 42
11 36 91 70 67 48 94
11 37 96 79 67 67 56
11 38 43 28 49 55 64
11 39 66 42 49 40 73
12 13 65 37 73 79 67
12 14 8 39 44 40 35
12 15 26 48 46 53 31
12 16 6 29 38 40 20
12 17 66 65 34 70 60
12 18 62 65 45 48 66
12 19 17 22 35 22 48
12 20 17 18 11 53 45
12 21 22 40 35 53 16
12 22 72 56 51 47 68
12 23 76 62 51 38 60
12 24 47 47 24 52 35
12 25 48 38 66 37 47
12 26 67 36 55 83 75
12 27 18 17 10 26 44
12 28 78 81 77 45 73
12 29 39 49 68 53 63
12 30 52 45 49 72 68
12 31 27 23 27 48 33
12 32 5 27 5 42 21
12 33 16 37 38 30 29
12 34 86 80 55 63 52
12 35 83 76 50 67 85
12 36 32 43 61 60 17
12 37 82 75 49 78 64
12 38 63 63 50 72 68
12 39 49 36 33 40 74
13 14 12 14 51 20 25
13 15 1 37 48 35 21
13 16 22 25 43 42 25
13 17 41 29 45 43 58
13 18 58 61 68 47 42
13 19 15 16 26 13 50
13 20 53 45 66 67 48
13 21 29 33 56 37 47
13 22 64 80 79 75 52
13 23 16 29 21 36 9
13 24 24 60 28 21 54
13 25 38 40 65 28 63
13 26 60 78 33 79 46
13 27 29 59 37 35 35
13 28 20 27 23 33 25
13 29 92 80 82 87 95
13 30 50 32 38 65 33
13 31 46 44 50 23 29
13 32 50 73 74 56 45
13 33 32 51 21 16 39
13 34 54 71 70 43 71
13 35 61 75 76 48 75
13 36 2 37 18 11 39
13 37 19 38 32 33 31
13 38 73 48 68 68 44
13 39 12 41 54 40 48
14 15 12 24 54 10 54
14 16 24 43 13 14 33
14 17 75 82 40 41 78
14 18 22 17 44 40 46
14 19 99 89 73 77 54
14 20 2 19 29 1 2
14 21 67 78 42 59 50
14 22 54 59 69 38 47
14 23 39 59 25 32 42
14 24 53 35 37 44 68
14 25 25 42 26 16 23
14 26 96 78 63 91 56
14 27 72 45 46 49 64
14 28 53 51 67 62 41
14 29 31 61 40 38 45
14 30 2 45 41 17 16
14 31 86 80 56 43 79
14 32 92 87 61 66 54
14 33 1 46 36 1 17
14 34 80 84 73 48 61
14 35 50 29 44 64 42
14 36 26 22 57 57 49
14 37 49 64 30 35 59
14 38 28 56 43 32 44
14 39 16 52 57 35 41
15 16 12 23 26 35 33
15 17 22 34 58 29 14
15 18 25 37 18 43 20
15 19 78 78 52 53 52
15 20 70 47 71 39 60
15 21 56 61 67 64 69
15 22 16 55 34 43 50
15 23 70 41 53 77 49
15 24 78 52 52 67 54
15 25 3 16 14 11 7
15 26 86 44 79 76 48
15 27 31 61 43 46 44
15 28 2 27 25 5 3
15 29 55 59 46 59 65
15 30 78 60 75 54 78
15 31 9 17 18 37 43
15 32 72 68 67 83 84
15 33 92 52 54 85 62
15 34 4 40 44 30 16
15 35 62 64 80 44 63
15 36 17 11 22 12 22
15 37 73 45 50 77 38
15 38 60 33 76 64 58
15 39 38 62 61 29 26
16 17 36 29 53 54 54
16 18 71 47 78 74 45
16 19 69 43 72 74 81
16 20 86 85 71 72 49
16 21 14 26 29 28 31
16 22 91 90 71 75 60
16 23 35 56 34 64 30
16 24 21 45 31 31 58
16 25 48 66 28 41 48
16 26 22 58 13 41 52
16 27 54 65 46 62 33
16 28 20 22 55 55 42
16 29 80 49 43 47 68
16 30 5 33 34 32 15
16 31 77 80 41 64 83
16 32 48 45 33 38 66
16 33 61 51 50 31 60
16 34 20 47 12 43 33
16 35 30 38 64 33 53
16 36 5 3 46 4 36
16 37 84 59 50 54 75
16 38 67 39 34 38 63
16 39 70 37 51 64 41
17 18 32 34 19 65 32
17 19 39 61 46 56 38
17 20 69 51 68 79 34
17 21 80 67 66 44 40
17 22 51 28 47 63 59
17 23 80 70 65 56 61
17 24 0 43 36 27 38
17 25 23 43 27 39 39
17 26 43 22 59 46 39
17 27 82 70 90 84 59
17 28 17 26 41 10 47
17 29 94 53 69 72 47
17 30 27 24 57 56 51
17 31 53 63 35 48 72
17 32 29 30 33 25 36
17 33 4 28 41 42 45
17 34 13 43 21 34 17
17 35 62 33 72 35 44
17 36 87 87 70 70 85
17 37 4 6 5 32 24
17 38 15 40 27 16 25
17 39 85 48 58 65 90
18 19 16 32 20 49 48
18 20 37 46 60 24 20
18 21 43 62 24 34 59
18 22 32 64 52 48 63
18 23 3 22 35 46 18
18 24 48 67 48 48 33
18 25 16 11 48 48 47
18 26 98 95 70 72 78
18 27 73 38 59 82 47
18 28 57 46 71 51 49
18 29 22 36 11 52 43
18 30 47 46 65 34 68
18 31 12 23 34 6 44
18 32 57 30 36 34 76
18 33 89 88 54 62 78
18 34 98 72 98 72 54
18 35 89 65 74 60 77
18 36 26 57 22 15 24
18 37 59 34 56 53 69
18 38 68 64 38 74 57
18 39 22 36 14 28 45
19 20 23 32 23 51 28
19 21 21 31 31 35 13
19 22 84 70 79 44 81
19 23 63 70 43 60 56
19 24 38 32 47 22 41
19 25 97 54 54 98 85
19 26 70 48 65 39 52
19 27 33 25 59 61 57
19 28 75 49 69 46 58
19 29 66 37 79 42 72
19 30 41 64 38 36 26
19 31 86 63 63 67 49
19 32 45 25 37 59 25
19 33 86 68 53 63 75
19 34 24 59 50 32 24
19 35 68 73 71 50 77
19 36 40 38 57 37 44
19 37 31 31 31 52 54
19 38 79 50 71 87 68
19 39 22 43 24 30 45
20 21 67 66 69 61 78
20 22 13 27 25 24 31
20 23 91 88 88 79 65
20 24 22 61 22 12 23
20 25 37 56 56 52 36
20 26 9 51 40 50 31
20 27 55 70 53 33 55
20 28 88 78 93 92 62
20 29 93 84 86 73 61
20 30 41 68 44 50 64
20 31 75 53 74 56 39
20 32 1 24 7 45 29
20 33 77 43 52 61 72
20 34 78 59 42 86 57
20 35 84 70 67 87 49
20 36 36 60 65 35 38
20 37 63 54 79 61 59
20 38 95 93 68 81 51
20 39 31 37 43 22 43
21 22 43 42 61 28 40
21 23 94 55 89 93 75
21 24 68 61 74 42 82
21 25 90 83 89 73 71
21 26 44 31 46 55 50
21 27 30 41 55 52 17
21 28 31 53 22 20 56
21 29 29 15 47 40 42
21 30 42 50 61 32 64
21 31 87 46 91 76 57
21 32 14 36 38 50 41
21 33 81 57 67 68 73
21 34 22 45 37 57 16
21 35 58 78 61 49 50
21 36 22 55 51 59 24
21 37 58 56 32 48 62
21 38 14 28 39 54 18
21 39 80 50 46 47 41
22 23 9 17 50 45 53
22 24 89 89 70 78 88
22 25 60 53 73 73 47
22 26 6 12 17 16 44
22 27 57 44 40 61 61
22 28 80 73 48 49 89
22 29 21 20 20 38 45
22 30 96 83 56 48 87
22 31 24 45 29 14 35
22 32 15 54 51 14 33
22 33 70 44 51 47 51
22 34 57 66 58 65 62
22 35 84 61 87 86 80
22 36 20 54 25 56 47
22 37 53 40 66 61 66
22 38 43 37 44 47 25
22 39 80 85 89 62 86
23 24 27 47 24 44 14
23 25 64 76 50 72 58
23 26 65 57 79 49 39
23 27 79 87 49 64 52
23 28 39 67 38 41 44
23 29 10 28 11 26 29
23 30 92 77 81 86 68
23 31 51 38 39 74 59
23 32 69 38 61 39 77
23 33 93 71 64 76 47
23 34 71 61 59 69 73
23 35 43 55 64 30 37
23 36 59 69 51 63 61
23 37 93 66 96 48 51
23 38 0 3 40 46 10
23 39 17 34 49 36 24
24 25 8 40 34 42 47
24 26 28 24 41 14 48
24 27 87 88 52 56 57
24 28 69 49 49 46 82
24 29 26 36 51 23 32
24 30 34 21 29 55 18
24 31 32 44 37 36 62
24 32 85 52 92 88 78
24 33 97 75 96 73 78
24 34 31 36 52 51 59
24 35 87 92 62 77 85
24 36 22 52 56 17 39
24 37 43 27 37 67 56
24 38 43 62 23 50 53
24 39 83 59 72 70 91
25 26 36 42 43 49 32
25 27 17 32 10 38 58
25 28 18 50 37 15 56
25 29 89 88 67 47 60
25 30 94 73 72 81 84
25 31 46 32 24 46 47
25 32 72 45 62 53 49
25 33 68 60 40 62 83
25 34 69 73 35 80 66
25 35 74 78 67 71 40
25 36 75 81 83 70 53
25 37 23 48 54 18 59
25 38 5 35 40 3 28
25 39 78 85 74 54 85
26 27 99 55 70 54 62
26 28 73 51 58 86 79
26 29 77 39 58 47 64
26 30 67 74 52 65 77
26 31 4 24 23 51 18
26 32 16 12 46 12 20
26 33 43 37 29 48 24
26 34 65 45 70 45 57
26 35 67 78 63 37 57
26 36 14 41 24 31 30
26 37 67 52 46 56 64
26 38 95 79 73 53 61
26 39 30 52 41 58 56
27 28 13 21 21 20 48
27 29 16 46 8 49 55
27 30 94 49 73 95 51
27 31 28 25 45 47 55
27 32 54 36 50 33 36
27 33 63 71 58 46 47
27 34 24 18 19 52 40
27 35 89 85 82 65 84
27 36 79 62 68 64 71
27 37 35 62 35 31 64
27 38 35 55 19 39 66
27 39 66 41 68 67 50
28 29 55 29 47 37 60
28 30 78 46 83 60 81
28 31 61 52 53 62 51
28 32 42 46 53 29 43
28 33 67 60 71 41 65
28 34 44 33 70 41 45
28 35 99 85 69 79 64
28 36 6 40 34 21 9
28 37 75 85 72 48 58
28 38 56 70 34 51 69
28 39 18 20 37 37 23
29 30 33 24 33 66 41
29 31 21 22 48 33 36
29 32 52 74 61 69 54
29 33 91 59 59 70 79
29 34 64 75 39 61 62
29 35 45 38 64 57 71
29 36 37 20 56 19 32
29 37 99 51 87 72 71
29 38 79 59 84 73 65
29 39 90 47 69 90 69
30 31 80 42 77 60 72
30 32 62 44 74 32 40
30 33 33 63 16 49 55
30 34 81 67 54 84 66
30 35 51 72 38 44 64
30 36 4 34 13 40 18
30 37 5 22 26 44 35
30 38 23 11 31 33 46
30 39 96 56 66 52 62
31 32 19 25 47 54 17
31 33 65 72 57 33 68
31 34 84 56 57 44 43
31 35 77 42 86 48 43
31 36 21 12 13 23 17
31 37 78 64 47 47 85
31 38 33 23 56 38 50
31 39 45 68 62 41 47
32 33 95 50 52 54 82
32 34 18 41 35 53 51
32 35 21 47 58 46 47
32 36 50 74 41 40 70
32 37 10 51 54 11 45
32 38 84 44 42 42 74
32 39 83 77 54 73 61
33 34 26 44 25 60 37
33 35 48 50 34 49 68
33 36 39 36 22 42 64
33 37 96 92 91 62 56
33 38 49 33 45 64 74
33 39 38 45 61 31 43
34 35 82 60 77 56 76
34 36 58 58 67 31 52
34 37 30 31 38 48 48
34 38 45 30 33 30 32
34 39 39 50 40 20 65
35 36 85 45 83 74 83
35 37 88 48 52 46 73
35 38 9 37 23 6 30
35 39 23 25 58 60 46
36 37 53 59 75 52 46
36 38 60 65 50 57 41
36 39 96 58 75 84 86
37 38 23 44 20 12 45
37 39 49 62 38 52 29
38 39 37 25 37 56 25
