17 5
0.333333 0.333333 0.333333 0.0 0.0 
0 1 91 11 17 15 18
0 2 40 62 64 57 53
0 3 14 77 81 83 81
0 4 12 78 80 77 81
0 5 70 34 36 37 30
0 6 96 6 7 2 8
0 7 74 36 32 32 26
0 8 6 83 93 84 87
0 9 89 14 21 21 16
0 10 68 39 33 40 36
0 11 6 93 90 87 94
0 12 57 50 36 50 40
0 13 50 44 46 47 49
0 14 18 77 75 79 84
0 15 36 56 63 63 56
0 16 89 10 13 9 9
1 2 81 21 25 29 26
1 3 43 57 59 55 53
1 4 76 25 20 28 30
1 5 61 37 34 35 47
1 6 93 18 13 18 10
1 7 59 40 44 42 40
1 8 14 82 83 72 81
1 9 53 40 51 45 43
1 10 0 91 90 96 85
1 11 81 27 21 25 30
1 12 69 40 30 27 32
1 13 22 72 80 67 66
1 14 31 58 59 71 63
1 15 24 73 66 73 68
1 16 69 30 38 39 31
2 3 47 57 56 54 55
2 4 27 69 63 74 69
2 5 85 14 14 24 26
2 6 92 15 7 7 21
2 7 48 56 46 51 45
2 8 29 62 74 68 71
2 9 34 63 57 67 62
2 10 97 7 7 14 12
2 11 72 25 26 29 26
2 12 93 18 9 15 8
2 13 79 28 25 26 19
2 14 2 83 92 89 95
2 15 76 31 27 28 27
2 16 91 9 9 7 8
3 4 27 63 69 75 75
3 5 4 83 91 86 82
3 6 95 9 16 6 17
3 7 34 67 66 70 59
3 8 39 51 60 65 63
3 9 72 33 32 37 23
3 10 97 8 11 7 5
3 11 84 28 15 23 24
3 12 71 35 35 25 30
3 13 93 15 19 12 9
3 14 27 62 62 75 74
3 15 4 93 86 88 89
3 16 80 22 27 22 23
4 5 43 49 51 50 61
4 6 77 26 29 29 33
4 7 85 24 25 17 23
4 8 46 57 50 49 56
4 9 32 65 68 62 70
4 10 88 21 15 20 14
4 11 44 61 47 58 48
4 12 55 52 42 43 43
4 13 61 43 45 41 40
4 14 62 37 41 44 45
4 15 40 55 56 56 63
4 16 96 11 9 5 13
5 6 41 62 58 51 63
5 7 52 55 45 52 41
5 8 97 8 15 4 2
5 9 48 55 52 56 54
5 10 22 69 67 81 79
5 11 57 40 48 38 50
5 12 36 61 65 68 67
5 13 5 90 89 87 86
5 14 56 47 38 50 39
5 15 99 8 8 0 11
5 16 65 31 40 32 29
6 7 9 82 88 79 86
6 8 70 29 37 29 29
6 9 47 45 50 46 47
6 10 56 40 41 38 44
6 11 23 65 72 79 74
6 12 18 69 73 80 82
6 13 72 34 25 23 29
6 14 45 60 51 56 56
6 15 97 16 2 10 12
6 16 69 27 38 32 38
7 8 91 7 10 13 16
7 9 38 58 57 65 65
7 10 63 40 41 44 31
7 11 68 33 26 36 29
7 12 34 58 67 57 65
7 13 60 47 46 45 33
7 14 84 27 21 26 20
7 15 91 13 15 15 21
7 16 2 91 88 88 89
8 9 78 31 25 31 28
8 10 78 31 30 18 32
8 11 23 77 73 69 76
8 12 62 38 35 42 36
8 13 54 48 39 40 50
8 14 38 55 53 66 59
8 15 26 74 63 77 63
8 16 34 63 66 63 63
9 10 98 13 11 10 8
9 11 98 1 2 4 8
9 12 90 11 8 9 9
9 13 1 92 97 86 95
9 14 88 16 20 23 20
9 15 6 87 79 81 81
9 16 9 87 88 84 77
10 11 17 79 78 72 77
10 12 44 50 62 54 59
10 13 77 24 32 33 24
10 14 14 73 79 76 78
10 15 7 88 79 80 87
10 16 38 61 54 61 52
11 12 2 85 89 88 86
11 13 35 63 67 55 66
11 14 6 83 87 82 79
11 15 57 42 46 41 41
11 16 75 23 25 32 29
12 13 32 65 58 67 71
12 14 73 29 31 24 35
12 15 88 20 22 11 13
12 16 20 71 81 71 75
13 14 25 71 70 72 77
13 15 58 38 45 38 42
13 16 96 10 15 10 14
14 15 29 69 72 71 71
14 16 23 74 67 77 71
15 16 18 72 80 79 72
