27 5
0.333333 0.333333 0.333333 0.0 0.0 
0 1 66 20 18 32 29
0 2 36 38 32 53 49
0 3 61 57 52 53 41
0 4 66 37 25 48 20
0 5 98 17 24 20 31
0 6 85 15 12 49 23
0 7 49 47 65 30 68
0 8 72 37 46 16 58
0 9 18 45 44 68 86
0 10 12 59 74 83 45
0 11 69 64 47 28 55
0 12 22 74 87 84 56
0 13 85 40 16 30 26
0 14 40 53 44 47 77
0 15 58 25 58 61 31
0 16 4 49 78 56 75
0 17 70 34 29 39 32
0 18 62 46 28 34 67
0 19 93 40 16 17 31
0 20 88 31 26 26 41
0 21 6 74 52 83 52
0 22 90 16 14 39 19
0 23 25 57 72 72 41
0 24 40 30 39 31 32
0 25 8 75 62 80 59
0 26 33 72 78 82 47
1 2 65 62 17 54 65
1 3 61 66 64 62 27
1 4 57 24 54 31 52
1 5 65 53 23 65 42
1 6 25 42 53 60 71
1 7 41 54 57 30 64
1 8 40 42 66 51 46
1 9 14 53 85 43 84
1 10 50 37 60 71 55
1 11 91 18 50 9 12
1 12 40 48 34 62 44
1 13 61 35 33 24 25
1 14 87 24 29 17 16
1 15 76 33 51 20 51
1 16 37 69 50 59 34
1 17 48 46 45 37 41
1 18 25 80 47 86 75
1 19 75 15 35 58 18
1 20 31 52 46 50 77
1 21 63 42 29 24 31
1 22 68 28 43 39 47
1 23 54 51 31 60 64
1 24 8 81 90 92 64
1 25 72 54 44 55 35
1 26 88 44 31 23 43
2 3 47 59 27 65 44
2 4 29 62 51 64 39
2 5 15 74 69 87 87
2 6 68 36 41 53 63
2 7 2 90 71 63 90
2 8 1 79 97 77 60
2 9 91 49 46 7 39
2 10 87 46 19 43 19
2 11 80 36 39 17 14
2 12 10 70 72 81 51
2 13 82 49 18 55 47
2 14 26 70 43 41 43
2 15 66 62 65 53 45
2 16 50 74 71 72 58
2 17 97 7 32 3 35
2 18 44 66 63 52 62
2 19 1 49 51 70 96
2 20 87 30 31 55 39
2 21 60 52 22 58 58
2 22 95 39 30 19 7
2 23 34 80 65 50 34
2 24 33 45 56 34 36
2 25 4 96 85 70 67
2 26 96 39 39 10 32
3 4 59 63 54 46 39
3 5 99 19 25 46 17
3 6 91 25 12 44 49
3 7 53 34 65 60 23
3 8 65 43 48 39 43
3 9 89 47 52 38 32
3 10 63 55 46 18 49
3 11 60 32 45 28 19
3 12 64 45 20 33 66
3 13 75 14 38 28 54
3 14 92 14 31 12 53
3 15 41 76 29 67 74
3 16 58 68 65 56 55
3 17 97 4 4 32 14
3 18 19 69 61 67 77
3 19 98 29 42 42 50
3 20 99 10 10 31 36
3 21 60 58 61 50 55
3 22 75 62 14 26 55
3 23 62 66 53 49 47
3 24 80 25 49 54 47
3 25 8 61 87 58 76
3 26 57 22 69 51 28
4 5 77 24 21 28 35
4 6 15 84 86 68 62
4 7 35 59 48 70 66
4 8 87 54 47 30 24
4 9 48 47 51 55 36
4 10 75 16 34 39 14
4 11 50 63 52 30 52
4 12 47 68 56 28 65
4 13 71 45 22 41 37
4 14 64 61 37 45 44
4 15 57 27 54 55 63
4 16 90 39 47 11 5
4 17 69 54 57 27 27
4 18 50 35 73 57 30
4 19 80 55 11 56 21
4 20 18 53 85 83 71
4 21 1 86 59 76 54
4 22 50 61 57 47 58
4 23 89 12 51 7 15
4 24 44 56 71 56 32
4 25 2 49 52 66 93
4 26 73 52 39 17 34
5 6 62 39 22 34 59
5 7 55 69 29 39 45
5 8 78 39 21 39 45
5 9 44 30 50 33 50
5 10 65 57 47 37 17
5 11 43 39 36 36 30
5 12 1 88 95 81 78
5 13 56 59 68 39 37
5 14 57 22 66 43 59
5 15 45 71 51 76 50
5 16 4 60 80 55 87
5 17 85 51 11 27 8
5 18 4 65 49 64 65
5 19 54 66 39 45 66
5 20 82 16 31 38 53
5 21 34 53 43 72 72
5 22 88 7 31 54 45
5 23 39 58 68 33 68
5 24 82 55 46 14 58
5 25 42 49 46 29 36
5 26 20 72 85 41 79
6 7 34 72 41 39 64
6 8 14 65 79 60 87
6 9 95 20 43 51 13
6 10 2 60 92 79 72
6 11 96 34 38 19 46
6 12 80 41 56 57 44
6 13 61 65 57 61 19
6 14 4 87 64 62 82
6 15 72 38 22 59 18
6 16 55 55 27 67 38
6 17 8 58 53 54 65
6 18 59 64 67 44 53
6 19 97 11 7 30 39
6 20 98 37 41 4 45
6 21 72 52 14 20 24
6 22 34 81 33 63 79
6 23 0 59 97 73 94
6 24 15 79 87 54 88
6 25 18 45 45 82 83
6 26 82 21 51 41 26
7 8 47 64 63 70 40
7 9 60 49 42 39 32
7 10 98 2 34 21 16
7 11 55 63 25 38 36
7 12 97 47 37 11 5
7 13 26 78 63 79 75
7 14 38 71 68 66 34
7 15 43 29 36 35 46
7 16 47 47 75 76 42
7 17 19 61 44 74 80
7 18 38 32 43 60 64
7 19 1 63 60 85 75
7 20 69 59 39 44 40
7 21 25 47 76 42 59
7 22 45 40 52 57 49
7 23 31 83 48 62 80
7 24 33 74 35 81 68
7 25 57 41 45 41 52
7 26 73 51 30 18 56
8 9 60 49 49 41 63
8 10 95 15 28 41 29
8 11 75 15 21 24 42
8 12 80 57 12 17 11
8 13 55 58 37 27 70
8 14 84 16 33 52 36
8 15 68 24 50 20 61
8 16 56 50 42 70 47
8 17 84 13 35 42 35
8 18 94 23 15 8 30
8 19 70 15 20 56 21
8 20 25 67 61 63 75
8 21 10 55 65 79 48
8 22 13 74 87 62 72
8 23 81 45 29 53 51
8 24 18 53 50 72 43
8 25 62 47 52 61 68
8 26 12 75 84 50 78
9 10 34 36 60 70 81
9 11 20 84 83 59 55
9 12 44 76 53 70 62
9 13 92 14 39 24 13
9 14 50 61 46 44 41
9 15 21 77 86 77 76
9 16 28 81 83 54 67
9 17 76 54 13 15 17
9 18 42 78 73 60 47
9 19 73 24 42 36 25
9 20 95 8 49 51 29
9 21 60 56 58 36 23
9 22 74 33 30 51 44
9 23 13 65 81 57 66
9 24 60 36 53 49 44
9 25 21 57 43 58 67
9 26 31 75 46 75 78
10 11 87 45 27 39 15
10 12 78 26 29 34 29
10 13 90 31 8 46 6
10 14 92 31 52 35 49
10 15 53 30 47 34 23
10 16 98 32 45 18 9
10 17 75 39 27 18 35
10 18 42 28 75 30 59
10 19 65 43 27 19 59
10 20 71 51 16 28 49
10 21 58 33 65 62 64
10 22 88 51 46 34 31
10 23 4 94 51 67 95
10 24 17 78 59 64 82
10 25 92 45 40 16 22
10 26 91 41 9 49 41
11 12 80 52 56 29 50
11 13 7 56 83 61 88
11 14 2 66 87 92 53
11 15 38 63 58 70 78
11 16 96 36 29 21 17
11 17 40 67 60 45 37
11 18 36 51 72 68 70
11 19 51 40 50 69 61
11 20 73 30 45 54 56
11 21 79 41 37 18 31
11 22 13 51 61 69 87
11 23 46 41 57 57 37
11 24 74 14 57 55 55
11 25 21 39 62 63 64
11 26 75 20 45 13 48
12 13 24 82 69 81 48
12 14 41 33 71 58 75
12 15 88 46 51 16 50
12 16 77 34 22 11 15
12 17 77 21 49 40 17
12 18 93 8 10 38 11
12 19 89 29 54 48 51
12 20 33 64 81 77 35
12 21 82 48 23 24 36
12 22 21 45 51 87 41
12 23 24 64 69 71 58
12 24 70 51 38 44 47
12 25 59 32 50 33 30
12 26 40 74 47 45 55
13 14 60 32 55 51 65
13 15 19 54 45 65 48
13 16 11 88 79 56 66
13 17 27 48 78 40 78
13 18 56 65 69 26 27
13 19 27 53 75 43 43
13 20 54 58 46 51 43
13 21 41 38 35 75 61
13 22 80 16 40 56 15
13 23 19 66 76 56 88
13 24 82 26 50 49 26
13 25 1 84 85 75 89
13 26 24 42 64 63 65
14 15 89 35 34 32 26
14 16 59 22 65 51 69
14 17 64 67 53 41 19
14 18 75 14 46 40 27
14 19 57 60 24 30 50
14 20 16 73 50 69 44
14 21 96 18 44 47 22
14 22 8 78 77 68 58
14 23 42 58 33 31 32
14 24 32 77 58 46 48
14 25 28 61 81 79 60
14 26 37 56 35 54 45
15 16 26 70 46 40 51
15 17 58 37 30 46 23
15 18 77 42 40 16 47
15 19 41 32 62 58 34
15 20 59 30 68 53 33
15 21 39 42 36 41 42
15 22 17 79 47 79 41
15 23 67 29 50 40 23
15 24 91 45 26 6 39
15 25 23 86 66 56 64
15 26 90 45 5 38 8
16 17 12 63 60 57 67
16 18 9 58 92 59 56
16 19 72 46 18 28 51
16 20 84 55 36 54 50
16 21 81 45 48 42 9
16 22 71 24 44 52 31
16 23 9 69 64 56 64
16 24 88 24 44 31 24
16 25 13 61 79 86 44
16 26 24 39 54 77 75
17 18 68 31 49 44 23
17 19 82 37 30 42 26
17 20 9 45 75 45 83
17 21 26 49 63 65 54
17 22 29 54 84 56 68
17 23 99 10 13 32 45
17 24 51 34 30 36 46
17 25 44 55 77 76 47
17 26 18 71 68 69 67
18 19 72 24 44 35 59
18 20 14 76 61 76 68
18 21 60 44 41 42 51
18 22 70 22 26 30 23
18 23 42 29 45 68 29
18 24 63 19 29 26 43
18 25 78 18 39 17 35
18 26 15 68 85 86 52
19 20 48 54 56 40 34
19 21 29 60 68 84 43
19 22 46 66 45 38 68
19 23 77 52 43 49 24
19 24 61 35 56 50 37
19 25 73 53 31 62 37
19 26 88 33 31 35 36
20 21 41 55 40 47 72
20 22 16 80 86 68 52
20 23 81 41 33 58 48
20 24 87 6 26 35 41
20 25 40 49 66 37 55
20 26 1 69 55 52 64
21 22 44 28 41 52 30
21 23 89 6 33 43 48
21 24 77 52 12 36 27
21 25 38 79 78 36 78
21 26 48 38 71 42 59
22 23 57 61 35 69 33
22 24 50 50 65 69 39
22 25 29 68 77 77 58
22 26 91 34 5 7 20
23 24 41 39 71 30 67
23 25 46 75 35 55 31
23 26 41 76 42 36 49
24 25 61 55 19 31 51
24 26 38 34 64 76 35
25 26 98 42 6 8 42
