30 5
0.5 0.5 0.0 0.0 0.0 
0 1 10 80 51 71 86
0 2 70 61 18 66 10
0 3 40 84 79 39 34
0 4 46 89 89 90 29
0 5 57 41 66 75 82
0 6 30 32 72 14 81
0 7 30 18 62 25 25
0 8 9 52 49 89 44
0 9 97 76 60 25 23
0 10 37 87 92 89 19
0 11 68 27 24 24 59
0 12 42 17 89 77 74
0 13 61 37 26 83 84
0 14 50 23 41 17 22
0 15 93 6 63 46 72
0 16 19 34 32 55 47
0 17 94 73 39 20 62
0 18 65 52 52 54 80
0 19 1 66 30 73 29
0 20 3 74 42 61 21
0 21 39 64 33 49 77
0 22 33 54 13 38 64
0 23 52 18 43 76 22
0 24 59 87 82 13 58
0 25 36 54 60 50 51
0 26 61 15 37 74 50
0 27 93 21 74 17 7
0 28 38 27 29 80 78
0 29 72 46 35 67 45
1 2 47 72 80 51 74
1 3 0 21 45 41 89
1 4 94 27 57 66 49
1 5 38 66 44 90 14
1 6 73 58 77 56 70
1 7 45 25 52 29 22
1 8 50 84 23 47 18
1 9 24 33 25 75 50
1 10 79 73 76 41 79
1 11 37 74 50 91 71
1 12 55 69 46 14 58
1 13 19 68 78 58 37
1 14 89 61 59 55 38
1 15 14 23 58 52 86
1 16 64 8 29 55 35
1 17 86 31 15 74 11
1 18 82 31 5 14 11
1 19 39 59 65 55 86
1 20 82 67 55 27 40
1 21 73 23 36 77 33
1 22 56 82 59 26 83
1 23 98 36 28 21 7
1 24 85 59 21 22 40
1 25 86 50 59 42 29
1 26 55 77 35 28 29
1 27 3 95 79 48 69
1 28 11 69 25 72 79
1 29 43 38 73 69 11
2 3 65 39 68 48 60
2 4 75 76 14 57 66
2 5 44 71 21 38 49
2 6 97 40 15 34 41
2 7 99 56 17 35 6
2 8 84 74 55 7 77
2 9 37 38 75 35 90
2 10 92 12 70 27 38
2 11 41 77 51 50 17
2 12 12 51 83 70 71
2 13 66 82 30 60 33
2 14 86 57 37 19 21
2 15 11 94 36 53 23
2 16 86 79 23 47 10
2 17 73 38 33 63 44
2 18 99 56 1 58 52
2 19 66 79 10 29 51
2 20 82 52 5 10 81
2 21 70 53 26 40 85
2 22 92 5 47 43 8
2 23 69 83 9 44 41
2 24 69 52 43 12 41
2 25 86 48 8 72 11
2 26 67 28 11 29 28
2 27 58 48 31 14 66
2 28 49 60 19 19 51
2 29 39 45 54 26 60
3 4 17 92 78 82 58
3 5 1 55 83 87 91
3 6 88 59 57 39 8
3 7 40 67 37 71 89
3 8 12 49 83 69 21
3 9 31 49 26 75 35
3 10 34 52 56 29 30
3 11 96 63 27 37 5
3 12 38 13 47 36 33
3 13 48 54 55 88 15
3 14 16 79 92 69 60
3 15 52 25 39 64 29
3 16 16 85 39 26 81
3 17 52 11 29 10 79
3 18 74 23 47 27 71
3 19 82 36 3 42 22
3 20 53 13 86 45 78
3 21 97 2 38 50 19
3 22 65 7 52 27 79
3 23 61 29 47 49 79
3 24 28 58 64 92 36
3 25 42 38 86 89 20
3 26 75 54 32 46 74
3 27 90 5 74 9 58
3 28 20 40 63 95 36
3 29 63 20 80 21 21
4 5 36 48 66 12 35
4 6 16 65 58 95 63
4 7 58 36 34 18 39
4 8 8 32 27 92 40
4 9 46 30 49 45 66
4 10 11 61 64 81 62
4 11 98 75 37 74 37
4 12 94 4 45 5 8
4 13 22 72 65 83 62
4 14 50 32 45 70 31
4 15 81 33 38 11 42
4 16 58 50 74 81 30
4 17 83 82 62 61 34
4 18 84 21 25 65 76
4 19 48 35 22 72 32
4 20 74 17 75 51 50
4 21 26 64 57 55 41
4 22 74 71 27 83 26
4 23 75 67 34 9 54
4 24 55 49 13 10 36
4 25 84 15 37 76 46
4 26 60 47 30 73 79
4 27 13 47 59 42 28
4 28 62 43 25 72 71
4 29 26 68 48 68 72
5 6 88 38 43 79 15
5 7 78 27 60 68 70
5 8 9 42 49 56 53
5 9 5 44 90 35 47
5 10 18 82 48 46 89
5 11 37 59 35 34 39
5 12 38 87 42 17 75
5 13 11 59 36 60 31
5 14 49 35 10 30 44
5 15 61 58 12 14 75
5 16 61 30 33 56 36
5 17 67 20 34 73 35
5 18 38 64 21 20 25
5 19 24 56 48 69 29
5 20 13 73 47 54 36
5 21 35 59 27 90 50
5 22 73 76 37 63 26
5 23 74 12 70 13 20
5 24 0 52 79 32 62
5 25 97 31 8 73 26
5 26 14 76 73 39 81
5 27 81 16 19 68 30
5 28 6 76 89 45 71
5 29 49 29 80 62 26
6 7 29 69 79 78 31
6 8 43 78 82 42 60
6 9 73 43 15 67 62
6 10 73 78 53 73 56
6 11 67 31 52 9 11
6 12 39 20 87 78 82
6 13 33 39 62 29 35
6 14 22 32 91 90 72
6 15 97 54 59 65 26
6 16 65 57 51 15 86
6 17 3 38 31 61 86
6 18 32 86 56 50 69
6 19 56 28 56 41 33
6 20 94 51 58 58 57
6 21 18 81 67 83 87
6 22 60 19 75 27 65
6 23 79 41 15 26 8
6 24 17 88 45 65 54
6 25 93 38 58 58 6
6 26 67 65 17 53 7
6 27 64 72 68 60 86
6 28 10 53 46 67 72
6 29 42 82 55 21 68
7 8 0 73 61 35 69
7 9 30 69 53 37 53
7 10 33 54 86 71 74
7 11 16 26 21 94 64
7 12 65 78 16 58 18
7 13 2 94 28 61 62
7 14 49 42 53 18 12
7 15 95 9 30 3 41
7 16 61 49 28 55 58
7 17 44 21 54 79 80
7 18 77 27 79 64 31
7 19 73 65 22 76 63
7 20 28 93 75 42 29
7 21 96 70 61 35 61
7 22 18 35 37 56 54
7 23 96 4 30 25 20
7 24 91 19 37 53 8
7 25 94 44 36 1 51
7 26 47 31 73 33 79
7 27 41 73 40 33 82
7 28 77 21 46 17 69
7 29 48 40 89 59 68
8 9 68 28 59 8 43
8 10 64 82 28 86 45
8 11 49 27 59 64 51
8 12 23 34 91 60 25
8 13 92 80 5 6 35
8 14 88 32 74 23 32
8 15 54 58 27 45 63
8 16 51 23 39 59 17
8 17 93 36 40 54 51
8 18 32 46 92 85 13
8 19 24 63 48 45 87
8 20 15 54 80 52 48
8 21 53 55 62 11 26
8 22 41 55 14 26 15
8 23 17 69 19 58 80
8 24 24 44 76 30 80
8 25 20 76 82 90 50
8 26 61 73 82 13 34
8 27 84 51 49 14 14
8 28 0 61 77 54 98
8 29 34 51 80 48 28
9 10 50 69 86 50 28
9 11 22 61 52 16 23
9 12 27 54 61 65 85
9 13 3 59 69 53 98
9 14 52 35 62 41 68
9 15 56 42 28 64 55
9 16 46 18 47 60 82
9 17 32 88 38 79 65
9 18 5 81 66 31 45
9 19 67 43 30 72 39
9 20 20 19 65 91 62
9 21 86 18 31 13 59
9 22 54 88 55 87 36
9 23 6 19 93 65 64
9 24 93 68 67 69 34
9 25 91 2 37 29 67
9 26 21 81 16 34 48
9 27 42 54 64 61 31
9 28 16 68 58 44 19
9 29 78 80 8 47 12
10 11 38 53 36 77 82
10 12 48 57 64 61 64
10 13 12 86 89 18 69
10 14 79 14 16 18 40
10 15 6 56 43 58 34
10 16 33 66 23 70 59
10 17 82 58 19 78 29
10 18 57 72 12 19 13
10 19 96 49 43 4 64
10 20 24 71 94 24 23
10 21 45 90 28 67 79
10 22 91 24 78 1 51
10 23 83 82 69 9 49
10 24 4 48 48 25 92
10 25 64 43 30 78 85
10 26 96 59 40 48 61
10 27 35 75 40 83 77
10 28 3 31 84 97 82
10 29 98 70 9 23 2
11 12 27 38 34 40 93
11 13 70 40 78 45 76
11 14 20 25 81 33 43
11 15 49 60 39 16 87
11 16 51 87 53 24 27
11 17 74 54 71 34 24
11 18 79 48 24 59 30
11 19 80 27 55 71 7
11 20 42 38 44 42 34
11 21 11 22 86 87 71
11 22 82 32 43 20 29
11 23 38 46 17 27 81
11 24 40 36 59 23 52
11 25 55 82 64 56 46
11 26 25 22 33 24 50
11 27 31 15 19 36 45
11 28 74 46 7 69 5
11 29 66 24 58 25 56
12 13 77 41 5 78 29
12 14 87 45 50 47 26
12 15 71 35 55 56 69
12 16 99 60 51 27 46
12 17 83 35 7 54 78
12 18 73 11 77 61 73
12 19 70 72 13 13 64
12 20 99 14 47 54 61
12 21 2 39 76 30 43
12 22 17 92 83 78 35
12 23 73 67 77 11 49
12 24 47 29 64 29 75
12 25 10 65 64 41 25
12 26 12 89 44 65 41
12 27 10 72 24 87 59
12 28 93 53 22 70 58
12 29 88 60 62 21 57
13 14 11 21 75 21 53
13 15 61 86 35 9 79
13 16 23 85 35 50 30
13 17 17 26 89 75 36
13 18 74 38 79 78 79
13 19 15 27 86 29 24
13 20 82 42 70 51 21
13 21 26 90 72 17 53
13 22 47 73 62 47 18
13 23 39 59 82 42 66
13 24 95 65 66 24 71
13 25 55 45 81 54 69
13 26 21 26 80 48 38
13 27 87 66 41 76 17
13 28 15 55 76 16 48
13 29 21 41 73 74 47
14 15 12 59 37 64 51
14 16 15 84 26 89 52
14 17 19 49 92 85 89
14 18 32 64 61 31 70
14 19 68 39 49 67 25
14 20 14 48 91 74 88
14 21 81 60 30 80 15
14 22 83 25 46 26 24
14 23 18 69 80 93 21
14 24 82 38 46 42 61
14 25 51 37 29 22 17
14 26 5 29 45 92 28
14 27 84 67 11 76 81
14 28 98 68 78 69 74
14 29 45 27 86 11 47
15 16 16 61 52 35 92
15 17 41 39 25 49 23
15 18 41 17 62 17 27
15 19 58 48 21 16 62
15 20 89 49 64 38 22
15 21 82 66 26 28 16
15 22 8 49 53 30 73
15 23 95 80 21 20 69
15 24 36 27 45 34 50
15 25 85 72 35 72 58
15 26 46 57 30 16 59
15 27 99 59 68 26 41
15 28 97 70 5 9 41
15 29 3 94 83 82 97
16 17 31 22 41 54 20
16 18 86 58 30 16 31
16 19 48 77 43 65 67
16 20 81 7 62 21 23
16 21 67 26 10 9 40
16 22 33 33 90 65 85
16 23 13 42 32 39 57
16 24 65 46 71 73 83
16 25 49 21 34 55 47
16 26 77 64 26 6 6
16 27 49 63 45 70 86
16 28 54 47 66 41 29
16 29 33 72 13 89 42
17 18 22 44 56 35 89
17 19 78 49 67 72 64
17 20 80 21 20 13 74
17 21 58 62 42 42 84
17 22 88 25 66 77 44
17 23 94 35 73 40 80
17 24 78 5 26 80 42
17 25 77 30 32 48 74
17 26 57 46 83 79 82
17 27 14 19 61 53 66
17 28 99 19 53 25 30
17 29 53 61 76 63 45
18 19 40 68 61 60 18
18 20 99 20 22 69 55
18 21 69 30 30 36 54
18 22 47 29 32 11 15
18 23 71 36 9 46 40
18 24 6 34 36 25 25
18 25 35 73 62 56 92
18 26 72 17 24 78 25
18 27 49 75 55 41 47
18 28 66 70 77 46 70
18 29 55 32 42 58 77
19 20 84 74 41 4 82
19 21 47 72 28 45 80
19 22 46 53 26 68 25
19 23 66 31 56 53 7
19 24 0 34 61 38 62
19 25 51 45 42 62 79
19 26 81 80 29 10 65
19 27 75 38 9 60 74
19 28 91 28 4 45 49
19 29 25 71 40 91 36
20 21 23 47 70 17 16
20 22 65 12 30 76 37
20 23 76 61 14 29 57
20 24 49 45 13 44 55
20 25 22 65 68 53 49
20 26 33 30 62 93 85
20 27 96 62 37 24 34
20 28 15 22 72 78 24
20 29 30 32 92 54 44
21 22 7 75 38 41 61
21 23 65 51 60 72 21
21 24 15 65 75 35 24
21 25 53 35 51 40 34
21 26 21 61 95 39 29
21 27 66 35 70 67 9
21 28 37 87 78 74 17
21 29 43 83 17 12 56
22 23 28 17 45 62 92
22 24 64 68 29 64 58
22 25 26 26 30 92 47
22 26 8 44 31 52 53
22 27 49 24 32 10 44
22 28 62 17 75 72 25
22 29 95 1 76 60 39
23 24 37 27 82 57 87
23 25 82 8 11 14 44
23 26 64 81 35 40 23
23 27 53 21 60 41 21
23 28 60 12 77 34 12
23 29 65 70 44 25 38
24 25 22 81 17 75 21
24 26 45 76 63 49 40
24 27 11 19 89 34 74
24 28 50 23 40 64 51
24 29 94 18 1 58 18
25 26 97 26 51 32 51
25 27 57 19 34 22 10
25 28 74 6 29 59 64
25 29 62 22 71 25 44
26 27 4 72 34 58 37
26 28 74 69 45 18 27
26 29 15 82 25 46 91
27 28 4 30 35 40 74
27 29 64 47 73 79 59
28 29 85 38 36 4 46
