48 5
0.25 0.25 0.25 0.25 0.0 
0 1 50 47 17 35 83
0 2 33 19 17 22 44
0 3 69 82 61 19 84
0 4 35 15 19 71 69
0 5 5 49 88 88 81
0 6 98 41 42 34 53
0 7 39 26 27 63 84
0 8 89 76 20 19 81
0 9 21 78 62 87 17
0 10 75 22 82 73 26
0 11 69 26 28 31 24
0 12 60 8 26 54 32
0 13 9 89 23 83 48
0 14 45 30 66 66 71
0 15 38 63 18 88 57
0 16 10 39 29 67 39
0 17 55 65 15 60 69
0 18 35 68 73 57 33
0 19 72 8 63 58 55
0 20 89 42 71 11 50
0 21 88 80 49 73 66
0 22 40 49 17 19 86
0 23 34 85 90 29 24
0 24 98 30 78 33 30
0 25 25 44 74 91 66
0 26 33 54 32 93 54
0 27 97 27 68 2 52
0 28 1 85 46 38 69
0 29 94 16 22 51 54
0 30 33 71 28 79 18
0 31 3 28 47 98 65
0 32 72 59 44 68 8
0 33 38 29 18 59 18
0 34 36 59 16 53 82
0 35 85 31 4 57 27
0 36 84 68 78 29 43
0 37 57 39 41 72 47
0 38 6 47 69 62 38
0 39 46 33 30 31 18
0 40 63 64 55 12 32
0 41 96 9 53 50 21
0 42 78 12 72 72 6
0 43 61 38 74 13 50
0 44 6 87 52 49 70
0 45 42 68 44 23 65
0 46 15 20 26 70 32
0 47 20 19 52 95 45
1 2 94 25 48 15 79
1 3 30 37 91 76 41
1 4 49 30 73 50 73
1 5 11 53 89 88 58
1 6 56 43 9 11 14
1 7 49 86 77 38 14
1 8 80 73 80 23 58
1 9 36 67 27 31 53
1 10 43 25 27 59 72
1 11 48 38 70 45 49
1 12 69 57 14 28 84
1 13 47 55 55 55 18
1 14 96 48 44 72 56
1 15 88 54 53 34 21
1 16 53 21 59 24 27
1 17 82 82 9 10 71
1 18 70 39 46 29 47
1 19 14 41 82 71 74
1 20 77 37 67 56 79
1 21 87 50 71 71 29
1 22 48 40 34 86 88
1 23 8 54 65 31 74
1 24 72 21 18 12 58
1 25 14 50 75 85 89
1 26 4 25 97 62 40
1 27 92 79 76 3 58
1 28 55 75 66 51 46
1 29 46 52 77 55 86
1 30 38 67 79 20 68
1 31 56 13 28 22 72
1 32 27 34 17 38 22
1 33 32 71 81 77 17
1 34 13 93 93 40 42
1 35 57 17 15 75 54
1 36 81 57 79 46 58
1 37 29 17 19 49 48
1 38 96 41 56 35 56
1 39 36 75 49 87 53
1 40 54 54 52 16 79
1 41 5 52 72 67 74
1 42 78 5 37 73 56
1 43 85 2 38 42 8
1 44 89 37 77 74 75
1 45 79 22 40 49 23
1 46 36 61 87 26 16
1 47 43 88 25 34 24
2 3 91 11 77 30 35
2 4 62 65 24 61 60
2 5 12 55 71 95 75
2 6 72 75 84 39 15
2 7 22 89 29 88 29
2 8 28 18 45 27 47
2 9 47 18 87 22 84
2 10 54 25 20 54 39
2 11 20 55 64 25 69
2 12 57 24 87 70 18
2 13 40 48 57 18 64
2 14 42 34 21 78 74
2 15 79 59 82 73 77
2 16 55 19 23 64 30
2 17 98 75 45 12 47
2 18 5 26 69 58 53
2 19 87 75 14 60 69
2 20 76 21 29 40 61
2 21 52 40 66 70 88
2 22 70 30 83 19 55
2 23 71 35 80 7 47
2 24 23 84 83 90 76
2 25 57 25 74 11 25
2 26 47 41 16 89 42
2 27 63 59 29 31 54
2 28 50 25 72 74 42
2 29 25 81 75 57 80
2 30 41 16 18 88 73
2 31 41 77 68 60 59
2 32 75 56 32 21 78
2 33 37 54 26 88 55
2 34 1 83 35 51 97
2 35 85 58 35 56 73
2 36 65 84 49 68 79
2 37 79 40 44 25 80
2 38 98 45 14 27 69
2 39 77 78 17 25 20
2 40 64 75 67 68 76
2 41 83 30 77 77 13
2 42 41 69 16 11 46
2 43 53 36 27 15 70
2 44 55 11 64 25 22
2 45 69 63 29 81 30
2 46 34 20 56 84 43
2 47 82 53 69 55 50
3 4 8 70 66 64 86
3 5 68 35 82 81 9
3 6 58 54 47 45 13
3 7 85 75 73 29 20
3 8 63 38 61 22 20
3 9 44 53 15 29 40
3 10 77 69 70 25 41
3 11 79 21 70 22 67
3 12 31 53 55 55 62
3 13 28 16 24 60 69
3 14 46 48 24 47 21
3 15 31 82 19 89 68
3 16 22 87 49 40 35
3 17 10 93 70 36 73
3 18 61 63 57 50 78
3 19 37 27 41 30 78
3 20 32 40 45 82 32
3 21 46 65 84 60 27
3 22 17 85 81 33 58
3 23 5 28 69 57 61
3 24 24 85 44 60 88
3 25 44 51 73 21 87
3 26 52 61 44 63 69
3 27 20 32 50 56 82
3 28 98 71 22 73 11
3 29 9 48 87 70 75
3 30 53 38 83 74 60
3 31 1 52 55 78 85
3 32 63 51 13 23 44
3 33 89 26 69 17 78
3 34 77 43 29 35 55
3 35 41 59 46 58 20
3 36 49 75 11 88 31
3 37 0 67 32 97 95
3 38 9 20 42 35 35
3 39 49 48 45 86 53
3 40 68 30 20 59 45
3 41 87 73 18 71 47
3 42 14 33 56 87 44
3 43 86 3 77 57 53
3 44 67 79 55 64 8
3 45 19 19 21 19 74
3 46 11 27 49 41 24
3 47 3 93 67 53 40
4 5 49 69 71 63 46
4 6 77 18 8 5 37
4 7 92 54 11 66 43
4 8 84 80 14 74 75
4 9 99 67 30 69 25
4 10 72 72 30 36 51
4 11 9 49 82 55 63
4 12 35 64 80 86 92
4 13 31 34 63 67 65
4 14 74 28 63 41 13
4 15 53 77 47 11 53
4 16 70 10 30 38 70
4 17 9 27 63 25 33
4 18 0 51 33 79 97
4 19 88 48 2 76 65
4 20 24 79 15 29 48
4 21 78 51 36 20 6
4 22 49 38 35 72 72
4 23 77 54 62 83 48
4 24 98 21 70 53 74
4 25 63 12 55 12 75
4 26 44 53 90 41 23
4 27 37 53 64 14 22
4 28 62 12 31 61 14
4 29 68 27 33 28 72
4 30 68 6 8 62 23
4 31 41 51 91 50 43
4 32 64 55 25 84 30
4 33 61 17 49 58 37
4 34 56 75 59 42 46
4 35 95 62 36 55 4
4 36 44 17 46 75 41
4 37 93 68 50 75 73
4 38 91 32 22 61 73
4 39 87 27 24 67 81
4 40 82 58 78 74 32
4 41 30 28 20 67 80
4 42 5 47 52 67 88
4 43 9 59 74 76 23
4 44 48 13 27 65 23
4 45 56 29 45 28 86
4 46 80 8 54 20 7
4 47 55 65 37 35 58
5 6 16 19 96 69 53
5 7 8 57 37 95 40
5 8 40 20 59 22 86
5 9 40 15 48 28 64
5 10 57 69 35 22 17
5 11 84 9 70 46 17
5 12 66 37 52 64 36
5 13 79 37 5 17 74
5 14 91 45 45 20 39
5 15 98 41 46 75 76
5 16 3 87 21 77 57
5 17 87 69 67 71 41
5 18 9 41 91 65 56
5 19 94 11 26 18 73
5 20 64 82 8 32 55
5 21 28 33 38 24 46
5 22 63 21 20 30 33
5 23 30 13 82 53 51
5 24 58 73 45 35 62
5 25 67 82 16 26 35
5 26 49 18 56 83 26
5 27 93 41 76 16 74
5 28 56 40 75 80 51
5 29 41 71 30 32 72
5 30 36 85 46 90 52
5 31 73 18 32 76 31
5 32 9 93 75 84 40
5 33 0 93 20 46 69
5 34 45 66 26 45 32
5 35 80 72 41 44 51
5 36 94 53 75 31 78
5 37 30 88 60 90 39
5 38 6 81 36 48 34
5 39 98 72 12 20 19
5 40 43 87 75 42 19
5 41 97 57 35 3 69
5 42 44 32 15 84 16
5 43 51 11 9 11 84
5 44 59 47 70 80 56
5 45 99 74 51 47 66
5 46 37 23 79 44 64
5 47 46 76 39 36 18
6 7 42 80 31 71 84
6 8 27 60 23 81 54
6 9 97 70 68 77 11
6 10 14 73 89 30 41
6 11 21 31 64 48 87
6 12 50 16 82 39 19
6 13 68 78 40 78 46
6 14 70 63 7 74 20
6 15 73 76 73 59 27
6 16 42 72 44 11 78
6 17 17 86 59 31 36
6 18 3 39 34 41 42
6 19 7 84 20 60 70
6 20 57 13 60 47 61
6 21 53 28 54 28 50
6 22 23 62 42 42 29
6 23 44 20 69 75 59
6 24 86 69 32 14 5
6 25 11 29 55 70 47
6 26 3 55 40 40 41
6 27 35 58 25 62 58
6 28 1 42 31 85 71
6 29 59 87 38 10 29
6 30 91 68 12 21 48
6 31 38 50 73 90 38
6 32 17 64 84 38 81
6 33 46 71 33 26 26
6 34 7 22 31 47 20
6 35 90 58 54 24 32
6 36 82 11 16 4 73
6 37 85 22 31 57 25
6 38 79 18 15 50 41
6 39 69 79 54 15 76
6 40 7 73 77 71 23
6 41 10 41 62 65 95
6 42 94 5 12 6 20
6 43 93 33 21 43 29
6 44 65 56 75 84 19
6 45 16 34 72 56 44
6 46 31 14 45 52 18
6 47 83 35 67 57 22
7 8 92 73 51 34 15
7 9 75 47 17 43 66
7 10 42 33 66 71 51
7 11 31 59 22 79 34
7 12 91 74 54 15 6
7 13 99 55 73 79 28
7 14 38 20 12 30 35
7 15 77 76 60 41 72
7 16 28 51 28 32 40
7 17 47 70 28 72 44
7 18 18 95 67 72 91
7 19 76 9 79 22 38
7 20 4 45 61 95 62
7 21 7 57 34 67 90
7 22 71 58 60 26 78
7 23 0 25 43 39 80
7 24 1 74 90 64 45
7 25 65 68 8 15 66
7 26 71 57 46 30 42
7 27 82 78 71 71 29
7 28 47 36 74 35 29
7 29 49 53 72 38 44
7 30 96 27 28 77 69
7 31 49 28 17 42 52
7 32 78 40 23 27 64
7 33 52 72 19 10 63
7 34 0 20 51 70 53
7 35 73 13 43 9 58
7 36 84 76 54 6 27
7 37 95 48 2 52 46
7 38 61 39 20 70 28
7 39 37 18 43 74 89
7 40 17 91 39 86 86
7 41 67 64 71 46 49
7 42 45 28 38 19 57
7 43 41 80 81 43 76
7 44 0 45 30 52 99
7 45 58 63 48 57 74
7 46 17 29 63 53 17
7 47 26 65 82 65 57
8 9 63 23 38 47 41
8 10 34 49 64 26 53
8 11 88 21 80 36 6
8 12 46 37 19 56 58
8 13 28 57 23 32 73
8 14 38 56 64 88 20
8 15 10 84 26 44 80
8 16 30 15 24 30 60
8 17 76 7 40 59 71
8 18 19 22 35 81 19
8 19 42 42 45 12 67
8 20 36 29 13 33 69
8 21 82 80 75 56 9
8 22 46 65 17 74 63
8 23 27 15 48 65 48
8 24 57 63 88 85 79
8 25 25 76 65 36 86
8 26 65 21 67 8 24
8 27 11 67 59 31 41
8 28 62 82 38 85 85
8 29 91 18 24 28 27
8 30 75 67 64 21 48
8 31 98 45 38 51 52
8 32 95 65 53 60 74
8 33 31 42 48 44 59
8 34 25 90 54 73 41
8 35 55 80 74 67 28
8 36 87 64 55 82 40
8 37 63 27 65 74 68
8 38 98 3 73 35 49
8 39 31 23 55 68 57
8 40 27 58 38 22 85
8 41 31 76 86 22 25
8 42 37 37 28 37 76
8 43 14 43 54 70 37
8 44 64 73 26 7 33
8 45 85 22 62 80 26
8 46 47 17 74 34 78
8 47 51 46 82 76 80
9 10 15 52 53 96 86
9 11 79 11 42 45 8
9 12 65 17 46 63 77
9 13 67 6 13 24 58
9 14 80 6 48 29 64
9 15 65 22 7 58 41
9 16 22 49 38 16 29
9 17 20 17 65 73 39
9 18 92 12 10 43 43
9 19 15 72 23 39 33
9 20 23 37 15 89 51
9 21 13 22 92 67 88
9 22 32 58 74 21 76
9 23 94 25 59 79 33
9 24 84 70 56 9 21
9 25 82 77 24 14 13
9 26 46 28 74 68 40
9 27 62 71 10 67 51
9 28 15 95 78 78 34
9 29 75 61 58 43 18
9 30 82 12 25 17 11
9 31 43 24 14 72 88
9 32 63 43 82 72 60
9 33 68 74 56 41 7
9 34 97 49 23 58 76
9 35 83 63 38 8 21
9 36 84 6 68 78 66
9 37 42 14 48 76 38
9 38 61 59 51 49 12
9 39 68 54 22 40 14
9 40 48 19 46 49 87
9 41 91 71 12 62 46
9 42 29 93 15 70 40
9 43 55 44 16 53 83
9 44 98 26 72 13 47
9 45 67 63 11 14 20
9 46 52 83 50 11 10
9 47 71 11 26 82 22
10 11 35 78 81 90 49
10 12 64 53 80 41 72
10 13 30 53 40 48 15
10 14 89 55 49 46 46
10 15 32 78 65 76 22
10 16 18 38 53 23 39
10 17 31 66 38 28 66
10 18 1 60 71 89 59
10 19 69 21 27 9 64
10 20 99 8 57 10 15
10 21 89 23 27 51 70
10 22 93 58 78 18 48
10 23 95 22 28 48 40
10 24 44 21 36 29 68
10 25 95 77 71 45 36
10 26 81 23 34 25 39
10 27 2 26 48 28 84
10 28 84 34 10 34 11
10 29 37 32 35 13 13
10 30 78 68 9 15 72
10 31 98 38 19 6 69
10 32 86 33 58 37 52
10 33 89 68 16 22 57
10 34 91 53 51 67 62
10 35 55 35 71 28 18
10 36 34 27 62 42 58
10 37 77 17 65 63 38
10 38 45 50 64 38 62
10 39 65 27 27 45 50
10 40 54 41 43 64 36
10 41 30 36 61 34 76
10 42 21 63 50 16 89
10 43 82 6 38 47 60
10 44 89 70 61 68 68
10 45 88 75 69 68 59
10 46 0 21 20 90 33
10 47 6 77 94 51 52
11 12 63 52 22 51 37
11 13 39 35 82 21 30
11 14 29 70 36 36 42
11 15 11 73 86 74 87
11 16 0 26 39 32 73
11 17 24 92 39 47 25
11 18 60 21 83 58 66
11 19 40 33 75 91 48
11 20 56 64 79 16 83
11 21 11 49 72 37 22
11 22 23 57 92 61 45
11 23 72 48 19 53 30
11 24 69 9 64 15 44
11 25 77 32 46 15 75
11 26 36 17 27 79 29
11 27 28 58 67 77 90
11 28 26 63 36 30 57
11 29 45 82 58 55 63
11 30 5 88 89 29 30
11 31 19 31 45 43 26
11 32 33 19 78 61 87
11 33 88 68 41 79 77
11 34 31 42 29 27 31
11 35 94 36 27 19 4
11 36 20 87 22 26 25
11 37 86 59 53 44 59
11 38 31 49 90 92 71
11 39 25 62 68 93 16
11 40 71 85 45 81 36
11 41 71 24 41 54 62
11 42 33 54 46 92 73
11 43 11 93 58 60 55
11 44 0 92 55 90 32
11 45 26 29 86 83 26
11 46 86 40 70 53 57
11 47 32 88 19 61 37
12 13 78 70 48 47 6
12 14 62 68 32 31 14
12 15 75 21 58 45 56
12 16 29 40 25 68 65
12 17 47 47 14 88 89
12 18 5 87 73 40 56
12 19 89 10 74 20 25
12 20 70 22 32 42 16
12 21 66 7 17 33 8
12 22 5 40 97 94 90
12 23 58 59 63 71 66
12 24 44 59 56 57 76
12 25 74 54 51 51 33
12 26 14 74 86 65 76
12 27 33 88 22 53 34
12 28 90 51 76 72 61
12 29 8 28 22 25 32
12 30 91 56 27 53 60
12 31 62 65 44 60 64
12 32 66 46 65 10 72
12 33 81 61 21 76 11
12 34 53 11 14 31 56
12 35 0 90 21 77 35
12 36 18 38 22 45 31
12 37 72 69 71 64 16
12 38 59 74 43 25 84
12 39 70 45 52 15 11
12 40 82 37 3 41 6
12 41 89 19 17 31 10
12 42 23 69 29 49 75
12 43 18 76 77 64 25
12 44 47 38 13 88 87
12 45 64 59 44 79 10
12 46 14 22 78 50 61
12 47 92 36 52 1 37
13 14 30 28 64 75 74
13 15 79 15 70 21 68
13 16 14 64 73 41 67
13 17 54 11 32 37 82
13 18 73 67 7 83 74
13 19 3 61 73 26 97
13 20 83 40 21 41 66
13 21 60 39 39 87 60
13 22 5 97 77 24 37
13 23 40 58 21 68 22
13 24 59 85 68 62 73
13 25 72 41 6 46 45
13 26 19 51 58 19 23
13 27 11 85 40 89 53
13 28 22 58 83 17 94
13 29 50 80 11 74 31
13 30 67 11 76 53 52
13 31 78 74 69 5 28
13 32 95 46 78 13 75
13 33 9 80 88 41 20
13 34 12 35 49 58 79
13 35 73 43 44 33 61
13 36 19 21 27 81 27
13 37 82 5 76 55 65
13 38 23 28 21 22 84
13 39 29 80 34 77 54
13 40 52 61 49 42 17
13 41 53 13 36 19 15
13 42 46 16 41 84 75
13 43 15 49 59 38 41
13 44 44 57 51 56 28
13 45 12 30 45 24 91
13 46 96 72 60 71 56
13 47 13 84 33 30 50
14 15 90 31 37 47 58
14 16 73 81 80 60 75
14 17 71 63 30 77 37
14 18 95 38 21 26 46
14 19 45 42 18 81 50
14 20 2 39 39 68 54
14 21 83 41 57 47 47
14 22 12 59 46 38 19
14 23 60 34 85 42 23
14 24 87 50 11 44 4
14 25 67 29 48 13 25
14 26 95 67 25 50 61
14 27 34 61 52 59 91
14 28 75 75 75 49 74
14 29 36 50 40 74 43
14 30 11 67 88 24 41
14 31 99 56 13 69 29
14 32 42 19 17 61 69
14 33 8 84 42 35 93
14 34 93 16 75 71 47
14 35 26 33 92 67 20
14 36 46 74 69 26 39
14 37 69 33 34 38 45
14 38 70 13 71 61 35
14 39 40 68 14 87 41
14 40 76 46 38 58 71
14 41 50 60 23 62 38
14 42 62 64 60 35 80
14 43 8 30 48 42 71
14 44 76 47 38 16 17
14 45 34 45 77 51 35
14 46 94 39 5 60 9
14 47 64 43 62 49 10
15 16 6 35 25 21 64
15 17 4 84 40 37 46
15 18 6 80 43 96 79
15 19 69 59 27 53 72
15 20 74 40 52 23 42
15 21 96 53 51 73 24
15 22 96 70 9 8 64
15 23 63 79 34 63 41
15 24 3 26 87 76 46
15 25 45 32 20 26 63
15 26 73 17 17 51 69
15 27 10 90 75 61 47
15 28 12 66 39 94 88
15 29 46 49 25 70 82
15 30 76 76 53 51 71
15 31 71 36 72 37 71
15 32 21 18 76 56 74
15 33 12 74 35 86 88
15 34 94 31 9 74 22
15 35 2 83 52 83 51
15 36 43 71 64 38 17
15 37 87 72 79 7 16
15 38 67 63 30 76 24
15 39 41 22 56 55 62
15 40 38 31 60 12 70
15 41 83 3 27 7 12
15 42 27 87 83 32 79
15 43 48 25 17 39 56
15 44 79 44 78 34 50
15 45 60 75 26 56 76
15 46 72 43 61 6 57
15 47 92 27 50 37 50
16 17 84 66 30 70 57
16 18 69 74 71 64 46
16 19 94 47 75 64 73
16 20 94 29 77 11 53
16 21 56 48 36 23 70
16 22 23 75 50 38 42
16 23 2 70 94 54 69
16 24 13 50 42 39 54
16 25 36 21 58 68 55
16 26 84 25 76 60 53
16 27 79 31 5 53 63
16 28 99 70 49 6 8
16 29 78 51 29 55 10
16 30 66 68 15 36 33
16 31 35 22 55 76 86
16 32 24 16 24 63 20
16 33 19 39 79 32 48
16 34 95 39 36 42 34
16 35 65 58 78 65 48
16 36 95 66 32 50 46
16 37 64 72 78 81 27
16 38 96 58 72 23 71
16 39 70 23 18 61 77
16 40 94 38 25 70 13
16 41 11 89 55 55 30
16 42 3 98 71 73 43
16 43 94 77 55 8 43
16 44 70 34 57 53 62
16 45 9 34 97 88 77
16 46 45 29 54 20 64
16 47 40 83 37 81 41
17 18 10 51 56 54 53
17 19 28 19 55 66 58
17 20 27 16 56 70 16
17 21 38 23 38 85 23
17 22 94 19 50 78 47
17 23 95 42 65 41 69
17 24 61 39 48 59 14
17 25 95 68 58 32 77
17 26 32 90 69 74 18
17 27 20 52 52 50 26
17 28 59 64 12 43 34
17 29 75 11 48 68 71
17 30 84 38 55 10 15
17 31 54 34 86 21 40
17 32 60 17 39 79 23
17 33 5 51 46 92 34
17 34 44 18 66 71 46
17 35 81 62 82 75 49
17 36 32 52 83 59 85
17 37 44 17 20 16 54
17 38 3 89 50 34 55
17 39 55 49 63 19 29
17 40 22 94 92 20 52
17 41 57 9 83 32 73
17 42 52 84 41 23 60
17 43 38 28 86 18 12
17 44 13 18 43 64 30
17 45 57 76 85 45 26
17 46 98 57 16 75 3
17 47 95 8 23 77 4
18 19 72 81 61 41 36
18 20 45 82 77 68 74
18 21 50 52 19 58 17
18 22 79 62 29 18 71
18 23 93 52 27 2 17
18 24 96 61 51 16 36
18 25 96 73 69 31 8
18 26 49 73 10 68 81
18 27 39 47 48 73 45
18 28 86 8 34 73 23
18 29 22 91 28 30 17
18 30 7 54 86 19 71
18 31 87 80 46 6 58
18 32 66 61 44 44 57
18 33 0 55 91 62 54
18 34 30 87 33 30 61
18 35 78 33 49 67 38
18 36 14 47 44 78 86
18 37 95 56 66 78 19
18 38 4 62 32 79 32
18 39 59 10 25 87 25
18 40 95 7 22 37 7
18 41 11 61 35 87 82
18 42 30 35 19 90 35
18 43 16 39 79 33 71
18 44 75 81 26 72 6
18 45 65 17 39 76 82
18 46 64 26 56 25 74
18 47 45 12 62 21 20
19 20 16 20 65 21 94
19 21 89 38 6 29 27
19 22 44 64 90 47 57
19 23 39 50 23 54 84
19 24 82 31 68 77 25
19 25 0 41 53 31 20
19 26 56 80 79 18 45
19 27 34 90 86 71 42
19 28 2 32 77 97 81
19 29 93 7 45 69 40
19 30 6 97 95 56 26
19 31 71 29 23 71 34
19 32 3 63 96 76 88
19 33 67 68 70 72 47
19 34 61 51 26 79 40
19 35 65 37 54 49 41
19 36 69 84 81 84 41
19 37 7 24 24 51 51
19 38 80 16 14 35 43
19 39 43 20 34 72 16
19 40 4 77 94 98 37
19 41 64 15 8 66 70
19 42 31 43 29 58 69
19 43 10 48 87 40 94
19 44 11 22 79 40 57
19 45 30 15 60 47 82
19 46 12 22 85 27 44
19 47 77 35 53 67 18
20 21 60 47 23 70 48
20 22 67 66 77 35 14
20 23 84 23 10 26 9
20 24 53 77 22 40 24
20 25 6 63 79 81 36
20 26 68 80 45 6 74
20 27 59 39 53 53 85
20 28 13 48 81 23 80
20 29 60 66 86 7 21
20 30 88 75 43 74 19
20 31 8 21 87 68 61
20 32 30 84 17 39 93
20 33 99 57 78 59 3
20 34 91 27 59 57 68
20 35 85 48 43 15 28
20 36 70 62 55 40 62
20 37 99 1 51 50 70
20 38 22 64 56 54 93
20 39 46 83 63 59 38
20 40 70 38 40 49 13
20 41 41 74 30 35 81
20 42 32 80 17 57 77
20 43 15 81 30 31 91
20 44 18 92 44 79 27
20 45 33 48 61 22 34
20 46 7 50 29 70 90
20 47 4 82 59 26 89
21 22 1 49 21 94 72
21 23 43 83 16 47 48
21 24 24 65 91 80 58
21 25 8 54 85 54 32
21 26 20 83 83 42 40
21 27 70 7 7 47 16
21 28 13 79 85 44 21
21 29 2 71 25 44 48
21 30 86 77 59 34 63
21 31 1 39 75 47 92
21 32 52 64 88 21 83
21 33 26 63 19 70 69
21 34 97 17 26 40 50
21 35 13 22 94 70 26
21 36 33 69 40 36 40
21 37 35 34 44 40 46
21 38 15 46 22 46 80
21 39 6 95 39 49 69
21 40 67 50 29 64 24
21 41 24 44 79 81 22
21 42 30 78 40 21 43
21 43 76 7 48 49 62
21 44 46 27 19 40 23
21 45 23 83 49 82 68
21 46 44 70 27 75 91
21 47 61 44 56 73 64
22 23 68 22 75 43 69
22 24 3 83 94 24 60
22 25 76 71 12 78 69
22 26 46 16 43 69 47
22 27 90 8 16 38 49
22 28 54 18 24 39 18
22 29 66 21 74 52 34
22 30 50 16 87 32 46
22 31 71 42 48 19 68
22 32 62 85 24 46 82
22 33 14 74 78 68 41
22 34 71 78 56 10 61
22 35 82 45 25 29 64
22 36 52 33 50 16 11
22 37 29 51 73 74 19
22 38 85 44 3 30 30
22 39 25 61 44 61 58
22 40 58 25 17 23 16
22 41 22 58 89 60 64
22 42 99 16 66 20 16
22 43 54 59 41 57 69
22 44 53 88 26 33 81
22 45 63 83 16 65 85
22 46 77 60 49 19 37
22 47 35 88 32 18 84
23 24 82 61 8 65 42
23 25 84 47 4 35 75
23 26 19 78 43 67 57
23 27 51 84 84 80 89
23 28 0 88 95 65 26
23 29 82 50 39 35 60
23 30 74 20 55 18 23
23 31 77 42 58 25 84
23 32 37 24 39 36 24
23 33 51 42 12 27 57
23 34 20 25 50 24 73
23 35 86 74 11 64 17
23 36 14 33 93 56 29
23 37 95 57 65 4 77
23 38 0 92 99 50 99
23 39 54 10 70 18 59
23 40 54 44 34 75 53
23 41 42 70 35 44 74
23 42 38 68 77 66 65
23 43 70 17 50 49 26
23 44 59 86 65 40 16
23 45 76 19 58 74 30
23 46 54 55 79 25 83
23 47 70 53 29 51 71
24 25 51 66 46 12 21
24 26 65 63 18 54 56
24 27 91 2 6 80 32
24 28 17 71 28 47 25
24 29 58 40 25 20 51
24 30 15 82 29 71 29
24 31 16 86 80 26 81
24 32 43 75 58 67 55
24 33 75 72 57 63 49
24 34 29 31 45 25 31
24 35 64 8 78 82 77
24 36 41 61 45 59 80
24 37 64 63 77 33 19
24 38 31 66 57 19 72
24 39 41 33 24 34 51
24 40 81 83 44 81 36
24 41 41 88 69 68 32
24 42 9 91 81 57 28
24 43 86 80 42 8 29
24 44 28 59 19 38 27
24 45 75 5 24 47 75
24 46 15 35 19 23 85
24 47 14 66 95 81 34
25 26 83 21 20 63 23
25 27 66 68 46 8 69
25 28 68 30 81 20 47
25 29 34 35 20 72 84
25 30 44 27 70 70 68
25 31 11 71 35 53 19
25 32 16 43 94 81 52
25 33 84 26 11 51 71
25 34 64 71 35 63 47
25 35 50 88 59 81 70
25 36 9 43 93 82 38
25 37 81 51 58 38 15
25 38 60 20 32 72 48
25 39 17 38 27 59 41
25 40 78 79 30 63 83
25 41 86 60 66 32 70
25 42 2 81 59 79 96
25 43 98 74 62 49 69
25 44 82 19 50 52 51
25 45 55 31 9 16 37
25 46 0 99 80 28 47
25 47 17 51 92 76 80
26 27 10 44 78 87 69
26 28 99 26 62 30 24
26 29 0 70 40 42 49
26 30 85 81 2 11 60
26 31 9 65 58 87 71
26 32 60 14 26 58 72
26 33 61 87 42 13 82
26 34 78 51 63 27 52
26 35 16 36 64 69 79
26 36 46 33 53 48 84
26 37 94 58 17 41 29
26 38 20 61 40 19 18
26 39 95 35 13 2 14
26 40 65 71 77 83 45
26 41 74 11 77 51 26
26 42 89 56 45 3 52
26 43 54 48 40 15 72
26 44 26 47 38 48 77
26 45 21 86 74 54 95
26 46 61 71 15 12 63
26 47 71 50 50 26 39
27 28 24 77 24 31 30
27 29 49 12 45 53 89
27 30 24 95 78 84 93
27 31 50 35 26 40 22
27 32 37 46 72 89 22
27 33 12 86 45 52 50
27 34 96 39 48 29 1
27 35 18 40 74 57 21
27 36 68 12 25 40 37
27 37 73 38 15 82 44
27 38 32 18 49 25 36
27 39 8 93 86 90 25
27 40 73 26 44 40 84
27 41 95 16 47 6 66
27 42 82 18 53 38 58
27 43 40 72 21 24 19
27 44 92 70 73 20 12
27 45 5 50 39 46 84
27 46 97 6 31 74 66
27 47 63 32 49 40 87
28 29 72 76 23 72 81
28 30 4 83 80 80 31
28 31 43 56 65 69 64
28 32 65 58 19 29 60
28 33 85 65 76 28 16
28 34 81 22 23 18 19
28 35 90 26 13 20 41
28 36 31 47 28 44 21
28 37 34 39 30 31 15
28 38 79 65 68 12 32
28 39 11 31 85 47 61
28 40 21 74 91 69 88
28 41 75 80 35 53 52
28 42 78 43 23 15 46
28 43 16 40 61 85 23
28 44 96 11 49 14 57
28 45 22 53 19 38 94
28 46 79 18 9 34 16
28 47 19 88 24 25 76
29 30 93 24 58 25 57
29 31 86 27 40 62 5
29 32 3 60 45 80 86
29 33 81 53 46 14 79
29 34 24 84 27 55 54
29 35 8 95 56 56 75
29 36 90 73 45 9 81
29 37 26 70 70 19 90
29 38 84 26 49 75 24
29 39 89 33 46 47 66
29 40 5 58 89 76 36
29 41 65 22 71 85 13
29 42 40 52 44 48 64
29 43 59 48 75 56 57
29 44 37 58 19 74 74
29 45 23 53 25 58 76
29 46 30 55 41 79 69
29 47 12 62 61 36 52
30 31 43 30 84 52 75
30 32 35 42 64 90 64
30 33 63 79 20 52 73
30 34 41 24 91 49 48
30 35 90 81 55 72 31
30 36 74 38 12 78 60
30 37 38 68 37 24 14
30 38 97 77 5 38 51
30 39 2 38 96 78 38
30 40 17 42 48 17 28
30 41 92 16 77 9 60
30 42 72 80 44 24 84
30 43 23 92 17 60 18
30 44 43 56 35 20 88
30 45 35 88 85 80 89
30 46 73 54 22 70 83
30 47 36 71 17 69 39
31 32 45 75 56 39 70
31 33 18 68 71 69 65
31 34 34 75 56 21 16
31 35 71 83 54 72 80
31 36 35 86 56 46 18
31 37 82 5 8 67 73
31 38 62 51 19 66 43
31 39 20 84 25 92 27
31 40 41 88 75 42 38
31 41 91 20 6 72 33
31 42 63 9 51 65 52
31 43 7 88 79 30 63
31 44 15 88 19 57 94
31 45 52 64 49 22 64
31 46 4 37 48 22 52
31 47 45 89 87 65 13
32 33 42 29 14 81 88
32 34 0 33 75 96 56
32 35 55 42 10 21 16
32 36 67 54 59 39 24
32 37 8 66 40 31 20
32 38 49 28 60 20 11
32 39 64 67 33 20 76
32 40 27 37 63 55 42
32 41 58 52 64 50 44
32 42 8 54 73 81 54
32 43 98 37 71 46 57
32 44 3 32 51 41 21
32 45 28 91 19 35 52
32 46 21 20 36 71 50
32 47 59 76 64 75 68
33 34 25 64 74 49 19
33 35 80 77 22 72 77
33 36 8 56 91 20 90
33 37 26 76 87 55 45
33 38 4 55 20 28 96
33 39 10 26 82 19 23
33 40 37 22 54 23 47
33 41 47 56 15 19 40
33 42 18 54 28 19 48
33 43 94 41 79 18 7
33 44 86 68 55 47 58
33 45 41 60 51 80 71
33 46 29 49 93 73 80
33 47 28 22 44 23 93
34 35 27 55 85 89 87
34 36 67 85 27 57 86
34 37 96 8 12 24 23
34 38 6 31 23 56 91
34 39 89 31 45 69 78
34 40 70 11 64 25 46
34 41 70 79 23 78 58
34 42 85 9 66 4 55
34 43 40 29 23 44 30
34 44 48 24 75 63 21
34 45 77 31 62 81 20
34 46 17 20 36 54 31
34 47 13 58 37 44 34
35 36 45 36 54 70 66
35 37 51 70 38 48 45
35 38 94 78 79 65 24
35 39 56 64 32 68 80
35 40 43 89 75 65 38
35 41 95 45 13 80 4
35 42 90 19 25 13 5
35 43 39 32 32 57 58
35 44 19 91 31 30 44
35 45 57 70 70 49 15
35 46 53 64 87 87 12
35 47 52 59 29 72 28
36 37 19 48 47 57 40
36 38 43 61 62 76 82
36 39 5 95 50 49 86
36 40 12 85 84 90 81
36 41 65 58 21 58 34
36 42 10 59 80 89 20
36 43 0 93 23 76 59
36 44 77 36 45 18 46
36 45 69 83 64 43 45
36 46 78 21 49 21 35
36 47 91 10 41 46 35
37 38 52 58 79 69 51
37 39 93 56 65 21 67
37 40 82 24 11 76 72
37 41 97 45 25 26 76
37 42 94 15 56 25 42
37 43 89 56 15 40 38
37 44 74 77 65 68 47
37 45 74 44 83 34 79
37 46 72 52 35 51 71
37 47 41 66 74 39 68
38 39 98 43 25 37 41
38 40 52 89 48 27 72
38 41 54 34 62 71 18
38 42 45 18 45 13 18
38 43 2 92 28 57 54
38 44 40 15 61 38 59
38 45 53 49 66 52 38
38 46 53 31 60 56 31
38 47 30 30 21 39 33
39 40 20 18 82 72 42
39 41 56 73 25 60 54
39 42 97 60 57 40 12
39 43 27 73 71 25 43
39 44 61 38 15 70 12
39 45 45 18 14 46 36
39 46 0 51 35 67 94
39 47 80 71 72 57 14
40 41 62 62 20 35 38
40 42 23 32 38 23 34
40 43 24 92 50 87 24
40 44 75 27 38 79 31
40 45 16 82 64 94 75
40 46 86 19 76 55 42
40 47 34 44 31 31 16
41 42 20 79 57 47 85
41 43 25 33 45 42 93
41 44 20 92 67 38 46
41 45 20 46 50 84 61
41 46 25 77 60 76 46
41 47 66 80 61 68 49
42 43 24 73 45 26 33
42 44 83 52 30 21 54
42 45 50 55 28 27 77
42 46 32 64 14 87 75
42 47 25 91 54 56 42
43 44 17 30 55 80 59
43 45 90 32 66 77 78
43 46 20 41 50 83 77
43 47 67 26 41 20 49
44 45 16 89 60 38 85
44 46 40 81 82 78 81
44 47 19 29 91 46 25
45 46 26 68 82 48 30
45 47 25 43 86 25 80
46 47 36 45 91 21 41
