12 8
0.2 0 0 0 0 0 0 0.8
0 1 38 61 60 55 64 65 64 56
0 2 16 84 78 85 81 71 85 77
0 3 27 62 63 65 74 72 64 62
0 4 10 84 84 89 82 81 87 84
0 5 55 50 51 42 40 49 49 46
0 6 41 60 55 51 52 55 50 57
0 7 5 91 93 86 81 86 81 92
0 8 1 83 96 91 94 87 87 87
0 9 51 42 50 51 53 47 52 45
0 10 7 82 82 88 92 84 82 81
0 11 98 1 10 12 13 4 2 2
1 2 36 68 60 60 61 59 63 68
1 3 76 29 23 34 21 26 25 32
1 4 12 87 79 77 78 79 88 78
1 5 83 19 22 18 28 18 16 22
1 6 27 73 75 75 71 69 69 71
1 7 54 51 39 40 52 42 51 46
1 8 83 27 24 23 23 25 24 18
1 9 83 19 28 24 19 23 25 27
1 10 57 41 45 42 43 45 37 41
1 11 24 68 71 67 72 77 75 75
2 3 41 59 55 61 57 50 55 63
2 4 53 44 50 50 52 40 47 53
2 5 46 58 56 51 48 47 55 50
2 6 18 79 79 82 76 72 77 74
2 7 92 14 19 19 19 15 19 15
2 8 8 79 83 88 84 88 87 85
2 9 58 41 43 40 36 42 41 46
2 10 42 58 53 54 53 53 50 52
2 11 79 31 31 30 31 17 21 29
3 4 99 4 13 2 14 8 15 3
3 5 41 50 53 54 51 51 57 49
3 6 78 22 22 28 25 24 26 33
3 7 77 31 19 24 29 22 20 28
3 8 81 26 17 19 23 24 16 27
3 9 84 19 16 16 25 22 14 26
3 10 11 84 81 85 81 85 77 86
3 11 19 79 71 80 74 82 77 73
4 5 4 87 85 91 89 90 83 82
4 6 19 68 71 82 71 77 73 73
4 7 60 43 35 42 36 45 47 47
4 8 71 31 32 32 26 38 33 28
4 9 60 34 46 36 35 42 43 47
4 10 20 77 71 80 71 77 76 81
4 11 55 39 44 44 46 46 47 41
5 6 16 80 85 71 80 70 77 78
5 7 85 18 21 26 26 21 22 23
5 8 79 23 23 30 19 30 28 18
5 9 37 54 58 65 58 59 55 60
5 10 19 69 74 79 73 70 75 68
5 11 98 13 1 4 2 7 11 11
6 7 43 59 51 58 50 58 62 59
6 8 83 14 22 20 16 26 29 27
6 9 27 75 63 73 72 75 73 70
6 10 11 78 82 83 85 85 87 89
6 11 44 52 51 48 53 53 53 61
7 8 43 59 56 50 62 62 54 51
7 9 11 81 84 78 86 85 88 87
7 10 67 30 34 29 42 42 41 37
7 11 43 53 50 54 60 62 59 49
8 9 19 82 80 70 69 75 72 68
8 10 71 32 38 36 30 25 27 37
8 11 39 60 56 61 57 54 58 60
9 10 97 5 5 17 14 14 11 5
9 11 93 11 19 12 9 9 9 5
10 11 72 26 26 24 27 35 24 33
