15 8
0.8 0 0 0 0 0 0 0.2
0 1 82 56 42 9 23 15 14 44
0 2 50 60 54 53 26 28 30 57
0 3 24 44 56 64 64 83 77 51
0 4 0 62 55 62 67 50 88 56
0 5 86 29 29 48 46 15 45 6
0 6 99 27 41 21 43 10 10 15
0 7 31 50 74 78 73 59 40 70
0 8 73 21 36 54 50 21 40 43
0 9 50 44 50 42 47 52 52 32
0 10 57 40 36 32 33 58 42 57
0 11 37 56 79 66 76 59 72 37
0 12 31 67 57 37 38 76 72 36
0 13 97 26 5 25 21 46 7 12
0 14 47 42 43 64 50 64 67 65
1 2 56 26 45 59 70 70 22 50
1 3 53 26 24 41 39 27 49 72
1 4 61 44 29 46 47 64 25 62
1 5 90 51 24 29 36 10 36 15
1 6 23 48 41 56 71 87 75 86
1 7 22 70 52 40 87 84 71 50
1 8 87 54 46 14 13 23 34 19
1 9 3 70 69 91 71 67 83 72
1 10 92 19 6 13 7 42 30 52
1 11 51 25 49 54 46 37 52 72
1 12 14 75 51 79 86 52 56 67
1 13 37 37 36 45 68 62 32 34
1 14 85 48 33 22 46 12 44 53
2 3 49 50 26 74 30 26 61 60
2 4 29 83 83 66 72 48 59 47
2 5 84 35 16 16 44 30 20 41
2 6 88 34 49 10 40 52 44 51
2 7 5 79 87 65 85 89 77 75
2 8 58 69 67 25 26 22 47 32
2 9 91 22 46 31 26 10 21 5
2 10 42 78 46 50 66 61 66 77
2 11 2 85 86 77 68 66 74 95
2 12 95 38 36 46 48 36 46 41
2 13 71 17 44 49 40 25 27 61
2 14 39 33 67 41 74 41 41 30
3 4 9 92 76 60 80 65 87 55
3 5 59 48 22 64 23 67 61 25
3 6 64 21 30 58 24 36 43 58
3 7 58 28 47 53 48 54 29 56
3 8 45 76 56 62 61 71 49 67
3 9 70 44 37 39 38 55 42 29
3 10 51 48 50 25 25 32 25 34
3 11 57 22 25 45 58 69 58 56
3 12 90 34 30 27 48 37 8 26
3 13 40 69 39 43 48 36 56 60
3 14 49 30 51 72 70 44 50 60
4 5 16 73 88 71 78 61 82 77
4 6 87 18 43 43 49 31 19 29
4 7 85 46 55 8 50 19 47 38
4 8 3 71 55 70 50 86 52 97
4 9 89 34 53 8 35 38 43 52
4 10 78 59 22 25 57 48 29 44
4 11 22 59 80 51 38 60 74 70
4 12 34 52 65 34 67 57 62 51
4 13 55 58 69 68 29 44 42 59
4 14 42 76 57 63 77 30 36 47
5 6 92 9 39 42 26 32 31 10
5 7 59 60 55 64 22 59 61 21
5 8 92 44 13 38 19 17 12 49
5 9 36 71 39 37 76 60 44 73
5 10 45 30 41 47 35 45 50 36
5 11 89 10 36 17 52 46 47 9
5 12 36 42 74 38 36 67 68 32
5 13 11 75 47 60 81 86 76 61
5 14 11 45 69 85 54 71 82 81
6 7 50 27 64 43 45 44 72 43
6 8 24 62 69 84 43 72 50 73
6 9 98 22 30 10 9 21 9 34
6 10 90 53 15 6 34 52 44 42
6 11 2 96 79 52 87 90 82 95
6 12 71 33 42 17 33 59 54 26
6 13 11 46 83 73 68 45 81 69
6 14 34 63 40 49 46 74 74 75
7 8 21 67 75 70 60 72 40 75
7 9 97 37 44 11 44 41 17 9
7 10 3 74 88 94 75 76 76 67
7 11 54 57 40 43 51 70 55 46
7 12 99 12 14 12 50 17 24 31
7 13 27 53 61 42 72 63 78 45
7 14 70 62 50 30 22 54 51 51
8 9 71 28 54 24 23 32 28 36
8 10 8 83 48 60 46 86 72 76
8 11 55 50 26 58 49 60 66 39
8 12 91 54 31 19 33 15 6 7
8 13 15 49 72 66 67 86 54 79
8 14 83 47 55 50 29 49 17 42
9 10 50 64 51 30 62 44 57 29
9 11 80 41 44 34 23 11 13 16
9 12 23 74 69 47 78 82 53 76
9 13 22 66 70 47 49 75 70 62
9 14 99 28 16 49 15 21 16 18
10 11 91 32 22 41 46 31 14 40
10 12 65 66 21 45 51 33 60 44
10 13 99 47 41 38 22 18 16 40
10 14 79 58 28 31 48 59 37 20
11 12 19 69 85 58 64 50 80 68
11 13 21 48 51 87 73 58 56 64
11 14 87 13 46 8 9 24 26 41
12 13 32 63 65 37 49 74 45 35
12 14 54 59 69 66 24 30 50 51
13 14 53 42 52 58 30 55 37 54
