15 8
0.2 0 0 0 0 0 0 0.8
0 1 3 89 84 87 93 91 89 86
0 2 42 63 60 62 51 50 51 63
0 3 47 50 49 54 48 46 49 44
0 4 70 29 34 29 25 28 33 39
0 5 4 90 88 89 95 91 86 92
0 6 29 62 60 71 74 64 68 71
0 7 2 89 84 85 85 87 92 85
0 8 68 27 28 36 32 29 38 32
0 9 11 88 82 78 86 85 85 76
0 10 97 16 5 2 9 2 16 4
0 11 16 81 85 82 75 84 78 79
0 12 82 19 21 18 16 23 25 24
0 13 2 96 91 91 92 95 90 92
0 14 26 66 72 74 66 73 68 65
1 2 46 58 55 54 58 52 57 54
1 3 94 19 11 18 10 11 7 16
1 4 22 70 72 66 70 66 71 77
1 5 55 38 38 51 50 39 39 46
1 6 30 67 61 62 62 63 63 67
1 7 99 13 13 1 6 12 5 11
1 8 58 43 39 48 38 49 49 46
1 9 11 77 80 80 83 88 86 89
1 10 92 10 11 7 19 9 16 13
1 11 91 10 11 16 21 12 20 20
1 12 72 34 25 30 30 38 26 29
1 13 70 39 25 40 32 29 28 33
1 14 45 47 52 47 52 52 50 56
2 3 61 45 45 46 46 36 42 44
2 4 42 52 61 61 48 53 63 49
2 5 37 63 54 56 65 56 66 58
2 6 16 78 74 80 77 79 75 76
2 7 25 66 74 74 71 75 72 75
2 8 52 40 47 46 42 52 41 54
2 9 11 80 88 83 88 80 75 87
2 10 53 46 51 39 43 48 49 46
2 11 23 75 66 74 76 70 75 75
2 12 92 16 11 13 19 8 17 14
2 13 47 54 58 45 54 59 51 45
2 14 37 66 62 65 61 65 58 61
3 4 41 53 55 50 54 53 62 52
3 5 61 33 45 42 42 45 36 46
3 6 50 52 51 47 43 50 42 42
3 7 64 44 44 42 44 32 43 43
3 8 65 38 41 31 34 40 44 34
3 9 88 24 22 20 11 16 24 22
3 10 58 43 37 43 38 49 35 38
3 11 26 74 66 64 74 68 71 65
3 12 75 27 32 33 27 21 26 35
3 13 78 20 26 29 24 30 19 28
3 14 40 58 54 61 58 54 63 64
4 5 71 25 25 27 31 36 24 27
4 6 38 59 57 60 54 64 61 66
4 7 97 6 12 9 4 14 15 4
4 8 41 53 53 57 62 62 64 61
4 9 84 25 25 23 27 14 17 19
4 10 7 84 81 82 87 81 82 91
4 11 3 92 85 84 95 90 87 92
4 12 37 64 60 62 55 55 62 67
4 13 84 19 26 24 14 20 20 23
4 14 42 49 57 49 52 61 56 59
5 6 88 12 9 10 11 23 12 17
5 7 93 8 11 19 13 6 18 9
5 8 7 86 79 92 90 81 81 87
5 9 64 42 31 37 44 39 45 42
5 10 45 56 58 58 54 50 48 58
5 11 96 4 16 7 7 8 3 5
5 12 58 37 44 44 35 40 42 44
5 13 75 21 24 28 22 20 29 28
5 14 76 22 23 22 34 25 27 26
6 7 27 69 64 74 66 69 72 70
6 8 60 35 44 39 42 48 44 46
6 9 63 33 36 36 45 33 31 36
6 10 21 72 74 71 67 79 80 68
6 11 58 49 38 47 39 45 39 40
6 12 70 33 37 36 37 35 34 28
6 13 96 7 8 9 16 13 4 14
6 14 8 86 88 88 80 81 89 81
7 8 11 79 77 85 86 85 80 88
7 9 85 22 23 14 13 19 16 19
7 10 4 82 86 90 91 95 93 88
7 11 43 58 55 52 61 56 50 51
7 12 77 28 25 25 28 27 24 28
7 13 36 59 54 65 61 56 59 67
7 14 80 20 29 19 23 27 16 24
8 9 23 70 79 79 67 78 72 78
8 10 79 24 32 31 19 28 26 24
8 11 17 76 78 72 80 70 70 74
8 12 71 29 31 35 25 24 35 26
8 13 56 41 49 50 39 37 40 40
8 14 90 16 16 12 16 15 12 13
9 10 3 86 96 83 95 97 97 92
9 11 44 60 50 48 49 54 53 52
9 12 46 56 47 54 53 53 56 57
9 13 82 29 23 27 25 21 21 16
9 14 47 53 58 50 48 59 53 47
10 11 70 33 25 31 35 39 24 25
10 12 73 24 26 24 25 37 22 30
10 13 64 39 33 36 43 39 39 31
10 14 9 87 78 80 89 91 89 90
11 12 71 36 35 30 25 33 27 29
11 13 33 61 66 59 58 70 58 58
11 14 49 48 53 48 48 53 52 56
12 13 49 52 43 44 53 55 53 44
12 14 6 88 86 86 79 83 92 88
13 14 64 34 43 40 31 40 37 45
