22 8
0.2 0 0 0 0 0 0 0.8
0 1 62 27 45 52 25 32 65 24
0 2 73 26 19 61 26 14 62 57
0 3 95 26 17 9 21 37 12 33
0 4 37 37 46 62 31 73 77 74
0 5 64 38 48 63 35 33 60 43
0 6 96 24 31 32 8 32 23 29
0 7 89 11 40 46 52 36 12 24
0 8 72 24 22 45 32 41 49 25
0 9 54 54 41 53 25 26 38 44
0 10 61 42 45 68 59 51 26 19
0 11 23 66 49 59 69 40 57 46
0 12 36 33 59 61 48 65 42 65
0 13 53 32 67 47 23 48 37 53
0 14 11 65 68 67 59 70 70 89
0 15 39 53 75 49 75 51 52 56
0 16 34 73 76 38 35 52 34 71
0 17 69 22 23 24 31 37 45 38
0 18 24 43 64 49 71 62 53 82
0 19 93 17 37 31 28 17 52 36
0 20 3 50 54 80 52 55 68 54
0 21 98 17 9 39 7 19 9 6
1 2 96 42 24 47 43 26 14 15
1 3 20 53 49 57 86 47 61 74
1 4 89 46 25 6 32 13 54 21
1 5 40 67 31 30 62 58 55 62
1 6 42 69 72 33 74 60 55 36
1 7 40 53 67 56 58 45 64 39
1 8 71 59 16 35 33 22 26 20
1 9 17 76 64 61 54 80 49 72
1 10 26 59 61 76 42 65 69 66
1 11 6 79 73 60 57 86 90 69
1 12 99 6 39 27 48 49 32 43
1 13 47 65 71 56 29 46 27 68
1 14 3 79 73 87 97 97 59 67
1 15 29 45 46 48 76 46 79 79
1 16 49 32 57 63 69 41 38 49
1 17 66 61 39 57 43 63 38 38
1 18 90 13 7 36 50 6 50 27
1 19 86 39 38 55 8 26 14 43
1 20 80 18 55 44 58 30 25 41
1 21 47 44 64 54 63 64 72 26
2 3 31 65 70 71 63 57 67 50
2 4 58 51 63 56 50 23 31 22
2 5 55 70 71 68 53 70 56 66
2 6 70 22 22 23 45 38 25 60
2 7 50 71 73 70 57 70 58 37
2 8 13 76 48 74 64 75 82 88
2 9 39 79 35 52 72 72 38 72
2 10 14 53 43 78 47 84 87 90
2 11 55 53 69 37 30 36 31 56
2 12 31 72 42 65 40 41 62 43
2 13 5 77 85 81 74 72 81 86
2 14 76 16 58 57 52 41 61 56
2 15 61 23 26 19 51 47 58 19
2 16 16 43 81 78 43 67 56 77
2 17 21 43 51 73 48 51 88 55
2 18 95 11 34 10 44 48 9 46
2 19 13 58 81 80 59 53 91 92
2 20 26 55 71 65 54 78 75 71
2 21 31 81 47 44 50 56 38 46
3 4 84 33 27 17 45 37 32 47
3 5 42 51 34 72 67 45 54 72
3 6 51 50 53 73 65 65 32 34
3 7 25 79 52 84 84 68 59 72
3 8 83 44 40 37 23 14 17 15
3 9 24 42 61 72 52 53 50 84
3 10 90 13 34 5 35 33 19 40
3 11 10 73 94 73 66 53 73 94
3 12 3 66 84 58 52 54 94 93
3 13 26 41 56 76 56 82 66 61
3 14 17 63 83 42 89 62 46 87
3 15 58 42 62 40 61 70 39 58
3 16 25 75 82 83 47 47 75 80
3 17 39 79 45 76 32 79 79 53
3 18 48 61 31 57 51 62 65 26
3 19 29 84 37 83 37 54 43 61
3 20 74 25 19 28 61 58 13 48
3 21 96 47 2 20 13 44 27 1
4 5 5 89 64 93 83 70 77 89
4 6 66 52 18 35 34 50 28 31
4 7 53 34 24 31 61 33 58 33
4 8 12 53 44 92 86 44 62 58
4 9 65 22 35 43 28 44 39 18
4 10 73 48 34 60 23 28 54 40
4 11 4 75 60 57 82 74 79 96
4 12 24 48 55 64 84 44 68 40
4 13 31 54 67 80 54 57 77 47
4 14 68 51 34 40 62 16 37 40
4 15 4 84 96 49 90 74 62 69
4 16 89 48 11 29 22 14 17 18
4 17 50 25 48 31 68 52 54 35
4 18 31 60 77 58 46 74 75 36
4 19 12 87 83 67 49 50 83 59
4 20 18 46 73 65 72 48 82 89
4 21 58 59 59 49 34 55 25 49
5 6 17 56 56 54 65 43 81 67
5 7 54 35 60 41 63 33 25 48
5 8 2 68 86 70 74 91 95 86
5 9 93 45 4 15 49 49 23 47
5 10 21 72 59 65 44 76 63 44
5 11 54 31 67 59 67 57 29 57
5 12 52 53 53 65 30 40 73 33
5 13 79 11 38 36 59 56 47 12
5 14 90 12 5 18 26 33 20 9
5 15 1 57 64 91 84 67 99 52
5 16 89 30 49 17 46 40 26 54
5 17 95 4 46 15 7 29 24 5
5 18 99 39 11 25 10 42 38 5
5 19 49 36 39 31 30 69 65 27
5 20 46 73 74 61 39 36 28 51
5 21 68 61 40 56 46 33 47 63
6 7 16 47 75 78 81 49 69 74
6 8 14 90 54 61 50 81 79 88
6 9 34 61 82 36 64 48 73 71
6 10 96 5 11 6 40 35 38 5
6 11 30 80 66 60 53 73 66 56
6 12 81 53 33 35 27 42 18 44
6 13 49 64 35 47 26 72 50 33
6 14 15 88 51 58 85 72 72 44
6 15 62 18 59 43 48 47 54 38
6 16 13 72 61 46 78 63 50 79
6 17 57 26 40 42 41 41 55 57
6 18 58 26 64 58 30 51 58 40
6 19 97 32 24 22 43 40 42 38
6 20 8 77 77 93 55 88 63 50
6 21 53 40 24 41 33 37 69 51
7 8 31 42 34 44 76 68 60 42
7 9 84 10 32 19 9 38 40 42
7 10 42 66 77 28 63 71 50 42
7 11 79 51 16 47 11 24 15 41
7 12 17 50 60 71 68 42 74 79
7 13 78 39 49 39 30 47 29 45
7 14 51 63 52 31 50 26 35 51
7 15 9 94 57 66 55 52 45 62
7 16 35 75 41 75 53 59 77 49
7 17 87 40 56 22 19 43 55 28
7 18 28 75 42 39 46 66 63 53
7 19 44 54 34 36 47 51 59 56
7 20 37 80 47 50 52 62 66 46
7 21 70 32 54 59 43 31 22 33
8 9 84 18 56 20 34 9 7 49
8 10 39 43 75 36 47 39 57 60
8 11 30 63 84 78 52 62 63 45
8 12 83 17 38 42 31 53 41 31
8 13 53 42 47 27 66 32 56 71
8 14 90 40 52 5 15 54 49 23
8 15 84 21 19 24 25 44 55 14
8 16 85 41 25 55 17 39 54 9
8 17 12 50 69 70 84 79 76 92
8 18 4 55 59 90 76 48 94 86
8 19 78 47 21 55 13 35 49 18
8 20 51 72 69 47 72 69 31 31
8 21 28 43 36 54 83 55 49 66
9 10 16 51 78 53 88 87 74 75
9 11 2 93 57 73 58 74 94 88
9 12 5 94 90 70 96 89 56 82
9 13 94 20 46 13 46 44 51 20
9 14 55 71 41 26 72 41 31 63
9 15 5 55 86 77 77 66 91 62
9 16 6 95 77 53 59 94 82 86
9 17 6 62 48 67 71 73 77 60
9 18 62 38 66 24 55 32 68 20
9 19 55 59 31 26 60 51 44 35
9 20 56 55 62 50 70 63 71 52
9 21 90 33 26 50 44 49 5 33
10 11 42 48 47 52 59 54 63 39
10 12 64 24 34 29 63 56 64 56
10 13 4 73 91 74 56 93 77 54
10 14 73 54 54 28 33 46 17 30
10 15 35 50 44 41 37 35 81 78
10 16 70 21 47 30 54 61 47 37
10 17 59 53 35 24 54 52 38 38
10 18 11 70 77 75 94 62 86 56
10 19 78 49 34 12 11 48 23 22
10 20 76 23 18 41 50 17 35 47
10 21 54 63 57 48 60 61 54 27
11 12 78 52 19 39 26 34 50 20
11 13 2 94 90 81 86 56 52 76
11 14 65 65 42 60 53 19 48 55
11 15 84 36 37 55 19 25 21 28
11 16 56 24 42 49 48 46 45 33
11 17 56 45 26 60 64 49 54 41
11 18 47 50 34 45 49 43 43 60
11 19 83 45 48 30 33 27 54 50
11 20 4 94 63 66 79 96 83 95
11 21 80 54 59 20 47 57 52 42
12 13 41 62 32 34 46 43 38 67
12 14 50 66 74 66 30 53 26 38
12 15 22 70 50 58 71 73 84 48
12 16 35 49 38 40 36 71 59 78
12 17 55 50 53 47 71 45 47 38
12 18 62 23 37 49 43 51 42 41
12 19 90 9 9 47 45 32 28 43
12 20 37 75 39 37 33 33 47 40
12 21 46 66 74 61 57 58 68 62
13 14 22 68 85 38 81 53 60 79
13 15 75 49 50 17 37 61 27 52
13 16 81 41 55 13 12 14 29 35
13 17 80 42 33 16 55 13 32 22
13 18 69 30 41 34 37 29 48 20
13 19 39 65 73 39 61 61 47 46
13 20 77 45 35 26 28 29 27 28
13 21 13 86 50 43 91 48 59 56
14 15 70 51 40 52 57 61 52 54
14 16 82 19 10 33 18 38 36 20
14 17 55 37 55 34 26 63 52 71
14 18 80 25 21 51 40 46 16 10
14 19 28 66 57 63 50 38 77 66
14 20 63 48 36 36 49 50 65 37
14 21 84 24 7 47 34 34 31 34
15 16 25 37 53 58 56 59 64 48
15 17 31 38 36 57 35 71 62 40
15 18 20 62 71 75 66 85 60 68
15 19 69 15 61 49 30 42 31 52
15 20 9 77 54 85 45 52 50 87
15 21 95 4 24 6 45 6 31 28
16 17 64 55 53 55 38 60 35 61
16 18 98 33 36 42 3 38 21 47
16 19 24 59 55 84 78 55 85 40
16 20 66 33 30 33 41 54 18 47
16 21 80 20 51 48 51 19 21 48
17 18 41 57 58 66 36 72 52 31
17 19 30 38 48 40 57 63 49 54
17 20 95 37 6 44 25 49 42 39
17 21 50 74 46 28 59 57 65 43
18 19 84 41 51 53 18 12 14 22
18 20 19 81 59 79 81 64 77 47
18 21 73 28 18 45 25 25 31 20
19 20 66 26 27 43 64 38 59 25
19 21 42 57 42 31 39 39 71 47
20 21 40 38 74 33 62 70 36 55
