30 8
0.8 0 0 0 0 0 0 0.2
0 1 36 13 51 78 57 29 19 78
0 2 59 75 33 15 30 73 43 15
0 3 82 50 73 24 21 80 29 45
0 4 99 59 9 51 62 33 32 0
0 5 0 66 23 43 48 20 56 97
0 6 14 45 57 75 33 17 49 55
0 7 19 50 41 44 74 26 24 26
0 8 72 42 69 43 31 47 62 23
0 9 46 79 83 77 86 77 28 69
0 10 29 72 45 71 58 90 60 71
0 11 70 81 62 67 13 37 42 7
0 12 54 55 65 51 23 75 63 13
0 13 81 15 82 60 35 6 73 36
0 14 71 36 68 55 66 12 63 45
0 15 33 32 81 46 92 37 21 90
0 16 95 60 69 74 68 75 19 12
0 17 53 20 76 71 26 57 67 45
0 18 38 15 46 89 78 65 56 85
0 19 81 24 25 4 44 65 63 34
0 20 58 40 58 55 60 17 61 28
0 21 16 20 47 23 42 26 59 92
0 22 30 65 68 21 25 39 23 67
0 23 25 53 75 74 36 47 24 37
0 24 67 57 44 66 39 7 72 37
0 25 99 44 34 51 78 20 2 55
0 26 38 90 16 63 17 29 12 76
0 27 22 79 66 17 69 67 58 59
0 28 46 50 62 67 61 48 56 47
0 29 72 58 21 43 39 26 54 73
1 2 33 39 69 63 62 49 68 66
1 3 45 26 39 65 21 22 12 81
1 4 65 16 71 72 6 31 40 60
1 5 49 61 89 38 14 15 60 72
1 6 1 93 41 21 72 20 61 78
1 7 39 24 80 62 51 51 82 23
1 8 29 61 56 77 84 15 79 19
1 9 11 38 61 38 50 37 73 38
1 10 9 26 85 21 93 66 73 93
1 11 24 42 24 18 24 84 42 33
1 12 80 40 24 61 41 40 36 39
1 13 6 55 41 89 56 40 25 94
1 14 37 48 46 62 91 15 74 73
1 15 66 37 24 23 45 11 63 56
1 16 30 21 75 92 31 56 93 78
1 17 52 18 51 67 24 59 11 40
1 18 20 43 70 95 31 67 58 69
1 19 67 21 23 15 34 27 83 38
1 20 13 51 84 46 23 66 80 40
1 21 92 33 58 31 72 17 38 13
1 22 26 68 50 91 26 43 89 44
1 23 29 45 68 42 20 59 40 15
1 24 3 34 95 42 55 36 56 68
1 25 30 54 43 47 92 29 71 41
1 26 40 20 66 82 32 15 42 31
1 27 47 61 18 85 48 89 87 26
1 28 23 32 20 27 84 36 45 30
1 29 76 8 71 22 17 29 32 41
2 3 89 78 18 58 26 60 10 18
2 4 39 22 72 91 13 79 38 79
2 5 42 42 36 56 55 88 66 62
2 6 96 70 56 35 27 38 22 40
2 7 13 21 63 49 58 88 90 30
2 8 9 26 24 61 35 61 40 56
2 9 43 86 48 27 38 30 27 40
2 10 27 71 66 45 44 86 36 19
2 11 49 27 89 65 84 58 82 80
2 12 7 50 63 88 93 65 71 94
2 13 19 78 74 40 61 33 82 51
2 14 39 59 15 56 79 78 78 71
2 15 56 72 11 21 85 71 54 81
2 16 26 65 45 23 88 41 67 35
2 17 80 18 70 25 80 50 10 15
2 18 66 60 48 42 9 59 64 37
2 19 92 10 7 47 73 15 63 29
2 20 25 19 58 47 86 48 41 25
2 21 55 40 53 79 62 36 27 69
2 22 84 69 71 70 81 82 65 14
2 23 29 44 46 32 29 75 90 84
2 24 40 16 77 18 32 82 15 83
2 25 61 74 43 56 81 69 17 30
2 26 52 63 86 10 61 27 86 33
2 27 72 44 82 34 76 85 64 14
2 28 90 67 68 32 55 37 66 29
2 29 0 44 67 65 78 82 50 67
3 4 1 41 51 68 90 21 42 22
3 5 73 17 68 28 32 20 31 83
3 6 53 85 28 44 28 37 19 50
3 7 67 22 22 56 81 10 27 31
3 8 43 41 20 33 29 81 69 74
3 9 49 52 72 39 76 65 76 81
3 10 4 36 33 61 67 60 41 40
3 11 2 85 62 30 58 79 95 48
3 12 68 24 66 69 35 53 16 14
3 13 20 87 85 52 47 88 76 20
3 14 78 48 70 23 36 44 47 44
3 15 88 15 9 20 7 41 24 26
3 16 34 21 26 50 25 91 27 36
3 17 65 32 22 17 49 11 35 71
3 18 67 9 52 83 76 65 57 16
3 19 69 18 41 55 28 64 61 72
3 20 99 26 75 59 68 24 77 52
3 21 67 49 28 19 45 6 28 55
3 22 9 32 69 21 44 97 25 41
3 23 13 88 19 73 94 86 94 69
3 24 14 29 85 69 85 67 42 32
3 25 78 51 61 12 13 55 70 17
3 26 94 3 35 17 29 37 41 15
3 27 61 13 14 85 41 61 39 73
3 28 88 42 19 22 66 61 28 48
3 29 98 24 4 46 6 19 10 32
4 5 38 46 70 73 17 23 85 85
4 6 97 77 75 64 66 53 67 76
4 7 88 21 75 12 5 62 3 15
4 8 79 15 17 65 19 14 30 4
4 9 25 72 68 85 30 26 41 72
4 10 0 31 51 71 32 24 27 93
4 11 80 37 32 63 66 73 34 5
4 12 66 64 15 77 31 7 82 67
4 13 73 45 78 60 58 63 36 50
4 14 17 64 85 67 53 95 18 89
4 15 46 68 31 20 74 19 56 21
4 16 29 57 22 74 41 24 29 59
4 17 44 80 25 44 48 32 83 18
4 18 55 9 65 67 83 29 46 61
4 19 21 36 73 49 75 69 57 33
4 20 86 24 56 16 11 66 37 57
4 21 46 13 83 48 88 43 31 32
4 22 2 66 97 45 46 55 75 37
4 23 76 61 70 46 53 54 56 69
4 24 75 16 35 62 55 72 72 69
4 25 24 41 33 18 82 31 34 28
4 26 15 73 34 35 48 88 63 17
4 27 79 10 29 39 4 60 14 25
4 28 39 48 90 34 78 63 31 88
4 29 51 74 34 19 60 61 62 25
5 6 77 71 34 23 39 56 70 80
5 7 57 42 76 56 49 40 54 63
5 8 76 77 38 47 74 80 19 78
5 9 52 42 37 58 35 10 73 52
5 10 97 26 54 75 33 14 66 16
5 11 48 78 68 72 71 87 69 76
5 12 53 71 37 33 62 18 74 39
5 13 23 53 77 16 48 53 56 30
5 14 68 42 8 39 24 82 65 74
5 15 73 68 74 34 56 54 23 10
5 16 16 94 48 82 47 91 76 29
5 17 19 74 90 93 92 78 79 40
5 18 44 37 72 62 15 66 77 47
5 19 35 59 87 53 47 50 55 19
5 20 43 46 69 39 17 40 14 46
5 21 99 48 44 32 3 41 41 17
5 22 86 16 30 17 76 11 72 41
5 23 86 55 8 49 21 56 42 15
5 24 59 39 38 62 53 33 60 72
5 25 34 64 51 49 46 42 45 88
5 26 87 48 37 67 52 15 68 70
5 27 25 28 94 82 91 27 69 36
5 28 25 68 20 85 91 63 30 77
5 29 31 88 80 25 91 61 84 32
6 7 22 44 47 95 31 17 75 83
6 8 5 26 23 26 25 65 43 81
6 9 92 27 12 27 61 16 9 43
6 10 49 87 45 18 65 22 24 70
6 11 20 29 47 60 52 76 59 89
6 12 13 56 52 21 59 79 23 89
6 13 35 20 13 68 75 81 61 36
6 14 6 67 57 50 48 50 19 59
6 15 79 61 61 68 23 56 54 46
6 16 65 46 74 55 85 40 58 37
6 17 31 28 32 59 18 41 18 24
6 18 94 53 43 1 5 11 36 48
6 19 34 47 56 51 20 88 57 26
6 20 82 78 70 38 35 68 41 81
6 21 24 43 57 56 79 95 94 66
6 22 64 47 44 65 61 39 23 75
6 23 55 79 83 57 85 79 35 49
6 24 61 84 11 60 40 48 21 72
6 25 34 48 53 91 88 50 21 68
6 26 79 13 17 15 43 17 33 18
6 27 86 74 11 80 44 67 61 22
6 28 85 21 79 54 36 21 30 37
6 29 94 72 16 62 28 25 68 27
7 8 20 34 69 92 59 92 92 40
7 9 5 57 21 41 49 56 30 39
7 10 3 67 31 59 52 30 88 72
7 11 11 36 79 25 21 27 31 86
7 12 13 29 58 93 56 63 50 72
7 13 51 52 43 69 25 89 64 17
7 14 10 69 63 50 73 62 20 74
7 15 30 70 20 93 33 24 91 60
7 16 75 7 5 59 41 29 33 64
7 17 72 57 85 73 26 68 75 33
7 18 89 62 54 77 14 25 49 58
7 19 69 45 69 40 85 25 79 48
7 20 14 43 17 49 69 22 18 74
7 21 36 88 23 36 83 32 91 74
7 22 3 31 66 98 81 50 59 41
7 23 46 58 13 83 17 21 15 78
7 24 42 59 55 20 22 66 80 46
7 25 18 29 64 69 93 81 36 41
7 26 20 51 53 24 44 49 38 57
7 27 55 13 30 16 53 85 31 59
7 28 80 51 46 48 41 30 42 48
7 29 8 50 79 61 41 53 20 89
8 9 21 72 65 30 43 25 17 40
8 10 7 30 92 95 34 54 85 47
8 11 46 75 77 65 59 51 62 20
8 12 68 71 58 20 62 23 6 23
8 13 25 88 78 25 87 79 17 22
8 14 70 11 45 79 30 81 75 37
8 15 30 17 53 28 35 81 65 53
8 16 10 33 85 53 47 87 39 59
8 17 66 39 10 50 9 47 20 57
8 18 65 71 61 12 79 86 35 48
8 19 33 21 25 25 64 39 43 77
8 20 51 9 85 33 16 85 19 61
8 21 78 27 42 56 80 58 79 53
8 22 47 85 41 83 71 16 70 25
8 23 78 50 83 57 81 8 63 79
8 24 71 45 74 31 80 54 32 32
8 25 95 12 12 28 1 51 20 66
8 26 39 87 54 26 45 40 42 47
8 27 55 73 21 11 63 56 17 33
8 28 42 86 71 88 38 24 71 42
8 29 59 79 76 25 64 24 70 61
9 10 96 23 36 10 44 35 14 14
9 11 87 38 60 46 61 5 48 60
9 12 47 41 38 84 66 54 23 44
9 13 32 37 65 63 20 90 20 43
9 14 25 26 72 88 56 62 23 91
9 15 93 19 66 34 31 66 70 51
9 16 97 8 31 67 61 28 6 16
9 17 76 77 30 51 58 25 20 62
9 18 85 35 8 6 24 53 49 9
9 19 76 78 36 43 16 77 59 60
9 20 83 19 80 59 43 53 67 59
9 21 43 39 21 70 14 44 66 46
9 22 77 28 28 10 50 69 39 76
9 23 53 9 87 63 70 75 10 39
9 24 10 82 50 25 89 92 44 30
9 25 15 42 41 21 88 56 60 75
9 26 33 64 76 14 34 40 45 39
9 27 87 77 4 20 82 32 12 82
9 28 21 58 30 93 57 41 25 54
9 29 8 92 84 49 84 79 49 47
10 11 21 17 16 94 48 68 40 60
10 12 41 29 56 55 67 29 25 43
10 13 93 13 29 60 18 30 50 3
10 14 33 57 40 49 30 46 37 17
10 15 60 83 22 9 65 79 31 34
10 16 36 68 43 80 57 20 67 48
10 17 25 19 50 41 80 77 35 36
10 18 83 75 75 5 58 73 58 58
10 19 48 42 29 14 36 24 88 15
10 20 42 60 43 63 73 60 84 35
10 21 19 87 74 82 49 21 20 18
10 22 77 80 24 45 34 62 79 47
10 23 27 48 20 40 17 34 68 79
10 24 27 89 61 65 48 86 93 20
10 25 5 46 98 91 85 93 37 82
10 26 15 25 83 40 50 37 50 81
10 27 0 82 30 79 24 70 46 98
10 28 93 59 2 67 44 3 9 40
10 29 42 29 68 30 19 49 45 16
11 12 12 90 56 85 49 36 71 48
11 13 37 40 81 44 77 78 56 55
11 14 97 56 19 64 45 80 3 1
11 15 14 27 31 64 27 91 38 48
11 16 54 55 77 64 84 43 42 58
11 17 14 94 83 42 40 81 37 48
11 18 70 40 68 24 38 63 33 31
11 19 53 72 75 47 51 44 20 78
11 20 93 26 47 78 76 37 58 3
11 21 79 71 27 67 58 7 32 41
11 22 2 74 84 46 68 32 81 89
11 23 49 22 60 29 26 69 63 55
11 24 40 79 59 64 86 81 17 27
11 25 60 27 8 31 24 62 67 14
11 26 61 72 12 22 60 18 49 32
11 27 66 40 26 83 20 9 69 76
11 28 40 17 38 85 14 33 42 41
11 29 61 29 60 84 83 17 71 38
12 13 34 42 83 90 30 83 75 31
12 14 80 71 27 53 54 79 81 57
12 15 18 59 54 58 72 22 81 62
12 16 16 87 76 20 76 22 64 92
12 17 53 19 66 32 80 53 49 48
12 18 16 47 87 61 38 90 56 52
12 19 90 46 48 59 40 24 75 75
12 20 87 72 20 8 35 31 66 41
12 21 71 21 79 60 30 25 25 35
12 22 35 87 40 28 50 34 20 77
12 23 85 74 66 34 79 55 59 72
12 24 65 8 35 10 64 19 59 9
12 25 91 69 74 54 50 16 66 26
12 26 36 75 60 76 82 49 88 15
12 27 84 55 3 76 48 64 18 11
12 28 98 59 73 55 70 57 18 49
12 29 49 71 21 86 15 26 17 71
13 14 61 49 77 77 59 37 61 49
13 15 59 39 43 75 29 45 10 36
13 16 46 31 26 66 64 84 66 34
13 17 45 23 89 26 83 58 56 19
13 18 42 63 55 55 42 59 50 39
13 19 42 55 22 14 23 67 26 90
13 20 39 74 17 75 58 35 88 90
13 21 19 56 16 42 53 82 19 55
13 22 90 81 55 47 8 71 68 69
13 23 61 70 43 33 67 68 11 63
13 24 93 39 9 72 54 50 74 68
13 25 53 29 53 21 52 85 36 48
13 26 70 32 18 39 48 48 25 51
13 27 20 30 34 69 47 40 56 94
13 28 2 30 66 39 93 90 92 27
13 29 98 50 32 26 39 78 13 35
14 15 62 26 61 17 87 31 68 44
14 16 33 76 86 38 66 81 22 43
14 17 89 33 56 38 25 69 76 39
14 18 94 29 46 28 29 75 78 56
14 19 16 72 94 18 89 61 64 27
14 20 25 43 73 28 90 38 16 39
14 21 34 15 88 71 89 60 20 54
14 22 54 11 56 57 42 17 14 12
14 23 25 38 21 57 59 31 55 27
14 24 4 46 28 42 72 62 65 22
14 25 8 57 74 27 52 76 65 52
14 26 86 39 63 69 75 22 49 76
14 27 7 60 68 95 94 94 91 91
14 28 94 54 46 6 10 74 63 3
14 29 40 23 58 87 91 59 57 12
15 16 94 3 79 36 4 21 34 71
15 17 11 92 21 88 52 81 32 70
15 18 62 58 85 20 45 85 33 23
15 19 11 56 55 57 87 80 39 59
15 20 77 16 61 55 15 18 79 12
15 21 46 51 54 32 15 41 30 23
15 22 54 27 28 12 47 53 37 76
15 23 9 90 19 51 97 81 79 22
15 24 21 69 20 27 81 72 38 25
15 25 10 66 94 89 80 51 19 47
15 26 85 7 69 40 20 39 23 14
15 27 24 76 76 80 32 58 69 38
15 28 61 61 43 58 33 11 13 86
15 29 57 72 52 71 66 85 13 25
16 17 31 72 37 27 23 32 72 55
16 18 44 79 48 44 29 83 44 21
16 19 74 71 18 13 15 32 53 71
16 20 27 79 65 23 40 52 85 20
16 21 51 14 42 58 15 28 40 87
16 22 89 35 81 33 7 44 13 47
16 23 58 44 28 88 57 75 48 27
16 24 95 62 53 18 52 43 54 34
16 25 46 70 83 17 22 77 83 39
16 26 34 55 22 36 17 82 51 22
16 27 21 50 51 27 87 16 23 62
16 28 7 90 60 79 94 64 74 29
16 29 16 68 61 67 43 67 79 51
17 18 72 33 56 50 77 36 72 39
17 19 41 74 47 56 30 70 21 17
17 20 89 2 54 20 39 59 29 4
17 21 45 21 40 79 42 18 51 80
17 22 87 62 68 37 51 64 62 74
17 23 44 65 64 51 89 62 87 63
17 24 64 78 45 85 21 62 81 48
17 25 66 60 26 22 75 17 33 35
17 26 64 29 64 81 73 24 19 83
17 27 71 35 50 75 55 33 27 20
17 28 72 8 72 18 74 46 59 75
17 29 27 20 74 43 27 82 74 30
18 19 13 23 55 72 59 58 74 89
18 20 17 65 63 17 94 95 30 25
18 21 24 80 28 80 70 47 85 87
18 22 57 67 80 69 53 29 44 71
18 23 85 51 61 49 79 74 82 70
18 24 82 63 6 4 39 79 35 70
18 25 77 46 58 10 20 47 10 82
18 26 56 51 40 62 31 59 8 36
18 27 67 40 55 37 46 79 55 40
18 28 17 54 43 46 39 60 96 49
18 29 30 38 34 16 80 31 55 46
19 20 18 74 64 36 73 61 31 30
19 21 79 27 9 11 68 74 4 82
19 22 18 93 48 72 80 81 71 89
19 23 2 49 69 72 96 80 63 79
19 24 7 39 44 52 43 82 40 67
19 25 28 65 36 79 31 82 44 78
19 26 74 32 9 80 61 75 54 84
19 27 45 51 49 40 42 41 14 79
19 28 52 73 67 30 69 72 85 28
19 29 89 43 2 55 71 39 23 24
20 21 18 83 70 45 74 27 53 23
20 22 57 51 31 22 35 35 62 33
20 23 80 7 13 68 39 75 39 25
20 24 91 2 43 43 48 38 71 30
20 25 13 67 87 45 56 74 66 29
20 26 69 50 63 49 12 12 15 61
20 27 3 84 90 71 89 78 52 29
20 28 84 50 47 47 47 60 6 20
20 29 28 42 75 41 60 60 64 39
21 22 98 71 45 8 37 31 6 11
21 23 40 13 38 20 39 79 75 83
21 24 95 78 37 16 28 71 48 15
21 25 89 43 12 54 42 61 38 16
21 26 88 19 11 78 20 40 12 4
21 27 39 12 90 19 62 88 72 84
21 28 16 89 85 40 95 22 68 65
21 29 24 69 38 16 31 56 92 75
22 23 74 60 25 51 74 79 39 51
22 24 36 46 77 53 20 85 57 69
22 25 63 41 43 41 67 32 29 26
22 26 60 84 23 35 42 58 9 76
22 27 35 43 50 47 75 50 52 71
22 28 53 63 83 49 25 38 45 58
22 29 82 32 40 58 63 9 6 45
23 24 39 46 18 80 58 12 45 78
23 25 39 61 91 13 73 38 52 42
23 26 7 33 74 49 70 42 25 42
23 27 49 63 74 52 77 52 89 60
23 28 21 91 41 43 70 94 92 42
23 29 31 64 52 15 34 80 79 30
24 25 88 71 71 40 68 68 50 59
24 26 52 77 28 21 16 45 22 43
24 27 26 53 70 57 23 89 40 55
24 28 76 80 60 36 9 34 23 16
24 29 67 59 39 64 40 84 19 43
25 26 68 72 68 46 41 15 11 57
25 27 58 67 21 73 84 62 80 54
25 28 87 33 53 19 21 49 45 19
25 29 35 74 30 72 65 91 42 80
26 27 43 66 57 33 89 33 40 59
26 28 86 8 70 17 66 18 18 31
26 29 31 90 13 38 86 36 73 23
27 28 68 21 85 83 25 68 48 46
27 29 34 39 60 39 21 17 36 89
28 29 17 75 32 51 53 54 24 87
