33 8
0.2 0 0 0 0 0 0 0.8
0 1 1 71 54 91 98 34 88 63
0 2 85 73 56 47 69 42 31 50
0 3 2 61 74 47 28 88 39 53
0 4 58 41 12 64 10 48 36 60
0 5 48 22 76 21 59 58 87 33
0 6 8 86 84 88 83 62 83 21
0 7 95 50 24 11 7 15 3 10
0 8 33 55 16 26 22 39 16 63
0 9 83 49 67 80 15 55 11 79
0 10 55 70 24 61 43 27 11 68
0 11 21 38 41 92 70 53 93 20
0 12 83 25 44 77 55 59 61 31
0 13 95 64 77 58 50 58 60 35
0 14 37 29 76 87 89 69 53 79
0 15 33 63 62 88 53 34 68 20
0 16 53 51 43 21 52 41 11 64
0 17 63 38 66 45 43 65 68 68
0 18 35 18 71 51 51 83 78 70
0 19 2 20 68 87 27 45 75 56
0 20 91 59 17 73 39 10 39 62
0 21 49 84 22 13 36 58 11 28
0 22 2 29 47 74 60 21 69 50
0 23 76 17 6 17 13 68 16 20
0 24 25 60 56 70 32 88 46 35
0 25 43 12 69 31 84 58 40 11
0 26 86 65 36 60 41 4 62 4
0 27 98 7 68 76 23 22 45 59
0 28 11 32 80 69 43 58 66 75
0 29 17 58 37 66 94 52 66 61
0 30 72 17 44 51 57 72 14 80
0 31 23 39 57 53 45 16 38 32
0 32 52 13 38 29 60 12 44 16
1 2 99 3 49 50 50 52 6 23
1 3 38 66 34 43 49 22 69 81
1 4 27 81 44 48 45 54 29 63
1 5 3 77 79 60 93 50 54 77
1 6 85 29 48 60 46 16 50 79
1 7 41 57 23 19 66 86 41 41
1 8 72 53 60 19 69 25 13 67
1 9 72 10 6 65 32 62 64 52
1 10 73 46 63 56 54 78 38 60
1 11 71 26 54 51 53 68 72 33
1 12 85 14 14 54 53 78 33 13
1 13 60 44 33 68 47 8 34 22
1 14 63 63 31 67 52 38 82 50
1 15 61 13 42 87 19 61 23 61
1 16 22 21 28 25 93 16 19 79
1 17 96 15 33 40 56 48 25 22
1 18 73 13 20 10 71 55 5 25
1 19 59 9 84 8 35 23 54 58
1 20 60 58 34 13 58 49 43 74
1 21 60 17 13 76 24 57 27 55
1 22 77 7 60 7 24 14 73 22
1 23 37 59 51 84 17 22 29 32
1 24 77 64 47 4 38 36 45 74
1 25 57 57 65 17 8 23 78 48
1 26 26 53 81 27 58 48 25 63
1 27 47 30 70 88 43 13 77 90
1 28 68 84 17 13 33 37 37 72
1 29 43 67 46 15 44 51 17 21
1 30 84 70 46 24 75 76 32 82
1 31 92 25 23 50 18 56 22 30
1 32 22 29 90 68 81 60 48 33
2 3 16 54 31 60 89 46 67 74
2 4 55 28 13 10 19 34 44 39
2 5 66 68 57 55 44 48 56 44
2 6 69 45 49 22 40 20 52 44
2 7 38 22 46 56 67 35 33 81
2 8 51 25 72 67 78 30 53 53
2 9 12 36 95 92 58 49 84 62
2 10 42 70 21 22 43 82 19 39
2 11 91 28 7 37 54 81 65 50
2 12 71 62 39 35 31 58 40 85
2 13 41 90 70 51 74 81 86 42
2 14 9 72 68 84 73 96 53 25
2 15 11 22 48 94 95 34 55 59
2 16 28 57 56 49 88 83 62 19
2 17 3 44 57 48 25 77 23 23
2 18 93 59 24 26 50 43 40 9
2 19 90 71 49 6 11 68 48 14
2 20 6 77 37 57 75 63 67 88
2 21 1 58 46 37 32 97 79 23
2 22 19 72 84 33 89 56 37 52
2 23 20 61 56 73 82 91 74 84
2 24 35 16 42 24 66 21 71 76
2 25 57 82 76 40 30 59 68 76
2 26 21 67 21 26 69 59 38 72
2 27 1 24 25 88 89 96 39 28
2 28 20 20 86 57 43 77 76 17
2 29 93 37 7 24 40 11 32 26
2 30 99 40 78 64 49 24 52 9
2 31 25 25 28 67 47 44 43 47
2 32 64 72 60 30 71 12 63 11
3 4 17 85 87 76 37 39 31 48
3 5 80 71 43 46 4 46 18 44
3 6 52 31 71 75 35 19 84 29
3 7 9 91 83 89 68 71 33 89
3 8 63 29 16 34 50 70 30 39
3 9 91 56 28 17 14 76 33 80
3 10 98 59 48 22 67 47 26 68
3 11 53 59 37 85 21 80 25 50
3 12 58 42 64 60 13 62 57 75
3 13 94 33 35 10 57 15 41 47
3 14 5 53 93 35 73 65 38 74
3 15 18 31 34 91 87 25 37 30
3 16 62 29 49 35 27 50 62 44
3 17 76 60 37 49 54 31 32 75
3 18 94 65 48 12 51 35 76 4
3 19 95 68 15 29 77 15 61 38
3 20 29 35 43 75 58 45 59 24
3 21 5 58 75 83 74 50 26 96
3 22 84 10 80 81 44 54 30 57
3 23 5 75 49 87 38 42 54 77
3 24 4 79 44 95 96 43 50 84
3 25 56 52 81 17 41 74 48 17
3 26 47 83 76 67 70 29 28 26
3 27 17 71 67 32 26 70 69 61
3 28 10 20 25 62 62 81 37 72
3 29 11 31 81 84 18 19 89 85
3 30 92 62 54 24 18 38 48 54
3 31 54 23 42 54 66 59 31 76
3 32 13 53 23 96 22 25 27 36
4 5 6 50 87 20 49 97 90 36
4 6 47 28 59 90 24 81 82 66
4 7 32 17 40 90 72 80 78 18
4 8 18 38 76 61 91 71 64 49
4 9 60 78 49 42 33 43 46 67
4 10 92 23 67 40 60 63 63 43
4 11 72 23 79 21 67 68 85 29
4 12 49 62 13 14 20 83 41 50
4 13 24 40 30 70 46 61 30 38
4 14 0 21 83 48 91 93 72 60
4 15 33 49 57 90 90 70 90 43
4 16 34 16 67 59 53 25 76 16
4 17 58 39 47 31 16 52 30 58
4 18 68 34 73 42 59 14 84 47
4 19 86 29 69 27 55 60 27 60
4 20 63 80 52 72 61 61 8 25
4 21 98 19 49 68 28 71 22 16
4 22 89 48 71 51 63 30 71 35
4 23 26 41 30 93 46 42 54 60
4 24 59 10 62 46 49 41 65 72
4 25 60 12 85 69 17 55 76 81
4 26 87 23 64 22 60 36 8 62
4 27 46 76 56 18 29 34 76 13
4 28 48 21 83 17 16 15 85 27
4 29 38 21 31 26 75 15 17 47
4 30 80 38 42 75 31 49 69 79
4 31 21 52 72 20 18 46 37 39
4 32 56 67 66 75 34 83 43 68
5 6 0 24 88 86 75 57 41 30
5 7 86 17 73 9 54 26 69 70
5 8 16 73 32 41 85 21 71 45
5 9 9 43 79 26 35 80 69 77
5 10 97 40 22 20 5 63 80 38
5 11 28 64 23 23 59 81 66 91
5 12 79 57 31 27 68 42 45 49
5 13 8 65 19 62 79 54 95 65
5 14 86 38 2 3 53 70 11 56
5 15 91 69 36 39 58 21 73 78
5 16 98 44 20 61 19 41 36 3
5 17 46 79 83 17 54 31 80 51
5 18 66 33 32 11 35 19 22 41
5 19 51 15 65 52 27 68 80 61
5 20 79 22 70 81 13 7 23 53
5 21 63 28 57 41 42 26 75 78
5 22 99 13 32 23 74 27 15 28
5 23 84 30 80 34 79 11 78 71
5 24 67 77 45 72 43 70 57 37
5 25 56 76 64 30 19 11 16 48
5 26 49 69 16 40 12 89 21 18
5 27 93 76 69 31 6 19 61 66
5 28 49 45 45 70 67 76 49 77
5 29 80 65 80 81 60 37 18 32
5 30 25 60 60 67 31 58 47 79
5 31 88 6 18 68 82 56 41 74
5 32 32 91 28 81 24 80 74 91
6 7 11 22 64 91 57 21 18 72
6 8 79 68 72 77 50 71 59 15
6 9 33 34 40 26 34 13 50 41
6 10 43 73 30 62 77 87 62 30
6 11 99 72 6 35 27 48 3 28
6 12 21 58 85 56 92 37 16 61
6 13 49 80 57 68 44 84 52 74
6 14 33 40 22 14 50 35 82 63
6 15 86 3 33 52 24 25 13 47
6 16 34 48 43 81 27 57 65 33
6 17 55 32 35 21 62 88 29 59
6 18 60 52 76 71 69 56 59 67
6 19 77 52 21 11 49 26 82 11
6 20 21 19 45 82 57 54 90 86
6 21 34 86 41 55 81 64 64 49
6 22 13 32 87 83 84 82 96 58
6 23 75 50 59 84 24 20 11 45
6 24 92 59 38 57 66 59 9 71
6 25 84 65 74 27 28 61 71 8
6 26 72 9 75 61 17 55 57 69
6 27 3 27 93 37 46 65 25 63
6 28 72 32 14 21 55 54 64 67
6 29 6 75 52 75 79 35 80 80
6 30 64 52 78 49 43 19 14 13
6 31 35 68 55 55 62 43 63 63
6 32 79 26 59 77 20 12 53 61
7 8 6 85 88 98 67 73 61 67
7 9 33 27 40 92 33 56 88 88
7 10 32 19 20 82 67 55 36 40
7 11 64 76 38 33 55 14 42 70
7 12 0 21 59 42 83 88 39 89
7 13 85 49 40 16 18 52 36 46
7 14 75 40 36 64 10 62 16 17
7 15 44 69 67 50 87 14 50 70
7 16 9 24 35 70 29 63 29 52
7 17 40 13 88 67 34 73 33 69
7 18 95 51 7 6 5 53 11 76
7 19 86 34 54 35 40 3 4 36
7 20 39 84 44 72 83 77 34 47
7 21 33 31 55 79 74 18 40 15
7 22 48 63 85 12 73 81 17 26
7 23 93 7 37 54 47 60 55 7
7 24 30 52 77 60 65 44 93 42
7 25 57 81 67 61 75 74 68 86
7 26 33 43 15 41 67 88 80 79
7 27 95 66 75 69 78 67 19 65
7 28 47 12 15 28 49 81 69 81
7 29 13 65 49 93 67 68 76 53
7 30 10 82 57 96 85 39 22 94
7 31 67 33 80 84 64 20 52 25
7 32 24 22 44 40 39 63 34 24
8 9 41 85 78 40 32 85 34 42
8 10 96 58 44 16 78 21 7 51
8 11 59 49 41 42 61 53 18 41
8 12 98 25 53 33 76 77 51 56
8 13 53 17 81 37 33 72 81 52
8 14 96 65 70 7 76 39 45 65
8 15 52 88 33 60 79 63 57 23
8 16 28 15 35 19 78 53 79 17
8 17 24 25 54 54 89 16 51 69
8 18 75 64 58 61 56 5 18 64
8 19 56 42 44 30 30 12 27 71
8 20 88 81 60 27 20 78 80 35
8 21 43 49 68 20 62 43 25 44
8 22 20 92 16 76 45 95 79 27
8 23 76 78 5 6 37 5 28 40
8 24 57 20 49 13 49 72 60 9
8 25 1 74 28 54 63 97 87 32
8 26 78 65 61 51 40 61 53 8
8 27 22 21 31 18 41 53 59 29
8 28 78 68 43 78 57 28 69 63
8 29 51 40 67 49 27 65 76 63
8 30 32 18 29 91 56 68 54 56
8 31 51 12 85 72 79 59 79 74
8 32 8 21 64 24 20 42 43 45
9 10 44 17 77 80 26 64 75 81
9 11 25 55 50 81 43 89 17 51
9 12 25 54 52 22 90 42 66 66
9 13 5 77 72 68 37 83 49 84
9 14 31 67 17 53 62 59 47 71
9 15 45 26 28 70 89 65 67 45
9 16 6 97 67 26 34 52 80 51
9 17 97 13 13 62 42 46 44 79
9 18 24 89 56 51 41 88 36 23
9 19 64 25 9 25 61 47 86 49
9 20 95 68 63 76 18 54 69 9
9 21 50 44 80 60 72 13 44 76
9 22 19 56 29 31 64 24 79 71
9 23 35 19 55 30 88 14 24 25
9 24 37 73 45 13 22 13 22 51
9 25 12 55 41 35 75 61 66 76
9 26 92 11 64 66 13 69 77 32
9 27 93 46 62 45 61 61 78 25
9 28 41 29 56 48 25 56 33 18
9 29 68 29 84 61 45 22 28 58
9 30 84 4 47 21 76 4 21 82
9 31 36 14 15 23 15 59 64 54
9 32 58 48 13 23 36 71 31 20
10 11 39 83 41 61 51 22 80 84
10 12 77 55 38 80 65 34 25 35
10 13 15 85 40 84 19 23 92 29
10 14 68 34 42 42 55 53 74 40
10 15 93 49 10 65 31 47 49 67
10 16 90 81 15 15 38 56 56 5
10 17 51 78 24 62 86 80 22 53
10 18 33 85 49 36 62 27 22 26
10 19 68 18 36 81 68 52 81 33
10 20 97 31 60 51 38 23 35 69
10 21 80 34 55 76 46 83 15 42
10 22 3 67 34 81 35 76 47 67
10 23 1 62 92 29 37 59 60 76
10 24 6 69 19 21 26 52 80 28
10 25 74 49 74 37 67 32 56 56
10 26 71 44 71 80 68 50 81 52
10 27 66 72 56 75 81 54 80 66
10 28 13 93 50 65 62 85 76 94
10 29 66 60 48 74 47 47 18 18
10 30 20 91 48 82 60 62 58 73
10 31 0 30 85 21 80 25 51 42
10 32 91 24 77 6 42 27 7 8
11 12 31 59 85 86 50 24 18 74
11 13 29 66 27 68 84 76 31 32
11 14 37 90 20 40 72 89 65 59
11 15 85 42 9 28 33 19 33 52
11 16 76 83 42 25 59 16 35 40
11 17 39 44 54 55 42 29 56 12
11 18 34 32 41 49 17 83 82 78
11 19 83 21 75 46 41 35 49 58
11 20 14 95 17 48 56 36 28 25
11 21 36 45 48 72 17 32 47 37
11 22 52 51 68 21 45 81 70 83
11 23 29 17 86 72 63 20 38 38
11 24 78 52 5 9 57 27 22 17
11 25 39 29 79 66 78 71 39 72
11 26 71 45 26 23 18 33 44 45
11 27 70 36 22 20 48 67 78 28
11 28 32 50 34 66 15 90 50 58
11 29 8 42 20 48 21 22 93 46
11 30 29 19 69 15 39 82 59 65
11 31 26 93 61 30 74 84 15 58
11 32 29 59 42 73 63 48 60 82
12 13 44 28 59 38 57 65 59 29
12 14 30 71 85 15 93 59 57 71
12 15 80 44 37 48 45 55 35 73
12 16 72 60 35 81 63 60 47 8
12 17 50 76 76 20 62 47 56 46
12 18 91 5 35 60 27 2 20 33
12 19 44 31 49 88 87 72 85 42
12 20 94 32 77 1 23 29 38 24
12 21 27 16 69 17 85 77 87 53
12 22 5 33 49 33 96 36 76 57
12 23 87 29 15 9 43 60 78 43
12 24 92 57 17 46 7 52 52 40
12 25 32 16 36 40 45 87 15 15
12 26 99 28 50 38 44 22 29 44
12 27 29 25 27 86 38 39 27 54
12 28 60 75 76 16 62 72 37 67
12 29 37 73 36 61 60 44 86 16
12 30 85 51 27 64 15 41 15 33
12 31 18 39 26 93 57 33 84 51
12 32 60 71 81 17 42 57 78 66
13 14 99 34 7 49 74 75 19 6
13 15 63 42 46 38 59 37 27 27
13 16 96 16 57 1 47 3 30 15
13 17 9 91 45 64 32 22 57 93
13 18 50 84 67 28 87 39 19 62
13 19 38 67 20 48 62 35 27 31
13 20 49 15 51 76 20 60 68 29
13 21 77 48 69 9 9 62 34 16
13 22 76 69 7 7 35 52 18 24
13 23 17 20 80 64 46 79 69 86
13 24 2 71 50 72 27 26 57 84
13 25 56 46 86 9 53 40 11 69
13 26 67 51 37 39 66 42 85 79
13 27 60 28 39 60 24 30 42 34
13 28 64 82 86 51 20 40 85 9
13 29 78 17 27 73 41 50 39 78
13 30 43 86 79 69 49 33 86 37
13 31 81 47 62 28 34 23 5 70
13 32 79 67 59 65 48 81 13 82
14 15 12 63 63 28 24 18 43 19
14 16 2 60 74 95 49 40 82 59
14 17 53 75 72 61 37 60 68 56
14 18 44 86 40 15 58 58 38 14
14 19 33 41 53 22 60 34 39 56
14 20 51 20 84 21 56 14 71 44
14 21 46 68 29 25 81 65 61 43
14 22 36 30 27 56 45 44 28 42
14 23 72 77 85 69 20 27 69 17
14 24 76 7 51 14 9 64 4 79
14 25 26 58 55 70 83 15 56 90
14 26 73 5 72 37 28 30 38 47
14 27 4 94 31 68 79 64 63 56
14 28 1 75 37 66 39 25 81 49
14 29 57 12 40 62 20 63 62 49
14 30 40 89 72 16 41 62 63 46
14 31 54 57 15 50 14 50 25 78
14 32 61 57 70 45 65 13 31 27
15 16 53 13 44 55 12 12 59 61
15 17 0 56 86 60 54 60 52 54
15 18 69 14 73 33 49 11 39 26
15 19 47 75 67 40 50 14 35 67
15 20 48 65 64 58 87 14 38 88
15 21 79 39 40 72 5 15 74 82
15 22 19 26 90 82 25 70 39 28
15 23 37 61 17 53 79 39 87 34
15 24 83 43 77 16 6 38 47 5
15 25 80 27 28 29 79 28 60 56
15 26 85 66 16 13 81 74 4 66
15 27 90 62 71 66 29 37 72 3
15 28 6 56 68 62 61 33 63 89
15 29 73 26 77 39 33 83 39 9
15 30 10 46 40 23 38 34 25 86
15 31 57 40 21 58 30 58 11 53
15 32 84 6 17 68 77 61 53 37
16 17 98 17 5 31 43 13 36 69
16 18 22 64 33 37 71 68 25 50
16 19 89 3 12 13 3 68 37 32
16 20 86 69 46 3 26 77 53 55
16 21 39 17 90 60 28 71 18 91
16 22 7 20 35 97 82 20 54 61
16 23 42 74 90 14 61 67 20 66
16 24 76 78 46 75 44 60 12 51
16 25 88 73 51 42 81 15 2 67
16 26 36 90 16 78 52 53 77 89
16 27 79 77 36 58 36 62 73 55
16 28 36 33 54 65 55 66 23 15
16 29 65 20 33 24 48 45 71 85
16 30 91 10 59 10 21 44 3 74
16 31 88 20 80 57 66 32 80 58
16 32 90 62 48 61 14 8 75 64
17 18 65 47 54 51 65 45 60 23
17 19 72 31 68 37 25 42 19 49
17 20 20 86 24 63 77 79 41 33
17 21 93 24 5 8 38 80 15 43
17 22 76 69 42 24 33 9 69 12
17 23 17 38 75 80 73 31 88 54
17 24 84 7 66 77 34 38 43 56
17 25 81 64 65 19 32 76 62 50
17 26 52 58 86 64 84 13 21 20
17 27 3 85 59 81 72 32 89 89
17 28 92 32 38 3 4 43 9 11
17 29 52 29 63 64 44 19 15 12
17 30 61 70 24 87 43 60 77 10
17 31 50 21 16 28 10 85 31 40
17 32 37 25 61 76 82 57 16 60
18 19 81 9 58 20 78 21 31 64
18 20 53 13 62 31 36 76 37 37
18 21 50 76 13 51 88 52 22 71
18 22 20 19 60 47 47 86 94 37
18 23 27 87 91 54 45 19 74 81
18 24 1 82 24 52 69 84 70 57
18 25 72 70 77 34 24 77 78 84
18 26 48 20 59 80 78 82 50 86
18 27 6 89 73 68 74 65 65 40
18 28 12 87 79 76 41 69 77 45
18 29 40 56 49 22 57 49 63 40
18 30 74 75 36 63 69 9 42 53
18 31 36 29 13 91 90 86 35 62
18 32 72 21 60 77 23 73 57 12
19 20 51 75 75 79 63 20 21 62
19 21 95 32 55 56 58 63 25 3
19 22 21 58 36 36 42 91 15 64
19 23 31 58 58 58 80 35 82 49
19 24 66 66 83 27 53 38 11 72
19 25 10 66 60 86 24 27 34 52
19 26 69 38 10 40 66 52 31 83
19 27 1 41 45 81 86 76 86 95
19 28 81 41 8 48 56 30 58 64
19 29 29 28 16 44 56 19 68 74
19 30 25 46 69 44 49 49 56 48
19 31 56 83 70 40 37 19 18 21
19 32 25 54 29 32 90 35 48 33
20 21 30 39 42 92 25 23 37 34
20 22 6 91 68 39 43 79 42 73
20 23 93 23 47 48 31 57 28 62
20 24 80 32 81 40 57 75 31 23
20 25 67 26 30 81 77 65 51 7
20 26 64 13 55 65 55 77 21 40
20 27 16 67 91 44 46 22 46 36
20 28 22 52 77 22 31 23 56 38
20 29 19 62 66 50 86 30 51 79
20 30 60 56 55 9 17 50 84 46
20 31 32 27 83 33 34 41 19 52
20 32 44 44 78 67 66 60 81 72
21 22 77 77 7 57 25 17 81 37
21 23 97 47 65 60 61 48 27 75
21 24 85 29 37 53 70 31 63 79
21 25 67 10 59 74 68 18 84 19
21 26 82 27 65 26 44 65 23 64
21 27 40 80 74 84 17 71 47 75
21 28 78 62 61 14 11 6 46 62
21 29 58 41 54 62 47 61 16 9
21 30 37 42 36 18 31 16 49 89
21 31 50 19 16 67 15 34 89 74
21 32 94 8 25 75 27 78 6 47
22 23 78 16 36 62 17 47 23 34
22 24 12 89 49 52 74 75 85 43
22 25 85 8 17 40 16 60 75 10
22 26 4 91 98 59 56 35 91 26
22 27 16 20 83 59 30 38 75 57
22 28 28 51 59 58 62 30 27 51
22 29 49 42 74 88 74 33 22 63
22 30 70 71 34 80 83 24 79 8
22 31 91 61 45 2 10 14 67 45
22 32 98 51 6 23 77 10 5 66
23 24 80 58 18 27 65 51 28 21
23 25 48 25 31 37 43 41 22 29
23 26 36 54 43 61 41 19 91 66
23 27 52 56 68 74 28 48 19 84
23 28 26 85 21 15 29 23 24 82
23 29 8 41 75 95 85 23 67 76
23 30 9 36 65 23 42 41 18 22
23 31 68 52 24 45 20 82 29 42
23 32 87 81 46 12 30 62 31 5
24 25 18 49 45 93 49 96 58 47
24 26 15 74 29 45 78 79 43 77
24 27 24 82 39 60 45 20 40 28
24 28 58 10 56 25 51 45 53 27
24 29 64 24 49 36 57 26 16 44
24 30 41 57 71 52 17 44 82 38
24 31 30 92 42 20 63 57 44 78
24 32 31 57 79 20 80 22 78 46
25 26 93 35 11 3 41 68 3 79
25 27 55 58 20 57 70 58 78 13
25 28 90 71 13 61 39 74 16 67
25 29 59 83 86 20 42 50 25 38
25 30 43 52 82 77 65 19 33 13
25 31 8 47 91 80 41 89 61 47
25 32 30 93 91 51 52 41 29 64
26 27 57 37 80 45 74 47 86 78
26 28 23 33 84 94 51 63 21 61
26 29 10 97 67 38 52 89 35 67
26 30 30 27 45 40 60 62 20 45
26 31 98 64 61 9 45 46 38 67
26 32 30 80 20 67 51 30 89 40
27 28 9 78 73 36 60 55 34 93
27 29 26 90 69 86 91 63 59 91
27 30 45 63 87 90 16 46 61 49
27 31 15 74 22 24 77 37 47 90
27 32 14 54 58 49 40 60 17 64
28 29 1 54 37 48 33 57 80 89
28 30 36 19 16 68 87 46 40 63
28 31 49 80 75 75 76 23 33 50
28 32 18 73 16 22 74 64 82 86
29 30 94 4 16 41 24 63 56 52
29 31 39 17 45 45 62 80 61 90
29 32 96 2 39 24 6 69 3 55
30 31 22 76 68 93 82 50 29 24
30 32 59 52 55 53 40 65 62 47
31 32 72 24 18 8 60 77 85 12
