42 8
0.3 0 0 0 0 0 0 0.7
0 1 47 15 10 37 74 35 80 65
0 2 85 58 78 33 5 22 15 20
0 3 93 31 47 28 33 15 33 65
0 4 57 21 75 81 70 41 78 78
0 5 29 90 30 84 31 86 32 79
0 6 14 21 78 42 77 52 17 36
0 7 73 56 72 74 76 30 64 68
0 8 11 51 22 81 59 63 27 17
0 9 25 60 75 38 45 33 23 33
0 10 35 76 58 44 24 85 36 91
0 11 39 18 37 38 75 91 44 46
0 12 72 35 70 13 39 49 59 67
0 13 31 38 70 33 75 66 44 64
0 14 34 37 75 53 87 87 57 35
0 15 65 59 73 15 27 35 12 60
0 16 14 80 39 79 36 32 72 34
0 17 81 41 27 8 79 21 50 16
0 18 51 70 53 60 32 53 55 19
0 19 69 41 63 26 75 19 23 18
0 20 24 64 73 83 55 35 48 77
0 21 90 7 46 19 65 81 65 38
0 22 27 36 32 20 79 38 16 85
0 23 51 54 69 23 16 34 69 64
0 24 59 55 17 85 87 29 76 85
0 25 49 66 38 15 11 41 29 61
0 26 90 63 55 9 77 76 34 72
0 27 12 29 84 40 19 67 86 22
0 28 3 66 89 93 90 45 64 51
0 29 89 52 34 65 61 43 13 62
0 30 57 54 34 38 66 86 75 34
0 31 89 42 19 37 75 70 28 67
0 32 83 59 13 79 82 44 36 44
0 33 51 49 18 20 78 29 65 15
0 34 2 93 86 50 83 21 65 73
0 35 19 17 63 25 81 73 18 16
0 36 79 17 56 53 81 13 63 43
0 37 84 69 55 20 13 19 57 42
0 38 33 89 92 40 84 56 58 35
0 39 14 79 66 82 17 56 79 52
0 40 57 29 20 76 20 37 8 34
0 41 44 20 65 86 19 35 69 44
1 2 58 13 8 27 71 41 8 59
1 3 33 86 28 49 61 37 81 74
1 4 87 44 23 30 13 34 72 41
1 5 2 33 34 57 29 35 93 99
1 6 38 35 15 70 16 47 50 62
1 7 9 27 28 18 62 60 22 57
1 8 87 35 71 50 55 27 36 54
1 9 41 44 61 28 81 90 36 22
1 10 39 50 53 78 13 63 68 82
1 11 70 56 44 12 15 57 61 68
1 12 12 69 31 20 35 46 66 46
1 13 98 35 28 8 9 68 50 70
1 14 83 10 59 24 12 52 76 14
1 15 10 62 86 42 37 59 49 44
1 16 97 17 29 30 53 11 42 39
1 17 77 64 8 33 73 62 44 47
1 18 34 44 70 15 43 80 86 74
1 19 87 34 26 19 58 60 45 23
1 20 16 51 85 91 47 93 60 29
1 21 62 55 86 85 37 82 53 52
1 22 64 84 67 34 59 66 28 7
1 23 12 33 55 21 63 44 23 18
1 24 98 44 75 63 1 10 35 38
1 25 8 48 83 69 69 30 76 55
1 26 43 43 33 56 62 87 74 43
1 27 61 27 79 41 74 67 48 11
1 28 8 40 21 43 94 65 84 24
1 29 85 80 51 23 74 74 63 33
1 30 41 26 44 81 75 44 32 30
1 31 30 18 56 15 34 82 55 57
1 32 26 15 34 37 26 18 22 84
1 33 32 71 89 41 56 28 51 52
1 34 13 30 89 46 40 67 23 29
1 35 59 62 24 69 53 74 63 31
1 36 39 38 13 42 66 43 91 25
1 37 66 44 74 58 26 79 54 82
1 38 61 77 73 44 9 25 45 56
1 39 72 9 53 29 13 8 41 13
1 40 0 75 32 79 22 69 84 20
1 41 85 35 11 55 7 47 72 80
2 3 53 22 9 87 43 86 34 76
2 4 35 25 46 89 26 76 28 53
2 5 55 58 79 24 77 74 54 40
2 6 80 68 78 82 53 20 26 49
2 7 43 51 50 14 30 65 40 45
2 8 48 69 18 85 44 65 12 12
2 9 9 87 20 23 44 77 79 66
2 10 69 67 32 67 49 59 29 57
2 11 37 31 34 86 64 23 88 73
2 12 12 88 62 96 44 43 78 21
2 13 81 32 33 11 45 55 8 41
2 14 42 51 91 39 19 52 61 14
2 15 16 53 27 63 38 82 16 94
2 16 4 47 52 51 69 56 66 93
2 17 10 48 20 79 36 45 28 28
2 18 68 73 62 56 33 21 78 17
2 19 66 55 42 82 35 71 70 10
2 20 31 43 52 88 65 86 75 81
2 21 28 78 62 27 68 34 32 67
2 22 44 65 66 66 23 34 27 55
2 23 28 70 23 30 82 38 17 43
2 24 25 80 58 54 42 48 63 83
2 25 32 14 17 39 60 34 44 74
2 26 48 13 61 57 70 89 58 34
2 27 92 57 51 16 8 15 57 70
2 28 93 56 61 6 78 48 40 46
2 29 40 77 44 47 72 26 62 50
2 30 97 24 73 79 17 41 74 35
2 31 95 57 30 60 57 27 34 44
2 32 18 59 93 74 33 89 86 82
2 33 87 46 50 6 72 14 57 70
2 34 47 39 74 33 46 46 73 27
2 35 23 47 53 83 51 45 33 29
2 36 25 81 28 84 40 51 84 42
2 37 31 51 43 17 53 69 22 88
2 38 42 11 81 66 22 38 58 32
2 39 49 35 85 74 72 81 14 12
2 40 76 38 40 29 60 35 81 13
2 41 38 45 34 37 18 79 16 59
3 4 84 36 46 6 73 19 41 27
3 5 81 32 17 42 12 82 63 42
3 6 68 31 17 41 83 83 80 47
3 7 22 92 86 64 31 27 36 38
3 8 50 55 19 63 68 19 18 34
3 9 82 50 30 56 73 21 63 17
3 10 94 19 57 78 48 40 74 19
3 11 21 70 71 42 45 29 33 89
3 12 20 70 63 58 34 77 62 70
3 13 70 45 84 15 49 30 78 9
3 14 64 47 11 15 59 39 82 56
3 15 25 22 49 80 51 19 74 38
3 16 38 30 38 75 67 33 21 14
3 17 0 60 95 84 58 70 66 83
3 18 55 85 27 27 33 47 29 58
3 19 44 86 25 26 62 14 29 38
3 20 11 39 28 68 52 51 78 19
3 21 76 13 67 28 18 77 55 18
3 22 59 59 29 45 37 63 62 44
3 23 32 45 40 73 14 36 82 58
3 24 37 75 38 25 84 77 67 47
3 25 47 82 66 32 17 47 58 88
3 26 33 62 19 92 53 71 92 77
3 27 8 94 19 97 50 23 61 61
3 28 1 49 72 93 35 62 40 23
3 29 7 50 58 69 33 26 88 35
3 30 81 4 49 49 68 9 76 73
3 31 73 80 30 40 80 41 34 67
3 32 84 61 71 37 18 18 61 11
3 33 18 48 60 93 64 56 75 62
3 34 3 27 20 55 73 24 52 76
3 35 95 64 18 12 3 53 49 49
3 36 36 66 39 25 69 58 51 28
3 37 44 46 67 21 59 49 76 63
3 38 86 36 73 63 79 62 51 57
3 39 83 18 3 17 48 60 57 27
3 40 68 47 39 59 36 21 58 37
3 41 66 54 21 58 9 51 23 28
4 5 99 23 40 7 29 63 9 69
4 6 0 42 26 45 73 37 33 98
4 7 11 63 64 61 77 56 46 96
4 8 1 39 99 79 40 85 72 51
4 9 27 68 92 77 74 71 59 41
4 10 9 63 52 96 77 38 77 40
4 11 67 10 25 24 82 40 22 48
4 12 91 11 2 35 64 55 10 77
4 13 21 16 77 93 32 62 64 16
4 14 26 40 26 92 64 75 78 37
4 15 48 12 26 88 74 33 59 70
4 16 22 48 92 19 24 71 85 77
4 17 17 54 18 31 64 39 96 46
4 18 50 56 31 72 88 69 25 35
4 19 17 89 35 21 82 72 84 85
4 20 95 65 63 48 24 21 60 36
4 21 85 23 23 60 35 25 35 5
4 22 90 8 33 64 20 20 7 46
4 23 95 56 18 59 31 45 49 72
4 24 16 20 27 72 75 45 17 58
4 25 8 21 36 44 78 31 48 95
4 26 4 64 61 57 52 75 80 35
4 27 56 76 86 87 59 14 52 15
4 28 1 95 62 59 76 35 34 68
4 29 21 28 48 50 91 30 42 89
4 30 17 17 20 57 51 60 45 91
4 31 50 27 15 82 13 65 30 61
4 32 32 54 15 66 18 36 60 25
4 33 3 85 76 72 78 98 91 36
4 34 7 77 61 56 75 91 22 34
4 35 58 81 23 19 68 39 50 9
4 36 64 77 38 24 37 54 80 44
4 37 43 47 15 31 78 18 31 87
4 38 45 11 24 49 69 58 37 22
4 39 39 37 81 60 87 61 20 28
4 40 69 51 29 81 46 17 84 36
4 41 67 74 83 34 72 48 82 71
5 6 49 82 59 32 76 67 75 32
5 7 86 78 36 82 3 67 64 7
5 8 17 73 82 65 26 35 45 81
5 9 70 74 22 62 33 36 62 64
5 10 29 73 92 68 63 52 66 90
5 11 93 78 17 20 37 57 10 36
5 12 24 51 21 90 62 67 20 33
5 13 76 22 36 36 52 67 19 61
5 14 76 66 57 9 66 31 31 63
5 15 86 41 69 66 81 36 27 6
5 16 79 24 60 72 42 28 48 20
5 17 59 70 48 13 45 32 32 47
5 18 27 78 17 77 67 90 15 36
5 19 56 49 58 35 22 11 73 82
5 20 65 64 33 57 86 68 34 11
5 21 74 65 37 78 78 81 67 41
5 22 41 78 68 43 88 62 53 90
5 23 93 42 45 48 70 58 9 47
5 24 87 55 32 20 60 67 80 30
5 25 92 17 43 48 67 31 63 43
5 26 69 64 27 14 52 66 84 28
5 27 23 56 68 77 43 72 66 78
5 28 32 72 81 73 91 24 71 90
5 29 88 54 11 82 35 20 8 19
5 30 41 42 14 85 34 47 62 18
5 31 19 85 71 50 89 82 92 63
5 32 49 36 16 23 78 69 39 34
5 33 9 24 76 43 81 21 80 88
5 34 76 72 47 58 52 10 9 27
5 35 25 40 52 66 71 78 59 48
5 36 88 61 41 38 30 25 4 31
5 37 37 71 78 29 89 84 64 79
5 38 46 26 65 30 50 80 12 20
5 39 20 68 88 48 91 70 30 31
5 40 31 70 57 31 42 69 53 82
5 41 76 12 35 44 44 66 68 46
6 7 18 48 40 40 91 77 28 30
6 8 41 59 66 85 85 63 61 73
6 9 29 54 80 23 38 24 91 34
6 10 57 16 51 40 71 17 66 18
6 11 98 73 8 57 62 31 10 70
6 12 21 79 35 48 32 86 30 41
6 13 39 78 60 80 51 69 75 67
6 14 33 48 69 77 65 67 32 64
6 15 87 61 18 2 30 66 52 6
6 16 63 35 29 33 36 38 76 72
6 17 0 60 66 65 22 52 53 88
6 18 4 49 91 59 88 26 21 87
6 19 57 61 49 57 74 25 21 58
6 20 40 64 47 38 62 69 53 27
6 21 73 51 23 66 58 8 85 19
6 22 24 72 29 28 82 53 15 34
6 23 59 66 13 84 17 71 42 58
6 24 78 33 59 75 9 5 67 4
6 25 8 26 46 36 61 40 19 48
6 26 22 58 78 71 35 23 48 73
6 27 15 56 96 81 78 89 42 78
6 28 60 12 27 53 16 53 52 85
6 29 55 32 65 84 84 78 64 29
6 30 92 21 56 52 76 35 67 27
6 31 60 80 63 32 59 19 48 43
6 32 49 17 83 10 21 56 86 45
6 33 25 92 37 42 30 58 30 71
6 34 73 62 68 75 31 26 31 31
6 35 46 20 78 20 11 75 23 43
6 36 10 26 79 89 20 27 84 27
6 37 0 75 20 22 64 63 20 98
6 38 17 94 73 68 87 70 83 31
6 39 43 44 19 88 86 25 20 21
6 40 74 20 75 38 35 32 63 70
6 41 6 85 48 42 51 66 68 40
7 8 98 30 23 14 38 19 59 26
7 9 11 27 46 48 64 19 65 72
7 10 64 43 79 11 43 60 59 69
7 11 65 70 74 29 24 34 7 17
7 12 33 90 51 16 60 18 77 39
7 13 16 46 46 82 22 67 27 83
7 14 47 83 49 44 19 88 15 82
7 15 21 80 74 39 77 43 38 58
7 16 10 30 94 88 33 75 50 61
7 17 97 72 1 59 25 13 73 67
7 18 91 48 36 52 48 59 60 5
7 19 55 65 57 23 16 76 23 72
7 20 32 84 52 29 20 61 39 17
7 21 25 34 78 51 70 47 39 78
7 22 96 39 14 14 25 40 11 50
7 23 63 28 35 81 57 35 59 35
7 24 90 59 26 42 27 62 2 13
7 25 23 42 53 86 55 60 35 94
7 26 78 19 56 58 46 16 41 78
7 27 79 74 69 73 15 26 42 55
7 28 2 85 96 34 69 99 69 85
7 29 10 80 96 84 81 76 49 95
7 30 50 24 56 53 84 69 62 86
7 31 95 71 69 11 58 70 26 57
7 32 28 92 30 74 90 55 45 47
7 33 12 58 90 33 61 22 19 26
7 34 36 43 34 69 72 39 22 18
7 35 91 48 63 68 63 49 17 16
7 36 37 58 19 36 74 28 69 35
7 37 29 50 46 35 86 29 37 60
7 38 6 31 65 26 28 39 68 86
7 39 67 8 19 63 46 51 37 80
7 40 37 69 85 74 44 91 25 28
7 41 35 84 25 71 76 65 48 41
8 9 95 5 79 1 27 7 75 63
8 10 44 69 44 22 59 56 53 48
8 11 33 91 75 90 35 82 29 22
8 12 13 31 46 86 39 70 38 89
8 13 53 9 87 66 53 55 55 32
8 14 92 23 23 56 71 36 25 59
8 15 21 48 80 25 55 92 27 91
8 16 12 88 78 44 74 28 52 51
8 17 58 58 69 11 11 54 51 83
8 18 99 74 16 80 51 78 1 44
8 19 9 75 75 48 48 69 58 69
8 20 89 30 36 36 11 20 58 10
8 21 50 31 87 85 39 35 71 13
8 22 83 54 41 82 21 67 60 66
8 23 22 62 73 32 43 37 70 53
8 24 28 41 92 15 32 28 31 59
8 25 15 31 95 39 40 72 72 21
8 26 44 80 26 45 26 53 83 64
8 27 93 66 36 67 47 52 3 54
8 28 84 27 78 53 65 70 47 53
8 29 44 48 11 24 79 80 36 77
8 30 69 77 41 43 73 36 56 11
8 31 52 60 84 18 11 62 68 34
8 32 13 94 37 33 74 49 84 55
8 33 54 15 25 44 39 81 78 37
8 34 11 29 44 54 87 48 50 74
8 35 22 39 67 87 42 73 30 37
8 36 91 7 54 73 47 5 62 54
8 37 93 72 25 54 22 32 74 38
8 38 26 68 70 41 52 85 19 53
8 39 18 42 34 55 19 77 71 16
8 40 45 20 21 32 37 73 31 36
8 41 52 72 73 74 49 45 77 85
9 10 68 25 75 70 31 75 44 31
9 11 42 51 75 56 60 82 24 19
9 12 58 78 72 63 75 42 21 24
9 13 3 72 83 34 53 93 53 73
9 14 96 60 31 33 51 27 29 64
9 15 88 50 45 47 20 63 49 4
9 16 54 51 63 54 13 66 81 39
9 17 41 40 19 34 52 42 67 62
9 18 33 16 92 26 86 33 84 14
9 19 99 62 54 64 27 71 48 77
9 20 47 86 86 23 10 46 81 83
9 21 74 67 39 71 73 30 25 72
9 22 44 43 69 59 24 25 79 25
9 23 52 29 69 49 34 44 40 36
9 24 92 25 57 32 2 8 67 43
9 25 29 63 59 71 19 88 30 79
9 26 92 69 35 35 69 30 12 43
9 27 77 40 45 15 58 32 20 56
9 28 23 42 51 56 20 41 44 58
9 29 31 65 19 28 22 46 61 15
9 30 50 79 88 61 54 21 62 28
9 31 37 67 24 12 84 39 86 83
9 32 80 76 78 27 73 56 82 61
9 33 50 79 76 54 80 31 85 24
9 34 67 19 73 56 18 22 65 20
9 35 93 15 2 45 41 81 80 71
9 36 61 82 50 15 22 60 68 80
9 37 18 92 40 49 17 71 81 21
9 38 39 34 41 84 19 28 25 89
9 39 48 76 44 38 27 70 41 62
9 40 8 45 90 59 84 57 18 73
9 41 92 69 18 16 48 36 47 74
10 11 45 35 89 37 81 85 61 30
10 12 65 74 32 38 40 39 44 21
10 13 90 44 20 60 39 77 40 10
10 14 53 72 56 29 86 80 12 66
10 15 55 40 50 75 23 77 74 77
10 16 41 73 31 15 46 78 89 81
10 17 38 72 22 66 51 56 30 71
10 18 26 23 49 76 66 90 77 76
10 19 32 81 20 39 19 46 57 24
10 20 57 13 16 73 45 47 84 16
10 21 44 52 80 74 53 69 34 89
10 22 11 19 76 97 61 59 56 85
10 23 83 68 22 12 61 64 45 62
10 24 3 34 57 89 67 55 20 65
10 25 66 25 80 20 40 63 48 22
10 26 52 22 28 40 79 54 75 10
10 27 82 80 45 60 28 10 53 55
10 28 86 9 21 33 16 50 75 7
10 29 78 69 46 63 59 42 17 42
10 30 97 57 13 48 69 4 14 8
10 31 52 30 40 15 49 26 33 62
10 32 45 32 48 85 47 47 30 79
10 33 30 44 71 41 46 33 39 54
10 34 68 56 56 34 23 18 61 30
10 35 9 31 70 25 42 20 89 26
10 36 80 49 49 59 24 10 19 59
10 37 0 96 85 28 26 77 61 63
10 38 84 46 40 58 71 58 40 73
10 39 46 52 78 26 55 25 60 20
10 40 33 22 74 80 41 85 90 25
10 41 66 18 17 30 81 77 49 54
11 12 83 72 74 25 50 76 60 77
11 13 11 66 63 66 68 55 34 56
11 14 78 59 22 13 68 73 6 36
11 15 81 18 47 5 31 28 53 62
11 16 28 37 64 21 93 54 19 20
11 17 6 63 26 40 38 97 62 92
11 18 58 71 54 8 12 63 74 13
11 19 50 75 49 82 42 41 42 64
11 20 3 24 23 78 59 92 47 85
11 21 15 18 31 47 73 87 33 19
11 22 95 8 65 6 64 21 51 3
11 23 90 79 70 8 81 26 76 12
11 24 78 73 13 56 26 64 56 16
11 25 24 79 34 26 43 79 74 81
11 26 21 79 22 67 16 54 82 46
11 27 36 88 22 39 83 60 65 19
11 28 97 37 7 3 38 5 56 24
11 29 62 86 11 10 55 14 50 44
11 30 89 80 69 77 4 21 2 56
11 31 38 62 50 55 37 79 25 66
11 32 74 64 20 65 13 61 55 36
11 33 60 77 42 46 17 68 23 55
11 34 97 7 66 66 77 64 10 68
11 35 95 59 27 60 8 71 12 61
11 36 90 24 9 35 32 6 25 69
11 37 13 51 45 48 23 55 43 18
11 38 86 56 27 27 67 16 24 47
11 39 14 28 24 26 25 54 65 80
11 40 19 46 32 83 63 79 88 19
11 41 93 45 61 67 2 6 51 23
12 13 82 73 11 16 55 75 71 81
12 14 59 53 41 22 12 39 22 82
12 15 10 63 44 65 40 22 73 90
12 16 32 40 89 50 65 59 83 93
12 17 61 58 77 19 72 64 63 44
12 18 20 45 78 57 28 30 90 81
12 19 84 21 12 72 34 18 77 59
12 20 95 20 70 55 11 45 76 10
12 21 52 18 86 35 49 49 56 23
12 22 58 82 46 40 63 66 60 66
12 23 6 69 21 43 24 25 58 88
12 24 65 23 74 51 45 14 86 13
12 25 44 23 51 13 15 20 78 22
12 26 42 63 13 25 86 73 44 83
12 27 0 99 87 72 43 42 22 98
12 28 63 63 25 84 63 12 67 28
12 29 29 72 83 65 23 43 20 41
12 30 81 78 74 21 67 64 80 24
12 31 40 71 29 51 40 31 12 21
12 32 30 77 69 76 51 16 29 76
12 33 8 23 52 91 69 21 31 51
12 34 42 65 66 36 79 46 91 71
12 35 56 79 32 82 46 62 11 82
12 36 8 55 76 51 42 48 78 49
12 37 0 57 50 31 32 51 88 60
12 38 55 30 23 46 77 22 11 40
12 39 17 56 18 29 43 40 41 83
12 40 38 87 41 81 38 21 68 45
12 41 60 61 52 13 85 42 76 30
13 14 39 56 81 85 80 88 58 43
13 15 32 49 74 15 53 30 44 26
13 16 66 23 7 52 14 8 32 47
13 17 56 11 53 13 82 10 50 76
13 18 71 30 20 21 52 20 50 55
13 19 13 28 48 35 21 97 24 55
13 20 50 85 51 59 61 52 71 13
13 21 79 25 59 30 11 57 47 10
13 22 11 34 36 78 68 65 28 77
13 23 63 14 48 79 42 70 30 24
13 24 24 63 23 73 34 58 51 72
13 25 58 86 70 71 61 9 42 25
13 26 71 31 64 71 62 72 10 33
13 27 30 24 83 63 28 52 34 15
13 28 4 82 90 38 97 83 41 43
13 29 73 15 48 14 76 10 45 84
13 30 97 6 8 65 36 30 49 49
13 31 62 46 12 80 63 45 64 71
13 32 40 51 28 88 47 83 22 52
13 33 96 57 0 44 78 23 10 41
13 34 36 51 31 46 85 71 28 76
13 35 63 38 53 61 49 75 57 32
13 36 28 28 46 92 79 79 68 65
13 37 94 23 3 57 8 18 78 80
13 38 31 85 36 59 39 48 20 44
13 39 12 61 33 51 70 39 38 28
13 40 45 17 77 40 24 73 74 39
13 41 80 72 47 81 57 36 49 35
14 15 86 80 57 4 25 52 59 26
14 16 72 82 23 14 35 15 7 48
14 17 16 49 38 28 49 58 61 46
14 18 52 85 74 30 86 27 54 27
14 19 20 43 86 18 62 31 33 82
14 20 80 9 72 38 7 79 14 4
14 21 29 79 30 68 18 80 24 44
14 22 40 72 80 21 35 14 46 63
14 23 11 78 79 64 32 75 35 78
14 24 79 22 9 64 39 32 52 72
14 25 49 76 61 54 55 29 52 19
14 26 56 33 54 34 82 25 70 26
14 27 24 58 44 50 21 60 22 39
14 28 58 58 81 55 50 20 54 31
14 29 72 17 30 37 59 74 30 18
14 30 78 60 41 61 25 31 49 28
14 31 54 84 48 40 78 38 46 9
14 32 73 49 26 61 63 30 44 35
14 33 41 33 39 73 24 55 21 74
14 34 73 45 46 44 60 56 36 35
14 35 47 38 50 65 46 15 10 36
14 36 57 38 55 51 75 22 56 38
14 37 45 12 62 37 29 21 24 51
14 38 0 45 23 39 30 77 66 70
14 39 40 77 18 37 76 77 63 47
14 40 32 36 74 44 40 62 66 38
14 41 60 66 42 41 66 63 43 32
15 16 21 28 27 16 64 90 57 87
15 17 43 74 49 58 42 12 81 39
15 18 14 44 95 57 19 47 29 57
15 19 48 82 74 81 48 33 73 45
15 20 87 59 36 50 30 25 5 10
15 21 93 20 66 17 4 26 14 62
15 22 79 9 44 67 36 57 28 16
15 23 21 66 93 20 44 47 50 79
15 24 67 63 10 24 72 32 60 56
15 25 4 77 87 67 21 44 65 61
15 26 75 74 74 20 40 43 55 53
15 27 51 57 20 34 30 32 30 35
15 28 54 70 69 12 27 33 28 87
15 29 73 30 39 12 44 11 39 46
15 30 51 36 43 36 11 44 30 48
15 31 42 59 40 86 86 35 37 50
15 32 37 16 57 74 47 66 17 17
15 33 90 32 43 60 17 8 40 18
15 34 8 84 46 57 68 44 42 76
15 35 26 82 64 54 27 56 80 26
15 36 23 66 49 82 39 42 33 94
15 37 99 35 21 57 37 35 15 47
15 38 32 68 18 60 80 73 40 25
15 39 32 26 82 85 78 42 14 32
15 40 17 77 89 54 17 33 86 76
15 41 45 72 23 61 68 36 76 75
16 17 16 23 54 60 29 22 77 63
16 18 0 43 66 27 83 73 21 48
16 19 57 80 14 51 9 88 47 30
16 20 18 36 54 28 51 51 65 37
16 21 51 74 52 41 33 86 48 86
16 22 46 67 22 25 37 24 42 29
16 23 65 38 76 17 29 42 69 36
16 24 47 65 27 65 68 13 56 50
16 25 69 29 47 52 48 83 8 59
16 26 20 17 20 29 27 93 46 26
16 27 23 35 83 24 68 36 53 24
16 28 38 21 60 86 16 13 44 14
16 29 92 71 44 79 54 69 63 50
16 30 31 87 35 24 16 88 35 50
16 31 41 30 68 76 69 77 21 16
16 32 97 39 17 4 72 77 68 69
16 33 79 14 4 80 64 21 63 29
16 34 36 87 57 86 83 19 39 49
16 35 5 95 84 95 78 22 83 73
16 36 95 67 46 30 9 15 69 34
16 37 81 63 75 68 16 50 50 82
16 38 53 78 27 88 83 82 34 67
16 39 51 68 46 44 10 81 33 85
16 40 38 27 80 90 12 34 64 67
16 41 74 15 32 63 66 34 21 57
17 18 49 82 42 38 57 89 53 33
17 19 47 80 59 47 71 55 87 70
17 20 22 78 42 34 92 19 43 62
17 21 72 53 72 66 41 59 12 83
17 22 31 59 75 79 49 23 33 92
17 23 67 63 36 35 12 78 22 65
17 24 54 10 82 41 71 52 37 32
17 25 25 46 60 23 45 23 21 27
17 26 30 79 79 22 93 58 81 26
17 27 9 20 44 88 77 89 57 31
17 28 70 69 53 78 48 33 81 69
17 29 57 38 64 72 18 54 33 43
17 30 3 57 67 94 67 26 63 37
17 31 69 71 78 68 37 65 79 66
17 32 96 26 19 50 17 27 79 46
17 33 50 32 46 58 75 87 80 89
17 34 26 90 25 46 22 70 46 31
17 35 34 24 54 54 36 78 85 48
17 36 81 76 56 48 23 31 46 32
17 37 65 53 72 52 29 33 83 27
17 38 0 53 86 44 98 88 27 91
17 39 9 32 90 40 95 78 20 42
17 40 42 37 61 52 83 72 40 64
17 41 6 27 85 97 79 98 65 76
18 19 57 14 85 10 19 87 36 70
18 20 61 8 47 86 77 11 69 74
18 21 97 42 63 3 2 28 4 34
18 22 45 32 26 48 68 54 73 34
18 23 25 57 72 43 61 56 59 53
18 24 26 44 87 61 37 26 93 61
18 25 37 84 18 54 77 39 25 76
18 26 71 85 28 78 73 54 13 17
18 27 98 30 79 41 48 50 27 1
18 28 91 69 65 70 13 69 74 37
18 29 53 75 39 84 22 86 25 83
18 30 57 28 45 63 27 41 88 20
18 31 8 65 71 73 87 69 19 21
18 32 84 39 71 25 6 37 35 37
18 33 89 69 79 21 50 56 77 56
18 34 81 75 22 45 21 81 40 76
18 35 21 54 51 92 66 90 29 15
18 36 0 52 79 48 32 79 38 90
18 37 34 85 80 39 75 22 42 44
18 38 26 86 63 48 86 68 74 88
18 39 26 29 77 94 92 33 15 49
18 40 17 78 36 65 66 77 68 38
18 41 14 30 71 61 63 21 87 75
19 20 89 21 42 34 69 52 41 32
19 21 46 29 69 65 60 25 58 50
19 22 65 45 76 40 35 61 44 51
19 23 29 21 92 25 88 20 58 17
19 24 11 49 91 49 22 92 59 32
19 25 14 37 59 47 88 86 32 84
19 26 52 34 54 77 59 16 15 46
19 27 48 62 88 33 55 37 83 78
19 28 51 22 57 54 44 68 69 81
19 29 56 80 79 57 10 32 40 56
19 30 91 15 67 56 71 36 59 19
19 31 24 70 52 87 68 30 56 93
19 32 22 83 42 25 51 64 26 21
19 33 27 52 16 22 69 74 89 87
19 34 84 66 17 7 68 78 52 63
19 35 8 41 79 49 54 39 34 52
19 36 42 14 81 14 13 25 35 67
19 37 90 30 38 68 47 5 57 4
19 38 54 43 11 47 69 65 17 51
19 39 19 57 54 44 38 36 55 23
19 40 95 11 76 2 62 5 66 71
19 41 69 27 31 79 54 44 69 68
20 21 40 91 55 18 83 72 65 37
20 22 9 67 80 61 48 84 19 71
20 23 52 63 17 64 30 50 83 43
20 24 20 16 54 54 93 39 78 89
20 25 90 21 26 69 3 79 48 27
20 26 30 20 36 20 93 84 38 84
20 27 21 81 75 53 23 41 54 33
20 28 38 73 56 56 33 23 32 29
20 29 25 23 53 16 36 51 34 41
20 30 5 52 30 82 67 22 70 59
20 31 84 56 20 6 25 53 51 17
20 32 54 43 66 10 22 51 43 87
20 33 15 81 90 91 83 63 23 85
20 34 49 72 25 69 50 81 21 32
20 35 68 20 23 64 36 75 43 15
20 36 78 16 16 58 8 58 25 20
20 37 90 14 44 43 67 15 69 79
20 38 47 50 85 31 14 27 47 64
20 39 66 42 26 69 74 13 23 42
20 40 53 74 43 39 21 89 66 61
20 41 76 54 47 42 55 10 49 20
21 22 21 78 34 68 41 17 44 71
21 23 58 42 47 70 82 81 11 55
21 24 50 56 89 18 69 62 30 16
21 25 88 81 41 51 45 58 9 75
21 26 0 20 95 25 70 92 27 52
21 27 63 61 38 72 9 69 72 21
21 28 47 32 28 33 50 81 40 55
21 29 43 64 85 57 51 42 68 89
21 30 6 45 27 91 46 93 32 85
21 31 78 8 58 70 35 19 52 55
21 32 15 33 32 71 34 46 87 34
21 33 45 55 18 54 90 47 21 25
21 34 1 89 22 98 27 19 97 99
21 35 49 77 72 53 87 11 77 63
21 36 32 22 67 36 52 20 65 85
21 37 28 54 18 35 63 52 72 90
21 38 78 18 48 55 55 13 57 80
21 39 13 49 44 29 55 49 62 25
21 40 3 92 60 84 79 84 57 46
21 41 96 14 50 31 71 76 54 66
22 23 14 53 85 19 40 68 84 58
22 24 0 54 77 34 46 97 44 68
22 25 1 70 43 51 72 28 86 22
22 26 71 36 40 54 32 38 16 23
22 27 96 79 68 32 69 62 34 78
22 28 7 42 27 97 45 37 82 54
22 29 15 29 37 77 45 47 85 54
22 30 65 7 16 71 16 49 64 69
22 31 54 80 88 73 87 20 78 71
22 32 80 43 38 66 64 16 68 54
22 33 18 52 92 66 34 73 71 28
22 34 92 72 10 69 67 14 72 59
22 35 3 54 77 67 37 23 58 63
22 36 71 42 41 30 39 45 30 40
22 37 83 67 5 3 72 7 24 78
22 38 58 45 52 28 8 26 28 79
22 39 61 70 18 58 73 58 72 65
22 40 49 46 89 19 21 55 80 57
22 41 51 87 67 25 32 77 81 32
23 24 24 85 70 33 63 90 74 92
23 25 67 53 36 59 33 50 29 59
23 26 84 37 61 56 17 33 9 36
23 27 78 31 42 21 27 40 80 60
23 28 23 33 93 20 55 23 53 93
23 29 21 70 71 59 85 89 54 41
23 30 43 79 36 11 14 20 41 65
23 31 20 23 33 95 49 48 79 86
23 32 93 71 16 29 56 16 3 2
23 33 30 93 79 65 62 39 36 77
23 34 20 46 34 52 75 57 31 94
23 35 56 46 64 43 61 53 78 22
23 36 35 73 82 34 17 64 55 16
23 37 4 66 57 90 69 38 91 21
23 38 44 79 60 51 39 77 83 31
23 39 71 84 11 26 52 75 50 6
23 40 6 83 96 67 80 24 62 21
23 41 58 20 59 26 54 68 31 65
24 25 41 35 70 15 39 42 25 19
24 26 58 55 66 80 39 19 83 34
24 27 29 55 29 55 44 15 33 86
24 28 31 82 34 91 60 64 88 51
24 29 21 30 50 87 85 34 76 69
24 30 31 32 19 45 41 15 64 82
24 31 32 59 40 45 71 47 26 54
24 32 1 44 59 82 61 83 78 92
24 33 17 91 50 80 44 68 59 61
24 34 10 62 79 87 72 57 27 89
24 35 59 87 87 22 66 74 31 78
24 36 54 79 61 81 31 81 53 85
24 37 88 19 67 81 37 32 33 61
24 38 96 28 6 41 14 7 4 41
24 39 80 51 16 7 39 47 75 83
24 40 28 46 93 45 82 35 41 35
24 41 34 42 75 67 29 33 85 92
25 26 80 34 36 45 34 53 32 47
25 27 75 33 27 5 56 34 55 41
25 28 23 82 21 27 45 29 81 57
25 29 74 83 16 78 37 34 82 64
25 30 2 73 50 37 55 94 71 32
25 31 34 37 65 25 85 41 41 77
25 32 79 29 82 29 65 31 52 82
25 33 90 51 52 26 14 73 31 33
25 34 87 23 40 76 79 78 74 77
25 35 76 11 32 22 45 80 53 8
25 36 43 83 40 38 39 71 71 63
25 37 35 66 56 63 66 87 56 69
25 38 0 41 42 32 94 20 66 87
25 39 48 19 49 68 70 28 47 31
25 40 48 90 31 22 57 44 87 23
25 41 63 27 22 58 79 11 53 47
26 27 62 73 62 45 59 22 30 78
26 28 7 35 82 54 47 85 47 63
26 29 27 76 57 56 93 39 86 48
26 30 58 34 30 33 15 29 80 36
26 31 92 71 3 57 80 56 80 47
26 32 13 56 94 41 56 94 29 48
26 33 99 30 34 16 48 3 77 10
26 34 9 38 38 81 85 53 61 43
26 35 32 51 31 23 24 81 32 31
26 36 26 77 88 61 15 56 35 18
26 37 85 15 41 39 28 12 61 70
26 38 0 42 71 86 89 46 30 97
26 39 62 31 24 25 37 66 9 36
26 40 66 14 25 62 23 79 83 17
26 41 87 58 23 13 16 79 3 40
27 28 24 55 81 62 26 62 28 58
27 29 40 41 40 20 21 11 29 28
27 30 61 42 59 41 14 38 64 41
27 31 50 44 54 70 67 63 89 33
27 32 55 74 43 67 33 55 62 28
27 33 48 18 16 52 82 75 87 52
27 34 34 75 18 89 13 79 17 81
27 35 39 83 48 48 90 77 53 61
27 36 9 42 22 43 82 62 38 47
27 37 22 84 78 30 16 33 47 48
27 38 42 47 37 47 19 54 12 87
27 39 23 44 23 23 34 55 71 27
27 40 57 64 66 74 30 58 62 52
27 41 24 90 38 39 58 15 55 66
28 29 70 82 20 79 81 16 78 60
28 30 90 9 77 60 24 49 67 9
28 31 94 10 80 50 68 45 30 62
28 32 63 11 71 20 45 22 68 31
28 33 33 41 49 32 57 71 79 58
28 34 20 93 24 21 30 78 60 78
28 35 52 81 71 53 40 60 65 32
28 36 52 80 58 48 51 10 87 22
28 37 50 45 67 57 78 20 45 86
28 38 52 50 54 13 35 82 28 32
28 39 21 57 32 94 57 47 82 18
28 40 57 72 42 13 84 86 69 27
28 41 93 73 40 59 35 68 53 66
29 30 23 74 77 78 29 30 46 52
29 31 73 14 43 9 13 46 60 79
29 32 1 91 75 63 89 41 45 80
29 33 43 75 88 11 57 86 62 31
29 34 12 55 88 47 41 82 42 77
29 35 89 78 17 47 68 25 61 74
29 36 98 44 69 21 9 79 11 55
29 37 21 23 24 17 58 47 48 62
29 38 0 60 30 99 30 62 65 55
29 39 53 64 54 18 51 77 36 87
29 40 49 24 89 60 73 21 79 32
29 41 85 25 12 58 68 57 13 33
30 31 69 41 73 74 42 8 84 18
30 32 38 48 83 68 66 26 67 36
30 33 60 25 64 80 41 30 76 16
30 34 38 66 28 64 64 50 66 65
30 35 74 29 74 24 7 63 76 74
30 36 58 68 49 45 52 9 61 71
30 37 65 70 61 80 10 24 52 25
30 38 86 39 7 61 25 29 70 71
30 39 27 22 39 63 52 15 35 93
30 40 1 22 73 51 89 74 59 88
30 41 73 44 36 73 21 23 59 16
31 32 33 25 59 50 86 14 88 42
31 33 58 72 57 47 37 74 39 14
31 34 92 5 16 15 58 22 69 27
31 35 95 43 18 25 49 32 22 77
31 36 32 64 91 41 30 50 56 36
31 37 43 36 39 20 72 37 86 46
31 38 78 25 30 82 84 58 67 78
31 39 1 36 74 46 82 54 37 87
31 40 68 13 80 68 79 32 21 21
31 41 46 31 63 13 50 31 35 43
32 33 6 97 93 60 84 96 56 95
32 34 67 80 49 45 78 28 53 33
32 35 33 54 22 47 65 81 84 21
32 36 69 13 69 17 11 71 78 39
32 37 13 55 75 54 84 73 33 51
32 38 37 75 35 54 83 25 43 61
32 39 38 66 21 62 68 44 64 13
32 40 44 85 36 58 68 38 35 27
32 41 60 56 62 17 14 70 86 81
33 34 92 41 28 44 10 61 16 15
33 35 20 79 38 71 31 41 66 57
33 36 9 72 59 39 48 82 71 81
33 37 98 37 74 62 69 20 54 56
33 38 40 77 89 71 20 26 69 76
33 39 3 61 81 84 52 47 42 75
33 40 83 53 9 37 18 44 56 51
33 41 94 34 65 4 74 64 11 10
34 35 13 89 43 81 95 40 75 75
34 36 66 84 74 24 78 74 66 31
34 37 25 45 16 26 57 85 28 64
34 38 12 20 85 83 66 82 89 44
34 39 17 92 39 95 72 23 35 70
34 40 73 36 72 34 38 14 60 8
34 41 72 56 51 64 11 39 46 51
35 36 39 21 49 73 83 84 31 56
35 37 42 17 73 34 56 87 89 89
35 38 12 43 95 43 28 65 29 87
35 39 81 71 78 69 54 66 45 47
35 40 97 57 18 69 6 38 39 8
35 41 78 6 35 15 41 69 38 36
36 37 23 88 94 54 43 62 93 58
36 38 73 70 25 27 73 53 38 5
36 39 36 27 43 76 65 58 61 80
36 40 28 82 34 24 38 73 23 16
36 41 76 65 36 5 43 17 76 55
37 38 49 45 46 34 72 37 66 23
37 39 34 80 43 78 24 73 18 41
37 40 14 38 17 23 74 49 40 89
37 41 9 31 26 85 63 53 27 96
38 39 6 28 43 63 64 83 70 95
38 40 10 23 20 31 61 97 75 49
38 41 38 66 37 87 90 50 66 26
39 40 28 22 45 85 40 27 49 58
39 41 32 90 78 69 21 31 15 60
40 41 61 72 61 53 76 47 15 27
