7 8
0.2 0 0 0 0 0 0 0.8
0 1 58 38 49 37 38 41 39 42
0 2 65 38 37 34 32 41 31 34
0 3 89 15 19 9 14 18 9 17
0 4 95 14 8 15 13 10 17 15
0 5 13 75 80 83 83 78 74 78
0 6 7 80 83 92 79 92 85 80
1 2 63 35 37 34 40 44 34 44
1 3 77 20 24 31 26 28 23 21
1 4 13 85 79 74 80 85 86 86
1 5 52 52 49 42 55 44 42 50
1 6 39 57 62 64 56 62 53 66
2 3 52 53 48 48 54 44 49 48
2 4 60 33 37 44 36 33 34 40
2 5 70 38 29 35 36 29 35 33
2 6 36 57 63 56 62 56 63 54
3 4 31 66 68 71 64 72 62 63
3 5 39 54 66 51 54 66 61 63
3 6 27 73 64 68 75 62 74 69
4 5 3 83 92 93 86 93 91 85
4 6 90 14 10 19 15 9 17 22
5 6 28 72 66 74 71 68 64 61
