7 8
0.8 0 0 0 0 0 0 0.2
0 1 86 20 30 6 42 17 30 33
0 2 23 46 44 59 69 68 57 59
0 3 65 45 51 43 20 19 58 57
0 4 73 27 16 54 22 49 45 19
0 5 45 39 63 71 47 28 50 54
0 6 70 46 59 46 42 49 19 33
1 2 54 62 65 25 35 44 54 45
1 3 32 70 57 41 76 65 48 39
1 4 65 64 25 35 39 59 47 30
1 5 32 48 80 58 38 49 38 54
1 6 55 27 64 46 46 29 37 64
2 3 88 55 29 11 21 11 12 17
2 4 88 6 44 34 44 49 53 34
2 5 61 54 52 54 31 25 30 64
2 6 7 94 71 55 72 79 82 94
3 4 62 67 54 30 54 26 50 58
3 5 6 94 63 61 73 67 77 87
3 6 16 54 59 56 46 87 42 49
4 5 55 47 44 57 54 47 69 45
4 6 52 41 62 73 39 30 55 56
5 6 98 15 7 18 23 41 26 17
