
28310.25
28306.00
28315.00
28318.50
28316.00
28309.00
28309.25
28319.00
28305.75
28303.75
28303.50
28312.50
28297.50
28291.75
28292.50
28305.50
28322.00
28310.00
28303.50
28314.00
28313.00
28314.00
28313.25
28314.25
28315.75
28317.75
28315.75
28314.25
28307.00
28314.25

28283.50
28282.25
28266.25
28288.25
28269.75
28280.25
28272.25
28275.50
28271.00
28273.00
28276.00
28276.25
28273.25
28281.75
28277.75
28266.00
28282.25
28278.50
28275.25
28273.75
28266.25
28283.50
28278.00
28290.00
28278.75
28274.00
28278.75
28283.75
28269.25
28269.75
