12 8
0.6 0 0 0 0 0 0 0.4
0 1 52 58 53 47 55 50 54 45
0 2 20 20 22 24 20 21 19 23
0 3 16 20 15 18 23 27 21 15
0 4 1 12 2 6 5 6 12 9
0 5 73 74 73 71 69 66 63 76
0 6 73 77 71 69 76 73 73 72
0 7 45 41 42 42 52 46 49 39
0 8 17 18 15 28 23 25 28 26
0 9 30 30 29 33 29 27 34 36
0 10 14 20 22 17 26 20 21 16
0 11 82 71 75 70 81 80 85 80
1 2 38 45 42 37 43 41 46 36
1 3 28 25 34 27 35 37 30 29
1 4 53 52 57 51 52 55 53 56
1 5 55 50 60 51 53 56 60 49
1 6 12 24 19 23 15 11 12 11
1 7 32 39 27 42 31 37 36 33
1 8 86 82 77 88 86 86 81 75
1 9 7 16 6 7 8 13 6 12
1 10 12 14 12 13 10 17 10 15
1 11 65 64 68 65 69 56 62 63
2 3 27 30 29 34 27 31 32 26
2 4 43 50 40 49 43 37 47 50
2 5 35 32 37 35 32 37 35 32
2 6 87 79 83 83 88 79 79 88
2 7 9 14 19 21 10 12 15 15
2 8 80 70 77 76 69 69 81 81
2 9 57 50 56 49 49 57 59 55
2 10 44 40 44 46 48 46 44 47
2 11 91 89 84 85 87 79 88 89
3 4 54 57 59 54 59 47 47 59
3 5 9 14 11 14 12 11 10 18
3 6 29 39 27 36 36 36 35 31
3 7 15 27 20 25 12 24 17 23
3 8 67 58 68 62 61 67 66 62
3 9 34 41 35 30 42 37 38 41
3 10 65 61 58 62 68 70 59 68
3 11 80 79 81 76 70 73 73 76
4 5 92 83 80 80 85 83 88 85
4 6 0 10 8 5 12 6 2 10
4 7 79 78 70 74 67 79 74 73
4 8 11 23 13 11 16 22 14 22
4 9 71 67 69 72 75 65 62 73
4 10 94 93 87 82 88 89 88 80
4 11 84 79 83 75 76 83 78 78
5 6 85 84 79 86 84 76 75 77
5 7 61 64 56 66 61 55 59 60
5 8 16 24 22 17 21 14 28 22
5 9 29 36 38 31 26 25 31 33
5 10 30 28 25 32 27 37 38 34
5 11 85 82 74 78 75 83 85 85
6 7 74 64 67 72 68 77 66 67
6 8 73 72 63 62 70 67 67 76
6 9 99 86 90 87 98 93 85 89
6 10 28 36 27 36 35 29 30 37
6 11 8 18 17 15 22 21 10 14
7 8 85 75 76 87 86 80 77 75
7 9 29 33 33 35 28 33 36 31
7 10 69 59 67 72 61 71 71 67
7 11 33 38 37 34 40 36 36 39
8 9 14 21 14 25 22 20 18 19
8 10 27 26 26 30 34 34 35 30
8 11 10 12 22 12 21 9 9 19
9 10 1 12 8 6 2 1 7 1
9 11 35 32 43 37 37 39 40 38
10 11 87 78 87 78 87 87 77 80
