12 8
0.3 0 0 0 0 0 0 0.7
0 1 59 24 89 42 59 45 58 31
0 2 37 45 18 11 43 25 27 7
0 3 20 71 12 11 5 78 19 75
0 4 13 70 30 46 71 50 5 22
0 5 93 71 89 68 52 35 43 56
0 6 15 25 22 54 5 10 31 9
0 7 77 26 43 63 58 86 70 22
0 8 42 42 41 72 59 68 20 80
0 9 52 69 24 80 63 41 69 40
0 10 31 23 81 51 38 47 27 27
0 11 27 45 25 66 65 41 84 32
1 2 22 30 30 65 15 9 60 25
1 3 86 28 42 35 76 88 26 51
1 4 8 43 72 14 76 41 47 45
1 5 62 80 45 74 12 82 76 32
1 6 75 36 52 48 34 50 23 16
1 7 87 47 66 30 63 24 40 75
1 8 93 56 19 84 25 51 31 50
1 9 64 48 69 38 48 83 36 38
1 10 87 79 35 55 30 44 91 89
1 11 6 67 18 21 47 24 63 36
2 3 93 68 32 57 97 34 80 70
2 4 35 9 20 49 64 78 53 19
2 5 27 28 75 58 14 64 68 12
2 6 87 70 43 43 51 31 82 46
2 7 32 68 70 79 50 55 8 69
2 8 76 92 75 52 26 30 47 62
2 9 48 39 36 63 80 78 50 17
2 10 60 71 30 18 86 87 15 82
2 11 9 55 18 34 9 57 81 32
3 4 79 28 78 67 90 94 81 23
3 5 39 61 60 64 83 67 79 19
3 6 1 69 18 77 68 80 61 62
3 7 32 25 15 70 32 63 76 58
3 8 46 71 11 69 11 76 13 25
3 9 44 74 41 81 24 37 9 38
3 10 29 26 74 7 57 63 10 52
3 11 47 76 19 27 76 20 57 89
4 5 44 69 83 35 66 18 25 40
4 6 74 15 44 66 43 17 18 83
4 7 90 87 78 83 39 38 95 93
4 8 15 42 34 78 41 61 50 38
4 9 90 86 30 48 60 73 20 33
4 10 81 73 31 52 63 29 61 56
4 11 24 33 28 38 33 30 76 84
5 6 41 66 86 68 24 54 35 42
5 7 33 10 27 70 7 11 69 20
5 8 54 82 88 54 81 45 12 58
5 9 8 13 24 54 74 4 68 57
5 10 32 65 48 79 11 13 66 27
5 11 69 65 19 77 83 34 48 48
6 7 52 43 73 67 64 10 36 88
6 8 82 23 32 88 90 31 64 74
6 9 35 83 58 17 82 45 58 32
6 10 24 67 33 74 59 18 7 15
6 11 38 87 18 16 8 23 70 63
7 8 92 81 50 84 97 80 98 38
7 9 70 25 47 15 91 28 15 70
7 10 35 25 71 78 20 35 62 20
7 11 88 36 84 59 32 82 36 76
8 9 94 82 93 50 39 41 62 57
8 10 76 55 67 16 69 68 90 33
8 11 36 67 58 53 48 62 63 36
9 10 42 87 68 53 73 45 66 16
9 11 99 36 71 25 46 55 46 66
10 11 59 67 37 85 66 90 68 68
