20 8
0.7 0 0 0 0 0 0 0.3
0 1 33 31 43 40 37 42 39 42
0 2 44 40 52 38 45 49 41 50
0 3 87 88 81 85 78 79 82 76
0 4 89 81 83 79 78 85 81 84
0 5 3 7 10 4 17 7 5 10
0 6 30 31 27 26 32 34 39 33
0 7 93 91 83 91 85 90 93 79
0 8 84 81 79 81 83 82 85 78
0 9 78 78 70 74 71 69 67 73
0 10 78 70 76 74 76 81 75 67
0 11 28 32 25 31 35 33 34 28
0 12 35 32 31 35 34 35 34 38
0 13 33 32 30 28 34 33 32 38
0 14 91 84 91 89 91 90 82 80
0 15 39 44 35 39 48 42 46 35
0 16 98 86 92 91 88 86 85 90
0 17 48 51 50 47 41 42 49 53
0 18 93 85 91 94 86 89 83 82
0 19 53 52 57 51 58 57 55 52
1 2 6 9 15 18 16 17 16 12
1 3 14 14 24 23 13 20 12 17
1 4 94 88 94 91 93 90 81 83
1 5 91 82 83 78 91 84 86 88
1 6 45 46 43 39 42 52 47 41
1 7 71 73 67 75 64 63 62 63
1 8 30 29 39 35 27 37 37 35
1 9 24 21 25 22 27 28 34 23
1 10 57 62 59 55 52 52 59 51
1 11 70 74 68 71 64 67 65 69
1 12 90 81 79 89 89 90 85 77
1 13 61 61 63 55 60 55 57 61
1 14 60 65 64 52 56 56 56 62
1 15 32 32 38 41 42 34 35 39
1 16 20 22 25 29 22 22 26 24
1 17 62 60 56 53 65 61 64 59
1 18 11 15 14 21 15 23 12 18
1 19 65 64 58 61 70 58 59 64
2 3 62 56 55 59 66 58 67 57
2 4 2 8 7 16 11 7 1 16
2 5 17 23 20 17 24 16 27 26
2 6 22 28 32 33 26 31 25 26
2 7 4 8 8 13 11 13 13 9
2 8 83 84 82 82 81 72 85 74
2 9 92 83 85 93 91 92 91 86
2 10 1 11 1 12 11 7 15 15
2 11 41 48 40 45 41 44 40 42
2 12 34 30 30 31 34 34 35 40
2 13 17 25 24 15 22 29 21 24
2 14 12 19 19 24 14 25 13 11
2 15 18 19 20 26 19 21 17 19
2 16 1 16 4 6 8 4 4 10
2 17 50 45 49 55 49 42 45 55
2 18 8 12 21 16 15 13 17 20
2 19 59 59 59 57 52 56 62 54
3 4 32 33 28 38 39 31 36 32
3 5 8 9 9 9 8 21 13 8
3 6 59 53 55 58 52 60 56 59
3 7 59 52 64 58 57 64 63 60
3 8 53 51 55 57 54 60 48 53
3 9 72 74 61 74 67 62 75 69
3 10 23 32 29 34 22 25 33 21
3 11 93 82 93 88 82 90 90 94
3 12 62 59 53 56 58 61 54 62
3 13 51 45 46 46 48 52 55 51
3 14 53 47 58 53 57 49 46 57
3 15 2 5 14 12 2 5 5 2
3 16 59 55 60 58 55 62 60 64
3 17 1 5 9 3 4 10 3 9
3 18 63 56 57 61 59 60 61 59
3 19 89 88 82 79 80 85 82 82
4 5 14 22 24 13 23 12 26 20
4 6 7 19 15 9 17 20 17 20
4 7 58 53 50 50 51 61 56 52
4 8 26 34 32 25 34 25 30 31
4 9 85 78 84 76 84 80 84 85
4 10 28 33 34 35 29 33 29 32
4 11 50 44 53 56 50 43 55 51
4 12 39 37 46 42 33 40 44 37
4 13 41 37 47 38 42 35 37 46
4 14 76 69 77 74 75 72 76 65
4 15 11 24 16 16 17 15 17 12
4 16 62 56 67 62 54 57 59 57
4 17 10 19 9 11 9 9 10 22
4 18 41 44 47 41 39 37 35 36
4 19 42 37 50 42 38 39 44 38
5 6 98 92 85 94 83 84 85 93
5 7 44 47 38 44 52 44 42 39
5 8 94 83 92 87 87 87 93 93
5 9 11 10 14 12 24 18 24 14
5 10 78 78 69 69 76 68 79 66
5 11 34 36 36 36 37 39 38 43
5 12 50 52 47 48 45 55 56 51
5 13 84 85 79 83 74 81 72 80
5 14 66 62 64 70 69 70 64 70
5 15 20 29 21 31 30 30 22 28
5 16 57 54 55 60 52 61 62 56
5 17 61 55 53 66 60 58 54 57
5 18 8 10 15 8 9 8 21 14
5 19 94 94 84 83 84 80 83 90
6 7 95 84 88 86 90 91 91 94
6 8 33 43 30 43 41 36 34 33
6 9 62 53 62 67 68 64 58 64
6 10 2 13 11 5 5 3 16 7
6 11 17 28 28 21 19 28 25 17
6 12 82 72 78 73 79 83 72 77
6 13 81 81 76 71 78 79 84 75
6 14 60 55 65 56 60 55 54 64
6 15 63 56 65 67 55 64 62 54
6 16 41 46 44 45 36 41 47 39
6 17 43 46 50 50 45 49 51 51
6 18 74 77 78 75 76 70 76 65
6 19 3 12 8 10 6 15 15 16
7 8 44 37 48 41 48 48 46 46
7 9 99 95 95 93 87 87 98 99
7 10 65 64 70 58 58 68 67 64
7 11 74 68 69 64 69 70 63 70
7 12 84 84 78 83 78 85 77 74
7 13 43 40 42 47 37 39 40 38
7 14 55 56 57 47 55 56 59 57
7 15 33 40 31 39 29 42 37 35
7 16 94 83 86 91 87 87 93 82
7 17 20 19 18 21 21 20 31 29
7 18 2 5 16 13 4 11 15 6
7 19 56 60 55 51 61 48 59 53
8 9 6 12 15 11 16 8 8 19
8 10 1 8 10 9 13 16 11 6
8 11 56 57 55 59 50 55 49 50
8 12 61 64 61 65 64 58 58 58
8 13 51 47 46 48 57 52 54 48
8 14 6 12 10 8 17 18 12 14
8 15 13 21 18 20 18 14 12 20
8 16 25 34 35 24 27 34 36 23
8 17 18 22 17 25 28 29 27 19
8 18 77 77 75 77 67 72 78 69
8 19 35 34 32 42 37 40 43 33
9 10 18 27 25 24 28 18 18 29
9 11 10 17 23 22 22 9 21 18
9 12 24 28 23 32 26 33 27 21
9 13 90 87 84 78 84 80 90 89
9 14 12 21 16 21 11 10 20 11
9 15 32 32 41 36 34 32 36 40
9 16 87 81 85 85 74 87 75 88
9 17 74 64 72 73 67 76 77 69
9 18 53 56 51 59 52 53 47 59
9 19 64 64 67 64 69 65 57 67
10 11 79 71 72 72 72 67 76 72
10 12 16 28 15 21 16 27 16 19
10 13 32 27 30 32 31 38 35 33
10 14 29 36 29 38 36 29 28 25
10 15 72 70 67 61 74 70 69 61
10 16 22 32 20 24 21 24 25 24
10 17 97 85 91 83 87 85 97 97
10 18 90 88 89 77 84 88 79 91
10 19 90 81 78 87 79 87 88 90
11 12 56 61 56 59 54 50 61 59
11 13 74 69 77 66 65 71 67 74
11 14 30 27 29 35 40 29 30 40
11 15 78 76 73 81 71 74 79 76
11 16 18 28 17 16 23 28 26 29
11 17 40 35 36 35 36 42 47 43
11 18 11 17 10 23 10 12 14 21
11 19 14 21 18 26 23 18 15 21
12 13 76 73 78 68 79 68 65 67
12 14 45 46 53 41 46 41 41 44
12 15 93 84 81 84 80 81 92 87
12 16 37 38 33 34 32 35 46 44
12 17 17 17 20 17 17 16 27 28
12 18 84 72 77 72 80 75 82 72
12 19 15 20 19 19 14 18 27 21
13 14 85 79 85 76 81 75 82 81
13 15 29 38 39 27 38 26 31 32
13 16 23 20 30 22 24 32 31 33
13 17 74 63 75 75 78 76 67 75
13 18 48 46 51 56 53 42 50 51
13 19 5 7 7 5 7 17 18 16
14 15 36 43 31 41 39 36 41 39
14 16 82 79 82 70 79 74 75 85
14 17 73 74 71 66 66 65 72 67
14 18 52 58 48 56 59 52 46 56
14 19 64 64 58 56 61 58 62 55
15 16 35 31 37 42 32 41 38 35
15 17 75 74 71 67 78 70 74 72
15 18 23 24 33 29 25 27 34 27
15 19 10 23 10 13 9 16 11 18
16 17 79 68 70 80 81 68 82 75
16 18 5 18 14 12 13 10 12 16
16 19 35 39 44 32 43 32 42 34
17 18 66 65 58 66 67 57 58 61
17 19 23 21 31 25 30 34 22 21
18 19 16 17 16 22 20 25 22 20
