22 8
0.7 0 0 0 0 0 0 0.3
0 1 98 98 95 86 91 98 93 89
0 2 20 23 17 23 22 28 19 20
0 3 8 20 13 11 19 13 8 16
0 4 0 15 9 13 8 7 15 15
0 5 54 56 60 58 56 48 46 54
0 6 29 38 27 30 29 28 25 30
0 7 84 80 81 73 77 77 86 81
0 8 99 97 98 98 86 95 87 87
0 9 91 90 88 85 79 82 86 82
0 10 46 39 46 50 40 53 43 49
0 11 13 22 14 23 11 24 23 22
0 12 99 98 87 96 97 95 96 90
0 13 96 95 84 91 97 97 92 83
0 14 94 90 91 82 87 92 87 85
0 15 29 29 36 35 27 39 33 33
0 16 3 4 10 8 13 10 3 8
0 17 29 30 36 26 38 35 33 39
0 18 32 36 28 32 28 39 28 35
0 19 19 27 28 28 30 31 17 30
0 20 88 84 78 84 85 76 81 78
0 21 16 19 16 25 20 24 25 13
1 2 32 32 37 28 29 29 37 32
1 3 77 70 77 78 73 76 79 67
1 4 76 72 72 65 65 74 73 74
1 5 56 53 53 48 62 49 52 52
1 6 20 30 28 29 19 24 17 28
1 7 32 29 39 38 35 31 40 38
1 8 20 17 22 18 30 27 28 24
1 9 87 87 80 87 81 81 87 78
1 10 32 30 34 29 40 32 32 38
1 11 26 28 27 33 30 23 29 28
1 12 52 50 53 58 53 54 45 55
1 13 32 35 28 41 38 42 37 28
1 14 39 47 46 48 48 39 46 47
1 15 8 19 7 18 21 20 12 7
1 16 21 30 26 25 19 26 26 24
1 17 95 84 89 87 90 93 88 87
1 18 5 8 14 6 7 10 17 7
1 19 80 72 69 70 78 78 77 83
1 20 24 27 27 24 23 32 27 30
1 21 71 63 71 61 73 70 68 70
2 3 92 91 89 82 80 87 78 82
2 4 23 30 25 30 26 29 26 21
2 5 52 55 53 59 59 57 58 47
2 6 26 35 24 34 28 27 22 24
2 7 75 78 73 70 77 71 74 72
2 8 2 1 3 14 2 1 6 16
2 9 15 20 13 18 26 21 16 24
2 10 72 74 67 72 62 76 64 62
2 11 57 60 51 63 60 56 59 58
2 12 95 94 89 87 89 81 88 84
2 13 86 81 86 88 86 78 82 78
2 14 36 33 41 36 41 34 34 44
2 15 16 28 14 28 24 19 24 25
2 16 71 66 60 69 67 62 61 65
2 17 68 71 59 62 60 61 69 67
2 18 97 91 83 95 87 84 93 95
2 19 66 65 63 62 70 62 69 62
2 20 5 16 17 9 5 11 12 14
2 21 65 68 67 70 64 58 62 56
3 4 24 32 24 25 33 23 21 30
3 5 25 26 27 34 23 36 29 24
3 6 90 84 82 89 81 92 77 78
3 7 19 23 23 20 27 28 28 28
3 8 24 35 21 22 21 34 31 22
3 9 11 9 13 13 23 14 20 15
3 10 4 5 8 10 9 14 4 5
3 11 77 79 73 79 75 68 75 70
3 12 44 41 44 52 45 47 42 46
3 13 14 20 13 21 25 22 20 16
3 14 47 44 50 41 41 44 51 43
3 15 71 73 74 60 66 63 67 69
3 16 48 50 49 53 42 48 42 47
3 17 37 39 39 44 46 44 36 40
3 18 64 64 60 59 65 59 58 69
3 19 64 63 57 66 60 61 63 56
3 20 24 28 29 34 26 21 33 35
3 21 61 63 53 52 62 52 58 60
4 5 89 80 89 81 84 76 84 78
4 6 7 19 21 18 20 13 18 20
4 7 75 70 71 66 67 78 72 64
4 8 60 59 64 65 51 56 55 61
4 9 39 44 34 44 33 44 44 33
4 10 39 39 37 36 42 48 45 36
4 11 93 84 90 87 93 93 93 80
4 12 83 78 76 72 84 76 83 76
4 13 19 23 26 29 28 22 17 30
4 14 80 80 83 78 71 69 82 81
4 15 16 17 20 28 20 17 28 17
4 16 64 58 61 61 59 66 58 67
4 17 27 27 23 35 34 33 32 34
4 18 73 64 69 63 67 64 71 72
4 19 0 15 6 8 14 2 12 5
4 20 10 15 9 11 17 22 22 23
4 21 4 13 7 18 14 10 10 11
5 6 39 46 45 35 43 41 45 38
5 7 58 54 64 53 54 51 58 58
5 8 32 27 29 28 28 32 37 28
5 9 58 51 60 63 52 63 62 56
5 10 82 80 81 75 74 74 78 71
5 11 91 82 82 83 90 82 84 90
5 12 20 26 29 20 17 24 31 23
5 13 68 69 60 59 73 60 63 68
5 14 13 17 23 12 25 17 16 20
5 15 45 48 40 40 39 43 46 51
5 16 43 49 46 40 41 45 47 39
5 17 47 51 54 53 48 45 50 50
5 18 98 89 95 84 85 87 84 93
5 19 50 51 51 52 45 47 55 54
5 20 95 85 85 83 88 84 91 85
5 21 59 64 51 52 63 60 55 51
6 7 90 78 83 86 88 87 92 80
6 8 47 43 55 46 43 48 47 42
6 9 0 2 2 0 13 5 3 13
6 10 26 37 31 28 35 28 35 27
6 11 41 48 41 49 38 47 47 44
6 12 35 37 34 36 33 41 32 36
6 13 1 13 13 5 15 7 2 3
6 14 12 15 13 20 21 22 23 25
6 15 96 86 90 87 84 86 85 96
6 16 29 33 37 29 28 39 27 28
6 17 64 68 63 64 58 58 69 64
6 18 79 80 82 80 71 73 72 75
6 19 78 79 78 77 70 68 67 66
6 20 17 19 25 19 27 24 24 26
6 21 40 41 41 40 38 38 38 49
7 8 46 50 49 47 47 41 42 46
7 9 12 14 22 11 25 19 13 22
7 10 49 50 42 56 47 43 47 50
7 11 34 33 41 34 31 42 42 42
7 12 31 27 29 41 34 37 36 33
7 13 34 40 29 29 41 31 30 32
7 14 54 51 61 50 57 54 56 48
7 15 42 50 48 42 43 42 43 51
7 16 64 66 61 68 58 54 64 69
7 17 6 7 7 7 18 18 9 5
7 18 48 52 51 53 48 44 43 50
7 19 63 61 54 66 66 64 57 59
7 20 45 51 49 42 44 47 42 41
7 21 85 85 85 84 78 86 84 83
8 9 85 72 73 83 83 73 83 82
8 10 20 19 24 28 32 24 26 26
8 11 75 72 71 72 73 69 70 74
8 12 53 57 47 59 55 59 58 53
8 13 96 85 85 89 88 87 91 96
8 14 68 71 67 72 59 59 69 71
8 15 58 52 61 62 51 50 56 54
8 16 93 89 86 90 82 89 94 94
8 17 67 67 68 61 59 71 62 58
8 18 58 62 51 53 49 58 60 56
8 19 39 38 41 34 42 46 41 41
8 20 93 87 90 91 92 81 93 86
8 21 77 80 77 74 78 67 76 75
9 10 50 55 45 52 43 44 43 43
9 11 9 10 19 14 11 8 22 17
9 12 17 19 19 15 23 18 25 25
9 13 48 42 43 46 41 51 47 49
9 14 43 44 47 39 51 43 50 51
9 15 21 22 27 23 20 24 24 22
9 16 35 36 40 31 31 30 36 41
9 17 6 8 6 17 16 9 17 19
9 18 6 9 15 17 12 19 15 17
9 19 86 77 85 84 76 84 76 85
9 20 36 33 40 32 39 40 45 45
9 21 51 51 44 53 57 48 44 54
10 11 50 46 51 51 45 50 52 46
10 12 20 18 28 19 22 29 31 20
10 13 27 24 31 35 31 26 28 30
10 14 75 67 69 67 66 75 67 66
10 15 13 23 23 18 26 15 17 17
10 16 31 32 35 39 30 30 28 37
10 17 45 44 47 52 53 48 47 47
10 18 40 37 47 42 45 49 37 42
10 19 4 9 9 18 15 5 13 14
10 20 47 46 40 40 51 52 44 46
10 21 46 50 43 47 52 50 50 50
11 12 79 81 73 82 68 81 69 70
11 13 95 95 91 88 82 95 86 81
11 14 70 66 66 69 62 71 62 72
11 15 32 37 39 39 34 37 39 37
11 16 48 52 42 56 43 46 49 53
11 17 78 68 77 68 74 71 79 81
11 18 1 10 9 9 10 14 9 5
11 19 67 69 69 57 66 66 62 69
11 20 25 30 26 33 28 32 27 24
11 21 63 59 66 57 57 65 58 66
12 13 94 82 92 89 93 94 89 84
12 14 77 77 72 73 67 75 74 72
12 15 90 85 89 78 77 85 88 91
12 16 4 6 18 18 9 15 11 13
12 17 14 13 18 20 21 15 14 23
12 18 60 55 64 66 55 56 53 63
12 19 5 10 19 15 15 5 19 18
12 20 47 54 50 50 50 52 41 49
12 21 39 47 37 48 46 43 42 39
13 14 10 19 10 21 18 15 23 13
13 15 22 20 32 20 19 27 27 32
13 16 31 29 37 38 37 30 27 31
13 17 21 29 20 24 26 33 21 22
13 18 33 30 35 34 32 30 38 33
13 19 67 71 58 60 64 62 70 65
13 20 12 14 19 16 14 20 12 24
13 21 5 6 8 7 6 16 18 12
14 15 91 82 87 85 84 82 78 91
14 16 72 71 68 68 74 65 76 64
14 17 99 84 87 98 98 94 93 88
14 18 19 19 26 25 28 22 22 25
14 19 84 81 82 80 74 76 75 79
14 20 88 82 84 84 88 80 88 84
14 21 99 88 93 93 88 87 85 94
15 16 0 9 5 4 2 10 4 12
15 17 72 69 65 70 74 73 71 70
15 18 74 70 66 68 78 68 71 74
15 19 73 64 64 70 63 74 76 69
15 20 4 15 7 8 10 18 17 9
15 21 29 38 28 31 28 30 36 32
16 17 68 60 67 69 65 66 64 73
16 18 53 47 53 59 57 54 49 45
16 19 46 46 53 43 53 39 42 41
16 20 59 64 57 54 59 55 57 55
16 21 98 84 88 93 98 95 92 91
17 18 86 86 73 86 76 85 79 75
17 19 59 58 63 56 55 59 57 65
17 20 13 13 11 14 18 22 17 21
17 21 93 86 93 83 81 85 80 88
18 19 77 76 75 73 67 80 67 74
18 20 22 23 33 25 24 29 32 21
18 21 6 13 10 7 6 9 5 18
19 20 4 6 17 16 10 17 9 15
19 21 84 84 80 79 83 83 73 76
20 21 50 50 50 55 57 46 52 52
