25 8
0.4 0 0 0 0 0 0 0.6
0 1 70 51 69 36 60 72 57 83
0 2 61 61 61 39 28 87 30 23
0 3 29 54 73 70 22 68 62 77
0 4 15 30 69 21 48 67 28 18
0 5 7 5 10 76 13 35 61 77
0 6 28 52 50 52 12 77 32 23
0 7 94 98 38 42 65 23 43 94
0 8 28 70 56 57 61 76 23 31
0 9 11 66 6 77 63 59 57 11
0 10 26 27 22 20 38 5 36 42
0 11 57 46 81 40 65 79 59 27
0 12 98 87 68 65 54 25 71 32
0 13 35 34 80 67 76 9 71 27
0 14 20 76 66 51 8 46 25 10
0 15 13 22 50 21 61 21 69 20
0 16 15 70 53 42 4 12 69 57
0 17 49 52 82 63 12 25 57 26
0 18 73 17 38 28 79 68 29 78
0 19 99 97 78 73 64 83 89 59
0 20 32 28 8 63 35 55 29 70
0 21 0 36 3 11 26 61 62 10
0 22 54 62 17 17 84 38 81 87
0 23 35 77 19 7 83 37 35 19
0 24 4 52 54 18 57 53 58 22
1 2 34 55 12 16 33 38 51 31
1 3 80 26 90 64 46 23 42 81
1 4 81 53 83 93 25 51 22 37
1 5 24 44 49 43 56 6 78 30
1 6 48 10 44 31 45 62 58 68
1 7 69 33 38 30 16 82 54 46
1 8 37 36 71 47 29 35 61 85
1 9 82 71 93 93 48 72 87 76
1 10 94 81 53 33 67 68 93 60
1 11 82 45 86 95 27 79 60 34
1 12 61 39 32 66 28 43 48 35
1 13 15 8 47 68 54 32 62 35
1 14 2 22 47 7 37 36 49 55
1 15 65 41 83 57 33 82 42 59
1 16 44 54 73 14 15 16 58 44
1 17 63 71 60 65 27 80 76 76
1 18 73 20 42 46 89 59 93 83
1 19 8 25 78 72 5 44 10 64
1 20 38 8 58 74 29 27 56 85
1 21 93 96 55 21 53 47 40 24
1 22 0 31 66 50 2 74 29 4
1 23 20 61 30 42 58 48 58 71
1 24 19 38 65 7 38 63 32 41
2 3 18 46 48 38 15 56 48 58
2 4 82 94 67 26 67 58 22 35
2 5 92 78 53 76 89 28 97 89
2 6 34 21 73 77 42 57 13 27
2 7 36 7 50 27 62 73 32 47
2 8 14 70 33 15 73 39 80 49
2 9 41 38 54 69 81 11 46 52
2 10 4 38 33 45 28 14 4 52
2 11 7 64 58 66 55 76 79 19
2 12 3 2 69 25 38 12 43 27
2 13 36 33 47 21 18 50 37 68
2 14 79 35 61 19 58 46 28 70
2 15 0 42 64 35 67 30 58 72
2 16 97 94 57 30 82 96 81 55
2 17 92 26 96 59 32 95 77 42
2 18 29 73 79 53 18 32 67 37
2 19 64 20 84 19 87 32 37 59
2 20 77 75 37 48 19 71 74 61
2 21 67 91 54 42 75 66 91 50
2 22 9 56 4 79 22 2 37 9
2 23 23 60 69 7 35 46 66 55
2 24 60 82 79 19 83 71 45 60
3 4 95 72 58 29 25 42 80 95
3 5 80 95 35 65 68 31 24 71
3 6 0 31 36 29 47 71 41 18
3 7 92 61 85 81 20 20 86 44
3 8 9 38 44 64 81 60 55 45
3 9 86 48 44 78 24 88 55 37
3 10 37 56 11 22 22 55 62 24
3 11 46 88 62 73 56 35 42 31
3 12 65 53 62 45 38 34 90 57
3 13 49 29 89 80 79 10 85 69
3 14 33 56 75 36 60 76 55 21
3 15 34 9 21 18 26 60 68 73
3 16 1 59 76 70 44 72 75 60
3 17 51 23 59 35 78 65 65 40
3 18 5 8 33 11 75 42 12 68
3 19 21 42 8 36 52 38 81 65
3 20 19 62 38 15 68 73 53 67
3 21 93 59 81 68 65 31 60 91
3 22 58 35 83 79 34 47 12 77
3 23 55 37 41 31 78 89 89 12
3 24 79 25 81 86 53 29 71 36
4 5 4 10 71 29 21 3 28 59
4 6 26 43 82 21 45 9 12 56
4 7 31 65 74 49 25 8 45 61
4 8 47 52 71 57 76 81 84 82
4 9 15 36 42 78 9 70 78 40
4 10 24 68 16 57 33 48 23 72
4 11 37 22 77 31 17 49 49 43
4 12 10 30 61 8 77 73 33 4
4 13 91 55 68 66 39 23 72 39
4 14 46 75 77 20 11 76 72 46
4 15 53 81 66 33 76 29 32 67
4 16 93 41 61 29 86 41 42 70
4 17 45 43 42 40 53 70 34 28
4 18 79 21 35 41 26 91 37 62
4 19 75 27 93 72 73 56 47 16
4 20 69 89 37 35 78 20 67 22
4 21 50 29 88 47 75 87 28 53
4 22 51 38 64 18 30 49 87 75
4 23 70 81 50 81 55 26 55 51
4 24 11 77 48 47 43 57 81 58
5 6 60 62 42 89 72 40 88 70
5 7 97 67 92 61 46 35 64 58
5 8 51 52 68 55 41 36 84 82
5 9 30 36 49 11 45 36 9 53
5 10 92 72 84 68 49 42 98 25
5 11 80 53 53 60 43 51 85 20
5 12 92 88 21 62 65 31 22 92
5 13 72 37 33 92 70 25 86 76
5 14 68 73 26 20 29 50 30 15
5 15 42 65 29 60 25 20 58 17
5 16 81 63 80 86 80 73 30 82
5 17 59 38 41 91 62 63 17 70
5 18 62 27 24 27 79 19 88 48
5 19 55 30 54 79 36 76 13 42
5 20 38 71 11 38 16 77 7 50
5 21 9 36 46 25 30 73 58 26
5 22 65 72 58 30 16 64 90 65
5 23 99 38 20 46 78 53 81 99
5 24 91 54 77 90 82 74 73 51
6 7 68 32 71 87 90 68 31 79
6 8 54 85 41 15 34 20 66 56
6 9 57 33 52 77 77 58 27 89
6 10 24 75 7 26 47 57 71 7
6 11 80 25 72 49 29 31 89 79
6 12 79 91 78 32 81 91 74 82
6 13 40 9 23 86 65 71 67 57
6 14 7 13 9 10 30 42 27 70
6 15 1 37 37 54 22 14 72 22
6 16 4 67 34 40 6 53 58 55
6 17 16 54 68 6 28 12 59 48
6 18 86 44 43 57 72 31 86 70
6 19 11 81 62 71 18 74 46 79
6 20 22 66 20 45 34 25 40 5
6 21 44 40 20 51 43 27 50 42
6 22 96 50 76 75 40 24 80 65
6 23 49 68 15 32 24 26 69 17
6 24 64 80 49 81 30 48 48 36
7 8 26 12 79 7 69 12 75 13
7 9 57 37 17 66 88 81 65 24
7 10 75 87 90 65 18 70 55 57
7 11 80 54 96 80 74 44 78 53
7 12 22 53 5 16 80 41 58 62
7 13 42 55 51 62 69 56 47 67
7 14 10 77 43 25 39 28 65 52
7 15 4 34 64 25 3 70 71 77
7 16 23 8 52 6 17 8 37 16
7 17 42 15 18 15 35 51 84 14
7 18 79 26 62 30 34 50 69 92
7 19 3 58 53 50 26 76 14 50
7 20 52 38 61 57 27 60 55 49
7 21 5 10 59 12 31 29 21 78
7 22 75 34 84 75 84 29 87 33
7 23 83 50 70 28 43 50 52 32
7 24 4 37 59 26 11 37 38 34
8 9 59 12 65 67 68 12 65 42
8 10 94 84 86 25 62 53 97 56
8 11 12 74 63 23 48 67 61 32
8 12 70 38 17 73 59 68 84 71
8 13 82 48 79 86 30 93 58 66
8 14 30 51 28 77 12 25 53 25
8 15 63 90 81 75 73 38 32 19
8 16 73 18 38 92 43 50 93 56
8 17 47 54 18 86 37 26 85 51
8 18 70 83 81 92 66 36 93 83
8 19 2 13 53 0 72 12 3 59
8 20 97 70 23 25 34 56 83 78
8 21 31 60 35 28 9 24 71 54
8 22 10 22 34 27 51 34 43 26
8 23 50 30 53 28 49 19 47 52
8 24 26 23 80 50 75 36 17 74
9 10 9 8 17 55 59 16 4 17
9 11 98 55 31 69 50 51 21 32
9 12 69 35 77 35 62 65 49 75
9 13 70 34 83 85 52 93 35 60
9 14 15 49 49 69 70 23 72 52
9 15 27 63 49 84 38 81 35 41
9 16 39 18 42 35 28 75 7 24
9 17 22 79 26 78 10 27 36 39
9 18 30 72 70 8 23 83 29 19
9 19 99 45 93 26 69 89 78 46
9 20 59 35 62 50 13 27 18 85
9 21 50 89 86 22 70 68 74 43
9 22 95 74 90 74 24 42 69 79
9 23 8 19 16 76 32 31 16 15
9 24 77 62 62 88 87 18 49 73
10 11 66 62 39 81 46 28 78 42
10 12 27 41 52 62 79 18 28 84
10 13 87 47 85 94 24 71 36 31
10 14 79 82 84 62 89 70 88 43
10 15 80 24 26 30 92 87 20 65
10 16 54 70 90 52 64 43 65 70
10 17 68 47 19 93 30 14 47 80
10 18 37 16 22 49 10 26 43 42
10 19 60 89 48 78 64 90 76 46
10 20 26 23 31 76 12 77 12 56
10 21 93 23 69 32 59 65 67 54
10 22 36 70 49 44 33 24 56 44
10 23 51 26 56 63 18 19 63 78
10 24 42 18 58 10 74 39 65 25
11 12 49 14 63 12 15 50 77 24
11 13 40 8 17 10 24 8 16 58
11 14 37 38 7 35 37 74 80 23
11 15 45 63 86 77 15 30 52 58
11 16 34 41 82 52 43 61 71 52
11 17 21 8 47 71 16 47 30 61
11 18 57 54 55 16 45 75 79 79
11 19 82 43 56 79 64 48 38 75
11 20 88 57 90 21 44 83 34 50
11 21 26 20 9 45 32 16 25 41
11 22 95 51 59 61 30 20 72 31
11 23 51 15 65 81 42 73 75 46
11 24 72 47 15 92 57 72 55 32
12 13 73 68 37 68 51 42 74 84
12 14 60 82 75 14 20 43 53 52
12 15 58 64 75 26 90 31 35 61
12 16 12 5 57 17 40 55 17 22
12 17 62 32 17 79 51 43 14 74
12 18 17 37 69 67 9 17 79 64
12 19 40 66 14 87 81 40 25 20
12 20 11 24 26 74 56 17 75 54
12 21 34 54 13 51 24 81 47 81
12 22 69 47 20 64 74 65 79 80
12 23 92 34 47 64 68 71 76 37
12 24 31 49 39 46 67 47 19 84
13 14 33 29 75 32 49 23 74 17
13 15 22 14 77 52 29 58 67 41
13 16 53 77 38 24 60 60 55 15
13 17 85 47 39 78 92 72 69 67
13 18 38 22 66 65 25 13 68 18
13 19 40 13 66 20 9 84 80 61
13 20 6 7 14 17 23 9 79 53
13 21 68 60 38 18 78 79 62 23
13 22 55 37 58 22 46 89 70 60
13 23 79 94 61 32 71 20 84 37
13 24 47 88 46 15 87 88 84 17
14 15 9 57 50 26 19 2 73 63
14 16 25 53 45 59 42 12 37 25
14 17 99 29 92 23 30 98 95 43
14 18 44 25 57 11 31 12 47 85
14 19 53 23 32 41 78 83 77 66
14 20 10 58 8 53 33 11 81 50
14 21 90 70 33 61 52 25 75 29
14 22 84 21 44 21 36 43 65 59
14 23 42 64 15 28 83 20 24 55
14 24 30 77 37 83 72 38 17 59
15 16 78 78 34 46 44 81 24 59
15 17 95 61 88 91 43 55 78 97
15 18 82 87 25 87 43 60 57 64
15 19 14 12 64 22 48 76 24 43
15 20 42 73 69 69 64 62 81 33
15 21 3 48 70 51 44 46 65 51
15 22 65 69 43 26 43 77 30 53
15 23 94 37 48 94 36 95 95 71
15 24 18 58 62 21 58 35 27 60
16 17 40 83 14 57 75 76 68 54
16 18 82 70 73 24 94 25 51 19
16 19 54 25 71 74 42 28 15 73
16 20 3 25 37 48 72 39 28 11
16 21 23 56 50 58 68 45 25 54
16 22 3 34 28 49 46 67 17 27
16 23 30 47 49 28 82 85 36 78
16 24 49 19 86 86 73 43 58 39
17 18 54 70 76 81 50 56 75 69
17 19 43 86 27 59 48 29 54 85
17 20 39 10 14 65 74 59 65 39
17 21 89 54 36 29 55 84 21 66
17 22 81 37 58 42 20 94 23 59
17 23 3 23 45 11 70 17 28 48
17 24 54 35 47 63 88 33 35 62
18 19 46 26 65 82 71 85 89 24
18 20 19 6 75 43 26 55 77 39
18 21 13 59 41 26 4 24 45 38
18 22 70 18 45 27 85 47 92 84
18 23 8 5 75 28 9 49 35 14
18 24 27 32 19 79 75 62 16 8
19 20 49 52 10 36 56 73 34 75
19 21 7 16 48 4 64 14 18 57
19 22 48 15 38 31 43 18 88 68
19 23 61 71 77 31 24 43 48 81
19 24 48 25 17 41 28 14 47 68
20 21 52 22 79 76 85 63 77 15
20 22 41 54 58 11 39 17 17 87
20 23 22 63 59 54 27 29 53 50
20 24 10 44 22 50 72 6 64 26
21 22 55 81 82 59 57 57 65 73
21 23 53 49 21 87 89 35 59 30
21 24 60 66 31 32 59 65 58 23
22 23 72 46 88 66 88 71 59 47
22 24 61 25 27 47 88 82 77 14
23 24 34 39 31 65 15 85 25 12
