30 8
0.6 0 0 0 0 0 0 0.4
0 1 72 53 85 86 72 46 55 45
0 2 6 16 27 25 48 31 20 44
0 3 44 36 60 44 48 31 23 50
0 4 60 50 69 74 51 68 49 50
0 5 88 90 69 87 91 85 60 58
0 6 47 39 56 71 34 33 58 71
0 7 60 58 56 34 48 68 62 41
0 8 70 40 61 84 63 58 44 44
0 9 51 42 37 71 55 48 75 66
0 10 55 28 49 63 52 68 43 38
0 11 96 89 84 91 60 64 89 48
0 12 24 36 30 31 30 44 45 32
0 13 89 69 46 86 88 54 48 81
0 14 80 75 48 65 74 61 70 72
0 15 40 22 68 22 33 66 65 37
0 16 26 57 46 45 28 22 31 39
0 17 58 42 70 61 78 59 32 42
0 18 18 10 11 44 19 55 42 33
0 19 37 37 38 48 32 52 68 59
0 20 46 26 57 65 47 34 36 49
0 21 52 31 52 68 65 61 32 54
0 22 38 31 37 42 28 38 68 45
0 23 1 32 24 46 11 4 33 14
0 24 42 54 39 24 61 35 63 61
0 25 74 84 56 53 45 51 86 65
0 26 41 43 49 55 27 58 24 32
0 27 46 71 24 41 53 41 59 38
0 28 57 39 63 55 70 72 30 44
0 29 47 55 59 63 62 65 60 50
1 2 86 49 58 65 91 62 44 76
1 3 32 51 42 19 54 52 34 49
1 4 35 43 48 49 21 46 65 48
1 5 22 14 36 47 22 28 41 13
1 6 51 33 52 74 57 63 72 38
1 7 7 51 22 49 49 11 38 10
1 8 30 23 63 16 39 23 25 16
1 9 8 15 41 5 16 10 6 26
1 10 62 69 66 55 65 70 42 69
1 11 49 51 44 28 26 27 63 69
1 12 65 52 40 73 82 77 33 41
1 13 49 71 27 53 44 47 29 70
1 14 57 60 42 63 71 52 31 74
1 15 55 70 55 40 61 42 72 54
1 16 65 48 71 79 34 66 56 58
1 17 90 55 75 74 70 81 46 54
1 18 0 15 45 19 47 18 28 37
1 19 18 41 54 22 40 47 11 58
1 20 51 72 71 29 42 55 75 27
1 21 47 45 42 42 73 42 43 24
1 22 18 23 48 52 41 29 51 15
1 23 60 48 44 73 62 49 49 72
1 24 18 25 17 56 25 22 18 16
1 25 40 54 57 40 57 68 44 49
1 26 71 81 37 60 38 60 84 48
1 27 65 51 39 36 80 67 58 57
1 28 23 45 42 51 33 52 15 55
1 29 34 22 36 34 31 31 44 49
2 3 10 41 11 49 6 50 30 33
2 4 76 71 48 65 79 60 72 49
2 5 64 63 76 76 65 47 49 36
2 6 43 67 64 55 39 38 48 62
2 7 61 79 45 77 62 32 65 57
2 8 22 30 47 23 54 15 41 17
2 9 83 68 75 79 49 55 56 87
2 10 48 36 46 65 67 39 37 59
2 11 19 57 40 16 21 21 34 15
2 12 84 88 63 74 81 63 53 54
2 13 96 49 75 77 96 67 56 62
2 14 44 25 36 41 27 65 65 33
2 15 24 46 34 47 30 12 56 18
2 16 18 12 24 33 33 24 15 9
2 17 29 44 25 42 54 46 62 45
2 18 66 50 52 78 65 56 44 39
2 19 52 53 69 50 36 58 44 28
2 20 48 46 39 36 34 49 37 38
2 21 22 22 16 11 31 48 25 19
2 22 31 54 41 21 43 32 41 57
2 23 48 67 57 56 58 71 26 35
2 24 57 34 52 53 45 58 59 64
2 25 88 80 50 72 67 57 77 61
2 26 88 45 67 57 89 64 80 62
2 27 89 45 92 71 87 82 66 54
2 28 41 60 35 54 27 29 41 37
2 29 45 31 56 43 32 32 45 22
3 4 70 78 48 83 35 60 74 80
3 5 90 90 72 68 55 67 49 47
3 6 80 65 60 49 74 84 57 50
3 7 7 23 49 30 15 43 48 50
3 8 69 40 41 65 57 59 34 65
3 9 56 65 59 56 58 30 61 48
3 10 16 23 29 11 20 33 53 13
3 11 2 30 35 46 44 22 45 16
3 12 94 52 58 60 79 63 83 79
3 13 22 58 19 56 54 24 31 28
3 14 55 28 65 45 30 30 75 62
3 15 21 50 59 44 17 43 12 25
3 16 28 24 48 57 38 44 61 32
3 17 31 20 52 45 27 62 44 48
3 18 59 63 63 47 45 36 60 72
3 19 51 48 72 47 58 75 37 75
3 20 84 65 90 90 54 53 88 89
3 21 58 32 70 49 74 42 36 30
3 22 69 76 58 64 37 65 35 54
3 23 84 54 76 56 91 68 67 57
3 24 94 78 77 79 78 68 58 86
3 25 75 69 78 73 59 69 43 38
3 26 19 44 56 15 33 42 22 41
3 27 9 24 51 53 6 13 22 16
3 28 24 56 39 30 58 59 50 62
3 29 78 48 43 85 44 42 63 42
4 5 56 65 55 78 41 36 76 70
4 6 94 76 96 71 52 87 65 92
4 7 14 38 46 38 48 41 32 44
4 8 72 49 81 38 66 43 69 48
4 9 16 51 52 14 12 16 14 20
4 10 26 19 30 41 48 15 43 39
4 11 72 65 40 42 38 61 80 68
4 12 27 56 19 23 45 45 35 49
4 13 20 57 52 42 27 10 15 32
4 14 7 25 30 7 48 11 20 42
4 15 79 84 74 55 43 43 65 49
4 16 10 46 17 27 39 17 5 7
4 17 52 74 59 32 51 41 39 64
4 18 10 35 11 18 27 49 52 17
4 19 80 69 80 66 70 89 88 65
4 20 41 32 38 36 41 61 43 64
4 21 59 55 53 48 78 50 53 45
4 22 6 4 31 5 27 53 29 24
4 23 75 50 73 53 79 65 56 86
4 24 64 68 36 77 54 36 68 62
4 25 61 78 64 72 55 57 61 48
4 26 15 45 46 27 35 37 42 51
4 27 60 64 64 76 66 45 55 76
4 28 31 61 50 35 21 18 45 25
4 29 96 94 83 74 80 76 73 81
5 6 87 65 61 66 70 88 48 63
5 7 39 42 38 31 63 25 31 45
5 8 87 80 78 56 74 76 57 93
5 9 68 82 78 66 46 62 82 56
5 10 94 52 85 75 55 59 62 74
5 11 36 28 31 30 60 64 35 55
5 12 42 46 43 36 33 61 46 46
5 13 11 48 47 33 7 36 15 43
5 14 9 24 25 13 44 45 25 24
5 15 22 50 24 38 47 46 54 31
5 16 26 34 43 58 60 38 53 34
5 17 83 44 75 49 42 55 86 76
5 18 98 61 97 85 90 78 53 52
5 19 96 65 72 67 75 94 88 55
5 20 99 79 93 67 96 61 88 94
5 21 42 36 51 56 43 62 44 31
5 22 78 58 83 62 58 88 40 67
5 23 72 49 44 47 64 46 77 61
5 24 27 44 49 51 37 48 51 51
5 25 62 44 51 75 50 45 72 69
5 26 65 82 35 80 79 61 81 72
5 27 47 64 57 50 63 49 44 46
5 28 70 47 65 61 40 58 63 73
5 29 74 42 73 67 54 40 81 37
6 7 88 61 58 50 52 60 57 49
6 8 1 32 8 1 18 41 11 20
6 9 56 29 35 64 74 28 31 34
6 10 65 58 50 40 43 70 60 74
6 11 29 64 53 24 43 37 56 54
6 12 39 45 31 42 31 49 22 47
6 13 55 33 73 46 46 74 39 60
6 14 8 51 20 39 13 26 52 32
6 15 5 45 30 30 51 8 9 19
6 16 1 32 37 17 27 6 46 30
6 17 93 90 86 75 65 70 48 78
6 18 26 23 55 41 15 38 48 28
6 19 58 58 63 59 64 38 65 47
6 20 70 61 51 50 78 78 60 74
6 21 41 53 46 53 39 63 51 56
6 22 47 55 54 43 52 25 66 25
6 23 27 23 15 31 61 14 48 59
6 24 84 49 62 48 54 57 48 58
6 25 67 76 34 83 79 38 45 58
6 26 34 60 38 66 33 22 65 63
6 27 26 44 25 24 50 28 32 51
6 28 25 52 44 15 21 56 12 13
6 29 85 72 89 76 72 47 63 78
7 8 69 76 53 58 53 69 55 44
7 9 14 45 40 31 51 45 12 16
7 10 20 13 18 13 42 25 33 36
7 11 67 65 59 44 51 51 82 46
7 12 55 75 56 67 59 55 40 58
7 13 52 74 52 40 50 76 64 60
7 14 3 10 50 38 7 18 17 27
7 15 60 77 58 67 69 47 75 42
7 16 20 10 54 20 24 59 28 20
7 17 31 17 52 37 56 29 34 22
7 18 75 48 71 79 77 71 41 41
7 19 44 27 50 58 42 47 71 71
7 20 70 72 40 44 40 74 78 42
7 21 57 70 47 38 55 72 40 62
7 22 49 40 31 29 34 36 67 65
7 23 45 60 52 70 58 63 45 25
7 24 43 38 30 71 55 48 66 44
7 25 38 21 35 28 66 37 49 26
7 26 8 20 44 40 40 33 13 21
7 27 75 49 57 44 58 83 66 81
7 28 86 81 54 62 85 49 63 48
7 29 48 46 70 26 52 54 61 48
8 9 22 39 24 57 18 44 26 57
8 10 15 33 31 18 21 31 17 33
8 11 63 63 68 44 47 35 40 50
8 12 51 44 35 39 56 30 64 31
8 13 58 66 75 40 61 40 69 62
8 14 85 50 74 77 79 82 89 51
8 15 65 76 72 54 34 57 71 73
8 16 85 75 52 47 74 83 81 92
8 17 20 53 43 22 24 56 12 37
8 18 55 68 72 63 58 29 65 44
8 19 51 38 65 64 57 64 60 63
8 20 48 29 26 40 54 49 38 35
8 21 76 57 55 64 40 43 74 39
8 22 96 97 54 81 78 56 89 53
8 23 24 58 40 30 12 24 52 60
8 24 57 68 37 65 42 67 30 47
8 25 71 64 38 43 49 68 71 36
8 26 39 66 47 53 30 38 69 51
8 27 25 56 48 54 17 58 40 39
8 28 6 43 44 15 21 49 31 45
8 29 42 60 58 26 42 39 63 51
9 10 79 42 54 61 78 88 87 58
9 11 60 63 38 58 79 53 60 38
9 12 45 44 23 25 59 34 69 33
9 13 11 28 25 23 24 14 16 33
9 14 23 53 53 13 17 35 57 55
9 15 41 25 57 52 35 44 67 69
9 16 97 80 79 81 86 60 83 84
9 17 13 43 23 31 49 27 43 22
9 18 42 40 29 30 31 45 63 31
9 19 13 22 19 18 40 55 56 45
9 20 36 29 29 44 38 51 22 59
9 21 39 50 63 32 50 32 36 59
9 22 87 57 79 84 65 72 66 56
9 23 76 79 67 45 45 50 66 80
9 24 73 75 65 64 49 45 44 78
9 25 20 36 47 42 57 40 29 29
9 26 92 47 77 83 93 86 87 78
9 27 31 20 30 27 53 58 20 39
9 28 3 30 18 25 7 47 14 44
9 29 76 68 66 41 71 66 65 86
10 11 15 12 56 15 8 9 11 26
10 12 53 50 70 61 29 27 33 27
10 13 68 36 45 43 80 41 49 64
10 14 66 68 37 34 77 81 80 37
10 15 84 68 88 83 87 69 74 66
10 16 52 53 72 53 46 35 35 69
10 17 43 49 43 48 56 53 56 23
10 18 42 44 46 34 63 21 27 25
10 19 49 55 37 36 52 60 39 73
10 20 32 41 21 34 37 63 34 23
10 21 10 49 11 47 9 25 25 28
10 22 12 23 23 35 22 43 42 8
10 23 16 33 28 37 33 49 39 12
10 24 35 24 45 62 27 57 52 20
10 25 30 21 43 37 60 47 31 32
10 26 17 41 48 9 16 20 50 41
10 27 54 65 66 46 29 72 65 33
10 28 84 83 73 80 51 47 79 65
10 29 79 72 57 41 51 80 66 51
11 12 78 41 61 81 74 43 74 47
11 13 46 31 59 32 34 54 62 56
11 14 10 23 17 25 31 19 50 25
11 15 45 39 49 44 44 70 68 31
11 16 14 14 16 52 41 22 50 48
11 17 92 46 89 46 90 84 59 75
11 18 12 11 55 30 35 15 25 14
11 19 86 75 81 90 45 84 59 47
11 20 53 60 49 34 49 38 42 54
11 21 3 17 16 35 15 50 8 31
11 22 57 42 49 47 37 36 56 31
11 23 21 24 25 22 40 36 36 24
11 24 23 44 29 42 44 60 61 38
11 25 86 65 89 63 76 59 81 71
11 26 98 86 82 55 66 65 73 66
11 27 9 16 15 10 49 33 41 42
11 28 58 57 29 75 77 74 65 37
11 29 73 84 65 78 55 62 46 59
12 13 9 49 26 45 17 26 51 32
12 14 54 50 67 29 56 33 65 34
12 15 63 76 40 61 79 35 80 40
12 16 6 52 46 19 49 8 46 52
12 17 42 56 36 43 55 40 43 21
12 18 74 55 52 68 78 56 79 81
12 19 63 37 71 59 74 76 39 53
12 20 66 67 49 81 45 75 59 40
12 21 84 64 67 85 78 81 76 69
12 22 51 32 29 34 67 61 28 33
12 23 59 72 31 65 33 57 51 72
12 24 22 19 58 35 44 53 37 42
12 25 72 47 39 57 64 66 73 78
12 26 22 19 23 46 33 41 49 45
12 27 75 77 73 82 81 78 65 68
12 28 81 84 71 63 84 75 65 59
12 29 40 50 20 55 50 62 47 68
13 14 31 33 43 48 44 31 38 29
13 15 33 44 60 37 19 49 36 32
13 16 15 57 52 9 40 27 48 34
13 17 6 48 23 35 46 8 46 16
13 18 11 35 45 25 32 15 27 15
13 19 18 40 45 19 13 10 43 48
13 20 85 49 89 67 46 53 57 84
13 21 1 1 3 8 20 4 27 4
13 22 63 72 54 73 71 62 81 36
13 23 65 74 79 55 56 58 46 59
13 24 25 41 35 28 47 45 38 32
13 25 85 46 81 70 74 45 68 56
13 26 14 36 20 46 34 13 19 16
13 27 73 47 66 54 79 73 83 86
13 28 30 26 16 60 18 52 46 50
13 29 89 68 62 83 56 66 46 81
14 15 90 73 49 83 54 58 94 67
14 16 38 64 45 59 26 66 41 64
14 17 56 49 48 33 67 50 40 34
14 18 58 45 32 41 55 38 53 35
14 19 85 80 67 43 57 62 53 51
14 20 30 43 22 38 53 29 40 17
14 21 77 69 56 39 64 83 86 40
14 22 56 47 45 70 48 65 63 54
14 23 31 32 27 21 17 62 41 38
14 24 98 54 72 79 62 98 49 63
14 25 2 8 19 25 43 5 8 35
14 26 83 47 68 48 81 82 70 42
14 27 57 70 53 65 29 52 72 38
14 28 15 21 37 50 12 34 10 31
14 29 84 84 68 56 48 48 70 80
15 16 77 66 77 44 69 48 63 77
15 17 5 37 6 38 27 44 3 22
15 18 52 29 31 26 33 47 65 71
15 19 12 28 7 55 25 16 48 48
15 20 90 63 89 65 53 46 65 46
15 21 1 21 29 23 13 23 31 10
15 22 93 89 82 79 76 84 91 88
15 23 74 54 39 62 77 54 76 51
15 24 18 31 51 42 38 9 16 23
15 25 38 39 33 49 47 20 32 69
15 26 91 58 85 57 65 82 79 45
15 27 81 52 73 69 55 73 82 44
15 28 67 72 40 68 60 35 38 40
15 29 78 57 67 71 66 51 65 69
16 17 92 48 70 55 92 46 65 73
16 18 93 66 94 51 87 50 65 63
16 19 45 52 55 72 63 32 63 58
16 20 70 85 35 54 61 44 35 39
16 21 32 57 59 22 18 54 41 33
16 22 44 45 27 55 67 69 54 38
16 23 11 48 12 11 34 9 26 8
16 24 47 29 68 34 34 60 68 39
16 25 15 18 16 41 52 30 37 19
16 26 8 7 36 18 10 24 17 4
16 27 85 89 69 86 92 89 72 76
16 28 70 58 60 66 65 71 65 49
16 29 20 20 30 50 34 23 18 59
17 18 0 27 48 13 12 29 27 46
17 19 55 36 69 31 32 74 71 30
17 20 70 66 45 83 52 41 70 81
17 21 25 26 22 19 27 30 57 56
17 22 66 65 44 59 82 35 36 74
17 23 70 62 71 67 62 42 83 70
17 24 68 55 58 37 63 48 43 67
17 25 27 60 35 38 50 37 50 22
17 26 87 88 53 50 47 78 92 82
17 27 28 26 55 27 40 58 43 40
17 28 80 83 62 55 86 46 78 70
17 29 5 15 23 32 8 12 35 46
18 19 37 65 48 33 22 64 54 36
18 20 64 64 33 63 59 47 43 69
18 21 31 38 37 36 19 60 57 40
18 22 94 81 71 55 84 64 60 87
18 23 95 90 82 81 83 87 51 83
18 24 85 75 78 83 53 88 67 87
18 25 63 32 49 52 33 36 76 37
18 26 22 12 55 15 46 23 44 48
18 27 13 13 19 43 47 38 55 33
18 28 71 45 40 61 41 63 44 41
18 29 16 9 15 55 35 47 56 42
19 20 2 43 3 26 29 35 25 9
19 21 79 58 62 60 62 76 50 58
19 22 96 85 71 76 64 51 60 93
19 23 16 33 42 40 36 52 35 34
19 24 31 28 17 35 58 49 32 51
19 25 16 31 42 40 8 35 34 34
19 26 8 37 37 33 20 25 18 41
19 27 82 53 44 74 81 80 64 88
19 28 14 41 39 12 25 40 11 54
19 29 31 54 29 59 54 37 39 21
20 21 93 83 50 72 77 52 89 63
20 22 59 77 36 68 50 34 48 68
20 23 0 48 28 19 36 13 23 5
20 24 38 27 21 28 23 58 40 56
20 25 71 67 53 49 73 60 58 64
20 26 86 45 87 91 75 62 58 52
20 27 90 81 51 83 76 72 68 78
20 28 20 14 49 11 59 41 34 49
20 29 66 75 77 78 73 48 66 36
21 22 66 36 40 59 82 80 53 81
21 23 79 78 81 42 49 51 59 75
21 24 8 28 29 18 18 31 45 34
21 25 58 34 68 43 31 54 54 45
21 26 41 67 53 50 69 41 21 53
21 27 18 24 21 23 23 58 13 16
21 28 15 31 53 55 35 50 11 34
21 29 16 21 12 20 9 48 44 55
22 23 15 26 48 19 35 42 10 44
22 24 99 66 98 86 65 86 66 64
22 25 19 34 27 21 31 46 45 16
22 26 89 72 48 78 84 50 52 45
22 27 12 29 48 12 26 9 40 32
22 28 10 41 40 37 13 18 53 17
22 29 90 50 80 62 51 69 66 92
23 24 21 33 54 11 29 12 34 13
23 25 56 48 35 31 71 66 48 58
23 26 9 47 43 12 42 33 13 22
23 27 53 51 54 44 70 65 30 75
23 28 6 6 27 21 51 11 32 20
23 29 43 45 60 51 50 69 41 58
24 25 16 25 18 44 32 48 22 8
24 26 74 82 78 86 57 81 82 40
24 27 26 21 33 60 41 14 53 25
24 28 61 37 31 75 49 54 57 55
24 29 93 75 88 49 94 59 90 79
25 26 28 50 43 28 31 16 56 44
25 27 71 53 74 56 47 49 36 63
25 28 26 59 24 35 62 54 57 16
25 29 98 94 97 67 93 69 94 63
26 27 92 95 67 91 60 88 87 60
26 28 51 63 32 67 64 70 67 27
26 29 10 39 22 17 10 52 29 53
27 28 48 39 58 38 45 60 68 36
27 29 72 60 67 45 72 80 83 82
28 29 83 43 73 75 73 85 77 45
