35 8
0.8 0 0 0 0 0 0 0.2
0 1 23 23 23 27 28 21 33 27
0 2 97 85 88 84 83 84 94 97
0 3 3 14 8 10 12 5 16 12
0 4 88 89 84 84 85 82 77 85
0 5 75 77 70 68 69 68 77 73
0 6 1 13 13 16 1 8 12 12
0 7 85 81 86 75 75 87 74 80
0 8 98 88 96 87 97 91 94 96
0 9 4 12 3 6 8 8 3 10
0 10 10 10 11 13 15 11 15 11
0 11 77 72 70 74 78 74 67 66
0 12 90 83 79 86 91 82 89 77
0 13 49 48 49 43 54 44 47 43
0 14 28 24 32 24 28 38 36 25
0 15 49 57 43 48 48 56 45 48
0 16 31 38 28 28 34 39 28 29
0 17 64 69 59 58 64 66 58 59
0 18 71 75 73 62 71 72 62 65
0 19 47 45 51 48 50 53 51 47
0 20 93 90 84 83 89 93 86 88
0 21 49 50 53 45 54 56 42 42
0 22 89 83 81 86 86 79 78 83
0 23 89 84 90 79 81 86 90 89
0 24 79 75 78 76 74 79 82 77
0 25 98 87 92 97 96 91 88 88
0 26 7 10 9 9 8 16 16 17
0 27 73 75 73 73 75 66 72 63
0 28 76 68 71 72 79 75 65 67
0 29 44 52 50 46 51 49 39 45
0 30 59 51 57 60 63 52 62 64
0 31 27 27 32 25 33 32 25 30
0 32 74 77 64 65 77 67 73 68
0 33 29 30 36 26 25 26 33 31
0 34 23 21 20 27 21 34 32 25
1 2 81 81 78 80 72 75 80 70
1 3 71 67 62 68 71 73 67 72
1 4 38 42 38 42 36 38 41 39
1 5 98 84 83 91 93 83 84 87
1 6 56 50 52 53 50 51 51 61
1 7 74 69 76 69 68 68 75 68
1 8 19 18 19 30 17 29 19 25
1 9 26 36 25 34 27 31 29 23
1 10 33 30 28 34 34 32 31 34
1 11 74 69 65 71 66 71 71 75
1 12 9 9 10 14 11 8 18 8
1 13 61 58 66 55 58 56 53 55
1 14 53 52 48 52 48 51 48 53
1 15 54 51 55 50 56 47 61 51
1 16 53 54 57 50 57 51 57 56
1 17 61 65 61 61 64 62 61 61
1 18 62 56 56 57 67 68 66 60
1 19 20 20 23 30 21 18 31 23
1 20 11 18 21 10 22 24 18 16
1 21 16 18 27 18 14 13 16 14
1 22 84 84 84 84 80 76 80 73
1 23 28 37 34 32 29 36 26 31
1 24 49 56 48 51 50 48 46 48
1 25 25 22 30 24 30 28 30 29
1 26 20 23 21 19 23 32 21 19
1 27 63 63 56 55 66 64 66 57
1 28 73 77 63 67 62 73 76 72
1 29 49 41 49 48 48 54 45 49
1 30 12 23 18 20 19 24 20 21
1 31 66 71 56 66 57 58 56 57
1 32 95 96 86 92 86 89 86 89
1 33 82 79 83 71 76 82 78 77
1 34 88 85 84 76 78 85 86 83
2 3 47 46 50 54 48 42 40 46
2 4 5 7 15 9 8 8 15 7
2 5 60 58 58 64 63 58 55 51
2 6 59 63 62 51 55 53 56 53
2 7 79 74 70 76 76 73 82 77
2 8 99 89 89 86 98 98 99 87
2 9 64 65 57 69 64 68 59 62
2 10 74 68 67 69 69 68 68 70
2 11 94 95 83 86 83 83 95 89
2 12 98 97 98 91 94 83 90 97
2 13 15 25 25 14 25 23 27 17
2 14 99 90 95 92 94 86 91 96
2 15 88 75 82 78 85 80 87 89
2 16 4 10 11 7 13 16 12 16
2 17 73 65 70 71 66 70 71 76
2 18 11 16 17 10 18 19 10 13
2 19 59 57 51 51 64 61 57 62
2 20 91 82 84 78 78 86 92 80
2 21 39 47 47 36 36 47 37 34
2 22 14 25 13 13 26 26 26 20
2 23 60 64 64 58 60 52 52 65
2 24 84 74 79 75 77 74 75 86
2 25 67 65 59 71 66 61 71 60
2 26 84 78 73 79 78 79 82 84
2 27 34 29 41 39 38 40 31 37
2 28 29 30 39 38 36 34 39 34
2 29 50 54 53 43 56 47 42 56
2 30 6 14 19 9 20 16 8 18
2 31 80 81 73 71 69 80 71 74
2 32 48 44 55 53 55 50 42 41
2 33 55 48 54 52 58 47 56 50
2 34 52 52 57 54 49 52 46 55
3 4 67 64 70 59 70 64 63 62
3 5 69 69 66 60 71 60 60 61
3 6 20 23 30 27 31 19 30 27
3 7 15 17 18 14 26 18 18 20
3 8 1 6 12 9 5 9 1 2
3 9 31 31 39 34 28 34 37 35
3 10 46 44 42 52 41 51 44 52
3 11 17 29 18 24 21 19 22 26
3 12 8 8 22 16 15 7 20 13
3 13 63 54 54 62 61 60 63 63
3 14 74 74 75 71 69 65 76 68
3 15 88 76 88 80 90 89 87 80
3 16 87 85 77 86 88 86 88 84
3 17 37 44 40 39 41 45 38 36
3 18 39 37 45 41 45 42 35 46
3 19 13 19 25 17 24 25 25 25
3 20 30 34 31 27 34 35 38 37
3 21 45 47 53 51 41 40 51 43
3 22 59 63 52 62 59 51 56 61
3 23 72 64 73 75 63 65 76 67
3 24 37 38 44 32 41 40 44 45
3 25 6 19 6 11 7 13 17 8
3 26 79 71 70 69 71 69 73 80
3 27 95 93 88 90 87 90 86 91
3 28 75 65 67 73 78 73 72 64
3 29 77 70 71 73 77 69 69 78
3 30 85 77 84 80 79 83 84 86
3 31 41 41 48 43 48 49 46 35
3 32 18 20 30 26 17 16 30 27
3 33 65 57 59 64 61 65 62 58
3 34 5 19 8 9 5 14 14 14
4 5 85 79 85 79 78 75 85 82
4 6 30 35 35 31 37 28 33 33
4 7 35 44 33 39 40 36 30 43
4 8 18 27 20 22 19 28 24 24
4 9 26 30 24 35 27 28 22 28
4 10 71 65 62 67 70 69 62 68
4 11 99 90 98 87 98 96 89 94
4 12 57 61 60 61 57 58 57 50
4 13 13 15 18 21 26 14 17 20
4 14 51 53 54 54 55 52 58 51
4 15 75 70 66 76 70 74 70 78
4 16 29 28 31 28 34 30 34 37
4 17 34 36 39 43 43 31 37 42
4 18 3 4 16 5 4 15 12 6
4 19 90 80 91 79 84 85 77 89
4 20 77 79 79 78 73 71 68 78
4 21 19 17 20 18 19 17 27 18
4 22 8 7 12 11 15 10 14 15
4 23 72 64 67 66 67 62 64 68
4 24 34 41 38 43 36 36 40 42
4 25 58 55 60 58 60 63 53 61
4 26 50 49 50 51 57 49 56 49
4 27 61 66 56 61 61 65 52 63
4 28 49 48 49 43 51 53 55 43
4 29 81 75 81 77 83 71 80 76
4 30 3 3 6 13 9 9 16 16
4 31 76 66 69 74 68 71 72 68
4 32 9 11 22 22 18 9 20 17
4 33 48 55 51 55 42 41 51 52
4 34 95 88 89 93 90 81 85 95
5 6 74 73 68 64 74 67 74 67
5 7 92 82 88 79 90 79 88 86
5 8 20 25 19 28 28 26 28 31
5 9 90 79 89 84 90 78 85 83
5 10 18 21 29 27 19 25 23 20
5 11 91 77 84 81 86 78 85 84
5 12 10 14 13 17 20 17 18 11
5 13 66 62 59 62 60 66 61 61
5 14 27 33 36 36 25 35 29 30
5 15 74 72 69 68 77 76 71 76
5 16 33 34 42 31 35 35 34 40
5 17 21 27 18 26 25 32 27 18
5 18 1 10 8 6 15 15 16 8
5 19 64 69 57 66 62 68 65 55
5 20 27 28 27 25 23 23 33 24
5 21 41 41 38 41 47 47 41 46
5 22 8 20 20 9 20 7 18 19
5 23 41 41 44 46 48 38 46 45
5 24 1 14 7 15 15 13 6 7
5 25 5 11 12 11 7 15 13 5
5 26 64 67 57 56 57 60 57 64
5 27 86 75 87 79 82 74 86 76
5 28 65 67 63 64 57 66 62 57
5 29 30 30 39 27 30 28 39 35
5 30 34 43 33 37 30 33 29 38
5 31 65 62 68 66 56 59 63 56
5 32 28 32 35 30 24 35 32 36
5 33 33 32 36 38 30 32 42 39
5 34 87 80 81 78 83 80 86 82
6 7 34 39 37 43 37 31 42 36
6 8 16 28 18 15 22 20 15 24
6 9 0 14 15 2 4 5 5 0
6 10 42 47 40 45 50 40 47 44
6 11 85 82 75 85 80 81 78 77
6 12 23 22 28 21 30 22 34 25
6 13 97 86 96 86 93 94 97 90
6 14 40 34 47 41 45 44 39 39
6 15 53 54 48 51 49 47 53 58
6 16 11 10 16 16 19 21 22 17
6 17 95 92 85 88 88 90 85 86
6 18 25 25 25 22 33 28 21 22
6 19 10 18 23 19 13 11 13 10
6 20 66 62 67 68 63 60 65 63
6 21 9 8 16 16 7 14 14 10
6 22 87 74 83 77 77 88 82 86
6 23 14 20 15 12 13 17 15 15
6 24 17 27 24 26 27 17 20 26
6 25 84 74 86 81 86 86 77 83
6 26 73 75 75 72 62 72 73 66
6 27 98 88 94 96 92 97 97 86
6 28 43 45 46 46 43 41 37 44
6 29 32 31 39 42 40 34 33 40
6 30 84 83 74 72 76 79 83 74
6 31 60 55 65 59 56 66 61 62
6 32 97 96 89 88 91 89 87 89
6 33 10 18 19 21 16 17 11 18
6 34 97 93 97 91 85 83 94 86
7 8 68 59 64 63 71 72 68 68
7 9 61 53 57 55 59 65 52 57
7 10 46 52 46 51 42 51 45 47
7 11 66 59 68 65 65 65 62 66
7 12 43 47 44 51 37 51 45 47
7 13 28 31 34 36 36 25 31 29
7 14 44 39 41 41 49 44 38 39
7 15 37 44 35 39 33 38 44 35
7 16 91 78 89 80 86 82 80 81
7 17 39 42 41 39 47 34 37 41
7 18 7 18 11 17 15 13 7 20
7 19 41 38 41 45 37 39 43 41
7 20 15 15 20 20 27 22 14 15
7 21 67 70 64 71 68 68 63 71
7 22 39 34 36 41 37 46 48 47
7 23 62 63 57 57 54 67 55 67
7 24 52 56 56 53 57 47 55 51
7 25 36 36 42 39 37 44 35 39
7 26 32 30 32 34 42 39 32 36
7 27 45 43 46 50 53 44 42 49
7 28 70 70 74 62 71 66 65 67
7 29 36 35 33 43 44 33 42 43
7 30 91 90 87 82 91 89 85 82
7 31 12 19 24 18 17 20 24 17
7 32 56 55 54 62 52 58 50 62
7 33 0 8 8 9 3 8 8 14
7 34 7 18 8 10 15 10 7 20
8 9 83 75 81 85 74 84 83 82
8 10 36 45 38 34 36 41 39 32
8 11 0 15 9 1 1 2 7 4
8 12 63 64 65 62 68 67 59 67
8 13 6 13 10 10 15 18 13 15
8 14 57 49 56 52 51 50 61 58
8 15 55 52 54 59 48 48 46 56
8 16 24 33 30 23 28 26 31 32
8 17 76 68 72 68 72 78 79 77
8 18 20 24 26 19 23 18 21 27
8 19 8 21 15 12 9 13 12 12
8 20 99 89 90 88 94 97 91 95
8 21 51 55 43 48 48 45 46 46
8 22 91 78 83 91 85 88 83 92
8 23 73 68 73 77 66 64 63 66
8 24 50 46 46 53 53 46 48 53
8 25 20 27 18 29 20 25 28 19
8 26 96 96 96 91 96 82 85 87
8 27 78 80 79 81 77 78 80 69
8 28 57 58 52 56 52 59 52 59
8 29 75 65 65 73 65 68 73 68
8 30 94 85 85 90 93 84 86 80
8 31 69 61 68 59 68 65 66 73
8 32 38 45 35 44 44 45 42 32
8 33 33 31 34 39 38 30 32 42
8 34 45 44 53 49 40 52 39 50
9 10 83 75 75 76 82 84 78 79
9 11 93 85 93 86 82 85 90 83
9 12 5 19 9 18 14 10 17 14
9 13 81 76 73 75 78 79 75 72
9 14 63 65 59 54 57 65 63 68
9 15 53 54 52 56 53 53 51 51
9 16 76 72 69 73 75 76 76 74
9 17 46 49 40 45 53 48 43 48
9 18 69 66 69 67 60 64 69 65
9 19 62 56 54 64 67 62 62 63
9 20 43 40 42 36 40 39 45 38
9 21 48 41 53 44 42 51 53 42
9 22 98 89 86 87 95 88 85 90
9 23 46 42 45 44 49 49 49 49
9 24 17 18 24 27 17 16 18 18
9 25 49 53 46 51 53 42 47 44
9 26 53 57 46 60 48 60 55 47
9 27 88 76 82 80 76 89 87 81
9 28 36 34 43 44 37 38 32 34
9 29 58 53 51 60 50 51 56 63
9 30 12 14 24 19 23 17 16 19
9 31 82 80 71 83 75 74 74 81
9 32 29 36 34 25 39 28 36 38
9 33 62 59 67 57 59 63 55 60
9 34 30 28 40 33 30 38 39 39
10 11 52 56 45 47 49 46 53 56
10 12 21 19 29 19 30 21 24 21
10 13 93 89 90 87 84 81 88 83
10 14 79 73 68 72 72 68 71 74
10 15 3 4 7 7 7 17 17 3
10 16 37 38 36 35 33 45 44 44
10 17 76 76 67 79 68 79 68 74
10 18 42 42 49 39 41 42 50 40
10 19 58 51 58 55 61 53 57 60
10 20 35 41 30 36 32 32 40 33
10 21 85 79 82 80 83 81 81 73
10 22 52 49 52 55 47 55 51 46
10 23 61 66 57 67 54 52 62 59
10 24 16 26 27 26 27 17 18 23
10 25 11 16 10 18 11 15 23 10
10 26 91 89 84 86 80 91 87 79
10 27 56 62 58 54 50 59 61 58
10 28 70 66 73 62 60 66 64 67
10 29 9 19 11 22 19 11 19 11
10 30 84 73 77 86 84 78 74 79
10 31 67 72 69 65 63 64 59 64
10 32 18 23 24 27 24 23 16 16
10 33 93 83 90 90 91 88 84 85
10 34 33 32 28 31 29 30 38 41
11 12 17 29 25 27 29 18 28 29
11 13 0 0 12 5 11 6 6 14
11 14 87 85 79 80 88 84 80 83
11 15 16 24 17 22 20 20 15 28
11 16 72 73 70 69 62 72 70 71
11 17 31 31 34 38 41 28 27 39
11 18 81 84 73 78 80 74 79 81
11 19 55 58 51 62 59 59 56 55
11 20 76 74 77 66 74 70 72 73
11 21 67 65 72 60 69 58 70 70
11 22 72 67 65 62 61 72 76 73
11 23 16 26 24 15 17 24 26 26
11 24 34 40 43 33 34 36 32 39
11 25 22 22 29 30 27 22 30 31
11 26 14 16 20 15 18 27 15 18
11 27 95 91 84 85 96 90 88 94
11 28 69 64 69 70 60 59 66 68
11 29 26 31 37 33 23 29 23 37
11 30 61 54 59 58 62 63 54 55
11 31 2 9 12 2 14 10 10 16
11 32 0 2 11 8 4 11 4 9
11 33 6 6 16 15 13 15 9 13
11 34 39 45 39 34 36 37 40 39
12 13 37 42 41 44 41 41 45 39
12 14 88 85 79 86 89 86 80 78
12 15 48 44 52 54 50 42 53 46
12 16 55 50 54 49 56 49 56 51
12 17 71 63 70 67 68 66 74 63
12 18 24 29 30 33 22 23 33 32
12 19 11 23 23 21 13 14 21 13
12 20 28 26 29 26 32 38 31 26
12 21 51 48 53 45 49 46 57 45
12 22 33 38 35 35 40 38 43 28
12 23 63 66 62 62 54 59 54 54
12 24 63 57 57 58 58 55 64 54
12 25 40 47 39 49 35 36 38 40
12 26 37 44 38 43 45 43 35 36
12 27 49 43 45 48 53 46 48 42
12 28 40 40 41 44 48 46 35 45
12 29 24 35 34 27 22 28 34 35
12 30 74 70 65 72 65 69 66 67
12 31 8 13 17 12 21 15 15 15
12 32 96 83 93 90 92 96 87 95
12 33 70 69 63 61 68 74 72 67
12 34 81 71 70 84 76 69 74 80
13 14 14 21 14 19 24 18 17 23
13 15 39 43 42 43 38 45 43 37
13 16 94 89 91 95 90 82 87 91
13 17 52 52 47 52 56 54 56 53
13 18 0 5 1 6 4 5 8 5
13 19 53 58 58 52 54 50 59 54
13 20 16 28 23 19 24 15 28 22
13 21 16 22 22 23 27 27 28 21
13 22 13 19 22 24 14 15 12 21
13 23 0 13 11 14 7 7 2 12
13 24 78 77 73 74 69 66 72 78
13 25 48 48 42 47 50 46 50 50
13 26 76 75 67 71 75 68 66 71
13 27 42 51 40 43 48 37 49 43
13 28 93 80 87 92 90 86 84 91
13 29 50 56 43 48 56 47 57 44
13 30 99 87 89 88 92 93 98 92
13 31 44 42 41 48 48 39 52 52
13 32 75 64 66 73 74 70 69 70
13 33 42 41 48 44 37 41 40 47
13 34 35 35 39 42 39 43 42 40
14 15 85 86 83 79 76 81 83 86
14 16 97 84 93 87 95 90 97 85
14 17 37 41 34 44 36 42 45 37
14 18 68 67 66 69 60 64 60 63
14 19 25 35 34 30 28 33 28 25
14 20 39 37 37 38 39 42 46 37
14 21 99 92 87 94 92 93 92 99
14 22 61 52 62 65 62 65 56 62
14 23 96 93 86 84 95 89 93 92
14 24 41 41 48 36 39 47 49 48
14 25 28 28 32 25 28 36 28 36
14 26 80 79 68 72 69 76 75 81
14 27 93 80 94 87 93 88 87 81
14 28 79 72 71 70 67 79 75 67
14 29 88 81 75 88 88 77 81 77
14 30 89 82 89 86 86 77 85 78
14 31 20 22 29 22 21 25 24 17
14 32 84 75 81 74 84 72 71 76
14 33 72 70 74 73 70 71 71 66
14 34 22 30 24 25 29 33 23 30
15 16 85 86 86 86 75 82 81 83
15 17 51 46 55 57 44 45 47 55
15 18 92 84 85 83 87 91 79 86
15 19 26 24 26 23 29 26 26 36
15 20 3 16 14 11 5 2 16 13
15 21 93 80 86 86 82 91 93 87
15 22 63 54 60 63 65 55 64 59
15 23 81 80 73 69 79 80 71 82
15 24 76 66 75 74 75 68 74 71
15 25 59 51 54 61 62 57 62 61
15 26 40 45 44 40 38 44 35 43
15 27 0 1 6 8 1 11 14 13
15 28 38 42 35 45 39 36 43 47
15 29 57 57 58 50 49 63 51 60
15 30 35 37 37 38 42 38 33 41
15 31 42 49 48 37 45 45 41 50
15 32 81 77 83 81 70 75 79 72
15 33 74 64 66 66 70 72 72 72
15 34 8 11 12 16 12 14 16 13
16 17 97 92 95 92 88 88 85 89
16 18 77 75 78 76 70 71 71 78
16 19 35 31 35 41 31 30 35 42
16 20 36 36 42 40 44 32 37 32
16 21 86 83 88 79 83 82 84 74
16 22 0 10 3 8 14 12 7 3
16 23 78 81 72 68 71 79 76 73
16 24 26 37 31 27 33 31 36 34
16 25 50 50 50 52 56 44 48 53
16 26 24 32 21 23 21 23 35 30
16 27 56 57 52 48 48 51 57 62
16 28 81 73 75 76 71 83 77 83
16 29 33 29 35 41 34 42 32 39
16 30 51 48 49 49 54 48 54 51
16 31 26 26 33 26 25 37 26 25
16 32 83 82 71 72 81 80 81 81
16 33 40 44 41 44 49 40 44 45
16 34 96 85 94 93 83 94 95 84
17 18 30 37 35 36 34 29 36 33
17 19 87 78 78 75 87 74 87 79
17 20 32 41 41 31 28 39 34 36
17 21 4 10 13 16 6 18 16 14
17 22 17 27 29 21 27 15 19 25
17 23 67 67 69 68 72 69 69 60
17 24 98 86 86 98 96 84 98 85
17 25 38 34 45 42 43 38 37 43
17 26 93 87 88 94 91 80 89 81
17 27 6 17 5 13 17 18 7 10
17 28 29 32 36 31 36 33 33 30
17 29 82 81 79 70 70 77 75 83
17 30 62 54 57 68 54 58 53 63
17 31 24 35 33 31 22 26 28 32
17 32 80 71 70 83 80 74 70 78
17 33 14 15 18 17 20 13 26 15
17 34 38 45 37 41 40 39 46 37
18 19 20 19 25 23 28 29 22 26
18 20 95 95 82 95 92 83 87 92
18 21 53 48 57 52 54 45 59 51
18 22 15 20 14 18 27 26 25 19
18 23 16 15 16 24 19 18 23 25
18 24 50 44 55 46 47 57 43 51
18 25 5 6 9 14 13 9 18 12
18 26 34 32 31 30 35 39 32 32
18 27 65 64 66 57 61 66 68 62
18 28 76 70 77 68 72 77 68 65
18 29 3 8 12 16 13 18 6 10
18 30 73 65 75 63 75 76 72 75
18 31 25 24 33 27 23 31 32 32
18 32 44 38 50 47 52 42 41 46
18 33 26 34 34 24 33 33 32 34
18 34 71 70 70 65 70 73 75 71
19 20 10 13 19 10 22 13 23 16
19 21 60 61 58 53 60 54 64 58
19 22 20 28 28 30 19 28 19 24
19 23 91 88 78 91 84 89 85 87
19 24 9 15 17 12 20 19 11 18
19 25 54 55 58 48 48 48 51 58
19 26 63 60 64 62 58 68 66 64
19 27 10 10 16 12 22 19 20 18
19 28 11 18 17 12 19 10 17 10
19 29 40 35 40 38 47 34 35 48
19 30 18 21 29 29 20 27 27 23
19 31 38 45 40 38 45 32 32 41
19 32 79 68 72 73 73 72 82 72
19 33 95 91 93 94 89 93 86 95
19 34 53 59 49 51 49 54 51 58
20 21 57 56 50 60 59 55 61 51
20 22 53 54 50 58 51 46 46 49
20 23 73 65 65 66 68 74 62 76
20 24 67 58 66 61 59 63 57 69
20 25 52 54 57 58 59 52 54 58
20 26 16 16 18 19 14 18 26 20
20 27 22 25 25 23 19 32 19 32
20 28 76 76 75 76 78 68 76 67
20 29 69 71 73 63 71 62 67 71
20 30 94 95 93 85 81 84 90 84
20 31 2 15 12 6 16 7 5 15
20 32 10 15 10 18 9 17 11 19
20 33 9 14 14 10 12 19 15 8
20 34 89 85 82 77 90 88 84 79
21 22 50 51 52 48 56 53 47 47
21 23 36 35 35 42 38 32 33 45
21 24 20 23 24 29 28 18 30 22
21 25 0 14 5 8 6 11 2 8
21 26 72 72 73 73 75 73 61 68
21 27 37 44 43 37 32 44 43 36
21 28 67 60 66 59 62 58 63 64
21 29 19 26 26 31 19 24 22 17
21 30 61 61 64 57 61 64 55 52
21 31 58 58 63 50 57 62 63 50
21 32 76 74 78 69 71 65 67 69
21 33 60 55 52 57 59 60 61 52
21 34 27 34 36 26 35 25 28 37
22 23 71 75 73 65 63 67 64 74
22 24 33 40 33 34 39 39 39 33
22 25 41 45 39 44 49 39 47 45
22 26 41 43 42 39 40 40 49 44
22 27 31 38 30 39 41 38 29 34
22 28 98 89 86 95 87 85 94 87
22 29 63 56 66 59 55 61 65 57
22 30 60 57 63 58 64 66 55 60
22 31 88 80 80 78 85 88 76 75
22 32 42 39 38 46 46 46 49 49
22 33 1 14 9 6 4 7 1 13
22 34 92 81 93 81 86 89 82 84
23 24 23 20 31 19 21 23 33 21
23 25 55 55 48 51 58 58 61 51
23 26 14 24 18 12 20 14 16 13
23 27 28 32 29 27 34 30 30 26
23 28 63 54 63 57 59 68 68 57
23 29 77 79 71 67 67 72 67 74
23 30 52 55 54 56 52 54 47 49
23 31 22 28 19 26 29 32 20 32
23 32 92 91 82 86 80 81 86 84
23 33 52 53 55 50 45 49 45 51
23 34 66 65 60 60 58 68 62 68
24 25 37 40 46 33 37 34 38 33
24 26 25 36 24 28 22 28 30 28
24 27 72 72 71 65 72 65 73 74
24 28 29 39 29 36 29 35 39 26
24 29 8 11 14 20 10 19 17 14
24 30 90 84 80 82 84 88 82 91
24 31 10 16 16 14 10 23 17 13
24 32 17 27 15 27 19 15 23 25
24 33 3 17 15 8 4 3 13 3
24 34 90 84 81 76 84 78 81 84
25 26 74 72 71 66 71 68 70 64
25 27 92 85 82 79 82 92 80 88
25 28 74 73 75 70 65 65 77 70
25 29 78 80 78 77 68 76 72 68
25 30 63 66 55 64 66 67 59 62
25 31 37 33 41 43 33 34 32 39
25 32 65 57 59 68 60 63 68 68
25 33 82 78 70 84 78 72 73 72
25 34 54 55 59 47 59 48 55 53
26 27 85 86 86 83 77 82 77 85
26 28 1 16 14 1 9 14 6 12
26 29 45 40 41 45 50 51 50 52
26 30 32 33 32 42 31 27 41 34
26 31 30 28 34 40 29 39 36 31
26 32 5 8 4 10 12 4 5 10
26 33 85 73 78 80 81 75 74 78
26 34 17 29 23 19 15 29 24 27
27 28 53 59 51 49 55 59 57 46
27 29 86 74 84 86 83 82 84 81
27 30 9 9 11 15 13 19 17 10
27 31 16 17 27 14 16 22 16 23
27 32 77 70 77 76 67 73 66 69
27 33 53 56 49 46 47 47 56 56
27 34 76 72 78 78 70 71 66 76
28 29 14 20 23 25 19 20 23 21
28 30 89 80 80 80 79 89 91 79
28 31 51 50 53 50 50 47 58 44
28 32 18 21 16 16 30 24 25 25
28 33 85 87 78 76 81 77 73 74
28 34 85 73 78 73 81 85 84 83
29 30 86 79 86 74 86 80 74 76
29 31 58 58 57 56 53 63 52 60
29 32 11 19 25 22 14 24 13 21
29 33 13 22 24 15 22 19 22 15
29 34 73 64 69 62 65 68 63 68
30 31 42 40 42 40 49 37 50 40
30 32 36 36 32 43 39 37 33 31
30 33 76 66 70 73 67 75 77 68
30 34 14 23 25 14 20 25 27 19
31 32 94 92 89 93 83 89 81 90
31 33 39 40 37 41 39 33 38 42
31 34 49 46 54 56 42 56 45 48
32 33 82 79 85 73 84 79 72 84
32 34 90 90 86 77 77 89 83 89
33 34 32 40 29 37 29 33 36 30
