33 4
0.3 0 0 0.7
0 1 89 9 19 16
0 2 44 51 55 57
0 3 87 14 12 18
0 4 40 58 58 62
0 5 46 46 50 48
0 6 68 29 27 30
0 7 1 97 95 92
0 8 36 63 67 64
0 9 78 32 26 20
0 10 36 59 60 59
0 11 3 94 94 96
0 12 38 61 59 63
0 13 81 30 26 29
0 14 63 42 41 38
0 15 40 60 61 54
0 16 21 70 76 71
0 17 36 54 68 67
0 18 44 49 58 55
0 19 76 26 24 32
0 20 86 18 24 13
0 21 4 88 91 92
0 22 26 67 66 64
0 23 92 7 6 7
0 24 38 56 55 57
0 25 33 64 61 58
0 26 62 42 44 34
0 27 16 81 85 72
0 28 98 13 13 13
0 29 18 69 70 69
0 30 3 94 82 93
0 31 67 33 40 28
0 32 65 42 37 36
1 2 61 35 40 37
1 3 88 19 21 13
1 4 52 46 41 48
1 5 55 38 40 39
1 6 67 41 39 35
1 7 71 35 27 28
1 8 11 83 78 89
1 9 50 56 52 47
1 10 99 7 2 0
1 11 26 69 73 65
1 12 0 92 86 97
1 13 40 62 51 65
1 14 26 67 76 62
1 15 62 46 34 45
1 16 13 83 75 82
1 17 42 56 57 62
1 18 97 14 5 13
1 19 37 57 64 67
1 20 28 62 62 64
1 21 39 53 56 54
1 22 42 53 60 51
1 23 97 8 7 12
1 24 92 15 12 18
1 25 96 12 16 9
1 26 19 69 77 75
1 27 82 16 19 20
1 28 67 31 32 28
1 29 56 41 51 51
1 30 73 29 33 26
1 31 77 21 23 29
1 32 66 39 39 28
2 3 87 23 14 10
2 4 42 50 60 57
2 5 94 7 18 9
2 6 13 86 85 80
2 7 8 85 83 87
2 8 70 30 26 35
2 9 33 66 57 64
2 10 67 32 40 30
2 11 26 75 75 67
2 12 89 10 10 21
2 13 62 46 42 41
2 14 29 68 71 61
2 15 29 70 67 74
2 16 73 28 24 31
2 17 40 50 60 65
2 18 78 24 30 25
2 19 27 75 74 68
2 20 68 34 36 34
2 21 94 14 10 15
2 22 63 35 42 34
2 23 18 80 75 76
2 24 78 24 32 32
2 25 19 82 81 72
2 26 98 2 3 8
2 27 15 83 72 73
2 28 4 95 89 86
2 29 98 10 3 11
2 30 36 55 55 53
2 31 46 53 59 46
2 32 72 36 31 26
3 4 23 66 78 69
3 5 44 60 50 56
3 6 37 59 61 57
3 7 93 15 9 9
3 8 54 45 43 38
3 9 14 77 81 82
3 10 80 28 18 24
3 11 97 13 5 14
3 12 96 10 16 12
3 13 18 79 77 83
3 14 26 72 73 72
3 15 22 71 70 72
3 16 98 13 3 11
3 17 44 49 60 62
3 18 77 33 30 26
3 19 91 12 19 17
3 20 3 92 82 81
3 21 51 45 44 53
3 22 32 60 64 63
3 23 51 50 53 52
3 24 27 76 72 71
3 25 35 59 64 55
3 26 87 20 15 15
3 27 26 73 62 71
3 28 58 48 39 41
3 29 86 15 15 18
3 30 81 16 18 30
3 31 86 17 23 12
3 32 52 47 51 40
4 5 92 15 18 14
4 6 15 78 78 74
4 7 68 30 29 39
4 8 17 72 72 83
4 9 21 79 75 80
4 10 86 25 18 11
4 11 14 85 83 83
4 12 0 92 95 85
4 13 4 83 95 85
4 14 19 78 82 76
4 15 3 89 86 89
4 16 81 20 16 30
4 17 25 63 67 66
4 18 37 53 64 55
4 19 44 59 61 49
4 20 32 69 61 71
4 21 38 67 63 67
4 22 90 11 18 8
4 23 95 15 8 4
4 24 32 68 60 70
4 25 6 92 92 86
4 26 16 78 85 81
4 27 43 53 61 49
4 28 24 77 79 73
4 29 55 45 41 46
4 30 25 69 78 74
4 31 94 5 17 17
4 32 60 37 36 44
5 6 68 29 28 40
5 7 43 48 61 56
5 8 83 17 28 20
5 9 69 25 30 34
5 10 2 86 92 83
5 11 4 82 90 89
5 12 3 91 97 85
5 13 89 10 23 23
5 14 20 74 74 81
5 15 23 65 68 66
5 16 75 21 28 23
5 17 5 85 84 92
5 18 38 56 59 53
5 19 15 73 85 84
5 20 39 55 53 52
5 21 77 31 31 20
5 22 19 73 82 76
5 23 98 1 11 13
5 24 11 83 87 77
5 25 39 63 63 66
5 26 33 57 63 64
5 27 93 10 12 13
5 28 36 57 58 68
5 29 14 75 83 85
5 30 9 89 88 76
5 31 62 38 36 42
5 32 47 56 57 50
6 7 11 80 85 88
6 8 84 16 25 23
6 9 24 68 69 68
6 10 63 31 42 31
6 11 15 81 83 83
6 12 88 14 11 11
6 13 49 49 55 54
6 14 93 12 7 17
6 15 16 73 78 82
6 16 54 46 46 47
6 17 79 18 22 24
6 18 0 87 93 96
6 19 90 16 16 18
6 20 19 83 75 77
6 21 11 84 88 80
6 22 10 81 79 83
6 23 67 39 32 39
6 24 50 49 50 45
6 25 31 61 70 63
6 26 47 47 54 57
6 27 73 24 27 22
6 28 70 27 36 39
6 29 75 25 35 24
6 30 52 41 47 43
6 31 35 59 68 65
6 32 29 64 70 66
7 8 87 18 22 23
7 9 44 55 57 47
7 10 48 55 46 43
7 11 57 40 43 50
7 12 44 55 47 62
7 13 57 48 42 36
7 14 58 50 45 49
7 15 92 7 12 16
7 16 27 67 72 69
7 17 37 53 62 53
7 18 40 51 60 58
7 19 60 34 35 41
7 20 91 11 11 8
7 21 81 30 26 22
7 22 64 37 45 38
7 23 30 66 63 63
7 24 18 79 76 78
7 25 47 51 49 48
7 26 78 30 29 29
7 27 54 49 40 51
7 28 19 74 80 72
7 29 58 36 49 40
7 30 30 72 65 62
7 31 64 30 44 38
7 32 65 42 41 34
8 9 24 77 71 78
8 10 1 93 87 88
8 11 59 49 46 38
8 12 45 50 56 60
8 13 16 77 84 76
8 14 86 17 12 20
8 15 36 57 55 60
8 16 38 63 65 66
8 17 29 60 63 73
8 18 30 65 62 66
8 19 32 66 71 59
8 20 76 33 21 27
8 21 66 28 29 32
8 22 35 60 63 56
8 23 57 36 42 39
8 24 12 83 84 81
8 25 22 73 73 80
8 26 87 16 11 25
8 27 5 82 92 83
8 28 79 23 30 18
8 29 15 85 86 77
8 30 97 8 15 10
8 31 79 32 17 21
8 32 60 41 41 43
9 10 81 21 15 20
9 11 87 13 12 23
9 12 64 43 36 40
9 13 15 73 84 80
9 14 73 33 32 25
9 15 35 55 58 62
9 16 28 74 71 71
9 17 58 47 47 39
9 18 33 69 63 59
9 19 52 46 45 48
9 20 78 27 31 18
9 21 22 71 79 77
9 22 39 59 63 64
9 23 64 34 41 37
9 24 81 21 24 27
9 25 98 3 2 8
9 26 55 49 48 50
9 27 89 19 16 10
9 28 55 50 45 52
9 29 27 73 64 65
9 30 37 57 62 54
9 31 61 35 33 40
9 32 90 10 13 9
10 11 47 45 57 51
10 12 28 71 67 63
10 13 33 60 59 60
10 14 45 49 46 59
10 15 31 60 63 69
10 16 0 96 86 99
10 17 74 25 28 29
10 18 64 34 37 41
10 19 99 10 6 7
10 20 47 47 54 58
10 21 98 13 11 2
10 22 39 52 56 59
10 23 34 67 57 67
10 24 89 22 17 10
10 25 45 49 61 52
10 26 34 70 69 56
10 27 16 85 74 72
10 28 25 66 71 74
10 29 29 65 70 66
10 30 35 64 68 65
10 31 76 25 24 23
10 32 88 19 16 19
11 12 19 81 81 77
11 13 13 78 84 82
11 14 33 69 66 64
11 15 63 42 32 33
11 16 82 15 27 26
11 17 40 63 57 58
11 18 50 47 49 42
11 19 35 69 56 58
11 20 63 39 32 41
11 21 42 55 62 53
11 22 91 17 8 12
11 23 91 16 17 13
11 24 16 84 72 76
11 25 61 34 32 46
11 26 81 21 26 21
11 27 27 72 75 65
11 28 5 92 90 87
11 29 21 75 70 80
11 30 40 63 55 65
11 31 72 29 37 32
11 32 69 28 40 40
12 13 31 73 64 68
12 14 58 44 43 44
12 15 42 57 61 57
12 16 63 40 30 38
12 17 88 16 17 11
12 18 22 74 68 79
12 19 79 24 27 21
12 20 13 77 78 82
12 21 26 68 71 72
12 22 21 73 79 72
12 23 36 61 54 64
12 24 31 59 59 67
12 25 2 87 89 87
12 26 18 70 75 82
12 27 82 21 26 19
12 28 42 50 52 54
12 29 17 74 77 73
12 30 6 93 87 91
12 31 22 76 68 74
12 32 9 88 77 86
13 14 36 57 66 66
13 15 71 29 24 31
13 16 2 85 93 92
13 17 98 4 5 13
13 18 44 61 52 52
13 19 2 90 97 86
13 20 83 25 18 20
13 21 77 29 24 20
13 22 79 21 29 25
13 23 91 11 21 9
13 24 83 19 18 25
13 25 69 38 29 31
13 26 77 26 25 20
13 27 70 26 36 36
13 28 47 50 56 45
13 29 92 17 12 14
13 30 71 33 29 31
13 31 34 56 57 68
13 32 24 73 77 71
14 15 27 69 69 62
14 16 29 60 61 63
14 17 9 80 87 80
14 18 14 81 79 80
14 19 71 31 26 33
14 20 83 21 23 22
14 21 18 71 81 71
14 22 11 81 87 77
14 23 71 26 37 35
14 24 43 60 50 58
14 25 97 13 5 13
14 26 29 68 59 72
14 27 65 39 32 42
14 28 25 72 78 64
14 29 63 36 45 33
14 30 52 49 51 49
14 31 43 48 51 51
14 32 12 80 80 82
15 16 26 70 74 73
15 17 52 49 44 54
15 18 84 20 16 23
15 19 15 73 74 84
15 20 88 11 22 16
15 21 36 65 58 54
15 22 74 35 29 22
15 23 74 27 31 28
15 24 84 26 15 13
15 25 39 52 61 54
15 26 70 37 28 33
15 27 69 26 35 30
15 28 59 45 39 43
15 29 1 90 90 89
15 30 38 65 65 55
15 31 32 60 63 68
15 32 55 39 51 49
16 17 24 77 74 76
16 18 48 57 48 43
16 19 6 90 79 89
16 20 12 88 83 75
16 21 11 79 87 87
16 22 97 11 3 12
16 23 18 74 83 81
16 24 76 27 23 23
16 25 71 34 35 32
16 26 7 92 86 82
16 27 95 4 18 14
16 28 85 20 26 16
16 29 34 64 59 56
16 30 11 81 85 84
16 31 47 46 53 56
16 32 16 71 73 73
17 18 56 45 43 51
17 19 66 29 35 28
17 20 47 53 46 49
17 21 88 9 14 16
17 22 2 95 97 94
17 23 4 84 82 92
17 24 89 12 23 18
17 25 71 26 29 26
17 26 56 49 40 45
17 27 47 47 55 54
17 28 16 84 73 81
17 29 65 42 40 43
17 30 83 16 26 13
17 31 23 73 73 74
17 32 42 59 52 51
18 19 10 82 85 84
18 20 90 14 11 16
18 21 18 77 69 75
18 22 4 86 90 88
18 23 62 45 42 35
18 24 73 35 37 27
18 25 38 56 54 67
18 26 68 33 35 35
18 27 35 60 64 67
18 28 72 32 28 30
18 29 33 67 65 62
18 30 92 11 18 11
18 31 85 15 18 18
18 32 50 56 45 44
19 20 97 15 4 9
19 21 79 27 31 27
19 22 60 46 34 36
19 23 7 79 92 92
19 24 44 51 49 49
19 25 37 65 54 53
19 26 66 34 40 41
19 27 50 52 47 50
19 28 8 92 79 78
19 29 59 46 40 40
19 30 92 14 13 20
19 31 73 34 32 23
19 32 59 34 40 40
20 21 0 92 91 96
20 22 28 73 73 62
20 23 82 17 24 28
20 24 66 31 39 43
20 25 61 39 32 41
20 26 8 79 82 89
20 27 7 83 89 89
20 28 70 34 29 37
20 29 88 13 16 16
20 30 9 82 83 88
20 31 46 53 52 49
20 32 46 46 47 49
21 22 26 70 65 64
21 23 70 38 29 39
21 24 54 50 46 50
21 25 5 80 93 82
21 26 52 49 48 40
21 27 72 35 26 29
21 28 95 9 5 7
21 29 79 25 20 27
21 30 28 67 60 63
21 31 10 87 88 81
21 32 23 76 72 67
22 23 80 25 17 27
22 24 38 65 61 55
22 25 22 74 78 72
22 26 44 57 57 48
22 27 32 68 65 70
22 28 88 18 14 24
22 29 58 45 35 41
22 30 70 30 39 26
22 31 28 73 65 73
22 32 38 56 60 55
23 24 40 54 54 64
23 25 49 43 45 53
23 26 61 38 45 35
23 27 2 87 88 84
23 28 20 76 75 70
23 29 61 37 39 42
23 30 76 32 22 25
23 31 35 68 68 56
23 32 95 7 13 16
24 25 35 59 61 61
24 26 22 70 67 76
24 27 39 53 62 57
24 28 33 57 61 67
24 29 67 36 30 42
24 30 71 30 27 24
24 31 20 77 77 72
24 32 80 20 24 20
25 26 42 49 55 55
25 27 66 34 28 33
25 28 44 56 54 52
25 29 34 58 55 60
25 30 0 86 95 95
25 31 50 44 51 53
25 32 31 59 70 62
26 27 63 43 40 39
26 28 26 73 63 75
26 29 40 59 54 57
26 30 72 26 35 25
26 31 21 76 71 68
26 32 69 26 29 35
27 28 49 57 52 44
27 29 66 42 41 32
27 30 39 60 64 61
27 31 20 72 71 68
27 32 97 8 8 12
28 29 42 55 54 59
28 30 2 83 85 90
28 31 48 55 45 55
28 32 27 66 64 74
29 30 80 24 29 21
29 31 96 4 17 6
29 32 63 41 35 44
30 31 19 79 81 81
30 32 35 58 55 64
31 32 56 50 44 40
