42 4
0.4 0 0 0.6
0 1 35 62 60 63
0 2 81 19 27 22
0 3 15 83 75 85
0 4 49 48 43 43
0 5 26 71 67 63
0 6 66 29 32 37
0 7 12 83 78 80
0 8 5 87 89 90
0 9 23 70 71 71
0 10 54 53 47 41
0 11 71 37 35 31
0 12 3 92 95 85
0 13 4 88 87 82
0 14 29 61 72 67
0 15 90 10 22 12
0 16 49 55 49 46
0 17 94 14 19 10
0 18 8 85 90 86
0 19 37 58 63 53
0 20 42 59 63 59
0 21 6 86 87 86
0 22 4 91 86 85
0 23 2 85 83 85
0 24 43 60 52 49
0 25 30 65 71 69
0 26 76 24 26 20
0 27 50 52 47 56
0 28 22 68 73 76
0 29 44 52 61 55
0 30 62 42 36 40
0 31 42 55 60 52
0 32 81 20 29 17
0 33 89 17 18 15
0 34 22 71 78 71
0 35 97 5 11 6
0 36 80 30 17 29
0 37 72 27 28 23
0 38 60 40 40 35
0 39 79 17 20 23
0 40 86 22 17 16
0 41 2 82 95 87
1 2 1 88 91 87
1 3 9 85 89 89
1 4 31 59 62 59
1 5 61 39 39 37
1 6 84 26 23 24
1 7 35 54 63 59
1 8 86 19 14 16
1 9 11 83 88 79
1 10 3 94 82 94
1 11 19 77 74 75
1 12 38 57 56 63
1 13 6 81 90 94
1 14 31 63 59 67
1 15 59 49 39 39
1 16 44 57 59 55
1 17 99 11 5 9
1 18 80 25 28 28
1 19 27 74 70 64
1 20 32 65 63 60
1 21 82 17 20 28
1 22 59 41 46 45
1 23 18 84 75 74
1 24 23 79 70 69
1 25 51 55 52 47
1 26 72 30 29 36
1 27 82 20 21 26
1 28 31 59 67 64
1 29 57 47 44 40
1 30 58 46 37 47
1 31 89 19 18 11
1 32 41 56 52 55
1 33 98 11 11 13
1 34 50 48 47 52
1 35 90 15 14 11
1 36 42 58 50 52
1 37 44 48 55 62
1 38 42 51 59 56
1 39 51 51 43 50
1 40 87 12 11 17
1 41 59 47 36 38
2 3 72 33 23 29
2 4 23 72 71 71
2 5 92 11 7 13
2 6 73 31 26 32
2 7 21 80 71 73
2 8 17 78 78 78
2 9 36 58 67 60
2 10 70 33 32 26
2 11 50 48 55 54
2 12 7 80 90 91
2 13 74 35 29 25
2 14 83 25 15 14
2 15 77 31 29 26
2 16 19 70 76 72
2 17 61 38 35 36
2 18 62 45 39 46
2 19 83 14 22 14
2 20 48 58 48 44
2 21 42 59 59 53
2 22 7 92 92 84
2 23 89 14 14 18
2 24 25 69 74 74
2 25 81 20 29 25
2 26 29 61 65 66
2 27 0 89 88 96
2 28 65 44 39 41
2 29 81 23 24 16
2 30 99 9 13 12
2 31 94 18 6 6
2 32 30 62 73 73
2 33 34 67 64 57
2 34 26 64 67 73
2 35 5 89 86 94
2 36 97 3 7 11
2 37 31 66 61 71
2 38 59 37 40 41
2 39 47 46 58 47
2 40 99 4 1 6
2 41 20 71 72 76
3 4 83 21 18 23
3 5 57 40 43 48
3 6 86 18 12 12
3 7 67 35 38 32
3 8 78 30 28 26
3 9 70 35 32 30
3 10 11 75 88 88
3 11 61 45 37 41
3 12 91 18 17 12
3 13 72 27 24 35
3 14 96 11 9 11
3 15 94 19 17 18
3 16 8 77 80 90
3 17 96 10 7 9
3 18 20 81 71 72
3 19 56 41 50 43
3 20 42 62 55 60
3 21 60 42 40 42
3 22 39 55 63 52
3 23 1 91 84 92
3 24 75 27 26 33
3 25 34 64 65 67
3 26 40 64 56 55
3 27 90 17 11 19
3 28 43 60 56 58
3 29 37 61 66 55
3 30 3 90 86 91
3 31 70 27 36 36
3 32 4 88 83 93
3 33 66 36 37 30
3 34 80 27 25 22
3 35 53 43 41 53
3 36 27 72 69 63
3 37 63 34 40 40
3 38 43 55 63 56
3 39 10 81 78 77
3 40 39 53 59 66
3 41 9 90 80 84
4 5 79 22 27 28
4 6 37 56 60 59
4 7 69 40 27 27
4 8 84 14 18 25
4 9 74 24 33 35
4 10 98 10 5 15
4 11 44 47 51 56
4 12 23 65 69 72
4 13 70 37 31 39
4 14 69 39 26 33
4 15 38 53 63 52
4 16 85 18 17 21
4 17 83 22 22 21
4 18 29 74 72 62
4 19 72 36 34 23
4 20 92 20 15 20
4 21 57 44 45 51
4 22 40 65 55 53
4 23 17 80 73 77
4 24 94 4 12 7
4 25 22 77 71 72
4 26 43 54 48 51
4 27 28 69 62 65
4 28 22 70 70 73
4 29 37 55 59 63
4 30 37 55 56 65
4 31 37 62 67 61
4 32 74 25 24 30
4 33 98 9 5 15
4 34 54 48 39 40
4 35 33 61 59 66
4 36 52 51 47 45
4 37 69 30 32 34
4 38 51 56 44 41
4 39 39 64 66 55
4 40 52 41 42 45
4 41 72 34 29 31
5 6 32 66 57 72
5 7 55 51 39 40
5 8 68 34 37 35
5 9 16 74 82 76
5 10 77 23 31 19
5 11 61 46 38 40
5 12 87 24 17 12
5 13 53 47 48 51
5 14 66 29 42 40
5 15 48 48 55 49
5 16 66 32 38 36
5 17 43 48 62 60
5 18 7 84 83 87
5 19 17 82 79 71
5 20 81 23 27 23
5 21 87 19 12 16
5 22 74 36 25 24
5 23 79 19 18 20
5 24 6 83 87 83
5 25 65 39 33 43
5 26 25 71 67 77
5 27 91 11 18 19
5 28 35 59 60 59
5 29 36 66 54 57
5 30 43 52 54 49
5 31 48 47 57 52
5 32 37 66 65 59
5 33 82 25 28 20
5 34 87 23 23 17
5 35 75 33 29 33
5 36 96 16 9 11
5 37 74 30 32 23
5 38 40 65 50 53
5 39 66 40 32 40
5 40 64 35 33 44
5 41 78 18 27 25
6 7 75 21 23 24
6 8 65 36 40 31
6 9 89 13 13 15
6 10 11 82 85 79
6 11 61 36 38 44
6 12 86 11 12 12
6 13 22 77 77 68
6 14 6 92 89 87
6 15 74 32 27 34
6 16 41 58 62 62
6 17 49 55 57 56
6 18 48 47 44 56
6 19 28 74 69 71
6 20 33 62 69 63
6 21 49 43 56 55
6 22 74 33 36 23
6 23 80 20 20 23
6 24 58 38 42 47
6 25 86 13 14 21
6 26 50 50 55 46
6 27 73 32 23 25
6 28 45 59 59 46
6 29 85 15 26 19
6 30 56 41 44 41
6 31 83 27 16 21
6 32 70 37 24 30
6 33 78 26 20 28
6 34 53 43 48 48
6 35 19 72 79 80
6 36 14 75 81 80
6 37 19 77 80 71
6 38 19 68 79 82
6 39 60 48 45 35
6 40 99 4 6 15
6 41 35 62 65 66
7 8 92 15 7 20
7 9 32 59 70 59
7 10 38 55 53 56
7 11 7 82 89 78
7 12 84 24 23 13
7 13 31 60 63 61
7 14 11 80 80 75
7 15 13 83 74 85
7 16 30 61 68 59
7 17 67 41 31 30
7 18 87 19 25 14
7 19 17 80 78 73
7 20 91 13 13 17
7 21 41 55 52 57
7 22 21 79 70 73
7 23 51 53 43 48
7 24 82 26 18 29
7 25 63 35 41 39
7 26 2 89 88 88
7 27 87 21 19 17
7 28 89 17 22 20
7 29 20 77 80 81
7 30 13 80 81 83
7 31 40 52 64 62
7 32 5 81 88 92
7 33 89 17 10 9
7 34 56 37 49 50
7 35 71 33 30 34
7 36 5 88 85 87
7 37 46 47 51 56
7 38 98 5 3 10
7 39 33 65 65 62
7 40 33 68 59 60
7 41 84 16 19 16
8 9 44 53 59 47
8 10 26 68 63 65
8 11 0 98 93 97
8 12 65 34 31 30
8 13 86 22 16 13
8 14 89 21 22 22
8 15 68 31 33 33
8 16 19 81 70 73
8 17 30 68 66 63
8 18 32 66 67 62
8 19 14 79 78 83
8 20 24 75 69 69
8 21 0 96 93 95
8 22 21 66 78 68
8 23 95 12 4 4
8 24 11 86 79 88
8 25 76 26 22 27
8 26 94 8 12 7
8 27 67 38 40 29
8 28 62 34 43 39
8 29 98 15 4 12
8 30 26 74 67 67
8 31 38 60 61 65
8 32 94 8 19 9
8 33 44 51 57 55
8 34 96 15 9 13
8 35 47 46 52 58
8 36 29 72 64 73
8 37 39 60 62 61
8 38 83 24 20 21
8 39 33 67 57 69
8 40 90 20 19 19
8 41 0 94 89 90
9 10 79 21 19 28
9 11 97 13 13 10
9 12 40 63 55 54
9 13 79 18 31 26
9 14 16 75 81 74
9 15 17 77 70 80
9 16 52 52 44 46
9 17 80 29 25 20
9 18 1 87 88 92
9 19 76 32 21 26
9 20 75 23 32 29
9 21 9 87 83 87
9 22 37 54 55 65
9 23 3 94 86 83
9 24 14 86 77 78
9 25 93 10 20 20
9 26 7 82 93 80
9 27 57 40 41 46
9 28 63 37 43 33
9 29 4 95 95 88
9 30 79 32 23 27
9 31 6 85 91 85
9 32 82 17 23 20
9 33 83 28 22 15
9 34 3 82 91 84
9 35 40 57 50 58
9 36 52 45 50 54
9 37 46 52 47 51
9 38 85 20 13 14
9 39 12 78 89 82
9 40 93 13 14 18
9 41 55 49 42 47
10 11 5 84 84 81
10 12 29 71 69 74
10 13 18 83 70 81
10 14 14 82 79 85
10 15 46 52 54 49
10 16 64 39 42 35
10 17 80 21 16 22
10 18 90 10 9 10
10 19 96 13 15 17
10 20 93 10 14 9
10 21 83 28 14 26
10 22 99 2 2 14
10 23 62 34 44 39
10 24 28 60 74 74
10 25 7 88 88 90
10 26 31 67 71 67
10 27 52 49 54 42
10 28 48 45 56 51
10 29 59 35 42 46
10 30 39 59 63 58
10 31 46 54 48 53
10 32 48 44 53 45
10 33 0 98 95 94
10 34 55 51 45 40
10 35 70 27 29 34
10 36 7 88 89 89
10 37 71 29 30 29
10 38 61 44 42 41
10 39 28 74 73 67
10 40 13 78 85 74
10 41 5 85 91 91
11 12 71 25 33 28
11 13 46 47 51 58
11 14 83 14 22 19
11 15 73 37 25 34
11 16 17 77 73 75
11 17 67 40 34 42
11 18 23 77 76 73
11 19 66 34 40 34
11 20 19 81 72 77
11 21 82 18 28 26
11 22 92 17 11 11
11 23 73 28 26 24
11 24 5 94 85 82
11 25 58 36 41 36
11 26 3 85 90 88
11 27 30 69 66 63
11 28 47 54 59 46
11 29 11 85 85 83
11 30 52 47 49 51
11 31 35 57 55 57
11 32 96 10 15 2
11 33 64 31 34 41
11 34 76 31 26 33
11 35 42 59 63 53
11 36 84 21 25 22
11 37 33 65 63 58
11 38 44 52 49 50
11 39 76 24 31 34
11 40 44 57 59 53
11 41 23 74 70 76
12 13 34 65 58 63
12 14 27 72 64 67
12 15 25 72 73 78
12 16 91 13 8 8
12 17 7 87 89 87
12 18 22 72 70 77
12 19 4 94 89 81
12 20 38 52 64 63
12 21 38 58 55 66
12 22 7 85 84 79
12 23 49 47 54 43
12 24 71 38 28 35
12 25 14 86 77 72
12 26 93 6 8 10
12 27 68 34 31 39
12 28 88 13 21 22
12 29 10 84 84 89
12 30 51 42 52 45
12 31 2 96 97 83
12 32 22 77 66 67
12 33 37 57 54 55
12 34 92 9 10 6
12 35 80 21 28 20
12 36 51 51 50 41
12 37 13 85 74 88
12 38 67 29 29 34
12 39 12 88 84 87
12 40 2 87 86 87
12 41 72 29 31 33
13 14 88 19 17 18
13 15 85 18 25 13
13 16 19 80 82 81
13 17 27 68 72 75
13 18 50 51 45 56
13 19 66 37 42 32
13 20 64 41 31 37
13 21 76 21 22 27
13 22 19 82 75 76
13 23 68 34 32 28
13 24 15 82 72 74
13 25 84 26 14 15
13 26 58 37 47 46
13 27 68 38 31 39
13 28 60 45 39 45
13 29 14 78 76 84
13 30 34 61 69 68
13 31 49 51 51 45
13 32 50 51 50 55
13 33 30 69 69 69
13 34 90 15 22 14
13 35 81 16 29 27
13 36 90 16 17 19
13 37 27 71 75 69
13 38 34 67 70 59
13 39 81 28 22 15
13 40 79 21 21 25
13 41 69 37 25 37
14 15 92 18 12 17
14 16 14 80 84 84
14 17 54 41 53 46
14 18 47 53 54 50
14 19 28 73 72 71
14 20 85 27 20 27
14 21 53 42 54 49
14 22 94 8 16 16
14 23 77 32 28 24
14 24 78 20 27 30
14 25 24 76 74 65
14 26 36 58 59 66
14 27 70 30 38 28
14 28 94 17 9 9
14 29 47 51 59 55
14 30 31 62 58 65
14 31 13 75 75 78
14 32 60 47 45 42
14 33 92 8 10 14
14 34 30 70 73 63
14 35 91 17 14 21
14 36 93 11 14 13
14 37 85 22 25 21
14 38 19 73 75 76
14 39 1 94 87 98
14 40 67 41 41 33
14 41 13 79 86 75
15 16 54 53 42 44
15 17 46 50 52 49
15 18 69 36 36 41
15 19 32 65 67 68
15 20 4 90 82 85
15 21 20 79 69 75
15 22 77 22 23 32
15 23 79 30 27 29
15 24 70 32 29 30
15 25 15 73 85 79
15 26 57 45 43 49
15 27 41 61 50 54
15 28 17 84 71 72
15 29 18 83 71 81
15 30 59 47 42 37
15 31 19 73 78 69
15 32 15 80 86 77
15 33 67 41 32 36
15 34 95 17 7 16
15 35 57 42 46 46
15 36 68 32 34 33
15 37 92 16 17 17
15 38 81 28 27 20
15 39 92 13 20 15
15 40 25 75 67 76
15 41 51 41 54 48
16 17 26 65 74 76
16 18 11 81 83 79
16 19 1 85 94 92
16 20 93 20 9 20
16 21 29 74 61 72
16 22 38 63 62 55
16 23 51 49 52 42
16 24 90 15 19 13
16 25 16 79 77 78
16 26 94 7 13 18
16 27 59 44 47 47
16 28 18 73 72 70
16 29 17 75 74 71
16 30 50 55 49 43
16 31 18 72 80 70
16 32 16 74 83 75
16 33 23 75 79 78
16 34 22 68 69 71
16 35 46 60 49 49
16 36 92 15 6 10
16 37 62 46 37 41
16 38 11 83 88 82
16 39 24 73 78 69
16 40 31 71 68 62
16 41 37 66 55 67
17 18 99 7 2 4
17 19 54 49 40 42
17 20 54 52 39 46
17 21 29 64 62 72
17 22 45 58 47 50
17 23 58 50 46 35
17 24 25 67 73 75
17 25 22 79 68 72
17 26 38 53 63 58
17 27 23 66 78 80
17 28 34 70 68 60
17 29 99 7 11 2
17 30 19 82 79 72
17 31 95 16 10 11
17 32 92 6 8 7
17 33 34 65 57 59
17 34 23 75 74 72
17 35 80 27 23 17
17 36 21 81 66 71
17 37 67 33 29 38
17 38 56 37 44 42
17 39 26 71 72 76
17 40 47 46 54 58
17 41 38 58 57 59
18 19 14 76 73 75
18 20 92 19 7 16
18 21 35 63 59 66
18 22 81 26 24 25
18 23 39 56 60 61
18 24 6 92 82 85
18 25 58 39 41 37
18 26 53 45 53 43
18 27 91 8 17 8
18 28 53 47 54 51
18 29 54 40 39 45
18 30 99 14 0 1
18 31 79 28 24 25
18 32 39 65 59 62
18 33 9 85 86 90
18 34 9 78 89 89
18 35 65 40 40 35
18 36 60 39 37 47
18 37 58 46 36 45
18 38 7 86 82 84
18 39 16 71 74 80
18 40 0 88 94 96
18 41 77 22 21 26
19 20 52 45 47 42
19 21 54 46 46 42
19 22 45 47 49 54
19 23 85 24 15 12
19 24 21 74 67 76
19 25 96 9 8 12
19 26 29 72 69 68
19 27 78 27 20 27
19 28 26 68 66 72
19 29 43 59 59 48
19 30 84 21 27 27
19 31 14 81 78 84
19 32 99 14 13 2
19 33 21 67 73 74
19 34 72 24 31 36
19 35 86 23 21 11
19 36 67 31 39 28
19 37 25 75 77 71
19 38 9 86 87 87
19 39 31 66 64 66
19 40 55 46 49 51
19 41 19 70 80 83
20 21 51 48 49 51
20 22 46 46 56 60
20 23 71 33 31 35
20 24 63 41 37 40
20 25 64 39 43 32
20 26 85 21 25 20
20 27 32 65 67 66
20 28 48 57 46 58
20 29 66 37 35 32
20 30 73 31 30 36
20 31 86 19 21 17
20 32 72 27 38 28
20 33 54 44 53 42
20 34 1 98 95 88
20 35 68 36 34 29
20 36 29 74 61 65
20 37 70 36 29 36
20 38 43 62 53 57
20 39 90 11 9 14
20 40 80 30 20 24
20 41 26 67 68 68
21 22 70 37 31 28
21 23 41 51 62 64
21 24 50 49 46 52
21 25 81 26 23 22
21 26 35 64 65 63
21 27 58 36 41 40
21 28 87 16 19 13
21 29 45 52 46 50
21 30 6 89 85 90
21 31 72 36 32 28
21 32 31 70 66 70
21 33 15 77 76 85
21 34 33 62 60 58
21 35 72 28 37 25
21 36 9 84 80 79
21 37 51 47 54 46
21 38 13 79 86 87
21 39 25 75 73 67
21 40 35 63 65 69
21 41 92 17 9 14
22 23 30 69 72 73
22 24 56 50 43 38
22 25 51 50 45 46
22 26 83 19 25 22
22 27 14 82 77 86
22 28 5 93 89 84
22 29 37 62 57 55
22 30 88 17 21 13
22 31 14 75 81 74
22 32 37 56 68 60
22 33 25 74 63 74
22 34 46 54 53 52
22 35 63 42 42 38
22 36 56 50 51 41
22 37 91 18 8 9
22 38 83 19 15 26
22 39 97 4 13 6
22 40 93 16 19 9
22 41 71 37 35 25
23 24 37 65 66 57
23 25 66 34 33 37
23 26 82 26 16 20
23 27 47 57 51 45
23 28 55 49 39 44
23 29 62 43 42 32
23 30 85 21 25 23
23 31 51 53 50 46
23 32 22 73 68 78
23 33 44 60 47 57
23 34 36 59 54 54
23 35 70 35 33 34
23 36 38 62 57 62
23 37 95 12 5 7
23 38 68 27 29 31
23 39 51 47 41 45
23 40 10 78 83 84
23 41 38 63 55 54
24 25 37 62 67 59
24 26 52 44 54 45
24 27 79 29 29 27
24 28 73 33 22 33
24 29 52 49 48 40
24 30 96 11 15 14
24 31 59 35 43 44
24 32 86 13 16 24
24 33 37 58 54 66
24 34 76 22 25 29
24 35 2 95 87 90
24 36 53 45 47 54
24 37 41 62 59 62
24 38 1 95 92 87
24 39 39 53 55 59
24 40 77 26 27 31
24 41 15 84 74 81
25 26 85 20 24 24
25 27 71 30 25 27
25 28 33 59 66 60
25 29 52 46 44 45
25 30 92 9 9 8
25 31 18 74 77 76
25 32 0 87 87 95
25 33 3 83 95 87
25 34 16 82 77 71
25 35 63 42 37 32
25 36 17 72 81 73
25 37 19 83 77 70
25 38 95 11 6 13
25 39 75 28 24 27
25 40 60 48 36 34
25 41 20 78 72 79
26 27 54 43 47 50
26 28 85 25 14 19
26 29 16 80 71 74
26 30 55 49 51 46
26 31 19 81 70 74
26 32 92 7 9 10
26 33 19 78 75 76
26 34 95 6 16 13
26 35 45 51 58 51
26 36 32 69 71 65
26 37 43 51 49 55
26 38 76 28 26 26
26 39 87 21 19 25
26 40 67 32 32 37
26 41 22 71 77 71
27 28 31 63 65 59
27 29 26 69 71 73
27 30 29 70 70 60
27 31 70 30 30 36
27 32 86 25 13 21
27 33 82 21 28 23
27 34 5 93 81 85
27 35 24 73 65 64
27 36 97 13 8 9
27 37 1 89 92 98
27 38 7 87 92 89
27 39 79 30 17 24
27 40 65 30 33 33
27 41 74 32 26 33
28 29 56 48 48 38
28 30 38 57 63 57
28 31 49 48 55 44
28 32 16 80 76 73
28 33 62 37 35 45
28 34 1 86 90 86
28 35 61 46 47 42
28 36 59 41 46 46
28 37 97 7 13 15
28 38 98 13 1 5
28 39 91 14 7 10
28 40 89 10 17 18
28 41 77 33 25 28
29 30 59 42 43 46
29 31 6 86 94 90
29 32 92 12 8 11
29 33 80 20 23 26
29 34 28 73 72 64
29 35 76 28 24 33
29 36 49 53 57 48
29 37 62 35 36 39
29 38 56 41 46 38
29 39 87 19 20 14
29 40 85 17 16 25
29 41 28 68 72 70
30 31 98 11 6 11
30 32 57 42 39 44
30 33 86 23 25 18
30 34 30 60 63 70
30 35 1 97 91 86
30 36 33 56 60 61
30 37 98 4 7 4
30 38 98 13 10 15
30 39 71 34 37 37
30 40 83 19 22 21
30 41 62 42 45 35
31 32 89 16 21 17
31 33 95 11 7 8
31 34 30 65 73 64
31 35 5 85 88 90
31 36 90 9 11 20
31 37 32 71 70 57
31 38 28 71 75 73
31 39 80 24 28 28
31 40 68 40 41 31
31 41 57 42 50 41
32 33 71 32 30 27
32 34 1 88 98 96
32 35 51 47 48 54
32 36 99 6 6 11
32 37 8 80 85 79
32 38 13 83 78 87
32 39 15 74 73 73
32 40 85 24 24 16
32 41 65 43 34 32
33 34 30 69 71 62
33 35 89 20 20 11
33 36 28 72 74 75
33 37 49 47 51 57
33 38 47 48 53 53
33 39 89 22 9 22
33 40 36 57 66 67
33 41 57 49 46 45
34 35 63 37 41 45
34 36 68 35 28 37
34 37 70 31 26 27
34 38 54 41 44 44
34 39 66 39 36 32
34 40 44 51 51 59
34 41 20 75 69 67
35 36 61 34 46 42
35 37 5 84 80 87
35 38 0 89 96 88
35 39 93 10 8 13
35 40 27 69 64 69
35 41 41 59 53 58
36 37 36 62 62 67
36 38 73 27 34 36
36 39 17 84 82 74
36 40 20 78 71 74
36 41 92 16 16 8
37 38 54 42 50 39
37 39 19 69 80 81
37 40 21 75 73 74
37 41 70 33 25 39
38 39 24 66 70 70
38 40 70 32 36 34
38 41 10 84 91 89
39 40 15 73 77 75
39 41 4 85 86 89
40 41 37 59 60 53
