10 8
0.7 0 0 0 0 0 0 0.3
0 1 80 37 74 61 70 19 38 22
0 2 6 29 75 23 49 53 38 21
0 3 11 55 95 81 65 88 55 50
0 4 60 40 64 12 83 53 79 16
0 5 71 59 44 22 71 11 23 32
0 6 74 57 10 23 43 10 27 77
0 7 21 33 49 22 63 35 91 16
0 8 21 75 26 45 60 27 37 29
0 9 27 56 17 71 16 45 28 75
1 2 62 34 81 67 61 63 71 39
1 3 27 32 15 33 63 14 92 33
1 4 47 84 66 84 82 70 60 48
1 5 43 44 79 69 72 81 55 44
1 6 62 29 86 40 17 48 40 31
1 7 21 24 27 34 26 88 32 62
1 8 75 58 45 47 50 37 48 62
1 9 48 56 12 20 10 28 12 21
2 3 12 67 61 88 38 57 61 17
2 4 53 71 83 70 89 46 63 76
2 5 6 35 83 34 92 46 29 97
2 6 72 22 70 77 47 17 58 39
2 7 1 48 42 49 71 63 20 59
2 8 95 78 74 79 69 24 35 59
2 9 26 77 68 36 53 26 40 92
3 4 36 32 60 18 14 59 52 49
3 5 48 16 45 47 81 63 42 57
3 6 14 23 71 18 49 89 45 84
3 7 37 62 37 67 90 32 27 91
3 8 81 44 24 16 20 28 53 35
3 9 91 61 32 63 29 10 11 22
4 5 72 32 80 49 35 28 48 55
4 6 27 43 84 80 49 23 24 41
4 7 22 33 55 69 95 22 47 51
4 8 45 23 12 41 80 28 39 53
4 9 59 60 51 24 29 47 87 41
5 6 8 71 42 49 22 57 38 28
5 7 53 60 47 56 17 41 12 48
5 8 6 31 56 85 86 68 18 19
5 9 75 80 40 28 23 82 45 9
6 7 1 53 47 89 40 79 53 76
6 8 14 84 45 94 60 92 49 21
6 9 8 90 82 40 55 90 83 55
7 8 6 71 52 37 46 36 32 54
7 9 55 48 45 29 9 30 53 79
8 9 19 20 92 62 60 58 82 38
