15 8
0.7 0 0 0 0 0 0 0.3
0 1 10 26 96 68 45 67 39 95
0 2 8 74 72 79 50 73 72 50
0 3 51 38 21 80 22 64 14 33
0 4 82 47 35 37 36 30 65 81
0 5 74 28 24 33 41 29 10 32
0 6 26 44 41 88 47 86 31 62
0 7 52 34 54 52 57 33 24 83
0 8 93 79 5 65 70 11 52 5
0 9 46 10 82 80 28 51 71 58
0 10 38 23 82 29 39 58 85 67
0 11 72 54 15 79 80 63 60 23
0 12 56 53 75 13 58 26 37 15
0 13 66 75 80 83 85 41 18 61
0 14 24 84 41 64 81 72 88 29
1 2 66 16 35 80 33 47 37 84
1 3 60 48 61 18 70 48 73 77
1 4 26 49 91 80 79 31 37 40
1 5 36 39 22 23 60 17 64 49
1 6 3 84 26 81 70 76 26 32
1 7 16 59 79 51 68 33 78 28
1 8 64 27 50 15 16 80 85 46
1 9 62 56 59 68 51 17 48 70
1 10 74 24 53 22 55 49 65 74
1 11 53 71 65 72 38 18 34 62
1 12 95 29 9 38 20 67 57 13
1 13 15 71 37 79 28 27 21 46
1 14 21 24 34 55 91 18 50 84
2 3 81 61 35 5 5 69 48 11
2 4 37 18 43 80 13 22 58 61
2 5 88 71 6 33 71 21 7 7
2 6 67 70 53 83 43 66 78 76
2 7 3 41 92 31 50 48 27 42
2 8 66 64 60 42 26 52 44 72
2 9 78 37 74 20 47 8 67 25
2 10 98 28 15 41 4 2 62 0
2 11 20 95 95 40 64 72 89 24
2 12 31 48 38 44 73 14 60 37
2 13 16 63 61 93 26 16 47 62
2 14 1 64 89 95 96 64 91 41
3 4 20 48 79 34 23 31 38 81
3 5 56 79 48 55 69 60 47 12
3 6 46 37 23 12 33 69 28 15
3 7 18 86 62 76 29 38 30 58
3 8 54 63 26 81 59 38 59 24
3 9 13 61 95 82 79 75 47 75
3 10 30 38 32 82 35 75 25 75
3 11 32 32 85 27 90 24 44 72
3 12 68 51 84 47 7 72 37 59
3 13 76 55 41 13 64 83 48 52
3 14 57 29 10 62 44 66 13 51
4 5 18 26 85 35 32 47 65 86
4 6 43 77 27 64 73 62 56 23
4 7 22 50 24 88 70 43 94 91
4 8 74 76 80 5 57 20 22 74
4 9 26 51 16 65 47 61 44 55
4 10 14 56 45 45 61 90 65 38
4 11 94 23 44 77 46 40 63 23
4 12 58 61 35 28 84 40 61 42
4 13 78 11 29 20 54 30 43 65
4 14 45 14 47 67 84 42 48 68
5 6 20 24 34 19 38 21 38 28
5 7 95 34 45 36 74 75 2 64
5 8 39 15 58 64 28 42 73 63
5 9 20 31 75 30 44 77 77 58
5 10 12 65 59 37 40 62 37 44
5 11 80 81 53 50 43 57 67 45
5 12 66 9 47 37 61 70 34 40
5 13 62 48 60 47 42 84 70 35
5 14 61 59 44 25 81 9 64 26
6 7 59 64 66 82 39 67 31 75
6 8 73 79 36 30 54 73 19 27
6 9 15 42 42 69 45 64 84 23
6 10 35 73 37 59 73 90 29 68
6 11 3 54 72 51 31 52 49 79
6 12 6 24 42 71 58 97 61 80
6 13 44 39 88 50 60 26 27 41
6 14 11 75 38 48 40 82 65 94
7 8 73 64 18 20 22 61 54 45
7 9 47 13 46 19 57 27 27 69
7 10 48 26 28 66 11 10 55 34
7 11 14 77 82 75 95 80 40 43
7 12 88 8 66 71 20 3 38 73
7 13 49 70 37 24 71 66 43 61
7 14 49 87 58 79 71 23 18 26
8 9 56 15 38 40 85 28 14 55
8 10 13 21 77 81 55 37 31 38
8 11 22 27 19 47 89 22 73 55
8 12 62 53 83 72 12 72 31 73
8 13 85 23 20 22 22 77 71 42
8 14 71 79 26 24 36 78 76 51
9 10 42 77 26 39 89 71 46 57
9 11 15 60 24 27 85 26 90 28
9 12 97 71 74 73 18 79 63 50
9 13 73 53 55 29 58 83 20 20
9 14 33 76 37 32 29 14 57 26
10 11 37 14 47 75 45 26 91 16
10 12 60 21 19 72 37 35 16 15
10 13 45 54 36 74 20 83 86 76
10 14 81 33 20 22 51 27 42 80
11 12 83 72 42 37 43 27 31 17
11 13 93 43 65 47 7 78 6 57
11 14 79 45 73 19 72 75 62 28
12 13 11 78 50 24 48 85 93 63
12 14 31 15 89 35 31 48 43 69
13 14 64 62 11 57 9 61 20 38
