25 8
0.8 0 0 0 0 0 0 0.2
0 1 6 72 71 70 20 77 98 68
0 2 7 58 94 53 77 73 67 57
0 3 40 14 13 42 53 82 31 19
0 4 73 46 8 83 53 60 59 14
0 5 38 12 21 28 60 61 57 22
0 6 93 64 49 77 63 17 69 64
0 7 46 74 24 34 35 16 26 37
0 8 36 84 16 71 59 15 92 24
0 9 56 49 71 69 11 72 27 17
0 10 85 72 64 68 61 44 64 41
0 11 24 60 84 17 28 62 28 75
0 12 45 47 43 84 26 25 78 24
0 13 72 35 73 22 55 24 24 39
0 14 1 87 93 88 88 97 20 37
0 15 64 86 56 82 33 45 23 44
0 16 72 17 19 57 53 17 30 14
0 17 91 36 49 64 48 31 72 11
0 18 81 56 4 45 30 32 28 70
0 19 15 96 38 83 45 20 54 71
0 20 79 6 4 41 51 33 60 39
0 21 8 86 53 68 64 32 60 87
0 22 43 42 74 62 41 52 89 44
0 23 7 19 81 94 94 73 63 67
0 24 86 13 52 54 5 82 40 26
1 2 21 92 25 44 42 26 26 50
1 3 96 41 73 79 71 14 76 13
1 4 28 26 50 82 59 77 24 24
1 5 88 22 80 36 59 8 15 11
1 6 36 79 43 73 58 91 73 53
1 7 27 42 34 58 46 32 29 23
1 8 38 20 26 85 90 20 24 77
1 9 73 54 30 33 59 84 66 39
1 10 29 82 56 58 74 20 14 28
1 11 62 56 34 70 49 51 81 73
1 12 99 65 0 37 62 32 75 1
1 13 52 39 75 63 42 56 67 83
1 14 10 88 86 74 22 72 42 48
1 15 35 51 31 59 16 65 75 56
1 16 43 47 26 89 26 50 87 41
1 17 14 55 42 23 37 90 24 80
1 18 91 23 39 75 36 75 22 64
1 19 73 59 42 59 36 71 19 26
1 20 22 68 38 86 69 25 53 17
1 21 62 81 76 20 80 9 85 8
1 22 43 36 71 55 48 57 24 53
1 23 62 48 14 62 81 63 74 62
1 24 63 39 25 78 8 51 73 34
2 3 71 38 80 65 64 27 50 36
2 4 51 48 80 66 57 65 69 53
2 5 81 63 22 4 69 57 31 34
2 6 54 49 20 54 35 69 22 16
2 7 74 69 13 69 50 36 59 6
2 8 59 87 22 63 81 43 67 60
2 9 28 49 24 54 26 29 28 36
2 10 60 27 54 36 10 59 30 14
2 11 74 59 7 12 64 49 61 48
2 12 83 69 5 23 59 30 63 24
2 13 33 32 68 85 70 26 69 41
2 14 49 75 60 89 18 42 47 85
2 15 54 34 78 71 86 14 70 21
2 16 82 68 79 45 69 54 4 65
2 17 84 67 81 81 7 22 62 42
2 18 17 25 70 29 33 65 48 64
2 19 75 48 55 72 22 48 31 39
2 20 34 53 74 85 82 75 62 60
2 21 43 60 17 28 23 56 60 65
2 22 36 57 16 23 17 57 70 45
2 23 60 19 60 35 43 49 78 74
2 24 12 39 57 93 60 64 65 35
3 4 40 65 49 25 73 65 12 85
3 5 63 28 66 29 55 41 18 47
3 6 27 45 19 42 80 66 37 49
3 7 27 40 93 45 63 92 87 84
3 8 82 64 66 29 6 14 83 62
3 9 10 73 65 70 89 91 21 41
3 10 66 31 68 69 13 10 75 75
3 11 21 49 37 94 85 67 36 45
3 12 91 72 38 31 50 48 67 41
3 13 36 52 80 86 61 69 59 82
3 14 44 25 55 72 65 32 85 33
3 15 87 20 82 29 5 59 46 52
3 16 84 40 32 50 21 64 39 38
3 17 53 73 55 35 66 47 25 29
3 18 85 21 61 46 66 33 68 63
3 19 74 13 83 7 28 67 55 20
3 20 73 69 82 48 15 19 77 32
3 21 32 61 68 51 35 81 91 45
3 22 56 57 10 58 56 77 9 54
3 23 29 60 92 80 20 74 48 72
3 24 34 47 61 83 46 35 20 69
4 5 95 50 32 14 50 2 41 49
4 6 49 39 50 80 86 79 18 19
4 7 17 75 80 82 78 86 82 32
4 8 86 44 78 19 9 65 9 39
4 9 61 70 85 79 30 28 81 85
4 10 43 59 47 29 21 57 87 77
4 11 98 47 69 11 69 74 52 26
4 12 24 67 78 33 58 74 31 65
4 13 26 19 17 78 49 22 76 28
4 14 87 11 10 18 22 66 80 58
4 15 20 86 92 27 70 22 23 66
4 16 46 25 68 25 21 20 56 29
4 17 52 9 88 49 66 69 28 74
4 18 79 79 42 11 28 11 9 77
4 19 39 81 21 39 35 57 91 42
4 20 62 46 82 81 76 37 31 66
4 21 24 92 19 26 73 92 52 66
4 22 31 83 56 37 40 46 79 81
4 23 11 50 24 87 46 85 24 52
4 24 10 85 41 37 84 94 74 75
5 6 10 68 28 42 83 84 22 55
5 7 1 54 78 42 72 91 21 27
5 8 37 71 77 23 79 25 78 18
5 9 72 63 35 60 10 14 83 82
5 10 75 35 15 62 79 77 25 42
5 11 33 78 55 25 74 48 64 55
5 12 20 61 58 43 70 81 27 82
5 13 78 9 34 55 58 22 49 21
5 14 17 72 75 47 17 16 25 27
5 15 44 43 15 60 36 12 54 21
5 16 66 78 22 26 49 63 50 15
5 17 82 53 82 60 56 10 72 28
5 18 47 77 25 29 46 75 23 22
5 19 44 36 29 16 72 82 32 40
5 20 84 76 52 74 67 58 27 4
5 21 10 38 65 26 57 49 32 69
5 22 90 52 40 50 31 14 38 14
5 23 3 51 84 36 42 87 74 46
5 24 66 80 47 63 74 44 58 28
6 7 98 65 11 62 13 5 65 10
6 8 95 41 7 13 30 77 10 22
6 9 21 30 70 60 79 91 48 84
6 10 93 16 52 2 13 26 19 73
6 11 99 79 32 2 28 35 39 12
6 12 74 52 38 77 62 29 40 7
6 13 90 30 64 31 73 43 13 34
6 14 40 35 44 50 81 72 63 55
6 15 21 54 38 17 52 45 81 47
6 16 82 43 5 76 51 62 16 56
6 17 76 10 25 59 5 52 21 52
6 18 78 66 8 83 24 33 8 73
6 19 24 83 75 39 29 68 79 81
6 20 78 57 24 10 82 70 56 37
6 21 4 23 95 20 69 31 76 38
6 22 9 65 41 31 51 82 91 42
6 23 99 48 69 29 22 51 45 23
6 24 63 66 57 67 40 68 27 74
7 8 88 68 52 33 45 40 73 45
7 9 19 92 82 79 52 89 35 16
7 10 20 41 43 64 51 48 29 41
7 11 74 38 12 12 84 38 66 39
7 12 53 63 79 68 42 59 18 61
7 13 11 75 70 53 85 54 93 35
7 14 4 77 57 60 66 64 80 44
7 15 84 41 31 20 63 62 39 35
7 16 64 60 14 59 10 44 85 9
7 17 32 91 82 82 78 74 21 34
7 18 99 76 55 69 63 32 67 30
7 19 62 20 80 14 19 78 69 12
7 20 3 53 22 86 67 70 22 79
7 21 16 95 64 46 44 38 64 30
7 22 5 67 98 87 90 96 47 61
7 23 80 70 78 65 77 40 80 55
7 24 57 61 28 10 9 43 16 79
8 9 85 74 3 56 11 57 24 48
8 10 73 27 72 31 37 58 55 74
8 11 2 20 39 39 40 60 65 65
8 12 29 55 43 25 66 92 62 86
8 13 95 9 42 75 46 8 32 14
8 14 35 88 52 49 21 27 55 15
8 15 84 48 71 5 13 80 33 21
8 16 89 73 7 79 63 56 59 42
8 17 36 85 88 80 47 88 13 44
8 18 51 21 82 54 28 31 16 38
8 19 85 21 11 34 53 5 26 30
8 20 63 61 77 83 84 26 60 58
8 21 61 70 12 71 14 65 48 75
8 22 31 48 20 86 24 46 49 28
8 23 40 85 62 39 84 80 15 46
8 24 60 73 20 24 56 57 71 12
9 10 20 55 84 86 50 63 89 78
9 11 97 64 57 43 71 27 66 55
9 12 53 43 56 81 13 29 80 56
9 13 34 18 16 44 65 62 54 30
9 14 40 79 90 36 19 23 37 77
9 15 54 87 80 77 14 9 76 9
9 16 25 71 93 87 61 28 91 69
9 17 57 40 87 64 9 77 33 87
9 18 35 36 77 59 81 55 44 37
9 19 58 86 51 78 73 17 76 78
9 20 67 62 35 64 28 77 24 26
9 21 94 38 55 74 67 75 72 62
9 22 53 47 61 10 78 12 11 29
9 23 44 53 63 24 28 74 21 12
9 24 28 46 19 29 64 44 19 28
10 11 36 55 47 18 74 48 19 73
10 12 81 26 61 23 38 60 81 65
10 13 60 41 51 45 50 62 77 49
10 14 23 61 56 93 28 42 73 70
10 15 99 39 62 57 42 30 12 65
10 16 72 19 10 25 36 82 34 13
10 17 66 19 25 14 11 27 35 43
10 18 90 53 10 50 81 22 2 53
10 19 78 17 38 73 38 12 15 76
10 20 79 16 22 53 12 51 49 47
10 21 43 72 68 62 27 81 49 32
10 22 83 24 29 42 13 74 48 47
10 23 19 54 74 41 32 62 41 23
10 24 84 40 65 55 4 60 82 70
11 12 7 56 39 81 49 90 37 36
11 13 32 77 40 22 22 26 33 83
11 14 17 36 22 28 88 80 67 87
11 15 83 75 10 19 74 57 65 38
11 16 30 19 44 83 59 20 59 88
11 17 92 53 25 6 71 27 36 3
11 18 24 94 55 87 49 67 28 51
11 19 53 51 44 88 66 76 16 21
11 20 76 80 49 82 17 79 46 26
11 21 14 90 20 31 18 32 23 74
11 22 52 68 86 35 70 86 50 87
11 23 46 49 63 60 84 49 84 86
11 24 27 51 21 40 89 62 65 22
12 13 21 18 15 63 64 74 76 51
12 14 40 71 65 71 32 30 45 88
12 15 96 65 51 46 5 61 63 15
12 16 67 37 9 65 37 14 20 69
12 17 56 72 15 81 63 60 47 86
12 18 66 30 18 64 16 41 63 26
12 19 99 57 61 59 32 42 70 25
12 20 70 83 20 62 12 75 17 75
12 21 21 51 85 90 55 59 78 61
12 22 93 5 67 20 65 30 54 21
12 23 7 84 25 91 84 89 22 82
12 24 5 65 64 39 95 58 77 52
13 14 96 26 64 39 5 51 24 1
13 15 0 69 53 99 61 90 55 43
13 16 28 21 86 87 88 74 39 43
13 17 34 72 49 91 65 53 50 65
13 18 46 30 52 21 57 26 22 27
13 19 97 20 4 36 14 75 60 9
13 20 82 50 15 16 39 42 64 16
13 21 9 97 64 64 27 85 39 34
13 22 24 54 40 29 48 89 37 19
13 23 10 81 59 96 56 58 73 94
13 24 98 3 46 11 52 61 42 61
14 15 96 40 33 27 51 76 43 71
14 16 98 61 29 32 59 75 67 1
14 17 20 58 36 44 40 49 88 34
14 18 60 15 53 79 50 14 36 12
14 19 25 22 18 32 50 84 46 75
14 20 74 74 33 70 53 59 19 65
14 21 53 58 57 24 62 21 49 24
14 22 52 80 41 44 43 70 63 44
14 23 88 42 44 32 4 58 68 63
14 24 27 61 46 49 46 27 22 90
15 16 91 17 41 46 54 7 12 35
15 17 24 58 89 23 79 44 27 42
15 18 59 39 11 14 67 43 82 13
15 19 0 85 40 74 39 69 48 93
15 20 58 81 77 48 79 19 14 77
15 21 71 78 73 80 68 43 40 76
15 22 98 53 11 18 65 49 30 3
15 23 97 61 46 44 29 56 20 13
15 24 26 78 67 80 55 63 79 68
16 17 55 54 39 60 61 88 84 58
16 18 57 78 62 67 9 37 18 22
16 19 10 62 37 37 30 43 79 51
16 20 79 81 43 18 54 83 12 60
16 21 46 16 54 87 43 33 40 84
16 22 43 78 64 26 43 28 35 14
16 23 81 74 27 45 61 79 11 78
16 24 64 20 85 48 84 65 31 11
17 18 30 25 67 17 37 28 64 73
17 19 14 53 74 25 82 83 66 96
17 20 11 83 40 20 41 28 31 37
17 21 13 81 19 45 37 74 55 65
17 22 2 37 34 86 46 24 64 61
17 23 63 39 11 58 13 42 84 8
17 24 13 27 22 30 21 32 54 45
18 19 10 96 83 41 58 30 36 45
18 20 48 69 67 74 85 54 62 61
18 21 59 20 71 31 38 38 71 26
18 22 87 53 22 70 10 17 46 45
18 23 38 67 49 68 89 15 29 89
18 24 10 50 29 60 88 57 26 68
19 20 87 73 20 34 54 17 54 70
19 21 21 58 82 57 63 80 48 43
19 22 46 18 71 47 37 84 26 45
19 23 31 36 82 47 20 30 76 87
19 24 87 47 61 43 56 80 31 54
20 21 41 26 41 14 57 82 60 31
20 22 6 28 23 25 90 68 73 71
20 23 66 39 78 19 12 65 24 84
20 24 6 65 21 57 96 96 35 29
21 22 88 69 53 22 49 72 80 55
21 23 91 37 49 37 9 44 32 39
21 24 95 42 17 37 30 23 5 26
22 23 23 84 39 69 60 34 18 21
22 24 97 54 27 53 42 14 14 5
23 24 99 32 34 14 37 66 79 26
