30 8
0.3 0 0 0 0 0 0 0.7
0 1 79 23 18 24 27 25 21 29
0 2 43 53 59 59 52 51 62 51
0 3 27 69 66 72 75 66 63 68
0 4 35 64 64 66 68 60 67 55
0 5 23 69 65 73 73 70 65 71
0 6 8 87 85 85 88 88 84 78
0 7 10 86 78 85 89 77 76 81
0 8 99 2 8 13 6 7 1 3
0 9 73 36 23 25 31 34 25 35
0 10 81 27 17 21 15 18 16 22
0 11 50 52 47 43 47 47 48 52
0 12 82 29 21 21 23 27 22 23
0 13 12 79 85 77 84 79 76 78
0 14 14 80 75 76 83 73 78 85
0 15 39 64 62 57 55 58 61 56
0 16 70 27 25 25 31 31 29 39
0 17 13 73 77 80 86 83 85 77
0 18 97 12 8 2 2 12 8 13
0 19 7 89 80 90 91 91 79 81
0 20 38 66 65 61 59 65 57 60
0 21 75 27 29 28 34 35 32 33
0 22 21 81 74 72 78 77 79 77
0 23 87 14 21 11 19 19 16 18
0 24 91 16 16 10 19 9 18 19
0 25 87 11 20 11 18 24 16 25
0 26 32 71 70 58 61 61 66 60
0 27 89 21 17 13 15 17 20 23
0 28 46 47 55 55 46 49 59 51
0 29 28 68 72 60 68 65 74 62
1 2 83 24 26 19 15 16 25 20
1 3 75 21 34 21 31 21 30 32
1 4 1 97 88 92 94 96 94 96
1 5 54 50 52 40 44 52 52 46
1 6 37 66 65 65 65 67 58 56
1 7 97 13 8 2 8 7 6 8
1 8 46 55 57 54 46 55 51 45
1 9 77 21 27 21 33 29 21 28
1 10 77 31 23 25 21 30 21 22
1 11 60 42 46 39 43 41 40 44
1 12 26 64 65 71 76 63 76 70
1 13 36 65 64 67 55 57 53 56
1 14 49 48 44 47 56 56 46 52
1 15 63 42 34 34 42 43 41 33
1 16 98 4 11 9 4 9 4 8
1 17 85 19 23 18 21 22 14 23
1 18 52 43 41 52 54 41 52 44
1 19 65 31 31 40 35 32 33 37
1 20 91 8 14 18 19 21 16 15
1 21 75 25 22 33 35 20 25 21
1 22 50 43 56 42 53 43 49 43
1 23 10 76 85 78 82 89 84 79
1 24 8 91 77 78 83 81 91 84
1 25 65 44 36 39 34 39 33 39
1 26 98 8 4 3 1 13 14 14
1 27 94 14 6 10 13 15 7 19
1 28 92 9 8 6 10 12 12 18
1 29 87 24 24 12 13 14 15 10
2 3 37 66 60 60 67 66 64 61
2 4 14 80 87 85 87 84 77 85
2 5 32 59 63 70 70 69 71 67
2 6 89 9 15 10 20 16 19 10
2 7 98 7 1 11 12 6 11 9
2 8 66 37 28 40 37 30 37 30
2 9 2 94 95 86 91 88 83 85
2 10 99 12 1 12 4 11 9 5
2 11 1 88 84 91 91 89 96 84
2 12 33 63 67 68 67 71 62 69
2 13 52 51 41 54 43 48 46 48
2 14 5 86 87 89 82 82 83 95
2 15 29 68 70 67 60 67 62 72
2 16 67 41 39 31 39 37 35 38
2 17 94 19 5 11 8 16 19 18
2 18 57 44 49 42 45 38 36 40
2 19 32 68 70 60 63 58 70 64
2 20 64 44 42 33 38 33 34 40
2 21 80 23 24 28 29 18 29 22
2 22 72 35 30 34 29 26 27 30
2 23 96 3 10 16 14 7 3 10
2 24 25 73 75 72 71 76 78 66
2 25 2 87 92 84 89 94 96 85
2 26 86 15 23 15 11 19 18 12
2 27 72 31 24 35 28 30 28 33
2 28 94 12 19 9 14 4 12 8
2 29 99 4 15 4 7 10 12 9
3 4 86 26 26 15 21 14 20 22
3 5 67 37 29 31 41 42 29 40
3 6 95 9 9 17 8 7 15 17
3 7 3 86 85 93 93 84 92 89
3 8 95 7 8 9 14 15 5 4
3 9 47 49 55 53 51 53 50 53
3 10 28 63 64 65 66 72 61 75
3 11 81 23 18 23 20 27 16 15
3 12 14 77 73 86 74 81 87 76
3 13 86 19 20 21 14 22 19 18
3 14 7 84 88 82 89 83 89 92
3 15 90 23 15 10 19 15 20 17
3 16 65 31 31 36 35 34 35 29
3 17 8 84 80 84 80 91 89 91
3 18 69 40 39 36 38 30 30 27
3 19 28 65 72 62 71 65 69 64
3 20 90 19 23 11 17 14 18 16
3 21 10 78 84 78 82 80 80 80
3 22 83 28 24 26 24 23 25 14
3 23 51 53 49 45 55 54 42 41
3 24 14 81 81 86 83 73 85 81
3 25 79 19 25 28 30 19 19 20
3 26 63 42 32 42 44 37 42 39
3 27 80 23 25 28 27 24 29 17
3 28 45 49 57 46 52 60 49 54
3 29 72 24 23 24 35 24 33 35
4 5 24 70 72 69 67 64 76 71
4 6 82 18 29 17 14 14 21 19
4 7 78 22 21 21 20 26 20 24
4 8 73 32 32 24 28 31 32 33
4 9 80 25 22 30 21 17 24 27
4 10 22 72 69 65 70 67 75 72
4 11 79 21 26 20 27 29 28 31
4 12 90 17 11 19 8 20 10 22
4 13 80 16 19 18 21 22 27 19
4 14 37 56 65 63 55 67 62 62
4 15 21 81 69 77 81 69 68 80
4 16 36 58 61 62 62 54 61 55
4 17 30 68 71 59 68 73 66 72
4 18 94 11 5 8 7 16 5 17
4 19 63 37 36 43 44 39 33 37
4 20 44 54 49 48 48 48 61 53
4 21 66 35 34 40 39 41 35 28
4 22 15 78 82 79 72 75 78 76
4 23 18 72 83 80 81 69 71 82
4 24 68 39 36 39 36 34 31 35
4 25 69 35 37 34 27 32 32 38
4 26 84 14 23 25 24 16 14 25
4 27 8 85 85 90 80 91 87 81
4 28 97 10 11 3 7 3 16 9
4 29 48 46 49 50 57 48 47 55
5 6 10 81 79 79 80 77 90 83
5 7 92 7 18 11 13 18 8 11
5 8 30 67 64 66 59 71 72 69
5 9 83 17 20 28 15 16 16 17
5 10 99 13 9 3 0 13 10 5
5 11 76 33 27 25 30 20 30 24
5 12 93 5 18 18 16 6 15 8
5 13 61 33 42 37 33 44 35 44
5 14 2 91 85 88 89 89 96 88
5 15 48 48 47 48 49 46 53 44
5 16 79 30 22 30 17 26 17 20
5 17 24 66 71 73 71 77 73 64
5 18 98 10 2 6 9 5 10 5
5 19 77 25 28 21 22 19 22 24
5 20 44 55 60 57 58 52 48 57
5 21 35 63 57 58 55 63 60 68
5 22 56 38 50 40 50 40 44 48
5 23 46 57 50 52 47 46 46 48
5 24 62 33 36 40 34 45 38 44
5 25 50 44 41 45 53 56 50 52
5 26 79 25 18 32 24 24 31 18
5 27 60 42 47 40 39 46 48 34
5 28 36 59 59 56 59 55 67 65
5 29 65 35 40 38 32 37 41 38
6 7 42 63 50 61 53 54 58 61
6 8 85 20 16 21 13 27 19 13
6 9 29 65 72 64 70 64 61 70
6 10 50 50 54 42 51 45 44 44
6 11 64 32 36 44 32 35 44 42
6 12 36 62 61 68 65 67 59 67
6 13 97 16 10 3 5 7 14 17
6 14 17 81 77 70 81 78 82 71
6 15 44 62 62 52 54 58 61 49
6 16 86 20 22 12 20 12 14 13
6 17 46 53 55 49 46 49 53 55
6 18 69 29 28 34 36 26 38 27
6 19 43 49 52 52 59 59 50 59
6 20 99 1 5 4 7 14 8 3
6 21 96 14 14 5 17 8 14 9
6 22 6 90 90 82 85 93 82 80
6 23 20 82 80 69 71 80 76 81
6 24 39 64 56 53 56 54 57 58
6 25 98 15 9 11 9 4 3 8
6 26 43 58 55 51 59 50 48 56
6 27 95 7 5 15 8 4 8 16
6 28 47 46 50 55 55 47 45 51
6 29 4 81 91 89 95 92 92 86
7 8 8 87 87 80 82 79 87 81
7 9 35 70 64 62 64 69 67 68
7 10 97 7 7 16 11 2 11 14
7 11 87 20 11 15 11 12 21 17
7 12 29 64 72 67 63 74 64 72
7 13 6 87 86 80 81 80 83 81
7 14 51 55 47 54 49 53 54 50
7 15 47 55 48 56 57 51 57 58
7 16 42 52 57 55 62 58 54 61
7 17 51 55 50 51 42 49 44 44
7 18 48 45 46 47 58 57 52 54
7 19 84 27 24 22 13 27 22 14
7 20 84 20 27 24 22 20 24 21
7 21 87 22 23 17 24 18 17 15
7 22 81 21 29 27 29 18 29 16
7 23 95 18 3 5 5 18 14 9
7 24 75 31 23 26 31 21 21 25
7 25 87 22 15 13 13 13 15 21
7 26 50 47 43 49 56 50 44 45
7 27 4 89 82 87 91 94 87 80
7 28 63 44 42 32 43 38 43 31
7 29 15 85 76 72 80 78 77 80
8 9 29 60 73 72 67 70 68 73
8 10 4 92 84 84 91 93 82 82
8 11 99 2 5 10 6 9 3 3
8 12 38 64 61 53 55 63 65 60
8 13 58 46 45 35 47 43 37 42
8 14 26 73 69 69 65 70 77 74
8 15 13 74 87 79 87 87 75 76
8 16 87 23 12 17 22 13 11 22
8 17 41 49 55 60 60 53 59 63
8 18 1 96 94 94 94 89 97 95
8 19 41 59 50 58 57 63 65 51
8 20 87 24 10 18 25 13 14 20
8 21 99 15 6 2 6 8 5 7
8 22 17 79 73 81 82 77 82 82
8 23 7 82 91 80 87 88 79 84
8 24 12 83 74 76 79 88 87 75
8 25 40 56 53 62 60 60 50 56
8 26 25 70 78 69 73 70 63 64
8 27 81 27 24 23 19 19 16 25
8 28 23 77 74 71 71 73 78 74
8 29 63 41 45 36 40 40 43 35
9 10 91 13 20 15 8 9 19 21
9 11 83 14 19 27 15 18 21 17
9 12 34 64 67 57 63 70 60 64
9 13 33 65 69 64 71 59 64 66
9 14 57 41 40 38 46 48 46 43
9 15 50 45 53 50 43 46 47 47
9 16 65 34 30 42 29 37 41 31
9 17 66 35 30 39 34 29 41 37
9 18 0 94 98 91 88 98 86 93
9 19 40 56 56 58 64 50 58 58
9 20 27 69 69 64 65 71 75 75
9 21 98 14 14 9 2 10 3 12
9 22 72 28 29 35 27 37 27 26
9 23 20 81 81 75 70 81 80 73
9 24 25 75 71 64 66 64 77 69
9 25 48 51 55 51 44 46 54 55
9 26 51 41 49 56 43 50 49 55
9 27 32 67 65 63 69 70 66 60
9 28 69 32 39 38 31 31 27 38
9 29 66 38 43 42 33 39 30 36
10 11 21 79 67 68 75 80 78 79
10 12 23 69 74 66 68 77 71 67
10 13 26 76 63 72 72 75 76 65
10 14 62 46 39 36 36 39 32 41
10 15 54 51 49 44 44 47 49 47
10 16 9 89 78 86 80 84 78 90
10 17 1 93 84 94 94 95 86 97
10 18 81 27 22 24 25 23 24 19
10 19 4 81 93 88 81 93 87 84
10 20 0 96 87 85 92 95 97 99
10 21 11 77 83 89 79 78 85 79
10 22 85 25 17 19 20 24 18 22
10 23 22 73 70 70 75 72 66 67
10 24 45 58 47 51 51 46 46 54
10 25 23 75 75 74 70 66 76 65
10 26 26 71 71 76 63 69 70 70
10 27 21 70 70 78 67 78 75 76
10 28 3 86 88 92 86 91 88 93
10 29 17 83 75 82 75 82 76 83
11 12 50 50 51 55 47 44 46 49
11 13 5 92 93 89 94 87 84 84
11 14 26 72 64 75 69 73 64 64
11 15 75 34 35 31 28 34 34 26
11 16 27 68 61 70 67 63 69 73
11 17 89 11 12 18 23 15 19 15
11 18 76 22 20 23 25 25 29 29
11 19 88 19 17 15 23 11 10 23
11 20 2 91 96 88 83 97 92 95
11 21 55 37 49 39 42 44 48 43
11 22 33 65 68 66 65 61 68 61
11 23 35 59 61 59 56 58 68 68
11 24 4 82 94 89 90 84 84 91
11 25 76 23 20 26 32 34 33 28
11 26 61 37 40 46 37 45 34 39
11 27 14 85 87 83 73 80 78 75
11 28 32 68 71 72 71 59 63 69
11 29 38 63 63 54 56 53 55 62
12 13 31 59 64 69 67 69 59 60
12 14 40 55 56 55 52 62 60 52
12 15 71 32 28 30 28 33 34 35
12 16 97 4 7 8 15 5 12 3
12 17 8 87 85 81 90 88 90 92
12 18 36 64 60 53 63 62 63 65
12 19 13 79 87 83 78 79 87 85
12 20 80 26 21 17 18 22 23 26
12 21 64 38 36 37 36 35 38 36
12 22 67 38 33 31 34 32 42 39
12 23 35 59 55 59 55 63 67 59
12 24 83 18 21 14 27 17 23 25
12 25 87 21 16 13 16 10 22 12
12 26 95 5 16 18 9 5 17 9
12 27 29 68 60 66 74 60 72 71
12 28 46 59 46 51 49 56 53 52
12 29 44 48 50 61 57 60 49 47
13 14 19 72 73 70 77 82 77 74
13 15 25 76 77 77 63 64 64 67
13 16 66 33 42 33 36 30 38 42
13 17 48 49 54 46 52 56 48 55
13 18 75 27 27 33 23 29 23 31
13 19 54 40 47 46 43 41 47 43
13 20 73 27 23 23 22 33 37 34
13 21 33 60 59 63 58 70 65 66
13 22 60 42 46 38 35 42 44 43
13 23 4 88 85 87 91 82 86 86
13 24 68 35 39 40 29 37 28 34
13 25 14 75 84 73 74 85 82 86
13 26 61 45 45 46 44 41 37 33
13 27 44 54 52 56 57 52 51 52
13 28 29 67 67 69 65 65 72 69
13 29 65 39 37 35 30 35 42 30
14 15 97 8 2 15 2 16 12 3
14 16 61 46 46 45 38 44 45 41
14 17 57 42 41 37 42 51 43 48
14 18 94 18 5 18 7 12 16 16
14 19 79 31 24 24 23 19 21 28
14 20 1 87 86 93 84 86 93 96
14 21 91 14 8 7 22 17 18 10
14 22 92 16 17 19 10 13 17 13
14 23 23 65 73 74 78 74 79 66
14 24 50 45 42 43 48 51 50 45
14 25 8 92 87 90 85 91 90 77
14 26 53 50 45 49 45 48 41 45
14 27 30 64 63 68 65 61 61 73
14 28 59 43 42 46 45 48 42 34
14 29 35 60 61 60 56 67 58 55
15 16 36 55 61 60 62 63 59 56
15 17 12 78 78 81 88 81 83 75
15 18 13 86 84 86 83 81 80 82
15 19 70 32 38 27 33 37 33 28
15 20 87 20 18 20 20 11 20 12
15 21 46 51 47 45 45 52 51 48
15 22 72 25 26 37 34 27 24 31
15 23 54 40 51 40 53 51 43 46
15 24 92 21 19 16 16 7 14 17
15 25 27 63 61 64 69 65 65 64
15 26 58 44 45 42 38 39 44 41
15 27 69 36 40 39 32 33 37 30
15 28 18 78 82 79 74 78 79 79
15 29 55 44 41 47 49 44 46 44
16 17 57 41 41 46 49 47 47 47
16 18 76 31 24 35 30 29 28 29
16 19 20 75 80 71 82 80 77 78
16 20 75 35 35 31 28 25 30 32
16 21 44 57 53 48 53 61 51 53
16 22 82 21 20 23 29 19 25 16
16 23 92 9 19 17 11 11 18 10
16 24 81 27 20 23 19 26 20 27
16 25 24 77 71 67 78 73 74 71
16 26 83 26 16 19 24 16 16 16
16 27 30 69 67 69 67 61 61 67
16 28 73 23 29 33 31 30 24 23
16 29 37 58 59 62 52 67 54 64
17 18 92 12 8 15 19 21 15 9
17 19 15 84 72 84 77 84 81 84
17 20 78 18 25 29 32 31 32 22
17 21 46 57 57 59 48 59 55 58
17 22 1 98 83 95 87 94 92 91
17 23 76 29 20 32 20 33 32 21
17 24 32 59 65 61 72 66 71 70
17 25 1 87 96 98 92 97 95 90
17 26 41 60 58 51 55 59 59 59
17 27 92 9 16 20 8 15 13 19
17 28 16 83 81 78 79 71 78 83
17 29 23 79 68 73 78 69 73 67
18 19 99 0 7 5 4 11 0 3
18 20 65 32 32 30 40 38 40 39
18 21 23 72 79 76 70 65 68 73
18 22 3 82 89 83 81 86 86 84
18 23 78 18 28 18 23 18 32 25
18 24 8 89 86 82 88 83 81 80
18 25 17 71 75 76 77 74 82 79
18 26 65 42 38 31 42 36 43 41
18 27 63 39 45 43 34 33 33 36
18 28 94 8 11 16 8 5 14 13
18 29 96 2 3 6 2 11 17 4
19 20 15 84 75 82 82 77 83 80
19 21 75 33 33 23 29 27 27 26
19 22 93 12 20 10 17 9 11 10
19 23 34 55 58 67 58 57 64 56
19 24 52 46 44 46 52 51 43 46
19 25 1 84 98 95 86 88 98 92
19 26 76 20 33 27 27 33 32 28
19 27 76 27 29 29 22 20 28 32
19 28 32 71 61 69 59 65 66 58
19 29 29 69 65 69 69 69 67 74
20 21 72 34 38 34 28 28 35 32
20 22 41 61 58 56 58 53 62 51
20 23 60 44 47 33 40 38 35 41
20 24 94 19 5 9 17 7 4 16
20 25 76 33 34 32 20 25 30 26
20 26 37 63 56 63 63 57 61 58
20 27 75 28 25 26 34 21 31 27
20 28 43 56 62 54 51 58 59 58
20 29 81 27 16 16 22 21 28 25
21 22 94 12 18 7 15 8 13 10
21 23 56 48 50 43 41 47 42 45
21 24 67 33 36 40 42 36 28 29
21 25 12 86 82 89 80 84 89 75
21 26 17 78 77 75 75 84 71 83
21 27 48 56 46 55 57 44 47 44
21 28 34 61 66 69 63 62 67 57
21 29 42 62 52 49 50 63 49 51
22 23 83 27 20 22 28 22 22 14
22 24 94 10 14 12 5 5 16 11
22 25 29 62 62 69 62 66 66 63
22 26 10 78 90 82 83 77 89 90
22 27 73 24 35 31 26 30 35 23
22 28 34 63 57 70 57 56 70 55
22 29 92 9 20 14 11 13 14 20
23 24 79 26 23 30 24 25 23 19
23 25 17 77 73 76 70 79 78 71
23 26 83 22 27 20 24 20 20 18
23 27 87 14 20 24 22 17 25 10
23 28 83 14 21 22 22 18 13 25
23 29 43 55 58 61 61 54 53 48
24 25 26 63 76 63 69 64 72 63
24 26 98 11 15 11 8 6 16 6
24 27 94 14 4 7 15 4 11 17
24 28 1 84 87 90 94 97 92 88
24 29 63 37 34 37 31 38 43 35
25 26 36 55 64 53 54 65 63 57
25 27 62 41 35 45 40 37 45 41
25 28 14 83 83 79 83 80 84 86
25 29 14 83 74 77 84 77 75 73
26 27 84 21 19 21 19 21 16 16
26 28 48 55 54 45 56 51 54 52
26 29 23 75 67 73 67 69 75 77
27 28 91 17 11 18 11 9 16 15
27 29 42 60 61 54 57 49 61 60
28 29 25 71 66 75 75 67 74 69
