35 8
0.2 0 0 0 0 0 0 0.8
0 1 16 61 66 18 25 64 31 35
0 2 10 91 26 95 23 73 20 80
0 3 20 91 75 31 36 95 32 84
0 4 11 90 76 20 47 26 26 35
0 5 32 78 44 67 31 44 73 60
0 6 23 91 91 28 86 30 77 45
0 7 10 64 95 91 65 62 95 48
0 8 10 50 94 41 21 38 28 21
0 9 99 14 4 60 6 44 34 62
0 10 39 35 45 26 16 22 49 68
0 11 98 17 14 47 47 5 1 27
0 12 53 67 88 60 41 56 70 31
0 13 95 77 74 1 12 39 57 15
0 14 72 47 65 13 72 82 83 42
0 15 37 64 14 18 58 55 59 60
0 16 80 13 59 80 44 35 60 26
0 17 49 15 17 13 20 60 60 38
0 18 44 70 46 68 54 27 66 34
0 19 81 6 31 24 60 32 42 47
0 20 31 66 46 26 36 51 51 55
0 21 47 28 12 44 47 24 41 85
0 22 30 19 85 55 79 43 33 60
0 23 56 66 56 9 16 12 64 44
0 24 28 58 51 48 40 78 73 17
0 25 64 75 14 28 57 80 18 35
0 26 84 71 69 10 6 18 11 68
0 27 71 32 12 58 82 23 16 46
0 28 1 81 62 38 59 61 97 88
0 29 58 67 9 50 72 12 78 30
0 30 75 22 59 64 24 57 39 28
0 31 85 4 74 17 52 76 58 12
0 32 82 27 18 43 16 18 41 54
0 33 46 56 14 64 81 19 78 58
0 34 45 30 65 75 40 15 40 25
1 2 53 40 81 73 21 78 10 74
1 3 14 32 27 24 42 32 17 64
1 4 61 24 43 8 25 45 53 77
1 5 77 69 10 29 73 14 5 35
1 6 14 30 65 51 75 91 96 79
1 7 72 74 52 16 54 56 14 74
1 8 99 37 35 57 21 2 56 52
1 9 97 36 40 50 8 34 58 52
1 10 16 84 79 36 58 21 67 93
1 11 59 24 9 86 60 19 82 63
1 12 16 44 78 82 91 57 28 59
1 13 61 34 24 78 69 34 69 31
1 14 92 12 32 45 54 64 12 67
1 15 77 66 41 27 16 82 35 34
1 16 61 22 21 71 76 75 35 23
1 17 96 60 52 14 57 68 57 6
1 18 67 35 81 52 20 29 54 16
1 19 78 6 35 77 82 34 69 67
1 20 49 45 24 77 69 23 78 25
1 21 44 38 14 75 34 50 60 37
1 22 81 16 79 80 48 6 55 18
1 23 92 51 60 10 77 67 8 63
1 24 15 29 31 63 49 95 54 87
1 25 67 12 63 42 62 31 83 83
1 26 48 25 43 80 82 25 52 51
1 27 80 52 32 5 10 60 27 28
1 28 33 24 92 45 43 79 83 75
1 29 78 7 37 19 68 24 70 30
1 30 2 52 51 32 94 43 91 70
1 31 37 84 15 32 48 92 47 71
1 32 46 21 67 81 38 50 41 84
1 33 48 81 31 59 60 46 14 85
1 34 38 30 64 51 53 82 12 86
2 3 83 41 72 30 22 54 10 75
2 4 69 65 19 38 10 6 56 21
2 5 13 60 74 86 26 70 24 66
2 6 64 15 50 10 41 66 65 51
2 7 6 22 55 96 61 59 89 38
2 8 0 45 35 49 87 46 37 97
2 9 65 79 46 11 20 19 34 68
2 10 83 43 32 67 49 81 62 31
2 11 40 45 22 55 57 73 33 63
2 12 97 9 5 15 17 72 28 38
2 13 59 56 84 84 69 17 82 10
2 14 15 31 64 94 56 32 54 59
2 15 9 88 67 67 84 65 93 84
2 16 82 77 38 82 8 66 75 59
2 17 87 7 43 31 31 45 57 63
2 18 2 89 69 97 96 50 71 65
2 19 69 10 66 18 38 75 28 37
2 20 97 0 40 17 58 70 39 12
2 21 17 80 43 95 19 56 39 86
2 22 64 11 53 12 80 56 46 21
2 23 71 61 66 28 75 71 46 37
2 24 77 18 29 66 66 66 5 41
2 25 62 68 71 77 27 32 58 37
2 26 48 89 18 12 73 80 39 21
2 27 34 92 38 17 28 28 76 39
2 28 82 23 63 36 69 80 7 38
2 29 62 65 64 55 84 76 16 64
2 30 12 89 95 20 28 22 96 92
2 31 8 40 58 72 65 57 24 49
2 32 25 40 75 41 71 54 25 57
2 33 61 29 72 84 20 58 46 66
2 34 26 69 38 92 68 87 81 68
3 4 73 28 36 72 45 55 43 59
3 5 51 78 56 81 84 69 70 58
3 6 85 27 38 30 12 47 66 54
3 7 96 6 64 73 34 18 54 74
3 8 57 18 40 25 73 82 62 85
3 9 63 71 50 68 22 69 32 56
3 10 19 49 73 24 21 69 62 50
3 11 9 36 90 21 77 59 85 95
3 12 91 24 62 25 76 12 1 77
3 13 13 65 85 68 43 51 25 87
3 14 74 59 13 45 53 65 41 11
3 15 97 7 52 48 46 27 77 45
3 16 67 12 47 10 81 83 45 10
3 17 86 63 35 33 59 79 69 7
3 18 78 74 22 32 77 22 21 75
3 19 45 82 56 84 65 80 50 55
3 20 88 68 75 58 16 29 42 73
3 21 78 53 30 66 14 27 52 8
3 22 33 49 91 59 50 77 93 64
3 23 77 19 83 59 38 62 69 44
3 24 50 62 10 70 75 87 12 83
3 25 21 64 84 88 26 64 34 89
3 26 54 82 12 43 87 9 47 82
3 27 87 20 82 54 56 73 33 58
3 28 7 87 87 28 56 32 82 97
3 29 45 45 24 39 13 50 42 10
3 30 59 81 57 86 65 21 45 17
3 31 5 72 88 46 97 32 96 50
3 32 92 62 10 54 69 72 75 14
3 33 63 31 44 85 54 22 83 75
3 34 10 64 48 43 84 44 39 46
4 5 12 64 25 84 32 84 84 26
4 6 36 62 41 70 54 23 29 76
4 7 85 25 76 53 43 56 48 33
4 8 90 78 78 16 7 22 45 73
4 9 70 42 8 61 28 49 48 14
4 10 32 60 65 71 35 78 16 13
4 11 69 9 22 17 44 30 9 31
4 12 69 25 47 83 75 78 33 50
4 13 31 75 45 51 48 50 64 92
4 14 63 77 26 9 58 81 45 80
4 15 13 67 29 89 41 21 74 39
4 16 40 47 88 90 56 72 65 45
4 17 18 81 41 19 60 51 24 61
4 18 24 19 60 54 81 69 59 25
4 19 26 36 41 45 55 31 67 83
4 20 43 23 12 45 89 46 90 52
4 21 72 82 29 45 66 7 38 64
4 22 89 38 41 59 43 4 69 57
4 23 71 9 12 9 81 10 66 49
4 24 99 70 18 45 77 25 26 7
4 25 73 63 29 8 50 74 19 42
4 26 73 45 32 33 66 70 41 83
4 27 91 12 27 68 58 38 74 25
4 28 89 67 4 60 25 60 7 41
4 29 81 14 9 70 57 57 34 49
4 30 63 70 8 38 78 31 19 15
4 31 70 56 21 67 19 60 34 37
4 32 42 40 71 73 78 37 29 65
4 33 32 36 45 25 65 77 68 64
4 34 56 68 35 44 20 40 82 44
5 6 18 90 82 30 87 27 81 67
5 7 89 17 22 27 9 27 36 12
5 8 24 87 55 48 22 30 68 79
5 9 62 37 26 40 33 8 7 11
5 10 74 33 63 45 6 67 59 12
5 11 98 78 70 0 55 76 41 22
5 12 95 8 49 63 76 37 44 55
5 13 90 77 14 55 65 42 45 25
5 14 53 52 38 25 70 62 85 47
5 15 27 73 46 21 20 66 18 17
5 16 32 91 63 80 52 41 85 85
5 17 85 48 68 63 6 77 51 66
5 18 14 37 76 69 34 42 28 60
5 19 50 72 35 49 77 58 54 63
5 20 71 63 72 83 41 57 61 71
5 21 46 24 44 60 15 47 31 30
5 22 81 46 48 36 15 20 73 3
5 23 38 31 33 54 18 78 51 56
5 24 53 50 40 63 57 76 50 19
5 25 3 51 93 50 74 24 97 65
5 26 8 53 56 47 29 76 68 25
5 27 1 84 56 25 43 73 70 52
5 28 43 76 30 86 54 41 11 50
5 29 79 22 14 7 79 10 19 66
5 30 79 82 39 47 34 20 16 43
5 31 69 24 13 12 81 44 7 80
5 32 53 32 83 11 27 53 77 79
5 33 70 51 74 24 19 57 53 59
5 34 5 28 47 57 36 41 29 78
6 7 48 89 53 72 40 52 14 81
6 8 22 77 24 79 53 71 89 79
6 9 33 70 43 92 59 52 23 71
6 10 50 79 54 85 35 85 31 87
6 11 5 36 43 59 83 82 44 80
6 12 81 16 7 47 64 74 34 50
6 13 17 66 25 33 57 19 23 94
6 14 36 20 25 85 32 62 83 71
6 15 92 71 57 8 29 35 59 20
6 16 39 27 67 16 50 75 25 83
6 17 14 39 39 40 89 60 20 94
6 18 43 39 47 64 14 66 24 18
6 19 45 54 55 21 18 41 70 34
6 20 42 37 76 35 68 37 83 15
6 21 64 51 31 35 17 21 86 43
6 22 39 25 63 45 41 51 69 78
6 23 33 59 44 79 80 30 40 71
6 24 42 52 24 35 50 32 63 15
6 25 96 25 13 67 37 68 14 31
6 26 12 50 79 77 85 31 34 60
6 27 46 62 48 67 39 48 43 50
6 28 38 70 52 36 91 53 62 75
6 29 32 33 17 77 43 20 88 55
6 30 89 6 4 56 58 24 80 39
6 31 54 53 75 26 62 42 54 56
6 32 18 33 43 16 90 54 90 56
6 33 92 40 18 43 2 2 64 49
6 34 74 38 28 12 38 77 84 36
7 8 97 71 14 12 19 36 7 65
7 9 1 97 30 85 89 68 58 70
7 10 25 89 47 39 64 78 38 55
7 11 5 76 82 44 30 56 31 65
7 12 94 54 26 55 59 13 4 57
7 13 92 8 47 62 15 65 49 73
7 14 35 58 55 62 64 92 23 55
7 15 15 48 49 41 91 95 87 26
7 16 55 8 57 57 67 55 67 63
7 17 52 41 47 53 45 30 66 58
7 18 18 26 35 46 38 65 63 77
7 19 55 25 86 42 50 8 61 17
7 20 55 72 80 38 16 18 36 78
7 21 82 5 32 44 5 71 67 58
7 22 39 91 86 48 85 84 90 74
7 23 68 43 32 67 77 63 62 26
7 24 78 41 28 23 41 60 82 44
7 25 49 88 76 12 76 77 57 54
7 26 70 67 20 75 28 25 73 52
7 27 69 53 24 8 49 53 73 10
7 28 78 74 79 54 67 28 64 21
7 29 67 25 64 76 25 6 22 50
7 30 47 57 81 24 76 21 38 56
7 31 86 5 74 24 11 27 15 60
7 32 78 8 71 43 16 22 73 71
7 33 88 66 38 33 4 21 11 53
7 34 19 85 17 85 26 83 91 60
8 9 54 82 43 27 67 35 80 57
8 10 5 67 43 66 66 36 66 70
8 11 29 29 49 52 57 48 74 75
8 12 71 78 15 49 58 11 39 57
8 13 45 61 69 82 48 52 37 54
8 14 86 39 49 78 11 65 40 15
8 15 35 53 62 52 53 90 43 29
8 16 34 19 19 63 40 89 26 29
8 17 35 21 91 87 56 54 16 65
8 18 50 68 48 64 50 36 27 86
8 19 14 46 86 18 65 38 53 36
8 20 41 57 61 45 71 63 55 85
8 21 99 31 2 20 61 1 77 56
8 22 45 38 37 82 43 24 45 38
8 23 98 27 0 45 34 33 68 32
8 24 11 84 63 96 37 67 32 20
8 25 94 67 18 20 35 26 9 57
8 26 97 2 16 67 42 11 26 13
8 27 27 56 32 30 66 25 56 24
8 28 46 88 55 29 55 88 85 58
8 29 56 68 27 58 44 83 57 36
8 30 98 71 7 58 66 3 24 76
8 31 59 67 87 52 53 17 46 9
8 32 34 39 16 53 72 15 63 45
8 33 18 78 57 84 25 41 91 78
8 34 81 21 8 30 11 21 52 40
9 10 42 51 78 73 44 60 86 88
9 11 42 24 48 35 35 42 13 20
9 12 1 90 25 61 92 87 30 54
9 13 65 44 85 81 25 70 37 39
9 14 99 42 62 31 51 7 43 62
9 15 21 78 77 40 90 29 82 16
9 16 84 64 17 10 72 7 46 38
9 17 65 59 29 17 36 17 44 14
9 18 4 86 65 86 51 61 20 61
9 19 6 67 59 49 77 72 74 33
9 20 20 20 54 65 95 50 77 63
9 21 58 8 70 67 78 37 41 28
9 22 80 81 74 15 71 62 14 6
9 23 90 37 58 77 59 75 12 56
9 24 21 65 75 60 54 91 80 34
9 25 56 44 65 36 64 10 66 58
9 26 81 40 41 40 12 4 18 56
9 27 14 91 23 25 32 92 40 66
9 28 67 40 55 59 61 63 15 8
9 29 9 63 39 49 62 40 42 72
9 30 63 27 58 8 46 74 19 67
9 31 65 75 66 77 64 25 81 17
9 32 21 66 41 73 60 28 93 45
9 33 45 18 83 36 50 33 23 31
9 34 42 49 41 60 80 58 57 20
10 11 41 83 21 31 43 88 48 13
10 12 56 68 77 47 66 60 54 78
10 13 93 53 37 55 48 35 33 69
10 14 16 86 40 72 39 50 74 49
10 15 18 58 16 78 87 19 24 61
10 16 50 86 86 78 78 55 15 41
10 17 5 77 47 70 91 80 98 92
10 18 12 53 53 71 71 95 19 54
10 19 17 90 56 52 95 70 31 22
10 20 44 79 30 27 76 14 68 67
10 21 52 60 22 28 26 22 89 37
10 22 85 12 30 27 38 8 19 7
10 23 0 97 68 36 75 68 56 74
10 24 39 56 77 68 39 52 73 70
10 25 41 62 87 13 43 76 34 26
10 26 79 15 54 56 58 36 12 5
10 27 24 32 74 15 91 23 79 65
10 28 26 40 91 42 66 20 53 46
10 29 98 53 23 39 50 64 58 30
10 30 72 55 27 16 61 28 25 9
10 31 71 77 45 80 21 7 38 62
10 32 41 15 42 85 46 13 30 50
10 33 43 32 61 69 31 41 62 17
10 34 69 85 66 84 39 20 71 22
11 12 65 78 81 71 40 31 25 80
11 13 38 25 14 75 75 13 87 36
11 14 47 50 65 62 57 47 16 42
11 15 69 68 31 68 30 74 31 7
11 16 77 36 31 19 66 42 58 54
11 17 55 58 87 72 71 76 34 82
11 18 31 17 28 58 20 51 66 22
11 19 55 33 51 64 13 23 40 74
11 20 7 39 24 66 73 83 22 25
11 21 67 78 57 62 67 21 81 39
11 22 53 29 84 54 61 45 86 83
11 23 75 58 74 62 32 62 50 75
11 24 30 81 18 59 80 74 68 23
11 25 21 37 85 63 68 61 38 60
11 26 18 16 71 38 92 94 90 22
11 27 63 49 51 57 8 79 62 62
11 28 48 88 61 35 84 17 23 55
11 29 53 75 65 34 47 38 67 51
11 30 85 61 19 36 24 34 76 81
11 31 96 28 40 55 26 11 51 50
11 32 33 68 18 75 16 54 65 52
11 33 26 72 35 64 21 65 64 24
11 34 48 18 23 82 22 59 84 74
12 13 86 61 56 13 11 34 47 66
12 14 86 23 11 28 27 29 72 36
12 15 36 90 39 22 88 77 76 74
12 16 19 74 44 23 22 30 23 68
12 17 97 54 64 49 69 76 32 36
12 18 73 16 58 62 69 59 28 71
12 19 73 62 49 15 60 28 78 75
12 20 92 59 19 66 3 51 61 21
12 21 17 29 36 31 59 84 44 52
12 22 5 76 54 47 98 97 80 21
12 23 5 44 49 79 55 22 56 71
12 24 17 88 26 81 32 45 90 55
12 25 79 17 68 4 75 16 77 8
12 26 16 50 34 90 94 25 57 58
12 27 4 22 36 34 33 83 55 54
12 28 97 39 17 41 9 6 48 33
12 29 25 79 80 83 25 28 27 86
12 30 79 60 77 27 28 77 14 39
12 31 91 43 22 13 79 63 73 55
12 32 59 49 13 87 77 29 22 73
12 33 75 7 19 64 68 13 44 30
12 34 35 68 60 41 73 75 77 45
13 14 25 43 85 31 45 81 67 30
13 15 69 78 63 33 53 16 79 84
13 16 1 22 92 51 97 83 79 47
13 17 10 44 85 93 38 92 23 33
13 18 81 33 43 26 61 70 82 82
13 19 26 77 48 69 44 60 50 21
13 20 73 67 23 43 76 59 23 21
13 21 49 16 57 62 48 33 21 56
13 22 54 10 39 23 29 79 83 43
13 23 44 22 85 40 68 21 69 66
13 24 60 21 51 50 40 54 62 37
13 25 51 47 79 44 46 37 32 39
13 26 81 53 6 58 40 64 64 33
13 27 79 73 18 74 24 29 17 65
13 28 91 77 44 21 9 40 9 50
13 29 6 84 66 70 55 26 35 49
13 30 11 90 35 24 43 82 19 19
13 31 17 68 44 61 75 71 81 27
13 32 84 38 46 20 70 22 31 12
13 33 24 65 73 56 61 85 24 35
13 34 49 72 13 59 71 34 60 29
14 15 1 53 78 93 67 60 81 74
14 16 2 34 94 51 19 56 91 56
14 17 31 54 28 57 93 72 63 21
14 18 62 50 23 78 44 70 53 28
14 19 22 89 61 27 18 76 26 39
14 20 51 66 23 27 15 56 18 81
14 21 25 73 23 77 88 63 90 61
14 22 30 77 52 22 27 62 56 60
14 23 84 71 28 6 82 26 36 37
14 24 33 30 67 59 61 22 27 36
14 25 81 16 83 42 5 71 52 70
14 26 36 64 48 30 21 49 44 36
14 27 64 50 50 61 47 52 74 69
14 28 34 82 25 41 57 51 78 17
14 29 1 42 50 52 84 23 24 64
14 30 43 86 29 52 19 15 63 54
14 31 21 93 29 61 25 55 76 64
14 32 65 51 26 50 66 73 18 9
14 33 78 25 10 7 6 75 31 11
14 34 52 55 30 62 41 31 41 15
15 16 13 54 29 28 94 46 80 17
15 17 42 14 22 42 90 17 39 27
15 18 14 34 24 51 23 64 27 30
15 19 72 14 14 48 23 28 25 26
15 20 10 85 61 21 55 68 24 58
15 21 51 41 66 81 10 27 79 55
15 22 23 55 88 73 42 74 26 80
15 23 73 60 49 8 33 36 59 82
15 24 49 54 56 25 22 53 28 69
15 25 15 69 76 69 69 70 37 77
15 26 40 22 79 70 32 43 38 36
15 27 83 80 60 20 10 58 60 76
15 28 94 40 9 64 2 24 67 3
15 29 4 25 89 43 60 67 74 48
15 30 22 34 65 92 78 18 59 25
15 31 3 44 35 52 77 50 34 70
15 32 89 7 43 71 80 76 30 24
15 33 4 56 93 37 85 67 84 77
15 34 93 52 34 5 29 33 11 45
16 17 18 59 94 19 17 75 73 56
16 18 90 72 7 20 74 67 81 21
16 19 8 55 25 53 78 46 67 63
16 20 25 62 21 92 86 61 23 86
16 21 31 68 70 37 17 77 17 16
16 22 3 82 55 48 90 27 39 55
16 23 29 67 43 87 43 77 15 27
16 24 90 11 72 5 6 38 66 53
16 25 71 52 66 13 50 40 9 37
16 26 58 18 67 40 68 46 79 54
16 27 4 60 41 31 96 47 37 53
16 28 73 40 40 83 6 61 47 71
16 29 22 57 73 88 27 93 89 47
16 30 98 79 67 68 57 45 67 0
16 31 35 44 26 18 84 64 74 44
16 32 73 62 54 11 76 69 42 41
16 33 6 38 57 95 85 76 76 61
16 34 65 54 28 38 32 25 11 57
17 18 97 3 1 14 74 16 51 51
17 19 35 52 21 14 82 13 42 89
17 20 53 24 61 65 30 38 71 45
17 21 84 11 60 55 65 70 57 26
17 22 27 44 92 36 75 79 93 67
17 23 7 49 23 75 60 69 37 87
17 24 94 32 9 71 19 47 38 26
17 25 39 36 48 40 71 31 55 67
17 26 80 55 51 51 30 33 7 18
17 27 26 89 41 17 72 93 62 14
17 28 57 88 83 86 54 16 17 77
17 29 42 69 26 42 67 11 26 67
17 30 63 57 22 79 54 13 33 75
17 31 7 31 45 46 93 67 55 56
17 32 46 18 55 17 11 15 49 67
17 33 72 63 11 74 58 11 26 28
17 34 51 86 45 20 9 88 69 44
18 19 90 23 46 36 23 59 1 33
18 20 42 28 81 34 27 58 39 29
18 21 43 62 88 43 41 31 13 27
18 22 13 58 68 41 46 61 35 61
18 23 10 30 87 27 30 81 30 85
18 24 27 29 69 51 78 24 85 59
18 25 86 4 12 35 67 63 44 71
18 26 72 30 13 35 65 37 67 23
18 27 67 9 62 33 55 29 53 85
18 28 89 60 62 41 46 17 72 29
18 29 31 47 34 15 58 84 91 92
18 30 90 35 37 18 24 67 40 50
18 31 34 54 14 51 40 49 79 52
18 32 63 13 35 28 50 23 8 42
18 33 16 90 75 27 85 30 61 22
18 34 15 25 27 95 95 52 86 64
19 20 87 49 60 21 47 52 39 45
19 21 93 42 62 8 80 62 27 48
19 22 52 65 14 62 51 75 40 76
19 23 31 61 68 58 43 14 61 56
19 24 35 43 73 27 32 65 52 18
19 25 67 67 38 21 42 29 73 60
19 26 75 37 73 49 67 42 14 61
19 27 62 36 72 48 15 52 54 80
19 28 52 80 71 66 15 60 82 10
19 29 24 83 86 94 32 17 54 34
19 30 84 46 28 38 31 73 78 19
19 31 85 33 28 7 8 37 49 6
19 32 67 68 21 61 74 75 37 45
19 33 82 78 45 47 21 29 13 10
19 34 66 13 84 52 38 86 35 24
20 21 32 54 49 36 14 47 79 87
20 22 49 48 81 18 61 19 86 69
20 23 46 72 27 73 17 88 14 86
20 24 74 63 62 14 37 53 57 45
20 25 81 59 39 83 5 52 11 23
20 26 71 20 20 63 33 63 21 19
20 27 62 37 84 86 47 18 80 34
20 28 34 60 36 51 61 72 88 69
20 29 53 88 78 44 18 74 63 48
20 30 69 35 77 17 67 38 22 51
20 31 98 6 55 73 51 66 36 55
20 32 12 49 81 60 25 47 83 59
20 33 79 17 74 34 66 36 62 53
20 34 83 5 76 3 8 64 12 79
21 22 82 71 18 64 45 27 55 65
21 23 54 10 76 47 77 30 49 32
21 24 91 25 63 38 77 34 26 35
21 25 93 73 62 12 33 22 67 6
21 26 6 96 57 79 35 69 87 48
21 27 86 53 62 35 58 18 41 56
21 28 90 11 9 28 5 71 68 74
21 29 91 57 41 41 44 19 51 80
21 30 60 59 61 41 31 24 58 23
21 31 8 95 73 43 63 27 64 47
21 32 10 27 17 77 27 48 60 81
21 33 66 16 48 25 67 11 60 58
21 34 61 10 26 65 44 10 26 15
22 23 13 41 47 58 22 75 24 27
22 24 14 22 26 56 40 74 39 69
22 25 24 93 15 51 94 32 82 63
22 26 42 76 76 23 75 80 34 91
22 27 74 41 43 8 48 41 58 46
22 28 56 25 29 71 16 38 39 20
22 29 21 60 49 41 68 17 59 49
22 30 12 44 55 22 18 25 67 95
22 31 96 24 62 29 64 54 1 74
22 32 12 85 47 68 72 24 36 48
22 33 47 31 44 33 14 90 27 23
22 34 43 59 73 87 28 47 32 70
23 24 70 24 84 53 49 62 31 44
23 25 1 64 37 33 39 29 84 50
23 26 9 45 53 46 85 74 75 61
23 27 46 70 11 40 29 85 65 30
23 28 61 65 39 38 82 82 48 48
23 29 9 26 43 84 41 74 39 88
23 30 97 53 53 1 39 20 44 32
23 31 11 96 65 84 95 55 72 63
23 32 12 78 20 96 40 86 22 40
23 33 6 57 92 72 54 33 31 85
23 34 80 37 66 35 83 22 21 23
24 25 97 58 60 30 7 47 59 57
24 26 15 35 96 40 30 23 53 81
24 27 61 43 32 33 28 86 72 27
24 28 4 65 22 87 44 30 81 82
24 29 16 95 37 21 96 58 56 40
24 30 51 89 61 82 40 64 34 80
24 31 98 32 26 27 18 17 29 31
24 32 66 9 76 23 56 16 76 67
24 33 51 25 45 34 43 20 30 38
24 34 71 60 32 81 73 17 74 20
25 26 25 85 28 22 44 93 82 54
25 27 99 67 72 20 76 7 66 42
25 28 27 53 27 19 24 73 48 61
25 29 17 42 35 91 91 64 71 66
25 30 44 48 57 58 60 43 24 85
25 31 85 44 27 58 20 44 4 67
25 32 22 25 69 53 16 74 16 34
25 33 85 45 35 60 14 76 73 36
25 34 38 53 39 49 16 26 43 72
26 27 74 25 30 55 55 76 74 9
26 28 89 6 45 30 64 50 64 9
26 29 6 70 19 68 40 68 34 26
26 30 50 20 18 25 89 39 65 24
26 31 21 23 37 62 53 46 21 44
26 32 66 41 16 56 6 69 64 43
26 33 7 97 85 31 64 40 59 49
26 34 28 76 38 40 82 89 77 63
27 28 67 62 57 43 83 20 23 18
27 29 79 70 29 71 16 45 70 79
27 30 88 30 4 56 62 32 69 9
27 31 36 84 92 48 87 50 67 31
27 32 26 21 89 50 87 33 23 90
27 33 60 68 24 25 40 28 34 10
27 34 87 63 68 22 17 27 26 28
28 29 29 90 47 66 61 59 83 74
28 30 66 22 44 70 44 82 30 70
28 31 74 59 60 50 36 52 5 12
28 32 50 44 18 65 79 74 15 87
28 33 46 30 34 64 75 86 86 79
28 34 70 58 25 47 27 59 62 42
29 30 35 18 72 22 86 38 45 28
29 31 90 42 9 54 25 17 7 3
29 32 95 66 51 37 78 57 14 63
29 33 27 75 82 22 47 85 93 21
29 34 94 32 24 13 60 23 78 21
30 31 50 88 24 35 22 23 36 54
30 32 15 28 64 24 82 36 65 51
30 33 69 26 6 59 22 82 65 82
30 34 60 27 77 65 25 83 42 27
31 32 26 36 73 90 87 88 84 16
31 33 63 34 58 15 73 78 63 72
31 34 92 24 79 74 69 28 27 77
32 33 30 87 87 82 86 93 89 33
32 34 50 77 78 17 31 57 52 84
33 34 95 63 59 77 40 62 54 57
