50 8
0.4 0 0 0 0 0 0 0.6
0 1 42 18 39 18 55 49 12 80
0 2 11 62 68 85 61 33 84 30
0 3 0 71 59 71 94 59 37 94
0 4 28 27 93 56 78 53 18 76
0 5 57 36 27 30 43 41 57 52
0 6 7 66 40 30 24 32 78 34
0 7 5 71 98 84 84 88 94 35
0 8 0 84 28 75 38 90 65 88
0 9 73 11 18 80 35 48 30 82
0 10 93 2 48 17 32 73 29 51
0 11 1 36 30 32 36 65 96 86
0 12 84 68 3 20 27 70 12 36
0 13 3 93 92 94 51 76 53 92
0 14 80 54 43 54 11 29 79 61
0 15 5 41 90 39 28 64 19 80
0 16 81 14 65 30 55 23 19 74
0 17 6 95 72 88 43 38 30 26
0 18 25 91 38 83 43 89 81 61
0 19 42 27 52 49 82 40 89 20
0 20 75 48 35 40 35 83 51 67
0 21 31 57 69 87 17 18 17 45
0 22 68 28 56 35 20 15 23 36
0 23 14 68 51 41 52 82 37 25
0 24 68 31 6 13 6 76 42 19
0 25 33 16 23 42 50 36 38 44
0 26 15 39 27 50 84 55 20 25
0 27 58 37 45 25 53 77 61 30
0 28 55 50 80 66 61 44 72 68
0 29 35 90 56 77 38 40 41 60
0 30 72 62 38 66 39 75 37 34
0 31 69 81 34 19 20 71 41 23
0 32 30 83 70 91 75 85 69 29
0 33 65 59 33 26 67 46 49 49
0 34 63 75 40 59 49 56 41 12
0 35 75 67 13 18 81 27 31 47
0 36 41 31 72 42 20 24 45 26
0 37 1 95 35 39 99 41 73 97
0 38 40 55 38 75 34 86 67 14
0 39 3 78 84 84 44 80 57 83
0 40 96 8 32 14 12 34 49 63
0 41 14 32 36 85 70 26 21 86
0 42 49 48 82 33 50 73 23 21
0 43 24 42 78 52 15 39 44 76
0 44 2 47 56 70 83 84 41 59
0 45 16 18 41 44 22 90 57 77
0 46 56 36 40 88 13 17 17 17
0 47 78 56 10 56 39 62 59 40
0 48 90 32 6 19 78 60 78 5
0 49 69 57 15 73 58 54 14 37
1 2 87 52 14 20 41 70 35 71
1 3 8 29 45 36 35 25 82 73
1 4 84 8 19 33 77 18 13 35
1 5 45 71 61 23 85 24 50 61
1 6 38 22 43 86 71 23 42 87
1 7 43 81 55 19 85 50 64 83
1 8 61 85 75 20 72 38 38 15
1 9 12 86 92 94 32 70 45 84
1 10 9 62 82 50 71 39 52 59
1 11 94 2 12 61 60 23 9 59
1 12 47 21 16 35 77 83 40 83
1 13 29 80 77 51 52 63 38 45
1 14 84 41 46 5 6 36 72 70
1 15 55 72 9 73 59 24 42 70
1 16 35 54 35 63 29 14 88 46
1 17 57 84 67 62 84 17 53 69
1 18 65 61 21 79 40 49 52 79
1 19 31 56 26 51 27 28 73 40
1 20 1 35 63 67 53 71 79 53
1 21 30 26 15 16 70 93 93 85
1 22 32 45 88 46 61 70 31 15
1 23 70 18 69 77 71 41 36 41
1 24 3 83 74 37 36 23 49 95
1 25 18 61 77 35 46 36 23 36
1 26 92 4 40 40 7 29 65 35
1 27 49 38 74 63 55 37 11 65
1 28 43 44 74 24 81 59 41 26
1 29 41 38 15 30 48 18 64 31
1 30 70 67 22 43 16 14 81 15
1 31 49 52 56 81 58 64 39 83
1 32 76 41 34 62 81 38 39 74
1 33 89 49 56 78 41 41 49 44
1 34 2 42 73 89 60 99 75 67
1 35 13 86 96 31 48 58 58 37
1 36 8 37 71 50 30 27 74 90
1 37 60 14 23 64 19 11 82 85
1 38 36 58 74 21 30 91 47 34
1 39 94 71 53 17 65 55 40 60
1 40 94 21 60 63 73 70 24 47
1 41 88 47 65 82 49 24 36 72
1 42 60 61 67 41 44 54 18 21
1 43 89 60 38 22 50 13 49 47
1 44 94 19 18 45 45 14 41 7
1 45 67 34 59 54 26 65 43 48
1 46 21 35 20 87 86 63 62 21
1 47 1 65 58 30 48 33 41 75
1 48 50 10 22 46 15 34 37 39
1 49 14 62 93 87 72 91 26 87
2 3 15 84 23 57 92 26 93 90
2 4 17 73 37 37 94 67 20 51
2 5 66 8 33 77 73 37 9 27
2 6 76 17 19 24 28 6 34 16
2 7 39 16 87 48 29 64 59 89
2 8 64 57 39 66 85 52 25 77
2 9 22 67 60 41 89 95 83 39
2 10 64 31 52 77 57 66 72 78
2 11 41 74 37 87 14 75 88 48
2 12 31 89 19 65 27 67 15 59
2 13 74 29 49 44 27 14 11 31
2 14 93 29 12 6 10 18 15 37
2 15 79 64 20 81 19 22 27 42
2 16 75 46 51 36 75 66 40 9
2 17 20 49 63 43 70 75 67 68
2 18 32 79 25 58 87 89 43 29
2 19 13 81 21 55 21 62 70 47
2 20 65 10 50 42 25 51 31 64
2 21 98 15 8 25 10 29 65 51
2 22 88 42 65 26 55 15 55 9
2 23 77 32 19 7 5 34 66 79
2 24 82 37 65 80 27 9 14 38
2 25 52 43 63 87 18 10 41 84
2 26 5 84 66 22 54 42 74 64
2 27 51 53 68 31 18 34 40 61
2 28 9 32 90 22 96 56 19 39
2 29 10 62 83 30 59 69 66 18
2 30 49 73 63 89 44 59 62 25
2 31 79 67 23 64 55 69 5 39
2 32 94 12 60 78 30 24 31 69
2 33 87 42 60 68 14 63 64 34
2 34 64 25 85 62 27 85 54 21
2 35 88 35 64 26 18 48 23 65
2 36 67 46 18 56 81 77 20 43
2 37 29 60 82 58 90 44 85 84
2 38 38 47 75 37 88 29 48 27
2 39 16 39 16 58 46 88 57 49
2 40 79 65 28 72 82 4 55 14
2 41 91 31 18 21 27 64 31 11
2 42 44 21 39 55 16 25 27 13
2 43 31 61 61 21 38 35 41 33
2 44 5 94 53 94 66 71 33 28
2 45 56 72 80 69 29 78 15 22
2 46 35 20 16 70 44 76 70 34
2 47 19 83 34 33 53 94 16 20
2 48 64 46 30 30 77 28 40 68
2 49 63 35 82 16 11 67 74 20
3 4 56 81 71 69 45 23 25 67
3 5 11 35 87 67 22 72 17 23
3 6 66 8 39 76 67 84 62 84
3 7 84 28 39 76 17 24 45 41
3 8 91 67 16 58 21 49 44 42
3 9 1 86 26 79 56 73 54 61
3 10 17 63 64 82 63 78 81 17
3 11 63 63 46 50 12 74 18 20
3 12 76 44 12 15 78 20 32 43
3 13 26 81 47 90 63 38 54 82
3 14 67 74 80 10 83 26 51 16
3 15 14 33 27 77 56 41 82 34
3 16 33 34 83 32 89 68 13 61
3 17 73 34 63 41 71 73 24 27
3 18 8 79 86 93 21 31 51 90
3 19 38 34 23 79 86 15 66 87
3 20 80 21 39 19 24 73 77 11
3 21 64 38 85 7 76 85 31 41
3 22 27 81 35 57 24 29 26 38
3 23 52 77 40 75 62 51 52 26
3 24 20 27 33 30 45 63 91 70
3 25 28 74 60 27 17 45 44 37
3 26 83 49 28 72 56 27 78 25
3 27 24 90 32 73 20 46 39 40
3 28 80 78 77 70 53 66 65 80
3 29 97 59 57 75 30 52 7 77
3 30 18 47 38 67 81 52 49 31
3 31 8 70 77 82 33 54 45 34
3 32 22 52 61 36 79 17 67 41
3 33 90 80 10 4 10 33 60 9
3 34 4 95 66 34 39 90 96 81
3 35 27 85 62 28 91 27 40 81
3 36 14 40 45 61 67 61 56 62
3 37 58 53 70 84 31 22 10 57
3 38 61 31 39 22 70 82 9 18
3 39 8 56 25 37 90 36 56 39
3 40 26 30 60 41 59 27 78 90
3 41 32 38 17 14 15 67 43 53
3 42 71 40 33 51 48 24 54 59
3 43 11 60 24 30 42 81 62 62
3 44 12 88 21 35 28 46 44 72
3 45 69 79 50 17 65 63 79 83
3 46 95 60 3 8 23 43 9 49
3 47 16 23 22 83 86 29 47 27
3 48 16 73 64 58 90 77 64 44
3 49 39 35 32 59 17 39 47 54
4 5 85 64 57 17 71 78 57 65
4 6 68 44 74 62 18 78 79 24
4 7 89 31 40 47 43 36 46 41
4 8 67 66 58 56 50 7 8 13
4 9 49 25 45 35 63 45 64 11
4 10 37 58 27 48 58 85 48 15
4 11 91 17 41 34 80 9 2 53
4 12 94 49 57 63 12 13 74 53
4 13 76 68 53 41 5 8 39 82
4 14 42 70 13 33 36 42 80 18
4 15 4 38 50 68 54 73 19 22
4 16 93 71 62 29 49 48 12 61
4 17 53 62 26 79 15 49 85 75
4 18 82 66 56 32 40 54 6 37
4 19 42 48 28 63 33 42 65 69
4 20 1 74 37 86 46 72 59 84
4 21 14 63 74 21 52 21 26 37
4 22 22 37 21 68 22 66 44 70
4 23 90 39 68 8 33 77 52 28
4 24 74 69 25 52 84 26 50 67
4 25 50 10 20 51 58 69 36 80
4 26 68 20 18 16 83 11 85 39
4 27 52 16 47 57 54 36 28 65
4 28 28 18 28 56 34 58 69 68
4 29 53 83 54 85 48 78 75 50
4 30 4 43 77 36 76 77 42 34
4 31 78 52 73 21 18 17 81 19
4 32 96 47 54 24 45 79 55 23
4 33 99 7 7 18 47 0 63 47
4 34 20 78 45 16 87 75 82 62
4 35 9 71 61 40 80 24 76 77
4 36 63 31 86 43 34 45 21 74
4 37 81 66 71 31 55 73 60 21
4 38 92 48 42 3 46 41 38 6
4 39 77 71 69 84 64 11 61 62
4 40 98 51 59 28 57 11 63 36
4 41 43 28 14 70 56 43 41 42
4 42 69 30 15 34 33 27 52 78
4 43 24 70 78 15 63 57 58 53
4 44 29 28 14 76 72 53 89 93
4 45 70 64 54 30 50 32 6 64
4 46 2 40 43 62 88 26 39 95
4 47 48 37 70 50 20 31 61 71
4 48 74 34 39 71 70 76 40 52
4 49 1 36 30 94 21 25 30 94
5 6 27 68 51 45 25 50 67 86
5 7 50 26 26 43 48 53 71 49
5 8 41 86 76 41 78 80 31 11
5 9 31 63 28 45 43 90 59 47
5 10 14 47 82 95 85 21 40 76
5 11 40 53 27 33 70 49 54 17
5 12 20 26 41 43 66 17 37 32
5 13 93 53 58 16 70 64 21 80
5 14 36 39 64 71 53 27 16 67
5 15 48 44 89 23 32 79 57 76
5 16 16 76 83 64 41 92 48 52
5 17 58 53 46 60 19 52 17 74
5 18 42 61 89 23 54 36 47 21
5 19 21 56 92 73 86 94 80 48
5 20 27 28 57 72 84 89 35 82
5 21 20 90 77 67 55 62 17 84
5 22 13 92 33 42 27 35 66 80
5 23 92 72 59 18 54 10 18 29
5 24 28 68 29 48 93 50 73 75
5 25 7 28 56 51 94 67 98 41
5 26 28 42 64 30 18 64 50 67
5 27 63 24 20 24 56 34 53 37
5 28 58 35 58 79 10 64 75 86
5 29 1 90 38 52 48 37 24 97
5 30 11 36 64 18 82 82 63 80
5 31 9 86 94 70 70 38 50 35
5 32 12 92 21 39 18 24 62 93
5 33 67 37 9 22 55 13 15 49
5 34 33 76 84 44 68 40 21 45
5 35 69 36 26 43 62 46 85 55
5 36 7 72 46 63 73 29 29 53
5 37 91 32 36 55 74 23 81 17
5 38 21 27 48 84 76 22 24 86
5 39 89 81 67 76 30 12 20 50
5 40 13 86 36 24 65 44 32 34
5 41 39 50 56 71 25 79 73 57
5 42 73 41 52 59 11 59 22 54
5 43 13 65 87 90 69 58 21 49
5 44 4 81 89 89 29 32 29 56
5 45 97 23 19 60 56 74 71 79
5 46 96 52 78 31 46 29 42 41
5 47 11 72 50 28 47 76 79 22
5 48 54 21 20 84 61 12 15 73
5 49 86 18 68 36 61 62 63 49
6 7 40 66 68 80 50 64 27 88
6 8 22 55 45 31 55 23 55 34
6 9 17 61 23 81 89 33 81 45
6 10 52 38 39 56 12 86 76 52
6 11 20 23 81 21 63 93 23 17
6 12 8 43 33 94 77 19 35 71
6 13 64 64 40 50 61 75 48 13
6 14 98 2 79 79 53 11 73 77
6 15 16 26 72 83 18 26 44 63
6 16 15 25 61 82 81 78 45 32
6 17 21 33 50 19 72 88 34 93
6 18 69 17 60 54 8 85 52 80
6 19 77 27 63 55 58 34 10 33
6 20 82 65 80 59 7 4 10 49
6 21 70 71 36 19 66 38 38 66
6 22 45 90 67 14 47 44 79 43
6 23 86 47 9 67 77 63 78 38
6 24 40 91 57 64 61 86 69 35
6 25 64 42 9 42 30 75 48 71
6 26 13 87 41 78 95 53 49 73
6 27 59 14 86 22 62 49 48 74
6 28 62 74 60 35 78 21 50 64
6 29 47 75 55 54 25 17 71 21
6 30 18 93 89 19 51 71 78 79
6 31 96 41 49 46 77 71 57 63
6 32 15 58 43 43 16 19 65 89
6 33 79 14 43 82 55 81 68 29
6 34 18 90 80 59 74 70 74 89
6 35 28 43 61 14 36 14 40 23
6 36 70 57 6 76 78 52 68 16
6 37 41 47 14 90 35 43 18 51
6 38 59 16 15 78 82 78 78 73
6 39 49 29 67 14 64 15 78 54
6 40 70 31 39 34 74 25 51 79
6 41 76 67 58 74 62 23 71 5
6 42 77 34 61 55 30 77 64 40
6 43 32 87 52 16 36 18 80 60
6 44 65 50 29 33 38 17 67 47
6 45 61 77 66 73 26 16 48 85
6 46 18 66 57 88 38 55 53 72
6 47 7 19 33 36 23 44 39 53
6 48 40 41 18 66 26 24 91 60
6 49 39 37 26 18 41 62 67 13
7 8 50 28 17 51 50 10 36 31
7 9 53 60 19 84 45 61 19 44
7 10 71 56 82 70 34 20 31 55
7 11 81 68 58 44 5 28 23 7
7 12 61 50 44 87 86 33 26 69
7 13 78 44 19 75 18 74 82 50
7 14 84 43 72 80 11 82 62 8
7 15 3 74 88 41 83 67 54 83
7 16 29 35 91 69 91 85 67 72
7 17 19 25 41 33 95 19 34 70
7 18 13 71 31 25 64 48 31 66
7 19 10 36 44 73 29 54 34 84
7 20 94 80 54 16 14 75 11 22
7 21 96 31 60 56 21 50 70 34
7 22 39 88 48 52 67 32 29 22
7 23 3 73 31 93 87 67 23 28
7 24 4 81 30 67 72 75 92 60
7 25 59 56 36 80 87 67 29 43
7 26 25 72 69 37 19 62 31 43
7 27 60 35 70 76 77 12 12 24
7 28 99 40 56 15 1 64 8 33
7 29 8 90 82 18 28 56 96 18
7 30 54 72 34 86 15 30 47 23
7 31 21 38 25 70 70 36 85 69
7 32 72 34 24 32 21 59 20 31
7 33 24 82 30 83 48 58 75 58
7 34 84 45 78 73 44 28 60 73
7 35 76 59 80 80 82 72 16 9
7 36 78 62 37 27 66 33 9 9
7 37 63 43 10 86 71 81 8 27
7 38 85 64 35 17 67 39 46 66
7 39 98 42 64 37 71 20 79 48
7 40 47 28 75 79 35 68 59 67
7 41 81 44 19 10 35 58 53 50
7 42 46 69 84 81 65 15 25 65
7 43 4 22 90 86 50 49 35 97
7 44 74 13 84 32 37 8 65 37
7 45 87 47 69 30 64 32 37 54
7 46 9 47 89 78 59 89 89 38
7 47 96 44 79 80 35 8 27 32
7 48 61 16 11 42 20 43 43 77
7 49 61 10 84 66 54 65 8 83
8 9 17 92 66 36 48 78 81 64
8 10 38 51 91 43 86 55 38 54
8 11 22 72 49 18 52 22 36 66
8 12 65 24 52 72 46 17 77 42
8 13 80 31 60 79 39 23 67 28
8 14 85 51 55 81 70 59 44 22
8 15 15 88 65 95 33 54 57 59
8 16 39 79 15 14 14 85 48 30
8 17 58 69 69 72 14 70 37 70
8 18 32 56 30 13 87 59 65 76
8 19 83 18 51 39 67 43 9 72
8 20 41 79 75 70 82 30 52 44
8 21 60 48 46 62 46 44 41 35
8 22 88 5 9 8 47 67 21 62
8 23 70 39 26 8 32 12 46 32
8 24 33 26 34 84 85 17 30 57
8 25 8 44 25 40 30 28 51 36
8 26 50 32 63 77 42 48 87 29
8 27 4 83 97 49 50 65 38 87
8 28 6 26 60 43 70 48 84 97
8 29 14 30 31 65 56 23 41 35
8 30 10 73 94 60 51 92 85 33
8 31 64 81 30 9 62 49 41 23
8 32 67 46 27 26 54 81 49 22
8 33 68 36 67 47 34 29 19 79
8 34 25 70 67 47 70 36 73 20
8 35 5 56 28 97 62 68 83 62
8 36 44 37 68 23 69 51 37 70
8 37 20 84 23 20 67 55 36 73
8 38 57 73 12 25 74 21 87 43
8 39 45 76 30 25 41 65 69 15
8 40 92 2 55 18 60 80 5 48
8 41 2 43 81 65 71 53 34 38
8 42 51 87 46 35 58 13 10 44
8 43 13 78 77 74 69 58 42 59
8 44 89 17 15 48 28 8 18 41
8 45 71 79 26 31 84 70 49 71
8 46 17 89 26 74 36 45 56 49
8 47 1 54 25 52 80 93 66 54
8 48 83 42 79 49 16 48 44 76
8 49 20 72 56 17 38 70 31 66
9 10 73 29 43 24 71 80 39 83
9 11 97 36 58 65 53 5 25 30
9 12 63 21 86 60 11 19 79 20
9 13 74 76 52 84 19 80 45 44
9 14 27 63 91 29 27 64 43 62
9 15 95 41 14 80 39 2 47 34
9 16 15 54 63 79 47 68 81 35
9 17 82 30 32 41 18 8 43 20
9 18 18 89 33 47 88 41 19 83
9 19 45 43 25 20 79 19 90 74
9 20 56 80 39 32 29 12 36 81
9 21 96 65 42 65 2 49 76 18
9 22 49 71 42 24 41 17 12 12
9 23 75 52 36 69 47 51 58 65
9 24 91 29 7 51 37 18 64 41
9 25 50 52 75 88 44 15 36 35
9 26 86 6 66 15 33 31 70 56
9 27 70 21 49 43 25 42 26 69
9 28 82 15 61 23 39 5 22 33
9 29 86 67 47 71 12 57 17 32
9 30 20 34 72 48 50 30 83 84
9 31 94 44 21 30 57 22 7 15
9 32 10 45 49 83 83 85 92 74
9 33 57 66 12 13 42 41 46 19
9 34 68 46 15 75 70 39 72 73
9 35 6 58 68 40 55 43 68 69
9 36 95 57 45 47 18 31 43 10
9 37 74 59 63 18 15 24 5 23
9 38 27 28 27 20 79 79 61 25
9 39 93 14 33 4 43 17 72 28
9 40 32 55 31 23 31 19 45 19
9 41 92 52 31 11 54 74 26 20
9 42 68 30 82 63 32 85 39 37
9 43 0 67 88 29 84 49 58 61
9 44 55 10 50 84 29 30 66 22
9 45 65 15 83 57 85 16 35 13
9 46 32 59 66 58 79 36 50 24
9 47 74 59 31 46 82 64 54 24
9 48 8 93 43 75 74 54 49 30
9 49 94 32 23 18 48 22 32 24
10 11 72 66 44 13 30 23 46 70
10 12 71 67 45 26 63 48 33 70
10 13 73 28 21 39 8 21 6 54
10 14 60 85 37 52 67 64 66 81
10 15 7 91 87 21 91 73 70 59
10 16 52 63 52 64 35 20 32 30
10 17 26 17 84 74 34 33 84 46
10 18 75 38 12 17 61 48 76 31
10 19 26 31 20 88 55 82 46 69
10 20 42 21 40 83 20 52 66 65
10 21 69 40 35 21 60 27 52 26
10 22 54 75 76 15 85 20 67 19
10 23 81 10 46 5 35 55 59 58
10 24 88 23 30 62 67 71 28 59
10 25 8 66 20 58 20 67 22 29
10 26 25 25 57 88 61 15 22 51
10 27 24 51 42 26 16 33 18 21
10 28 63 61 63 31 47 17 66 34
10 29 56 77 38 19 63 23 13 62
10 30 71 43 24 66 75 65 66 43
10 31 84 8 51 18 46 18 6 52
10 32 26 71 65 86 19 67 54 39
10 33 6 21 68 56 61 23 25 52
10 34 7 44 44 75 41 85 30 81
10 35 6 48 31 53 43 93 92 57
10 36 1 57 70 59 82 60 52 22
10 37 76 72 14 66 40 41 36 72
10 38 22 36 67 84 38 25 76 61
10 39 46 13 21 29 73 59 75 73
10 40 31 73 16 74 49 91 68 84
10 41 52 31 45 44 68 60 63 45
10 42 89 12 81 49 55 24 37 72
10 43 86 15 74 22 58 67 68 19
10 44 75 75 55 37 34 16 75 23
10 45 52 85 49 49 24 69 52 39
10 46 64 42 63 40 15 43 40 59
10 47 69 85 21 57 24 46 38 53
10 48 42 55 57 15 54 20 43 52
10 49 50 66 41 70 24 66 52 79
11 12 23 35 77 22 93 60 57 29
11 13 8 47 72 36 18 22 24 57
11 14 59 45 69 19 51 58 64 26
11 15 5 43 95 90 35 33 51 40
11 16 21 29 49 91 33 33 48 60
11 17 73 24 32 79 81 9 7 45
11 18 40 55 28 62 46 33 76 25
11 19 72 18 25 18 51 12 40 39
11 20 12 39 67 76 35 70 44 31
11 21 99 38 4 67 3 46 5 19
11 22 2 87 34 38 41 30 56 87
11 23 71 32 16 33 78 55 8 35
11 24 45 77 26 47 35 42 62 57
11 25 98 32 70 18 53 30 53 13
11 26 57 15 80 28 72 64 48 52
11 27 16 52 16 44 19 20 49 41
11 28 86 43 41 37 15 25 63 11
11 29 62 29 8 23 87 11 19 51
11 30 6 22 32 94 77 39 32 44
11 31 41 89 36 64 59 31 44 59
11 32 29 48 67 48 76 21 32 51
11 33 88 14 12 11 40 56 39 71
11 34 26 94 52 63 77 87 87 88
11 35 88 13 45 68 21 9 32 25
11 36 96 50 63 28 20 63 30 68
11 37 11 95 23 69 91 48 30 35
11 38 9 86 73 83 60 36 39 57
11 39 16 68 25 61 84 92 31 71
11 40 19 24 56 63 89 23 20 48
11 41 91 45 19 57 79 15 81 25
11 42 35 55 37 64 82 86 72 85
11 43 66 57 81 72 27 33 30 30
11 44 80 79 10 81 9 53 51 27
11 45 1 57 53 56 51 75 31 24
11 46 10 35 76 47 37 54 25 39
11 47 21 88 33 64 24 46 93 94
11 48 81 66 44 13 62 26 83 11
11 49 43 54 79 40 38 64 42 33
12 13 19 36 75 23 88 36 89 37
12 14 62 11 39 62 69 67 38 40
12 15 66 58 74 73 45 78 17 46
12 16 19 93 95 27 32 54 50 89
12 17 32 23 50 69 15 43 91 69
12 18 94 15 51 40 80 49 69 51
12 19 53 56 61 20 49 44 66 40
12 20 82 27 7 39 68 64 47 50
12 21 37 87 51 85 87 36 55 55
12 22 30 49 48 67 90 41 22 80
12 23 97 56 54 41 47 40 77 23
12 24 1 56 55 54 42 76 40 53
12 25 13 95 55 18 77 96 28 81
12 26 15 56 55 39 79 49 81 49
12 27 79 28 30 41 63 25 47 29
12 28 69 56 69 14 28 10 59 59
12 29 51 44 47 62 81 21 39 31
12 30 60 15 55 40 31 61 58 15
12 31 60 43 44 56 59 39 58 15
12 32 73 33 83 82 64 15 70 25
12 33 42 23 37 23 43 28 91 17
12 34 80 80 48 67 83 28 79 14
12 35 39 65 90 16 62 26 70 78
12 36 32 44 75 57 37 45 21 85
12 37 52 40 72 72 15 70 23 54
12 38 31 30 30 90 43 23 58 76
12 39 91 39 79 54 37 56 16 67
12 40 76 83 80 26 36 49 51 24
12 41 73 21 56 28 48 14 52 27
12 42 82 12 63 30 62 16 23 9
12 43 2 59 44 53 95 45 85 62
12 44 10 67 52 35 85 56 84 66
12 45 51 82 56 81 50 27 64 14
12 46 45 42 42 68 17 84 71 34
12 47 74 84 66 75 64 43 39 56
12 48 1 35 37 83 35 65 72 21
12 49 72 83 7 10 12 65 28 34
13 14 68 51 11 41 74 9 38 65
13 15 12 92 84 34 79 21 67 84
13 16 51 62 61 63 22 55 14 83
13 17 37 20 73 56 51 32 81 43
13 18 40 60 15 15 88 65 43 36
13 19 4 25 93 72 40 84 47 87
13 20 50 10 30 59 56 10 58 21
13 21 58 60 44 17 52 80 39 52
13 22 93 75 54 9 70 69 23 4
13 23 15 63 20 81 27 94 75 82
13 24 56 38 48 18 54 79 41 17
13 25 10 46 91 36 93 50 89 97
13 26 43 55 26 40 88 17 40 13
13 27 4 72 75 38 84 50 68 41
13 28 24 28 61 73 81 87 58 76
13 29 3 31 40 81 61 75 98 47
13 30 43 81 60 66 38 47 30 60
13 31 7 73 35 24 24 70 50 94
13 32 49 18 18 56 21 43 75 89
13 33 87 34 64 38 77 30 49 60
13 34 7 52 48 94 54 22 75 19
13 35 42 20 77 67 23 78 33 31
13 36 90 60 10 81 46 30 56 19
13 37 36 91 83 35 38 70 57 88
13 38 61 80 13 80 36 85 9 35
13 39 51 67 16 53 65 64 29 20
13 40 40 30 43 19 42 14 24 72
13 41 99 31 3 67 51 20 76 46
13 42 63 35 22 25 67 26 7 32
13 43 51 18 23 80 77 65 78 57
13 44 89 65 46 68 17 24 16 56
13 45 0 82 32 40 38 39 75 49
13 46 55 56 60 36 10 54 51 83
13 47 42 84 74 43 89 42 23 78
13 48 95 9 53 59 39 19 7 78
13 49 69 17 44 45 59 6 29 38
14 15 7 44 90 21 69 32 53 76
14 16 6 39 86 55 88 31 97 74
14 17 15 55 57 50 59 92 67 66
14 18 71 62 81 17 11 31 39 69
14 19 55 18 48 65 21 73 58 73
14 20 46 22 18 51 29 13 66 59
14 21 99 11 49 20 75 34 71 56
14 22 39 52 22 24 39 77 46 39
14 23 36 90 21 20 20 71 43 38
14 24 63 55 17 65 75 20 7 32
14 25 29 38 43 69 72 23 47 47
14 26 50 17 60 24 49 30 23 30
14 27 3 32 19 83 59 82 97 28
14 28 12 72 19 37 42 20 64 70
14 29 66 50 48 36 28 74 48 15
14 30 80 45 14 10 66 72 40 40
14 31 40 23 86 28 35 35 48 21
14 32 86 65 24 7 62 62 4 46
14 33 3 84 39 79 33 64 59 39
14 34 77 74 4 19 24 31 58 68
14 35 42 27 48 29 58 32 61 72
14 36 74 70 21 16 24 31 35 39
14 37 83 25 36 22 39 80 43 44
14 38 55 37 66 16 52 64 55 54
14 39 28 44 18 44 47 49 18 64
14 40 93 48 6 37 9 41 66 9
14 41 76 55 51 62 21 13 16 78
14 42 96 19 74 9 36 36 70 30
14 43 53 77 70 10 36 72 60 17
14 44 12 74 42 54 64 28 68 59
14 45 52 27 18 44 50 61 27 84
14 46 33 49 38 53 28 29 72 21
14 47 52 18 74 43 37 57 80 56
14 48 64 82 80 55 74 47 40 53
14 49 94 18 45 51 79 57 35 77
15 16 31 14 76 36 79 77 69 60
15 17 55 40 65 60 70 56 65 42
15 18 29 14 87 50 68 69 71 25
15 19 60 64 30 43 28 8 23 8
15 20 76 70 83 58 74 11 70 8
15 21 35 62 26 77 69 36 22 20
15 22 75 24 66 79 67 67 74 70
15 23 63 27 33 24 83 49 31 34
15 24 22 50 93 64 33 71 49 41
15 25 80 80 18 61 52 36 17 41
15 26 99 64 61 71 26 61 58 5
15 27 80 18 75 4 25 67 25 34
15 28 53 50 35 77 35 30 17 71
15 29 65 48 28 69 49 72 73 10
15 30 88 36 10 62 16 63 13 43
15 31 26 24 65 60 80 21 19 69
15 32 77 45 56 61 32 70 50 39
15 33 18 52 93 50 49 68 58 37
15 34 42 85 87 61 13 65 37 88
15 35 47 28 24 87 73 27 47 53
15 36 55 50 69 70 38 60 45 43
15 37 1 26 87 61 70 31 39 78
15 38 57 27 77 70 16 18 31 77
15 39 56 82 65 14 42 44 10 23
15 40 42 89 83 11 88 43 16 72
15 41 60 63 70 47 36 69 47 87
15 42 63 39 83 37 32 74 82 54
15 43 40 66 76 75 37 82 62 35
15 44 27 40 15 72 59 71 39 68
15 45 55 29 68 15 21 10 52 39
15 46 48 24 89 47 16 39 10 72
15 47 33 43 48 16 20 48 50 55
15 48 29 76 32 75 94 86 27 17
15 49 22 60 17 46 63 74 89 76
16 17 89 51 11 42 56 14 30 81
16 18 20 51 53 78 19 69 52 92
16 19 61 77 70 23 16 23 54 14
16 20 14 40 73 44 27 27 81 68
16 21 53 63 60 80 69 13 47 89
16 22 87 39 60 72 22 81 66 39
16 23 87 21 26 35 70 13 11 68
16 24 77 11 81 29 43 36 39 68
16 25 19 85 92 77 43 85 89 23
16 26 48 68 57 26 47 66 74 52
16 27 21 27 73 59 83 64 73 93
16 28 27 44 20 49 15 52 35 90
16 29 51 24 82 83 47 62 87 62
16 30 89 7 72 18 48 45 5 77
16 31 83 74 55 21 21 16 9 67
16 32 16 82 29 85 69 88 60 96
16 33 99 37 41 24 61 34 8 6
16 34 39 37 44 70 40 83 44 19
16 35 18 41 30 31 17 16 70 61
16 36 19 67 47 32 41 74 16 57
16 37 81 80 40 67 68 9 71 58
16 38 80 65 4 66 27 62 40 64
16 39 12 71 76 33 51 82 24 48
16 40 20 81 64 75 63 84 87 51
16 41 30 38 92 58 90 22 43 18
16 42 47 90 72 21 50 88 72 29
16 43 66 65 17 11 47 50 61 63
16 44 23 64 92 37 21 33 62 33
16 45 70 21 78 69 39 66 62 68
16 46 82 28 56 9 5 34 23 68
16 47 5 43 69 19 95 78 44 47
16 48 94 56 10 66 61 28 45 46
16 49 72 35 24 58 29 70 19 75
17 18 93 59 30 39 74 21 29 79
17 19 42 83 69 58 84 11 69 69
17 20 19 40 92 21 33 76 88 29
17 21 76 44 80 8 53 18 51 9
17 22 61 29 84 73 34 66 58 21
17 23 96 75 66 58 7 30 5 18
17 24 76 78 46 21 67 81 75 31
17 25 40 36 46 52 29 61 38 41
17 26 88 54 37 62 39 17 38 34
17 27 43 36 49 17 55 88 59 31
17 28 46 35 15 56 42 68 58 41
17 29 40 51 20 39 46 53 21 64
17 30 24 36 36 49 26 87 47 83
17 31 41 78 60 31 47 14 23 36
17 32 3 62 81 93 66 57 30 59
17 33 41 68 55 29 58 60 19 20
17 34 16 28 38 88 17 91 18 45
17 35 96 78 37 42 66 52 52 9
17 36 7 88 78 60 78 70 60 20
17 37 32 15 77 66 27 20 86 51
17 38 59 60 9 69 53 46 64 74
17 39 36 17 24 39 56 13 14 51
17 40 0 68 30 54 51 46 31 45
17 41 36 21 35 24 72 82 23 42
17 42 75 70 43 38 70 62 70 73
17 43 98 73 70 30 39 51 48 21
17 44 44 44 21 68 65 40 49 88
17 45 76 26 71 10 71 70 69 82
17 46 8 86 43 76 71 94 82 78
17 47 53 32 37 42 88 50 17 31
17 48 74 15 84 9 81 54 11 14
17 49 36 71 66 86 15 67 35 28
18 19 89 28 56 71 11 62 23 8
18 20 21 47 75 37 59 62 42 30
18 21 93 18 36 65 48 61 56 39
18 22 21 85 21 94 79 82 76 41
18 23 15 22 48 82 90 64 77 69
18 24 56 68 57 71 22 39 84 62
18 25 26 43 79 58 68 51 42 50
18 26 63 11 67 66 35 38 64 59
18 27 77 36 23 21 41 67 62 75
18 28 55 10 22 72 27 39 66 84
18 29 73 33 65 75 63 84 45 82
18 30 78 61 62 36 52 7 24 40
18 31 39 29 53 30 58 77 51 28
18 32 93 64 34 22 44 37 37 26
18 33 20 36 28 89 68 48 60 79
18 34 69 46 25 33 67 20 30 38
18 35 77 51 16 13 46 24 43 62
18 36 60 24 71 16 49 36 84 63
18 37 12 44 29 51 78 79 75 31
18 38 88 3 73 20 24 7 31 25
18 39 65 81 54 7 46 68 24 42
18 40 20 44 69 85 31 36 92 45
18 41 33 59 38 23 81 88 66 63
18 42 43 56 83 81 65 21 18 28
18 43 7 96 66 82 85 86 80 97
18 44 79 68 51 59 82 56 21 29
18 45 12 72 74 73 37 70 81 48
18 46 57 20 71 24 81 20 59 38
18 47 64 65 65 24 10 83 57 42
18 48 48 19 38 52 61 31 50 40
18 49 27 29 70 29 92 55 86 70
19 20 89 22 80 2 15 5 51 7
19 21 47 60 12 57 26 55 10 13
19 22 39 80 70 25 80 80 33 30
19 23 34 83 73 62 63 86 72 40
19 24 42 46 47 19 53 46 47 80
19 25 65 53 25 50 62 21 17 48
19 26 5 48 31 27 52 97 83 94
19 27 34 87 47 45 45 29 22 91
19 28 81 63 20 25 69 52 80 71
19 29 82 61 16 46 75 26 40 14
19 30 2 64 64 87 63 51 20 53
19 31 67 33 71 18 81 8 82 66
19 32 63 68 69 66 56 71 82 25
19 33 2 79 74 73 92 37 80 91
19 34 2 93 93 67 86 96 93 93
19 35 39 56 59 52 73 82 76 74
19 36 39 77 86 78 86 31 76 75
19 37 46 33 76 48 44 70 77 58
19 38 22 75 84 40 73 83 54 43
19 39 61 45 61 20 34 8 78 84
19 40 95 25 70 7 61 55 32 19
19 41 52 37 48 39 47 28 66 21
19 42 33 76 25 19 35 85 76 59
19 43 10 63 53 60 92 97 64 86
19 44 84 4 61 13 35 15 4 42
19 45 13 34 25 39 60 96 87 39
19 46 44 42 67 53 50 63 41 12
19 47 24 41 27 74 16 73 79 51
19 48 7 55 60 20 34 72 84 65
19 49 60 24 73 45 31 76 86 45
20 21 5 88 85 82 23 36 62 26
20 22 26 28 24 49 71 88 39 72
20 23 45 16 11 89 45 21 46 87
20 24 92 70 3 6 29 64 23 4
20 25 89 10 17 32 28 59 38 78
20 26 98 0 38 32 39 49 65 17
20 27 55 8 60 53 41 85 27 41
20 28 42 24 80 66 76 34 90 72
20 29 54 45 86 42 12 27 9 14
20 30 17 90 93 34 37 30 54 93
20 31 57 69 19 49 26 58 16 42
20 32 64 72 37 44 80 86 64 52
20 33 35 65 41 39 15 42 14 69
20 34 10 24 65 69 22 26 33 21
20 35 73 66 63 41 41 72 36 61
20 36 64 50 66 24 67 82 59 26
20 37 22 59 65 77 69 71 54 27
20 38 41 69 81 82 23 81 74 48
20 39 8 69 59 87 22 68 63 22
20 40 82 49 36 35 35 50 63 43
20 41 57 59 48 64 12 15 24 64
20 42 50 52 47 72 43 57 22 53
20 43 69 83 41 34 18 80 32 27
20 44 73 55 20 43 21 8 24 26
20 45 61 77 36 66 63 16 20 75
20 46 13 31 31 28 74 22 61 18
20 47 58 58 71 55 53 56 14 8
20 48 53 82 65 31 42 31 39 31
20 49 19 36 38 56 60 65 55 48
21 22 1 67 91 46 30 65 37 88
21 23 1 93 59 81 96 54 98 50
21 24 15 23 57 18 92 22 23 41
21 25 55 86 86 76 10 54 17 58
21 26 2 75 34 79 29 49 75 60
21 27 76 63 42 19 8 30 17 51
21 28 91 59 42 13 67 5 39 42
21 29 10 85 27 97 77 97 96 18
21 30 14 51 92 83 29 54 65 92
21 31 22 17 87 29 60 27 93 23
21 32 94 25 58 51 76 26 63 43
21 33 44 39 79 56 15 31 65 39
21 34 16 52 75 89 81 83 31 33
21 35 70 30 42 49 27 65 22 29
21 36 86 10 65 63 42 46 46 79
21 37 68 70 63 53 10 26 22 37
21 38 0 69 23 56 68 38 28 57
21 39 68 27 31 84 62 53 56 84
21 40 48 14 25 27 42 18 46 64
21 41 13 83 78 36 80 71 90 34
21 42 80 29 77 24 70 51 27 43
21 43 76 55 43 26 56 25 77 33
21 44 37 37 85 80 27 92 19 48
21 45 85 22 19 79 40 45 77 77
21 46 13 18 96 86 60 54 64 38
21 47 27 29 19 42 45 53 90 47
21 48 76 27 23 24 40 70 71 42
21 49 14 90 91 96 36 35 36 40
22 23 70 63 8 67 55 43 78 73
22 24 87 74 68 26 75 9 23 74
22 25 88 2 49 30 56 26 25 37
22 26 12 97 88 34 67 61 88 75
22 27 55 28 80 30 66 22 57 48
22 28 34 56 48 14 54 57 40 24
22 29 76 51 5 5 47 35 35 12
22 30 24 55 49 47 21 68 40 88
22 31 7 47 86 48 30 55 60 73
22 32 84 50 78 82 26 54 74 59
22 33 61 80 7 53 54 25 16 69
22 34 15 60 67 31 54 53 88 96
22 35 20 26 40 33 18 71 16 58
22 36 52 29 23 24 50 36 49 88
22 37 0 78 74 42 74 33 94 23
22 38 93 32 10 33 35 39 28 16
22 39 29 92 22 77 43 78 81 32
22 40 60 20 81 19 12 38 61 87
22 41 97 43 16 29 36 45 59 48
22 42 0 35 49 52 40 27 20 71
22 43 98 33 37 3 77 76 69 75
22 44 92 29 38 1 21 54 50 23
22 45 51 72 35 66 89 60 67 60
22 46 30 79 71 59 15 16 91 77
22 47 39 16 39 76 71 47 32 82
22 48 75 18 26 40 22 55 30 70
22 49 94 53 63 38 56 9 28 43
23 24 5 21 75 24 57 82 95 38
23 25 56 44 19 28 83 61 65 85
23 26 47 88 33 83 14 23 55 32
23 27 64 61 49 64 12 29 85 14
23 28 87 63 72 50 50 26 66 22
23 29 4 32 96 77 48 85 38 35
23 30 34 16 40 85 43 77 89 46
23 31 41 37 25 19 77 33 83 14
23 32 37 69 60 91 41 51 18 48
23 33 1 45 76 33 53 48 84 83
23 34 55 12 79 78 44 86 12 50
23 35 0 75 67 75 59 64 65 44
23 36 72 11 56 74 59 43 7 41
23 37 99 3 27 32 76 30 60 9
23 38 90 39 70 27 57 30 40 57
23 39 12 43 82 52 72 57 61 18
23 40 86 40 50 54 33 31 46 73
23 41 49 50 69 29 32 76 31 11
23 42 43 35 73 61 45 30 51 21
23 43 76 37 82 60 55 31 55 71
23 44 24 43 26 45 27 72 87 22
23 45 56 11 88 64 35 39 72 66
23 46 26 81 38 70 68 55 66 45
23 47 10 75 51 22 24 66 23 80
23 48 30 41 28 40 68 49 71 45
23 49 67 21 67 69 33 20 65 61
24 25 4 41 90 62 63 27 25 84
24 26 4 53 60 41 63 59 45 69
24 27 71 49 9 35 85 27 68 45
24 28 19 19 95 56 77 47 90 54
24 29 12 34 75 53 76 58 23 64
24 30 86 22 47 14 5 52 74 70
24 31 83 82 25 8 38 67 32 13
24 32 44 29 54 33 82 48 30 55
24 33 20 69 51 80 44 42 90 41
24 34 60 20 8 80 71 79 73 68
24 35 75 36 17 10 57 45 43 54
24 36 40 41 76 86 79 50 55 21
24 37 60 36 27 54 58 68 43 42
24 38 34 78 51 87 26 38 53 38
24 39 79 12 79 43 70 64 21 73
24 40 70 73 68 22 19 85 84 63
24 41 34 72 88 70 37 60 43 73
24 42 97 21 9 56 60 15 42 20
24 43 49 37 47 64 46 72 24 51
24 44 14 76 38 30 31 21 82 90
24 45 13 87 39 31 45 35 56 85
24 46 3 78 22 27 27 29 32 85
24 47 49 45 11 52 62 63 40 48
24 48 93 27 6 26 76 38 6 80
24 49 53 69 69 42 51 12 63 20
25 26 38 48 73 52 77 54 71 70
25 27 47 78 45 32 81 18 86 85
25 28 62 86 36 74 32 41 48 62
25 29 49 15 46 66 61 52 14 60
25 30 74 77 56 37 30 34 84 38
25 31 38 63 51 62 16 27 26 16
25 32 89 60 80 10 13 70 68 53
25 33 81 47 57 61 22 48 55 18
25 34 19 91 41 39 16 44 60 39
25 35 39 32 18 75 35 26 42 63
25 36 86 80 10 18 60 57 54 70
25 37 69 27 32 44 70 46 6 38
25 38 26 41 20 34 69 52 26 62
25 39 38 54 43 45 65 24 51 76
25 40 21 84 61 82 57 80 85 38
25 41 95 59 62 58 78 21 36 28
25 42 72 34 56 46 49 6 51 44
25 43 57 77 20 76 9 84 37 9
25 44 60 19 40 36 84 58 51 72
25 45 11 68 58 52 53 41 80 56
25 46 55 18 55 58 55 82 47 83
25 47 65 12 82 83 21 42 47 18
25 48 2 99 78 29 35 23 45 73
25 49 20 39 34 17 44 74 81 58
26 27 33 64 64 33 33 15 73 66
26 28 87 5 65 20 78 37 51 9
26 29 27 67 71 41 80 94 62 18
26 30 53 33 75 12 69 46 55 64
26 31 98 59 36 76 72 50 33 53
26 32 6 87 40 76 34 65 36 96
26 33 93 61 15 53 39 46 78 11
26 34 26 24 21 39 77 62 28 59
26 35 60 65 44 76 22 68 49 50
26 36 77 27 71 73 64 42 41 27
26 37 17 60 72 28 79 21 60 35
26 38 16 47 64 89 17 66 56 27
26 39 44 50 55 21 28 57 34 37
26 40 95 40 42 36 35 33 36 13
26 41 83 49 51 55 47 54 31 65
26 42 61 47 81 80 83 45 34 58
26 43 0 23 93 77 61 99 92 58
26 44 35 79 73 68 71 65 67 79
26 45 64 21 14 73 72 79 49 10
26 46 6 26 71 68 85 57 67 33
26 47 88 52 66 41 56 2 53 10
26 48 18 87 22 68 22 23 94 65
26 49 57 37 29 85 42 54 29 55
27 28 26 42 30 48 44 90 21 49
27 29 7 56 48 49 58 39 38 81
27 30 68 53 56 51 74 61 27 29
27 31 58 14 22 42 59 39 61 76
27 32 90 5 25 6 64 78 47 34
27 33 57 67 71 68 48 11 69 87
27 34 23 70 45 68 42 83 20 31
27 35 4 37 25 85 93 64 95 58
27 36 87 35 40 40 20 53 66 38
27 37 18 77 84 22 85 54 36 77
27 38 51 32 46 53 84 29 85 60
27 39 0 42 59 96 38 36 79 38
27 40 2 45 71 97 36 61 97 67
27 41 22 35 36 88 71 54 92 52
27 42 45 23 51 60 35 82 87 65
27 43 11 70 82 62 49 89 77 26
27 44 56 61 9 39 36 51 49 14
27 45 39 19 80 73 87 66 90 67
27 46 73 68 18 28 76 25 78 11
27 47 67 84 21 84 66 81 66 16
27 48 90 49 67 42 11 11 68 11
27 49 49 23 80 46 33 71 68 55
28 29 20 83 39 65 40 46 46 26
28 30 99 79 72 77 58 19 14 41
28 31 75 6 67 13 76 76 33 81
28 32 1 47 31 28 60 98 69 79
28 33 26 27 87 78 52 84 71 18
28 34 35 14 50 21 41 55 38 18
28 35 86 33 75 10 17 9 13 26
28 36 62 28 36 38 61 12 77 77
28 37 62 60 73 11 69 35 84 72
28 38 35 43 62 66 75 91 48 80
28 39 85 73 51 30 77 70 52 35
28 40 87 76 10 17 20 9 68 31
28 41 34 27 92 31 13 46 30 41
28 42 75 55 61 72 52 54 13 83
28 43 4 28 74 37 60 72 51 34
28 44 48 13 60 17 35 41 48 71
28 45 99 72 11 20 35 8 69 26
28 46 34 13 62 76 61 50 76 69
28 47 13 38 91 51 75 22 29 65
28 48 3 86 51 48 20 89 22 64
28 49 33 62 35 13 36 85 25 88
29 30 90 8 18 22 74 55 22 79
29 31 61 64 64 84 30 12 73 77
29 32 52 61 47 34 79 49 17 34
29 33 74 6 7 46 77 35 73 54
29 34 45 78 20 25 62 65 69 81
29 35 83 8 40 35 71 65 70 10
29 36 89 32 61 55 36 62 5 16
29 37 67 25 21 31 74 13 6 24
29 38 81 54 83 44 7 6 17 59
29 39 29 63 51 71 26 34 70 55
29 40 94 58 27 80 10 19 52 62
29 41 69 43 33 77 23 10 46 24
29 42 5 92 77 22 81 46 73 47
29 43 90 11 51 38 9 21 14 1
29 44 23 45 58 44 49 28 19 52
29 45 17 71 93 56 82 30 77 84
29 46 52 60 23 30 64 20 52 45
29 47 14 55 86 62 18 80 19 18
29 48 63 69 31 35 52 66 75 66
29 49 79 31 52 76 12 38 59 24
30 31 33 48 28 56 69 30 55 71
30 32 53 43 12 13 20 68 46 11
30 33 54 74 51 41 41 62 68 47
30 34 92 37 10 59 11 27 39 44
30 35 98 51 65 4 20 57 73 48
30 36 85 37 6 3 65 63 5 55
30 37 0 49 67 84 88 66 23 57
30 38 13 93 24 64 63 37 83 67
30 39 95 73 12 36 44 24 80 50
30 40 3 62 29 89 86 32 34 83
30 41 86 44 22 69 40 24 82 74
30 42 23 44 71 64 17 52 59 92
30 43 69 37 54 27 58 71 85 53
30 44 77 71 52 42 35 31 20 83
30 45 54 28 14 30 73 15 27 13
30 46 74 75 19 64 60 18 44 50
30 47 98 30 63 31 23 73 43 37
30 48 97 13 19 12 80 69 8 78
30 49 92 9 49 30 58 31 80 17
31 32 5 87 56 60 68 25 86 31
31 33 65 30 17 13 45 17 66 23
31 34 10 22 38 55 85 80 67 64
31 35 92 70 26 3 21 59 50 78
31 36 82 16 78 70 71 34 7 64
31 37 8 76 29 69 59 83 98 75
31 38 90 60 25 71 53 23 69 2
31 39 21 41 65 74 25 68 94 65
31 40 37 90 20 44 35 91 12 43
31 41 96 67 61 24 58 60 61 43
31 42 76 34 18 46 20 58 59 53
31 43 60 51 72 40 73 41 32 70
31 44 44 66 57 20 14 79 88 28
31 45 16 22 18 92 76 88 82 43
31 46 21 86 41 30 50 36 24 18
31 47 36 77 87 80 81 41 85 81
31 48 15 70 27 91 89 94 90 86
31 49 76 31 32 6 82 51 52 51
32 33 90 53 45 79 25 79 39 39
32 34 79 38 80 56 61 22 24 19
32 35 66 15 11 46 78 23 77 66
32 36 82 44 66 27 74 49 61 45
32 37 7 30 69 29 75 30 48 84
32 38 75 41 34 73 22 64 12 59
32 39 87 14 77 36 31 47 64 60
32 40 19 25 92 18 28 51 63 50
32 41 57 55 33 38 23 44 28 53
32 42 94 51 46 12 73 63 17 75
32 43 72 18 69 82 69 59 58 59
32 44 45 59 70 86 67 26 26 22
32 45 47 48 18 42 31 38 69 22
32 46 83 23 11 28 51 28 73 43
32 47 46 13 26 56 69 26 32 66
32 48 14 75 19 82 94 61 31 68
32 49 63 76 80 59 52 70 25 15
33 34 93 13 8 68 2 51 78 4
33 35 22 65 59 67 57 48 49 83
33 36 93 76 38 52 35 55 53 53
33 37 24 88 74 32 68 63 44 64
33 38 96 4 3 19 69 22 43 56
33 39 37 89 32 58 60 24 52 22
33 40 25 56 86 60 62 15 16 37
33 41 34 35 27 26 51 41 41 23
33 42 3 86 87 57 27 87 94 92
33 43 31 43 64 24 81 21 33 65
33 44 23 21 63 70 39 74 92 85
33 45 77 74 27 82 6 7 19 10
33 46 90 81 18 30 23 36 10 29
33 47 54 88 14 61 71 30 50 85
33 48 90 19 71 38 37 69 22 54
33 49 77 50 57 50 11 8 52 29
34 35 11 72 27 24 52 73 50 45
34 36 47 37 65 75 38 40 81 56
34 37 15 56 46 31 32 55 33 22
34 38 89 22 53 77 58 58 57 47
34 39 53 21 15 61 51 58 11 38
34 40 80 81 6 51 37 4 32 14
34 41 40 54 69 48 67 79 42 34
34 42 49 56 80 22 13 27 33 39
34 43 16 63 71 51 41 80 62 28
34 44 59 41 17 14 82 36 73 37
34 45 91 61 45 70 29 72 34 14
34 46 90 2 52 2 49 7 52 50
34 47 51 45 69 15 67 36 48 44
34 48 72 71 64 26 44 34 39 30
34 49 36 21 50 25 32 55 65 66
35 36 46 80 73 49 24 22 88 70
35 37 30 32 26 68 33 73 25 25
35 38 4 81 43 58 53 39 33 86
35 39 11 94 90 47 96 60 72 68
35 40 9 36 33 28 43 45 87 46
35 41 44 51 21 90 50 20 67 15
35 42 66 18 82 52 7 25 32 36
35 43 63 34 43 28 49 46 71 8
35 44 48 59 39 29 80 86 17 73
35 45 6 46 80 40 77 80 71 22
35 46 29 14 86 79 26 88 81 88
35 47 25 24 59 16 68 56 17 53
35 48 82 69 50 46 76 51 57 56
35 49 22 53 27 43 26 51 77 61
36 37 56 16 75 76 16 28 55 83
36 38 49 49 52 21 65 49 59 70
36 39 39 67 65 60 83 73 12 57
36 40 87 34 12 66 67 5 22 34
36 41 1 46 29 42 31 21 40 96
36 42 59 42 19 46 62 35 61 30
36 43 52 49 41 70 78 82 31 74
36 44 38 71 24 68 32 35 51 27
36 45 48 68 55 60 61 15 77 33
36 46 31 66 44 92 83 39 65 17
36 47 92 34 56 42 80 15 24 48
36 48 85 78 25 51 71 7 37 23
36 49 5 73 40 37 43 27 45 72
37 38 51 89 39 69 82 33 37 15
37 39 77 82 78 79 79 8 56 78
37 40 63 10 53 45 72 12 68 70
37 41 37 60 49 80 69 43 61 74
37 42 8 45 27 51 53 32 24 52
37 43 42 54 16 77 46 58 66 85
37 44 94 40 21 69 17 59 73 57
37 45 95 79 55 32 58 37 13 80
37 46 53 68 22 36 74 58 54 32
37 47 54 43 50 63 28 71 33 52
37 48 37 72 39 19 29 74 28 84
37 49 0 92 89 86 56 24 28 95
38 39 86 15 22 20 68 75 78 77
38 40 69 49 68 59 8 30 43 48
38 41 96 11 57 67 63 38 60 72
38 42 37 44 46 40 91 15 53 73
38 43 10 34 81 55 95 35 57 19
38 44 79 68 6 74 33 25 47 49
38 45 62 51 64 55 85 51 53 23
38 46 11 55 21 38 66 73 21 51
38 47 5 89 71 92 85 32 72 94
38 48 94 72 15 1 27 76 6 32
38 49 4 46 19 58 64 85 40 83
39 40 34 74 15 85 65 58 88 91
39 41 9 26 92 60 83 80 18 69
39 42 60 39 68 59 50 28 17 55
39 43 71 55 10 57 84 40 37 68
39 44 49 88 84 84 18 20 54 75
39 45 28 50 24 29 18 92 48 58
39 46 73 11 30 38 12 40 54 48
39 47 88 54 41 4 39 31 75 50
39 48 94 6 7 59 59 2 7 9
39 49 93 53 38 29 2 8 57 67
40 41 62 15 62 77 73 52 78 14
40 42 55 12 54 55 87 80 33 30
40 43 4 60 72 39 69 48 29 72
40 44 55 39 66 32 80 79 41 80
40 45 64 72 49 51 48 20 75 61
40 46 5 21 75 85 58 49 61 21
40 47 85 48 12 60 72 51 74 75
40 48 13 26 68 76 56 73 47 84
40 49 18 85 88 77 42 84 82 75
41 42 47 32 78 33 77 24 78 71
41 43 37 85 69 76 87 60 72 49
41 44 97 68 64 34 64 22 75 33
41 45 40 62 25 16 78 60 39 21
41 46 39 55 47 72 24 48 37 39
41 47 52 83 24 29 17 58 48 78
41 48 77 60 42 66 12 18 28 78
41 49 72 54 32 49 32 6 81 41
42 43 61 45 21 69 21 29 39 61
42 44 6 23 52 63 57 64 59 60
42 45 12 24 29 46 30 80 47 18
42 46 58 69 53 21 10 19 18 54
42 47 78 77 42 42 75 54 11 49
42 48 79 4 66 43 59 6 47 77
42 49 24 27 51 79 52 20 26 22
43 44 85 79 75 80 15 75 59 56
43 45 24 21 45 81 53 45 53 78
43 46 85 45 68 33 14 6 65 24
43 47 92 65 20 68 13 78 17 6
43 48 19 28 79 50 92 85 72 62
43 49 86 13 3 29 24 28 4 29
44 45 82 37 60 10 64 61 65 21
44 46 69 77 38 73 62 24 26 75
44 47 81 8 11 16 79 28 61 50
44 48 0 24 61 36 83 93 29 35
44 49 49 87 54 22 35 11 13 23
45 46 8 68 49 60 57 89 89 50
45 47 40 38 35 49 43 23 44 29
45 48 83 3 16 59 82 27 31 54
45 49 48 37 12 60 16 67 75 56
46 47 19 21 78 70 44 72 59 20
46 48 37 72 53 69 35 82 85 71
46 49 98 2 69 56 20 57 25 64
47 48 26 86 30 62 51 66 73 46
47 49 96 10 2 23 63 39 73 18
48 49 41 33 34 52 47 42 13 72
