42 4
0.333333 0.333333 0.333333 0.0 
0 1 20 52 37 27
0 2 5 42 67 7
0 3 71 70 70 38
0 4 68 50 48 43
0 5 23 22 47 54
0 6 24 18 60 79
0 7 5 13 66 34
0 8 2 62 20 31
0 9 62 72 88 40
0 10 97 37 97 38
0 11 35 31 28 39
0 12 9 55 51 8
0 13 72 57 58 46
0 14 98 79 75 52
0 15 33 18 40 42
0 16 60 63 39 84
0 17 55 25 48 25
0 18 14 76 77 39
0 19 25 34 19 34
0 20 79 70 48 59
0 21 51 13 18 36
0 22 85 96 79 62
0 23 42 39 25 37
0 24 21 22 23 60
0 25 70 74 86 65
0 26 61 77 63 33
0 27 83 33 80 94
0 28 16 51 74 58
0 29 29 77 38 54
0 30 0 20 68 43
0 31 99 81 66 63
0 32 76 54 65 67
0 33 3 13 64 53
0 34 79 34 36 72
0 35 20 23 78 45
0 36 2 35 35 11
0 37 39 49 34 77
0 38 92 61 19 79
0 39 45 86 78 14
0 40 60 87 24 34
0 41 83 50 77 83
1 2 85 73 62 37
1 3 10 41 14 33
1 4 42 51 84 21
1 5 60 56 57 78
1 6 64 66 69 64
1 7 54 20 62 59
1 8 96 42 64 42
1 9 4 44 25 44
1 10 52 80 88 77
1 11 37 85 45 70
1 12 32 77 36 19
1 13 38 52 44 51
1 14 48 56 14 42
1 15 84 22 90 62
1 16 89 29 56 78
1 17 29 37 59 41
1 18 42 40 11 85
1 19 80 51 69 90
1 20 18 43 31 31
1 21 34 14 81 33
1 22 20 61 10 22
1 23 76 36 42 46
1 24 65 56 40 89
1 25 62 60 52 76
1 26 88 20 42 28
1 27 22 55 45 22
1 28 35 16 11 13
1 29 22 13 13 11
1 30 77 38 53 85
1 31 43 29 78 74
1 32 78 47 20 62
1 33 78 55 23 89
1 34 57 78 21 51
1 35 80 86 48 92
1 36 93 80 80 93
1 37 42 49 25 40
1 38 39 50 25 35
1 39 31 58 57 60
1 40 47 60 63 55
1 41 89 58 45 79
2 3 90 28 93 47
2 4 44 26 33 83
2 5 67 62 41 76
2 6 65 81 89 18
2 7 22 28 10 61
2 8 73 82 74 17
2 9 88 25 52 85
2 10 42 59 13 73
2 11 77 35 75 50
2 12 33 24 86 56
2 13 50 42 76 12
2 14 77 81 32 66
2 15 45 84 23 58
2 16 13 28 55 64
2 17 31 14 72 38
2 18 31 52 85 57
2 19 57 73 77 62
2 20 29 65 50 81
2 21 41 65 11 26
2 22 58 81 46 90
2 23 11 52 59 71
2 24 6 80 37 72
2 25 20 71 39 29
2 26 4 76 61 20
2 27 63 32 62 34
2 28 65 59 18 49
2 29 95 24 98 90
2 30 10 47 41 72
2 31 51 61 60 86
2 32 48 63 55 84
2 33 99 22 47 55
2 34 30 82 43 24
2 35 5 53 8 12
2 36 5 16 79 13
2 37 10 63 48 44
2 38 47 42 21 42
2 39 75 84 65 39
2 40 6 45 43 68
2 41 2 54 47 49
3 4 34 58 18 22
3 5 41 79 20 87
3 6 93 44 67 53
3 7 29 77 80 63
3 8 3 67 23 32
3 9 15 75 81 13
3 10 63 80 25 29
3 11 90 85 85 78
3 12 53 89 77 12
3 13 11 48 82 8
3 14 94 82 84 53
3 15 31 74 11 62
3 16 54 88 30 24
3 17 19 19 49 20
3 18 13 59 53 69
3 19 92 26 32 40
3 20 51 15 18 55
3 21 31 14 35 78
3 22 40 32 84 22
3 23 17 31 37 29
3 24 79 87 76 41
3 25 32 26 54 52
3 26 47 11 15 32
3 27 76 57 55 56
3 28 15 28 41 32
3 29 57 76 64 30
3 30 54 23 55 86
3 31 97 46 52 32
3 32 18 15 37 32
3 33 19 65 39 17
3 34 44 56 77 49
3 35 83 92 36 34
3 36 66 44 65 45
3 37 46 68 59 66
3 38 36 43 27 79
3 39 20 76 17 10
3 40 17 58 64 16
3 41 84 92 35 17
4 5 78 39 78 94
4 6 7 72 3 28
4 7 62 58 44 77
4 8 74 42 81 91
4 9 18 8 6 38
4 10 52 46 73 15
4 11 51 57 21 87
4 12 92 35 59 47
4 13 68 46 28 19
4 14 58 91 56 23
4 15 69 76 38 39
4 16 9 53 80 14
4 17 98 97 26 37
4 18 48 33 28 56
4 19 64 18 35 31
4 20 81 92 45 19
4 21 23 69 12 80
4 22 63 70 87 45
4 23 38 61 18 32
4 24 16 80 76 78
4 25 8 9 43 20
4 26 83 39 83 33
4 27 52 20 10 88
4 28 73 41 15 19
4 29 79 25 58 64
4 30 10 12 4 58
4 31 60 91 84 54
4 32 80 96 63 38
4 33 15 30 68 76
4 34 71 55 77 84
4 35 52 57 49 39
4 36 83 69 26 49
4 37 92 33 67 59
4 38 86 91 80 73
4 39 17 49 68 76
4 40 66 49 38 47
4 41 11 29 56 47
5 6 58 57 85 52
5 7 43 65 25 36
5 8 21 38 30 59
5 9 72 33 69 19
5 10 74 94 81 85
5 11 52 82 48 73
5 12 62 87 25 23
5 13 2 35 4 63
5 14 28 64 33 31
5 15 96 53 29 77
5 16 78 55 18 45
5 17 59 91 45 36
5 18 7 3 51 25
5 19 53 80 69 11
5 20 21 26 82 60
5 21 89 31 68 53
5 22 42 68 68 83
5 23 74 65 84 86
5 24 22 13 73 61
5 25 69 20 14 50
5 26 25 52 82 37
5 27 43 46 49 29
5 28 76 65 65 38
5 29 98 93 94 70
5 30 87 44 43 89
5 31 27 5 31 9
5 32 36 32 76 51
5 33 99 38 24 33
5 34 75 91 64 85
5 35 58 74 91 74
5 36 33 27 46 13
5 37 75 17 60 84
5 38 0 24 5 55
5 39 10 48 55 64
5 40 32 52 83 32
5 41 93 65 20 40
6 7 7 34 25 75
6 8 27 55 27 48
6 9 78 81 39 24
6 10 32 51 11 8
6 11 83 72 56 16
6 12 40 14 49 45
6 13 49 44 26 34
6 14 0 33 1 63
6 15 84 79 55 80
6 16 4 17 68 36
6 17 73 61 16 33
6 18 55 87 24 15
6 19 62 33 52 58
6 20 4 70 61 19
6 21 21 70 53 36
6 22 20 72 53 31
6 23 90 66 53 97
6 24 10 47 13 51
6 25 23 13 82 28
6 26 17 67 59 48
6 27 65 70 27 49
6 28 74 52 57 55
6 29 76 65 66 73
6 30 23 78 72 13
6 31 9 4 67 29
6 32 28 60 59 10
6 33 41 12 18 41
6 34 3 16 64 68
6 35 26 26 21 49
6 36 25 28 76 22
6 37 14 61 7 13
6 38 64 89 78 90
6 39 23 69 9 10
6 40 47 88 60 38
6 41 6 75 25 10
7 8 29 66 52 21
7 9 81 78 18 34
7 10 81 39 88 55
7 11 6 53 79 55
7 12 34 52 42 69
7 13 27 38 44 39
7 14 98 87 68 63
7 15 2 35 28 49
7 16 24 68 5 35
7 17 10 9 60 22
7 18 48 74 76 39
7 19 90 43 97 59
7 20 29 56 63 40
7 21 42 62 86 12
7 22 40 63 12 62
7 23 56 25 18 35
7 24 81 38 41 30
7 25 80 86 51 86
7 26 7 68 23 56
7 27 32 75 63 31
7 28 24 13 11 38
7 29 20 11 62 34
7 30 58 91 11 46
7 31 43 28 17 22
7 32 20 44 5 23
7 33 80 82 92 55
7 34 37 57 16 22
7 35 76 85 31 93
7 36 38 22 51 48
7 37 7 20 23 6
7 38 36 83 76 75
7 39 50 37 38 31
7 40 88 40 91 23
7 41 96 24 64 95
8 9 57 19 62 24
8 10 1 24 49 71
8 11 52 40 44 23
8 12 99 81 75 99
8 13 52 86 67 52
8 14 70 82 64 63
8 15 50 50 26 32
8 16 73 59 29 81
8 17 3 67 75 14
8 18 30 74 18 74
8 19 95 96 45 78
8 20 92 21 54 74
8 21 72 57 24 67
8 22 62 91 76 89
8 23 29 71 20 74
8 24 96 66 30 81
8 25 81 94 23 44
8 26 55 26 55 47
8 27 70 52 37 64
8 28 3 78 71 76
8 29 47 68 64 16
8 30 18 48 34 6
8 31 33 45 72 48
8 32 5 52 2 37
8 33 73 14 29 34
8 34 99 73 46 23
8 35 57 17 28 89
8 36 23 44 70 59
8 37 62 33 15 75
8 38 54 47 18 22
8 39 14 68 48 68
8 40 72 78 65 64
8 41 93 33 76 95
9 10 35 67 66 64
9 11 29 39 84 52
9 12 9 74 17 10
9 13 89 57 94 73
9 14 34 60 58 71
9 15 76 57 35 34
9 16 44 21 38 34
9 17 88 62 94 32
9 18 84 56 36 93
9 19 78 76 80 80
9 20 11 37 11 45
9 21 3 22 49 68
9 22 15 30 63 35
9 23 0 44 74 25
9 24 47 10 87 43
9 25 73 45 45 26
9 26 44 33 87 25
9 27 47 81 20 60
9 28 57 77 78 25
9 29 64 84 78 58
9 30 86 23 95 93
9 31 93 38 18 94
9 32 71 47 27 68
9 33 35 7 41 32
9 34 78 34 76 17
9 35 47 14 71 82
9 36 54 79 84 73
9 37 51 86 44 15
9 38 29 55 66 75
9 39 3 68 70 76
9 40 29 74 69 50
9 41 42 75 47 16
10 11 17 70 51 21
10 12 72 65 87 64
10 13 55 57 32 23
10 14 4 9 66 57
10 15 68 62 75 40
10 16 75 20 34 64
10 17 32 66 72 75
10 18 11 26 77 16
10 19 51 48 78 48
10 20 24 29 44 64
10 21 50 78 71 78
10 22 18 60 60 62
10 23 29 41 19 46
10 24 35 49 72 71
10 25 62 55 55 90
10 26 60 78 16 48
10 27 31 24 83 62
10 28 58 68 61 29
10 29 86 51 80 82
10 30 66 30 50 51
10 31 94 64 68 93
10 32 15 54 38 15
10 33 37 56 50 76
10 34 66 67 27 77
10 35 71 28 34 91
10 36 73 86 24 29
10 37 89 70 94 37
10 38 0 31 60 40
10 39 17 19 70 21
10 40 17 24 24 11
10 41 23 27 41 28
11 12 0 75 33 12
11 13 69 81 46 24
11 14 86 68 79 95
11 15 2 70 53 55
11 16 40 16 40 31
11 17 35 51 66 83
11 18 68 27 77 77
11 19 14 64 70 25
11 20 2 8 56 7
11 21 58 61 48 91
11 22 56 86 59 19
11 23 79 40 63 59
11 24 88 78 85 44
11 25 10 48 34 66
11 26 26 69 82 42
11 27 11 76 63 8
11 28 71 16 70 34
11 29 11 8 13 6
11 30 91 79 49 58
11 31 14 40 69 49
11 32 21 43 59 65
11 33 78 54 47 51
11 34 91 57 71 58
11 35 55 50 39 89
11 36 96 54 67 63
11 37 57 76 70 61
11 38 67 38 70 36
11 39 75 38 32 55
11 40 85 95 36 96
11 41 71 57 42 28
12 13 76 19 17 54
12 14 36 65 24 64
12 15 13 60 11 10
12 16 29 14 73 34
12 17 97 96 60 66
12 18 95 51 89 76
12 19 34 82 78 27
12 20 57 40 60 86
12 21 92 51 34 32
12 22 60 19 49 87
12 23 83 69 50 82
12 24 95 64 47 42
12 25 51 61 68 64
12 26 5 1 20 49
12 27 56 55 32 28
12 28 62 43 60 56
12 29 48 29 60 67
12 30 72 85 86 72
12 31 31 72 31 57
12 32 83 22 22 55
12 33 3 35 32 20
12 34 48 11 22 89
12 35 48 32 46 76
12 36 44 10 51 78
12 37 91 27 71 77
12 38 55 11 90 41
12 39 65 43 61 90
12 40 27 70 71 85
12 41 71 83 43 77
13 14 59 54 14 59
13 15 92 41 86 29
13 16 90 31 53 22
13 17 75 19 46 58
13 18 48 76 29 40
13 19 44 32 80 10
13 20 47 76 15 27
13 21 97 77 40 67
13 22 70 66 52 64
13 23 55 31 70 65
13 24 26 32 55 40
13 25 12 69 2 8
13 26 47 47 34 64
13 27 43 73 47 9
13 28 52 35 19 29
13 29 2 66 38 30
13 30 5 45 76 70
13 31 27 49 12 73
13 32 86 84 23 64
13 33 61 80 69 84
13 34 50 48 45 53
13 35 98 92 27 98
13 36 62 78 33 87
13 37 31 48 51 23
13 38 57 36 81 76
13 39 84 86 22 53
13 40 65 50 56 83
13 41 56 76 69 83
14 15 59 36 72 61
14 16 25 80 74 82
14 17 59 52 26 30
14 18 73 43 88 61
14 19 31 6 45 42
14 20 53 37 38 85
14 21 3 8 40 5
14 22 65 36 81 25
14 23 56 85 60 19
14 24 25 10 59 22
14 25 66 35 63 67
14 26 27 36 46 58
14 27 73 54 16 61
14 28 17 82 82 52
14 29 32 15 27 74
14 30 72 56 79 17
14 31 64 43 43 80
14 32 18 9 77 11
14 33 80 55 27 50
14 34 17 9 22 7
14 35 15 75 39 35
14 36 31 11 63 11
14 37 26 71 35 53
14 38 94 44 39 59
14 39 2 77 29 1
14 40 34 53 50 53
14 41 52 49 64 15
15 16 57 48 19 77
15 17 28 19 74 25
15 18 98 78 54 20
15 19 22 39 25 65
15 20 81 40 49 19
15 21 95 81 79 36
15 22 23 47 39 23
15 23 25 65 9 53
15 24 34 77 21 24
15 25 79 75 76 55
15 26 2 17 37 21
15 27 20 44 30 81
15 28 21 50 44 73
15 29 64 41 79 60
15 30 16 50 46 61
15 31 14 80 64 74
15 32 87 28 29 83
15 33 71 69 87 85
15 34 48 88 60 15
15 35 34 34 34 80
15 36 82 31 29 25
15 37 38 30 46 65
15 38 85 47 18 17
15 39 22 78 56 46
15 40 60 16 29 46
15 41 25 81 39 74
16 17 16 50 70 57
16 18 64 66 51 70
16 19 34 66 75 62
16 20 28 25 13 52
16 21 94 95 97 63
16 22 65 33 47 46
16 23 18 19 58 62
16 24 9 76 26 4
16 25 19 47 67 34
16 26 57 66 76 30
16 27 76 83 26 36
16 28 8 3 5 19
16 29 28 65 45 69
16 30 61 86 80 69
16 31 31 8 16 47
16 32 46 28 33 20
16 33 28 57 26 47
16 34 47 23 88 38
16 35 66 25 84 50
16 36 53 46 38 29
16 37 69 43 67 31
16 38 82 32 83 40
16 39 64 79 71 41
16 40 24 59 58 13
16 41 63 65 46 40
17 18 49 84 31 74
17 19 13 42 59 39
17 20 88 72 55 94
17 21 40 20 58 33
17 22 41 75 77 39
17 23 19 9 17 39
17 24 9 34 18 36
17 25 64 51 33 49
17 26 75 73 69 51
17 27 9 54 67 66
17 28 30 74 68 30
17 29 15 63 13 77
17 30 23 7 46 51
17 31 42 38 41 80
17 32 81 39 87 35
17 33 33 83 65 58
17 34 21 49 56 61
17 35 35 71 7 58
17 36 16 47 50 38
17 37 94 84 86 27
17 38 15 40 3 75
17 39 28 55 76 29
17 40 74 26 49 90
17 41 30 45 85 67
18 19 66 40 45 60
18 20 19 83 8 48
18 21 63 31 22 40
18 22 88 50 72 75
18 23 35 7 45 79
18 24 23 84 55 8
18 25 15 42 53 50
18 26 2 21 7 44
18 27 19 65 16 21
18 28 72 39 34 69
18 29 76 44 32 26
18 30 82 20 81 26
18 31 44 14 84 56
18 32 57 21 22 61
18 33 20 69 78 8
18 34 43 72 47 53
18 35 63 17 88 81
18 36 77 19 57 29
18 37 76 91 66 17
18 38 15 76 18 9
18 39 62 14 83 39
18 40 66 55 81 21
18 41 74 72 40 35
19 20 65 69 40 37
19 21 91 48 81 26
19 22 36 52 22 66
19 23 32 36 17 69
19 24 10 40 5 19
19 25 22 5 28 17
19 26 98 78 40 44
19 27 9 8 4 61
19 28 68 56 19 31
19 29 77 50 67 61
19 30 70 21 83 52
19 31 22 60 73 14
19 32 66 62 59 47
19 33 1 12 40 71
19 34 31 83 54 18
19 35 95 88 20 39
19 36 68 44 84 81
19 37 93 91 66 88
19 38 20 64 35 65
19 39 43 38 39 71
19 40 20 41 21 53
19 41 32 9 24 38
20 21 75 17 31 35
20 22 82 55 52 82
20 23 34 55 63 64
20 24 95 85 74 80
20 25 93 28 84 32
20 26 25 50 47 58
20 27 17 4 15 40
20 28 11 22 45 28
20 29 44 84 43 46
20 30 79 84 75 50
20 31 56 32 69 41
20 32 16 55 38 57
20 33 18 71 13 43
20 34 88 54 34 87
20 35 7 7 15 56
20 36 10 17 26 63
20 37 50 14 20 62
20 38 48 62 66 51
20 39 99 28 27 31
20 40 46 52 20 82
20 41 11 27 26 54
21 22 13 67 44 82
21 23 45 47 68 69
21 24 29 36 63 58
21 25 16 49 68 7
21 26 3 33 66 9
21 27 67 22 55 30
21 28 53 46 44 74
21 29 58 88 26 51
21 30 26 81 29 26
21 31 3 51 66 6
21 32 69 36 75 55
21 33 68 79 73 54
21 34 11 43 34 69
21 35 59 45 89 38
21 36 58 58 66 31
21 37 91 36 58 23
21 38 49 14 36 49
21 39 55 78 87 20
21 40 85 60 88 28
21 41 14 51 82 69
22 23 99 38 87 64
22 24 4 45 50 11
22 25 16 23 5 61
22 26 71 47 25 17
22 27 70 30 58 46
22 28 81 43 94 38
22 29 20 51 79 59
22 30 82 90 51 72
22 31 82 42 79 46
22 32 67 71 80 39
22 33 62 83 69 44
22 34 29 22 9 19
22 35 1 43 74 24
22 36 41 73 65 71
22 37 10 5 41 65
22 38 42 17 60 82
22 39 20 24 34 46
22 40 9 24 28 18
22 41 78 48 94 30
23 24 99 67 78 65
23 25 75 94 49 48
23 26 37 37 48 86
23 27 37 25 83 49
23 28 87 84 81 46
23 29 5 58 48 10
23 30 31 84 83 40
23 31 95 64 34 79
23 32 53 28 59 61
23 33 81 78 94 29
23 34 14 60 32 49
23 35 18 31 61 63
23 36 8 80 20 40
23 37 73 42 19 38
23 38 83 60 67 75
23 39 52 75 29 16
23 40 96 45 78 32
23 41 0 67 64 28
24 25 49 77 20 63
24 26 99 91 50 68
24 27 75 51 82 85
24 28 17 60 67 6
24 29 21 52 83 42
24 30 72 39 94 63
24 31 22 62 79 72
24 32 56 70 23 87
24 33 28 12 39 54
24 34 15 53 66 67
24 35 58 85 64 83
24 36 20 63 76 63
24 37 49 33 86 61
24 38 6 21 34 45
24 39 77 84 61 62
24 40 47 11 21 67
24 41 50 87 61 81
25 26 18 46 76 62
25 27 0 63 13 45
25 28 81 44 27 95
25 29 42 65 52 85
25 30 38 75 58 14
25 31 10 30 17 6
25 32 28 44 43 61
25 33 77 40 67 50
25 34 41 46 14 62
25 35 12 35 9 56
25 36 45 38 26 15
25 37 61 61 42 75
25 38 55 22 29 20
25 39 39 53 87 17
25 40 82 52 49 57
25 41 74 88 66 84
26 27 54 37 47 53
26 28 64 86 63 75
26 29 25 32 40 59
26 30 28 60 63 61
26 31 75 60 54 39
26 32 10 23 31 73
26 33 54 64 27 86
26 34 68 63 89 53
26 35 35 31 53 30
26 36 17 75 24 44
26 37 75 88 89 51
26 38 42 9 87 44
26 39 86 60 84 44
26 40 85 86 95 69
26 41 44 62 33 68
27 28 22 21 52 13
27 29 17 77 18 54
27 30 30 70 29 53
27 31 38 27 20 48
27 32 5 61 56 78
27 33 60 23 69 84
27 34 5 37 3 62
27 35 35 75 83 24
27 36 57 27 47 14
27 37 49 15 14 84
27 38 32 19 71 76
27 39 57 62 70 24
27 40 36 57 36 70
27 41 36 27 55 84
28 29 8 74 42 72
28 30 65 74 81 59
28 31 17 10 81 63
28 32 21 47 81 61
28 33 12 57 9 18
28 34 85 41 94 86
28 35 64 17 71 38
28 36 42 82 78 39
28 37 66 79 70 13
28 38 25 69 80 69
28 39 81 69 31 68
28 40 8 15 70 47
28 41 47 34 87 12
29 30 38 84 37 17
29 31 12 27 25 59
29 32 4 69 6 66
29 33 59 83 37 43
29 34 31 51 36 60
29 35 48 45 53 27
29 36 53 11 46 22
29 37 96 45 96 84
29 38 27 12 65 34
29 39 73 29 30 21
29 40 69 38 38 21
29 41 47 28 46 49
30 31 0 65 26 74
30 32 82 50 38 25
30 33 4 16 11 1
30 34 11 73 57 41
30 35 44 47 57 78
30 36 53 74 28 87
30 37 99 32 56 28
30 38 82 86 30 77
30 39 1 18 41 3
30 40 22 70 59 39
30 41 92 56 81 20
31 32 65 82 39 36
31 33 96 21 93 41
31 34 87 71 70 22
31 35 68 93 43 74
31 36 83 37 24 95
31 37 14 27 15 38
31 38 53 72 85 30
31 39 19 58 50 24
31 40 43 48 54 79
31 41 96 30 74 50
32 33 6 54 50 41
32 34 10 21 14 34
32 35 87 84 32 80
32 36 76 41 89 21
32 37 22 47 20 9
32 38 82 20 58 66
32 39 74 37 75 91
32 40 14 63 5 68
32 41 79 36 59 68
33 34 67 46 45 71
33 35 23 71 13 21
33 36 30 25 6 60
33 37 91 58 89 87
33 38 87 58 18 55
33 39 18 23 75 27
33 40 56 90 70 38
33 41 45 22 65 52
34 35 20 76 51 19
34 36 18 70 57 74
34 37 14 35 18 20
34 38 9 76 50 5
34 39 63 12 38 88
34 40 55 30 79 55
34 41 5 76 69 76
35 36 33 28 10 85
35 37 12 6 45 18
35 38 42 28 61 77
35 39 2 7 64 29
35 40 30 39 6 48
35 41 89 59 90 26
36 37 87 42 77 46
36 38 83 17 60 94
36 39 69 44 43 79
36 40 23 72 6 38
36 41 77 92 74 93
37 38 97 50 58 86
37 39 13 68 22 76
37 40 76 74 65 49
37 41 22 56 66 18
38 39 0 15 66 72
38 40 70 73 52 27
38 41 55 30 59 64
39 40 48 68 49 20
39 41 55 66 70 29
40 41 16 29 9 15
