20 8
0.166667 0.166667 0.166667 0.166667 0.166667 0.166667 0.0 0.0 
0 1 62 56 70 47 71 65 58 77
0 2 52 66 35 71 73 66 54 53
0 3 65 33 70 76 72 69 80 41
0 4 72 51 62 54 76 44 53 38
0 5 42 51 49 23 31 40 56 60
0 6 9 14 24 15 16 46 19 5
0 7 30 29 60 46 29 45 18 60
0 8 41 28 51 28 35 70 56 47
0 9 38 32 48 35 44 51 55 66
0 10 28 23 24 61 56 52 48 14
0 11 42 62 43 51 53 52 33 28
0 12 39 51 19 22 49 40 39 27
0 13 19 9 12 17 49 42 47 48
0 14 23 50 31 27 26 54 29 33
0 15 95 75 96 71 71 87 60 77
0 16 5 17 6 23 45 7 32 35
0 17 34 32 42 52 65 60 63 27
0 18 2 3 3 25 1 42 29 48
0 19 45 24 63 44 47 61 34 71
1 2 11 36 50 10 34 16 15 47
1 3 48 27 24 39 63 44 45 61
1 4 12 53 52 19 18 42 42 11
1 5 12 8 55 44 29 50 36 55
1 6 69 39 49 67 51 46 81 80
1 7 65 48 54 44 39 40 36 67
1 8 80 76 69 72 83 72 75 59
1 9 24 27 47 61 34 49 41 19
1 10 54 44 33 73 28 36 72 41
1 11 4 34 4 4 11 40 6 38
1 12 51 65 44 58 59 35 64 25
1 13 0 18 3 0 25 43 43 18
1 14 16 46 11 31 53 44 23 12
1 15 36 36 51 62 65 21 35 48
1 16 58 61 41 76 62 79 51 75
1 17 95 51 82 82 84 50 95 49
1 18 8 46 52 16 9 41 12 33
1 19 49 72 69 36 60 60 57 35
2 3 25 28 19 33 39 36 56 42
2 4 90 51 55 73 87 68 48 80
2 5 42 26 61 43 26 28 27 31
2 6 90 90 65 74 82 49 46 94
2 7 38 59 67 26 43 49 35 49
2 8 92 56 58 73 72 83 67 86
2 9 10 11 28 5 12 23 48 9
2 10 92 54 78 77 92 95 76 91
2 11 83 83 43 72 79 88 45 55
2 12 69 35 58 73 75 75 41 42
2 13 52 29 45 27 69 39 57 45
2 14 67 77 48 81 61 67 55 45
2 15 81 60 85 78 41 61 44 47
2 16 8 47 47 13 31 33 18 16
2 17 98 75 94 57 88 58 74 78
2 18 74 55 72 78 46 81 57 59
2 19 68 53 68 44 69 43 82 71
3 4 9 31 8 20 41 37 51 40
3 5 97 58 96 66 49 55 91 78
3 6 18 49 31 17 59 46 43 15
3 7 75 85 75 55 53 74 84 80
3 8 6 39 13 31 27 37 18 50
3 9 13 27 52 53 19 22 24 28
3 10 1 13 1 27 34 30 9 37
3 11 52 27 70 40 73 29 72 64
3 12 1 4 8 41 47 4 7 8
3 13 21 25 53 59 15 36 32 57
3 14 64 56 67 50 68 57 51 38
3 15 91 90 74 82 85 93 46 58
3 16 83 56 62 51 87 51 74 82
3 17 9 13 27 38 51 50 14 49
3 18 9 17 42 21 27 33 30 16
3 19 69 66 48 57 82 78 41 46
4 5 54 47 74 68 31 61 63 63
4 6 97 73 84 88 79 61 67 66
4 7 78 46 44 80 85 70 53 48
4 8 88 88 46 60 50 69 82 57
4 9 81 59 65 69 52 61 71 55
4 10 85 69 77 47 55 61 88 87
4 11 29 18 42 25 52 33 18 47
4 12 25 57 61 30 58 29 30 16
4 13 6 39 3 46 48 44 52 14
4 14 26 60 37 33 24 35 34 36
4 15 2 13 17 27 28 17 2 21
4 16 49 72 66 54 41 26 33 28
4 17 74 54 77 82 43 49 76 73
4 18 77 62 71 80 49 58 74 49
4 19 26 21 15 43 15 52 40 17
5 6 52 70 67 44 65 58 59 34
5 7 89 62 56 91 46 51 73 87
5 8 97 58 96 52 59 72 68 59
5 9 87 55 47 58 89 79 46 78
5 10 58 35 47 65 32 67 33 61
5 11 40 58 25 45 46 59 33 46
5 12 86 53 61 75 68 86 65 75
5 13 36 20 66 49 20 22 22 66
5 14 85 68 48 60 68 74 46 77
5 15 12 21 45 14 38 35 29 21
5 16 99 61 82 82 65 52 77 51
5 17 49 65 27 44 52 52 64 42
5 18 99 78 69 53 73 53 95 92
5 19 77 49 71 80 88 64 61 56
6 7 37 32 40 19 39 39 19 19
6 8 68 69 54 75 65 75 78 80
6 9 8 17 12 34 15 12 19 12
6 10 34 31 56 30 54 19 67 64
6 11 85 68 76 45 59 91 64 84
6 12 79 40 53 43 85 48 77 77
6 13 41 38 24 42 51 41 56 33
6 14 10 35 38 47 44 43 22 6
6 15 78 52 41 82 63 76 67 51
6 16 63 41 53 44 59 64 49 73
6 17 23 33 24 61 38 33 30 48
6 18 73 74 80 67 72 68 86 71
6 19 65 38 45 36 47 70 45 37
7 8 99 56 54 78 91 84 84 87
7 9 75 70 83 43 69 46 82 49
7 10 62 56 39 76 77 45 67 40
7 11 94 89 70 71 78 71 69 71
7 12 62 52 76 67 40 52 42 35
7 13 20 43 54 24 41 31 48 37
7 14 54 38 40 65 52 46 47 33
7 15 2 19 4 46 4 2 19 32
7 16 40 48 26 53 59 56 58 59
7 17 25 51 39 23 19 59 49 33
7 18 70 65 46 48 54 66 79 51
7 19 34 43 28 50 66 56 60 42
8 9 90 84 83 68 70 70 94 70
8 10 32 42 42 53 58 51 34 47
8 11 29 63 35 64 27 26 33 46
8 12 24 27 32 15 17 40 57 28
8 13 3 37 41 38 6 13 16 5
8 14 67 42 51 46 71 76 71 56
8 15 85 48 55 89 45 45 69 62
8 16 87 74 67 78 85 90 54 47
8 17 64 47 69 37 77 58 60 56
8 18 34 42 55 44 26 63 45 21
8 19 96 72 85 78 96 50 92 71
9 10 81 67 90 88 78 86 65 47
9 11 86 87 74 56 80 81 76 55
9 12 42 23 22 43 70 56 22 66
9 13 68 41 64 41 71 59 75 50
9 14 12 19 24 7 23 6 12 34
9 15 55 63 50 45 45 52 73 69
9 16 17 22 14 32 36 49 32 33
9 17 21 19 41 43 48 44 58 31
9 18 61 78 30 35 66 45 55 66
9 19 1 35 17 16 21 19 15 8
10 11 56 51 75 57 50 68 69 52
10 12 11 48 23 34 13 43 51 26
10 13 50 75 26 35 36 31 44 30
10 14 26 49 36 39 47 50 19 17
10 15 90 77 60 89 59 52 83 85
10 16 34 38 47 55 52 42 62 36
10 17 64 55 71 51 68 41 77 53
10 18 42 36 37 66 67 66 42 61
10 19 36 36 48 21 46 41 30 19
11 12 65 45 80 73 41 34 66 59
11 13 97 65 53 72 74 74 51 98
11 14 85 60 61 70 90 77 61 89
11 15 33 35 17 35 21 45 50 51
11 16 35 28 35 21 60 38 56 21
11 17 39 59 56 63 30 19 53 24
11 18 74 81 71 65 52 86 39 62
11 19 77 43 77 41 39 43 59 55
12 13 98 75 80 93 90 80 55 77
12 14 77 63 56 83 42 79 45 42
12 15 4 46 14 14 17 16 45 7
12 16 85 49 54 56 73 65 91 51
12 17 78 53 88 50 71 79 79 41
12 18 43 24 44 52 66 66 53 29
12 19 92 56 73 80 70 55 62 71
13 14 27 33 16 53 17 52 32 48
13 15 96 95 75 70 89 75 92 59
13 16 77 70 86 55 58 41 83 49
13 17 16 40 16 31 12 54 8 23
13 18 54 49 41 75 40 74 29 39
13 19 47 63 26 45 23 65 26 36
14 15 26 61 37 46 36 40 42 22
14 16 67 46 52 71 67 67 67 40
14 17 86 44 46 65 45 68 64 69
14 18 80 78 68 47 61 61 67 46
14 19 84 60 71 47 75 55 49 54
15 16 72 51 43 60 57 49 78 41
15 17 43 42 51 67 62 30 34 28
15 18 2 22 34 49 33 39 17 18
15 19 14 14 24 49 10 40 22 55
16 17 14 7 39 27 15 38 37 23
16 18 51 75 52 54 38 52 65 33
16 19 51 64 74 71 50 66 34 72
17 18 1 40 11 17 37 44 9 24
17 19 30 57 49 23 20 56 63 34
18 19 80 79 73 67 43 53 67 89
