33 8
0.5 0.5 0.0 0.0 0.0 0.0 0.0 0.0 
0 1 65 73 24 15 59 58 66 48
0 2 90 58 51 44 69 59 34 22
0 3 41 14 52 55 62 27 11 55
0 4 1 20 65 40 3 49 7 70
0 5 72 47 48 50 68 27 16 82
0 6 12 24 17 54 44 5 35 46
0 7 92 44 60 42 24 33 34 54
0 8 31 74 59 80 7 80 38 71
0 9 29 50 42 51 59 55 66 24
0 10 61 61 15 78 59 25 32 48
0 11 12 44 74 59 17 80 13 71
0 12 25 79 29 43 67 19 56 48
0 13 36 37 67 69 47 20 50 30
0 14 78 35 61 38 94 38 64 26
0 15 30 6 65 71 62 56 21 26
0 16 3 34 71 58 21 48 40 17
0 17 75 28 65 65 62 76 24 24
0 18 26 10 73 17 12 22 47 28
0 19 64 47 56 70 65 53 55 91
0 20 82 62 37 43 57 70 63 63
0 21 61 31 38 58 14 36 40 82
0 22 28 78 84 34 26 63 9 36
0 23 8 51 81 50 27 16 36 49
0 24 90 77 83 59 87 67 72 91
0 25 57 54 18 34 42 59 71 82
0 26 71 15 93 28 76 75 31 91
0 27 39 41 59 26 46 28 23 24
0 28 38 80 11 8 15 84 60 37
0 29 24 16 58 61 73 18 72 37
0 30 27 10 45 80 57 66 43 73
0 31 29 69 65 45 13 32 9 75
0 32 8 26 57 12 57 80 30 12
1 2 97 26 72 40 52 57 90 80
1 3 50 17 49 39 69 18 27 31
1 4 31 14 22 62 28 30 50 28
1 5 63 32 31 79 42 33 77 47
1 6 8 48 60 2 8 22 78 56
1 7 35 45 75 32 62 25 19 82
1 8 81 46 51 26 31 76 88 84
1 9 17 80 68 12 43 68 43 16
1 10 89 21 61 92 53 41 80 59
1 11 27 13 21 11 28 66 60 59
1 12 5 21 63 80 24 76 11 39
1 13 76 71 92 95 69 30 74 38
1 14 84 23 57 93 88 61 62 61
1 15 16 77 36 20 64 19 10 48
1 16 23 51 54 62 36 63 81 51
1 17 3 71 26 14 45 5 27 8
1 18 47 78 48 15 43 77 35 40
1 19 53 10 29 40 39 64 46 15
1 20 90 91 90 33 46 30 43 33
1 21 58 41 16 14 88 73 36 13
1 22 26 40 52 82 22 22 54 32
1 23 84 92 60 91 94 67 54 52
1 24 2 66 40 37 14 47 77 46
1 25 24 18 30 8 12 5 32 73
1 26 41 23 38 11 70 88 16 54
1 27 94 42 71 73 20 55 68 59
1 28 93 54 93 65 85 73 40 34
1 29 61 21 23 82 64 42 79 82
1 30 69 31 92 59 62 88 34 24
1 31 7 8 3 78 16 59 66 55
1 32 39 79 22 63 83 24 54 44
2 3 90 56 97 68 28 64 87 70
2 4 10 48 48 16 20 47 30 35
2 5 37 59 10 64 39 50 60 53
2 6 65 39 21 76 54 91 62 71
2 7 40 21 49 87 16 23 26 75
2 8 69 30 70 32 86 58 82 54
2 9 17 68 61 25 38 18 47 15
2 10 76 66 18 84 82 15 42 60
2 11 33 81 17 72 77 62 25 69
2 12 21 62 68 52 76 80 18 24
2 13 77 40 76 93 66 93 50 61
2 14 69 69 45 34 67 65 50 72
2 15 57 52 37 54 22 53 12 45
2 16 13 77 81 21 22 12 47 13
2 17 58 69 36 45 56 82 30 64
2 18 69 47 71 28 29 19 90 62
2 19 64 78 59 89 33 46 45 51
2 20 51 87 88 17 63 21 17 43
2 21 3 11 25 69 48 54 21 38
2 22 49 67 21 18 10 11 37 63
2 23 48 24 30 45 62 66 75 42
2 24 67 44 85 73 71 25 45 46
2 25 53 89 21 43 24 46 44 13
2 26 33 34 25 27 18 25 60 64
2 27 51 87 67 87 69 54 24 37
2 28 57 81 44 11 64 27 55 74
2 29 52 83 12 55 84 31 42 59
2 30 52 84 27 27 23 60 81 41
2 31 33 18 33 62 24 44 38 51
2 32 42 16 45 59 85 26 38 69
3 4 47 33 82 15 41 31 65 71
3 5 53 37 36 78 52 27 18 87
3 6 34 23 65 66 72 17 7 76
3 7 52 83 90 60 18 37 13 58
3 8 84 36 65 22 69 73 33 63
3 9 34 13 15 33 68 60 68 7
3 10 73 73 76 63 38 90 32 63
3 11 73 60 54 37 93 34 87 77
3 12 81 29 16 95 81 26 64 56
3 13 43 82 24 69 40 87 15 20
3 14 40 29 83 35 75 57 30 76
3 15 45 19 30 55 64 29 50 42
3 16 75 85 23 27 34 54 23 47
3 17 51 48 59 25 30 20 64 38
3 18 51 51 80 87 87 17 42 33
3 19 38 34 63 9 9 47 30 29
3 20 74 15 61 78 47 33 37 29
3 21 85 26 34 26 64 18 72 79
3 22 85 39 92 80 29 96 25 18
3 23 41 44 67 62 54 86 77 28
3 24 28 20 47 32 45 60 55 62
3 25 22 15 14 5 27 18 34 15
3 26 74 92 70 90 78 25 91 59
3 27 33 73 24 56 69 20 49 70
3 28 79 44 55 27 39 88 65 61
3 29 35 61 42 28 29 45 57 7
3 30 85 81 32 24 78 80 43 60
3 31 47 55 40 19 24 78 59 79
3 32 24 70 6 25 67 6 60 5
4 5 48 56 74 13 53 71 57 82
4 6 96 85 95 24 74 42 82 85
4 7 56 69 89 45 68 34 48 20
4 8 89 25 50 51 62 75 21 72
4 9 57 24 64 47 31 79 31 71
4 10 27 42 54 77 33 7 27 14
4 11 80 70 38 52 62 53 36 81
4 12 99 46 97 46 22 86 44 89
4 13 15 36 58 50 49 46 34 10
4 14 85 84 31 27 72 81 79 51
4 15 31 44 20 50 83 53 25 23
4 16 34 52 63 73 16 80 50 62
4 17 22 22 36 15 42 20 70 70
4 18 22 79 65 50 62 53 57 72
4 19 71 70 21 35 16 46 84 26
4 20 39 54 65 70 82 68 60 62
4 21 0 4 8 41 49 9 18 29
4 22 24 58 52 49 30 76 47 16
4 23 43 58 27 46 61 71 20 24
4 24 96 80 28 61 40 94 70 74
4 25 0 19 68 27 64 38 68 28
4 26 33 20 86 23 59 27 33 51
4 27 72 35 53 64 91 15 52 82
4 28 33 62 81 63 65 25 83 74
4 29 4 59 73 69 74 3 64 21
4 30 29 25 34 42 79 64 65 36
4 31 18 76 82 49 16 31 12 21
4 32 27 80 9 51 80 67 30 16
5 6 60 57 86 53 20 52 63 51
5 7 85 66 23 92 62 57 53 85
5 8 80 19 40 53 23 60 93 32
5 9 95 32 98 71 78 32 63 24
5 10 80 22 76 35 29 40 61 64
5 11 71 73 36 19 39 46 21 85
5 12 69 66 87 85 68 80 64 50
5 13 47 34 14 32 26 46 82 45
5 14 59 60 45 81 67 34 86 85
5 15 95 45 63 53 21 44 79 22
5 16 60 73 24 85 77 73 63 21
5 17 12 5 69 15 18 64 17 48
5 18 56 87 32 19 50 28 31 89
5 19 24 56 62 53 13 74 13 61
5 20 91 61 57 41 23 67 58 69
5 21 96 48 53 49 92 51 73 97
5 22 77 20 27 39 27 31 27 29
5 23 0 15 7 79 44 36 23 50
5 24 36 52 44 41 85 17 79 53
5 25 44 19 19 15 24 71 38 43
5 26 51 64 27 69 14 27 49 53
5 27 17 22 79 25 4 16 73 23
5 28 88 24 61 83 53 56 64 60
5 29 24 80 49 43 64 70 67 48
5 30 6 62 21 29 33 68 44 52
5 31 15 23 78 10 50 80 62 34
5 32 57 32 33 22 56 57 45 24
6 7 43 79 31 26 71 70 71 48
6 8 79 33 27 45 25 41 64 61
6 9 89 78 93 69 64 65 72 28
6 10 36 60 80 9 65 27 72 32
6 11 76 42 44 63 81 38 51 78
6 12 81 62 59 49 59 86 75 68
6 13 82 93 73 41 26 55 22 95
6 14 43 53 51 26 58 13 40 33
6 15 50 71 37 74 26 78 27 79
6 16 52 76 73 84 11 20 47 58
6 17 45 33 13 86 33 83 44 75
6 18 84 82 80 47 43 77 54 57
6 19 26 26 46 31 78 26 11 40
6 20 51 53 87 35 54 64 80 59
6 21 76 44 67 32 65 38 59 68
6 22 22 74 6 82 77 45 71 21
6 23 90 48 27 78 49 87 38 22
6 24 82 29 42 66 18 41 65 26
6 25 81 45 50 31 41 72 37 94
6 26 35 46 59 20 19 72 70 51
6 27 32 49 17 72 11 40 51 38
6 28 6 78 40 23 9 54 33 52
6 29 29 7 79 22 46 25 15 77
6 30 96 90 28 53 39 72 45 29
6 31 62 92 59 62 65 43 34 70
6 32 24 39 10 77 48 81 51 82
7 8 90 88 76 28 30 97 94 21
7 9 35 82 19 62 75 80 83 82
7 10 86 87 24 35 19 82 50 44
7 11 10 2 57 69 49 51 42 40
7 12 90 20 83 21 45 75 88 38
7 13 7 25 13 11 19 9 3 3
7 14 98 98 43 87 91 53 20 94
7 15 48 26 48 76 23 21 50 38
7 16 97 59 37 36 88 70 34 29
7 17 48 78 75 35 71 71 68 14
7 18 75 75 35 48 68 37 25 19
7 19 49 23 24 10 75 89 80 79
7 20 63 41 13 43 87 54 60 37
7 21 8 79 61 43 63 41 75 1
7 22 59 43 74 79 37 66 17 58
7 23 24 27 29 75 61 49 78 37
7 24 84 80 74 45 20 83 55 89
7 25 20 26 82 20 53 45 61 56
7 26 61 87 84 39 70 23 73 26
7 27 34 63 71 71 51 55 38 44
7 28 50 19 31 22 24 48 39 46
7 29 90 56 30 29 23 51 97 29
7 30 3 1 50 55 49 37 25 73
7 31 46 78 71 42 78 45 52 59
7 32 78 51 92 63 67 43 82 83
8 9 49 12 76 77 80 83 37 86
8 10 55 50 70 51 42 48 76 42
8 11 33 61 65 77 81 69 61 72
8 12 29 31 49 35 65 30 45 33
8 13 23 66 69 18 51 81 35 69
8 14 86 55 20 59 66 83 52 81
8 15 43 9 68 49 8 74 11 40
8 16 55 83 12 80 15 27 72 58
8 17 15 46 37 72 71 29 17 52
8 18 86 18 74 41 19 52 24 67
8 19 0 56 2 13 68 24 69 53
8 20 95 51 82 93 91 49 45 36
8 21 59 67 45 74 12 59 65 34
8 22 67 66 21 34 18 71 61 61
8 23 77 44 71 74 45 45 90 69
8 24 30 37 42 24 73 11 68 84
8 25 75 41 94 36 26 93 61 76
8 26 51 19 82 80 68 81 73 34
8 27 52 59 45 75 22 63 37 70
8 28 86 31 86 36 89 19 45 21
8 29 69 93 90 49 25 17 72 74
8 30 96 80 29 61 28 68 42 67
8 31 32 56 41 29 74 44 53 12
8 32 70 16 50 34 17 53 91 27
9 10 14 78 40 64 54 17 8 8
9 11 70 40 83 42 30 35 40 54
9 12 1 9 77 78 53 10 17 10
9 13 42 58 85 40 39 31 64 52
9 14 41 74 19 47 45 83 59 64
9 15 1 68 66 50 74 14 47 42
9 16 27 79 20 24 37 6 29 24
9 17 80 39 34 62 92 67 44 78
9 18 34 46 21 76 36 17 48 27
9 19 57 81 33 50 54 26 70 83
9 20 4 19 22 13 27 46 33 31
9 21 66 45 23 25 63 81 47 84
9 22 94 57 48 85 85 94 62 59
9 23 32 77 41 52 58 22 57 53
9 24 6 24 35 17 66 73 44 18
9 25 9 30 12 56 31 54 68 18
9 26 85 46 26 19 48 32 60 94
9 27 64 60 26 67 20 80 71 81
9 28 3 25 60 68 60 40 2 72
9 29 90 81 85 58 69 32 20 43
9 30 65 29 36 46 32 51 83 77
9 31 56 37 90 67 48 19 24 83
9 32 3 78 56 68 21 49 70 21
10 11 37 32 76 77 61 14 26 13
10 12 33 56 40 71 37 49 70 29
10 13 8 1 5 8 75 60 53 47
10 14 16 16 67 45 16 30 72 64
10 15 16 14 62 78 55 61 57 74
10 16 51 55 63 49 89 76 66 59
10 17 93 49 30 70 58 47 43 68
10 18 16 36 29 41 7 41 56 80
10 19 56 32 52 30 22 14 90 76
10 20 23 13 74 81 25 76 30 82
10 21 27 58 65 80 72 66 69 80
10 22 21 57 51 39 10 79 40 13
10 23 5 21 31 70 41 11 41 43
10 24 88 90 36 67 60 48 87 49
10 25 51 79 80 89 54 13 71 56
10 26 57 79 50 36 86 66 68 34
10 27 61 84 77 64 49 28 61 89
10 28 38 77 43 60 45 85 35 68
10 29 73 48 42 49 70 55 46 59
10 30 13 9 14 16 26 51 47 15
10 31 65 79 85 29 29 57 92 86
10 32 12 60 28 77 34 13 67 80
11 12 32 55 34 8 84 10 42 61
11 13 93 24 20 81 67 63 67 28
11 14 17 53 46 60 26 21 26 35
11 15 81 47 16 22 55 69 17 20
11 16 73 94 59 75 57 90 65 64
11 17 46 15 18 83 64 76 50 39
11 18 93 97 43 97 82 24 33 90
11 19 87 21 47 78 69 57 82 30
11 20 86 60 92 93 43 92 96 45
11 21 77 90 52 40 65 34 82 43
11 22 35 57 80 82 47 56 63 32
11 23 72 25 81 25 37 25 44 51
11 24 54 48 57 89 25 39 17 47
11 25 20 41 43 14 13 73 47 79
11 26 14 68 28 47 77 31 66 76
11 27 67 64 64 72 55 46 83 22
11 28 62 65 27 54 92 33 50 34
11 29 89 89 76 39 62 65 45 35
11 30 9 2 9 38 55 10 26 76
11 31 82 32 20 28 56 20 60 62
11 32 65 81 82 43 36 16 67 51
12 13 22 13 15 80 42 36 49 37
12 14 26 64 68 65 46 30 40 36
12 15 15 29 11 18 61 19 17 4
12 16 82 93 19 35 44 70 76 72
12 17 72 69 33 49 88 21 44 59
12 18 22 41 68 69 26 15 68 54
12 19 0 5 40 62 18 68 74 5
12 20 97 65 72 56 23 25 47 92
12 21 54 81 17 82 86 83 79 72
12 22 57 80 79 70 12 62 51 63
12 23 82 86 77 41 95 82 91 75
12 24 42 53 75 56 72 70 48 30
12 25 29 68 6 20 30 70 29 29
12 26 87 71 60 25 64 74 46 46
12 27 72 80 85 39 93 54 86 58
12 28 19 44 54 20 58 63 64 52
12 29 77 17 24 56 50 91 79 33
12 30 68 86 36 84 46 85 90 71
12 31 13 5 62 10 8 21 45 60
12 32 60 65 72 30 84 68 36 88
13 14 83 17 34 76 17 69 51 82
13 15 57 69 68 24 41 24 48 11
13 16 96 41 32 43 43 81 22 54
13 17 55 46 45 89 31 62 17 42
13 18 83 51 46 44 96 59 73 65
13 19 53 32 72 43 67 78 17 53
13 20 5 26 14 81 29 13 19 27
13 21 74 90 67 88 17 48 16 62
13 22 2 17 49 39 30 31 67 43
13 23 2 10 11 27 62 72 4 67
13 24 9 70 49 78 34 20 46 35
13 25 17 69 36 81 80 12 35 24
13 26 87 68 39 35 30 35 62 74
13 27 27 17 74 33 31 53 82 78
13 28 40 72 82 53 30 42 8 22
13 29 42 67 29 9 84 88 29 68
13 30 28 15 45 84 46 82 61 28
13 31 4 79 22 69 48 10 12 37
13 32 18 26 60 66 21 12 73 29
14 15 17 70 13 65 65 46 7 65
14 16 99 62 95 93 93 62 26 27
14 17 19 45 48 43 53 58 8 41
14 18 44 49 76 9 64 85 30 58
14 19 26 54 78 42 84 28 70 70
14 20 68 89 64 28 50 49 35 83
14 21 71 26 59 65 68 75 78 50
14 22 22 10 65 17 29 51 14 45
14 23 48 83 37 22 41 82 82 84
14 24 90 30 27 93 42 65 28 48
14 25 76 79 32 31 74 43 34 25
14 26 39 63 78 61 70 11 34 75
14 27 56 47 52 48 88 34 86 64
14 28 63 67 69 59 20 72 73 38
14 29 19 74 22 4 60 35 49 13
14 30 49 53 79 89 61 76 69 26
14 31 85 95 84 73 51 80 30 40
14 32 44 43 51 51 81 82 43 75
15 16 70 52 21 60 38 56 28 81
15 17 6 77 12 45 42 47 25 34
15 18 6 55 67 74 25 36 33 34
15 19 87 71 55 87 22 60 32 69
15 20 80 67 29 69 25 26 62 82
15 21 33 67 69 76 17 43 20 33
15 22 95 24 31 66 61 87 93 31
15 23 52 69 85 75 36 39 43 44
15 24 49 76 44 86 64 39 20 87
15 25 42 53 76 10 74 74 18 82
15 26 89 86 86 94 51 34 71 35
15 27 27 36 19 28 54 10 45 74
15 28 85 59 59 39 41 67 56 69
15 29 58 49 64 23 40 19 83 21
15 30 51 61 40 64 36 60 21 59
15 31 1 35 13 70 33 53 48 72
15 32 95 78 50 82 42 70 80 20
16 17 76 21 51 41 18 19 35 41
16 18 30 6 35 66 16 76 69 47
16 19 55 53 88 14 50 82 48 11
16 20 41 47 33 24 42 81 32 40
16 21 43 38 33 74 67 53 71 70
16 22 54 56 10 85 34 12 86 24
16 23 9 16 53 63 53 17 31 18
16 24 79 48 66 38 87 50 52 59
16 25 73 89 73 70 59 14 51 19
16 26 68 77 15 50 53 44 29 60
16 27 69 66 71 24 22 73 31 53
16 28 44 46 42 84 65 45 47 88
16 29 22 42 5 32 32 66 78 28
16 30 87 31 33 96 56 40 55 25
16 31 5 33 49 17 6 17 69 19
16 32 10 37 31 65 51 67 71 46
17 18 52 18 15 16 71 35 56 73
17 19 68 90 92 31 36 47 35 22
17 20 57 73 46 66 87 23 50 36
17 21 61 75 65 23 48 25 61 57
17 22 2 19 43 80 15 25 33 34
17 23 54 24 72 24 15 67 11 23
17 24 10 26 52 52 4 36 34 12
17 25 33 16 7 7 69 31 62 72
17 26 7 28 38 4 75 31 34 53
17 27 91 51 27 97 28 83 37 77
17 28 17 5 66 39 27 58 80 40
17 29 23 78 50 65 28 18 28 42
17 30 88 64 92 91 67 93 92 64
17 31 95 33 40 41 23 69 24 87
17 32 92 56 73 24 23 39 86 83
18 19 87 85 62 69 63 74 28 54
18 20 42 23 36 32 39 57 51 50
18 21 69 68 67 31 56 86 49 23
18 22 17 4 61 74 26 49 71 20
18 23 75 39 41 30 68 78 48 83
18 24 93 85 85 66 58 76 68 74
18 25 81 42 57 92 34 68 40 89
18 26 9 69 54 78 10 46 38 26
18 27 50 38 35 70 12 69 57 21
18 28 1 34 9 38 2 16 37 56
18 29 44 71 47 50 56 73 40 26
18 30 94 37 79 80 20 44 37 48
18 31 93 77 34 75 60 34 47 76
18 32 83 67 22 30 69 22 64 61
19 20 47 88 82 66 58 84 54 76
19 21 57 69 65 76 24 24 76 89
19 22 74 44 44 67 39 48 70 38
19 23 4 24 13 72 72 50 41 27
19 24 96 86 73 72 85 50 20 62
19 25 37 9 53 69 10 64 79 45
19 26 13 15 68 73 13 71 33 65
19 27 32 37 12 82 59 17 45 38
19 28 8 16 22 74 52 14 21 67
19 29 6 69 21 68 78 32 11 33
19 30 95 93 63 92 34 40 55 50
19 31 73 72 41 15 41 54 31 86
19 32 77 50 66 95 61 64 91 79
20 21 9 16 60 23 80 57 27 70
20 22 15 60 58 64 75 81 55 56
20 23 89 43 76 78 69 28 39 83
20 24 18 28 22 31 47 73 50 80
20 25 50 16 69 21 39 31 22 47
20 26 31 33 18 29 10 40 22 73
20 27 49 25 22 22 52 33 12 32
20 28 99 80 63 53 50 61 32 87
20 29 37 27 66 50 71 50 20 50
20 30 9 60 54 8 40 20 23 69
20 31 16 75 19 8 59 10 25 62
20 32 51 30 41 71 39 44 25 48
21 22 32 73 64 30 84 77 34 35
21 23 77 20 26 57 49 23 61 91
21 24 19 16 8 49 61 40 9 26
21 25 14 49 58 46 38 73 22 28
21 26 42 52 9 39 58 56 13 20
21 27 29 78 55 59 71 68 60 59
21 28 71 71 78 86 75 74 70 85
21 29 10 81 47 36 63 78 49 49
21 30 52 23 83 65 55 79 26 50
21 31 38 75 53 24 59 45 56 28
21 32 39 28 77 62 10 48 52 79
22 23 11 2 26 66 58 46 37 70
22 24 60 32 20 68 37 26 52 51
22 25 78 54 29 18 39 62 23 22
22 26 53 29 89 40 31 21 90 16
22 27 1 11 28 20 15 17 56 37
22 28 21 83 7 46 30 12 70 12
22 29 50 62 85 73 16 39 89 18
22 30 7 69 17 41 9 50 25 25
22 31 20 34 20 38 63 58 29 59
22 32 15 52 62 24 64 9 7 18
23 24 30 6 85 72 17 49 11 28
23 25 23 10 63 31 78 53 20 7
23 26 22 59 6 13 62 73 21 4
23 27 0 64 51 48 79 60 69 52
23 28 65 24 30 68 41 20 68 29
23 29 37 31 58 49 60 25 37 85
23 30 56 63 12 90 59 58 61 34
23 31 85 23 93 18 80 17 62 73
23 32 9 28 45 31 67 29 61 57
24 25 92 71 31 23 51 95 81 73
24 26 99 52 82 34 72 47 55 66
24 27 49 73 70 51 86 16 35 86
24 28 74 57 25 48 35 28 51 80
24 29 26 30 48 40 34 58 10 25
24 30 77 91 69 35 56 94 23 72
24 31 42 76 41 75 83 34 46 83
24 32 54 38 84 46 57 38 19 59
25 26 21 65 57 17 42 82 74 68
25 27 65 28 13 77 84 61 90 60
25 28 13 14 38 58 44 56 10 82
25 29 41 27 19 29 72 43 61 80
25 30 52 90 16 61 85 77 63 63
25 31 31 49 82 31 51 71 15 34
25 32 57 32 79 78 74 63 20 80
26 27 8 17 10 3 5 36 28 60
26 28 60 89 54 35 27 40 60 30
26 29 93 78 46 55 76 45 78 38
26 30 94 58 45 80 91 30 55 51
26 31 63 39 35 35 16 33 33 17
26 32 98 65 91 62 50 78 59 95
27 28 17 12 30 37 15 18 33 37
27 29 13 44 39 12 35 44 79 35
27 30 82 41 85 24 74 20 83 62
27 31 83 66 79 86 38 45 34 35
27 32 73 84 29 22 41 91 41 39
28 29 48 76 36 48 71 10 10 47
28 30 49 53 35 21 55 67 39 22
28 31 64 47 92 31 30 33 16 54
28 32 96 47 67 28 25 96 59 62
29 30 70 67 47 41 41 85 38 65
29 31 44 58 20 32 62 32 25 68
29 32 64 66 14 64 45 59 69 26
30 31 70 40 83 70 75 71 52 38
30 32 53 30 25 64 81 70 71 31
31 32 18 63 19 66 28 73 46 11
