33 8
0.142857 0.142857 0.142857 0.142857 0.142857 0.142857 0.142857 0.0 
0 1 87 83 54 64 87 52 53 66
0 2 81 52 78 88 78 90 77 65
0 3 13 51 47 55 50 42 16 36
0 4 67 49 74 66 58 38 78 70
0 5 80 84 68 88 59 45 66 47
0 6 25 22 31 25 57 27 49 16
0 7 94 66 57 76 61 67 71 58
0 8 75 77 66 77 72 65 38 63
0 9 80 65 72 75 68 86 64 51
0 10 59 53 79 55 34 31 60 68
0 11 24 38 55 15 57 12 30 24
0 12 82 70 46 68 49 60 87 54
0 13 36 47 67 23 42 62 49 43
0 14 75 47 43 63 68 82 69 39
0 15 76 47 52 42 73 42 41 56
0 16 86 72 50 46 47 57 54 74
0 17 46 54 37 30 26 45 39 67
0 18 62 41 63 38 57 50 60 61
0 19 41 62 36 53 37 40 23 55
0 20 66 52 82 44 75 64 60 40
0 21 28 62 26 37 30 63 60 41
0 22 26 45 18 38 13 62 53 21
0 23 28 52 46 52 19 58 29 56
0 24 52 45 42 49 41 52 58 41
0 25 97 91 78 61 81 59 75 56
0 26 78 50 72 65 71 52 43 63
0 27 20 10 41 13 13 35 41 45
0 28 93 49 94 62 87 60 73 49
0 29 7 44 38 22 43 17 42 46
0 30 95 87 69 74 85 78 92 66
0 31 69 77 48 55 50 39 50 73
0 32 8 34 25 34 51 52 12 19
1 2 91 88 89 52 49 52 48 94
1 3 43 52 67 22 31 65 22 54
1 4 34 60 17 47 53 22 59 36
1 5 63 46 38 49 49 42 45 69
1 6 77 41 87 64 49 69 79 62
1 7 85 63 79 55 83 83 45 48
1 8 42 29 56 50 65 23 43 70
1 9 16 46 48 26 15 9 36 21
1 10 88 78 55 72 64 57 93 83
1 11 95 48 74 84 89 66 87 60
1 12 6 46 8 23 28 49 16 30
1 13 3 5 20 13 35 51 49 3
1 14 35 37 41 51 65 27 65 57
1 15 1 15 23 47 15 3 44 1
1 16 69 74 54 37 81 34 45 46
1 17 16 49 13 39 23 54 34 30
1 18 1 18 20 30 23 47 38 0
1 19 5 50 24 16 18 27 23 48
1 20 29 43 23 38 49 16 33 23
1 21 22 29 30 56 16 22 26 58
1 22 19 34 49 50 20 54 41 57
1 23 95 61 81 88 80 81 79 58
1 24 19 19 40 12 14 56 10 51
1 25 88 91 77 92 57 79 71 56
1 26 64 68 54 67 70 45 78 71
1 27 50 67 34 67 50 29 26 53
1 28 46 47 67 34 44 37 60 49
1 29 6 19 33 47 14 29 33 35
1 30 34 63 33 55 63 42 34 56
1 31 35 33 35 60 55 64 26 28
1 32 93 72 91 81 79 71 59 92
2 3 6 18 17 28 8 38 25 45
2 4 66 56 39 55 52 49 77 72
2 5 58 47 62 70 34 31 53 60
2 6 72 67 51 79 57 38 56 53
2 7 77 69 69 81 41 71 82 43
2 8 99 62 97 80 83 60 53 98
2 9 14 27 17 9 41 53 16 31
2 10 45 44 27 28 63 57 56 72
2 11 30 26 21 16 50 28 15 19
2 12 2 36 13 21 20 16 27 47
2 13 4 32 13 9 12 6 37 22
2 14 23 55 61 57 23 61 53 20
2 15 53 69 34 69 31 39 61 62
2 16 58 47 73 69 64 37 29 65
2 17 65 44 41 73 72 40 59 82
2 18 49 53 49 50 37 67 70 37
2 19 27 48 56 37 48 19 20 35
2 20 73 41 59 80 71 75 71 81
2 21 89 72 81 76 73 65 51 49
2 22 86 64 56 56 77 55 92 75
2 23 74 85 63 44 84 62 82 38
2 24 62 42 63 56 63 40 63 73
2 25 58 42 49 31 75 35 76 70
2 26 83 60 91 77 59 76 80 54
2 27 22 57 55 30 59 49 12 29
2 28 56 41 70 61 64 31 40 40
2 29 0 5 17 47 32 11 37 32
2 30 76 48 40 45 71 42 87 78
2 31 50 56 46 28 49 71 49 53
2 32 32 36 50 38 49 35 23 30
3 4 31 21 40 42 16 42 22 35
3 5 85 60 75 63 85 91 82 71
3 6 2 4 38 43 45 43 14 49
3 7 65 48 49 73 61 81 64 76
3 8 42 28 37 49 65 29 28 24
3 9 65 54 76 39 81 39 33 46
3 10 72 59 43 76 72 42 39 53
3 11 71 58 57 53 67 42 56 60
3 12 62 67 34 58 56 33 39 62
3 13 97 82 66 49 83 94 79 94
3 14 22 29 28 56 20 13 51 29
3 15 83 48 82 84 82 87 72 78
3 16 6 30 4 16 8 12 12 21
3 17 88 90 75 53 66 67 50 68
3 18 23 44 18 54 38 29 41 13
3 19 47 72 58 69 44 40 71 34
3 20 95 95 88 86 92 51 80 72
3 21 22 16 57 45 29 20 15 18
3 22 39 44 64 67 44 20 23 67
3 23 84 77 84 46 90 83 50 70
3 24 37 27 38 44 24 65 20 43
3 25 84 80 72 53 60 70 65 77
3 26 19 42 49 27 50 17 14 40
3 27 82 46 47 52 64 84 47 65
3 28 14 25 11 8 44 27 33 52
3 29 28 32 35 37 31 27 48 60
3 30 38 22 24 56 65 51 48 44
3 31 95 52 90 66 89 48 88 82
3 32 49 68 41 48 42 69 72 26
4 5 90 85 73 88 67 94 84 80
4 6 93 73 83 77 65 61 68 47
4 7 7 7 52 53 19 27 33 4
4 8 57 56 48 55 51 53 62 73
4 9 31 40 18 36 56 16 63 48
4 10 90 49 80 56 84 90 73 52
4 11 91 47 55 48 87 62 76 90
4 12 50 36 54 61 39 59 36 59
4 13 28 18 47 39 33 57 30 18
4 14 13 6 52 47 9 38 24 50
4 15 63 52 48 33 38 55 75 67
4 16 57 32 49 72 77 32 76 55
4 17 63 52 62 49 35 48 44 63
4 18 87 49 63 78 49 83 82 50
4 19 57 42 76 60 33 48 54 59
4 20 28 60 32 38 39 38 29 37
4 21 9 34 52 35 36 36 35 33
4 22 42 28 61 54 29 56 23 39
4 23 98 64 86 79 84 94 97 50
4 24 8 16 11 10 49 20 32 30
4 25 38 20 54 43 40 41 40 68
4 26 10 40 7 49 33 26 10 48
4 27 82 66 55 71 67 43 58 60
4 28 27 29 58 19 62 35 29 30
4 29 12 7 44 45 9 33 11 52
4 30 0 26 16 9 15 25 41 14
4 31 96 69 89 81 63 94 49 95
4 32 82 80 66 48 67 61 82 77
5 6 6 4 9 6 7 33 47 35
5 7 68 35 37 54 44 41 66 43
5 8 73 51 46 69 66 81 82 47
5 9 11 15 17 30 29 53 21 32
5 10 96 60 56 60 57 75 75 73
5 11 68 53 61 77 47 76 46 75
5 12 63 71 65 50 50 70 64 62
5 13 32 48 57 50 30 37 47 37
5 14 85 71 79 85 58 83 61 53
5 15 49 73 28 53 73 50 67 30
5 16 85 65 54 55 60 63 48 47
5 17 37 41 61 65 47 33 21 54
5 18 68 72 35 68 67 67 46 36
5 19 35 63 63 32 33 29 25 21
5 20 9 50 52 46 36 7 41 47
5 21 39 50 49 26 63 41 23 61
5 22 70 80 73 52 84 55 65 54
5 23 91 70 77 75 90 74 75 88
5 24 88 84 63 78 61 65 65 64
5 25 41 39 55 62 31 32 35 27
5 26 13 21 24 54 36 7 13 14
5 27 93 95 96 53 94 68 73 68
5 28 79 45 53 85 47 79 74 84
5 29 6 37 17 20 27 14 44 11
5 30 80 56 80 79 68 52 41 66
5 31 73 53 85 73 37 74 77 65
5 32 33 55 28 54 57 31 32 41
6 7 43 22 50 33 41 49 47 69
6 8 17 11 13 11 20 57 17 27
6 9 65 50 70 71 55 44 68 33
6 10 33 43 53 57 38 64 43 51
6 11 28 42 18 38 56 40 46 18
6 12 26 52 40 33 28 17 28 17
6 13 79 65 83 80 60 86 51 45
6 14 36 27 24 66 33 36 27 45
6 15 44 53 56 39 66 54 28 66
6 16 52 55 54 72 72 40 39 32
6 17 57 48 29 32 39 72 59 34
6 18 98 49 78 76 68 66 75 90
6 19 81 69 70 80 74 81 64 51
6 20 82 81 65 42 86 67 85 88
6 21 43 52 23 29 35 29 50 70
6 22 71 41 51 58 83 71 59 62
6 23 95 72 78 58 60 48 70 49
6 24 3 13 29 11 21 22 15 4
6 25 53 38 61 39 35 27 47 69
6 26 9 42 52 43 51 30 19 22
6 27 29 52 25 25 19 38 18 19
6 28 55 29 76 35 43 46 37 29
6 29 88 92 49 63 54 54 49 90
6 30 64 52 56 46 42 64 51 45
6 31 14 42 35 16 18 22 10 45
6 32 75 75 73 64 69 46 51 52
7 8 94 76 75 58 55 96 66 77
7 9 74 60 48 41 54 68 46 83
7 10 7 6 29 42 9 10 21 13
7 11 51 45 73 49 41 30 42 41
7 12 19 33 54 37 16 19 19 25
7 13 20 34 10 39 52 45 29 59
7 14 58 66 54 35 37 78 31 50
7 15 25 23 42 31 52 61 27 56
7 16 38 60 53 48 25 29 41 36
7 17 27 36 39 28 55 34 39 57
7 18 74 50 41 60 86 84 76 63
7 19 86 87 65 62 68 81 56 48
7 20 19 53 17 47 50 19 10 47
7 21 0 43 1 39 34 23 5 13
7 22 56 73 43 76 60 45 50 52
7 23 58 55 56 49 48 48 66 33
7 24 97 59 95 80 95 83 84 61
7 25 46 28 58 34 35 44 46 29
7 26 90 62 80 59 70 64 58 92
7 27 96 49 57 90 49 97 49 54
7 28 69 50 70 55 48 63 74 51
7 29 46 59 57 29 39 41 67 57
7 30 54 60 74 34 36 44 73 62
7 31 19 35 53 14 23 30 23 58
7 32 83 88 55 43 44 58 74 65
8 9 74 53 63 67 76 87 72 80
8 10 34 36 53 67 63 20 41 34
8 11 7 45 10 15 14 14 7 3
8 12 58 60 67 67 53 44 41 51
8 13 80 63 41 69 82 79 58 59
8 14 24 23 16 32 52 54 40 25
8 15 24 12 49 35 27 27 36 45
8 16 26 30 48 15 25 58 25 27
8 17 97 63 86 51 59 64 79 89
8 18 56 39 41 52 40 32 35 60
8 19 12 18 24 42 16 42 6 23
8 20 62 32 59 58 75 39 32 79
8 21 23 30 38 55 53 23 30 16
8 22 56 54 45 76 61 28 46 42
8 23 20 58 13 59 23 58 16 22
8 24 59 38 47 75 46 31 59 60
8 25 62 46 77 69 78 45 81 32
8 26 51 68 61 54 55 63 70 42
8 27 99 56 97 58 65 85 82 74
8 28 29 19 36 64 26 22 32 21
8 29 59 56 33 77 45 79 57 59
8 30 9 32 14 33 18 48 47 14
8 31 44 49 23 59 57 43 62 29
8 32 82 58 60 70 78 65 46 59
9 10 41 68 27 56 27 46 38 49
9 11 98 62 63 80 72 80 50 96
9 12 25 35 13 39 37 30 55 19
9 13 84 61 88 68 59 47 74 82
9 14 17 32 29 36 22 32 37 40
9 15 84 46 89 49 85 69 81 74
9 16 16 25 12 26 51 8 44 45
9 17 73 59 62 67 85 42 74 71
9 18 82 89 48 81 50 49 63 47
9 19 63 74 46 75 44 72 75 42
9 20 15 34 29 11 14 30 35 46
9 21 89 79 84 79 58 70 66 76
9 22 72 68 62 75 65 70 78 49
9 23 22 44 35 46 42 29 61 38
9 24 27 39 62 63 62 58 28 18
9 25 88 74 77 66 54 53 86 77
9 26 74 74 73 41 38 76 63 57
9 27 85 45 65 61 91 83 87 62
9 28 11 33 11 29 30 39 13 16
9 29 86 80 60 92 88 79 80 86
9 30 67 39 34 66 54 82 35 81
9 31 51 55 57 36 50 47 71 32
9 32 55 50 53 74 53 70 66 36
10 11 44 51 51 45 30 44 32 37
10 12 32 24 21 52 38 23 28 53
10 13 17 17 41 53 47 46 26 48
10 14 69 57 80 56 45 79 57 72
10 15 54 58 73 52 29 49 57 40
10 16 77 86 51 45 62 43 77 60
10 17 10 15 46 52 29 34 35 43
10 18 69 75 35 68 42 59 53 50
10 19 33 61 41 33 43 58 29 57
10 20 1 6 30 43 14 1 47 26
10 21 24 55 26 49 53 35 57 42
10 22 43 26 41 70 60 39 24 64
10 23 91 64 59 80 80 83 80 69
10 24 64 72 80 45 39 50 43 62
10 25 24 21 19 40 37 41 12 16
10 26 2 11 43 15 16 21 30 4
10 27 35 19 31 43 61 45 27 56
10 28 43 66 28 33 30 54 30 60
10 29 51 63 70 48 38 28 30 33
10 30 38 65 68 27 25 33 41 31
10 31 65 49 55 55 33 55 63 48
10 32 93 64 83 63 90 61 67 79
11 12 67 35 67 61 53 60 35 63
11 13 28 26 14 18 41 28 58 38
11 14 6 22 21 28 28 40 40 19
11 15 69 73 66 55 81 42 78 36
11 16 82 70 53 81 86 47 48 84
11 17 4 37 24 31 7 14 17 50
11 18 29 51 44 62 27 28 39 28
11 19 73 52 41 40 42 60 64 46
11 20 5 9 22 15 9 6 22 19
11 21 66 45 39 71 50 63 73 78
11 22 21 21 13 13 58 27 55 50
11 23 13 36 37 7 44 30 14 32
11 24 51 40 71 28 34 41 37 63
11 25 13 49 56 26 49 38 42 21
11 26 42 54 32 49 24 52 28 57
11 27 22 17 29 56 52 30 42 15
11 28 68 51 37 55 66 78 51 49
11 29 73 69 76 57 59 85 79 84
11 30 57 78 31 72 32 51 68 51
11 31 97 93 58 51 94 58 66 49
11 32 19 55 54 35 53 20 46 26
12 13 55 64 63 34 31 46 60 32
12 14 27 56 16 60 38 58 51 57
12 15 81 87 61 57 50 76 81 76
12 16 43 43 43 63 70 62 40 47
12 17 2 46 20 31 4 44 8 24
12 18 11 28 55 37 36 22 7 55
12 19 94 48 85 53 89 58 95 93
12 20 97 57 58 66 80 76 65 77
12 21 30 20 59 30 40 36 26 18
12 22 37 49 41 60 24 23 30 20
12 23 70 37 77 79 64 56 70 51
12 24 27 48 41 48 59 57 39 59
12 25 93 78 59 59 70 74 71 48
12 26 37 43 36 37 67 64 61 43
12 27 53 52 67 71 33 30 53 60
12 28 97 70 73 77 76 81 93 93
12 29 78 50 54 57 55 64 42 65
12 30 21 42 36 54 22 41 54 57
12 31 51 39 36 57 50 73 31 47
12 32 83 62 59 56 76 44 86 82
13 14 65 68 63 33 79 59 56 71
13 15 16 45 12 46 54 29 45 42
13 16 11 18 13 17 26 13 35 27
13 17 71 81 66 60 82 44 75 36
13 18 95 58 53 77 49 91 57 81
13 19 75 68 84 68 67 81 66 38
13 20 11 25 11 7 22 38 43 32
13 21 86 50 75 54 80 52 54 83
13 22 53 74 66 70 68 62 56 74
13 23 22 52 13 23 47 31 42 58
13 24 85 48 69 55 90 89 71 60
13 25 7 26 22 13 40 47 25 17
13 26 99 55 58 70 59 82 64 89
13 27 68 36 64 39 36 37 36 75
13 28 37 56 24 67 50 19 45 42
13 29 67 72 79 76 73 80 52 70
13 30 89 81 76 83 66 90 59 82
13 31 44 61 43 28 47 36 26 31
13 32 29 59 15 64 47 48 33 39
14 15 74 77 56 79 47 53 75 78
14 16 19 29 29 36 52 26 22 13
14 17 53 53 36 29 45 76 63 70
14 18 11 35 48 43 45 26 23 42
14 19 11 11 21 19 14 48 38 35
14 20 5 50 13 11 16 19 23 19
14 21 64 70 34 37 53 55 60 33
14 22 33 36 59 64 19 26 41 61
14 23 31 54 61 22 20 37 58 48
14 24 64 75 35 73 77 61 39 53
14 25 53 66 43 64 49 75 56 40
14 26 49 48 46 32 32 56 70 50
14 27 1 38 41 24 2 36 34 38
14 28 80 85 73 46 83 53 57 64
14 29 34 27 18 59 50 44 29 32
14 30 1 12 23 44 3 17 38 8
14 31 52 51 30 59 74 47 62 39
14 32 83 47 79 72 48 85 54 49
15 16 18 17 56 37 34 56 36 55
15 17 58 66 41 49 47 76 29 59
15 18 65 33 38 37 56 34 82 63
15 19 83 76 42 58 82 65 52 43
15 20 79 76 39 80 61 49 48 62
15 21 88 86 88 73 88 51 77 90
15 22 24 23 16 61 29 32 41 23
15 23 27 14 63 23 59 62 45 19
15 24 11 9 36 35 34 22 41 34
15 25 96 52 53 56 96 52 73 69
15 26 81 81 45 75 68 79 44 88
15 27 0 42 46 40 46 0 15 43
15 28 52 74 38 50 70 40 64 45
15 29 44 42 50 61 34 40 49 34
15 30 83 57 76 79 85 52 80 78
15 31 82 47 83 66 82 48 67 51
15 32 55 31 61 33 36 56 69 44
16 17 14 53 45 51 52 34 23 39
16 18 95 49 87 97 68 94 51 71
16 19 17 19 48 48 51 53 57 10
16 20 24 21 58 49 23 24 37 60
16 21 5 43 42 8 14 43 35 16
16 22 23 23 12 38 44 33 37 32
16 23 95 54 51 91 59 75 87 55
16 24 7 40 15 30 6 33 32 24
16 25 31 31 22 49 62 21 65 51
16 26 65 60 55 44 63 68 67 41
16 27 57 73 77 58 29 49 55 56
16 28 48 35 26 55 68 69 26 69
16 29 54 34 70 73 27 76 37 44
16 30 70 57 63 37 49 39 38 72
16 31 69 67 75 61 35 51 54 35
16 32 49 38 26 65 73 37 58 36
17 18 82 46 53 62 89 50 68 61
17 19 3 5 2 24 42 43 6 14
17 20 35 57 18 57 59 36 61 46
17 21 97 86 52 58 74 73 65 91
17 22 83 52 58 54 51 77 54 62
17 23 66 71 58 73 66 79 67 53
17 24 11 39 41 25 14 26 13 36
17 25 87 79 56 88 67 88 80 70
17 26 67 56 82 77 46 34 48 51
17 27 67 43 81 71 53 36 46 62
17 28 55 63 50 57 39 48 60 55
17 29 62 72 65 63 48 44 44 43
17 30 60 68 51 45 45 55 64 59
17 31 49 38 54 31 32 74 45 50
17 32 66 71 56 38 83 67 39 67
18 19 91 62 61 74 71 72 47 82
18 20 98 61 72 69 75 72 78 77
18 21 54 43 54 41 71 51 64 54
18 22 94 47 83 71 48 51 84 92
18 23 60 41 44 38 34 63 62 75
18 24 36 24 48 53 21 51 34 26
18 25 16 27 42 41 20 21 31 49
18 26 87 59 57 90 89 74 59 46
18 27 6 36 17 4 11 3 36 52
18 28 97 75 87 50 63 70 95 68
18 29 78 40 42 45 68 72 48 58
18 30 57 50 53 59 56 71 46 72
18 31 52 42 39 72 53 34 45 48
18 32 42 64 59 52 29 56 61 69
19 20 37 36 26 19 67 28 55 66
19 21 56 33 72 53 51 43 54 48
19 22 0 35 22 23 41 21 8 24
19 23 60 61 67 73 53 50 47 43
19 24 47 69 34 73 48 65 69 69
19 25 86 68 77 71 93 90 52 56
19 26 9 12 44 7 6 33 27 54
19 27 91 93 46 80 60 77 85 57
19 28 5 22 51 26 20 47 12 38
19 29 59 61 37 75 46 67 41 42
19 30 3 13 2 1 18 26 8 2
19 31 15 51 51 16 18 12 18 37
19 32 5 18 42 26 19 6 39 51
20 21 43 51 43 62 59 65 53 30
20 22 47 24 71 53 51 39 26 34
20 23 84 60 78 91 61 60 86 73
20 24 42 61 24 22 33 31 47 28
20 25 60 30 47 63 67 35 67 47
20 26 75 70 72 40 57 52 55 56
20 27 2 40 1 15 31 5 43 39
20 28 98 61 85 86 67 54 60 69
20 29 81 58 62 73 51 54 54 83
20 30 99 94 85 85 58 59 64 61
20 31 62 39 65 51 64 52 60 79
20 32 91 72 73 95 80 63 71 66
21 22 58 57 60 55 49 59 48 30
21 23 15 46 31 50 38 16 30 28
21 24 25 50 24 14 33 38 26 58
21 25 38 39 59 29 37 53 37 60
21 26 45 24 50 65 49 51 55 40
21 27 15 15 55 18 18 39 52 42
21 28 41 43 70 66 52 31 21 45
21 29 25 13 29 43 47 56 55 43
21 30 9 35 22 40 51 5 31 37
21 31 7 20 25 5 13 25 4 5
21 32 17 55 37 18 41 38 57 27
22 23 25 48 27 45 14 54 45 15
22 24 22 14 30 28 22 28 14 36
22 25 9 20 32 32 32 21 26 39
22 26 3 21 2 48 32 47 23 46
22 27 14 24 24 38 11 20 28 12
22 28 53 35 64 55 30 32 73 60
22 29 64 60 42 66 36 62 48 79
22 30 15 45 17 22 42 30 9 35
22 31 28 34 52 59 53 37 14 42
22 32 85 66 58 58 57 65 43 77
23 24 8 53 11 28 39 33 39 6
23 25 54 40 61 57 35 39 50 71
23 26 49 48 28 49 43 38 72 64
23 27 80 80 89 69 82 85 50 47
23 28 36 49 20 47 67 51 64 35
23 29 46 30 55 47 25 40 72 31
23 30 66 59 75 57 36 65 47 68
23 31 71 49 77 62 66 49 42 71
23 32 37 62 19 34 50 42 32 26
24 25 87 60 54 66 51 51 90 56
24 26 30 54 34 51 25 62 47 38
24 27 0 32 11 33 12 48 21 41
24 28 65 67 60 76 51 65 81 69
24 29 4 44 3 23 5 35 49 41
24 30 52 35 43 65 42 41 75 59
24 31 44 71 29 37 52 33 45 22
24 32 63 59 80 58 43 47 53 49
25 26 43 28 69 54 38 61 47 36
25 27 3 37 41 41 49 28 25 41
25 28 34 33 41 55 27 21 23 21
25 29 15 36 31 56 42 14 30 16
25 30 66 65 63 65 42 72 59 67
25 31 89 62 68 51 93 48 55 57
25 32 19 19 50 55 22 16 11 25
26 27 30 19 57 17 62 53 25 56
26 28 7 22 9 41 10 29 30 34
26 29 44 24 25 42 45 31 66 64
26 30 41 21 20 33 37 33 28 54
26 31 92 87 63 83 62 57 67 76
26 32 83 53 76 79 91 64 71 65
27 28 57 55 66 73 75 67 56 34
27 29 32 53 33 49 59 58 61 55
27 30 85 73 49 75 48 83 83 68
27 31 39 59 21 63 26 59 52 53
27 32 86 48 71 89 43 50 91 78
28 29 98 86 89 62 57 53 90 89
28 30 97 95 71 79 62 59 95 85
28 31 26 33 36 43 42 57 41 42
28 32 76 59 66 47 67 47 57 70
29 30 70 80 47 41 49 74 36 44
29 31 9 29 27 42 15 48 18 13
29 32 77 74 48 51 48 57 60 40
30 31 74 72 76 85 57 80 45 39
30 32 33 26 56 58 55 41 28 41
31 32 44 55 30 38 69 49 59 26
