38 8
0.142857 0.142857 0.142857 0.142857 0.142857 0.142857 0.142857 0.0 
0 1 45 54 65 79 36 19 74 68
0 2 40 21 44 86 56 37 11 43
0 3 27 66 32 13 75 68 50 57
0 4 60 20 20 48 53 82 65 59
0 5 45 28 34 13 85 38 43 76
0 6 44 37 37 53 14 75 29 60
0 7 66 43 70 53 23 92 69 36
0 8 9 24 74 22 44 46 79 12
0 9 23 36 27 47 83 58 10 48
0 10 28 18 36 29 28 43 53 51
0 11 94 74 30 26 69 34 29 44
0 12 83 65 74 56 63 43 17 66
0 13 10 23 67 28 2 50 50 39
0 14 58 19 63 40 56 80 78 12
0 15 91 39 45 34 36 68 64 87
0 16 21 23 78 32 40 21 8 65
0 17 88 71 79 39 70 29 27 59
0 18 48 46 45 82 47 83 79 14
0 19 28 44 7 58 17 29 54 35
0 20 25 32 71 34 12 29 7 29
0 21 81 16 58 73 70 56 78 93
0 22 80 80 88 34 85 40 57 65
0 23 41 21 47 34 44 25 29 35
0 24 40 80 45 58 19 8 43 29
0 25 36 22 80 76 49 12 10 78
0 26 23 16 74 71 29 45 63 60
0 27 92 25 37 51 25 60 94 57
0 28 66 22 62 47 74 64 17 81
0 29 29 37 54 76 6 71 56 45
0 30 29 37 23 22 59 55 73 31
0 31 38 46 25 60 22 12 61 78
0 32 36 9 67 47 55 38 9 70
0 33 30 45 81 68 10 25 63 8
0 34 21 59 76 71 44 50 58 39
0 35 93 42 29 37 78 77 66 94
0 36 13 36 54 60 12 77 70 82
0 37 80 40 60 36 72 58 55 88
1 2 92 21 21 59 66 91 85 70
1 3 66 35 32 45 60 53 72 32
1 4 29 9 46 27 36 78 75 23
1 5 3 5 32 39 23 40 58 21
1 6 96 76 59 30 79 65 59 27
1 7 58 88 35 87 72 77 20 50
1 8 26 12 8 51 57 21 5 59
1 9 76 67 81 88 61 20 90 89
1 10 90 21 82 36 38 40 45 30
1 11 68 88 89 25 57 55 28 77
1 12 48 29 27 40 84 11 81 19
1 13 47 11 11 85 71 30 12 27
1 14 52 34 89 55 52 13 37 39
1 15 6 50 62 7 9 57 81 56
1 16 53 88 16 85 45 12 14 20
1 17 19 6 58 68 8 68 71 68
1 18 4 59 38 77 52 7 36 19
1 19 87 92 41 69 39 73 76 84
1 20 8 9 36 75 74 37 57 58
1 21 92 43 21 56 27 74 81 68
1 22 25 29 25 83 68 25 28 9
1 23 84 96 81 57 52 63 18 72
1 24 20 30 47 49 36 12 28 66
1 25 27 31 57 52 20 48 78 68
1 26 19 20 76 28 15 69 34 14
1 27 79 24 32 50 40 58 33 36
1 28 14 14 67 26 24 64 67 48
1 29 35 29 76 37 77 71 44 75
1 30 54 19 48 81 65 73 65 22
1 31 48 38 76 12 14 28 71 22
1 32 23 44 28 28 65 61 72 55
1 33 38 79 40 74 63 15 45 68
1 34 72 81 78 23 44 23 68 71
1 35 60 79 32 17 13 23 45 47
1 36 70 81 62 35 65 65 39 73
1 37 78 68 81 68 94 24 54 74
2 3 14 81 41 37 35 50 61 39
2 4 94 45 27 61 39 73 88 49
2 5 20 8 60 29 27 81 4 49
2 6 9 23 17 25 55 70 49 46
2 7 40 75 81 56 72 76 39 10
2 8 34 59 37 48 70 24 43 77
2 9 20 60 61 6 26 32 40 9
2 10 4 67 15 30 63 43 48 6
2 11 95 59 68 83 63 29 51 94
2 12 6 12 32 67 43 26 54 30
2 13 19 18 79 18 45 66 48 67
2 14 0 21 62 43 47 22 50 44
2 15 53 25 44 51 50 28 83 63
2 16 41 53 32 25 11 73 61 52
2 17 44 45 25 26 46 76 53 60
2 18 43 10 80 38 81 43 28 62
2 19 62 21 91 13 91 57 27 59
2 20 90 61 48 49 48 84 38 91
2 21 83 86 36 17 67 37 31 82
2 22 79 43 91 86 58 51 70 91
2 23 19 70 45 17 68 5 56 36
2 24 95 67 70 92 52 60 83 22
2 25 50 64 70 36 66 54 51 11
2 26 22 58 17 65 18 28 83 42
2 27 89 32 85 83 44 96 40 92
2 28 39 38 21 33 64 13 20 81
2 29 74 40 94 33 51 27 66 57
2 30 13 31 32 54 46 16 21 74
2 31 37 69 66 15 53 81 85 86
2 32 1 59 14 48 55 13 30 25
2 33 4 58 28 45 77 39 45 76
2 34 9 48 53 54 72 73 13 17
2 35 6 48 67 58 17 39 37 16
2 36 99 84 93 98 43 26 54 50
2 37 74 67 49 39 84 18 29 92
3 4 25 52 38 76 38 78 60 67
3 5 62 59 77 16 17 51 36 20
3 6 32 14 15 67 48 15 18 12
3 7 26 22 73 74 53 53 60 10
3 8 16 12 25 7 38 70 9 45
3 9 69 20 50 71 59 36 19 15
3 10 73 18 92 57 68 22 57 37
3 11 11 38 66 61 82 14 81 32
3 12 94 50 91 50 58 56 81 76
3 13 99 91 53 70 42 71 32 88
3 14 91 59 60 46 88 25 62 21
3 15 54 56 31 79 90 11 38 29
3 16 3 70 69 3 43 52 59 28
3 17 39 19 59 81 84 40 44 25
3 18 61 47 76 46 85 60 46 30
3 19 44 68 24 36 16 60 44 67
3 20 66 13 67 77 57 23 76 53
3 21 13 39 24 59 49 42 50 8
3 22 66 86 30 44 25 78 79 40
3 23 66 78 13 35 17 27 50 51
3 24 90 24 51 95 33 28 55 77
3 25 38 81 79 42 38 14 10 18
3 26 96 49 80 50 27 55 55 96
3 27 58 12 29 61 51 23 66 80
3 28 9 21 58 11 21 21 37 72
3 29 2 28 15 9 63 26 16 77
3 30 32 24 40 10 21 64 47 77
3 31 78 94 78 17 36 50 88 33
3 32 74 40 19 44 70 62 53 70
3 33 81 17 59 41 21 79 83 84
3 34 22 13 27 41 62 68 56 79
3 35 68 88 63 46 93 34 55 92
3 36 76 51 17 47 64 36 43 75
3 37 16 4 39 4 9 30 64 61
4 5 50 16 23 55 81 70 59 48
4 6 73 74 14 91 88 92 57 76
4 7 52 78 27 56 40 54 42 27
4 8 23 23 14 32 24 61 58 8
4 9 88 93 72 19 50 75 19 81
4 10 51 24 74 73 47 52 71 88
4 11 45 86 13 81 81 50 59 85
4 12 86 89 35 20 44 48 75 26
4 13 40 50 69 21 79 34 77 79
4 14 63 41 12 19 91 16 73 90
4 15 29 51 41 33 47 55 81 85
4 16 68 72 54 85 38 13 16 79
4 17 87 73 50 85 46 79 52 38
4 18 11 45 38 44 3 68 12 23
4 19 37 35 28 58 9 11 48 85
4 20 50 47 78 77 52 40 25 37
4 21 8 10 37 75 58 77 52 55
4 22 21 63 45 63 83 58 54 37
4 23 57 31 34 27 13 49 38 19
4 24 67 63 86 40 14 20 73 64
4 25 66 40 54 83 52 27 76 67
4 26 38 83 79 11 46 64 40 9
4 27 46 24 18 71 38 59 73 12
4 28 96 36 93 82 38 83 41 94
4 29 40 66 50 21 77 54 12 81
4 30 79 54 32 25 81 87 64 57
4 31 7 29 14 11 79 53 21 76
4 32 32 70 32 35 62 31 51 29
4 33 16 46 35 10 38 24 7 67
4 34 76 31 28 31 57 22 48 56
4 35 58 23 28 69 86 58 11 40
4 36 60 75 44 58 45 21 78 14
4 37 69 56 46 42 52 61 35 43
5 6 76 58 95 78 57 40 26 84
5 7 64 43 48 39 51 74 76 35
5 8 84 47 61 49 41 40 58 26
5 9 78 74 74 38 94 47 84 34
5 10 15 54 64 19 46 3 71 17
5 11 47 33 16 71 78 19 50 21
5 12 55 38 50 41 27 73 82 75
5 13 42 65 77 19 69 17 62 18
5 14 5 55 33 50 2 12 57 8
5 15 2 63 72 13 62 79 58 35
5 16 19 62 13 81 40 9 61 30
5 17 26 33 16 39 69 69 45 81
5 18 12 54 75 31 39 16 49 34
5 19 51 69 42 14 25 50 46 61
5 20 1 61 69 24 44 26 55 73
5 21 59 58 86 63 24 63 57 24
5 22 41 81 19 36 69 26 42 31
5 23 96 41 84 79 56 26 94 30
5 24 56 56 64 88 88 51 65 68
5 25 76 16 65 75 35 17 92 43
5 26 65 79 83 28 28 46 54 84
5 27 45 85 68 49 86 25 16 21
5 28 11 39 80 73 63 38 82 50
5 29 77 74 54 89 16 34 81 53
5 30 35 55 57 57 75 30 27 85
5 31 69 32 88 59 77 34 80 35
5 32 73 92 91 59 45 15 81 56
5 33 61 61 39 81 83 28 68 37
5 34 87 91 96 57 95 94 22 72
5 35 90 78 43 50 45 42 49 51
5 36 59 44 32 60 42 22 54 21
5 37 43 87 23 17 66 81 88 74
6 7 16 30 40 63 30 25 78 17
6 8 64 46 17 14 27 22 44 71
6 9 85 53 67 96 39 37 70 73
6 10 0 25 14 1 77 79 38 22
6 11 51 35 58 81 65 30 45 60
6 12 51 61 49 55 70 73 20 77
6 13 20 15 73 36 38 14 25 62
6 14 72 67 45 91 42 37 18 74
6 15 57 77 12 42 87 21 12 70
6 16 44 81 10 45 65 60 59 47
6 17 75 37 57 23 32 80 42 32
6 18 78 35 23 82 69 45 17 89
6 19 98 84 86 92 20 64 88 68
6 20 27 55 78 35 82 22 55 72
6 21 9 79 79 58 44 49 2 66
6 22 20 10 5 64 51 77 67 31
6 23 28 12 9 12 23 73 48 20
6 24 69 21 68 44 54 42 46 17
6 25 47 53 65 52 37 44 64 20
6 26 0 64 57 15 7 43 58 79
6 27 38 41 49 66 17 78 16 51
6 28 50 10 88 46 54 42 49 68
6 29 1 32 19 67 25 9 53 50
6 30 41 63 55 81 12 56 43 18
6 31 57 20 67 51 63 72 31 75
6 32 73 81 82 36 60 36 38 77
6 33 15 10 79 33 55 54 66 71
6 34 19 83 69 14 35 27 35 53
6 35 77 40 92 87 47 83 92 44
6 36 64 84 66 39 73 90 61 83
6 37 44 18 28 43 82 65 82 16
7 8 10 54 67 29 13 62 11 74
7 9 51 79 10 87 72 32 38 37
7 10 12 29 30 45 5 24 61 35
7 11 27 59 45 55 27 74 13 54
7 12 12 66 19 25 21 59 74 50
7 13 96 97 51 85 23 69 58 33
7 14 24 76 20 75 5 60 33 57
7 15 50 70 68 33 44 41 87 67
7 16 56 26 65 22 61 35 46 84
7 17 45 87 75 23 28 64 42 88
7 18 61 71 43 33 15 78 37 51
7 19 19 34 36 67 5 19 10 18
7 20 83 76 31 61 30 89 42 53
7 21 38 59 69 27 36 57 16 20
7 22 40 45 56 72 78 62 25 78
7 23 63 46 82 36 20 79 29 47
7 24 25 46 14 5 68 18 31 72
7 25 11 74 74 3 72 78 9 6
7 26 95 28 60 68 95 26 89 91
7 27 45 76 70 17 21 37 9 51
7 28 87 89 55 50 92 62 83 91
7 29 47 54 73 23 55 12 85 27
7 30 96 83 75 35 97 85 53 20
7 31 99 72 97 29 71 96 45 55
7 32 89 22 79 64 92 34 49 91
7 33 18 68 77 60 49 23 5 78
7 34 6 14 31 51 28 20 66 67
7 35 46 34 32 23 81 25 15 41
7 36 71 16 76 31 30 18 86 20
7 37 44 18 51 50 50 29 56 55
8 9 36 17 64 67 43 12 56 68
8 10 8 21 79 43 30 75 69 46
8 11 85 50 29 93 79 44 96 61
8 12 50 41 30 26 45 74 77 88
8 13 80 42 87 33 46 83 78 52
8 14 66 82 60 54 22 80 57 25
8 15 6 6 46 59 27 74 50 14
8 16 33 80 10 34 78 49 28 80
8 17 14 42 16 70 9 11 41 41
8 18 70 51 71 31 17 22 20 46
8 19 68 35 70 20 62 58 41 56
8 20 33 63 63 30 22 32 33 72
8 21 52 49 73 54 28 48 36 83
8 22 40 20 43 76 51 82 75 73
8 23 33 67 19 79 67 42 49 84
8 24 89 84 30 86 70 84 67 71
8 25 86 59 59 37 36 46 33 55
8 26 54 15 83 11 13 63 33 89
8 27 78 29 23 78 78 68 83 62
8 28 73 39 27 47 25 16 26 30
8 29 66 52 53 53 59 26 71 37
8 30 61 17 81 43 60 51 51 30
8 31 62 80 24 33 40 39 56 65
8 32 48 32 65 85 47 72 39 81
8 33 78 62 89 64 79 17 74 28
8 34 78 53 20 70 54 20 74 48
8 35 25 60 28 57 68 39 12 67
8 36 47 45 73 10 80 64 74 81
8 37 79 85 77 73 23 26 77 77
9 10 11 4 20 50 62 21 68 72
9 11 45 14 43 63 58 26 45 69
9 12 63 31 70 57 76 27 74 63
9 13 30 54 82 68 81 29 14 69
9 14 28 13 16 80 81 65 68 14
9 15 83 36 77 42 29 92 86 81
9 16 31 15 76 30 59 42 78 81
9 17 59 60 73 30 19 44 64 37
9 18 93 46 44 66 30 59 72 39
9 19 22 84 65 51 63 55 18 66
9 20 2 9 49 56 76 3 3 10
9 21 40 40 10 86 79 45 45 22
9 22 61 45 55 74 83 27 37 12
9 23 12 62 56 43 65 13 8 57
9 24 48 44 17 48 78 80 28 14
9 25 53 17 26 70 70 67 78 51
9 26 6 24 25 57 63 50 60 60
9 27 36 78 60 31 8 12 52 74
9 28 14 26 76 11 52 27 70 52
9 29 16 21 25 55 71 13 70 49
9 30 34 15 69 70 12 19 35 42
9 31 53 36 31 89 25 52 40 60
9 32 42 38 81 14 41 40 10 38
9 33 7 72 36 50 40 10 32 72
9 34 44 82 20 69 47 38 27 79
9 35 78 23 84 89 57 24 93 90
9 36 71 40 59 46 30 67 74 52
9 37 28 59 54 47 6 8 8 14
10 11 79 64 50 62 16 32 80 62
10 12 66 85 72 50 49 78 20 18
10 13 59 33 70 45 87 35 34 28
10 14 60 90 24 33 90 19 75 46
10 15 45 68 50 30 73 61 14 47
10 16 43 78 80 82 56 80 64 74
10 17 54 16 80 12 47 27 27 57
10 18 63 73 41 85 30 89 51 82
10 19 67 76 17 71 32 35 90 75
10 20 8 24 39 5 8 77 73 45
10 21 54 89 56 33 20 55 48 59
10 22 60 87 81 81 84 55 39 76
10 23 40 40 70 38 84 85 55 51
10 24 41 56 22 38 71 10 77 71
10 25 33 47 48 81 69 35 79 25
10 26 90 52 50 55 63 38 44 71
10 27 92 58 55 79 44 29 83 54
10 28 15 82 65 41 18 54 54 30
10 29 62 86 71 25 16 57 26 59
10 30 74 79 62 18 87 72 30 82
10 31 92 49 19 87 87 84 48 33
10 32 40 69 80 56 10 38 51 51
10 33 79 38 78 26 57 18 42 55
10 34 95 61 34 51 36 26 79 32
10 35 60 33 81 35 38 90 46 70
10 36 14 44 14 45 23 41 59 34
10 37 9 4 49 18 47 44 50 56
11 12 67 77 75 38 45 62 59 21
11 13 36 8 59 85 15 80 40 44
11 14 52 33 32 67 26 77 86 70
11 15 70 63 34 19 72 75 74 67
11 16 57 54 38 11 66 67 68 87
11 17 92 54 32 87 60 51 77 48
11 18 82 37 46 39 34 22 90 48
11 19 74 47 40 37 40 66 56 63
11 20 31 28 65 69 8 75 44 44
11 21 26 55 52 32 73 41 36 14
11 22 41 62 39 26 78 11 58 46
11 23 31 60 18 53 51 73 10 31
11 24 65 20 45 20 86 62 54 82
11 25 7 1 55 80 69 58 54 52
11 26 69 78 92 75 32 39 59 43
11 27 88 60 22 35 95 96 32 30
11 28 92 84 37 45 42 40 84 52
11 29 89 81 72 43 71 64 85 33
11 30 37 22 37 21 39 66 79 56
11 31 94 30 20 58 19 32 85 96
11 32 28 18 15 47 66 27 9 49
11 33 14 38 72 6 59 38 44 26
11 34 97 54 97 36 70 48 56 20
11 35 19 50 36 58 17 83 78 23
11 36 26 23 19 56 24 33 34 6
11 37 24 33 80 57 67 42 73 22
12 13 22 22 21 33 28 28 20 41
12 14 56 25 37 38 83 26 34 21
12 15 96 96 45 87 73 42 90 41
12 16 85 42 39 55 70 32 84 45
12 17 43 14 28 82 16 36 11 58
12 18 36 80 65 64 47 61 18 21
12 19 0 66 7 39 55 7 38 8
12 20 29 16 80 61 74 47 46 50
12 21 67 30 28 33 54 34 30 78
12 22 35 17 8 35 11 17 43 75
12 23 18 24 13 49 74 48 44 11
12 24 64 78 47 13 15 70 20 36
12 25 50 16 68 54 17 80 44 25
12 26 95 33 91 51 66 31 89 65
12 27 18 8 82 19 5 5 57 63
12 28 96 96 85 44 36 97 66 88
12 29 34 74 10 68 76 83 54 79
12 30 69 18 87 69 38 85 61 52
12 31 91 20 37 69 73 79 28 81
12 32 57 19 48 52 86 34 22 26
12 33 78 18 61 79 75 37 66 86
12 34 83 65 66 68 26 82 88 25
12 35 41 61 84 79 12 29 36 26
12 36 7 29 49 18 73 67 61 7
12 37 27 44 36 47 63 55 33 19
13 14 83 65 93 29 19 24 19 54
13 15 78 18 62 26 60 48 52 93
13 16 74 31 72 38 15 79 17 58
13 17 97 85 65 60 61 56 37 86
13 18 50 10 84 72 27 25 36 20
13 19 40 44 32 83 52 23 53 34
13 20 82 47 86 46 71 22 16 35
13 21 72 53 80 56 89 72 68 79
13 22 67 65 63 53 40 41 68 38
13 23 89 96 24 44 52 59 30 65
13 24 30 21 84 21 32 31 40 8
13 25 51 12 72 46 25 54 83 49
13 26 3 43 13 61 41 30 61 44
13 27 44 19 33 54 55 20 66 50
13 28 46 43 59 26 44 74 87 17
13 29 4 68 80 39 63 77 59 73
13 30 52 34 64 69 67 70 10 59
13 31 78 22 45 33 93 75 39 47
13 32 22 45 38 56 33 54 75 35
13 33 1 12 60 13 30 32 59 11
13 34 69 45 71 56 54 35 58 33
13 35 32 25 50 7 41 31 7 82
13 36 67 24 64 63 17 80 32 77
13 37 3 6 46 15 11 26 43 80
14 15 96 37 94 24 53 44 53 83
14 16 74 83 75 78 94 19 72 80
14 17 42 23 72 17 73 57 77 11
14 18 31 11 17 82 67 20 55 60
14 19 87 47 76 57 70 63 31 94
14 20 56 49 59 19 54 11 21 83
14 21 9 28 65 33 40 32 45 40
14 22 1 32 5 6 19 40 66 11
14 23 47 81 41 25 9 87 16 54
14 24 85 33 52 75 51 92 76 21
14 25 18 14 76 28 56 45 68 31
14 26 74 39 24 85 73 63 53 19
14 27 91 22 23 36 53 82 52 59
14 28 46 78 60 35 78 87 43 74
14 29 4 20 63 67 65 80 78 59
14 30 95 76 77 51 90 83 24 88
14 31 49 76 19 65 37 58 59 68
14 32 70 56 22 87 40 18 68 25
14 33 8 20 52 79 12 14 65 38
14 34 4 48 10 66 80 32 3 66
14 35 64 88 37 71 20 28 47 37
14 36 21 43 58 61 59 4 33 49
14 37 90 89 87 95 38 42 66 45
15 16 59 74 45 67 89 12 66 85
15 17 49 65 87 67 62 25 47 60
15 18 37 47 49 13 77 39 75 7
15 19 53 44 37 49 11 22 54 33
15 20 35 81 49 25 34 75 46 50
15 21 1 46 74 29 49 51 74 67
15 22 27 13 49 46 13 8 80 8
15 23 96 94 54 36 33 33 29 47
15 24 42 47 84 43 19 58 66 24
15 25 38 70 55 46 44 24 23 55
15 26 89 19 18 57 27 56 41 53
15 27 0 47 35 30 46 72 40 43
15 28 21 10 52 45 6 5 76 26
15 29 90 70 20 78 35 77 41 90
15 30 50 45 86 43 72 79 52 14
15 31 51 60 28 59 35 22 42 35
15 32 99 55 21 41 97 51 81 51
15 33 43 74 73 84 57 75 54 50
15 34 51 77 11 75 20 32 60 60
15 35 46 52 44 37 27 60 31 51
15 36 49 13 27 82 37 19 28 78
15 37 80 50 32 33 44 40 68 16
16 17 38 85 68 55 20 12 58 66
16 18 98 97 56 44 76 29 50 86
16 19 22 84 13 18 76 25 13 41
16 20 21 56 79 16 43 7 7 10
16 21 58 64 73 48 54 73 74 64
16 22 65 51 80 65 60 72 48 42
16 23 95 32 35 44 42 37 19 69
16 24 30 77 74 57 12 31 68 16
16 25 82 86 84 28 96 76 53 30
16 26 32 63 53 68 39 10 17 47
16 27 47 67 18 71 41 72 53 40
16 28 76 56 57 41 29 54 53 94
16 29 7 52 22 15 61 64 64 70
16 30 80 28 81 55 40 75 63 49
16 31 17 27 48 24 78 69 41 49
16 32 77 31 21 47 63 77 16 47
16 33 15 10 28 59 14 75 73 19
16 34 91 82 53 88 44 22 83 33
16 35 83 36 33 33 84 68 31 73
16 36 20 41 63 54 63 50 63 54
16 37 10 30 31 61 8 37 71 49
17 18 13 36 73 27 77 16 52 75
17 19 49 32 15 24 28 27 74 66
17 20 79 70 31 32 49 21 74 93
17 21 28 38 60 62 61 65 19 55
17 22 5 67 7 62 51 7 60 31
17 23 41 81 60 22 38 77 47 15
17 24 24 73 10 38 6 41 22 49
17 25 79 83 78 90 25 65 88 90
17 26 64 64 37 17 31 92 27 59
17 27 74 60 94 37 90 17 27 70
17 28 54 15 19 11 84 30 44 66
17 29 33 75 33 53 24 86 38 35
17 30 60 24 53 83 46 29 70 19
17 31 83 27 35 45 90 88 42 36
17 32 62 80 56 20 21 72 28 49
17 33 41 53 61 55 32 30 13 40
17 34 36 15 17 79 79 66 84 36
17 35 99 58 34 27 99 25 74 69
17 36 55 25 45 62 88 30 66 70
17 37 64 14 30 55 36 30 32 13
18 19 75 57 21 86 60 46 50 51
18 20 60 73 89 45 33 55 18 13
18 21 82 74 86 53 73 45 22 65
18 22 95 77 35 35 43 44 55 56
18 23 5 24 4 8 12 49 75 56
18 24 7 25 21 4 11 47 72 28
18 25 83 71 88 40 67 24 52 34
18 26 49 73 61 85 42 70 79 27
18 27 6 7 56 13 32 77 22 13
18 28 2 58 23 12 3 77 48 10
18 29 75 20 61 46 57 21 73 15
18 30 16 23 5 30 51 22 71 10
18 31 43 26 51 25 71 20 25 76
18 32 56 50 13 11 28 72 65 83
18 33 16 32 82 26 19 49 28 23
18 34 7 8 56 39 43 18 13 8
18 35 50 30 82 53 50 41 90 13
18 36 48 59 19 53 10 66 19 30
18 37 58 75 35 73 76 44 81 70
19 20 67 48 13 32 81 63 56 64
19 21 56 87 23 72 18 83 50 58
19 22 48 83 43 28 11 56 35 40
19 23 62 19 91 86 83 79 25 57
19 24 85 71 25 79 49 35 29 31
19 25 92 76 56 69 21 81 83 46
19 26 75 36 87 29 79 89 46 57
19 27 83 79 65 28 78 34 47 71
19 28 52 31 53 39 75 72 49 51
19 29 7 21 7 29 50 49 80 80
19 30 35 10 8 43 19 42 39 86
19 31 21 66 8 61 4 42 26 20
19 32 41 26 40 36 77 8 40 48
19 33 17 52 39 37 31 35 56 58
19 34 91 28 44 19 66 33 35 74
19 35 57 83 22 14 69 52 75 40
19 36 96 71 88 84 46 74 61 30
19 37 46 20 63 41 61 28 60 22
20 21 54 87 82 72 37 39 82 77
20 22 51 58 46 24 17 13 39 31
20 23 92 36 34 38 89 18 36 42
20 24 23 52 65 5 67 49 50 16
20 25 60 34 45 72 59 72 65 13
20 26 73 65 25 45 93 74 67 35
20 27 0 8 56 59 66 32 74 30
20 28 82 35 65 91 95 68 93 60
20 29 39 34 45 41 22 56 8 63
20 30 20 17 83 44 29 72 26 54
20 31 52 16 42 26 68 58 54 79
20 32 47 24 53 48 68 46 48 81
20 33 28 13 10 43 61 75 39 75
20 34 89 53 75 63 70 23 26 93
20 35 58 88 64 67 39 16 66 16
20 36 11 49 61 24 45 33 36 8
20 37 3 41 80 71 11 48 45 14
21 22 97 35 95 29 87 62 27 22
21 23 63 73 44 53 16 54 67 26
21 24 2 26 51 69 63 75 27 76
21 25 24 51 5 34 31 15 34 66
21 26 92 84 88 79 19 93 89 80
21 27 67 87 44 46 20 79 89 80
21 28 42 80 52 49 49 77 14 44
21 29 39 70 87 43 58 20 27 14
21 30 17 70 47 22 60 47 25 17
21 31 56 84 26 87 51 25 47 62
21 32 92 46 46 42 78 72 97 81
21 33 63 15 72 40 63 30 52 50
21 34 29 29 38 6 66 29 50 72
21 35 67 55 73 47 16 57 40 57
21 36 39 74 87 28 30 67 82 38
21 37 53 61 15 46 27 68 70 19
22 23 59 59 14 55 45 68 36 61
22 24 61 72 68 79 69 31 14 27
22 25 74 23 20 59 60 34 91 89
22 26 15 14 27 40 68 29 56 50
22 27 95 27 97 77 34 45 66 58
22 28 4 20 38 6 1 64 15 17
22 29 81 31 81 66 82 29 16 65
22 30 1 65 13 23 72 39 11 53
22 31 31 55 43 25 83 53 51 27
22 32 35 32 18 73 69 25 11 55
22 33 22 71 23 57 46 36 79 27
22 34 33 71 19 17 27 13 79 58
22 35 3 75 56 23 24 2 11 2
22 36 14 69 77 46 15 77 66 35
22 37 88 53 75 52 66 42 64 57
23 24 11 48 42 46 67 69 53 49
23 25 45 12 12 46 39 72 31 77
23 26 44 87 74 23 46 27 19 48
23 27 93 52 91 67 54 65 54 76
23 28 81 68 82 85 28 33 77 56
23 29 52 39 54 20 88 18 28 79
23 30 98 28 40 69 30 99 66 35
23 31 19 77 15 65 54 56 68 6
23 32 34 20 51 24 33 33 22 13
23 33 19 78 50 5 44 51 33 36
23 34 20 44 33 5 64 38 19 30
23 35 42 50 10 82 12 43 40 12
23 36 38 50 66 69 40 77 83 45
23 37 25 5 42 65 79 14 65 61
24 25 42 48 18 15 84 62 35 88
24 26 36 16 15 58 18 18 52 29
24 27 54 82 56 51 17 90 27 67
24 28 57 87 51 57 91 34 65 14
24 29 80 79 29 62 27 81 62 56
24 30 55 24 46 44 90 45 85 12
24 31 78 52 19 51 73 54 75 45
24 32 51 48 58 85 66 70 60 51
24 33 22 57 23 42 55 27 22 24
24 34 80 46 30 95 88 41 18 83
24 35 96 25 66 79 59 30 54 74
24 36 60 19 15 63 12 63 67 12
24 37 8 75 59 53 51 72 11 31
25 26 11 55 29 58 37 15 12 67
25 27 73 23 51 78 45 82 21 89
25 28 7 27 21 66 51 29 48 1
25 29 78 50 41 88 31 23 56 84
25 30 88 68 53 22 84 38 55 97
25 31 5 10 40 57 38 5 52 60
25 32 1 33 41 38 40 38 13 46
25 33 66 29 39 31 71 84 35 62
25 34 91 59 43 43 96 52 92 61
25 35 0 30 3 32 53 38 78 32
25 36 20 54 63 32 40 35 35 45
25 37 31 66 72 51 80 65 21 60
26 27 79 26 91 27 53 71 56 68
26 28 4 25 60 1 76 45 69 73
26 29 8 60 65 43 62 46 26 62
26 30 69 35 24 48 30 32 38 36
26 31 20 82 36 42 9 57 62 48
26 32 98 70 78 74 87 84 33 80
26 33 8 6 6 64 53 22 58 55
26 34 51 80 36 18 83 22 80 68
26 35 28 72 64 36 26 26 52 10
26 36 51 19 58 31 16 30 19 14
26 37 21 56 72 61 76 25 10 52
27 28 71 28 70 29 88 61 94 30
27 29 87 52 56 19 27 72 60 91
27 30 28 85 62 14 56 25 7 29
27 31 54 73 73 31 48 38 67 25
27 32 26 22 21 70 47 5 31 43
27 33 74 72 61 18 76 89 70 63
27 34 4 5 73 15 75 54 31 72
27 35 28 57 15 74 49 20 42 35
27 36 27 77 17 71 47 45 31 49
27 37 13 21 51 7 5 49 4 19
28 29 19 18 71 68 70 77 40 80
28 30 16 60 72 4 67 66 60 42
28 31 0 17 69 79 16 38 52 63
28 32 20 79 82 32 35 12 17 56
28 33 69 54 18 74 57 73 73 63
28 34 8 61 15 18 56 74 18 26
28 35 87 82 39 32 43 56 91 83
28 36 7 15 64 40 50 4 63 63
28 37 93 87 47 56 53 33 68 31
29 30 90 69 52 92 57 36 51 76
29 31 70 20 77 78 53 55 18 49
29 32 55 24 21 78 89 79 25 27
29 33 8 66 41 41 74 28 67 46
29 34 74 67 79 47 28 15 29 64
29 35 23 77 68 46 61 69 74 83
29 36 86 27 74 66 82 87 67 66
29 37 50 13 30 44 44 66 62 51
30 31 28 43 37 30 49 32 71 56
30 32 85 93 73 45 19 61 64 36
30 33 22 22 73 14 37 50 73 49
30 34 99 68 43 71 67 54 83 87
30 35 11 26 75 58 52 24 46 48
30 36 21 12 41 46 8 68 23 30
30 37 22 80 6 74 56 82 60 81
31 32 55 46 79 73 72 51 31 64
31 33 83 31 72 38 18 62 77 95
31 34 45 39 31 78 77 30 32 59
31 35 74 53 34 15 77 26 19 46
31 36 85 68 47 59 28 66 37 61
31 37 75 19 23 63 39 84 73 68
32 33 66 54 30 26 43 37 74 59
32 34 64 31 70 14 48 36 71 70
32 35 80 19 37 51 51 36 90 40
32 36 0 41 31 75 35 18 7 54
32 37 26 10 20 72 63 49 57 7
33 34 70 29 75 62 53 69 20 76
33 35 19 57 17 59 15 38 74 75
33 36 72 24 18 47 82 71 24 43
33 37 29 15 67 70 76 16 52 59
34 35 95 79 82 19 38 96 28 50
34 36 4 13 15 50 35 65 5 25
34 37 24 69 27 50 6 39 21 20
35 36 80 32 26 84 76 17 27 91
35 37 9 16 76 4 62 67 73 20
36 37 38 29 26 39 55 49 14 48
