38 8
0.25 0.25 0.25 0.25 0.0 0.0 0.0 0.0 
0 1 39 43 39 42 44 42 46 33
0 2 75 66 65 70 69 70 66 78
0 3 77 76 66 80 77 65 72 76
0 4 7 18 10 20 7 18 17 16
0 5 45 46 44 50 45 50 46 52
0 6 48 51 44 53 45 53 44 51
0 7 95 92 93 96 95 87 90 89
0 8 3 16 17 9 3 17 5 16
0 9 7 10 10 12 13 18 17 19
0 10 53 49 51 47 59 59 54 56
0 11 97 90 88 93 90 94 82 92
0 12 68 65 73 61 70 63 62 64
0 13 99 85 98 96 87 84 93 94
0 14 48 41 54 42 43 48 41 52
0 15 7 21 9 13 15 8 13 12
0 16 36 45 31 41 37 37 45 44
0 17 39 38 39 42 34 47 34 37
0 18 4 5 6 16 7 17 12 5
0 19 83 77 82 71 81 80 75 76
0 20 82 73 78 80 76 82 72 82
0 21 43 37 49 39 46 46 41 49
0 22 53 60 51 54 45 55 50 49
0 23 5 11 19 15 9 16 10 15
0 24 96 82 92 89 84 89 84 88
0 25 8 11 17 22 22 12 15 12
0 26 55 61 58 60 47 51 51 58
0 27 52 58 48 54 44 46 58 44
0 28 26 25 37 32 25 30 31 31
0 29 69 70 66 60 63 59 65 65
0 30 11 13 17 11 18 12 13 22
0 31 82 71 78 80 75 82 70 84
0 32 98 84 95 84 93 86 94 85
0 33 10 13 13 21 13 20 17 21
0 34 7 9 7 7 11 21 21 12
0 35 76 71 75 78 70 71 73 74
0 36 89 88 81 79 86 81 77 77
0 37 93 88 88 91 91 86 82 87
1 2 80 78 71 75 82 82 82 77
1 3 62 58 55 57 58 60 66 55
1 4 78 69 81 67 76 71 80 80
1 5 9 12 20 9 13 14 12 14
1 6 1 12 15 1 11 5 11 1
1 7 20 30 19 30 29 29 21 29
1 8 50 48 44 53 56 56 54 46
1 9 54 47 54 59 53 47 53 57
1 10 64 66 55 62 69 60 63 61
1 11 69 71 61 65 70 72 61 71
1 12 27 34 33 29 34 28 36 34
1 13 95 82 94 90 94 96 87 84
1 14 88 75 76 87 88 75 75 86
1 15 46 52 48 51 49 49 47 47
1 16 62 68 66 68 55 55 54 63
1 17 45 47 49 51 53 50 48 52
1 18 32 32 41 35 38 39 31 28
1 19 82 84 78 75 79 83 80 80
1 20 26 24 36 25 26 24 33 35
1 21 22 21 19 23 21 29 23 21
1 22 96 88 84 92 96 85 88 95
1 23 77 66 74 75 65 70 76 72
1 24 18 22 19 25 15 29 16 25
1 25 70 64 68 70 69 64 62 71
1 26 76 70 69 67 77 65 72 76
1 27 37 37 40 42 45 33 37 32
1 28 78 74 74 67 73 76 74 80
1 29 61 57 55 61 65 54 60 60
1 30 10 14 10 20 15 14 11 23
1 31 49 43 55 48 47 56 45 49
1 32 67 58 62 68 62 68 64 70
1 33 6 18 16 13 16 8 9 9
1 34 40 46 35 36 47 35 37 39
1 35 40 34 35 37 41 44 38 35
1 36 78 69 70 71 67 71 72 69
1 37 48 54 52 55 44 49 45 43
2 3 23 34 31 30 31 20 34 19
2 4 57 59 63 50 50 61 54 54
2 5 8 11 16 11 8 21 14 20
2 6 97 88 85 89 83 83 97 94
2 7 31 28 37 40 38 40 30 33
2 8 23 23 26 23 32 24 20 33
2 9 48 48 52 50 51 50 48 56
2 10 26 35 27 36 31 27 30 23
2 11 79 71 73 78 76 74 68 74
2 12 78 67 75 77 73 78 74 80
2 13 82 83 79 76 79 74 71 75
2 14 91 79 81 84 84 81 91 86
2 15 62 64 56 62 57 58 65 60
2 16 93 85 79 81 81 85 89 81
2 17 55 61 61 60 51 58 54 61
2 18 10 16 11 16 9 14 10 17
2 19 53 58 55 54 59 54 50 50
2 20 21 28 21 27 21 23 23 20
2 21 47 40 49 41 50 54 48 53
2 22 49 48 44 57 47 49 53 55
2 23 18 27 23 26 22 28 25 25
2 24 3 4 8 16 12 16 3 15
2 25 66 67 59 56 67 69 62 56
2 26 47 45 46 42 42 49 49 42
2 27 84 81 72 85 72 79 76 75
2 28 37 43 45 38 44 42 37 38
2 29 87 75 76 89 76 88 85 75
2 30 98 95 89 89 84 90 91 98
2 31 13 16 20 13 24 11 17 13
2 32 8 17 7 14 8 17 17 13
2 33 21 27 28 19 30 30 18 26
2 34 69 69 71 70 71 61 69 68
2 35 64 56 67 65 65 55 55 62
2 36 95 87 84 82 91 93 84 88
2 37 82 75 72 83 74 79 73 79
3 4 66 70 68 67 68 64 71 62
3 5 2 16 2 10 3 11 2 12
3 6 19 20 25 27 20 19 25 23
3 7 49 52 55 49 50 45 42 49
3 8 25 25 34 23 30 30 23 26
3 9 77 80 75 69 78 75 79 67
3 10 91 88 83 78 87 83 77 92
3 11 34 42 29 37 41 29 35 34
3 12 95 82 88 93 95 89 92 89
3 13 51 45 46 46 51 46 49 56
3 14 56 58 56 57 52 61 58 59
3 15 51 58 53 51 47 49 58 44
3 16 64 67 58 65 56 62 59 63
3 17 87 81 84 86 84 79 83 84
3 18 15 17 20 26 25 17 17 18
3 19 44 46 48 38 51 38 38 50
3 20 22 22 28 23 28 31 34 25
3 21 15 14 27 26 19 21 13 19
3 22 59 55 58 51 54 63 62 58
3 23 78 77 75 69 72 68 69 70
3 24 77 80 77 78 70 70 72 67
3 25 24 23 25 28 21 34 33 26
3 26 10 21 19 10 20 17 20 16
3 27 34 43 38 29 34 40 40 33
3 28 83 83 79 74 78 81 85 75
3 29 94 81 86 87 85 89 90 80
3 30 83 79 71 73 81 75 72 83
3 31 20 30 25 27 23 28 29 25
3 32 57 60 54 56 49 59 58 51
3 33 86 74 85 75 81 85 82 82
3 34 29 39 28 34 26 33 34 28
3 35 89 83 76 78 87 86 85 86
3 36 52 51 46 56 50 53 47 58
3 37 26 29 30 22 33 33 25 25
4 5 2 13 14 15 12 13 4 2
4 6 41 40 49 39 42 45 49 46
4 7 40 36 42 39 46 40 40 45
4 8 11 18 22 12 11 17 21 24
4 9 91 92 84 84 92 84 86 91
4 10 64 61 68 67 67 65 65 66
4 11 42 36 39 45 47 40 41 42
4 12 17 27 16 29 23 23 25 26
4 13 4 14 13 11 6 16 13 7
4 14 50 46 53 45 50 43 52 45
4 15 83 73 81 77 75 85 84 76
4 16 18 28 30 22 26 25 25 17
4 17 91 84 90 81 79 80 87 85
4 18 61 65 56 56 57 64 57 60
4 19 94 83 90 83 88 81 88 89
4 20 15 26 20 25 15 21 24 18
4 21 74 71 73 74 66 73 66 74
4 22 74 73 75 76 76 67 77 72
4 23 20 29 25 17 24 22 18 25
4 24 40 47 42 41 36 38 48 41
4 25 14 13 26 26 22 21 23 15
4 26 56 55 53 60 55 53 59 49
4 27 65 65 56 66 63 70 58 66
4 28 11 24 19 19 13 15 24 12
4 29 65 56 63 62 57 61 67 64
4 30 87 80 82 74 79 87 82 85
4 31 81 83 74 80 73 71 69 80
4 32 7 18 20 10 13 14 17 9
4 33 96 96 94 82 95 93 89 84
4 34 54 59 60 59 52 52 59 57
4 35 29 29 27 29 35 39 27 28
4 36 27 29 35 34 33 31 38 28
4 37 43 44 46 51 46 37 42 45
5 6 78 79 67 81 78 74 80 71
5 7 16 18 23 15 25 26 19 21
5 8 39 48 36 39 40 35 44 42
5 9 74 75 63 64 72 77 65 65
5 10 77 76 77 77 77 78 67 66
5 11 90 78 84 81 80 85 81 88
5 12 11 17 14 13 20 13 15 19
5 13 23 28 32 33 27 32 32 28
5 14 19 17 29 29 24 22 26 29
5 15 68 72 60 72 60 70 66 68
5 16 32 40 29 37 31 29 42 36
5 17 72 75 74 71 61 64 67 70
5 18 70 62 65 62 67 68 60 67
5 19 15 13 17 24 22 24 22 13
5 20 37 38 45 43 40 32 43 40
5 21 66 70 63 65 70 62 67 66
5 22 46 40 53 47 44 48 50 45
5 23 74 68 71 78 78 64 74 66
5 24 76 69 76 69 66 65 72 66
5 25 27 33 24 37 36 24 30 30
5 26 60 66 63 61 59 53 60 56
5 27 2 13 13 3 7 12 7 10
5 28 26 28 30 34 36 33 26 32
5 29 87 84 89 87 85 84 89 84
5 30 18 25 22 24 18 21 26 19
5 31 79 75 75 73 69 81 79 69
5 32 91 90 88 81 83 81 86 88
5 33 59 58 65 53 51 64 62 62
5 34 38 36 45 45 37 38 35 46
5 35 0 3 12 9 13 2 1 7
5 36 41 46 48 36 45 38 41 35
5 37 7 20 12 16 7 10 9 13
6 7 75 65 76 68 72 77 68 77
6 8 43 51 50 37 41 43 47 46
6 9 39 33 47 35 42 42 37 40
6 10 18 21 20 25 24 22 18 30
6 11 91 81 85 89 89 80 79 82
6 12 87 79 84 82 81 84 85 87
6 13 36 43 33 37 35 38 34 37
6 14 94 91 81 86 91 87 91 93
6 15 30 38 28 37 39 38 32 39
6 16 35 33 33 43 35 38 44 43
6 17 69 71 72 60 64 63 63 65
6 18 11 14 22 17 21 21 22 14
6 19 60 61 54 63 63 52 53 54
6 20 83 82 85 78 84 81 75 71
6 21 71 70 69 69 67 72 63 70
6 22 30 29 35 33 37 26 35 35
6 23 20 24 24 22 18 31 29 27
6 24 82 74 84 84 84 83 80 77
6 25 54 53 58 48 51 57 48 61
6 26 17 15 20 23 27 25 16 24
6 27 85 83 72 80 86 79 84 76
6 28 54 50 58 51 48 60 51 54
6 29 59 60 61 57 64 51 54 50
6 30 92 78 82 85 88 90 85 92
6 31 9 18 19 21 12 19 8 19
6 32 82 74 79 80 73 77 70 78
6 33 93 91 81 89 81 84 93 88
6 34 37 40 45 44 34 32 43 34
6 35 62 54 62 63 60 62 64 65
6 36 72 63 70 70 74 66 71 65
6 37 12 20 22 14 17 19 11 20
7 8 54 48 51 59 46 56 52 46
7 9 60 61 64 55 58 52 64 58
7 10 3 6 14 4 8 17 17 13
7 11 92 84 89 87 89 88 90 86
7 12 63 64 54 68 58 64 54 59
7 13 23 20 22 31 25 27 28 32
7 14 30 26 36 38 29 37 35 35
7 15 53 57 53 47 53 48 57 58
7 16 33 34 42 35 42 40 39 28
7 17 85 75 74 74 83 83 72 87
7 18 79 73 79 77 70 76 80 75
7 19 72 72 68 69 62 74 63 71
7 20 63 56 64 55 54 60 58 66
7 21 47 45 55 45 49 53 44 52
7 22 76 73 67 67 71 67 67 71
7 23 42 49 48 44 50 44 44 36
7 24 71 74 62 66 67 68 73 61
7 25 91 81 78 88 77 83 78 80
7 26 77 79 78 70 73 75 74 65
7 27 11 18 12 22 10 13 12 21
7 28 32 30 28 28 32 39 36 40
7 29 14 13 23 17 14 26 16 14
7 30 97 96 89 96 83 82 84 88
7 31 54 55 49 47 60 51 47 56
7 32 51 48 49 50 54 50 47 55
7 33 74 77 65 76 74 70 74 74
7 34 82 79 71 73 75 70 81 80
7 35 7 7 14 17 12 16 18 15
7 36 5 17 6 7 8 8 15 5
7 37 79 75 82 74 82 77 78 76
8 9 70 60 65 67 68 73 68 71
8 10 4 15 7 9 19 4 6 9
8 11 96 86 93 84 85 87 86 93
8 12 88 78 79 89 76 81 85 81
8 13 64 63 57 67 64 62 65 57
8 14 91 84 90 89 82 89 86 82
8 15 29 32 37 31 32 35 26 30
8 16 51 46 52 51 44 52 44 54
8 17 13 18 17 25 12 24 18 26
8 18 39 35 36 38 44 40 47 41
8 19 32 40 32 27 33 33 34 31
8 20 98 94 96 94 85 89 96 85
8 21 74 77 65 68 74 67 74 64
8 22 89 87 85 80 84 79 84 80
8 23 80 69 80 82 79 79 83 79
8 24 74 71 72 73 77 65 76 76
8 25 11 12 14 22 17 20 24 20
8 26 48 46 46 53 48 55 41 44
8 27 59 59 52 54 52 60 64 60
8 28 36 35 41 38 41 43 32 32
8 29 43 48 41 45 49 42 50 47
8 30 15 23 19 18 14 18 14 13
8 31 66 64 62 67 66 64 63 57
8 32 47 44 52 51 54 51 52 50
8 33 66 70 61 61 66 69 62 61
8 34 5 13 12 13 6 6 9 6
8 35 73 64 62 64 74 64 74 70
8 36 85 77 84 87 87 87 80 78
8 37 68 62 60 62 69 69 68 66
9 10 49 51 50 52 53 44 50 55
9 11 30 28 27 33 39 32 39 37
9 12 89 87 90 77 88 78 87 81
9 13 25 34 23 26 22 30 33 33
9 14 9 20 9 17 8 9 12 17
9 15 70 66 72 68 63 66 67 72
9 16 63 65 58 68 54 57 63 62
9 17 47 52 45 43 49 50 53 48
9 18 43 52 47 46 45 37 50 38
9 19 89 88 80 76 82 76 87 90
9 20 73 63 70 68 67 67 69 74
9 21 91 82 90 88 89 80 84 84
9 22 0 9 13 6 11 9 8 14
9 23 65 56 68 68 70 67 57 56
9 24 80 69 70 73 78 72 78 82
9 25 27 32 32 36 24 32 33 32
9 26 13 12 14 22 22 14 15 16
9 27 39 36 44 38 45 46 47 45
9 28 99 91 93 96 86 96 98 89
9 29 29 37 39 37 34 28 40 25
9 30 56 54 56 59 49 50 59 53
9 31 99 87 86 86 97 87 98 95
9 32 74 65 77 78 76 65 78 77
9 33 20 29 24 22 29 29 26 18
9 34 74 70 71 66 68 64 74 66
9 35 39 33 35 44 47 41 44 40
9 36 27 32 26 29 33 32 35 30
9 37 16 29 24 20 27 28 25 23
10 11 54 55 47 55 60 57 61 53
10 12 99 90 95 86 90 88 89 89
10 13 59 51 61 53 63 61 52 60
10 14 81 80 79 81 72 71 76 75
10 15 49 54 53 50 42 54 47 54
10 16 45 47 49 39 41 53 42 42
10 17 67 63 72 61 71 64 70 64
10 18 40 38 36 43 49 40 43 49
10 19 72 65 62 64 74 63 68 68
10 20 24 35 25 33 31 25 32 32
10 21 46 48 49 50 50 49 40 42
10 22 12 21 21 23 21 22 25 21
10 23 52 46 48 57 52 53 53 46
10 24 74 67 68 71 77 73 69 75
10 25 71 70 65 73 62 76 68 69
10 26 82 80 76 78 71 73 73 75
10 27 15 13 20 19 18 24 20 24
10 28 20 28 30 27 20 30 26 32
10 29 36 35 32 33 36 37 40 35
10 30 83 83 70 72 79 81 75 79
10 31 31 29 32 35 30 27 36 39
10 32 67 64 62 71 62 67 72 62
10 33 12 19 12 19 21 14 17 13
10 34 82 71 70 70 76 83 76 75
10 35 42 45 39 42 36 41 50 41
10 36 58 62 56 53 54 60 58 64
10 37 26 23 25 26 28 27 36 23
11 12 4 10 10 8 9 13 18 10
11 13 90 84 83 83 82 91 79 78
11 14 56 59 51 62 53 50 62 62
11 15 2 5 11 5 11 14 7 15
11 16 12 22 22 15 25 12 20 16
11 17 22 21 21 29 24 27 22 28
11 18 33 35 38 29 38 39 33 41
11 19 61 57 64 57 61 64 55 66
11 20 81 81 80 82 81 76 84 71
11 21 61 64 56 53 62 57 64 61
11 22 51 46 46 51 48 48 56 52
11 23 33 37 28 34 39 36 39 29
11 24 72 65 71 72 64 76 65 73
11 25 53 58 46 48 48 57 60 55
11 26 71 71 65 65 75 62 66 71
11 27 77 70 77 74 71 74 70 72
11 28 64 62 62 67 60 59 66 60
11 29 5 5 6 17 16 6 18 18
11 30 95 83 94 91 88 86 93 89
11 31 83 74 81 76 75 85 74 80
11 32 36 37 32 43 33 32 36 43
11 33 28 26 38 30 31 31 27 37
11 34 84 82 85 72 76 81 81 81
11 35 8 18 10 8 20 14 8 16
11 36 60 60 61 56 64 53 63 62
11 37 98 93 98 90 87 95 95 83
12 13 94 90 87 85 87 95 88 94
12 14 64 62 61 68 57 62 67 67
12 15 62 65 66 65 62 58 64 53
12 16 39 37 33 43 35 33 43 36
12 17 12 16 16 12 16 12 20 23
12 18 19 29 23 22 20 28 18 31
12 19 28 30 39 28 29 25 31 30
12 20 84 72 86 82 82 79 77 79
12 21 25 30 25 34 36 24 21 22
12 22 22 28 25 27 29 30 30 24
12 23 54 51 50 59 46 55 56 51
12 24 31 27 38 28 29 35 29 34
12 25 1 8 2 6 3 6 2 15
12 26 12 16 22 19 16 23 17 11
12 27 8 15 21 10 18 12 15 17
12 28 99 94 94 92 95 89 97 97
12 29 55 56 59 51 53 50 59 49
12 30 94 87 81 89 81 86 81 84
12 31 52 51 51 45 58 54 56 51
12 32 43 39 45 50 46 43 37 47
12 33 36 32 39 31 36 38 36 42
12 34 24 31 32 30 28 26 25 28
12 35 66 60 58 62 59 59 65 62
12 36 65 66 69 58 67 69 57 57
12 37 75 71 69 78 76 71 71 72
13 14 34 36 44 30 35 35 37 39
13 15 82 78 70 71 76 79 82 80
13 16 69 63 63 72 59 70 67 67
13 17 50 43 47 49 55 45 54 49
13 18 99 97 85 87 89 87 96 96
13 19 68 65 65 69 60 70 65 59
13 20 18 16 19 23 20 19 21 30
13 21 82 80 75 75 72 84 73 74
13 22 42 48 44 44 44 39 49 48
13 23 79 78 78 71 70 81 72 79
13 24 84 85 77 83 80 80 76 83
13 25 19 22 30 28 20 20 18 17
13 26 45 51 47 48 50 41 47 40
13 27 73 73 63 65 74 65 73 70
13 28 43 39 43 42 39 52 40 42
13 29 25 25 34 28 35 32 35 35
13 30 89 78 88 88 86 76 88 87
13 31 98 94 88 84 87 90 89 91
13 32 6 16 16 7 11 16 10 9
13 33 81 78 72 74 77 79 70 78
13 34 92 86 88 81 80 84 91 89
13 35 25 24 32 29 22 23 31 22
13 36 52 56 45 51 52 53 53 47
13 37 56 48 50 59 56 62 49 58
14 15 58 64 60 57 59 60 55 60
14 16 81 80 78 76 70 75 76 76
14 17 54 60 49 50 59 48 55 58
14 18 62 65 57 62 65 65 67 55
14 19 92 84 80 93 89 86 92 93
14 20 39 35 41 33 45 37 44 40
14 21 19 26 23 24 20 28 28 29
14 22 65 68 70 59 63 59 65 69
14 23 35 37 41 31 37 35 42 39
14 24 41 42 50 48 36 38 44 45
14 25 5 16 5 11 18 5 5 12
14 26 11 21 16 18 17 22 19 12
14 27 66 70 65 63 61 67 57 71
14 28 96 89 94 88 89 95 82 95
14 29 49 55 56 42 51 49 54 50
14 30 69 61 61 72 65 67 70 65
14 31 31 26 27 33 34 32 26 34
14 32 1 9 7 2 12 16 16 14
14 33 1 6 15 1 15 7 8 8
14 34 15 16 15 28 27 16 20 17
14 35 82 75 74 79 77 75 74 75
14 36 37 42 34 45 45 40 34 46
14 37 0 4 6 5 5 2 2 13
15 16 0 6 11 12 12 0 13 8
15 17 66 63 70 64 58 68 71 69
15 18 74 72 65 78 77 65 68 73
15 19 37 46 41 45 46 44 38 33
15 20 76 73 75 68 70 65 72 75
15 21 39 44 42 40 41 44 37 38
15 22 34 42 34 39 32 36 41 42
15 23 99 89 86 90 89 98 92 88
15 24 40 48 43 39 35 43 44 34
15 25 4 8 13 4 10 5 12 12
15 26 67 70 61 69 60 59 61 59
15 27 35 34 34 45 40 42 44 30
15 28 5 11 12 18 15 11 11 5
15 29 71 68 62 68 61 62 72 69
15 30 65 68 67 59 59 68 57 61
15 31 76 73 66 74 76 74 75 71
15 32 75 65 74 69 77 67 74 73
15 33 52 46 45 56 50 54 57 55
15 34 70 67 60 74 65 74 65 69
15 35 57 58 52 62 59 54 60 58
15 36 3 16 11 6 9 3 14 11
15 37 71 75 69 66 64 68 66 73
16 17 58 54 62 55 52 63 58 61
16 18 34 39 37 31 34 44 36 44
16 19 73 65 71 66 67 66 66 65
16 20 10 21 13 23 17 19 21 18
16 21 64 60 60 57 67 67 64 61
16 22 93 87 80 84 81 86 90 90
16 23 84 73 75 76 84 77 82 73
16 24 44 44 44 46 51 38 51 42
16 25 38 34 37 38 36 34 37 41
16 26 15 15 20 23 23 27 28 16
16 27 38 46 42 43 35 41 44 43
16 28 79 68 74 72 74 80 68 69
16 29 46 40 48 50 42 49 50 44
16 30 80 74 74 70 80 78 69 68
16 31 66 56 71 70 67 60 61 58
16 32 75 68 68 70 72 65 72 66
16 33 9 12 8 16 21 13 12 14
16 34 17 16 24 21 20 20 27 27
16 35 46 46 50 47 53 44 47 53
16 36 20 22 27 22 23 30 20 29
16 37 31 35 28 37 32 27 37 32
17 18 37 40 38 36 32 33 45 37
17 19 50 52 49 48 49 44 50 56
17 20 25 21 26 22 25 31 24 35
17 21 88 86 84 84 84 81 84 79
17 22 18 23 28 21 24 20 24 27
17 23 1 9 8 6 15 3 4 10
17 24 99 88 95 95 85 96 92 90
17 25 57 63 53 55 53 54 49 55
17 26 8 17 21 21 10 21 7 20
17 27 6 8 11 13 16 11 9 7
17 28 55 50 61 60 49 51 51 50
17 29 16 20 25 16 25 14 14 28
17 30 60 60 64 63 52 52 66 64
17 31 56 53 56 48 53 61 58 59
17 32 36 40 42 43 43 41 38 44
17 33 78 75 69 68 66 75 72 69
17 34 68 72 69 64 69 58 61 62
17 35 29 29 37 38 37 28 36 29
17 36 10 18 12 19 16 12 9 22
17 37 26 34 24 25 24 32 30 36
18 19 42 41 51 39 46 41 38 50
18 20 56 54 54 52 52 48 58 60
18 21 33 40 36 32 28 32 30 39
18 22 57 56 62 51 50 54 63 51
18 23 52 50 46 57 51 51 58 55
18 24 46 48 47 51 46 53 46 46
18 25 88 81 84 85 83 78 76 77
18 26 38 41 36 36 46 36 39 39
18 27 20 27 20 23 29 22 27 18
18 28 9 8 14 13 11 13 19 10
18 29 73 70 76 65 65 66 66 71
18 30 28 26 39 27 27 29 31 34
18 31 69 72 61 70 73 71 65 66
18 32 32 28 38 35 33 33 29 37
18 33 94 95 81 92 87 84 93 93
18 34 88 82 75 87 88 76 84 81
18 35 58 56 59 55 55 55 64 56
18 36 64 62 67 64 62 63 69 59
18 37 8 8 10 15 8 14 7 16
19 20 6 11 10 13 10 18 13 6
19 21 52 58 58 48 50 49 54 49
19 22 61 66 62 65 58 64 54 55
19 23 61 58 54 66 57 62 62 66
19 24 61 61 58 52 60 57 53 64
19 25 37 39 38 45 45 45 33 45
19 26 61 58 62 63 62 56 55 63
19 27 24 29 30 28 28 26 28 29
19 28 91 92 82 81 79 81 81 89
19 29 5 10 17 9 17 8 9 18
19 30 50 47 45 56 45 57 56 51
19 31 35 42 42 37 30 41 41 37
19 32 25 25 23 31 31 27 22 24
19 33 23 29 27 28 35 22 31 25
19 34 55 50 55 55 55 55 50 58
19 35 20 24 26 22 23 27 29 23
19 36 95 84 84 96 89 89 92 91
19 37 99 97 94 92 90 87 92 96
20 21 19 24 17 19 22 24 30 24
20 22 12 11 14 12 22 23 13 23
20 23 12 18 24 13 12 18 20 20
20 24 37 45 33 42 33 42 37 36
20 25 93 84 85 93 83 94 91 84
20 26 88 84 75 75 86 84 85 89
20 27 65 70 60 62 61 70 63 59
20 28 40 43 43 47 39 35 41 41
20 29 3 6 4 8 9 13 5 5
20 30 12 19 22 20 15 13 19 14
20 31 25 26 35 34 28 34 30 29
20 32 82 70 82 80 70 73 77 75
20 33 61 59 65 57 66 57 60 66
20 34 15 22 22 15 26 17 19 21
20 35 36 38 38 40 36 31 33 38
20 36 54 56 55 59 51 58 46 53
20 37 10 16 20 17 20 9 17 20
21 22 21 21 33 28 19 27 27 23
21 23 12 14 21 15 22 17 20 17
21 24 83 80 71 82 72 73 78 77
21 25 32 39 36 40 39 37 28 40
21 26 2 9 3 6 8 15 8 4
21 27 33 40 42 42 36 43 36 30
21 28 72 68 70 63 66 64 63 62
21 29 44 45 45 40 49 43 38 41
21 30 73 67 75 62 70 66 66 64
21 31 48 55 54 45 55 49 53 51
21 32 9 13 20 15 20 8 15 18
21 33 74 71 75 75 69 69 67 73
21 34 84 81 76 77 75 84 72 80
21 35 34 37 35 35 42 37 31 42
21 36 8 9 9 12 19 21 11 7
21 37 58 54 61 54 58 58 55 49
22 23 10 20 17 16 14 18 8 8
22 24 88 83 83 86 86 76 89 79
22 25 94 85 94 92 80 81 87 87
22 26 98 94 85 97 98 91 98 85
22 27 35 31 34 36 30 36 35 39
22 28 25 21 30 28 28 32 23 29
22 29 47 47 44 48 43 44 42 42
22 30 0 1 12 2 6 13 14 0
22 31 99 97 90 88 87 95 96 86
22 32 36 32 38 36 38 41 30 39
22 33 97 91 87 84 85 97 86 91
22 34 32 36 35 39 28 40 37 41
22 35 40 40 38 47 44 46 38 47
22 36 58 62 62 50 50 62 55 60
22 37 7 6 19 19 17 6 17 17
23 24 25 28 34 24 23 24 30 31
23 25 59 62 59 65 64 56 64 59
23 26 27 31 37 24 27 38 30 31
23 27 38 40 43 42 42 46 33 39
23 28 97 90 87 83 91 96 94 92
23 29 69 65 64 67 74 61 72 71
23 30 88 78 86 77 82 89 82 75
23 31 43 42 44 42 45 47 44 47
23 32 58 50 50 50 58 61 50 53
23 33 79 80 79 79 68 74 79 72
23 34 5 15 18 16 19 6 7 12
23 35 18 23 27 28 27 17 28 18
23 36 1 10 4 13 14 14 7 6
23 37 17 16 17 15 20 16 22 18
24 25 64 62 56 55 57 64 64 62
24 26 49 55 44 46 54 51 44 43
24 27 30 30 39 27 40 31 33 30
24 28 5 4 14 11 8 15 10 6
24 29 17 27 16 28 22 21 28 23
24 30 20 23 24 17 22 25 24 32
24 31 91 81 85 85 84 81 89 81
24 32 64 68 67 58 62 61 58 59
24 33 48 54 53 46 54 54 43 52
24 34 14 26 12 25 22 18 26 24
24 35 32 29 35 35 37 29 35 38
24 36 52 55 48 50 57 51 52 50
24 37 69 64 62 74 73 70 68 67
25 26 60 64 63 61 63 57 54 65
25 27 90 86 80 89 88 89 85 81
25 28 25 31 25 30 33 34 32 27
25 29 30 34 29 29 32 38 34 28
25 30 52 51 52 58 49 44 49 48
25 31 55 49 57 57 51 47 51 47
25 32 99 84 95 87 93 98 91 97
25 33 47 51 51 45 52 44 53 52
25 34 62 61 53 56 67 56 59 53
25 35 74 66 72 77 63 68 68 68
25 36 88 82 81 87 86 87 79 87
25 37 25 23 33 22 32 27 29 34
26 27 27 33 34 28 28 25 24 34
26 28 49 56 51 48 50 44 52 55
26 29 13 20 21 19 24 15 17 14
26 30 73 63 70 68 70 63 66 74
26 31 30 38 27 33 38 32 35 30
26 32 70 68 61 61 64 66 72 71
26 33 24 34 24 21 23 26 33 26
26 34 16 19 26 17 14 23 19 15
26 35 72 63 68 71 63 64 75 66
26 36 97 87 97 92 95 93 93 96
26 37 14 12 19 18 26 16 13 26
27 28 18 26 26 16 28 30 25 29
27 29 10 18 13 16 11 19 11 14
27 30 53 49 53 54 48 51 54 46
27 31 10 14 11 21 17 10 14 21
27 32 49 50 56 55 56 51 55 44
27 33 53 55 45 49 59 46 52 52
27 34 68 66 69 71 65 62 60 59
27 35 43 41 47 37 37 41 41 38
27 36 43 46 50 47 37 46 38 40
27 37 66 62 65 60 59 69 56 67
28 29 69 71 66 60 67 74 65 69
28 30 74 76 74 75 70 72 73 70
28 31 75 66 65 65 69 74 72 78
28 32 53 56 56 50 59 50 55 53
28 33 38 33 45 46 42 43 38 43
28 34 11 23 13 19 18 18 16 15
28 35 15 24 27 25 14 26 14 26
28 36 18 16 19 21 24 24 24 18
28 37 31 38 31 35 32 34 35 27
29 30 97 91 83 88 95 85 95 83
29 31 36 41 38 35 44 37 43 34
29 32 66 60 61 66 69 70 59 62
29 33 59 60 64 53 62 50 59 56
29 34 73 65 69 75 73 72 75 69
29 35 98 83 94 96 92 86 92 85
29 36 48 48 42 49 51 54 48 43
29 37 3 8 17 16 17 18 10 12
30 31 79 80 81 68 68 71 75 73
30 32 79 80 70 69 76 72 75 71
30 33 28 32 31 28 38 34 31 38
30 34 21 29 27 30 22 21 25 27
30 35 51 48 44 56 49 45 45 44
30 36 73 68 76 71 71 66 72 65
30 37 59 54 53 55 51 52 59 60
31 32 24 25 31 22 34 30 34 23
31 33 43 39 42 41 47 46 38 39
31 34 20 18 26 31 32 32 19 24
31 35 45 49 47 43 43 40 39 48
31 36 42 44 40 47 45 49 37 43
31 37 90 86 85 83 83 82 83 80
32 33 35 39 32 43 31 32 35 40
32 34 33 39 42 34 36 34 35 37
32 35 52 48 52 55 49 59 45 46
32 36 27 29 32 28 24 35 26 33
32 37 78 81 74 77 74 79 73 76
33 34 84 72 74 80 84 76 86 80
33 35 30 36 32 31 26 38 30 37
33 36 66 60 69 58 65 69 58 69
33 37 76 76 74 76 69 72 73 65
34 35 66 67 59 65 57 58 56 61
34 36 63 63 59 55 63 64 58 66
34 37 20 30 22 19 20 31 23 31
35 36 52 52 57 54 50 45 46 54
35 37 28 27 30 33 35 27 29 34
36 37 11 10 16 20 16 10 20 16
