42 8
0.166667 0.166667 0.166667 0.166667 0.166667 0.166667 0.0 0.0 
0 1 82 83 43 61 76 56 50 57
0 2 29 55 26 26 19 28 31 47
0 3 1 15 3 35 10 32 30 12
0 4 57 72 45 68 29 60 52 37
0 5 39 62 51 48 28 55 62 22
0 6 24 39 48 44 31 48 20 40
0 7 32 22 23 57 23 55 46 61
0 8 9 28 43 14 43 31 20 17
0 9 47 38 46 43 25 48 46 69
0 10 90 61 56 82 52 69 71 58
0 11 54 40 51 50 60 57 38 37
0 12 36 66 39 58 27 59 42 43
0 13 51 29 45 36 46 57 56 34
0 14 81 44 42 71 80 86 53 89
0 15 50 45 40 57 33 27 71 31
0 16 48 25 32 56 39 29 52 52
0 17 8 16 32 46 5 7 36 53
0 18 4 50 14 49 40 10 14 41
0 19 63 48 51 54 79 62 78 69
0 20 84 84 80 76 67 85 72 80
0 21 76 73 62 78 50 66 55 68
0 22 79 46 48 82 82 42 74 81
0 23 90 56 45 46 52 67 74 92
0 24 37 62 60 53 53 45 29 54
0 25 23 29 53 45 57 38 13 28
0 26 79 77 83 41 50 57 81 63
0 27 8 18 7 13 47 21 18 30
0 28 75 44 48 74 77 42 78 43
0 29 70 80 83 55 83 58 78 50
0 30 82 55 53 41 55 90 78 47
0 31 24 44 25 56 57 52 59 46
0 32 29 55 57 23 36 46 31 58
0 33 5 30 30 13 33 41 20 32
0 34 68 68 69 71 40 62 39 38
0 35 54 73 73 46 71 31 44 34
0 36 51 40 54 74 29 43 32 61
0 37 56 76 46 61 58 77 42 58
0 38 13 31 14 40 51 22 26 28
0 39 63 74 54 65 45 69 40 38
0 40 83 79 51 91 88 61 45 58
0 41 97 48 58 56 85 87 87 50
1 2 28 63 16 39 53 56 40 34
1 3 38 49 39 32 64 19 21 58
1 4 83 50 50 56 77 54 85 82
1 5 91 67 78 95 66 87 66 53
1 6 74 48 68 85 41 46 73 40
1 7 6 48 17 15 5 32 7 32
1 8 53 66 40 58 40 33 41 62
1 9 30 22 50 33 52 26 59 16
1 10 91 70 45 78 49 61 49 52
1 11 26 14 32 36 45 55 32 44
1 12 19 30 13 16 45 57 38 48
1 13 89 85 45 64 60 53 60 81
1 14 59 34 62 77 34 69 51 66
1 15 68 71 71 54 45 64 45 61
1 16 3 22 3 38 38 21 27 6
1 17 50 39 58 62 66 48 56 38
1 18 32 25 54 64 51 33 30 64
1 19 24 13 58 21 16 28 33 50
1 20 62 60 45 35 38 37 34 64
1 21 81 61 63 67 57 66 85 73
1 22 29 45 40 35 63 36 62 17
1 23 23 44 52 26 40 51 47 45
1 24 72 57 58 46 63 65 67 67
1 25 13 33 13 9 22 9 36 25
1 26 54 29 51 30 60 48 48 37
1 27 40 68 69 41 24 23 34 46
1 28 71 63 52 76 41 63 49 53
1 29 2 46 21 11 42 4 29 10
1 30 20 28 19 47 54 39 38 29
1 31 41 22 31 47 34 31 39 60
1 32 88 53 63 50 81 45 79 75
1 33 62 34 75 73 71 43 46 34
1 34 2 6 46 4 45 27 50 5
1 35 23 28 52 22 58 26 45 39
1 36 24 17 49 35 34 19 22 52
1 37 39 62 44 25 60 25 44 21
1 38 13 12 22 19 16 39 51 55
1 39 41 67 70 33 34 36 40 38
1 40 11 14 19 27 42 16 31 47
1 41 99 97 52 56 58 61 84 85
2 3 68 36 40 50 51 74 74 65
2 4 27 37 25 40 30 49 57 23
2 5 16 44 54 44 31 32 49 25
2 6 89 45 66 91 51 93 70 94
2 7 61 68 32 49 41 51 31 49
2 8 28 43 23 21 50 55 53 37
2 9 55 76 43 42 46 30 39 46
2 10 77 87 53 68 65 77 65 53
2 11 15 14 14 9 50 34 48 44
2 12 86 51 59 58 72 73 63 48
2 13 62 44 68 45 63 72 37 80
2 14 22 45 60 59 30 15 16 54
2 15 59 58 79 60 51 68 76 56
2 16 86 73 58 92 55 79 52 59
2 17 36 68 64 38 33 28 46 48
2 18 21 18 20 50 25 17 47 34
2 19 80 43 72 46 45 44 64 87
2 20 25 43 22 39 28 28 30 49
2 21 34 36 52 65 42 50 45 21
2 22 0 25 10 23 3 22 38 26
2 23 1 9 2 44 19 40 10 49
2 24 44 61 23 44 67 58 41 39
2 25 26 37 32 38 16 19 59 33
2 26 79 41 72 51 41 74 58 72
2 27 55 59 72 38 40 50 74 68
2 28 6 16 31 6 23 28 24 33
2 29 46 49 38 54 30 57 48 66
2 30 66 69 50 81 52 58 41 70
2 31 86 61 58 47 84 77 60 62
2 32 5 41 22 25 25 22 14 34
2 33 2 4 8 1 4 25 10 10
2 34 86 85 45 76 67 59 80 71
2 35 71 82 55 82 63 39 85 48
2 36 63 79 37 50 34 67 44 53
2 37 61 55 61 54 43 35 62 75
2 38 77 66 44 50 87 70 47 71
2 39 76 86 41 64 69 65 41 84
2 40 66 65 37 75 59 78 59 60
2 41 33 30 17 31 47 27 60 24
3 4 59 75 78 78 54 61 46 48
3 5 41 34 23 41 34 46 64 32
3 6 42 29 40 23 51 51 27 27
3 7 1 16 46 3 11 15 35 17
3 8 94 89 52 78 69 55 95 94
3 9 67 79 81 51 42 55 46 63
3 10 81 46 62 54 73 45 86 76
3 11 72 39 72 67 76 76 85 67
3 12 14 50 42 20 36 41 13 14
3 13 19 38 21 12 26 18 38 33
3 14 41 22 61 70 41 23 49 64
3 15 87 85 91 53 92 62 91 65
3 16 96 95 72 79 88 76 49 76
3 17 66 82 62 71 75 77 57 68
3 18 15 39 18 46 25 27 49 50
3 19 82 44 69 48 87 68 75 73
3 20 79 88 57 74 71 64 63 80
3 21 76 74 71 46 68 74 59 53
3 22 44 30 29 25 27 28 31 59
3 23 24 37 42 31 28 47 18 22
3 24 16 27 23 53 8 42 23 19
3 25 88 66 46 63 64 54 59 74
3 26 99 79 66 71 54 56 95 69
3 27 34 30 19 61 28 23 26 29
3 28 81 65 57 80 53 79 80 56
3 29 82 56 62 82 55 89 75 73
3 30 85 56 58 72 61 77 45 64
3 31 25 16 34 60 13 62 50 26
3 32 82 86 64 64 69 89 67 53
3 33 19 26 52 33 29 11 12 48
3 34 32 22 54 48 42 62 16 19
3 35 51 26 46 43 43 44 68 34
3 36 28 16 53 17 37 31 63 61
3 37 80 65 48 75 54 52 43 46
3 38 54 56 37 28 36 61 75 45
3 39 82 63 44 65 84 42 67 78
3 40 78 64 85 81 64 84 70 81
3 41 52 71 61 60 27 72 61 33
4 5 88 66 84 80 50 85 90 77
4 6 54 75 53 51 33 37 73 63
4 7 59 57 73 70 52 37 31 38
4 8 27 40 49 25 24 28 17 41
4 9 32 17 55 46 64 56 66 44
4 10 63 51 56 77 59 76 70 77
4 11 65 40 46 49 69 35 78 42
4 12 96 63 67 52 49 61 84 62
4 13 25 47 29 32 49 59 18 30
4 14 37 64 65 38 47 58 66 61
4 15 32 50 46 55 49 37 52 63
4 16 76 77 60 79 61 51 74 45
4 17 15 8 22 39 48 34 13 50
4 18 68 84 81 43 68 68 49 55
4 19 8 50 16 35 23 38 12 7
4 20 38 49 46 32 61 56 60 22
4 21 80 86 65 43 61 69 53 82
4 22 35 28 58 59 52 20 52 61
4 23 24 19 62 26 62 36 33 37
4 24 84 73 77 65 90 78 58 57
4 25 9 47 33 42 45 23 12 32
4 26 67 82 74 78 47 62 72 40
4 27 94 51 62 62 87 82 55 66
4 28 78 52 81 66 44 59 75 54
4 29 19 11 25 59 40 55 46 17
4 30 70 48 84 66 44 76 83 74
4 31 30 46 48 54 29 64 50 22
4 32 12 7 38 49 33 17 34 9
4 33 68 64 58 74 82 48 51 51
4 34 1 14 11 1 32 10 6 33
4 35 67 61 49 46 39 58 51 59
4 36 58 54 61 72 32 61 75 49
4 37 15 47 16 43 10 46 23 27
4 38 39 58 54 20 41 48 51 58
4 39 45 55 58 23 50 22 27 59
4 40 2 47 30 15 36 50 25 12
4 41 57 36 35 31 30 39 70 61
5 6 13 33 56 37 40 31 36 45
5 7 73 68 74 75 79 51 50 78
5 8 76 60 58 64 50 61 80 49
5 9 25 33 48 24 35 24 24 23
5 10 21 55 49 25 46 10 23 55
5 11 3 46 38 49 21 21 13 9
5 12 10 19 23 7 14 15 52 37
5 13 65 63 66 42 74 51 71 72
5 14 22 23 56 19 25 38 13 39
5 15 21 41 34 39 56 47 52 13
5 16 27 19 61 53 45 16 36 47
5 17 23 60 48 34 19 25 37 41
5 18 89 80 64 64 94 91 48 87
5 19 18 52 51 30 55 17 58 45
5 20 17 55 27 9 56 57 13 16
5 21 52 29 47 38 44 53 34 35
5 22 9 34 8 30 8 49 46 14
5 23 37 27 33 63 42 38 18 49
5 24 59 42 31 50 49 77 76 70
5 25 47 68 43 26 47 46 51 45
5 26 36 40 32 37 43 26 31 56
5 27 9 42 27 30 48 6 39 51
5 28 52 65 58 68 35 74 66 70
5 29 13 13 40 40 12 44 54 12
5 30 80 69 63 56 41 54 71 57
5 31 99 93 54 87 60 81 49 98
5 32 74 71 70 71 57 45 57 46
5 33 48 69 33 59 68 59 49 43
5 34 97 78 72 93 67 55 87 52
5 35 19 15 51 48 47 35 43 42
5 36 59 65 45 46 31 50 67 69
5 37 37 44 65 56 63 63 67 22
5 38 23 58 51 40 26 49 18 29
5 39 31 45 54 40 27 38 55 53
5 40 45 40 71 62 67 43 62 39
5 41 85 48 81 70 76 58 67 56
6 7 53 33 70 34 70 60 71 71
6 8 12 31 11 35 28 16 55 41
6 9 44 25 71 27 71 43 35 42
6 10 25 61 61 57 21 21 46 57
6 11 76 40 69 57 49 48 75 80
6 12 67 77 72 49 38 64 64 61
6 13 5 23 3 5 15 38 23 23
6 14 82 53 71 72 55 80 79 60
6 15 63 71 35 50 36 52 76 59
6 16 98 92 56 61 62 74 59 95
6 17 83 48 66 90 73 90 41 48
6 18 11 9 36 11 18 13 38 33
6 19 15 40 46 22 46 39 30 26
6 20 80 65 59 60 40 59 71 88
6 21 33 43 55 18 44 57 65 57
6 22 18 59 30 24 38 32 33 57
6 23 98 59 67 58 77 90 76 85
6 24 70 83 36 82 48 40 71 80
6 25 37 55 22 47 21 48 19 40
6 26 41 67 28 56 51 61 55 65
6 27 21 20 46 26 58 15 56 26
6 28 93 62 57 54 86 48 49 64
6 29 67 40 53 76 77 79 77 68
6 30 14 47 42 18 26 8 41 20
6 31 64 82 76 43 37 60 35 64
6 32 25 60 24 35 28 44 49 42
6 33 90 87 54 73 46 58 83 94
6 34 82 65 54 66 49 87 84 80
6 35 90 91 73 69 53 67 71 58
6 36 3 25 31 42 28 11 20 32
6 37 81 54 45 69 45 45 89 51
6 38 38 42 20 20 32 22 20 34
6 39 21 51 20 29 42 49 36 10
6 40 61 33 63 32 67 63 67 67
6 41 85 78 71 44 87 55 59 88
7 8 31 22 20 38 48 44 17 19
7 9 40 37 21 22 66 47 44 66
7 10 88 93 45 53 82 85 56 62
7 11 34 23 21 44 27 32 34 40
7 12 16 13 10 10 12 22 30 33
7 13 41 21 22 24 34 45 48 53
7 14 17 18 50 14 35 34 32 22
7 15 7 9 9 49 9 26 32 31
7 16 43 30 54 32 68 30 43 43
7 17 59 72 75 55 57 78 68 63
7 18 66 75 72 72 59 39 67 46
7 19 50 44 70 67 31 34 50 30
7 20 35 34 39 43 41 46 63 59
7 21 27 42 45 24 58 59 38 53
7 22 79 54 69 64 58 72 44 89
7 23 48 50 25 34 57 27 69 25
7 24 39 48 25 35 59 24 45 43
7 25 2 38 44 36 2 43 4 8
7 26 81 75 83 72 42 48 84 75
7 27 80 78 86 47 79 41 52 45
7 28 23 53 51 55 25 55 25 14
7 29 86 51 53 84 49 68 81 54
7 30 29 34 49 30 56 61 39 61
7 31 91 66 85 68 73 59 85 87
7 32 14 21 26 29 57 43 37 37
7 33 7 38 52 27 23 5 34 44
7 34 90 47 70 65 88 47 70 85
7 35 21 11 24 21 11 50 45 25
7 36 5 28 25 25 32 39 27 22
7 37 64 47 64 43 50 42 47 75
7 38 76 51 63 84 41 38 65 44
7 39 30 28 33 52 26 47 57 43
7 40 41 41 39 58 54 48 61 54
7 41 41 70 40 60 44 33 39 43
8 9 39 58 57 64 22 53 56 38
8 10 81 84 71 64 82 40 52 57
8 11 58 31 60 77 63 58 75 71
8 12 8 31 36 49 24 17 12 39
8 13 99 73 58 66 66 64 64 79
8 14 11 46 35 17 37 42 51 13
8 15 26 32 36 54 26 40 50 41
8 16 68 47 79 66 75 59 65 52
8 17 93 61 83 73 50 69 82 82
8 18 53 53 36 36 56 41 61 52
8 19 65 53 76 43 39 66 65 66
8 20 76 78 56 46 65 59 62 59
8 21 7 10 22 51 21 23 39 19
8 22 79 81 67 48 42 48 58 78
8 23 37 25 68 58 23 31 56 57
8 24 91 92 74 56 89 58 59 69
8 25 2 46 32 46 43 8 42 29
8 26 17 54 15 9 15 15 37 9
8 27 19 36 35 54 31 45 18 33
8 28 76 58 69 49 57 88 50 58
8 29 50 38 58 72 57 35 71 31
8 30 90 45 55 71 82 59 77 85
8 31 52 27 52 62 59 26 39 47
8 32 23 40 15 47 58 31 46 44
8 33 1 5 25 21 46 19 15 8
8 34 55 63 56 63 47 39 68 75
8 35 96 96 95 58 62 87 66 64
8 36 92 78 65 86 72 46 76 57
8 37 10 43 21 5 18 39 28 30
8 38 42 59 24 50 56 38 67 46
8 39 38 59 60 36 66 45 64 65
8 40 81 55 73 68 85 48 88 50
8 41 93 65 91 59 57 93 86 52
9 10 45 39 26 51 50 60 48 56
9 11 62 63 33 37 61 74 80 75
9 12 73 55 77 79 64 44 46 62
9 13 96 63 68 80 89 65 87 55
9 14 31 52 42 57 18 26 50 33
9 15 42 30 55 43 65 42 41 54
9 16 88 61 84 56 65 67 93 46
9 17 25 39 55 55 35 53 23 13
9 18 89 68 68 83 46 92 80 81
9 19 32 31 41 61 18 35 45 33
9 20 16 57 55 12 19 37 53 24
9 21 27 51 31 20 31 63 43 31
9 22 49 73 36 62 42 53 63 49
9 23 91 94 92 95 79 76 90 82
9 24 4 47 17 48 44 2 41 46
9 25 58 79 32 34 43 50 65 52
9 26 90 45 46 69 62 92 84 90
9 27 33 35 27 45 40 29 36 39
9 28 30 38 27 58 61 47 47 35
9 29 12 25 18 17 35 36 11 17
9 30 88 78 71 44 80 88 83 83
9 31 73 43 46 42 39 80 75 76
9 32 12 21 40 21 36 35 18 33
9 33 7 36 39 29 27 30 30 20
9 34 65 39 64 46 69 46 40 48
9 35 80 86 86 65 54 85 43 69
9 36 20 59 49 36 13 16 38 28
9 37 48 57 40 35 50 37 62 30
9 38 71 52 48 37 37 60 57 63
9 39 41 55 69 67 48 59 65 68
9 40 52 63 62 33 38 56 59 34
9 41 47 40 36 33 28 41 55 38
10 11 20 31 25 19 34 55 18 20
10 12 33 32 30 18 36 22 40 54
10 13 45 45 24 54 63 29 61 61
10 14 14 27 40 23 15 7 31 43
10 15 56 34 50 48 47 70 58 61
10 16 79 64 86 80 49 45 82 49
10 17 18 36 33 48 20 59 15 21
10 18 7 6 53 16 4 50 10 15
10 19 34 19 59 57 45 40 30 50
10 20 97 81 73 57 96 89 63 83
10 21 96 69 69 52 70 97 72 73
10 22 34 19 49 17 31 28 59 31
10 23 6 25 48 30 27 42 18 38
10 24 40 25 29 39 20 32 64 32
10 25 18 45 21 19 56 14 19 32
10 26 99 50 52 96 80 53 85 51
10 27 92 65 73 87 62 77 46 63
10 28 3 49 10 42 51 16 11 37
10 29 57 59 50 39 53 46 53 50
10 30 32 16 33 39 36 61 64 31
10 31 36 46 63 19 43 37 48 56
10 32 34 21 21 66 44 65 23 51
10 33 15 42 53 47 18 50 54 31
10 34 43 30 31 35 38 28 34 43
10 35 84 76 44 56 43 64 87 53
10 36 85 47 50 44 91 51 54 70
10 37 64 75 62 52 61 72 76 63
10 38 30 23 21 27 29 62 37 36
10 39 20 38 33 20 12 25 34 58
10 40 28 44 53 33 23 27 57 63
10 41 87 67 86 75 59 65 51 45
11 12 64 66 66 36 81 50 57 33
11 13 97 92 95 70 93 65 81 72
11 14 23 24 22 49 23 15 15 16
11 15 82 48 87 41 48 52 82 64
11 16 68 78 42 57 76 74 49 49
11 17 18 28 55 45 32 49 40 45
11 18 32 27 38 31 51 59 56 28
11 19 98 54 78 67 61 94 50 83
11 20 43 54 58 51 32 70 62 55
11 21 10 46 12 16 20 39 35 23
11 22 57 70 34 46 78 40 57 42
11 23 49 25 54 26 67 28 36 59
11 24 82 70 78 51 44 82 54 81
11 25 93 50 81 56 91 87 80 88
11 26 76 56 75 41 49 80 58 39
11 27 78 69 64 47 86 41 61 46
11 28 78 46 88 85 56 78 79 68
11 29 54 59 46 61 74 42 72 53
11 30 50 48 41 39 28 65 30 44
11 31 95 92 59 86 49 75 66 93
11 32 29 42 55 49 56 18 22 51
11 33 90 76 90 87 54 90 46 53
11 34 75 64 44 54 82 54 69 55
11 35 76 83 78 82 38 39 59 41
11 36 81 70 77 49 90 45 63 57
11 37 37 49 64 65 47 19 27 20
11 38 49 63 70 64 70 72 71 66
11 39 20 22 20 28 12 43 48 36
11 40 43 22 50 21 53 54 57 52
11 41 9 45 50 6 47 43 49 4
12 13 82 77 77 50 74 59 68 46
12 14 33 45 51 36 44 36 65 24
12 15 94 76 86 47 69 69 95 74
12 16 70 38 72 82 45 76 76 41
12 17 33 56 64 37 50 36 58 25
12 18 76 58 80 40 72 77 55 77
12 19 8 32 30 50 52 17 46 36
12 20 32 43 55 44 50 40 54 36
12 21 10 12 28 24 54 33 37 46
12 22 56 39 38 41 37 46 74 53
12 23 2 36 22 13 15 12 49 34
12 24 59 43 56 46 75 65 38 77
12 25 66 37 57 73 50 58 73 75
12 26 96 75 55 85 54 72 83 84
12 27 31 21 52 38 32 38 47 48
12 28 95 93 69 78 88 95 69 64
12 29 58 37 73 50 58 47 74 54
12 30 9 11 43 16 18 48 10 13
12 31 12 24 50 54 8 21 41 12
12 32 45 41 53 46 33 25 26 50
12 33 49 63 65 70 43 33 73 29
12 34 70 62 42 78 62 65 45 42
12 35 68 71 67 45 42 82 70 49
12 36 26 15 51 56 48 25 59 21
12 37 50 56 51 53 69 39 47 64
12 38 53 48 38 48 28 49 48 37
12 39 79 56 54 80 89 55 65 72
12 40 60 66 67 65 49 53 36 60
12 41 28 23 39 64 24 39 29 28
13 14 69 48 69 57 72 57 43 78
13 15 86 86 49 54 78 86 64 56
13 16 58 50 78 77 62 64 53 61
13 17 79 74 75 72 87 69 67 84
13 18 59 39 78 61 37 63 56 59
13 19 34 46 24 19 58 60 54 46
13 20 25 39 33 25 60 39 30 53
13 21 49 29 43 43 63 25 32 47
13 22 85 55 53 90 65 73 65 75
13 23 72 40 44 62 55 40 39 77
13 24 93 80 63 74 96 69 61 90
13 25 72 80 51 76 52 59 61 79
13 26 65 54 64 81 40 72 61 79
13 27 90 89 77 68 85 87 85 84
13 28 33 31 50 63 39 47 35 59
13 29 14 43 56 33 16 20 40 56
13 30 93 79 93 70 95 78 93 85
13 31 58 33 68 34 75 46 72 63
13 32 69 39 83 75 49 64 78 54
13 33 29 17 22 63 42 17 41 38
13 34 46 32 56 71 32 34 49 27
13 35 24 49 19 21 53 48 33 33
13 36 20 23 41 46 17 21 12 48
13 37 77 60 39 74 76 55 78 75
13 38 76 51 49 38 86 66 38 62
13 39 52 29 52 64 62 37 27 44
13 40 42 69 42 61 58 25 21 62
13 41 2 37 26 8 1 13 50 43
14 15 21 20 55 52 13 58 17 50
14 16 38 21 24 36 55 61 23 33
14 17 54 43 51 28 39 31 67 59
14 18 19 29 15 36 48 45 46 13
14 19 88 50 93 60 57 88 62 90
14 20 55 32 34 33 34 45 65 42
14 21 38 49 23 21 40 43 28 52
14 22 48 25 63 26 37 64 68 60
14 23 19 33 50 18 34 12 51 41
14 24 3 24 19 10 27 47 48 7
14 25 29 46 45 44 29 55 44 60
14 26 48 70 40 56 40 52 25 68
14 27 68 73 74 38 74 83 45 72
14 28 40 66 51 35 39 24 22 36
14 29 64 73 48 81 56 69 77 62
14 30 32 20 24 31 56 61 17 44
14 31 28 25 52 43 43 41 33 57
14 32 42 50 56 38 69 35 54 36
14 33 45 65 33 23 65 22 66 64
14 34 48 71 26 61 46 53 45 71
14 35 53 65 75 63 29 51 75 54
14 36 63 37 80 76 33 34 46 70
14 37 29 28 20 63 31 50 57 43
14 38 79 75 51 70 44 58 59 82
14 39 76 56 82 46 55 77 70 65
14 40 45 44 63 53 47 72 65 25
14 41 39 23 49 27 54 24 63 50
15 16 84 60 79 83 85 85 89 89
15 17 77 42 76 57 41 69 77 43
15 18 77 53 44 39 78 61 73 82
15 19 28 53 48 34 45 33 19 28
15 20 59 48 39 32 43 49 35 67
15 21 50 56 49 54 55 43 28 55
15 22 31 21 57 26 63 40 27 59
15 23 3 10 35 48 48 4 15 21
15 24 66 36 74 38 59 64 37 79
15 25 57 56 56 76 78 54 30 36
15 26 14 51 46 45 15 30 48 50
15 27 48 34 66 51 32 57 73 53
15 28 64 64 67 35 63 70 69 52
15 29 25 20 44 23 14 26 14 51
15 30 8 5 40 22 21 51 49 54
15 31 0 41 37 24 18 18 19 23
15 32 77 66 80 61 40 52 68 58
15 33 20 13 10 15 44 10 15 12
15 34 86 73 85 54 47 72 75 82
15 35 47 27 37 32 27 41 67 49
15 36 64 57 34 39 44 80 35 59
15 37 45 64 47 43 55 66 68 64
15 38 87 83 44 84 44 75 47 65
15 39 92 51 94 54 58 74 86 53
15 40 25 16 20 29 51 25 43 14
15 41 32 54 62 16 54 54 22 55
16 17 47 58 43 44 59 27 36 41
16 18 40 59 58 54 68 45 58 58
16 19 11 53 16 15 46 41 5 45
16 20 26 14 43 43 37 50 52 58
16 21 10 28 13 27 38 38 36 45
16 22 82 89 76 74 85 84 76 73
16 23 19 24 44 13 42 28 57 9
16 24 55 67 49 36 38 71 68 36
16 25 92 70 85 81 47 56 60 54
16 26 40 45 31 21 58 30 66 56
16 27 50 70 63 75 70 33 47 27
16 28 79 89 53 87 82 40 84 50
16 29 27 20 16 26 43 18 56 61
16 30 60 44 41 52 47 31 52 53
16 31 68 48 56 76 54 37 76 35
16 32 61 39 74 33 39 39 66 47
16 33 49 57 28 55 74 59 40 61
16 34 32 57 23 36 36 21 30 56
16 35 77 62 79 50 75 57 54 88
16 36 83 83 90 45 67 65 88 68
16 37 47 29 57 60 42 57 27 46
16 38 81 67 65 89 61 44 45 49
16 39 89 92 51 72 67 73 90 74
16 40 91 52 78 95 55 77 62 76
16 41 1 15 42 21 35 27 7 38
17 18 91 78 90 59 48 47 84 65
17 19 74 67 56 70 47 79 56 76
17 20 71 51 61 44 84 47 78 57
17 21 91 82 94 46 73 46 64 64
17 22 82 51 89 75 64 62 70 49
17 23 31 29 62 29 23 30 50 19
17 24 63 38 74 35 63 47 70 50
17 25 20 34 51 37 16 17 46 56
17 26 29 30 15 22 35 58 49 37
17 27 63 32 52 42 74 56 68 68
17 28 34 47 62 61 66 53 54 67
17 29 55 40 55 50 31 27 57 61
17 30 66 61 71 57 68 51 75 76
17 31 68 54 79 39 58 42 45 46
17 32 89 78 59 93 74 59 76 74
17 33 99 62 50 88 70 64 89 93
17 34 7 21 50 21 30 33 5 43
17 35 13 21 15 54 34 13 56 18
17 36 72 70 80 77 62 48 55 77
17 37 85 70 62 51 91 61 60 92
17 38 81 74 89 75 70 56 81 60
17 39 31 21 59 36 43 44 21 56
17 40 74 47 51 68 66 55 57 58
17 41 35 58 26 45 24 19 27 34
18 19 23 21 49 45 15 41 38 36
18 20 24 42 15 31 19 41 59 29
18 21 20 53 56 55 35 54 17 19
18 22 72 70 85 40 65 66 65 65
18 23 44 52 45 57 54 60 63 24
18 24 27 63 15 17 34 46 48 27
18 25 57 72 54 74 71 75 49 42
18 26 5 38 16 28 25 36 13 48
18 27 3 45 25 11 20 27 40 44
18 28 0 38 32 5 18 37 33 17
18 29 14 48 54 48 47 11 31 12
18 30 71 59 81 55 44 47 62 65
18 31 39 37 23 62 27 54 20 21
18 32 76 56 72 59 81 62 86 64
18 33 13 32 44 16 41 45 53 27
18 34 76 55 65 67 69 64 60 54
18 35 16 53 47 34 20 20 27 20
18 36 40 26 39 55 43 51 68 47
18 37 25 32 56 28 13 43 60 60
18 38 41 47 60 20 29 28 48 53
18 39 21 56 13 40 45 32 52 37
18 40 55 29 68 75 39 69 64 33
18 41 77 48 53 68 43 44 59 64
19 20 24 49 21 20 55 38 27 42
19 21 18 39 10 26 41 51 36 47
19 22 9 16 22 12 46 34 8 23
19 23 4 42 12 49 44 28 33 33
19 24 75 53 82 52 46 39 42 52
19 25 8 24 32 23 46 24 22 8
19 26 51 51 38 36 41 25 51 47
19 27 47 73 34 36 51 31 71 66
19 28 75 39 54 79 55 65 70 64
19 29 45 22 55 34 38 71 70 22
19 30 65 69 46 34 40 54 45 81
19 31 58 40 62 50 70 41 40 41
19 32 55 48 69 32 34 32 60 45
19 33 24 42 25 19 26 34 61 45
19 34 51 61 44 43 68 37 29 71
19 35 15 50 10 55 13 9 26 19
19 36 60 74 52 58 56 65 63 44
19 37 12 18 51 55 56 30 46 10
19 38 15 25 8 55 52 9 17 44
19 39 4 49 32 2 37 50 4 8
19 40 72 77 76 70 78 48 71 39
19 41 85 61 86 79 51 49 60 65
20 21 1 45 17 32 2 48 40 10
20 22 46 67 70 52 54 53 38 63
20 23 48 25 45 33 50 58 48 43
20 24 65 67 54 81 73 53 52 49
20 25 83 87 59 63 57 53 70 48
20 26 37 47 60 42 27 65 30 52
20 27 83 76 48 51 50 68 47 47
20 28 50 49 58 74 40 51 40 59
20 29 71 68 59 79 38 43 46 64
20 30 36 25 27 46 33 38 63 18
20 31 14 22 41 43 29 18 24 38
20 32 46 53 25 53 59 62 48 53
20 33 2 38 49 4 27 44 6 8
20 34 3 31 8 29 30 13 31 28
20 35 42 61 22 67 69 26 34 64
20 36 19 41 12 22 12 20 44 58
20 37 47 36 52 63 41 26 52 66
20 38 88 76 45 72 73 72 79 81
20 39 36 60 41 35 63 39 61 44
20 40 41 61 37 23 47 33 66 63
20 41 30 22 43 61 51 42 49 17
21 22 43 49 22 30 24 70 68 54
21 23 57 68 51 55 58 68 51 56
21 24 97 82 84 86 78 93 53 96
21 25 10 54 42 40 6 31 8 42
21 26 99 53 79 58 84 76 99 54
21 27 88 69 86 91 67 51 59 75
21 28 85 59 44 67 63 79 81 64
21 29 34 45 37 20 19 18 40 36
21 30 33 21 64 36 32 49 58 34
21 31 82 81 52 46 43 76 58 61
21 32 53 43 65 54 55 48 59 59
21 33 58 41 69 54 40 52 74 65
21 34 96 81 80 87 58 51 69 59
21 35 46 43 24 47 44 71 61 32
21 36 99 89 75 70 68 81 87 82
21 37 6 26 50 27 27 15 16 45
21 38 12 21 22 16 7 23 55 48
21 39 29 25 43 29 49 29 48 16
21 40 5 3 9 6 7 31 28 50
21 41 72 80 41 42 58 46 61 71
22 23 95 61 83 67 61 74 69 54
22 24 4 30 23 45 29 28 18 42
22 25 76 47 39 71 55 59 72 50
22 26 8 38 33 25 39 47 51 15
22 27 50 35 48 54 66 54 73 47
22 28 43 58 67 55 60 51 52 56
22 29 78 70 46 86 82 54 74 74
22 30 51 49 64 35 29 66 61 53
22 31 80 83 64 55 73 77 41 64
22 32 38 24 35 36 49 47 49 62
22 33 32 50 51 52 33 63 53 58
22 34 52 49 67 35 61 54 69 49
22 35 43 56 63 51 31 23 38 54
22 36 0 38 31 37 22 44 35 11
22 37 48 44 67 31 49 60 29 57
22 38 8 21 50 9 40 35 32 12
22 39 68 44 58 41 64 58 42 69
22 40 1 21 38 4 16 30 13 32
22 41 17 43 56 32 38 43 10 31
23 24 33 16 50 55 21 54 29 51
23 25 76 52 39 48 87 70 62 73
23 26 10 42 31 14 32 42 41 13
23 27 86 89 44 83 47 59 92 60
23 28 42 66 32 65 35 31 33 22
23 29 16 15 38 12 37 45 14 54
23 30 5 34 47 9 27 39 30 10
23 31 4 12 22 36 10 10 27 43
23 32 86 54 76 68 44 74 83 57
23 33 28 54 42 21 19 38 53 16
23 34 20 45 37 37 56 37 47 46
23 35 90 48 92 63 82 70 56 85
23 36 48 35 36 66 31 66 65 36
23 37 11 44 44 6 31 52 31 46
23 38 66 68 79 36 72 60 68 67
23 39 96 62 52 95 54 66 97 75
23 40 58 54 49 30 44 70 34 48
23 41 15 30 46 45 14 42 54 41
24 25 96 65 96 93 87 83 90 82
24 26 89 80 47 46 80 86 86 73
24 27 2 28 38 47 3 38 43 38
24 28 7 7 30 16 24 12 46 18
24 29 87 45 86 44 87 69 73 79
24 30 68 72 66 66 73 42 66 72
24 31 69 82 65 60 63 58 60 81
24 32 42 63 57 59 64 41 54 65
24 33 85 67 46 75 78 51 82 85
24 34 47 33 48 51 69 32 43 35
24 35 94 53 59 67 61 64 74 54
24 36 78 44 50 52 71 75 72 86
24 37 87 85 82 63 70 77 50 75
24 38 42 29 61 21 66 56 52 23
24 39 12 43 25 30 11 29 20 17
24 40 72 80 72 46 49 42 45 45
24 41 55 46 75 56 29 77 51 31
25 26 63 54 70 76 32 44 60 40
25 27 78 83 44 77 49 84 51 64
25 28 36 47 66 67 22 67 27 31
25 29 27 43 62 56 60 14 17 52
25 30 84 69 74 85 85 62 89 47
25 31 36 60 40 29 39 41 44 57
25 32 63 67 76 74 32 58 54 32
25 33 88 69 90 74 46 50 79 46
25 34 0 42 29 21 0 17 32 0
25 35 24 44 15 27 50 26 29 39
25 36 22 21 43 26 19 22 25 46
25 37 40 28 36 24 61 47 61 69
25 38 73 82 74 64 76 69 80 62
25 39 14 29 52 42 37 32 29 15
25 40 8 35 46 27 11 15 48 11
25 41 77 43 70 72 56 46 42 86
26 27 52 43 30 65 70 38 45 36
26 28 93 70 95 62 47 50 48 59
26 29 86 78 67 72 65 89 74 45
26 30 85 91 47 72 62 88 88 86
26 31 32 16 61 65 25 63 23 56
26 32 60 71 76 66 70 60 37 49
26 33 44 68 44 58 61 51 61 32
26 34 15 18 31 26 20 28 24 12
26 35 54 47 70 52 62 58 53 63
26 36 61 32 36 71 44 33 35 44
26 37 62 75 60 59 73 36 58 38
26 38 53 34 67 41 63 60 64 36
26 39 97 63 58 67 53 67 95 63
26 40 60 33 63 73 73 39 40 48
26 41 18 36 55 39 44 33 19 34
27 28 99 52 54 65 99 56 69 93
27 29 48 70 47 55 29 42 57 30
27 30 34 48 59 30 27 36 43 26
27 31 77 61 75 55 52 54 40 49
27 32 69 50 67 60 55 55 36 80
27 33 53 32 36 31 75 51 76 50
27 34 52 48 35 51 55 57 66 37
27 35 44 33 56 36 45 36 28 49
27 36 80 46 44 74 64 66 87 76
27 37 45 51 55 51 30 43 55 60
27 38 39 34 60 31 47 58 24 64
27 39 26 15 16 14 14 45 20 37
27 40 22 54 39 13 46 40 40 46
27 41 95 79 90 70 78 80 67 71
28 29 23 38 59 45 16 16 54 36
28 30 10 23 10 16 13 53 36 54
28 31 33 47 50 27 64 29 51 58
28 32 38 59 61 28 37 43 50 36
28 33 20 52 35 49 53 58 40 25
28 34 90 87 79 47 85 77 78 46
28 35 64 70 52 48 60 63 64 66
28 36 72 58 39 40 49 38 58 52
28 37 4 29 32 23 26 43 19 9
28 38 71 58 57 53 43 50 73 40
28 39 87 52 72 62 58 54 54 44
28 40 32 57 30 50 58 52 25 56
28 41 43 42 26 22 63 57 36 50
29 30 39 63 26 24 22 48 30 51
29 31 18 37 42 16 35 17 20 45
29 32 70 40 73 76 44 40 39 74
29 33 9 10 6 34 39 53 12 26
29 34 14 16 15 20 44 11 54 15
29 35 44 41 72 55 27 37 28 41
29 36 92 59 66 88 58 52 82 71
29 37 13 12 23 18 55 23 33 21
29 38 31 57 25 64 52 53 61 63
29 39 84 66 54 77 91 58 48 78
29 40 17 20 20 17 44 9 43 56
29 41 29 40 33 23 53 38 15 47
30 31 44 47 67 45 46 31 36 66
30 32 35 33 58 64 50 19 34 46
30 33 60 51 47 51 44 77 60 53
30 34 95 63 74 48 66 82 88 71
30 35 78 54 87 42 66 56 55 72
30 36 42 46 26 65 45 47 51 43
30 37 29 50 49 29 28 53 52 33
30 38 81 84 69 88 57 41 56 65
30 39 46 36 42 43 46 52 58 34
30 40 67 35 51 82 33 55 74 63
30 41 62 74 77 79 70 38 40 65
31 32 22 56 41 41 28 25 31 12
31 33 39 67 25 43 65 27 36 28
31 34 69 71 42 75 81 63 70 69
31 35 37 42 23 45 56 55 32 29
31 36 9 27 29 35 11 45 19 25
31 37 76 85 45 46 49 80 53 43
31 38 94 79 52 50 95 69 83 57
31 39 62 80 54 61 44 32 37 50
31 40 55 42 60 49 47 33 36 72
31 41 24 35 28 60 14 28 25 33
32 33 71 71 73 52 37 78 81 84
32 34 64 37 35 35 75 53 42 52
32 35 74 41 50 38 85 71 76 60
32 36 52 34 37 63 58 47 43 50
32 37 48 40 65 65 65 38 55 54
32 38 31 42 19 27 40 25 46 62
32 39 28 30 21 51 52 16 42 63
32 40 35 30 30 42 25 63 47 47
32 41 4 42 26 18 43 42 48 45
33 34 80 59 51 80 46 79 80 48
33 35 81 65 61 47 78 75 42 87
33 36 64 32 49 42 58 64 79 67
33 37 53 56 48 38 73 47 48 64
33 38 2 13 41 38 6 40 31 2
33 39 59 37 41 58 70 57 47 77
33 40 76 79 55 66 75 72 87 76
33 41 94 85 48 82 75 74 93 59
34 35 73 41 72 78 39 50 68 83
34 36 78 63 64 55 64 75 45 52
34 37 28 53 48 33 52 32 49 49
34 38 24 17 52 42 32 48 46 14
34 39 82 43 51 76 75 42 89 69
34 40 33 31 62 64 65 48 22 25
34 41 65 61 36 36 72 51 78 37
35 36 94 82 88 63 79 89 53 77
35 37 39 28 27 52 24 63 35 38
35 38 20 53 57 13 12 48 17 37
35 39 91 66 65 68 80 60 94 53
35 40 19 28 19 42 43 19 55 30
35 41 91 91 50 47 56 50 60 89
36 37 13 49 53 43 12 42 14 49
36 38 85 43 60 49 50 54 60 61
36 39 2 20 37 27 18 44 21 26
36 40 92 65 46 54 89 72 49 65
36 41 12 23 28 43 13 6 17 9
37 38 59 50 54 62 77 55 47 62
37 39 52 68 40 35 75 69 32 54
37 40 62 63 38 32 80 57 76 32
37 41 13 7 14 15 24 46 17 38
38 39 72 56 41 68 39 75 68 54
38 40 24 40 28 52 34 22 59 35
38 41 17 32 12 28 19 22 33 47
39 40 29 37 45 33 50 21 42 35
39 41 22 34 32 39 38 48 57 28
40 41 40 53 50 21 55 66 56 64
