42 8
0.142857 0.142857 0.142857 0.142857 0.142857 0.142857 0.142857 0.0 
0 1 61 29 50 13 63 37 86 67
0 2 38 23 55 30 25 47 86 76
0 3 29 6 31 71 37 10 47 24
0 4 41 84 82 59 64 58 52 29
0 5 81 49 71 88 22 93 32 75
0 6 11 17 59 46 13 64 79 50
0 7 39 19 57 44 42 51 74 46
0 8 14 60 75 33 65 25 5 73
0 9 13 51 30 3 63 55 49 54
0 10 21 47 80 24 12 40 38 67
0 11 90 45 58 35 59 61 86 72
0 12 0 20 35 78 18 66 0 65
0 13 55 19 17 71 18 72 86 44
0 14 23 69 57 49 59 46 33 79
0 15 92 82 40 36 93 78 48 84
0 16 40 84 61 79 27 42 39 24
0 17 7 47 38 36 18 2 57 24
0 18 5 39 67 48 75 17 51 25
0 19 83 86 78 32 74 84 66 31
0 20 67 63 49 57 39 53 90 83
0 21 33 21 42 10 11 11 76 72
0 22 36 14 26 26 38 69 80 66
0 23 59 74 15 68 66 56 17 66
0 24 52 44 17 40 62 59 77 64
0 25 14 50 7 58 78 67 42 78
0 26 37 43 61 55 35 50 33 71
0 27 69 64 78 15 72 83 89 31
0 28 76 78 28 87 76 69 81 41
0 29 26 35 56 18 11 49 36 59
0 30 79 74 31 42 16 78 75 57
0 31 82 38 56 20 95 89 42 53
0 32 70 21 63 66 18 36 27 27
0 33 70 60 21 19 19 34 90 83
0 34 98 83 88 70 76 72 83 28
0 35 26 66 11 22 43 66 49 30
0 36 86 93 66 44 31 83 32 95
0 37 40 74 11 37 55 85 13 54
0 38 22 20 29 14 57 62 30 53
0 39 31 17 63 27 51 47 31 42
0 40 53 90 60 88 53 35 60 26
0 41 45 52 49 16 40 54 88 54
1 2 8 51 35 60 21 26 44 65
1 3 67 27 44 64 48 92 24 23
1 4 86 25 62 32 56 51 96 56
1 5 58 48 25 16 65 34 39 63
1 6 4 26 35 71 44 5 48 58
1 7 19 56 16 20 7 67 54 63
1 8 55 31 81 35 35 38 79 46
1 9 14 20 81 60 10 23 15 55
1 10 15 53 35 32 65 45 79 58
1 11 3 44 24 74 65 33 43 73
1 12 38 43 21 21 82 23 51 19
1 13 46 23 42 24 84 22 61 12
1 14 12 5 73 22 20 16 30 15
1 15 0 31 9 12 24 63 64 72
1 16 51 88 40 48 43 45 80 73
1 17 42 79 51 46 12 61 28 64
1 18 32 63 11 47 63 24 47 85
1 19 59 68 67 87 62 86 40 32
1 20 67 16 14 23 23 45 82 30
1 21 70 42 46 78 50 19 71 66
1 22 90 58 20 33 19 22 83 42
1 23 21 52 62 51 25 81 53 23
1 24 56 36 54 73 11 53 23 31
1 25 7 74 58 68 28 77 61 17
1 26 2 6 51 68 16 54 18 25
1 27 5 52 25 47 54 50 11 25
1 28 32 50 52 43 54 25 32 69
1 29 73 27 55 84 48 81 41 59
1 30 71 18 18 46 19 26 92 73
1 31 53 76 82 38 84 26 85 13
1 32 98 86 78 96 36 56 51 47
1 33 69 57 21 14 36 30 67 92
1 34 29 71 57 67 77 45 30 8
1 35 70 33 63 26 71 55 60 34
1 36 13 5 68 78 25 55 20 69
1 37 49 27 58 36 89 49 82 32
1 38 29 50 42 28 84 19 58 46
1 39 98 76 89 73 81 93 45 29
1 40 79 52 49 82 61 37 91 54
1 41 90 89 45 97 81 97 62 55
2 3 86 58 59 52 27 69 54 96
2 4 11 72 23 26 13 81 58 40
2 5 48 41 13 76 11 38 74 30
2 6 62 28 66 70 73 23 17 27
2 7 92 35 63 73 79 50 80 51
2 8 3 14 74 68 10 58 11 65
2 9 34 37 32 63 41 45 16 40
2 10 92 33 69 35 88 66 90 78
2 11 42 77 40 48 16 71 29 31
2 12 63 55 85 81 64 23 27 69
2 13 12 70 18 5 62 72 65 58
2 14 0 65 45 55 5 52 47 35
2 15 59 55 88 45 39 28 81 40
2 16 13 37 51 52 38 54 14 28
2 17 81 72 41 79 49 65 94 20
2 18 22 42 79 69 8 36 49 17
2 19 47 18 25 41 22 45 54 84
2 20 1 79 65 26 2 79 22 38
2 21 13 11 23 44 65 39 68 14
2 22 53 90 61 36 86 15 32 50
2 23 49 25 64 75 82 43 13 47
2 24 61 41 18 62 46 32 53 38
2 25 4 9 69 72 17 64 21 64
2 26 54 88 79 36 11 55 29 34
2 27 88 23 91 23 21 66 49 18
2 28 77 52 53 35 85 18 16 95
2 29 40 55 46 15 21 35 57 24
2 30 20 77 44 40 57 44 71 14
2 31 69 50 26 17 53 63 73 87
2 32 8 35 3 8 14 7 57 13
2 33 13 37 37 28 54 17 70 3
2 34 52 76 45 84 25 54 59 49
2 35 94 70 93 94 77 36 30 50
2 36 71 71 72 92 74 21 51 58
2 37 9 71 38 73 74 48 27 16
2 38 57 35 13 73 57 31 77 52
2 39 75 54 54 58 52 57 43 58
2 40 91 30 18 51 36 82 46 35
2 41 31 37 26 64 48 66 16 68
3 4 83 79 55 62 61 77 85 17
3 5 30 84 26 15 43 27 84 32
3 6 52 48 72 24 39 65 69 76
3 7 44 80 11 13 39 70 29 14
3 8 83 92 61 95 61 78 59 32
3 9 70 53 19 85 80 81 26 81
3 10 55 79 14 86 26 56 31 57
3 11 8 66 26 39 32 48 77 46
3 12 56 57 86 46 13 22 16 61
3 13 3 35 24 45 14 35 52 68
3 14 40 43 13 23 19 19 22 74
3 15 87 95 46 77 25 27 97 95
3 16 68 75 93 23 70 46 16 83
3 17 57 66 78 16 49 65 75 17
3 18 54 62 18 71 86 49 54 16
3 19 82 34 53 21 40 81 85 60
3 20 58 47 16 45 32 64 47 71
3 21 98 61 77 28 63 50 97 97
3 22 3 12 23 43 79 65 43 13
3 23 58 88 41 82 78 59 28 86
3 24 51 67 62 17 67 87 47 80
3 25 74 35 45 54 84 88 31 51
3 26 46 59 42 18 86 79 58 83
3 27 99 77 68 67 86 23 96 22
3 28 99 25 26 27 99 91 35 81
3 29 48 53 30 74 70 75 18 13
3 30 69 19 22 30 41 39 41 58
3 31 87 52 73 46 68 68 48 38
3 32 13 42 55 70 26 24 39 72
3 33 18 35 68 79 19 72 47 81
3 34 55 78 48 36 86 21 29 56
3 35 28 77 57 49 32 60 68 45
3 36 51 46 74 42 88 79 67 29
3 37 56 72 49 82 52 84 44 86
3 38 18 80 48 24 62 59 48 26
3 39 62 91 82 91 46 78 69 37
3 40 29 33 58 74 15 37 31 6
3 41 78 71 52 87 28 53 20 62
4 5 26 37 6 85 56 11 9 13
4 6 89 87 27 40 23 39 40 73
4 7 60 58 59 40 85 89 49 87
4 8 87 22 57 40 64 36 48 57
4 9 61 77 67 89 12 61 70 81
4 10 33 65 15 12 82 66 19 30
4 11 69 14 58 49 54 21 53 31
4 12 75 25 23 82 84 82 54 17
4 13 42 37 63 79 66 72 50 68
4 14 61 49 76 17 72 87 20 29
4 15 74 80 25 71 34 43 51 24
4 16 58 57 63 30 53 22 60 19
4 17 79 50 43 37 69 79 59 16
4 18 84 94 19 85 41 37 30 29
4 19 46 88 12 67 48 35 66 60
4 20 42 70 37 24 11 19 43 52
4 21 81 80 38 59 20 83 85 28
4 22 0 79 76 38 48 60 55 26
4 23 49 41 39 74 72 67 80 34
4 24 46 12 78 76 36 18 15 68
4 25 20 7 14 46 64 8 9 48
4 26 24 56 21 5 12 38 38 73
4 27 62 66 77 24 34 65 59 92
4 28 28 41 21 69 7 8 84 51
4 29 67 67 42 58 81 45 88 44
4 30 86 84 67 30 20 47 86 18
4 31 87 29 94 48 96 80 19 79
4 32 18 34 31 36 30 18 5 75
4 33 92 31 39 82 83 83 28 31
4 34 30 45 20 46 58 9 9 34
4 35 68 32 36 92 82 78 22 89
4 36 46 75 41 17 54 71 47 12
4 37 34 17 66 11 55 45 9 39
4 38 83 22 87 24 46 29 94 66
4 39 87 42 19 88 70 75 89 49
4 40 99 39 88 95 26 76 97 50
4 41 18 32 9 25 47 18 50 80
5 6 36 42 58 52 33 35 65 53
5 7 68 70 53 62 17 62 87 14
5 8 74 37 30 82 20 26 23 38
5 9 93 25 25 33 47 44 55 22
5 10 7 15 9 49 40 20 49 77
5 11 61 21 75 40 78 22 56 60
5 12 1 45 56 78 23 14 12 50
5 13 60 32 15 12 40 19 25 17
5 14 88 87 82 19 87 36 70 48
5 15 57 79 60 45 85 16 33 28
5 16 31 67 27 37 75 79 32 26
5 17 56 37 83 16 19 36 36 61
5 18 95 86 49 84 35 42 34 35
5 19 10 29 18 43 44 35 63 53
5 20 76 37 16 80 60 93 81 66
5 21 22 68 39 70 18 84 50 57
5 22 43 15 78 70 33 25 41 13
5 23 47 70 10 60 81 35 20 62
5 24 5 65 9 67 12 1 26 61
5 25 23 82 15 27 67 7 42 60
5 26 36 34 70 59 29 58 34 70
5 27 82 47 81 27 18 68 63 35
5 28 56 42 78 12 52 51 84 13
5 29 41 80 84 24 68 84 31 54
5 30 92 24 37 21 78 95 47 25
5 31 20 5 76 62 64 81 13 63
5 32 92 63 74 45 51 47 72 25
5 33 17 4 73 43 36 36 79 25
5 34 39 76 74 40 64 15 30 38
5 35 26 84 27 43 6 84 57 41
5 36 76 16 22 78 31 40 82 77
5 37 92 93 46 32 26 36 27 32
5 38 86 94 61 38 27 31 76 20
5 39 3 1 33 50 15 59 73 42
5 40 45 22 12 54 66 67 88 31
5 41 88 85 93 52 29 64 19 41
6 7 99 79 26 41 27 26 20 67
6 8 43 41 27 47 40 66 84 64
6 9 29 79 43 38 21 29 56 36
6 10 45 12 9 77 54 19 36 9
6 11 68 39 82 46 16 17 63 24
6 12 49 73 59 14 72 84 74 12
6 13 59 86 37 36 32 66 25 74
6 14 41 41 69 25 62 66 65 32
6 15 36 37 21 14 40 61 19 52
6 16 25 54 27 78 37 40 28 73
6 17 79 40 61 30 57 66 42 72
6 18 45 14 74 30 59 74 60 85
6 19 0 72 4 24 75 26 73 36
6 20 27 33 12 62 60 7 42 48
6 21 97 96 34 89 73 77 90 74
6 22 87 77 85 61 81 25 37 26
6 23 58 51 77 38 77 51 66 35
6 24 73 15 20 75 86 72 81 35
6 25 45 36 47 52 62 47 16 54
6 26 22 12 30 9 68 43 55 5
6 27 74 34 30 55 18 71 26 40
6 28 84 36 30 68 26 48 20 37
6 29 88 32 46 20 95 83 89 81
6 30 15 45 9 22 31 42 41 4
6 31 52 42 58 65 18 89 23 18
6 32 27 45 67 42 6 31 79 81
6 33 81 84 54 36 54 26 85 86
6 34 52 77 48 65 38 70 36 49
6 35 25 7 38 9 28 7 8 21
6 36 68 65 82 30 34 35 33 41
6 37 53 68 49 32 40 17 48 85
6 38 64 50 21 65 17 43 22 58
6 39 5 32 71 36 34 44 18 9
6 40 42 39 19 37 32 15 68 32
6 41 64 81 47 57 24 28 40 15
7 8 8 13 37 55 22 62 57 77
7 9 80 78 76 56 93 20 75 85
7 10 41 61 72 71 80 75 63 35
7 11 28 7 29 66 42 40 45 38
7 12 73 72 60 74 15 23 30 24
7 13 91 84 47 44 39 48 42 50
7 14 57 42 53 54 47 17 81 50
7 15 50 31 39 41 29 48 38 10
7 16 49 88 52 45 72 58 53 15
7 17 11 32 66 29 38 62 19 65
7 18 55 75 50 72 19 63 72 13
7 19 39 63 44 52 80 39 61 43
7 20 92 73 24 66 38 38 98 49
7 21 94 88 56 72 68 43 77 48
7 22 56 74 59 37 84 36 24 65
7 23 88 89 83 76 57 63 50 62
7 24 42 17 43 30 63 36 73 43
7 25 98 76 40 35 56 33 99 93
7 26 12 41 53 78 17 82 42 77
7 27 12 12 27 17 49 66 79 70
7 28 76 17 30 92 92 85 36 76
7 29 35 41 65 59 66 78 61 20
7 30 4 56 51 49 20 11 38 42
7 31 61 90 78 63 71 33 86 13
7 32 51 68 14 14 86 40 77 16
7 33 72 70 82 51 54 84 21 67
7 34 80 64 16 94 64 67 35 87
7 35 35 76 31 78 62 47 58 75
7 36 61 19 88 89 81 22 76 91
7 37 38 75 61 69 26 84 50 32
7 38 79 55 82 73 25 26 63 26
7 39 17 29 77 6 75 30 83 81
7 40 36 78 80 36 46 29 25 43
7 41 28 78 19 33 47 44 11 14
8 9 79 16 25 16 53 52 86 60
8 10 85 93 78 70 63 94 88 66
8 11 55 75 45 37 33 45 14 56
8 12 2 38 22 19 56 48 75 35
8 13 9 13 40 46 81 72 44 40
8 14 21 75 69 77 43 11 67 37
8 15 71 81 33 65 50 47 69 75
8 16 40 56 19 65 48 80 21 69
8 17 84 69 78 67 37 60 65 20
8 18 72 39 57 86 27 15 79 89
8 19 14 81 43 55 29 67 60 77
8 20 34 76 66 13 59 49 85 83
8 21 82 40 68 68 30 40 54 59
8 22 92 33 94 39 73 67 55 62
8 23 98 97 92 28 25 89 87 63
8 24 78 44 39 35 19 82 43 42
8 25 41 35 52 72 58 35 76 80
8 26 79 77 47 45 23 80 67 64
8 27 61 90 79 49 14 82 39 41
8 28 14 45 30 17 42 71 79 21
8 29 13 77 65 36 9 81 56 41
8 30 62 41 47 92 45 44 28 89
8 31 13 64 56 64 11 19 82 40
8 32 2 60 29 3 56 50 79 68
8 33 90 95 18 34 88 20 63 69
8 34 19 78 54 29 59 32 30 63
8 35 2 60 65 49 39 16 54 4
8 36 63 86 78 27 40 22 78 86
8 37 13 43 39 46 8 54 38 50
8 38 99 65 28 21 90 76 26 83
8 39 67 25 86 66 56 51 27 52
8 40 84 44 96 87 36 64 58 96
8 41 64 44 37 57 15 88 29 58
9 10 60 63 37 51 59 77 70 35
9 11 45 45 21 22 56 49 73 73
9 12 75 94 51 42 35 29 19 88
9 13 28 39 53 80 71 65 49 36
9 14 71 70 90 57 78 82 81 66
9 15 51 15 39 71 88 44 82 28
9 16 3 24 13 77 61 53 70 7
9 17 6 69 49 81 44 6 56 20
9 18 93 39 52 85 21 82 76 49
9 19 27 14 58 7 18 56 34 55
9 20 78 94 93 73 48 88 80 50
9 21 85 36 77 33 64 37 89 60
9 22 6 14 8 46 32 15 44 30
9 23 21 76 72 20 74 22 52 4
9 24 29 24 63 69 71 81 78 67
9 25 9 16 4 49 16 30 35 19
9 26 14 82 73 40 43 48 81 6
9 27 49 45 12 31 73 47 61 35
9 28 85 63 54 46 66 25 65 44
9 29 11 27 58 53 59 3 13 70
9 30 9 44 2 36 32 20 71 9
9 31 7 44 45 71 54 51 67 65
9 32 36 76 59 69 8 80 14 57
9 33 60 47 48 46 75 52 20 84
9 34 39 13 29 14 72 17 60 47
9 35 55 24 16 15 73 70 38 41
9 36 12 52 75 36 70 23 51 44
9 37 22 34 43 19 39 28 14 80
9 38 99 83 93 21 56 90 53 46
9 39 22 71 48 21 20 8 32 15
9 40 19 21 6 51 59 20 11 50
9 41 16 28 61 64 50 14 48 73
10 11 86 39 56 90 68 38 73 32
10 12 56 27 63 67 48 90 78 17
10 13 45 46 32 38 37 29 64 47
10 14 1 60 56 14 65 56 61 69
10 15 36 75 65 67 62 37 68 77
10 16 58 43 41 16 34 76 46 88
10 17 85 76 95 29 31 66 93 77
10 18 65 59 71 72 40 18 22 48
10 19 68 78 37 49 52 58 78 55
10 20 12 25 64 14 50 81 3 45
10 21 8 78 18 30 25 57 65 63
10 22 64 43 36 89 86 46 44 73
10 23 26 8 82 64 51 65 29 22
10 24 95 86 91 59 68 25 32 37
10 25 18 73 24 68 78 77 30 63
10 26 89 67 42 86 27 67 43 31
10 27 88 19 49 45 73 34 35 76
10 28 6 14 24 55 58 38 71 18
10 29 41 21 10 80 21 65 30 40
10 30 91 57 43 33 35 24 28 60
10 31 31 31 62 12 23 63 14 84
10 32 98 59 45 77 56 58 85 81
10 33 70 76 56 69 60 71 16 35
10 34 89 67 48 68 80 84 45 73
10 35 84 37 60 42 75 73 52 61
10 36 58 38 57 34 42 20 26 59
10 37 0 32 53 39 69 49 55 60
10 38 49 20 80 65 38 41 30 55
10 39 67 55 65 47 50 21 55 79
10 40 56 74 71 58 72 71 30 28
10 41 65 68 30 49 51 76 71 52
11 12 11 70 21 40 37 35 55 17
11 13 88 69 55 19 79 69 24 25
11 14 85 56 33 87 47 48 36 52
11 15 12 23 70 53 69 16 3 12
11 16 76 80 19 42 89 33 54 30
11 17 13 44 66 48 26 15 75 64
11 18 56 86 59 68 68 46 65 50
11 19 96 66 24 28 84 94 68 96
11 20 77 41 73 72 52 61 87 42
11 21 81 79 37 25 76 39 83 53
11 22 62 39 55 31 25 65 20 40
11 23 13 73 80 35 62 46 45 65
11 24 13 42 27 32 18 63 71 45
11 25 3 39 33 38 12 42 23 64
11 26 0 40 67 36 28 5 64 35
11 27 69 76 37 25 57 14 44 44
11 28 82 37 39 48 61 47 45 78
11 29 39 41 37 20 49 63 83 30
11 30 12 8 31 74 11 80 78 9
11 31 45 63 26 57 24 49 39 23
11 32 67 56 27 84 85 67 30 13
11 33 39 22 35 63 29 78 47 33
11 34 63 68 45 54 34 74 77 54
11 35 62 22 42 34 29 26 66 38
11 36 71 53 93 59 47 90 39 86
11 37 42 36 32 57 56 78 55 28
11 38 50 19 13 78 81 25 74 57
11 39 42 34 24 59 71 22 35 65
11 40 82 46 22 70 47 38 24 90
11 41 98 70 68 62 31 99 99 67
12 13 43 28 78 83 85 40 86 66
12 14 78 93 68 93 82 53 56 16
12 15 21 49 37 40 6 49 59 39
12 16 83 60 93 19 88 77 66 21
12 17 20 58 24 51 66 21 54 74
12 18 36 22 24 12 31 50 67 66
12 19 37 57 13 57 35 40 28 14
12 20 22 69 34 29 71 13 16 48
12 21 18 18 59 49 21 61 31 48
12 22 14 6 82 5 53 37 27 55
12 23 48 89 67 73 50 48 15 64
12 24 97 80 69 60 94 27 45 94
12 25 66 17 22 54 90 74 74 65
12 26 89 88 67 20 50 35 24 50
12 27 70 88 63 92 53 67 20 17
12 28 12 31 35 5 11 80 46 32
12 29 29 12 42 15 59 8 57 66
12 30 21 54 75 44 22 11 38 55
12 31 39 17 34 60 12 12 35 70
12 32 82 74 20 77 19 83 33 82
12 33 83 22 74 38 69 72 63 41
12 34 73 86 30 37 77 46 50 57
12 35 75 66 63 88 74 54 40 78
12 36 74 59 58 62 89 19 54 19
12 37 6 61 26 38 26 27 24 19
12 38 0 58 0 6 36 77 7 79
12 39 68 82 39 89 64 14 27 67
12 40 20 12 64 53 82 40 31 11
12 41 30 12 16 42 70 10 45 6
13 14 34 63 63 10 58 7 16 37
13 15 58 83 77 27 58 46 84 76
13 16 81 71 31 61 37 39 25 24
13 17 1 23 33 25 72 0 65 37
13 18 26 23 78 26 73 60 29 33
13 19 18 42 83 70 82 80 60 75
13 20 46 33 29 42 41 14 9 79
13 21 28 8 43 24 33 36 26 14
13 22 26 20 49 9 47 50 17 37
13 23 44 23 19 37 31 18 80 37
13 24 58 66 58 63 22 58 62 51
13 25 45 32 76 81 64 71 85 64
13 26 20 79 50 41 49 76 16 36
13 27 68 74 78 62 61 26 84 48
13 28 16 40 27 47 70 53 65 21
13 29 76 53 26 75 51 77 37 39
13 30 57 59 73 16 53 87 51 62
13 31 53 15 71 60 28 79 55 68
13 32 50 87 34 61 55 81 23 71
13 33 93 27 22 76 71 38 54 66
13 34 54 88 17 89 72 32 58 55
13 35 72 36 89 21 75 66 61 80
13 36 37 16 65 23 18 26 28 59
13 37 59 37 13 36 74 87 89 62
13 38 58 42 81 90 48 32 16 65
13 39 18 74 67 12 63 79 34 61
13 40 49 85 18 33 10 31 45 31
13 41 45 48 46 10 26 40 15 60
14 15 28 18 71 12 36 67 33 45
14 16 75 33 40 69 37 23 38 58
14 17 68 53 57 87 25 24 83 91
14 18 77 52 33 19 86 21 15 48
14 19 7 44 28 70 38 31 12 6
14 20 65 79 55 46 47 40 33 43
14 21 66 45 71 88 80 78 85 89
14 22 66 80 83 31 82 19 79 66
14 23 90 87 28 33 43 34 66 43
14 24 12 57 27 19 40 66 29 51
14 25 66 62 63 75 29 59 15 30
14 26 31 20 33 79 8 39 15 14
14 27 99 21 38 67 64 58 21 86
14 28 52 56 89 57 36 78 24 10
14 29 43 43 22 23 18 23 47 78
14 30 67 52 64 41 86 75 46 92
14 31 15 59 41 81 80 26 62 48
14 32 24 54 82 33 7 81 69 17
14 33 58 64 73 54 50 60 74 86
14 34 68 14 45 37 45 78 87 44
14 35 53 31 83 42 71 14 23 32
14 36 53 66 48 32 46 17 82 12
14 37 1 8 42 19 19 20 71 75
14 38 22 45 53 52 21 58 42 40
14 39 0 52 14 56 65 48 26 52
14 40 22 45 77 58 82 30 58 26
14 41 43 73 41 52 65 68 83 73
15 16 18 10 56 25 16 19 72 27
15 17 18 75 39 41 66 5 39 6
15 18 73 94 46 46 94 57 90 76
15 19 32 83 14 50 35 33 75 47
15 20 64 53 23 14 17 85 75 21
15 21 11 11 35 46 58 79 66 35
15 22 62 65 15 17 52 85 82 30
15 23 52 26 28 16 49 48 89 74
15 24 14 7 6 64 70 20 57 7
15 25 92 42 54 70 82 49 69 46
15 26 88 79 25 33 47 93 89 54
15 27 68 17 82 52 92 40 41 68
15 28 59 80 41 27 87 57 77 54
15 29 73 44 26 79 93 70 23 90
15 30 14 27 60 57 21 78 44 67
15 31 8 52 5 30 70 36 63 10
15 32 44 51 84 28 70 69 20 8
15 33 34 57 85 23 18 25 31 17
15 34 17 12 57 13 81 8 73 42
15 35 75 28 33 46 18 70 85 74
15 36 50 49 41 88 58 60 64 22
15 37 37 72 15 74 36 9 47 29
15 38 50 66 29 15 74 35 56 14
15 39 84 29 61 81 76 71 79 50
15 40 1 55 56 37 26 26 18 23
15 41 43 69 15 25 65 61 70 41
16 17 69 51 67 92 24 56 54 29
16 18 43 87 42 25 57 81 16 30
16 19 96 45 64 39 62 43 73 29
16 20 96 90 27 88 85 44 38 24
16 21 97 22 53 59 52 22 50 99
16 22 97 93 66 86 60 24 25 81
16 23 70 80 26 82 73 85 36 81
16 24 43 85 18 11 48 79 36 59
16 25 85 82 95 43 57 35 47 23
16 26 91 24 31 95 57 79 26 40
16 27 5 72 49 41 24 56 74 77
16 28 68 41 38 48 77 62 92 14
16 29 40 75 17 85 28 79 36 27
16 30 20 41 77 64 15 48 34 82
16 31 23 46 71 78 66 7 36 5
16 32 71 42 16 46 58 31 20 65
16 33 81 25 16 81 55 49 76 63
16 34 49 26 83 13 10 87 58 35
16 35 50 66 31 77 40 60 23 19
16 36 84 91 58 95 26 96 76 36
16 37 84 52 96 82 30 72 46 84
16 38 4 79 27 65 0 31 43 32
16 39 57 14 18 41 28 65 84 50
16 40 52 86 72 71 29 28 70 70
16 41 69 50 18 74 69 55 51 40
17 18 8 1 5 32 70 5 62 5
17 19 1 36 10 41 44 54 33 41
17 20 51 67 30 47 21 68 53 48
17 21 96 52 62 60 53 80 48 21
17 22 30 64 16 44 20 22 29 43
17 23 46 48 21 28 40 82 57 31
17 24 13 15 48 21 34 81 32 23
17 25 32 42 26 27 66 18 29 28
17 26 89 91 82 18 66 69 18 80
17 27 45 66 58 62 86 64 55 27
17 28 59 74 63 33 39 34 85 44
17 29 41 45 31 17 49 24 62 58
17 30 89 96 89 33 36 21 78 73
17 31 69 43 53 50 35 74 32 20
17 32 77 62 46 56 64 86 35 90
17 33 90 56 88 22 92 95 41 47
17 34 24 43 84 28 49 23 75 51
17 35 62 58 47 23 23 37 91 57
17 36 22 58 25 65 58 24 64 7
17 37 66 88 74 81 54 87 57 45
17 38 22 35 56 81 66 26 38 55
17 39 6 35 57 2 79 63 57 66
17 40 57 24 70 32 83 77 48 58
17 41 35 16 14 39 59 78 86 68
18 19 61 35 30 41 64 49 41 82
18 20 45 73 89 65 57 63 24 56
18 21 14 79 33 24 23 20 71 70
18 22 45 42 28 69 63 22 77 46
18 23 89 56 18 68 88 66 45 64
18 24 99 41 77 73 23 86 77 25
18 25 51 61 53 17 79 55 86 84
18 26 6 50 17 61 16 15 41 14
18 27 86 19 63 74 41 78 60 18
18 28 92 42 60 25 20 20 87 86
18 29 40 35 87 32 31 26 61 32
18 30 31 9 73 17 26 84 35 62
18 31 97 68 77 30 35 85 62 29
18 32 48 60 47 35 30 31 61 44
18 33 69 63 14 49 75 19 86 45
18 34 56 30 17 18 36 49 80 28
18 35 88 69 95 89 57 87 36 90
18 36 73 44 93 21 65 57 55 27
18 37 58 80 18 45 79 90 53 51
18 38 85 62 37 49 92 77 24 25
18 39 47 29 89 15 87 36 89 33
18 40 0 64 26 50 22 40 35 21
18 41 92 82 39 88 88 92 82 76
19 20 98 32 59 88 38 75 63 45
19 21 56 25 16 81 34 39 27 45
19 22 3 41 60 69 30 55 73 33
19 23 16 18 35 6 47 60 17 31
19 24 78 63 86 23 19 24 84 26
19 25 89 88 35 57 92 25 78 71
19 26 80 39 56 29 84 21 21 59
19 27 58 18 90 40 17 48 71 55
19 28 83 44 41 38 61 81 31 34
19 29 71 54 37 17 16 19 71 78
19 30 51 11 32 44 34 51 40 70
19 31 80 33 18 24 83 30 85 92
19 32 33 42 30 72 64 14 43 39
19 33 57 28 24 46 67 43 66 47
19 34 30 19 23 7 69 35 81 65
19 35 6 55 43 47 61 41 18 16
19 36 66 18 48 38 80 33 37 42
19 37 87 64 61 46 40 25 38 23
19 38 7 19 56 25 72 12 42 15
19 39 30 41 54 16 28 36 21 21
19 40 46 75 19 21 19 59 78 26
19 41 37 25 50 74 56 8 61 40
20 21 95 20 56 34 24 49 26 43
20 22 38 8 80 74 82 72 62 30
20 23 54 31 30 41 64 31 41 29
20 24 63 87 27 79 44 44 67 83
20 25 80 83 81 22 69 94 26 50
20 26 26 11 27 78 14 19 12 67
20 27 60 24 56 31 59 47 79 66
20 28 83 64 67 63 86 61 19 39
20 29 48 60 15 29 63 41 83 62
20 30 20 61 61 45 12 23 36 79
20 31 63 70 48 41 79 64 49 20
20 32 38 26 77 68 69 70 57 26
20 33 14 24 55 6 35 34 24 67
20 34 24 83 25 14 25 57 60 78
20 35 90 67 70 21 63 27 35 83
20 36 17 55 53 77 12 30 27 70
20 37 23 29 6 45 9 84 25 9
20 38 12 56 8 51 17 44 38 67
20 39 78 45 48 89 59 42 40 30
20 40 26 30 29 53 82 20 14 63
20 41 40 42 21 82 28 57 49 73
21 22 67 29 72 42 76 74 61 89
21 23 64 69 38 49 75 59 68 36
21 24 4 51 76 65 23 25 56 29
21 25 30 85 85 14 24 19 40 10
21 26 53 81 21 28 17 73 12 19
21 27 22 4 84 66 41 49 12 76
21 28 68 89 77 57 93 48 47 74
21 29 92 26 37 21 35 52 87 20
21 30 51 19 46 48 70 55 26 20
21 31 12 44 47 71 16 41 81 11
21 32 94 75 85 55 31 29 68 61
21 33 99 48 74 85 77 74 64 68
21 34 88 38 58 26 23 30 68 21
21 35 33 60 85 47 14 10 9 67
21 36 15 76 50 74 80 60 34 65
21 37 11 61 67 35 39 46 47 42
21 38 66 16 20 67 50 63 16 45
21 39 47 40 47 32 70 42 30 76
21 40 47 14 29 69 37 54 52 50
21 41 27 69 25 59 80 61 65 60
22 23 15 28 14 14 15 74 20 7
22 24 59 69 77 86 85 18 19 56
22 25 20 26 23 61 59 34 4 42
22 26 89 65 32 68 25 47 43 57
22 27 47 69 15 45 59 31 22 36
22 28 72 84 80 24 19 56 45 45
22 29 22 64 11 73 17 28 24 21
22 30 81 92 84 18 75 56 17 18
22 31 18 77 36 45 66 7 76 41
22 32 39 81 78 13 46 69 12 36
22 33 83 26 42 43 22 60 22 62
22 34 90 72 82 70 24 90 73 93
22 35 65 30 60 66 40 37 15 39
22 36 8 15 77 18 70 19 73 33
22 37 68 24 92 47 37 34 18 55
22 38 21 36 81 39 32 6 58 73
22 39 55 38 77 58 27 39 34 69
22 40 45 11 58 20 63 56 16 47
22 41 56 33 36 44 88 43 83 35
23 24 24 13 72 46 59 60 17 48
23 25 72 46 80 66 60 32 36 17
23 26 84 95 87 82 59 64 79 29
23 27 67 35 21 70 90 66 89 86
23 28 81 38 65 74 55 91 95 60
23 29 66 81 92 44 77 13 78 81
23 30 47 36 69 54 66 68 63 19
23 31 44 83 39 21 37 24 40 42
23 32 90 93 83 89 45 22 38 67
23 33 22 58 10 82 46 12 24 8
23 34 67 78 47 90 52 57 55 60
23 35 30 79 9 55 37 42 9 45
23 36 82 19 23 85 16 57 84 28
23 37 86 77 55 41 68 35 33 95
23 38 61 61 82 76 84 42 24 87
23 39 39 58 68 60 70 69 86 71
23 40 90 22 69 51 53 78 26 70
23 41 67 48 73 43 30 37 15 63
24 25 54 50 67 48 42 73 73 13
24 26 87 79 96 84 23 59 42 31
24 27 62 89 92 15 88 42 86 84
24 28 79 23 27 70 56 80 35 59
24 29 14 68 33 27 71 30 12 74
24 30 55 31 39 44 74 86 60 59
24 31 33 13 71 21 37 34 58 18
24 32 9 15 80 9 65 29 65 76
24 33 80 39 90 84 55 23 37 41
24 34 17 5 75 73 41 82 75 78
24 35 66 83 52 49 49 26 36 53
24 36 78 64 61 81 80 64 54 47
24 37 92 81 27 46 72 18 70 63
24 38 30 28 8 23 64 58 77 17
24 39 97 43 97 66 57 85 80 40
24 40 64 80 21 79 43 73 20 88
24 41 52 44 84 55 65 72 60 11
25 26 72 63 23 52 67 77 88 60
25 27 73 37 20 54 41 48 70 91
25 28 35 22 25 69 80 82 16 79
25 29 91 86 44 32 36 86 90 61
25 30 72 46 53 84 67 74 54 91
25 31 80 71 35 52 59 51 43 92
25 32 38 32 87 35 47 60 15 77
25 33 74 91 29 19 77 40 23 78
25 34 70 44 28 34 91 76 54 76
25 35 74 27 65 57 52 50 42 59
25 36 89 50 30 72 26 30 35 87
25 37 11 76 46 37 31 74 66 30
25 38 71 18 48 25 23 86 20 60
25 39 56 75 39 29 16 74 43 19
25 40 48 82 17 88 31 49 58 74
25 41 36 51 79 21 15 54 39 24
26 27 98 40 69 89 27 21 78 33
26 28 8 43 61 65 50 15 11 10
26 29 34 72 71 51 50 24 76 55
26 30 39 77 36 59 62 37 10 13
26 31 70 81 62 62 79 64 38 61
26 32 60 40 18 28 70 78 91 21
26 33 83 61 82 89 30 49 82 94
26 34 83 70 36 28 69 54 20 33
26 35 65 88 37 48 37 79 81 57
26 36 64 41 63 58 17 47 35 12
26 37 0 5 21 23 59 54 26 56
26 38 46 27 21 27 18 37 33 87
26 39 39 73 72 26 19 14 53 41
26 40 55 16 35 15 34 65 74 33
26 41 52 43 67 61 83 89 47 83
27 28 21 25 75 18 76 30 14 81
27 29 18 47 67 49 24 8 68 66
27 30 45 38 39 17 20 11 79 87
27 31 68 38 62 64 18 40 61 81
27 32 78 21 42 52 16 84 89 81
27 33 78 76 92 49 51 17 87 39
27 34 49 83 10 68 61 84 34 69
27 35 2 66 14 51 70 74 6 74
27 36 27 77 25 56 80 61 68 62
27 37 7 4 55 52 57 39 12 77
27 38 57 53 62 58 31 55 21 23
27 39 19 22 62 71 22 74 56 61
27 40 21 68 26 12 28 19 51 52
27 41 89 19 30 69 64 39 73 74
28 29 83 37 47 69 35 44 47 34
28 30 43 53 16 81 40 85 12 65
28 31 31 29 70 74 73 20 30 26
28 32 92 22 87 93 26 37 87 60
28 33 16 35 22 52 14 61 79 54
28 34 41 23 15 48 13 16 69 80
28 35 57 30 41 74 39 68 78 27
28 36 96 44 57 95 22 25 66 68
28 37 98 22 29 36 86 84 85 76
28 38 23 38 11 12 34 23 27 24
28 39 65 72 44 23 74 26 32 34
28 40 92 28 64 70 44 86 31 35
28 41 17 54 29 78 54 21 66 53
29 30 5 72 38 25 77 4 16 70
29 31 19 22 60 82 83 72 37 20
29 32 41 71 54 41 88 37 20 68
29 33 44 37 71 82 88 78 33 87
29 34 98 47 37 51 99 91 55 66
29 35 62 63 16 28 67 76 63 51
29 36 24 30 22 84 69 82 55 81
29 37 44 15 72 71 28 18 51 44
29 38 8 46 8 55 25 74 56 58
29 39 28 42 35 10 11 76 25 71
29 40 62 89 38 67 29 79 46 71
29 41 54 11 31 38 48 80 19 76
30 31 42 26 25 53 23 17 52 63
30 32 55 22 47 19 73 73 23 72
30 33 32 62 41 14 8 83 75 21
30 34 10 39 47 41 64 10 75 58
30 35 37 54 74 77 68 11 63 66
30 36 3 42 19 51 44 45 4 27
30 37 33 51 50 14 36 25 15 77
30 38 23 24 41 26 21 51 28 18
30 39 73 15 91 80 18 53 57 39
30 40 83 70 68 42 87 68 82 96
30 41 29 61 34 31 46 12 73 12
31 32 7 7 38 74 78 26 62 5
31 33 50 36 26 42 73 58 59 63
31 34 6 38 57 38 19 74 49 3
31 35 10 51 71 38 72 36 46 7
31 36 43 14 34 23 29 31 43 23
31 37 5 60 48 45 47 2 74 68
31 38 68 58 54 22 16 88 31 53
31 39 19 73 57 79 52 56 30 54
31 40 0 71 54 65 59 55 77 27
31 41 94 44 90 34 52 88 57 34
32 33 31 29 54 9 83 62 75 56
32 34 6 25 2 35 76 58 11 68
32 35 34 17 11 69 16 38 14 67
32 36 5 9 23 16 27 6 45 50
32 37 77 55 84 73 83 25 40 22
32 38 88 91 55 75 23 50 80 44
32 39 80 44 33 28 44 47 45 31
32 40 9 33 34 33 79 24 10 26
32 41 10 59 17 57 43 69 13 75
33 34 32 33 84 14 41 55 12 69
33 35 24 30 25 16 34 66 84 9
33 36 83 19 61 29 55 29 71 67
33 37 93 44 39 47 86 21 78 39
33 38 38 45 84 55 43 31 67 59
33 39 74 58 53 17 85 88 89 79
33 40 35 61 45 70 83 29 29 51
33 41 74 21 86 71 48 69 89 69
34 35 46 53 9 54 63 39 64 19
34 36 48 32 60 57 87 16 34 28
34 37 73 59 15 93 26 47 60 80
34 38 90 60 72 36 56 21 26 80
34 39 33 75 80 70 80 40 37 24
34 40 86 81 79 68 77 80 64 84
34 41 74 27 48 47 69 56 53 88
35 36 59 54 49 57 23 78 54 25
35 37 74 40 52 15 44 65 19 77
35 38 72 82 57 38 49 19 70 80
35 39 4 31 35 4 18 59 21 36
35 40 5 40 75 20 29 55 58 45
35 41 8 9 33 15 40 28 40 8
36 37 16 7 68 52 3 11 14 38
36 38 82 92 82 34 46 35 58 40
36 39 89 68 93 36 56 31 93 59
36 40 99 45 27 61 72 22 25 43
36 41 25 40 72 29 50 15 54 37
37 38 28 29 24 71 68 79 12 25
37 39 22 59 24 30 34 57 57 68
37 40 51 41 31 44 37 45 41 85
37 41 70 19 73 59 43 39 38 59
38 39 99 98 55 98 37 98 78 35
38 40 35 16 8 70 42 66 29 52
38 41 57 64 48 12 79 37 59 18
39 40 81 84 41 89 85 22 71 53
39 41 52 87 34 62 52 86 75 42
40 41 45 63 29 80 20 39 78 82
