45 8
0.142857 0.142857 0.142857 0.142857 0.142857 0.142857 0.142857 0.0 
0 1 48 73 48 40 30 60 47 28
0 2 55 58 52 74 65 44 65 71
0 3 22 16 35 54 57 20 26 40
0 4 19 59 22 28 11 30 40 20
0 5 94 81 75 86 53 63 90 74
0 6 88 61 78 47 65 59 70 68
0 7 62 31 47 65 55 63 42 58
0 8 60 56 74 74 55 66 48 56
0 9 32 57 38 30 62 57 61 37
0 10 88 71 86 77 56 60 50 80
0 11 79 78 57 74 68 61 55 40
0 12 54 34 33 64 30 42 75 74
0 13 38 65 35 28 64 19 29 66
0 14 53 69 38 68 38 75 32 50
0 15 63 32 50 71 57 40 47 65
0 16 27 31 38 26 58 44 62 54
0 17 97 51 71 67 49 72 65 53
0 18 69 45 77 78 65 54 52 70
0 19 89 68 71 47 89 84 57 62
0 20 29 64 54 50 62 62 42 46
0 21 54 42 73 69 70 67 59 59
0 22 58 31 47 47 75 62 46 77
0 23 55 52 67 62 68 33 65 61
0 24 78 44 69 59 82 47 84 50
0 25 75 75 51 47 53 86 74 57
0 26 85 47 90 84 54 63 79 65
0 27 97 59 85 88 53 65 71 79
0 28 29 28 31 35 28 30 18 24
0 29 92 79 78 58 49 49 68 72
0 30 34 24 51 38 17 47 37 45
0 31 78 41 75 86 65 73 40 86
0 32 0 28 40 7 26 16 24 31
0 33 16 28 44 39 49 31 27 45
0 34 8 21 9 47 46 23 5 44
0 35 21 11 23 34 17 34 18 13
0 36 17 10 48 44 40 32 29 15
0 37 79 60 80 68 54 55 82 47
0 38 57 52 34 59 31 61 29 77
0 39 71 65 62 74 48 63 71 36
0 40 14 26 9 11 36 47 15 56
0 41 62 49 51 40 42 74 81 44
0 42 95 51 60 69 95 71 92 76
0 43 77 52 60 74 53 41 47 71
0 44 13 47 56 51 42 20 26 27
1 2 37 56 45 31 54 32 45 40
1 3 39 68 38 47 42 62 43 24
1 4 20 55 31 44 44 50 36 11
1 5 20 40 33 31 47 53 15 39
1 6 57 65 35 47 46 75 64 39
1 7 39 29 51 42 23 28 64 34
1 8 94 62 81 73 67 65 65 48
1 9 80 66 82 63 46 56 79 44
1 10 97 94 61 85 95 51 55 53
1 11 67 36 67 61 50 49 65 39
1 12 10 51 22 25 9 42 34 52
1 13 98 53 89 85 89 60 61 98
1 14 29 16 61 51 39 43 38 55
1 15 94 59 67 48 51 60 87 77
1 16 58 58 64 36 57 50 49 68
1 17 84 88 90 54 84 79 49 69
1 18 91 79 66 68 85 86 83 47
1 19 6 31 28 3 51 8 49 15
1 20 93 76 59 71 64 92 79 89
1 21 27 29 47 49 60 38 58 34
1 22 31 25 42 18 22 57 43 19
1 23 80 71 48 78 42 76 67 83
1 24 27 26 41 38 23 43 31 45
1 25 16 45 39 8 39 37 52 8
1 26 50 36 61 64 34 44 38 52
1 27 70 64 62 50 64 83 68 44
1 28 30 35 34 27 38 16 16 19
1 29 3 38 34 11 42 18 30 19
1 30 78 51 44 50 75 74 86 43
1 31 70 82 74 79 82 84 36 81
1 32 22 55 57 46 14 35 28 51
1 33 10 54 50 24 11 6 38 50
1 34 15 14 53 20 57 35 17 56
1 35 20 49 48 53 58 56 39 54
1 36 99 52 68 83 99 71 66 87
1 37 26 38 35 33 44 46 39 31
1 38 81 80 71 54 81 43 52 53
1 39 0 35 32 38 34 41 48 29
1 40 19 51 39 18 45 36 34 47
1 41 48 74 34 38 29 25 36 46
1 42 68 73 80 65 69 40 59 58
1 43 52 66 47 71 59 61 52 47
1 44 12 36 55 19 45 53 39 28
2 3 37 53 67 38 40 34 23 32
2 4 94 71 66 66 67 58 75 96
2 5 23 26 30 41 40 13 58 14
2 6 29 50 18 32 31 18 53 59
2 7 50 52 29 43 69 58 27 61
2 8 84 63 87 43 65 53 71 88
2 9 97 72 60 82 52 80 94 64
2 10 26 60 30 49 18 50 28 49
2 11 24 36 54 40 27 41 42 57
2 12 58 33 70 58 63 39 47 68
2 13 70 65 47 67 36 43 67 62
2 14 9 21 6 28 31 54 22 45
2 15 82 44 48 89 65 82 65 80
2 16 9 29 5 20 30 18 27 22
2 17 73 55 47 86 86 51 79 46
2 18 26 21 15 32 21 57 44 16
2 19 52 41 46 32 63 46 42 44
2 20 98 94 85 66 75 51 71 57
2 21 97 66 61 65 91 49 56 54
2 22 0 48 0 11 26 18 14 27
2 23 11 11 49 54 18 8 17 50
2 24 30 37 29 24 31 25 55 40
2 25 72 70 74 41 65 64 79 79
2 26 48 57 44 65 67 61 65 57
2 27 63 45 64 59 45 47 66 62
2 28 10 25 34 25 25 9 23 12
2 29 57 40 51 78 29 66 54 43
2 30 25 62 26 57 61 52 22 44
2 31 31 32 50 23 57 19 17 42
2 32 35 44 28 55 46 34 36 55
2 33 48 26 51 42 66 59 46 39
2 34 15 19 33 50 44 57 19 51
2 35 4 3 40 33 6 8 15 41
2 36 89 63 75 56 90 89 49 70
2 37 54 34 44 37 51 65 36 68
2 38 17 50 42 15 54 57 42 57
2 39 36 35 63 50 38 63 38 24
2 40 81 49 67 75 88 57 85 80
2 41 73 39 58 45 58 81 47 70
2 42 30 15 46 15 20 60 21 60
2 43 34 63 51 66 52 63 41 37
2 44 37 67 61 34 22 29 35 37
3 4 14 47 54 31 31 54 48 24
3 5 81 64 81 89 55 60 54 58
3 6 69 36 42 66 75 57 64 47
3 7 49 68 57 57 39 52 67 46
3 8 96 53 85 56 76 75 51 48
3 9 31 53 32 53 37 32 54 59
3 10 68 34 80 36 66 38 65 42
3 11 23 25 35 51 26 48 60 17
3 12 70 41 64 56 56 63 39 76
3 13 52 67 41 32 57 69 29 32
3 14 63 68 58 57 38 74 53 64
3 15 77 86 62 66 55 87 61 82
3 16 84 70 46 42 55 67 82 49
3 17 91 50 78 75 53 51 84 59
3 18 28 16 38 23 24 57 45 57
3 19 97 56 70 56 63 93 97 98
3 20 41 28 46 44 28 27 51 64
3 21 99 73 56 91 85 55 80 61
3 22 20 31 46 49 14 38 19 49
3 23 41 33 46 30 29 64 39 41
3 24 80 57 66 61 58 87 51 45
3 25 9 24 38 8 53 29 51 12
3 26 2 3 26 24 40 22 7 50
3 27 55 75 61 28 45 35 68 66
3 28 34 26 64 46 21 50 36 25
3 29 20 23 44 24 34 28 11 41
3 30 52 71 63 71 34 39 66 50
3 31 29 55 39 54 47 36 31 26
3 32 56 72 34 51 29 58 34 54
3 33 77 40 84 53 54 62 71 77
3 34 80 60 73 86 77 60 61 53
3 35 21 21 33 33 56 41 58 41
3 36 47 44 71 63 26 62 30 48
3 37 19 17 36 30 26 49 57 38
3 38 12 43 15 11 34 24 12 40
3 39 78 56 87 72 77 67 57 49
3 40 41 60 56 38 55 68 48 29
3 41 47 69 24 52 71 24 30 50
3 42 35 47 57 46 21 35 37 54
3 43 86 91 84 79 63 78 77 56
3 44 44 43 58 54 32 43 24 40
4 5 37 46 20 39 56 62 29 46
4 6 2 9 32 3 44 42 35 19
4 7 61 43 61 43 35 35 79 73
4 8 10 21 44 8 32 54 42 21
4 9 74 54 45 78 62 66 62 56
4 10 75 47 63 46 79 74 48 39
4 11 91 49 94 50 53 71 54 71
4 12 85 61 90 84 71 77 43 82
4 13 90 62 68 78 91 52 48 47
4 14 88 87 51 79 75 86 74 82
4 15 82 56 74 56 75 49 64 54
4 16 98 91 88 64 55 88 67 72
4 17 82 81 47 48 81 58 71 86
4 18 67 52 61 39 38 62 35 54
4 19 96 54 84 60 57 66 83 81
4 20 22 19 49 42 42 16 25 56
4 21 57 52 59 32 70 75 43 42
4 22 73 76 85 66 51 68 39 82
4 23 68 71 44 53 70 36 81 43
4 24 30 35 27 15 49 43 53 31
4 25 36 27 53 29 25 28 52 67
4 26 2 27 42 17 21 26 35 17
4 27 73 59 42 46 65 69 84 56
4 28 90 94 93 82 64 45 69 90
4 29 41 62 34 70 64 54 23 64
4 30 11 18 26 47 13 22 35 30
4 31 97 76 80 70 58 83 50 67
4 32 70 48 71 75 53 57 84 36
4 33 0 43 48 8 20 47 18 46
4 34 53 57 33 67 29 34 62 57
4 35 37 31 63 42 32 25 64 39
4 36 70 77 47 43 80 60 46 63
4 37 79 83 41 47 40 70 76 82
4 38 62 61 75 37 34 57 31 64
4 39 9 25 46 19 28 17 32 39
4 40 79 60 87 83 74 68 77 65
4 41 84 57 63 69 76 43 55 46
4 42 85 58 88 42 90 72 47 61
4 43 83 79 53 60 70 86 53 69
4 44 36 66 47 42 35 57 42 48
5 6 29 21 28 49 16 49 24 63
5 7 70 59 61 51 68 58 63 66
5 8 33 29 36 50 26 38 65 18
5 9 87 62 66 71 59 67 59 54
5 10 62 32 71 57 37 60 72 72
5 11 58 56 76 56 69 42 77 75
5 12 46 38 34 33 71 42 43 53
5 13 84 71 74 63 65 88 76 76
5 14 20 15 18 49 11 21 49 37
5 15 76 48 49 63 69 53 48 85
5 16 96 70 87 77 72 58 65 82
5 17 41 21 23 67 49 22 52 53
5 18 15 25 25 34 56 18 15 14
5 19 5 43 20 15 37 34 21 49
5 20 55 43 77 69 50 48 57 39
5 21 89 50 93 68 75 72 50 70
5 22 65 39 76 74 77 56 46 78
5 23 96 92 56 94 70 78 86 59
5 24 56 64 36 53 68 56 34 75
5 25 57 78 45 53 43 58 62 39
5 26 91 75 84 55 65 80 48 94
5 27 77 77 64 74 63 67 74 40
5 28 98 69 94 72 83 90 90 51
5 29 61 70 53 55 38 63 49 46
5 30 14 51 9 29 7 25 37 28
5 31 10 41 46 21 31 13 52 27
5 32 25 16 28 22 19 14 42 16
5 33 35 51 66 51 58 33 23 37
5 34 87 73 81 57 67 50 71 71
5 35 95 63 74 79 88 52 67 78
5 36 40 63 41 49 35 26 50 69
5 37 34 48 39 43 23 50 25 45
5 38 90 84 84 92 78 45 62 94
5 39 28 19 32 18 46 39 35 42
5 40 26 36 43 52 28 30 37 23
5 41 96 76 62 57 54 52 85 83
5 42 63 56 54 47 64 41 53 50
5 43 69 63 52 65 38 79 42 75
5 44 11 9 15 22 46 13 38 51
6 7 56 62 44 45 39 39 32 38
6 8 49 37 37 41 47 62 52 34
6 9 93 74 69 47 70 85 92 92
6 10 43 51 53 47 34 59 70 67
6 11 55 47 30 49 70 61 71 35
6 12 57 68 67 43 43 72 30 68
6 13 76 59 86 69 40 57 57 74
6 14 91 72 78 62 65 54 87 87
6 15 23 14 44 47 58 22 22 38
6 16 0 9 30 42 8 31 47 48
6 17 55 45 38 45 57 60 58 39
6 18 31 46 63 18 64 27 63 36
6 19 84 59 77 84 45 87 51 66
6 20 16 10 41 54 21 53 34 43
6 21 20 44 18 25 47 42 24 25
6 22 46 67 60 43 40 52 32 69
6 23 1 15 50 21 38 10 50 7
6 24 37 64 21 49 26 25 27 45
6 25 51 37 69 50 72 35 42 64
6 26 3 24 23 31 28 4 9 22
6 27 78 51 39 84 58 51 68 75
6 28 74 51 80 40 83 80 80 70
6 29 90 79 56 88 60 69 90 89
6 30 23 52 17 32 43 22 16 25
6 31 13 49 47 9 16 23 36 51
6 32 96 90 97 97 75 78 66 96
6 33 72 65 78 77 65 82 83 75
6 34 67 81 42 80 56 37 74 49
6 35 60 68 61 69 34 50 50 73
6 36 75 43 65 77 62 38 87 86
6 37 34 22 67 39 18 48 57 37
6 38 34 19 20 55 43 38 52 59
6 39 33 64 50 38 30 32 45 38
6 40 34 50 31 34 59 55 32 18
6 41 5 38 19 49 22 15 26 15
6 42 19 14 27 16 39 11 28 50
6 43 17 54 42 41 17 47 31 53
6 44 60 74 47 38 38 67 69 78
7 8 19 26 46 28 57 43 9 36
7 9 78 85 52 80 70 88 41 52
7 10 85 76 47 89 83 45 61 78
7 11 31 52 47 32 41 35 32 26
7 12 78 56 68 40 68 84 78 87
7 13 0 40 39 35 45 12 36 22
7 14 2 28 44 37 33 18 42 20
7 15 61 40 46 59 58 50 32 67
7 16 5 25 27 16 14 30 50 8
7 17 11 47 47 7 10 48 13 13
7 18 13 22 53 30 54 33 20 11
7 19 24 43 17 13 20 57 16 12
7 20 53 68 73 59 31 64 46 31
7 21 4 4 30 23 15 50 32 8
7 22 20 25 29 45 32 54 32 51
7 23 96 51 65 87 69 66 65 51
7 24 4 23 41 10 50 20 16 10
7 25 6 44 22 52 38 8 22 23
7 26 7 50 42 44 40 4 34 31
7 27 87 80 79 56 57 81 54 60
7 28 76 74 64 61 68 69 70 78
7 29 37 46 21 56 66 36 39 40
7 30 52 27 43 75 34 27 61 42
7 31 2 8 15 10 50 48 48 29
7 32 2 46 40 50 14 6 13 40
7 33 87 72 61 72 81 79 59 57
7 34 52 52 43 61 46 29 57 54
7 35 84 75 88 81 81 69 78 60
7 36 90 54 78 55 66 55 51 80
7 37 88 85 87 47 81 59 79 67
7 38 69 57 42 65 56 61 48 74
7 39 84 58 89 66 76 62 64 81
7 40 16 25 48 48 41 39 45 37
7 41 10 8 29 17 44 16 45 39
7 42 18 17 35 47 37 44 39 34
7 43 41 58 57 47 59 66 36 65
7 44 74 46 64 79 53 74 65 79
8 9 16 50 43 27 30 30 10 23
8 10 70 84 75 35 42 62 62 37
8 11 76 64 65 47 86 65 81 75
8 12 7 46 28 32 44 20 26 53
8 13 0 15 41 37 44 24 14 3
8 14 93 57 93 47 57 93 63 78
8 15 29 51 40 35 30 16 61 43
8 16 70 35 36 39 81 72 52 43
8 17 56 69 33 56 49 77 30 41
8 18 5 7 46 49 11 52 38 51
8 19 10 31 8 40 51 42 12 46
8 20 17 37 45 51 46 34 21 53
8 21 41 29 53 37 58 38 20 35
8 22 62 77 53 38 71 59 74 58
8 23 54 36 39 70 68 27 59 29
8 24 67 60 49 79 83 65 56 39
8 25 18 54 15 15 31 15 25 35
8 26 27 54 33 51 39 51 54 47
8 27 37 65 28 32 39 64 28 19
8 28 66 41 38 51 81 77 42 57
8 29 95 93 49 85 93 96 86 52
8 30 51 43 63 52 59 52 39 36
8 31 49 58 36 68 33 66 54 45
8 32 0 34 48 33 41 24 46 37
8 33 42 42 38 45 63 60 38 30
8 34 46 39 49 66 55 51 45 67
8 35 58 73 58 44 52 77 66 43
8 36 7 34 15 46 46 13 36 49
8 37 8 34 30 51 44 14 44 47
8 38 8 39 42 44 33 22 33 41
8 39 1 5 13 9 17 17 45 49
8 40 50 52 40 29 28 41 70 68
8 41 30 49 19 40 33 58 33 25
8 42 22 20 59 59 37 56 12 12
8 43 69 46 60 35 80 50 80 61
8 44 38 46 49 43 23 21 32 49
9 10 40 42 28 38 40 24 61 39
9 11 72 58 60 40 50 64 67 67
9 12 47 28 71 30 51 55 37 34
9 13 70 45 71 63 42 83 36 71
9 14 16 21 26 21 47 55 21 13
9 15 3 38 49 32 20 11 46 16
9 16 23 38 19 38 27 53 24 51
9 17 27 55 59 54 53 38 36 19
9 18 49 60 67 25 42 39 35 46
9 19 17 24 55 43 27 44 38 34
9 20 92 69 56 83 84 92 52 90
9 21 90 46 80 81 78 89 46 64
9 22 98 68 67 53 83 60 80 58
9 23 4 32 15 7 16 42 6 32
9 24 7 31 43 31 25 47 11 29
9 25 29 45 40 36 55 62 60 59
9 26 3 34 24 39 19 9 18 26
9 27 36 41 48 51 65 20 38 29
9 28 96 65 50 78 90 71 86 93
9 29 55 40 43 71 53 68 42 69
9 30 95 84 74 91 52 91 92 80
9 31 58 56 42 72 59 75 37 70
9 32 36 54 30 37 23 59 67 21
9 33 27 20 35 17 49 23 60 52
9 34 53 32 64 39 65 71 29 35
9 35 74 44 52 78 79 70 54 76
9 36 84 73 85 45 56 53 82 91
9 37 25 13 22 18 22 46 56 34
9 38 31 18 38 47 20 50 16 21
9 39 91 94 76 64 91 82 49 51
9 40 98 81 76 62 83 75 90 54
9 41 41 43 66 68 37 70 23 20
9 42 68 72 76 67 35 48 71 58
9 43 29 15 60 23 17 51 58 57
9 44 75 75 37 84 53 60 41 83
10 11 86 61 62 53 88 47 78 83
10 12 9 45 13 8 53 21 5 44
10 13 79 75 86 68 78 64 59 64
10 14 78 73 61 64 77 68 88 62
10 15 52 54 26 35 38 53 35 74
10 16 62 46 44 31 44 66 46 36
10 17 45 65 69 62 25 29 63 53
10 18 55 60 76 64 59 64 36 54
10 19 42 22 68 24 37 60 28 56
10 20 97 83 91 71 65 77 75 57
10 21 16 8 23 57 24 31 43 36
10 22 82 43 65 52 87 79 50 46
10 23 30 41 17 43 22 45 51 26
10 24 58 47 70 51 43 55 30 40
10 25 76 71 70 57 65 39 45 39
10 26 26 47 26 16 44 24 31 38
10 27 82 66 67 56 84 72 86 68
10 28 76 65 83 58 67 86 44 68
10 29 77 52 68 61 42 65 77 66
10 30 62 47 35 49 75 44 58 78
10 31 29 62 59 32 23 21 34 24
10 32 31 47 55 20 43 35 48 60
10 33 18 13 24 29 46 53 46 21
10 34 10 20 54 19 10 21 33 39
10 35 91 95 47 62 95 48 68 89
10 36 58 56 76 30 74 76 74 75
10 37 14 15 47 43 15 52 37 56
10 38 98 62 63 76 57 78 76 87
10 39 93 82 66 66 47 68 60 54
10 40 40 41 34 39 69 55 56 47
10 41 98 69 75 63 75 76 68 88
10 42 88 91 89 53 48 93 50 50
10 43 85 72 47 78 79 84 50 65
10 44 23 35 16 25 59 37 49 44
11 12 24 19 19 53 17 52 54 46
11 13 81 69 82 47 56 75 78 60
11 14 80 86 50 66 48 74 57 51
11 15 68 58 77 40 38 61 71 63
11 16 68 51 36 57 62 79 35 74
11 17 48 61 33 43 32 36 57 41
11 18 47 30 42 65 62 49 56 61
11 19 90 61 94 84 59 77 70 45
11 20 36 25 21 26 36 51 58 49
11 21 14 50 8 20 8 12 11 54
11 22 80 40 71 54 55 69 88 75
11 23 16 8 21 47 44 54 52 36
11 24 64 65 81 45 71 55 71 42
11 25 97 87 73 95 49 76 58 60
11 26 74 60 58 79 73 51 62 49
11 27 58 70 77 50 47 51 79 61
11 28 54 72 37 35 39 65 67 29
11 29 11 8 24 19 15 16 32 18
11 30 34 67 59 40 21 53 55 19
11 31 44 47 70 50 29 48 58 26
11 32 91 48 55 59 93 78 86 60
11 33 55 38 37 74 72 41 73 28
11 34 66 69 41 54 77 48 69 80
11 35 82 62 71 87 54 82 53 85
11 36 46 34 66 24 56 23 66 68
11 37 61 45 71 41 39 53 31 36
11 38 75 86 87 75 77 77 77 86
11 39 38 49 62 53 37 52 52 43
11 40 13 33 40 12 56 50 54 8
11 41 89 90 82 46 91 46 54 56
11 42 59 39 42 36 33 70 62 78
11 43 21 19 22 52 36 19 54 42
11 44 27 55 52 17 49 39 46 53
12 13 25 36 53 38 36 17 39 13
12 14 30 60 22 37 23 33 26 39
12 15 16 17 51 53 46 54 47 55
12 16 53 33 46 69 51 31 52 30
12 17 9 47 48 6 35 39 49 30
12 18 72 67 81 38 42 83 65 84
12 19 5 16 46 22 46 31 14 29
12 20 52 36 47 56 27 26 38 72
12 21 42 24 22 44 38 31 70 57
12 22 4 23 17 28 35 13 49 15
12 23 70 77 51 66 39 53 61 72
12 24 49 47 72 72 51 25 64 32
12 25 8 24 26 40 30 6 12 15
12 26 16 12 35 15 16 25 43 44
12 27 12 55 11 53 19 18 37 40
12 28 79 85 49 55 87 67 48 67
12 29 10 27 54 25 33 50 31 9
12 30 43 41 58 50 43 67 39 27
12 31 42 56 28 35 53 60 51 43
12 32 3 50 34 26 33 13 17 11
12 33 16 27 53 32 11 53 24 31
12 34 47 52 55 70 25 60 43 40
12 35 82 81 81 66 49 88 59 54
12 36 34 29 46 18 39 39 50 52
12 37 64 46 62 73 73 54 37 38
12 38 25 49 42 23 54 13 30 34
12 39 68 52 54 55 41 63 51 64
12 40 6 51 52 33 34 22 11 41
12 41 77 51 56 77 50 58 65 79
12 42 29 19 36 48 31 45 18 41
12 43 37 37 61 30 44 31 25 24
12 44 35 50 44 66 62 40 63 65
13 14 92 85 75 51 58 89 70 86
13 15 80 77 89 49 64 60 53 40
13 16 38 51 40 50 47 26 64 37
13 17 40 43 26 33 68 25 58 41
13 18 54 50 36 58 56 68 56 69
13 19 44 40 29 60 56 63 61 37
13 20 68 60 72 58 72 54 61 43
13 21 79 76 73 62 55 72 80 60
13 22 1 3 18 7 32 38 36 46
13 23 4 42 15 9 7 25 25 50
13 24 23 48 18 22 34 54 43 41
13 25 8 14 46 12 45 16 42 38
13 26 46 49 25 30 55 56 39 45
13 27 53 44 61 47 41 40 38 40
13 28 92 77 81 90 88 48 70 86
13 29 14 38 54 42 49 55 50 28
13 30 19 19 45 51 31 28 42 41
13 31 91 72 49 50 72 67 54 83
13 32 79 40 77 75 78 76 78 65
13 33 83 78 44 45 52 61 91 53
13 34 48 34 47 29 42 50 46 36
13 35 14 26 40 9 52 36 37 55
13 36 76 49 62 51 66 66 52 44
13 37 95 77 97 79 53 62 68 71
13 38 7 45 9 21 41 4 42 6
13 39 30 33 27 41 43 63 59 45
13 40 83 51 46 71 81 78 76 90
13 41 27 31 59 58 23 57 50 23
13 42 66 77 37 42 74 39 38 61
13 43 72 49 36 81 56 44 85 71
13 44 58 35 52 78 69 30 35 40
14 15 87 93 79 53 86 51 51 55
14 16 7 19 44 38 24 24 18 8
14 17 94 65 74 49 97 60 71 81
14 18 56 37 53 43 72 63 37 31
14 19 45 64 64 36 59 41 44 45
14 20 48 55 30 57 31 33 47 72
14 21 94 89 61 63 72 64 91 84
14 22 82 73 66 56 69 76 71 66
14 23 15 50 33 26 32 26 19 14
14 24 99 58 52 66 99 84 69 97
14 25 22 28 51 38 17 40 47 36
14 26 19 55 58 21 34 16 57 9
14 27 78 45 61 52 58 56 70 65
14 28 24 55 57 17 12 16 31 20
14 29 20 15 19 27 38 43 12 29
14 30 98 78 96 84 82 61 76 51
14 31 73 50 83 72 66 44 37 64
14 32 20 11 43 25 48 37 12 17
14 33 84 82 55 76 51 55 69 90
14 34 21 22 34 11 49 31 23 14
14 35 18 15 40 27 38 39 40 32
14 36 17 51 50 47 28 37 51 20
14 37 53 39 36 38 42 72 44 30
14 38 35 51 19 21 59 29 30 53
14 39 1 31 24 19 43 18 30 11
14 40 2 46 25 35 21 1 5 2
14 41 23 53 11 43 27 15 23 29
14 42 7 34 39 44 33 8 42 43
14 43 48 47 57 25 42 34 74 53
14 44 27 43 39 18 27 25 36 15
15 16 65 78 39 76 39 82 54 67
15 17 28 53 58 36 31 51 59 60
15 18 74 52 39 79 43 78 43 44
15 19 17 10 48 43 39 27 45 26
15 20 32 28 50 21 43 54 48 54
15 21 0 40 19 41 47 32 40 30
15 22 88 70 49 89 82 73 54 78
15 23 13 10 21 8 14 8 8 13
15 24 16 53 53 17 28 20 38 13
15 25 57 47 28 41 36 71 49 49
15 26 88 54 70 76 67 90 89 85
15 27 60 77 54 43 75 73 74 49
15 28 96 74 85 72 53 67 57 56
15 29 29 46 52 37 18 42 29 51
15 30 61 61 44 74 43 41 59 35
15 31 80 53 48 75 88 80 44 40
15 32 32 62 48 48 21 55 54 55
15 33 32 40 25 22 52 48 22 43
15 34 71 79 61 83 58 64 62 50
15 35 62 79 75 46 71 60 79 58
15 36 2 12 31 6 49 5 12 44
15 37 96 55 77 84 48 62 97 74
15 38 6 11 25 23 3 8 23 45
15 39 94 67 66 75 95 52 79 89
15 40 33 42 30 64 40 22 24 36
15 41 36 29 57 66 31 64 49 44
15 42 92 93 58 68 95 77 72 89
15 43 29 23 17 55 63 21 49 16
15 44 42 36 25 30 52 49 37 34
16 17 6 8 36 51 15 30 44 32
16 18 57 53 58 74 33 43 37 55
16 19 12 17 17 16 52 23 23 40
16 20 45 54 60 39 54 36 46 35
16 21 11 38 34 16 23 51 39 45
16 22 72 64 59 72 36 73 50 74
16 23 90 50 62 68 86 62 45 85
16 24 58 49 62 63 38 67 33 37
16 25 37 35 41 41 56 30 37 54
16 26 85 47 47 59 44 80 65 77
16 27 76 57 41 45 73 46 64 52
16 28 49 37 29 39 37 51 30 58
16 29 15 34 31 49 54 57 33 21
16 30 45 42 27 54 51 62 67 58
16 31 15 42 55 28 37 15 17 37
16 32 9 48 26 38 50 24 10 49
16 33 21 43 26 34 15 20 26 30
16 34 59 64 38 32 78 41 57 51
16 35 90 63 73 59 75 60 51 72
16 36 99 85 92 97 71 66 99 50
16 37 11 18 45 31 51 38 30 31
16 38 11 40 41 14 11 35 19 44
16 39 40 22 28 59 32 22 60 23
16 40 64 80 42 61 75 56 56 53
16 41 55 41 33 76 74 70 46 70
16 42 13 12 32 20 16 28 29 29
16 43 23 13 32 57 35 22 25 34
16 44 15 34 33 38 25 16 20 47
17 18 56 60 69 58 68 57 52 77
17 19 11 7 14 37 42 50 55 51
17 20 55 33 44 44 75 73 55 34
17 21 10 17 26 30 32 6 15 33
17 22 39 19 35 29 22 28 60 59
17 23 33 55 19 17 38 31 18 42
17 24 9 42 43 39 16 12 28 7
17 25 60 37 44 77 42 43 57 78
17 26 12 23 46 19 30 39 35 56
17 27 7 12 25 38 15 28 6 18
17 28 79 88 86 88 51 55 81 59
17 29 64 61 67 65 64 38 35 46
17 30 28 22 25 58 17 49 34 58
17 31 40 35 69 23 29 40 56 45
17 32 86 57 54 69 57 84 65 45
17 33 91 86 91 74 46 49 75 76
17 34 18 49 17 19 22 18 12 9
17 35 82 59 66 67 46 42 61 89
17 36 43 43 23 50 33 32 26 23
17 37 79 50 46 61 83 85 51 46
17 38 48 50 37 39 37 41 48 37
17 39 95 54 48 69 65 73 85 76
17 40 28 54 22 46 57 62 59 35
17 41 28 40 26 51 37 26 61 55
17 42 5 45 43 8 17 44 14 18
17 43 67 65 38 75 68 61 80 81
17 44 54 57 70 35 33 76 41 75
18 19 78 81 41 42 84 73 67 87
18 20 6 28 29 31 22 8 36 46
18 21 27 61 37 51 49 43 31 39
18 22 22 56 52 12 21 19 46 51
18 23 13 46 38 9 16 35 29 34
18 24 10 17 51 9 54 29 50 47
18 25 41 70 30 28 44 26 43 30
18 26 18 40 56 55 10 31 46 24
18 27 15 9 41 23 31 24 48 16
18 28 23 21 44 51 32 61 48 42
18 29 86 82 49 78 92 53 75 49
18 30 95 63 49 74 53 72 87 78
18 31 79 43 69 72 46 64 80 51
18 32 36 42 21 52 55 38 66 43
18 33 16 23 9 48 29 45 16 20
18 34 21 15 40 30 21 17 40 22
18 35 20 37 14 39 29 54 48 55
18 36 4 19 48 38 26 9 46 36
18 37 29 45 22 49 28 34 47 24
18 38 12 37 15 53 28 34 47 50
18 39 5 5 13 20 39 41 51 16
18 40 54 58 61 73 27 47 73 52
18 41 61 61 51 53 74 50 48 53
18 42 73 63 73 40 79 69 85 43
18 43 94 56 78 95 66 48 48 86
18 44 4 21 50 13 2 43 29 15
19 20 82 71 83 60 87 74 43 42
19 21 47 25 38 59 65 52 31 71
19 22 15 21 46 11 13 39 43 42
19 23 41 62 54 40 46 50 50 34
19 24 10 16 40 48 8 53 45 38
19 25 97 97 70 92 70 69 49 78
19 26 41 40 46 47 68 40 47 51
19 27 37 18 32 27 54 68 42 68
19 28 25 49 46 40 31 46 16 45
19 29 7 32 32 33 8 43 34 48
19 30 20 31 45 39 12 49 57 52
19 31 19 22 20 11 44 24 21 50
19 32 31 53 28 15 30 39 45 31
19 33 86 90 78 44 73 66 76 73
19 34 94 73 62 63 67 79 91 75
19 35 13 38 48 20 30 8 25 49
19 36 47 33 66 50 57 27 59 46
19 37 58 64 72 40 37 76 37 32
19 38 38 42 40 19 64 34 20 37
19 39 3 1 19 38 50 16 45 2
19 40 61 70 67 67 33 75 31 52
19 41 22 49 41 12 52 57 18 32
19 42 66 42 80 82 43 75 61 60
19 43 24 58 39 52 55 13 44 41
19 44 47 39 34 54 32 40 44 72
20 21 27 59 50 43 62 47 25 51
20 22 70 81 53 51 37 68 52 78
20 23 26 48 15 13 38 39 58 39
20 24 34 37 33 58 66 25 63 62
20 25 55 38 44 75 67 46 61 58
20 26 40 32 30 47 30 25 35 52
20 27 17 20 29 28 29 32 44 45
20 28 63 34 46 57 75 41 80 52
20 29 21 26 57 50 20 13 30 34
20 30 66 36 60 56 38 38 66 49
20 31 47 61 65 40 61 48 33 31
20 32 67 74 48 78 80 52 35 48
20 33 28 47 17 35 46 43 38 26
20 34 73 71 86 64 68 53 78 63
20 35 6 25 36 17 23 24 29 24
20 36 56 38 45 34 62 62 40 28
20 37 59 68 41 37 44 72 60 36
20 38 36 59 36 29 34 43 27 62
20 39 61 78 34 57 46 45 55 77
20 40 73 57 85 71 50 50 50 61
20 41 22 32 58 50 22 27 35 51
20 42 89 84 56 57 71 54 79 54
20 43 43 53 36 30 48 24 41 67
20 44 79 41 86 89 73 72 50 40
21 22 16 39 14 18 48 18 30 22
21 23 94 66 48 63 61 48 88 82
21 24 65 70 54 72 72 47 75 34
21 25 13 43 40 43 40 42 47 10
21 26 3 39 10 46 36 14 12 34
21 27 49 69 67 59 71 48 50 40
21 28 85 65 74 66 68 55 62 49
21 29 54 53 65 64 75 68 68 67
21 30 1 17 47 3 9 34 15 21
21 31 13 13 43 8 35 39 52 21
21 32 43 23 44 54 65 25 44 29
21 33 24 58 21 32 30 47 40 24
21 34 52 39 40 45 63 69 49 67
21 35 77 62 63 86 69 77 44 40
21 36 28 54 23 47 58 17 34 32
21 37 82 74 57 80 79 54 54 46
21 38 38 19 37 19 57 54 37 34
21 39 54 49 45 47 71 35 74 64
21 40 66 33 45 65 36 64 52 36
21 41 62 63 79 50 66 33 50 50
21 42 68 77 62 83 41 53 56 47
21 43 97 87 52 53 89 72 81 65
21 44 53 31 35 63 43 40 47 50
22 23 64 60 37 40 56 78 35 47
22 24 21 44 11 59 20 20 57 21
22 25 89 72 54 94 81 85 71 81
22 26 44 43 29 27 33 71 37 71
22 27 98 64 55 98 66 56 93 64
22 28 21 33 36 48 23 40 42 27
22 29 22 34 18 53 22 38 12 38
22 30 35 51 53 35 47 42 36 42
22 31 59 39 51 41 78 35 45 76
22 32 45 70 61 51 55 63 66 33
22 33 74 61 58 78 86 43 78 50
22 34 51 36 60 70 74 72 41 61
22 35 94 95 90 76 90 47 51 57
22 36 32 45 26 41 39 29 27 55
22 37 97 97 53 50 72 72 76 91
22 38 69 38 63 69 81 57 69 54
22 39 95 73 85 86 92 70 56 53
22 40 35 67 23 59 49 57 64 41
22 41 9 13 8 5 45 30 14 7
22 42 38 24 50 32 25 55 41 35
22 43 13 24 46 56 17 39 25 37
22 44 17 27 16 47 23 56 49 27
23 24 98 57 98 85 94 86 88 73
23 25 82 74 89 80 71 46 43 62
23 26 13 24 14 34 27 27 32 20
23 27 6 18 12 16 47 22 8 3
23 28 92 80 69 59 77 69 79 68
23 29 78 81 78 52 50 82 43 42
23 30 79 68 48 58 74 85 43 79
23 31 99 93 72 74 65 53 66 89
23 32 21 36 19 21 56 45 45 16
23 33 95 54 49 72 83 85 83 96
23 34 2 36 16 44 1 3 21 10
23 35 96 50 96 59 93 65 79 77
23 36 19 29 55 17 20 33 35 54
23 37 67 59 36 69 35 48 72 82
23 38 72 79 73 47 60 81 44 70
23 39 44 60 45 58 25 28 32 24
23 40 53 70 76 71 42 33 27 51
23 41 30 52 32 47 42 44 29 36
23 42 34 37 54 51 60 38 19 64
23 43 90 52 77 45 50 52 48 53
23 44 4 50 12 37 8 43 11 2
24 25 51 60 73 57 46 74 49 50
24 26 72 73 64 63 86 78 78 55
24 27 65 75 55 74 45 46 39 51
24 28 74 66 84 55 42 81 38 81
24 29 18 49 37 46 33 17 23 57
24 30 67 62 49 56 83 35 50 64
24 31 7 20 4 37 21 17 8 37
24 32 75 75 53 39 75 55 79 71
24 33 88 58 77 86 47 70 45 64
24 34 27 20 26 54 25 47 54 28
24 35 1 27 28 4 28 45 23 50
24 36 27 53 20 40 25 52 28 16
24 37 81 46 82 73 82 73 78 61
24 38 50 54 67 54 42 41 35 52
24 39 45 40 59 44 34 51 55 54
24 40 46 25 41 61 56 51 30 59
24 41 77 64 73 65 56 72 75 65
24 42 73 69 80 68 61 63 69 40
24 43 76 62 78 55 87 55 38 87
24 44 9 32 34 52 27 28 27 52
25 26 93 83 94 61 53 52 53 93
25 27 74 72 56 79 61 65 40 73
25 28 80 78 67 57 81 42 68 60
25 29 99 76 67 74 62 56 70 94
25 30 57 76 37 40 66 54 67 57
25 31 74 48 48 65 82 77 67 65
25 32 98 61 85 97 78 76 51 83
25 33 3 39 31 15 11 49 8 27
25 34 84 76 67 80 85 57 89 78
25 35 26 16 15 58 46 52 20 47
25 36 70 72 47 81 70 40 48 58
25 37 91 61 88 90 55 46 81 82
25 38 81 81 76 86 61 88 65 81
25 39 6 41 28 44 47 3 38 39
25 40 89 49 55 54 56 55 51 50
25 41 35 43 40 46 64 42 24 35
25 42 16 20 12 38 44 39 37 48
25 43 93 65 77 46 72 80 53 83
25 44 98 94 79 59 71 70 73 81
26 27 65 73 52 62 63 58 50 41
26 28 77 42 70 57 76 41 46 39
26 29 98 68 86 63 90 96 68 63
26 30 89 65 83 48 63 65 70 68
26 31 2 10 37 8 6 41 27 48
26 32 46 27 35 47 42 30 38 55
26 33 44 43 48 42 60 43 64 23
26 34 55 34 59 32 67 38 40 54
26 35 77 84 76 76 80 46 59 63
26 36 10 13 22 31 36 25 7 49
26 37 99 69 83 93 84 97 68 63
26 38 23 27 61 57 15 52 14 54
26 39 66 53 67 44 47 71 56 67
26 40 50 37 73 35 63 29 62 67
26 41 21 29 41 58 54 17 51 38
26 42 0 21 21 24 4 19 8 16
26 43 35 23 50 48 61 28 50 48
26 44 43 59 28 62 36 40 44 56
27 28 47 41 26 53 69 45 38 33
27 29 63 36 45 76 49 70 34 44
27 30 25 56 29 42 56 26 48 44
27 31 1 30 42 34 43 9 30 4
27 32 64 81 66 58 36 43 41 62
27 33 90 87 90 87 50 89 85 95
27 34 49 29 24 69 32 69 73 44
27 35 14 27 41 36 36 20 42 54
27 36 42 34 45 56 59 58 54 28
27 37 52 50 61 33 38 65 30 51
27 38 72 47 78 43 50 57 48 69
27 39 25 59 20 56 15 29 42 25
27 40 18 57 31 25 51 33 50 40
27 41 97 79 76 69 64 71 60 94
27 42 1 7 21 40 10 18 24 21
27 43 32 66 60 53 17 17 27 48
27 44 37 62 55 21 55 51 47 26
28 29 34 26 48 52 33 57 52 22
28 30 70 66 44 50 79 61 74 49
28 31 29 42 62 31 43 21 16 62
28 32 69 48 53 77 44 48 46 83
28 33 96 60 66 85 55 67 64 87
28 34 27 28 18 18 46 14 35 59
28 35 6 33 13 52 30 11 24 40
28 36 70 52 61 79 43 53 39 55
28 37 68 77 61 50 68 41 41 57
28 38 19 24 17 17 27 21 36 35
28 39 27 25 62 46 22 57 21 45
28 40 75 83 67 77 87 69 74 40
28 41 48 73 64 64 43 62 33 60
28 42 88 66 66 75 65 55 87 87
28 43 64 65 43 43 76 46 37 44
28 44 21 47 19 50 28 38 32 57
29 30 86 78 65 65 66 79 63 82
29 31 69 47 78 78 60 62 82 60
29 32 77 50 56 66 56 57 81 63
29 33 25 49 45 60 22 35 40 61
29 34 10 32 54 37 11 37 39 42
29 35 38 59 68 46 19 64 55 46
29 36 40 67 61 23 21 57 61 40
29 37 13 41 34 15 25 54 13 55
29 38 80 41 58 51 52 46 48 87
29 39 86 71 61 84 57 81 92 49
29 40 94 84 53 85 50 52 74 73
29 41 94 58 57 64 91 76 69 86
29 42 83 82 67 64 49 81 51 43
29 43 61 50 72 56 53 73 53 45
29 44 68 45 83 42 61 59 39 49
30 31 69 84 49 40 43 66 56 55
30 32 54 31 42 36 30 42 40 65
30 33 82 85 46 78 49 77 54 75
30 34 64 67 61 50 78 71 55 67
30 35 60 48 38 40 71 49 49 39
30 36 56 71 32 33 70 47 31 45
30 37 26 34 45 54 61 41 28 59
30 38 1 30 3 41 27 17 10 10
30 39 90 57 95 91 88 47 93 75
30 40 75 66 61 85 44 63 69 57
30 41 88 85 84 63 63 63 49 80
30 42 1 7 46 21 37 43 49 22
30 43 14 15 25 21 50 20 12 34
30 44 25 13 26 17 24 51 18 32
31 32 89 68 59 91 47 57 55 85
31 33 66 34 72 69 58 42 53 58
31 34 41 29 67 24 68 54 43 28
31 35 71 67 66 62 57 77 76 57
31 36 67 68 77 68 83 51 75 52
31 37 35 21 23 32 61 65 34 48
31 38 46 60 34 44 27 53 60 35
31 39 74 77 41 45 66 82 81 47
31 40 0 45 14 43 18 43 42 34
31 41 16 48 47 35 50 48 25 48
31 42 92 75 48 68 65 66 93 67
31 43 27 41 57 29 61 41 52 15
31 44 18 42 32 9 12 48 30 56
32 33 29 17 55 42 27 41 26 40
32 34 46 57 43 48 32 57 69 64
32 35 75 53 57 69 38 71 71 79
32 36 38 31 40 39 22 68 44 63
32 37 64 43 63 57 60 65 58 66
32 38 71 42 40 84 35 40 59 82
32 39 80 76 77 61 71 53 83 58
32 40 8 21 18 12 26 24 45 48
32 41 49 55 59 66 44 29 62 44
32 42 76 53 52 68 69 44 69 46
32 43 2 8 5 26 9 14 3 51
32 44 10 45 9 21 28 21 29 36
33 34 72 64 38 46 72 64 42 83
33 35 73 78 78 71 74 78 69 72
33 36 52 52 28 36 29 32 75 49
33 37 85 62 52 43 91 57 74 76
33 38 69 79 37 77 64 47 74 71
33 39 67 77 77 78 51 54 67 48
33 40 69 76 81 54 35 64 49 38
33 41 88 71 60 44 83 90 93 65
33 42 38 50 54 58 26 44 20 60
33 43 80 68 87 45 81 62 68 47
33 44 27 54 26 54 23 54 33 38
34 35 86 76 61 80 66 56 52 61
34 36 32 22 31 64 32 31 37 54
34 37 19 12 45 16 27 33 34 43
34 38 29 45 15 47 22 50 55 24
34 39 14 30 39 26 43 11 26 27
34 40 57 48 58 43 52 49 49 51
34 41 78 86 88 55 58 80 71 42
34 42 49 25 56 27 33 29 39 35
34 43 50 62 65 65 65 31 72 46
34 44 73 46 67 83 76 60 69 51
35 36 86 64 59 48 86 48 50 54
35 37 84 69 64 58 78 79 58 44
35 38 74 40 37 79 67 56 85 78
35 39 48 50 43 26 52 62 27 58
35 40 79 40 51 87 83 48 62 42
35 41 76 47 46 39 52 39 46 84
35 42 4 39 19 27 33 18 45 40
35 43 61 40 56 58 77 53 68 40
35 44 38 50 65 21 62 59 46 30
36 37 63 76 51 43 36 35 52 39
36 38 80 77 80 79 60 47 75 62
36 39 98 76 56 59 59 59 66 54
36 40 98 87 89 54 56 87 93 80
36 41 89 87 52 75 53 52 63 94
36 42 4 13 15 46 18 34 49 7
36 43 15 51 9 39 14 32 29 44
36 44 12 19 53 52 24 34 33 46
37 38 90 84 71 67 86 63 63 46
37 39 76 57 57 57 42 55 64 38
37 40 67 62 82 77 72 37 56 53
37 41 2 44 30 36 26 48 30 8
37 42 13 7 54 44 55 30 10 56
37 43 5 50 38 45 39 29 28 35
37 44 69 83 43 45 49 65 51 75
38 39 32 60 64 34 40 50 40 49
38 40 33 24 60 43 55 19 17 19
38 41 56 52 72 65 69 34 68 44
38 42 93 61 81 71 58 47 80 55
38 43 26 33 59 31 37 17 60 53
38 44 24 55 37 57 52 21 55 24
39 40 37 43 29 57 39 24 33 32
39 41 98 54 59 95 53 55 75 85
39 42 54 69 62 42 48 36 38 37
39 43 95 85 90 87 60 71 50 90
39 44 32 27 45 48 41 43 33 57
40 41 90 54 78 58 93 62 64 71
40 42 93 88 57 59 80 64 74 72
40 43 73 75 38 79 80 51 48 54
40 44 58 74 52 53 60 55 74 57
41 42 81 49 58 71 41 79 63 40
41 43 36 56 20 28 47 51 33 33
41 44 51 43 59 32 37 64 49 45
42 43 6 5 32 33 8 12 42 21
42 44 98 68 56 95 71 70 86 81
43 44 69 52 38 49 53 48 52 37
