45 8
0.166667 0.166667 0.166667 0.166667 0.166667 0.166667 0.0 0.0 
0 1 19 24 30 28 26 31 30 18
0 2 47 49 54 51 42 42 54 54
0 3 95 94 88 84 83 84 93 87
0 4 39 34 36 36 36 43 35 38
0 5 60 62 56 65 60 54 62 60
0 6 67 65 66 66 59 66 63 63
0 7 46 44 54 42 49 42 51 47
0 8 82 82 80 82 72 74 79 77
0 9 35 33 38 39 34 34 35 35
0 10 38 38 46 46 41 34 35 41
0 11 62 62 53 54 53 65 64 64
0 12 81 79 79 80 71 70 79 78
0 13 49 45 52 49 54 53 52 48
0 14 80 72 81 72 75 69 79 72
0 15 68 61 68 70 64 68 62 61
0 16 56 57 60 61 56 53 61 57
0 17 20 24 20 19 31 27 22 25
0 18 80 70 72 75 79 75 78 73
0 19 73 65 75 71 71 68 74 66
0 20 67 58 67 59 62 69 58 66
0 21 16 23 17 15 17 21 16 23
0 22 16 25 26 20 24 18 15 20
0 23 7 20 11 16 10 15 8 12
0 24 87 84 80 78 84 76 87 80
0 25 94 82 94 90 86 89 88 91
0 26 27 25 29 24 31 32 23 27
0 27 12 25 25 12 19 18 15 20
0 28 82 77 75 80 71 76 80 75
0 29 77 76 80 68 68 69 76 80
0 30 74 66 72 70 75 68 77 65
0 31 15 13 21 14 24 14 19 13
0 32 14 25 25 22 14 15 13 24
0 33 57 56 57 54 55 53 62 57
0 34 83 79 80 82 83 72 77 73
0 35 74 73 66 70 68 65 70 69
0 36 20 18 31 23 31 20 24 23
0 37 72 65 66 66 61 65 66 70
0 38 52 56 53 48 59 51 53 54
0 39 35 43 44 30 41 37 33 34
0 40 76 73 70 77 68 73 73 78
0 41 43 38 40 46 51 42 38 42
0 42 23 29 21 33 29 25 34 33
0 43 76 69 73 73 70 74 65 70
0 44 25 22 23 35 26 34 33 29
1 2 30 25 25 37 29 32 31 39
1 3 50 48 56 49 47 45 49 43
1 4 22 30 29 28 23 22 22 22
1 5 55 61 59 48 51 56 50 51
1 6 42 50 49 45 36 50 41 46
1 7 90 78 78 80 86 90 91 77
1 8 19 20 20 26 27 28 30 18
1 9 21 31 29 21 27 32 27 23
1 10 25 35 28 27 30 25 35 25
1 11 64 63 58 61 56 56 64 66
1 12 49 44 50 55 50 56 54 42
1 13 20 28 18 25 17 27 20 31
1 14 23 25 23 22 32 25 23 23
1 15 37 32 43 45 33 43 35 34
1 16 44 39 43 45 49 50 48 39
1 17 94 87 85 92 90 88 83 87
1 18 32 31 29 37 39 39 29 39
1 19 53 54 46 51 59 53 50 55
1 20 36 40 37 34 31 35 33 42
1 21 22 31 25 33 26 32 22 31
1 22 87 86 84 79 80 81 86 77
1 23 21 24 24 23 20 33 22 31
1 24 21 28 21 21 30 25 28 23
1 25 89 84 77 80 79 79 78 76
1 26 50 52 49 54 44 54 56 45
1 27 10 20 22 11 13 19 11 8
1 28 70 65 70 60 66 65 62 71
1 29 25 26 32 28 26 27 25 22
1 30 54 50 48 52 61 56 60 50
1 31 48 43 49 48 49 42 50 51
1 32 14 19 14 23 17 19 14 13
1 33 11 15 19 10 20 22 13 22
1 34 86 75 74 76 79 75 86 83
1 35 58 62 54 64 60 55 63 59
1 36 55 50 58 58 59 55 53 60
1 37 39 43 39 43 46 45 48 46
1 38 29 35 31 34 40 37 32 39
1 39 85 78 82 75 84 78 76 85
1 40 27 35 33 34 26 33 34 36
1 41 36 32 35 37 43 33 32 40
1 42 50 55 49 43 55 50 54 53
1 43 41 36 46 39 45 39 49 40
1 44 8 8 7 7 18 12 19 14
2 3 15 14 16 22 19 27 15 27
2 4 97 84 84 85 93 87 94 94
2 5 63 55 60 61 63 67 67 61
2 6 68 72 63 65 62 72 66 70
2 7 68 58 71 58 67 72 69 60
2 8 54 55 60 52 51 56 55 60
2 9 91 86 80 91 80 79 87 89
2 10 87 74 84 77 76 81 82 79
2 11 7 10 20 14 18 7 9 19
2 12 6 18 5 19 8 10 10 6
2 13 77 72 79 75 80 79 70 79
2 14 10 22 20 10 18 11 17 17
2 15 97 85 89 91 88 92 83 93
2 16 71 61 64 66 63 73 75 64
2 17 98 94 84 84 83 92 93 84
2 18 68 61 64 59 62 72 70 72
2 19 7 18 16 14 10 10 15 19
2 20 4 15 18 6 12 10 10 17
2 21 1 12 11 1 8 11 1 11
2 22 66 58 65 57 60 71 56 61
2 23 73 71 64 69 75 69 75 66
2 24 5 4 18 8 18 17 7 19
2 25 98 90 85 86 87 97 87 94
2 26 89 82 80 90 78 84 88 84
2 27 60 63 52 62 51 52 56 63
2 28 78 72 74 81 80 68 67 70
2 29 9 16 21 22 18 16 10 10
2 30 24 34 29 26 34 23 22 26
2 31 21 23 23 28 28 26 26 20
2 32 68 58 62 68 67 70 72 69
2 33 10 17 9 12 22 16 15 21
2 34 91 79 83 85 92 91 85 91
2 35 44 48 47 44 49 49 51 50
2 36 49 52 45 52 46 44 42 48
2 37 73 77 64 67 70 64 74 71
2 38 14 13 16 21 24 17 26 19
2 39 94 88 80 88 81 89 93 89
2 40 94 84 91 94 83 90 94 80
2 41 99 86 90 92 92 96 88 90
2 42 71 69 60 74 72 71 69 65
2 43 6 17 17 9 14 9 13 13
2 44 31 36 39 36 33 41 28 41
3 4 20 22 17 30 28 26 20 18
3 5 67 68 65 66 59 63 58 59
3 6 81 83 77 76 80 72 72 82
3 7 43 42 37 43 49 47 41 51
3 8 15 19 22 27 27 20 27 26
3 9 67 59 58 67 59 70 58 69
3 10 77 68 76 73 76 78 77 65
3 11 37 39 37 33 46 44 34 32
3 12 25 27 30 35 28 27 34 26
3 13 66 59 62 59 60 68 66 59
3 14 20 32 28 24 22 20 18 21
3 15 22 31 21 20 34 20 22 32
3 16 25 26 22 25 29 28 32 28
3 17 89 83 83 87 90 81 76 76
3 18 68 68 68 60 65 70 70 65
3 19 55 52 57 53 56 56 62 57
3 20 93 84 80 90 83 84 82 79
3 21 76 65 72 75 71 75 73 76
3 22 53 56 48 58 59 56 54 51
3 23 16 15 13 23 21 20 27 14
3 24 46 45 41 45 53 51 44 50
3 25 55 51 47 54 48 48 57 46
3 26 33 41 36 33 29 38 32 38
3 27 1 10 5 14 12 5 10 2
3 28 15 20 14 18 18 17 15 19
3 29 2 6 12 12 7 5 2 4
3 30 87 82 75 88 80 85 75 85
3 31 7 9 17 10 13 18 9 16
3 32 28 33 29 33 30 35 25 38
3 33 40 41 34 35 39 42 37 45
3 34 86 73 79 81 76 86 87 84
3 35 67 57 57 66 63 58 68 58
3 36 4 5 9 13 13 7 11 16
3 37 49 44 43 47 52 43 54 52
3 38 54 58 55 55 52 49 48 52
3 39 34 38 39 41 35 37 38 36
3 40 69 63 61 64 64 69 67 64
3 41 33 38 33 40 33 36 32 34
3 42 57 51 58 51 56 63 60 60
3 43 90 83 84 77 88 81 78 90
3 44 5 18 9 18 6 6 8 19
4 5 8 18 11 10 13 9 9 17
4 6 66 69 65 58 63 63 61 65
4 7 25 33 23 31 26 33 29 24
4 8 39 42 37 38 44 34 42 40
4 9 45 39 44 53 53 39 49 51
4 10 16 27 25 26 17 20 26 17
4 11 86 74 87 83 84 79 86 83
4 12 53 57 54 57 59 53 57 48
4 13 10 19 13 17 17 10 23 17
4 14 20 25 28 18 27 24 17 23
4 15 54 60 46 52 46 49 57 56
4 16 66 60 60 64 57 66 69 58
4 17 96 84 83 87 93 91 88 86
4 18 51 51 52 58 58 55 44 55
4 19 70 69 66 60 59 61 64 67
4 20 77 70 76 70 79 72 69 69
4 21 99 98 91 94 94 94 96 85
4 22 54 55 55 48 60 60 47 53
4 23 42 37 37 43 49 40 46 38
4 24 27 29 26 30 29 25 23 34
4 25 95 88 88 84 95 84 85 86
4 26 13 12 24 13 15 13 12 14
4 27 36 34 41 37 32 40 42 41
4 28 73 64 69 63 68 65 72 65
4 29 1 9 7 9 10 5 5 7
4 30 75 78 72 65 67 70 65 75
4 31 37 38 37 32 35 36 44 45
4 32 83 80 84 74 75 73 79 76
4 33 66 57 61 63 60 67 60 60
4 34 28 25 26 30 35 34 33 28
4 35 44 48 44 41 52 40 40 50
4 36 17 27 21 28 27 16 19 16
4 37 85 80 74 73 82 81 82 81
4 38 91 90 84 85 85 87 79 91
4 39 54 54 59 59 52 57 61 51
4 40 15 22 22 16 24 20 23 24
4 41 14 19 26 17 22 14 13 24
4 42 8 16 10 8 8 20 16 10
4 43 66 71 68 67 68 61 69 64
4 44 28 24 26 30 26 37 26 35
5 6 34 43 33 34 39 31 34 31
5 7 27 24 31 26 30 30 37 37
5 8 41 38 39 36 36 37 48 37
5 9 44 42 42 51 49 42 50 48
5 10 69 71 60 68 61 61 70 64
5 11 15 17 22 27 14 21 19 18
5 12 63 67 54 62 64 59 63 65
5 13 62 64 58 67 53 55 54 67
5 14 11 13 12 12 12 23 15 14
5 15 84 77 86 78 74 76 78 80
5 16 4 6 14 11 10 13 7 12
5 17 94 81 92 82 91 81 93 89
5 18 90 79 88 77 83 81 84 78
5 19 16 21 14 26 17 21 22 18
5 20 43 42 46 44 48 46 48 40
5 21 22 24 29 27 32 22 26 31
5 22 32 31 36 38 40 32 39 36
5 23 20 20 22 19 25 24 27 26
5 24 19 20 31 21 18 26 24 30
5 25 22 20 21 20 22 32 30 21
5 26 79 76 76 69 79 78 69 68
5 27 56 55 59 60 55 57 62 57
5 28 56 60 60 61 53 55 57 57
5 29 11 17 23 10 10 13 23 23
5 30 97 88 85 86 87 84 86 91
5 31 79 78 72 71 79 73 78 78
5 32 27 27 26 34 27 24 28 27
5 33 45 41 38 44 47 52 38 43
5 34 46 45 48 54 53 43 41 47
5 35 20 26 24 30 20 23 26 17
5 36 52 47 48 55 55 59 52 56
5 37 8 20 9 12 13 17 18 18
5 38 40 42 35 48 41 36 44 36
5 39 95 83 90 94 81 92 91 88
5 40 83 80 81 74 82 74 83 78
5 41 34 29 31 32 32 35 44 30
5 42 96 89 87 88 94 92 96 91
5 43 88 82 86 90 83 78 86 76
5 44 23 24 22 22 31 31 22 20
6 7 82 80 76 83 71 73 79 85
6 8 14 16 16 20 19 15 14 27
6 9 63 62 68 55 64 57 61 54
6 10 0 0 10 12 12 6 5 4
6 11 28 34 28 25 39 37 30 33
6 12 95 87 91 85 89 94 91 88
6 13 71 63 74 64 69 60 74 74
6 14 18 27 23 16 29 26 23 28
6 15 21 27 20 20 31 22 25 19
6 16 84 71 85 76 75 84 78 85
6 17 82 80 83 84 75 72 73 76
6 18 39 45 47 43 43 45 35 34
6 19 62 66 56 61 61 62 59 56
6 20 13 12 23 16 20 14 14 23
6 21 49 48 49 42 48 45 49 48
6 22 45 43 50 44 41 51 48 41
6 23 91 90 83 79 92 87 87 87
6 24 50 51 51 45 45 56 55 55
6 25 29 36 31 37 38 26 33 35
6 26 46 45 50 49 52 43 49 42
6 27 96 84 91 87 84 84 88 86
6 28 55 54 60 53 58 55 57 54
6 29 99 95 86 88 86 84 89 90
6 30 70 70 69 68 64 64 72 61
6 31 74 63 73 78 76 66 70 66
6 32 24 30 30 21 28 29 24 28
6 33 26 35 24 22 35 33 32 31
6 34 87 75 78 87 77 86 81 86
6 35 5 13 7 17 17 14 16 6
6 36 79 78 78 69 77 67 75 75
6 37 71 72 73 74 74 73 72 73
6 38 34 38 42 43 43 30 34 42
6 39 43 38 48 46 37 50 47 44
6 40 9 16 20 15 12 8 9 13
6 41 55 61 59 48 60 54 58 55
6 42 54 46 59 49 52 48 51 56
6 43 49 49 52 56 54 50 52 49
6 44 54 57 59 53 53 57 56 51
7 8 82 79 82 81 84 75 71 81
7 9 83 83 83 74 85 79 81 77
7 10 57 53 58 59 51 63 58 61
7 11 84 72 71 78 76 79 75 78
7 12 63 58 68 62 64 56 56 62
7 13 39 35 38 47 40 38 35 35
7 14 77 67 77 67 72 69 69 79
7 15 68 61 72 65 68 65 62 62
7 16 22 20 21 20 27 21 21 21
7 17 52 55 48 52 52 56 51 52
7 18 56 60 58 61 47 56 58 56
7 19 24 27 24 28 28 29 25 33
7 20 43 36 45 47 48 37 42 48
7 21 40 35 44 41 43 38 48 39
7 22 53 51 49 59 54 49 51 47
7 23 68 67 70 66 72 65 68 67
7 24 81 81 83 78 83 75 82 83
7 25 36 38 33 40 34 38 42 40
7 26 80 80 77 73 78 82 72 81
7 27 34 30 32 36 35 44 29 32
7 28 29 25 27 28 35 33 35 25
7 29 22 19 24 23 29 20 32 32
7 30 35 38 37 35 31 41 38 41
7 31 5 8 11 8 13 13 11 18
7 32 0 14 4 15 4 12 2 15
7 33 34 35 30 30 42 35 43 43
7 34 69 65 63 63 71 65 73 73
7 35 85 85 80 78 74 73 78 81
7 36 9 19 8 15 18 13 21 13
7 37 75 76 79 79 68 69 76 72
7 38 81 80 83 74 83 80 77 73
7 39 44 48 49 40 40 47 41 42
7 40 56 48 55 60 60 55 49 60
7 41 23 33 31 26 20 29 22 25
7 42 15 20 24 26 16 26 15 25
7 43 35 39 33 33 44 34 43 30
7 44 7 12 10 12 7 19 15 14
8 9 85 73 87 74 79 72 74 86
8 10 73 71 62 64 76 63 69 68
8 11 22 25 25 21 22 29 28 28
8 12 5 10 4 6 9 13 14 15
8 13 44 48 40 49 42 45 49 44
8 14 93 87 90 89 80 94 86 88
8 15 46 41 45 43 52 53 42 54
8 16 68 68 69 59 64 69 70 68
8 17 90 83 90 76 76 83 81 85
8 18 27 34 29 27 25 24 36 36
8 19 19 29 16 19 30 29 27 29
8 20 53 54 59 45 56 59 46 58
8 21 63 61 62 67 60 63 66 56
8 22 41 49 40 35 49 49 37 38
8 23 35 40 31 42 35 40 35 40
8 24 2 14 17 5 9 11 12 10
8 25 88 87 88 77 83 76 88 80
8 26 4 17 9 14 6 13 6 5
8 27 58 64 50 61 51 51 50 50
8 28 32 37 33 42 37 34 38 38
8 29 24 27 31 34 32 24 31 35
8 30 38 36 47 41 42 36 40 39
8 31 41 40 39 45 37 49 46 37
8 32 43 39 46 39 47 38 41 51
8 33 54 52 48 59 47 52 47 60
8 34 63 65 68 67 58 66 62 60
8 35 3 12 14 15 11 3 11 4
8 36 9 9 10 10 18 10 13 17
8 37 22 26 33 22 26 25 19 21
8 38 77 80 73 76 80 68 74 75
8 39 47 55 52 49 51 41 46 54
8 40 75 70 70 69 78 68 66 69
8 41 93 90 91 81 88 86 92 79
8 42 61 55 54 60 56 61 56 55
8 43 81 71 71 74 74 71 81 72
8 44 49 46 56 56 48 43 47 47
9 10 99 93 94 93 88 91 97 87
9 11 29 38 31 40 36 29 28 27
9 12 91 90 89 84 90 86 89 87
9 13 26 26 22 24 24 30 34 22
9 14 33 30 29 34 28 38 40 35
9 15 92 87 87 79 87 85 91 87
9 16 64 56 63 57 59 64 67 66
9 17 71 74 67 67 74 73 63 73
9 18 74 77 73 71 74 75 70 66
9 19 68 68 72 69 61 68 63 61
9 20 4 16 13 4 10 5 11 4
9 21 65 56 55 67 69 68 65 64
9 22 2 2 2 3 6 11 12 2
9 23 32 37 35 34 28 29 35 30
9 24 30 27 39 35 37 30 26 30
9 25 74 73 68 67 63 68 64 77
9 26 47 47 54 41 51 40 44 51
9 27 71 73 63 71 66 72 69 69
9 28 96 82 89 95 90 92 88 83
9 29 66 61 59 62 62 61 66 63
9 30 40 42 39 43 49 46 44 44
9 31 8 8 9 11 18 18 11 17
9 32 64 56 57 56 58 68 62 55
9 33 33 37 41 40 42 29 28 37
9 34 31 30 28 36 39 34 27 28
9 35 73 69 74 64 63 72 77 68
9 36 16 19 15 16 19 14 27 18
9 37 60 52 62 56 53 52 51 62
9 38 15 18 24 22 19 23 26 26
9 39 25 26 24 33 27 28 25 34
9 40 98 97 87 89 86 88 89 93
9 41 96 87 93 88 94 92 87 94
9 42 14 13 19 16 18 22 19 23
9 43 36 31 45 41 34 41 33 44
9 44 36 43 32 41 31 39 45 32
10 11 51 49 52 58 50 56 54 53
10 12 9 16 9 12 15 22 12 18
10 13 22 20 33 21 23 25 23 23
10 14 67 65 62 70 63 71 72 72
10 15 27 27 31 37 38 35 27 35
10 16 83 77 74 72 80 71 79 82
10 17 12 19 16 12 16 22 11 12
10 18 53 49 47 51 52 57 57 53
10 19 22 28 29 32 32 19 31 30
10 20 56 59 56 55 62 61 53 53
10 21 39 41 41 38 45 33 44 37
10 22 7 19 16 20 12 17 11 11
10 23 51 51 45 50 52 53 53 46
10 24 68 72 68 67 69 65 68 59
10 25 73 62 72 63 69 72 62 69
10 26 56 48 49 50 51 52 56 61
10 27 97 94 91 96 94 90 89 86
10 28 11 11 24 15 13 11 14 21
10 29 13 18 12 13 21 23 20 21
10 30 75 77 77 70 68 65 66 69
10 31 20 24 25 29 31 26 23 25
10 32 54 48 49 55 58 49 60 50
10 33 2 16 4 7 14 17 13 8
10 34 47 46 46 54 42 41 42 51
10 35 30 26 26 33 38 35 30 39
10 36 53 48 49 48 53 47 47 47
10 37 17 25 28 26 26 26 15 27
10 38 67 71 66 64 70 63 63 58
10 39 90 80 83 90 86 78 87 90
10 40 0 10 12 5 5 1 12 4
10 41 35 33 40 35 34 41 40 31
10 42 20 26 30 32 28 27 31 28
10 43 46 51 46 53 47 47 44 50
10 44 24 30 29 27 26 32 27 25
11 12 66 69 57 63 63 71 58 59
11 13 21 27 18 20 22 32 21 23
11 14 4 13 18 7 18 9 5 10
11 15 44 39 40 45 38 43 41 45
11 16 85 85 85 77 85 86 78 79
11 17 33 34 41 42 38 32 41 40
11 18 77 77 79 71 70 76 73 66
11 19 6 5 5 14 17 7 14 5
11 20 90 79 78 90 89 85 88 80
11 21 32 38 38 34 36 32 39 31
11 22 57 61 56 50 60 49 52 61
11 23 5 5 11 5 12 17 13 4
11 24 56 51 56 49 53 52 49 50
11 25 53 49 55 46 48 56 55 47
11 26 26 25 27 28 36 32 35 30
11 27 46 54 48 44 51 53 45 42
11 28 89 89 84 85 85 76 80 89
11 29 30 37 32 37 27 36 31 28
11 30 91 85 85 85 89 81 84 83
11 31 99 94 89 94 85 99 96 99
11 32 28 28 38 28 38 30 27 30
11 33 85 82 73 85 84 77 87 75
11 34 89 77 78 90 88 81 82 85
11 35 36 43 37 36 45 41 40 35
11 36 97 95 85 94 86 88 91 83
11 37 40 36 44 46 37 45 49 39
11 38 37 35 43 42 35 36 32 40
11 39 70 73 60 66 66 68 71 70
11 40 84 81 84 82 72 79 74 73
11 41 92 91 86 84 84 80 79 80
11 42 31 36 38 36 34 33 28 33
11 43 53 47 57 59 59 45 57 52
11 44 24 30 23 24 35 31 33 22
12 13 81 80 83 74 71 70 70 80
12 14 93 91 85 88 84 84 85 80
12 15 88 78 80 85 84 88 78 79
12 16 6 13 7 20 20 11 5 11
12 17 83 79 83 84 79 72 78 81
12 18 49 56 50 55 43 46 41 46
12 19 20 20 28 29 32 27 21 27
12 20 88 88 86 78 83 83 80 76
12 21 64 54 66 60 68 55 62 57
12 22 39 36 41 39 38 48 48 45
12 23 73 75 68 68 66 75 72 64
12 24 1 2 12 14 13 8 13 15
12 25 11 11 21 19 15 23 17 23
12 26 70 60 61 71 68 72 63 65
12 27 41 43 44 42 44 41 39 41
12 28 24 25 24 23 32 29 28 25
12 29 29 37 34 38 35 26 31 27
12 30 23 32 22 32 28 29 31 20
12 31 83 78 72 82 73 84 76 84
12 32 9 17 20 9 18 19 17 10
12 33 8 13 11 11 19 9 19 12
12 34 34 39 30 40 35 41 39 31
12 35 4 7 18 9 16 7 8 8
12 36 60 63 59 65 58 56 54 55
12 37 36 41 38 43 44 40 43 41
12 38 0 1 7 1 11 1 13 12
12 39 18 20 29 30 27 16 23 19
12 40 45 50 53 44 41 39 41 44
12 41 17 21 20 29 26 22 19 17
12 42 83 77 85 77 79 85 80 82
12 43 40 40 43 38 35 47 43 49
12 44 92 89 88 84 83 84 83 91
13 14 89 81 80 77 79 77 87 85
13 15 43 43 43 43 51 38 38 49
13 16 41 46 40 43 35 46 48 36
13 17 1 2 5 4 11 9 14 10
13 18 38 38 47 33 36 45 45 38
13 19 49 54 53 47 54 55 54 44
13 20 93 80 80 92 80 81 84 93
13 21 47 51 49 50 46 55 41 43
13 22 42 46 49 43 42 48 41 44
13 23 22 20 32 32 23 26 26 19
13 24 60 55 63 61 53 62 60 62
13 25 22 19 22 25 21 24 20 32
13 26 85 81 80 84 77 86 73 76
13 27 35 40 39 37 34 44 41 37
13 28 32 35 35 36 32 35 36 35
13 29 71 67 63 66 74 71 66 73
13 30 28 34 36 34 30 33 37 33
13 31 80 72 79 78 81 77 83 76
13 32 61 62 52 55 66 67 59 54
13 33 24 21 32 35 22 28 34 31
13 34 90 83 88 86 81 77 81 83
13 35 96 84 82 90 89 85 89 89
13 36 45 41 42 50 43 38 48 44
13 37 47 45 48 50 47 46 51 41
13 38 49 50 48 47 52 43 42 52
13 39 9 19 22 10 9 10 16 16
13 40 2 15 14 14 16 15 8 9
13 41 52 58 53 47 58 49 55 56
13 42 54 54 48 51 59 52 46 52
13 43 99 98 91 94 85 90 96 85
13 44 13 16 22 26 16 19 20 19
14 15 29 25 38 30 37 35 35 29
14 16 8 10 12 18 20 8 10 8
14 17 59 52 54 62 53 65 51 51
14 18 36 38 33 45 34 40 42 35
14 19 34 30 29 30 37 40 32 38
14 20 42 39 49 37 38 45 48 48
14 21 8 22 17 16 12 10 17 11
14 22 65 61 70 59 57 70 56 56
14 23 59 58 53 54 61 58 63 59
14 24 11 12 20 13 19 17 15 10
14 25 18 27 21 18 29 19 24 19
14 26 35 41 43 42 43 33 38 30
14 27 11 21 14 10 13 23 21 19
14 28 12 23 14 13 23 17 15 19
14 29 28 30 31 36 34 36 33 29
14 30 45 52 47 42 49 44 50 40
14 31 73 70 63 66 71 65 63 70
14 32 20 21 23 27 21 24 26 22
14 33 90 82 82 87 87 87 82 89
14 34 46 41 44 52 41 50 54 43
14 35 30 25 37 28 33 30 40 38
14 36 52 52 54 50 50 53 45 53
14 37 52 46 51 58 52 56 49 49
14 38 87 85 79 84 87 76 83 81
14 39 44 49 50 43 44 48 52 43
14 40 14 16 22 16 17 16 19 15
14 41 15 15 18 19 14 27 21 26
14 42 48 50 53 53 44 49 41 54
14 43 59 51 57 62 52 53 53 54
14 44 41 39 41 45 43 49 36 46
15 16 57 62 50 60 54 49 56 51
15 17 53 45 48 53 52 59 49 57
15 18 91 84 79 90 86 90 80 89
15 19 36 41 36 34 31 43 41 35
15 20 5 6 6 4 18 10 10 10
15 21 73 66 65 70 71 75 64 75
15 22 26 35 28 26 35 27 36 36
15 23 11 15 21 20 10 22 19 22
15 24 97 84 96 90 92 94 96 93
15 25 67 70 65 69 57 65 66 63
15 26 92 79 78 91 91 79 79 92
15 27 18 20 22 25 24 20 17 19
15 28 86 73 82 82 74 80 77 78
15 29 21 29 25 27 28 22 30 23
15 30 26 23 35 29 30 29 34 30
15 31 86 82 83 81 77 87 79 83
15 32 58 60 64 52 59 50 50 62
15 33 99 94 86 95 92 94 85 95
15 34 32 33 38 36 33 29 41 38
15 35 59 64 64 54 61 59 54 59
15 36 81 78 74 75 83 76 74 74
15 37 85 80 82 82 81 82 82 84
15 38 52 51 47 48 52 50 52 58
15 39 38 37 39 37 45 40 47 33
15 40 54 49 58 52 53 49 51 58
15 41 12 17 21 15 21 20 17 11
15 42 97 96 87 95 85 84 84 97
15 43 53 45 48 48 52 59 56 57
15 44 41 40 46 37 45 49 37 43
16 17 64 60 68 55 68 58 65 67
16 18 0 12 2 6 9 13 2 13
16 19 77 73 79 80 75 68 70 80
16 20 6 15 9 7 10 14 13 6
16 21 85 80 75 85 84 78 85 75
16 22 60 53 56 52 53 58 63 54
16 23 48 49 41 52 49 44 52 41
16 24 7 9 20 6 21 13 19 15
16 25 35 39 43 39 42 34 31 41
16 26 73 66 76 68 71 65 72 63
16 27 48 47 49 42 50 42 54 44
16 28 36 33 44 36 40 37 44 37
16 29 70 61 71 61 64 60 72 60
16 30 26 28 23 33 37 24 26 27
16 31 71 70 68 72 66 62 69 74
16 32 95 82 93 86 89 94 91 86
16 33 77 76 69 66 71 67 70 77
16 34 28 29 32 31 32 36 24 29
16 35 23 30 21 28 20 26 31 33
16 36 9 11 15 18 17 16 13 8
16 37 57 51 56 62 52 51 60 57
16 38 21 18 30 29 25 21 20 23
16 39 55 50 52 61 61 48 54 50
16 40 15 27 18 21 16 16 23 28
16 41 59 54 58 64 64 54 56 50
16 42 81 73 71 75 71 83 82 72
16 43 76 74 72 65 74 77 68 70
16 44 37 44 42 43 37 41 35 35
17 18 99 95 92 97 89 87 86 91
17 19 3 16 8 12 15 11 4 10
17 20 25 35 36 28 23 23 23 33
17 21 75 70 68 76 68 70 73 72
17 22 40 35 35 42 45 44 38 36
17 23 0 10 11 4 5 11 6 5
17 24 39 44 37 40 41 45 36 45
17 25 37 36 40 36 46 41 37 38
17 26 68 67 66 68 68 60 72 58
17 27 56 48 52 61 50 60 55 59
17 28 12 15 24 19 12 23 23 13
17 29 64 60 63 56 65 67 60 60
17 30 70 61 64 72 74 65 73 70
17 31 43 48 45 46 37 42 51 40
17 32 10 13 14 11 18 13 18 12
17 33 62 60 63 60 61 63 65 55
17 34 18 30 26 20 22 18 25 28
17 35 81 74 82 75 74 83 80 75
17 36 32 30 38 37 34 38 28 28
17 37 60 55 55 63 56 53 54 52
17 38 78 68 66 70 80 68 76 73
17 39 29 36 31 30 28 27 38 26
17 40 65 60 67 66 68 66 67 70
17 41 51 52 58 51 51 56 58 49
17 42 66 62 68 68 69 65 60 56
17 43 44 44 43 52 43 52 39 49
17 44 99 87 96 92 91 94 85 85
18 19 88 83 88 82 77 88 80 85
18 20 69 73 74 63 71 73 72 71
18 21 70 61 62 66 70 74 70 60
18 22 80 80 74 75 80 77 80 77
18 23 16 27 17 26 14 17 20 22
18 24 13 26 15 21 13 21 17 26
18 25 34 41 36 33 43 41 34 40
18 26 38 37 45 43 37 33 39 35
18 27 10 11 20 24 13 14 13 23
18 28 86 73 78 73 85 74 80 76
18 29 66 71 70 63 66 58 68 65
18 30 57 57 54 54 54 58 59 55
18 31 96 87 92 91 89 88 88 82
18 32 32 28 42 34 36 35 31 35
18 33 62 61 58 53 59 60 66 59
18 34 73 65 69 63 74 65 74 70
18 35 67 69 60 67 68 60 58 58
18 36 4 8 17 10 5 5 12 7
18 37 37 40 45 32 36 34 39 36
18 38 85 76 79 85 73 86 86 72
18 39 25 29 26 31 22 34 24 30
18 40 96 95 95 95 90 97 87 96
18 41 28 34 35 32 38 29 26 33
18 42 88 76 79 87 81 76 87 76
18 43 57 49 51 60 57 62 57 59
18 44 41 39 41 36 49 45 49 36
19 20 80 77 80 75 71 70 70 68
19 21 27 33 27 27 29 31 31 25
19 22 85 82 76 74 87 87 74 76
19 23 73 75 75 73 66 74 67 65
19 24 93 84 91 87 82 81 81 84
19 25 22 29 24 26 24 31 33 22
19 26 43 45 43 49 44 42 38 42
19 27 12 21 16 13 23 12 12 19
19 28 37 39 45 37 41 33 38 42
19 29 34 41 35 31 44 32 42 34
19 30 93 90 85 87 92 93 81 87
19 31 25 34 29 34 33 28 32 26
19 32 69 67 60 64 73 65 62 62
19 33 55 48 53 54 59 58 59 59
19 34 12 21 23 23 18 17 16 16
19 35 80 79 78 79 79 76 81 82
19 36 33 38 37 42 43 38 35 32
19 37 28 37 24 28 35 28 25 30
19 38 63 61 59 68 54 54 55 54
19 39 34 34 35 37 41 33 35 33
19 40 32 27 41 39 37 39 41 37
19 41 76 67 66 70 75 76 71 71
19 42 51 52 53 56 44 48 49 44
19 43 65 68 63 64 66 66 58 66
19 44 75 69 67 78 74 72 69 72
20 21 21 24 29 29 31 28 20 31
20 22 12 24 14 18 22 16 15 18
20 23 51 50 56 52 49 44 50 55
20 24 88 81 84 81 84 77 84 81
20 25 34 29 39 43 42 39 30 39
20 26 26 31 30 28 35 36 36 34
20 27 91 86 92 88 92 86 92 91
20 28 38 42 36 39 35 40 37 35
20 29 98 90 86 95 98 89 98 83
20 30 81 75 77 79 79 78 72 74
20 31 11 17 22 15 21 24 14 10
20 32 28 34 25 32 25 33 24 37
20 33 25 32 30 22 33 34 27 32
20 34 22 27 31 25 27 24 26 27
20 35 71 67 61 66 72 70 67 67
20 36 41 44 38 45 37 38 36 40
20 37 0 14 11 6 5 9 1 5
20 38 4 9 12 9 14 4 5 16
20 39 1 16 14 5 15 1 12 10
20 40 94 81 89 88 90 85 92 88
20 41 30 39 26 28 27 32 37 29
20 42 80 72 81 80 77 72 74 79
20 43 29 36 27 26 27 38 33 34
20 44 73 75 62 76 66 66 65 76
21 22 6 14 12 13 11 15 17 16
21 23 82 83 81 76 78 81 74 76
21 24 24 29 34 30 28 33 32 35
21 25 2 8 15 6 9 6 11 14
21 26 35 42 41 32 40 35 37 40
21 27 95 91 83 82 80 83 86 89
21 28 85 82 75 80 84 79 84 76
21 29 86 78 79 84 81 86 74 85
21 30 6 18 15 12 19 6 10 11
21 31 81 78 80 75 73 79 83 77
21 32 51 44 55 44 56 50 45 56
21 33 94 81 85 82 90 82 90 88
21 34 39 38 38 45 36 41 36 42
21 35 41 45 42 37 40 49 37 37
21 36 72 74 76 69 65 63 65 71
21 37 64 61 61 68 55 56 60 61
21 38 89 77 80 76 85 82 76 86
21 39 34 34 34 31 38 34 33 31
21 40 53 46 54 52 48 56 50 51
21 41 79 72 76 71 80 78 81 70
21 42 44 46 50 49 47 45 51 45
21 43 95 94 90 81 82 84 83 88
21 44 29 35 31 28 38 38 35 34
22 23 42 47 49 42 39 40 44 47
22 24 12 15 24 22 20 17 19 14
22 25 41 42 41 37 38 41 40 43
22 26 84 75 85 85 75 73 71 78
22 27 53 53 51 50 55 53 60 48
22 28 5 12 9 6 10 13 18 18
22 29 90 85 86 84 85 79 79 81
22 30 39 45 39 43 40 40 44 38
22 31 33 36 29 30 35 34 29 33
22 32 28 32 26 38 30 35 30 34
22 33 62 62 66 61 55 63 55 54
22 34 6 12 10 10 7 12 18 11
22 35 8 18 9 15 8 8 8 12
22 36 64 57 67 58 63 58 58 58
22 37 73 66 65 74 76 75 66 68
22 38 62 66 52 57 56 54 65 63
22 39 25 35 26 22 27 27 32 33
22 40 64 55 66 69 59 64 66 66
22 41 99 96 92 90 86 87 96 96
22 42 21 31 24 32 24 20 29 21
22 43 6 18 12 16 17 5 10 9
22 44 90 85 78 84 88 83 79 88
23 24 15 26 23 25 22 18 16 15
23 25 2 5 7 6 9 5 9 15
23 26 52 55 53 53 45 53 56 47
23 27 31 33 41 34 38 36 35 34
23 28 2 11 10 12 12 14 11 6
23 29 95 87 91 91 92 92 95 89
23 30 0 14 9 14 5 0 13 10
23 31 5 19 10 10 17 17 8 5
23 32 59 62 51 62 62 65 51 53
23 33 27 23 37 26 24 30 34 31
23 34 42 38 48 36 45 42 49 50
23 35 51 46 56 56 44 47 51 55
23 36 13 24 15 21 24 14 25 26
23 37 84 82 76 81 80 74 77 74
23 38 77 74 69 73 80 69 78 73
23 39 62 60 66 53 57 62 66 55
23 40 39 44 46 39 47 44 45 46
23 41 65 56 58 64 57 69 68 60
23 42 29 37 30 26 33 28 33 27
23 43 88 79 78 87 76 81 86 83
23 44 86 87 87 75 87 78 84 76
24 25 12 13 15 12 12 20 19 23
24 26 30 39 32 29 35 39 28 34
24 27 32 39 42 27 41 37 40 42
24 28 38 34 40 33 34 33 46 34
24 29 11 18 11 12 11 20 12 22
24 30 59 63 63 57 55 53 55 53
24 31 14 23 22 22 13 16 21 16
24 32 93 93 79 89 87 80 81 89
24 33 45 39 51 45 49 46 43 46
24 34 91 90 79 88 79 90 82 79
24 35 63 62 68 60 66 62 57 61
24 36 44 47 48 51 46 48 46 48
24 37 88 85 82 76 85 78 85 79
24 38 47 47 43 42 44 54 52 43
24 39 4 19 4 17 12 14 18 16
24 40 27 38 30 24 23 35 31 38
24 41 64 68 67 66 67 57 64 69
24 42 88 84 82 86 83 82 79 89
24 43 35 40 35 39 41 32 38 33
24 44 99 94 97 87 94 96 89 88
25 26 25 30 24 24 24 34 30 31
25 27 83 79 78 72 77 76 74 83
25 28 95 90 91 94 93 81 93 88
25 29 89 90 85 76 86 83 76 82
25 30 65 56 68 68 62 58 58 64
25 31 81 75 79 72 74 74 82 83
25 32 92 87 91 86 84 80 83 88
25 33 43 49 51 52 45 48 40 50
25 34 39 37 41 45 46 43 46 46
25 35 1 2 13 11 9 2 8 15
25 36 71 67 64 63 70 73 64 69
25 37 22 27 26 21 29 18 23 20
25 38 27 35 31 34 32 37 28 29
25 39 45 51 51 42 44 47 46 47
25 40 75 78 73 68 68 69 68 78
25 41 74 66 65 69 65 77 66 68
25 42 66 64 64 60 56 64 65 56
25 43 9 15 21 22 22 12 13 10
25 44 61 63 59 52 60 62 61 53
26 27 7 12 11 20 14 8 18 17
26 28 27 23 34 32 35 28 27 34
26 29 38 40 35 35 44 38 41 42
26 30 59 57 64 53 64 55 65 62
26 31 34 38 43 31 33 38 32 33
26 32 82 74 82 79 75 80 75 81
26 33 90 89 83 91 83 91 90 78
26 34 28 26 32 24 36 28 38 29
26 35 32 27 40 39 29 42 42 36
26 36 75 74 78 64 64 70 75 72
26 37 88 89 80 76 80 88 80 84
26 38 57 59 63 52 57 52 62 59
26 39 6 6 6 8 11 16 15 8
26 40 47 47 44 46 48 45 41 52
26 41 38 35 42 36 41 45 45 36
26 42 39 33 43 45 43 41 41 40
26 43 66 60 68 59 67 70 60 66
26 44 85 73 83 78 87 84 82 80
27 28 32 32 39 31 34 28 32 39
27 29 75 67 64 71 70 76 71 75
27 30 6 7 20 9 17 15 9 18
27 31 11 22 17 11 11 15 21 18
27 32 11 21 23 19 12 12 19 23
27 33 92 86 86 82 82 79 81 91
27 34 84 79 75 73 85 83 75 72
27 35 19 25 20 19 22 24 28 26
27 36 39 33 47 40 39 33 45 45
27 37 49 46 56 49 43 54 48 54
27 38 54 52 54 60 49 55 61 47
27 39 63 65 61 62 54 59 55 68
27 40 53 57 57 58 46 48 47 46
27 41 68 64 67 69 67 64 66 65
27 42 4 10 14 13 11 8 10 10
27 43 98 93 91 89 97 89 90 91
27 44 7 18 20 7 11 16 10 6
28 29 53 46 48 55 57 55 54 52
28 30 32 37 30 35 30 36 42 39
28 31 90 85 91 89 79 80 83 87
28 32 16 15 21 28 27 18 18 17
28 33 9 10 14 15 9 13 21 8
28 34 14 27 19 16 18 16 20 19
28 35 67 61 62 72 61 65 65 64
28 36 8 20 7 14 9 19 21 13
28 37 97 92 95 82 83 87 88 83
28 38 31 41 29 40 36 26 40 30
28 39 6 19 14 5 14 18 5 11
28 40 85 85 78 84 81 75 84 80
28 41 9 8 8 11 12 9 12 8
28 42 53 54 50 47 50 47 60 56
28 43 96 81 92 82 84 94 92 88
28 44 28 26 38 26 25 34 30 38
29 30 57 54 55 59 60 53 51 54
29 31 68 72 69 68 68 63 71 65
29 32 60 61 62 55 54 57 57 54
29 33 48 52 43 49 47 50 47 42
29 34 20 31 21 25 22 32 22 25
29 35 95 85 81 92 86 93 96 85
29 36 80 75 71 68 78 75 70 79
29 37 75 70 64 74 69 64 71 67
29 38 51 55 53 51 55 54 56 50
29 39 16 24 22 23 26 20 18 25
29 40 88 80 84 85 75 77 87 86
29 41 67 61 59 60 64 60 58 62
29 42 42 43 44 45 46 48 47 40
29 43 13 12 19 17 14 13 15 20
29 44 77 80 78 73 79 71 77 78
30 31 92 82 81 89 85 86 88 89
30 32 38 37 39 43 39 36 43 38
30 33 5 10 5 11 7 10 19 10
30 34 32 32 36 29 39 29 33 37
30 35 55 56 48 59 51 53 46 55
30 36 16 20 22 20 14 26 27 27
30 37 12 17 15 21 11 15 13 10
30 38 72 67 68 68 67 62 64 62
30 39 51 55 53 47 44 45 52 47
30 40 2 2 16 4 7 10 4 16
30 41 62 54 54 53 60 56 60 59
30 42 52 51 52 47 51 56 51 59
30 43 4 12 18 11 9 6 17 15
30 44 92 87 80 87 93 83 88 80
31 32 23 31 25 30 30 25 31 22
31 33 11 9 18 11 16 12 17 22
31 34 77 72 77 79 79 77 72 75
31 35 79 77 70 71 68 82 81 77
31 36 53 49 52 52 60 46 59 58
31 37 12 25 22 11 24 14 18 11
31 38 41 37 46 35 47 40 39 47
31 39 9 18 9 19 22 18 13 10
31 40 17 18 15 17 18 27 15 21
31 41 46 42 45 40 47 44 46 46
31 42 82 78 73 75 72 82 84 74
31 43 6 16 6 12 16 10 17 16
31 44 72 71 74 74 68 76 64 68
32 33 11 17 20 13 13 21 23 15
32 34 32 30 40 31 32 40 32 35
32 35 40 34 39 39 41 35 38 34
32 36 69 59 63 63 68 70 74 62
32 37 1 10 13 5 7 13 10 4
32 38 16 16 28 28 21 22 22 23
32 39 81 80 76 81 83 78 70 80
32 40 49 50 44 47 53 54 55 55
32 41 21 26 32 31 32 27 26 27
32 42 60 53 54 51 65 57 56 63
32 43 23 31 20 24 23 25 26 33
32 44 47 47 54 44 52 45 48 42
33 34 69 67 68 63 72 66 60 71
33 35 45 40 38 43 48 39 49 49
33 36 33 33 30 40 39 34 33 30
33 37 4 7 18 13 18 12 14 17
33 38 93 90 90 87 83 88 93 81
33 39 69 67 70 61 64 63 71 68
33 40 43 45 42 46 48 49 47 40
33 41 14 17 15 21 23 12 18 13
33 42 31 29 26 33 33 26 30 36
33 43 1 3 3 9 5 3 5 8
33 44 24 28 33 22 29 25 32 24
34 35 94 88 89 94 88 82 94 83
34 36 93 80 89 93 84 93 85 91
34 37 71 63 68 62 67 66 72 61
34 38 14 22 18 23 24 19 15 26
34 39 21 28 20 21 27 23 22 20
34 40 48 54 55 45 55 46 43 50
34 41 56 53 48 56 51 57 62 50
34 42 63 56 62 64 61 66 63 62
34 43 56 57 50 50 51 58 54 50
34 44 84 79 77 79 85 79 77 74
35 36 46 42 52 41 48 40 45 52
35 37 94 82 90 89 82 85 90 89
35 38 5 11 18 5 15 18 6 10
35 39 62 60 53 63 54 61 68 54
35 40 22 25 26 24 23 24 27 24
35 41 30 30 34 40 37 37 40 40
35 42 80 79 74 69 71 78 71 76
35 43 1 14 9 14 11 3 2 12
35 44 74 73 68 65 69 74 69 77
36 37 24 23 32 35 22 32 27 27
36 38 70 64 66 72 60 68 69 62
36 39 19 30 18 28 29 30 30 28
36 40 95 93 94 87 94 87 83 90
36 41 46 40 43 40 48 43 46 46
36 42 68 71 60 63 65 66 72 70
36 43 25 27 34 23 34 31 36 26
36 44 0 13 4 11 9 2 2 9
37 38 40 37 42 44 47 47 43 46
37 39 66 58 60 58 70 68 61 65
37 40 48 50 45 47 48 42 51 52
37 41 89 84 84 89 78 89 83 88
37 42 30 35 29 28 29 39 38 36
37 43 13 17 14 11 11 25 12 13
37 44 47 46 52 51 45 49 50 45
38 39 71 66 65 67 66 61 62 61
38 40 41 42 43 41 41 38 48 45
38 41 2 6 6 10 2 13 7 5
38 42 11 22 15 24 19 17 12 22
38 43 94 90 88 80 89 91 91 87
38 44 5 17 11 7 15 9 17 8
39 40 43 42 43 40 49 51 49 44
39 41 64 69 64 59 61 67 66 65
39 42 87 80 85 86 79 88 85 77
39 43 48 47 52 45 47 54 42 56
39 44 22 21 28 32 28 27 29 30
40 41 0 11 10 11 1 5 9 13
40 42 26 36 36 28 36 35 26 33
40 43 91 82 86 88 80 86 78 84
40 44 69 63 61 71 73 68 70 62
41 42 94 91 88 89 85 81 92 87
41 43 73 64 69 73 72 67 63 72
41 44 45 38 46 40 41 46 41 44
42 43 65 67 58 70 65 67 70 66
42 44 19 23 31 25 27 17 25 21
43 44 33 42 40 31 30 41 32 29
