45 8
0.5 0.5 0.0 0.0 0.0 0.0 0.0 0.0 
0 1 26 9 39 50 20 8 75 78
0 2 63 60 59 22 41 37 47 48
0 3 98 46 20 21 77 32 33 85
0 4 49 46 88 14 81 72 56 61
0 5 27 73 23 49 14 41 81 82
0 6 54 51 13 14 24 90 85 88
0 7 16 18 40 64 15 71 74 20
0 8 70 21 21 26 77 37 77 83
0 9 52 42 61 62 33 55 82 20
0 10 35 11 59 84 30 61 50 50
0 11 83 77 80 45 32 19 88 81
0 12 54 41 40 56 28 78 35 16
0 13 47 62 23 18 82 25 54 29
0 14 75 32 39 33 54 58 55 74
0 15 85 61 94 60 31 61 29 31
0 16 17 20 4 20 62 67 55 42
0 17 80 95 81 29 81 82 77 95
0 18 17 82 33 71 62 26 14 16
0 19 74 48 72 29 76 39 54 34
0 20 98 61 94 23 64 31 76 48
0 21 12 9 6 45 56 74 74 69
0 22 32 78 76 72 55 46 33 31
0 23 59 29 85 78 52 73 21 77
0 24 45 31 49 11 16 32 45 38
0 25 47 16 19 29 72 31 63 67
0 26 97 55 97 35 90 61 70 96
0 27 52 40 76 49 32 23 79 54
0 28 16 11 59 58 68 25 30 75
0 29 24 27 68 65 54 36 10 81
0 30 96 95 45 39 46 25 90 41
0 31 58 25 14 56 18 35 40 90
0 32 18 41 83 59 48 19 61 38
0 33 89 35 18 90 94 39 85 33
0 34 65 19 53 49 66 57 46 41
0 35 30 35 47 59 59 65 22 24
0 36 19 61 22 79 8 10 48 20
0 37 42 46 42 85 84 77 50 25
0 38 59 67 29 31 30 77 67 66
0 39 95 33 24 62 48 57 74 46
0 40 95 91 88 48 90 84 65 51
0 41 51 64 89 88 90 49 40 55
0 42 55 84 22 21 18 19 12 32
0 43 15 60 18 13 61 9 73 7
0 44 90 68 57 70 95 46 81 31
1 2 6 46 78 4 27 56 6 51
1 3 75 90 23 15 81 64 81 46
1 4 32 70 61 38 54 73 74 16
1 5 94 91 71 29 87 67 46 89
1 6 51 24 75 77 64 64 31 73
1 7 23 9 78 17 25 7 31 22
1 8 11 11 78 9 51 61 50 16
1 9 79 29 65 90 53 43 54 66
1 10 59 50 31 82 30 72 74 90
1 11 20 38 52 58 32 59 27 53
1 12 67 93 68 26 87 58 62 57
1 13 18 68 13 15 8 23 19 15
1 14 84 28 69 42 47 64 33 55
1 15 68 90 90 47 22 79 65 61
1 16 0 8 2 7 37 59 23 14
1 17 44 58 45 50 79 59 52 75
1 18 29 15 34 39 85 51 26 68
1 19 11 28 56 62 68 51 15 22
1 20 34 49 74 79 64 43 35 52
1 21 85 62 58 81 20 89 64 75
1 22 68 50 91 57 28 31 48 41
1 23 28 84 10 8 67 15 85 79
1 24 45 75 33 36 34 48 77 78
1 25 99 43 25 20 29 84 94 79
1 26 71 48 78 14 53 18 43 47
1 27 0 64 17 67 30 42 79 20
1 28 47 71 51 44 52 33 56 72
1 29 35 40 50 64 36 37 69 35
1 30 4 3 52 10 39 17 73 37
1 31 39 17 50 59 22 55 83 51
1 32 18 75 28 39 65 5 21 8
1 33 65 14 82 42 31 30 84 71
1 34 87 47 88 26 86 56 74 75
1 35 29 21 19 33 59 12 69 31
1 36 3 40 46 5 67 50 52 30
1 37 74 74 64 83 58 70 93 33
1 38 33 46 35 52 43 15 27 85
1 39 74 17 62 38 83 17 71 51
1 40 94 62 82 63 36 37 79 41
1 41 48 59 48 72 62 12 33 56
1 42 47 65 58 11 79 28 84 61
1 43 30 48 8 6 66 77 24 76
1 44 71 52 45 49 30 82 59 60
2 3 43 75 66 25 43 77 68 52
2 4 24 14 41 23 51 41 33 63
2 5 45 34 54 19 57 17 18 56
2 6 86 50 25 81 75 76 84 87
2 7 15 26 57 55 53 5 62 30
2 8 66 20 44 49 92 28 57 62
2 9 84 75 95 24 20 90 52 79
2 10 43 42 80 84 41 31 61 45
2 11 54 72 25 18 81 30 28 14
2 12 11 77 55 67 64 45 66 62
2 13 69 18 91 82 91 71 50 56
2 14 98 65 44 38 86 26 57 54
2 15 55 54 64 88 21 72 64 58
2 16 40 59 66 8 21 46 64 11
2 17 55 49 54 25 33 15 28 74
2 18 74 62 47 82 80 88 20 85
2 19 77 72 73 62 35 74 78 80
2 20 17 53 10 45 67 8 58 15
2 21 14 64 29 45 39 47 4 18
2 22 57 67 61 41 21 90 63 66
2 23 2 4 42 19 69 14 33 17
2 24 78 73 55 72 95 61 88 42
2 25 20 76 43 30 5 50 81 53
2 26 48 66 61 24 77 13 73 38
2 27 92 28 60 81 70 40 64 26
2 28 37 83 79 55 85 49 76 70
2 29 99 80 47 79 96 42 70 29
2 30 6 66 70 49 7 8 80 18
2 31 55 57 61 75 66 73 87 66
2 32 66 39 88 80 52 45 35 68
2 33 1 4 8 14 3 2 73 28
2 34 22 52 76 69 38 43 63 65
2 35 85 68 84 93 76 42 43 44
2 36 63 19 91 88 48 63 68 77
2 37 92 53 72 47 53 53 67 85
2 38 52 47 87 89 76 15 41 23
2 39 85 67 41 88 92 39 41 75
2 40 5 19 62 33 29 17 71 58
2 41 42 72 22 60 74 61 54 18
2 42 60 14 88 76 91 14 54 37
2 43 47 51 17 52 44 59 82 56
2 44 58 13 57 52 13 26 74 29
3 4 93 31 68 85 82 56 48 48
3 5 44 59 48 38 55 48 45 68
3 6 64 26 33 19 43 91 62 46
3 7 50 75 52 57 76 70 56 40
3 8 65 82 30 62 68 85 82 75
3 9 89 66 71 51 81 23 78 29
3 10 74 92 54 83 90 82 38 85
3 11 96 46 93 77 66 93 65 56
3 12 86 26 81 45 58 41 93 51
3 13 66 34 14 79 38 34 88 29
3 14 95 30 47 38 84 27 70 25
3 15 41 73 34 57 88 80 80 52
3 16 40 71 32 65 28 29 45 10
3 17 91 69 56 62 82 24 81 62
3 18 67 84 46 47 51 27 89 63
3 19 84 41 63 87 29 41 89 64
3 20 93 49 94 92 18 30 74 72
3 21 63 92 76 70 36 82 79 22
3 22 84 72 64 76 70 93 51 31
3 23 48 53 10 24 50 26 82 62
3 24 57 84 58 41 50 45 26 40
3 25 27 35 54 46 71 81 78 63
3 26 15 21 53 3 58 39 4 75
3 27 25 21 31 73 72 62 20 33
3 28 6 64 25 54 54 56 31 35
3 29 6 36 37 22 7 33 13 62
3 30 98 21 78 43 32 80 66 42
3 31 29 44 64 9 84 48 47 84
3 32 57 85 64 17 46 33 75 35
3 33 3 31 54 48 16 41 54 23
3 34 30 53 40 64 54 24 36 57
3 35 63 61 62 30 85 27 19 88
3 36 26 66 28 82 18 26 13 31
3 37 9 20 50 76 51 4 62 75
3 38 41 44 29 24 33 27 29 70
3 39 82 21 26 50 90 44 67 34
3 40 10 19 34 14 25 44 5 53
3 41 46 20 78 66 46 37 46 41
3 42 61 69 18 44 35 77 75 51
3 43 85 41 70 58 56 60 75 23
3 44 64 32 15 81 88 21 29 50
4 5 62 50 83 58 59 16 34 69
4 6 30 54 49 39 58 9 22 63
4 7 63 77 58 49 61 34 31 70
4 8 96 77 58 46 72 49 31 88
4 9 12 76 48 35 30 61 61 15
4 10 93 94 64 95 54 55 78 64
4 11 21 19 70 47 83 52 49 24
4 12 80 75 16 80 59 63 57 94
4 13 19 78 5 66 30 26 44 35
4 14 49 17 52 26 79 35 15 72
4 15 80 74 39 49 37 76 53 73
4 16 26 12 5 80 23 34 66 58
4 17 8 78 19 3 54 31 30 27
4 18 71 69 28 70 15 60 88 67
4 19 18 53 55 25 21 69 67 39
4 20 97 32 66 89 93 79 22 86
4 21 25 27 19 57 6 79 19 66
4 22 74 61 22 84 18 64 78 85
4 23 26 33 8 28 44 48 85 31
4 24 53 82 85 52 44 58 36 27
4 25 10 81 11 28 47 64 31 78
4 26 61 67 20 51 86 20 74 86
4 27 11 79 17 43 77 29 27 41
4 28 29 50 70 82 14 77 79 17
4 29 70 91 32 66 75 24 28 36
4 30 66 79 49 81 89 84 50 52
4 31 76 36 16 65 31 74 28 37
4 32 11 7 19 40 3 73 68 57
4 33 67 24 65 46 91 38 57 31
4 34 54 64 14 64 42 86 48 17
4 35 43 66 33 15 36 61 39 19
4 36 77 21 69 54 26 55 64 62
4 37 6 25 67 51 28 51 51 39
4 38 96 20 43 35 58 32 21 62
4 39 11 19 61 30 70 53 52 24
4 40 28 74 58 69 67 36 19 50
4 41 73 58 21 76 66 84 46 50
4 42 65 77 30 33 19 22 62 42
4 43 35 24 28 46 67 57 82 57
4 44 99 38 79 80 69 59 77 42
5 6 70 30 52 27 57 69 35 85
5 7 71 18 88 40 40 83 79 78
5 8 6 33 35 70 54 41 48 79
5 9 96 50 41 69 77 74 97 72
5 10 54 42 80 11 57 63 51 76
5 11 98 92 72 71 61 65 22 77
5 12 26 24 60 78 16 73 38 25
5 13 83 19 92 19 24 18 40 58
5 14 85 29 82 81 75 38 70 91
5 15 83 79 61 55 83 55 25 36
5 16 83 82 29 32 26 80 47 23
5 17 9 29 63 36 22 26 59 80
5 18 93 47 79 23 67 66 91 28
5 19 66 31 60 70 27 58 35 61
5 20 42 56 51 22 83 71 76 68
5 21 46 48 46 45 27 33 17 41
5 22 99 87 21 97 88 79 24 31
5 23 39 16 21 22 34 67 81 25
5 24 3 7 21 21 57 50 21 37
5 25 20 73 82 10 39 12 7 79
5 26 47 56 64 45 46 51 32 31
5 27 49 89 19 25 72 81 36 10
5 28 23 70 63 42 9 48 63 24
5 29 92 48 48 92 34 81 89 55
5 30 74 46 77 71 65 24 44 19
5 31 75 18 57 55 94 41 54 36
5 32 6 66 32 80 8 78 65 73
5 33 49 87 11 27 13 26 53 63
5 34 57 59 13 67 49 45 20 45
5 35 58 47 25 30 52 21 79 43
5 36 5 6 15 66 11 50 14 15
5 37 82 20 61 96 87 52 31 70
5 38 83 88 60 36 38 74 61 27
5 39 75 41 89 46 49 89 74 52
5 40 85 94 57 60 88 26 46 44
5 41 99 50 71 93 22 40 69 71
5 42 32 22 65 34 52 50 35 78
5 43 59 69 24 14 41 31 79 81
5 44 96 36 73 50 84 87 47 56
6 7 10 58 58 30 16 51 30 78
6 8 3 40 59 67 1 42 41 67
6 9 9 31 41 66 41 75 58 35
6 10 33 48 14 74 53 77 31 68
6 11 5 41 57 2 29 52 51 52
6 12 41 66 33 86 78 17 35 35
6 13 87 66 78 92 31 37 69 32
6 14 59 25 27 38 47 25 27 53
6 15 92 48 28 27 48 26 43 78
6 16 99 33 29 32 27 53 87 78
6 17 72 67 87 83 26 56 83 31
6 18 23 33 46 39 50 66 61 46
6 19 88 27 20 69 65 82 39 83
6 20 3 38 21 25 75 63 8 15
6 21 86 80 54 64 51 43 32 63
6 22 28 15 51 27 79 44 17 60
6 23 34 56 34 63 73 81 32 78
6 24 49 74 45 68 61 14 78 44
6 25 7 74 7 66 66 75 53 41
6 26 9 10 80 60 22 71 43 79
6 27 17 8 9 49 42 74 54 39
6 28 27 12 10 83 53 47 77 30
6 29 74 91 43 40 63 47 66 56
6 30 38 39 78 86 63 40 52 69
6 31 49 17 36 56 70 45 36 55
6 32 39 81 8 20 61 53 26 28
6 33 8 33 35 81 51 14 48 11
6 34 29 24 45 15 65 76 71 11
6 35 12 18 53 77 45 11 22 73
6 36 25 52 30 57 9 54 28 6
6 37 26 30 32 19 82 31 26 70
6 38 22 79 9 68 59 83 51 25
6 39 14 23 63 49 42 8 11 50
6 40 41 37 87 69 62 44 68 20
6 41 99 73 22 70 58 67 34 69
6 42 80 88 82 65 41 58 92 27
6 43 61 46 53 18 45 75 21 40
6 44 1 67 36 16 60 2 23 34
7 8 14 14 25 28 45 37 77 8
7 9 15 7 72 49 56 31 34 38
7 10 37 24 41 13 36 45 70 34
7 11 44 39 13 36 60 21 84 61
7 12 0 47 55 62 5 33 49 8
7 13 55 85 31 21 82 33 76 36
7 14 95 85 95 78 69 72 69 52
7 15 5 54 4 66 67 12 5 23
7 16 26 13 26 83 52 33 71 48
7 17 82 47 35 96 89 33 86 92
7 18 18 34 17 70 69 78 57 63
7 19 43 44 69 17 17 42 54 82
7 20 5 18 39 80 75 19 18 51
7 21 6 16 81 9 16 57 3 14
7 22 78 85 91 31 74 75 47 93
7 23 46 38 37 41 52 75 26 50
7 24 24 70 74 75 62 12 34 44
7 25 20 49 22 13 65 22 31 75
7 26 34 40 33 68 56 33 10 49
7 27 91 37 46 78 89 22 49 41
7 28 0 8 61 43 31 39 55 47
7 29 42 9 12 47 62 30 53 31
7 30 55 90 85 70 28 40 40 71
7 31 42 62 48 76 75 81 37 81
7 32 71 74 19 62 66 55 41 61
7 33 83 66 61 39 45 92 66 59
7 34 6 64 17 78 10 20 72 37
7 35 96 26 94 77 90 76 25 92
7 36 89 86 45 21 54 76 78 76
7 37 61 58 35 67 38 75 85 34
7 38 65 46 84 80 81 69 68 36
7 39 83 32 18 56 21 37 60 92
7 40 53 58 64 43 22 18 49 48
7 41 44 72 9 45 84 62 65 76
7 42 30 20 72 66 44 74 33 6
7 43 37 47 37 26 86 58 78 17
7 44 46 21 70 44 56 58 88 23
8 9 97 92 94 20 43 27 48 75
8 10 0 56 47 42 77 22 46 12
8 11 79 80 70 27 91 67 23 67
8 12 20 58 33 65 11 67 19 16
8 13 30 43 53 29 15 44 45 69
8 14 30 52 19 38 76 20 57 41
8 15 96 33 78 40 29 67 70 83
8 16 88 31 51 76 37 71 34 41
8 17 67 14 27 46 67 68 80 84
8 18 29 56 69 34 77 35 84 14
8 19 37 62 13 79 41 84 74 41
8 20 44 20 13 55 61 88 45 32
8 21 86 20 31 68 25 34 94 43
8 22 9 31 59 44 54 20 3 32
8 23 36 24 77 49 73 65 23 67
8 24 93 49 69 71 48 30 20 75
8 25 19 81 56 4 72 53 8 22
8 26 40 48 9 36 23 10 34 87
8 27 76 54 21 40 84 36 65 22
8 28 81 32 40 60 90 47 54 83
8 29 3 8 40 24 59 60 45 52
8 30 95 56 74 54 63 68 29 24
8 31 44 55 34 84 71 84 60 16
8 32 60 37 73 48 62 28 72 21
8 33 37 45 47 76 54 57 61 51
8 34 16 39 75 54 53 38 44 36
8 35 77 18 32 45 89 31 76 80
8 36 63 84 26 65 72 71 36 42
8 37 57 40 55 69 45 83 66 23
8 38 1 7 13 24 24 63 61 53
8 39 80 32 52 92 58 22 24 63
8 40 49 43 48 80 83 35 49 66
8 41 33 7 77 71 22 16 67 20
8 42 71 90 68 81 69 65 92 79
8 43 36 33 25 63 79 13 65 51
8 44 11 36 79 80 16 48 39 50
9 10 70 20 21 59 76 63 33 84
9 11 61 18 19 41 67 56 85 77
9 12 4 37 4 52 35 80 51 37
9 13 2 76 5 65 59 42 62 70
9 14 16 19 10 49 21 5 69 42
9 15 72 59 50 41 49 83 70 51
9 16 14 2 70 53 79 48 29 39
9 17 36 33 52 27 54 36 14 39
9 18 88 32 80 85 65 83 76 62
9 19 57 26 85 37 42 89 68 44
9 20 62 52 73 75 35 85 56 54
9 21 21 27 12 20 68 70 57 57
9 22 51 89 11 55 80 37 75 85
9 23 68 84 34 68 81 90 31 71
9 24 89 50 46 41 86 96 29 39
9 25 60 48 66 15 26 81 13 84
9 26 41 71 45 18 37 23 68 80
9 27 95 56 46 34 65 92 26 66
9 28 61 37 84 50 88 52 30 16
9 29 33 80 66 79 32 32 10 7
9 30 7 34 79 76 62 29 28 43
9 31 21 63 67 51 47 28 14 20
9 32 73 39 21 90 67 34 92 72
9 33 99 84 63 78 36 92 59 71
9 34 60 25 43 39 44 73 42 72
9 35 69 75 14 33 18 53 57 42
9 36 36 23 23 26 10 69 62 85
9 37 88 75 26 55 93 42 83 21
9 38 94 37 24 73 56 55 27 74
9 39 73 89 23 79 17 85 38 86
9 40 32 71 83 46 81 70 20 62
9 41 4 70 28 63 27 23 73 20
9 42 61 87 50 81 49 47 73 51
9 43 93 64 30 66 73 89 83 32
9 44 13 9 24 11 5 74 21 74
10 11 55 75 89 56 74 78 62 89
10 12 92 51 76 83 92 55 35 19
10 13 36 56 12 58 60 28 56 34
10 14 19 13 26 42 26 67 64 49
10 15 47 37 68 13 54 75 60 35
10 16 59 53 33 74 73 37 72 40
10 17 65 85 51 56 50 60 86 76
10 18 19 17 27 15 67 83 59 12
10 19 67 48 49 85 48 36 29 84
10 20 17 76 15 80 52 70 25 72
10 21 23 80 35 23 36 8 83 81
10 22 73 39 34 87 75 16 65 63
10 23 98 21 20 95 51 66 89 84
10 24 65 41 35 47 42 64 20 29
10 25 4 49 57 47 11 25 60 42
10 26 10 78 8 50 17 17 69 24
10 27 29 6 26 74 74 47 31 37
10 28 38 7 46 21 15 18 40 82
10 29 62 37 43 51 31 35 20 55
10 30 2 12 58 6 78 24 37 36
10 31 94 25 91 65 57 36 48 67
10 32 34 32 30 76 8 11 31 10
10 33 50 54 58 66 80 53 85 23
10 34 8 40 12 53 14 34 64 20
10 35 50 67 33 28 48 40 26 30
10 36 25 53 18 15 61 37 84 52
10 37 53 39 85 26 72 21 81 87
10 38 27 50 80 28 15 44 27 17
10 39 64 14 73 78 63 22 91 40
10 40 87 21 45 88 43 79 39 72
10 41 13 79 66 79 20 25 35 7
10 42 49 77 60 55 78 26 83 60
10 43 22 80 54 67 15 30 25 22
10 44 34 79 30 49 51 45 45 19
11 12 28 79 35 73 56 84 22 53
11 13 11 33 75 3 49 16 12 38
11 14 45 41 42 65 37 60 35 77
11 15 52 70 86 36 41 88 21 28
11 16 81 35 75 37 77 79 56 82
11 17 71 79 47 32 38 51 28 51
11 18 18 34 69 28 66 78 15 40
11 19 36 68 15 26 37 50 58 42
11 20 32 16 22 36 26 10 85 36
11 21 3 74 1 30 2 24 73 11
11 22 93 84 80 55 49 34 96 88
11 23 20 15 50 17 36 7 18 32
11 24 36 36 34 37 72 7 71 79
11 25 34 63 54 77 7 29 25 23
11 26 82 46 38 93 95 49 24 93
11 27 58 54 59 29 47 88 68 76
11 28 0 43 24 72 30 4 9 48
11 29 68 67 63 52 73 40 80 88
11 30 30 52 7 9 11 69 23 63
11 31 77 28 24 29 84 92 78 87
11 32 45 27 37 55 37 63 80 41
11 33 20 52 77 11 75 69 19 32
11 34 40 56 36 30 77 28 72 49
11 35 81 26 41 55 54 26 76 93
11 36 79 31 27 76 71 20 42 61
11 37 38 22 32 75 54 54 29 37
11 38 39 49 67 85 83 58 39 59
11 39 35 72 42 85 62 23 45 36
11 40 29 16 27 48 54 75 16 49
11 41 3 37 51 13 41 54 66 15
11 42 89 61 97 91 95 97 35 82
11 43 64 17 70 16 37 59 73 56
11 44 15 12 56 73 11 32 28 63
12 13 97 48 52 58 92 59 54 26
12 14 21 65 8 72 41 29 32 39
12 15 82 79 33 23 22 56 82 41
12 16 47 48 36 85 25 70 60 21
12 17 41 64 17 78 70 57 31 76
12 18 78 53 70 25 40 64 42 25
12 19 2 56 4 56 70 30 61 6
12 20 24 36 56 18 79 60 83 68
12 21 71 34 61 64 56 32 93 15
12 22 84 73 32 83 27 44 80 22
12 23 17 68 39 46 28 28 26 82
12 24 38 59 37 68 55 65 31 15
12 25 26 77 10 17 34 47 83 45
12 26 94 67 86 65 43 76 93 24
12 27 64 54 92 39 86 23 42 68
12 28 25 34 80 82 39 29 51 28
12 29 1 61 26 1 32 51 69 65
12 30 11 53 32 55 33 63 43 8
12 31 45 19 80 69 18 25 74 25
12 32 27 30 77 16 12 22 67 43
12 33 38 78 45 38 59 36 49 39
12 34 63 27 22 26 30 69 18 82
12 35 91 25 77 49 40 30 42 32
12 36 60 18 35 78 55 29 66 70
12 37 12 74 41 9 3 73 2 59
12 38 63 84 51 56 64 89 25 40
12 39 12 68 27 50 80 23 8 79
12 40 27 73 21 33 62 79 62 18
12 41 73 58 77 57 81 17 24 29
12 42 67 83 58 48 52 13 16 36
12 43 59 48 73 58 35 25 12 46
12 44 60 44 71 79 82 59 28 45
13 14 1 53 55 10 20 55 20 17
13 15 63 79 65 59 82 81 79 51
13 16 82 27 72 57 29 67 83 72
13 17 24 30 54 46 17 32 16 16
13 18 74 54 16 78 77 34 67 30
13 19 70 52 67 84 81 47 87 15
13 20 54 19 55 11 79 89 35 33
13 21 99 94 58 47 37 69 99 84
13 22 96 49 67 39 57 88 77 69
13 23 87 48 62 20 54 74 49 40
13 24 82 54 61 39 73 23 75 46
13 25 74 68 19 45 90 65 29 26
13 26 3 44 25 54 73 52 78 4
13 27 17 45 63 82 15 45 50 24
13 28 90 89 25 49 97 95 84 55
13 29 57 75 73 72 85 67 42 29
13 30 70 64 34 28 45 25 90 14
13 31 97 58 82 86 55 73 43 63
13 32 95 82 28 70 29 57 33 93
13 33 62 19 72 43 73 25 86 71
13 34 94 89 48 81 97 57 90 20
13 35 65 88 14 17 31 32 64 65
13 36 75 40 22 58 61 83 57 90
13 37 0 32 66 50 53 2 38 48
13 38 36 68 26 61 77 21 76 86
13 39 61 46 75 14 39 25 47 71
13 40 33 64 14 55 68 20 63 81
13 41 40 25 80 62 48 46 85 63
13 42 40 66 62 81 63 68 25 31
13 43 44 32 85 41 10 85 83 54
13 44 26 71 50 84 67 32 29 46
14 15 82 41 70 38 77 85 72 68
14 16 56 74 28 42 25 14 84 85
14 17 86 49 72 36 54 47 37 41
14 18 80 65 73 59 41 72 84 80
14 19 56 20 38 38 90 86 58 85
14 20 56 48 28 25 56 66 38 82
14 21 92 93 42 25 60 62 59 45
14 22 87 77 31 75 86 45 62 64
14 23 90 25 67 97 95 23 19 45
14 24 28 38 74 79 40 76 71 47
14 25 81 79 32 89 21 31 23 80
14 26 13 57 68 37 52 44 15 79
14 27 71 83 49 58 89 83 82 51
14 28 32 83 6 77 48 31 48 77
14 29 95 69 56 98 45 65 72 83
14 30 40 36 84 12 65 76 8 13
14 31 76 81 40 72 91 46 88 17
14 32 44 42 36 50 78 44 60 41
14 33 14 78 79 63 68 46 23 26
14 34 45 33 53 21 14 74 13 46
14 35 7 79 75 31 48 10 12 33
14 36 15 20 28 52 9 23 39 26
14 37 16 24 26 81 70 65 59 13
14 38 60 32 12 18 16 66 59 81
14 39 58 44 22 66 62 18 30 48
14 40 26 24 5 69 14 66 79 68
14 41 59 59 37 36 75 83 69 25
14 42 53 70 63 26 37 34 31 27
14 43 4 5 16 35 2 16 35 38
14 44 79 82 82 87 92 31 95 33
15 16 56 35 66 23 50 41 68 78
15 17 49 38 68 44 42 35 36 14
15 18 90 56 72 44 21 86 19 36
15 19 66 24 22 17 70 89 18 59
15 20 77 57 73 64 37 50 43 66
15 21 82 92 28 26 78 83 16 84
15 22 13 77 37 19 47 61 50 57
15 23 47 54 44 48 32 51 48 24
15 24 72 92 69 91 38 94 66 79
15 25 66 45 54 28 61 77 48 40
15 26 73 34 92 25 20 91 15 56
15 27 59 23 78 57 20 39 27 52
15 28 95 44 25 44 51 87 62 72
15 29 12 52 45 20 50 65 71 4
15 30 74 50 79 37 33 46 25 91
15 31 9 50 32 31 62 37 3 30
15 32 91 41 30 98 58 88 27 77
15 33 70 18 16 61 89 28 85 88
15 34 6 23 19 62 52 44 71 19
15 35 24 50 26 35 34 59 49 64
15 36 98 59 88 36 55 90 23 58
15 37 44 72 12 75 21 59 15 57
15 38 32 29 14 10 30 37 52 17
15 39 17 63 50 75 66 74 65 34
15 40 75 30 44 41 23 60 19 49
15 41 60 80 43 73 23 71 88 48
15 42 14 41 3 49 60 43 81 77
15 43 9 28 16 14 64 32 5 37
15 44 0 4 42 53 33 46 54 44
16 17 23 18 44 39 62 49 75 78
16 18 87 52 60 32 73 50 97 31
16 19 11 8 55 40 65 35 35 70
16 20 99 89 35 47 68 58 70 22
16 21 91 30 22 32 37 75 94 84
16 22 61 32 80 59 39 81 84 36
16 23 73 33 81 73 39 76 26 69
16 24 34 8 63 83 73 7 70 30
16 25 97 46 97 22 72 42 55 47
16 26 47 35 61 52 62 67 55 45
16 27 55 75 71 16 90 21 53 30
16 28 33 86 76 63 26 69 49 45
16 29 17 41 50 30 43 34 71 19
16 30 23 81 56 65 64 63 44 77
16 31 2 35 59 15 27 45 55 7
16 32 98 42 71 83 76 25 67 43
16 33 1 35 2 23 56 33 51 55
16 34 8 23 60 50 64 34 22 53
16 35 90 51 78 82 31 83 81 73
16 36 96 21 79 66 40 45 66 99
16 37 46 64 19 20 17 33 40 63
16 38 60 66 66 89 27 40 53 84
16 39 1 62 63 51 67 68 20 42
16 40 85 56 59 52 20 72 84 29
16 41 47 23 82 36 28 43 53 43
16 42 15 70 71 64 14 64 17 22
16 43 33 9 75 38 13 44 86 22
16 44 13 38 24 21 18 60 56 29
17 18 86 57 73 78 87 43 43 95
17 19 95 68 47 25 87 61 82 50
17 20 92 84 55 84 84 18 49 45
17 21 17 75 57 48 7 69 82 59
17 22 19 70 47 78 59 36 64 72
17 23 85 55 56 86 34 95 80 74
17 24 98 83 20 42 77 74 67 61
17 25 91 83 73 70 27 28 55 30
17 26 49 16 89 18 75 58 16 85
17 27 88 33 67 51 53 74 30 66
17 28 36 68 44 7 84 44 71 69
17 29 49 15 37 46 76 65 47 26
17 30 27 22 20 59 65 54 28 64
17 31 98 48 76 97 62 30 87 38
17 32 28 7 10 65 38 66 24 36
17 33 1 17 9 4 61 26 57 38
17 34 96 54 66 39 68 84 56 31
17 35 30 71 65 81 50 31 19 66
17 36 71 87 27 20 80 20 87 35
17 37 52 77 46 72 72 35 45 21
17 38 62 32 76 34 39 32 36 55
17 39 88 45 57 85 43 48 50 89
17 40 90 36 40 35 35 98 61 41
17 41 15 32 76 76 76 75 80 26
17 42 72 38 43 38 83 84 56 59
17 43 45 32 31 88 80 30 14 26
17 44 26 63 29 25 69 14 82 38
18 19 5 47 80 69 75 10 36 71
18 20 68 18 74 89 56 44 87 27
18 21 0 76 13 70 73 76 1 48
18 22 71 50 88 89 29 63 85 54
18 23 43 56 57 39 38 24 21 41
18 24 88 23 23 81 75 85 54 27
18 25 7 73 51 47 41 63 18 47
18 26 74 72 50 42 53 90 36 46
18 27 19 48 30 42 9 79 17 17
18 28 81 25 23 34 33 20 43 73
18 29 53 31 28 51 39 24 38 76
18 30 95 92 43 83 90 37 33 56
18 31 5 16 38 54 72 2 72 72
18 32 40 11 85 12 38 19 32 73
18 33 43 47 11 40 41 83 30 32
18 34 22 19 32 26 39 80 64 36
18 35 14 19 12 31 11 81 18 31
18 36 3 54 72 31 74 79 32 40
18 37 40 19 80 27 66 70 86 82
18 38 24 24 80 35 68 64 12 43
18 39 82 82 52 55 78 93 19 44
18 40 78 76 27 31 76 55 85 27
18 41 78 88 47 92 35 26 79 67
18 42 90 74 87 91 59 79 72 93
18 43 7 19 62 72 81 5 12 26
18 44 1 8 73 61 75 40 66 68
19 20 53 81 37 17 22 34 72 46
19 21 90 77 81 49 19 29 38 71
19 22 18 74 82 53 52 69 21 75
19 23 66 15 21 72 26 48 69 82
19 24 73 29 24 29 37 17 74 64
19 25 28 59 32 76 39 55 13 80
19 26 53 76 14 20 35 35 60 83
19 27 49 89 65 11 44 26 34 48
19 28 24 61 41 32 78 44 4 41
19 29 81 65 79 51 25 29 81 26
19 30 66 80 46 37 77 46 71 89
19 31 53 25 19 66 81 45 71 69
19 32 26 75 66 16 61 52 84 15
19 33 87 28 95 86 42 77 95 45
19 34 41 78 39 44 39 36 51 46
19 35 81 65 29 57 35 92 93 57
19 36 22 55 61 54 63 43 78 42
19 37 90 50 39 70 47 93 23 58
19 38 87 68 57 84 48 29 21 73
19 39 95 72 83 58 70 90 41 97
19 40 44 9 76 31 58 28 86 27
19 41 32 86 25 28 24 78 11 85
19 42 83 75 40 89 77 77 57 74
19 43 55 17 33 44 87 74 50 88
19 44 98 35 64 85 94 59 67 92
20 21 66 77 47 18 16 52 72 14
20 22 40 58 28 46 60 35 37 33
20 23 9 3 14 71 58 54 34 61
20 24 13 21 34 72 36 37 27 3
20 25 73 60 46 22 69 30 81 72
20 26 16 69 55 14 39 48 29 68
20 27 32 41 83 58 57 84 60 73
20 28 80 79 74 43 16 58 81 32
20 29 28 78 53 75 64 52 9 43
20 30 57 18 82 54 32 32 45 14
20 31 75 29 22 41 68 31 45 54
20 32 28 32 54 61 38 60 29 76
20 33 30 52 80 15 68 46 22 20
20 34 60 80 26 53 42 88 86 46
20 35 61 35 29 83 33 35 32 82
20 36 13 31 20 11 81 10 67 50
20 37 75 87 53 37 82 48 38 60
20 38 17 73 17 58 7 26 34 29
20 39 41 72 9 24 28 34 64 35
20 40 52 55 34 73 57 45 43 76
20 41 52 69 10 83 15 15 89 11
20 42 30 9 48 53 49 51 6 69
20 43 63 66 13 30 90 48 27 49
20 44 61 87 19 86 28 67 59 53
21 22 74 19 59 72 81 51 47 21
21 23 27 54 79 49 44 19 62 75
21 24 45 79 22 56 28 29 73 37
21 25 45 24 43 21 55 85 44 23
21 26 85 65 62 38 96 64 78 49
21 27 82 50 19 21 35 44 90 25
21 28 48 26 85 26 47 37 51 47
21 29 23 57 40 72 11 43 70 22
21 30 42 14 50 78 45 56 50 57
21 31 11 78 77 68 42 73 67 78
21 32 19 54 9 74 5 27 52 27
21 33 46 85 48 33 35 43 31 28
21 34 35 32 86 8 79 71 42 18
21 35 51 38 76 42 88 68 24 15
21 36 17 76 7 13 66 11 75 3
21 37 52 61 83 55 50 72 58 35
21 38 7 16 5 70 56 32 23 44
21 39 44 29 64 76 61 73 55 50
21 40 53 66 18 23 13 82 42 58
21 41 27 15 28 42 19 77 55 47
21 42 29 7 19 85 56 60 49 34
21 43 28 85 69 52 66 47 47 57
21 44 10 9 30 74 10 51 46 71
22 23 40 71 22 79 14 72 73 55
22 24 93 90 26 67 73 85 66 21
22 25 92 79 81 85 19 30 41 67
22 26 62 91 53 32 36 61 71 18
22 27 38 45 81 44 87 50 74 48
22 28 88 45 36 83 79 93 53 65
22 29 96 37 85 34 96 92 72 38
22 30 34 21 37 8 39 9 34 29
22 31 51 57 49 68 74 61 66 13
22 32 90 69 34 86 41 54 97 42
22 33 44 65 10 67 45 16 69 86
22 34 42 12 74 57 51 58 48 25
22 35 40 66 35 57 13 83 21 83
22 36 60 52 72 51 53 35 61 30
22 37 80 65 31 27 41 49 66 81
22 38 16 61 5 77 72 44 49 21
22 39 69 39 68 74 87 27 58 20
22 40 76 66 44 63 48 15 57 74
22 41 59 30 82 13 91 46 18 75
22 42 67 81 64 46 57 38 74 44
22 43 0 43 0 58 45 70 36 18
22 44 67 29 61 67 66 82 74 48
23 24 76 61 88 82 51 26 58 73
23 25 62 24 18 49 41 78 56 62
23 26 20 23 75 63 19 32 61 38
23 27 88 82 66 77 29 30 88 36
23 28 1 58 53 73 10 23 9 25
23 29 91 43 70 56 23 81 61 71
23 30 58 40 17 39 69 57 49 80
23 31 43 30 64 63 70 55 17 29
23 32 10 74 6 43 57 51 55 23
23 33 4 53 19 31 34 46 78 18
23 34 40 63 30 83 67 85 81 48
23 35 29 75 78 32 53 11 12 56
23 36 40 35 30 45 57 23 58 66
23 37 27 76 59 57 18 37 13 59
23 38 7 63 50 35 29 7 18 54
23 39 2 37 24 57 44 33 65 27
23 40 96 28 76 78 70 98 31 68
23 41 3 65 55 20 68 75 77 7
23 42 23 9 84 5 7 33 28 26
23 43 64 53 57 63 60 61 19 76
23 44 67 55 38 89 74 79 24 23
24 25 17 73 5 20 62 36 77 9
24 26 43 39 58 69 9 87 15 74
24 27 57 37 49 43 31 68 35 79
24 28 24 29 37 47 76 15 70 26
24 29 30 59 27 83 47 60 50 75
24 30 80 74 37 23 42 79 42 29
24 31 80 88 48 76 18 33 56 53
24 32 74 53 28 21 56 58 43 21
24 33 94 73 43 59 32 76 47 95
24 34 33 31 62 11 24 63 25 49
24 35 37 34 31 59 70 31 55 66
24 36 10 14 57 64 28 34 71 22
24 37 79 50 89 87 94 59 71 57
24 38 88 55 93 30 28 79 89 31
24 39 26 75 52 83 74 31 57 49
24 40 34 26 38 12 80 10 66 72
24 41 14 71 57 23 77 33 44 3
24 42 15 18 53 40 71 15 32 55
24 43 92 47 49 36 95 95 32 85
24 44 62 30 84 54 15 22 68 21
25 26 69 58 77 77 54 31 80 17
25 27 34 45 43 74 19 83 56 29
25 28 2 55 1 22 44 38 57 76
25 29 33 16 84 55 86 35 60 37
25 30 77 64 29 60 84 78 92 35
25 31 84 34 28 38 49 23 71 95
25 32 59 72 47 51 62 32 31 18
25 33 2 34 75 44 71 72 70 71
25 34 72 83 77 70 50 67 33 54
25 35 34 57 64 32 27 80 77 65
25 36 54 41 28 45 66 25 19 28
25 37 79 38 95 47 73 74 94 91
25 38 43 56 50 29 77 32 24 28
25 39 16 3 41 24 30 5 35 44
25 40 7 73 40 39 40 55 37 65
25 41 60 75 23 28 16 49 24 83
25 42 72 49 78 39 29 38 88 17
25 43 46 51 78 21 12 40 66 59
25 44 21 21 50 63 11 5 41 14
26 27 1 74 27 73 75 65 70 80
26 28 0 14 15 70 26 32 71 44
26 29 52 66 64 12 20 87 13 33
26 30 91 86 68 71 42 81 18 92
26 31 11 47 53 51 16 38 56 32
26 32 78 18 74 87 63 36 24 62
26 33 62 49 48 43 27 39 34 80
26 34 70 29 92 86 18 16 22 20
26 35 95 41 62 74 93 67 30 93
26 36 41 60 48 53 48 14 63 22
26 37 23 84 69 36 28 45 35 33
26 38 7 68 49 67 21 28 18 79
26 39 23 23 19 56 38 80 58 8
26 40 63 50 76 91 75 17 20 27
26 41 75 78 92 37 57 16 24 51
26 42 68 64 62 13 49 80 34 72
26 43 10 34 62 79 56 20 80 66
26 44 3 61 11 33 79 28 28 44
27 28 77 42 31 52 86 34 26 30
27 29 32 21 13 21 42 58 55 38
27 30 31 49 60 64 37 12 24 55
27 31 17 14 13 49 65 5 69 61
27 32 84 90 52 32 81 89 79 55
27 33 79 18 42 53 57 26 74 62
27 34 92 84 51 20 71 83 59 79
27 35 3 38 60 66 76 34 13 39
27 36 83 46 70 65 64 90 85 56
27 37 23 5 10 17 45 37 52 11
27 38 22 28 37 8 43 5 7 74
27 39 92 84 50 43 98 39 82 56
27 40 41 78 33 69 35 33 65 9
27 41 16 78 48 31 82 79 62 39
27 42 51 50 21 57 76 82 81 37
27 43 75 32 46 26 47 88 60 78
27 44 23 24 47 69 25 75 56 22
28 29 62 90 14 86 24 38 57 85
28 30 71 28 16 72 93 86 63 66
28 31 77 79 92 91 63 22 60 56
28 32 93 87 94 46 50 48 57 53
28 33 31 81 6 65 68 65 36 33
28 34 27 5 41 72 53 72 81 6
28 35 4 50 78 69 45 45 66 32
28 36 96 89 34 25 48 52 37 33
28 37 50 23 48 11 48 50 77 69
28 38 91 62 35 37 58 77 87 47
28 39 36 62 57 21 54 59 14 81
28 40 30 64 22 51 64 11 59 85
28 41 58 71 51 68 12 65 19 63
28 42 64 61 17 58 17 59 30 38
28 43 52 63 52 81 89 52 48 70
28 44 33 85 22 32 11 59 46 25
29 30 37 71 31 49 51 10 61 46
29 31 85 78 91 29 22 75 80 59
29 32 10 60 64 56 40 67 67 4
29 33 65 42 79 40 39 17 67 63
29 34 42 52 36 19 58 52 18 82
29 35 70 26 30 57 82 50 46 49
29 36 45 77 80 40 22 37 35 69
29 37 17 7 15 34 27 51 21 82
29 38 65 18 70 38 59 49 21 34
29 39 29 54 64 18 74 19 21 58
29 40 59 44 42 47 61 76 79 82
29 41 16 28 78 31 21 70 6 26
29 42 23 55 30 43 40 15 68 41
29 43 37 77 7 71 39 58 62 54
29 44 78 52 89 32 19 61 70 59
30 31 44 20 83 14 87 73 86 67
30 32 13 7 76 69 67 39 51 22
30 33 32 71 50 18 8 46 84 68
30 34 40 35 60 49 25 69 32 50
30 35 88 19 53 18 18 78 38 95
30 36 2 42 46 59 53 73 66 14
30 37 71 24 78 25 26 33 25 81
30 38 66 32 39 56 19 87 41 17
30 39 94 19 94 81 66 72 39 31
30 40 16 71 26 57 7 78 78 53
30 41 78 36 22 41 15 29 64 70
30 42 91 61 58 31 19 81 70 56
30 43 56 44 52 34 36 13 21 58
30 44 11 62 13 70 77 80 64 80
31 32 58 43 86 80 25 23 46 21
31 33 30 12 76 33 8 40 19 53
31 34 60 51 51 54 45 19 39 39
31 35 6 76 39 59 46 62 28 78
31 36 50 57 74 66 13 66 32 23
31 37 77 91 82 68 66 33 27 15
31 38 62 83 89 12 49 16 78 59
31 39 31 8 78 39 76 68 36 54
31 40 25 68 72 61 11 21 83 41
31 41 12 33 11 15 48 57 13 81
31 42 91 92 95 57 49 24 35 60
31 43 66 28 14 16 66 51 22 67
31 44 75 64 62 61 75 56 63 60
32 33 27 47 38 33 18 39 60 26
32 34 71 61 66 49 32 20 15 47
32 35 11 24 33 34 14 35 65 10
32 36 6 60 32 17 31 80 13 47
32 37 87 76 66 94 67 46 37 18
32 38 29 36 39 22 77 81 8 18
32 39 7 11 10 31 57 56 4 63
32 40 88 38 95 35 74 72 61 93
32 41 78 69 18 34 21 27 80 52
32 42 16 52 18 31 72 63 43 59
32 43 89 89 94 42 21 43 76 49
32 44 53 21 19 89 30 82 19 75
33 34 18 83 82 71 57 66 51 71
33 35 42 15 35 28 21 88 48 36
33 36 62 52 89 31 64 60 28 89
33 37 28 65 85 17 40 65 10 10
33 38 17 77 72 49 59 49 29 42
33 39 25 79 51 22 59 35 77 32
33 40 70 36 35 40 71 51 67 67
33 41 34 62 30 49 31 19 56 77
33 42 56 53 80 58 57 19 60 76
33 43 56 62 24 32 78 45 71 84
33 44 25 45 6 11 12 13 52 15
34 35 80 48 36 87 79 89 23 60
34 36 64 55 88 36 60 81 18 90
34 37 60 31 83 25 12 54 91 58
34 38 10 72 49 34 57 76 54 80
34 39 27 18 39 76 43 43 68 85
34 40 74 34 42 61 67 19 29 18
34 41 59 61 42 81 59 83 15 63
34 42 89 40 82 62 67 70 33 70
34 43 53 82 83 57 53 37 74 59
34 44 87 43 36 60 27 61 75 58
35 36 76 32 56 79 17 34 76 76
35 37 74 28 42 52 88 27 19 29
35 38 90 23 39 92 60 29 53 86
35 39 62 81 55 33 35 90 43 61
35 40 85 62 49 81 31 21 67 80
35 41 98 83 24 89 91 85 70 82
35 42 49 60 32 41 28 21 42 65
35 43 77 15 28 54 46 79 32 85
35 44 13 24 82 7 80 42 75 16
36 37 19 18 30 46 13 35 49 34
36 38 88 81 71 47 27 82 22 96
36 39 54 12 83 30 23 57 25 23
36 40 87 81 36 55 63 17 81 65
36 41 57 85 28 18 73 66 35 50
36 42 6 50 55 17 63 32 62 57
36 43 74 22 91 65 74 65 77 19
36 44 59 82 67 28 31 81 24 29
37 38 7 79 66 53 17 13 67 62
37 39 52 60 77 66 24 34 24 77
37 40 20 71 42 84 51 39 24 37
37 41 1 41 17 76 79 4 77 22
37 42 60 76 87 28 91 72 24 86
37 43 86 63 67 81 84 28 95 61
37 44 41 82 25 75 73 86 78 44
38 39 62 48 68 33 31 28 80 16
38 40 81 62 95 40 91 43 61 37
38 41 23 84 63 17 60 48 61 66
38 42 31 66 34 38 39 18 10 22
38 43 36 59 62 17 75 56 42 71
38 44 67 63 71 81 45 25 38 83
39 40 96 91 47 58 49 52 37 65
39 41 15 48 49 80 34 13 41 23
39 42 78 37 69 87 86 59 34 46
39 43 67 44 45 68 43 64 73 58
39 44 99 68 32 52 24 39 96 84
40 41 14 59 63 73 72 61 43 30
40 42 14 26 25 78 65 65 73 38
40 43 38 80 86 31 39 17 42 73
40 44 42 73 38 86 75 85 24 20
41 42 71 66 88 87 55 69 82 31
41 43 35 27 16 48 11 38 9 27
41 44 63 30 55 42 79 90 49 30
42 43 63 32 92 17 13 23 76 53
42 44 8 64 51 44 63 10 9 37
43 44 37 52 71 53 41 38 34 69
