7 8
0.25 0.25 0.25 0.25 0.0 0.0 0.0 0.0 
0 1 79 57 65 19 55 78 90 31
0 2 36 63 79 78 41 15 20 17
0 3 83 36 33 83 35 44 21 61
0 4 51 65 24 31 27 56 64 30
0 5 11 59 20 28 63 5 3 2
0 6 10 21 51 15 19 54 18 19
1 2 8 32 57 20 41 17 77 12
1 3 88 56 50 80 19 54 92 95
1 4 44 77 37 67 14 12 33 51
1 5 10 11 45 25 9 10 16 18
1 6 56 37 82 35 31 23 80 44
2 3 78 89 68 75 32 59 48 53
2 4 77 62 31 24 47 66 81 94
2 5 81 63 43 79 46 60 34 52
2 6 59 67 43 23 12 61 84 42
3 4 80 55 69 74 62 52 53 33
3 5 13 68 43 22 75 17 71 80
3 6 95 33 49 71 22 75 30 85
4 5 28 81 51 76 71 50 18 75
4 6 62 52 82 42 14 31 60 86
5 6 85 38 38 83 47 90 80 49
