15 10
0.4 0 0 0 0 0 0 0 0 0.6
0 1 87 83 84 74 82 87 75 88 84 77
0 2 68 59 60 68 64 62 59 68 62 64
0 3 40 34 34 43 40 45 39 38 45 46
0 4 69 71 71 65 62 60 67 62 71 63
0 5 44 37 46 38 41 51 43 49 39 48
0 6 85 80 81 83 82 78 83 85 86 82
0 7 57 62 53 51 58 56 54 48 62 53
0 8 59 60 55 61 55 57 64 62 51 64
0 9 81 74 82 73 80 83 82 75 82 76
0 10 80 78 74 77 80 78 69 82 76 74
0 11 89 85 88 81 88 82 88 82 78 77
0 12 38 34 46 40 43 38 40 34 40 40
0 13 3 16 6 5 9 10 5 4 11 6
0 14 98 86 93 86 94 90 86 93 89 93
1 2 81 71 69 75 70 76 79 82 78 77
1 3 32 41 38 33 36 40 33 36 30 32
1 4 31 29 38 36 39 28 40 39 33 30
1 5 88 89 77 80 85 78 80 85 79 89
1 6 78 70 73 76 70 69 76 67 77 72
1 7 45 47 48 51 38 48 39 43 49 53
1 8 9 12 8 11 9 22 20 16 10 13
1 9 44 48 48 44 52 47 50 48 44 45
1 10 90 86 83 86 82 90 81 84 78 86
1 11 50 43 52 57 51 57 57 48 51 50
1 12 44 52 52 50 48 42 38 42 45 50
1 13 67 70 67 60 68 70 63 62 57 66
1 14 94 83 92 87 86 86 93 84 91 94
2 3 4 16 10 5 8 12 5 10 17 10
2 4 86 81 77 79 82 81 75 86 87 81
2 5 37 32 34 45 35 38 43 34 37 43
2 6 21 27 31 25 24 28 24 24 33 30
2 7 66 62 70 69 65 63 62 56 68 59
2 8 15 17 23 26 17 23 24 22 15 21
2 9 30 32 40 34 26 38 26 39 31 34
2 10 83 78 71 77 71 76 77 78 81 83
2 11 24 25 22 33 23 27 22 34 28 28
2 12 26 36 29 30 33 25 25 27 36 32
2 13 48 48 49 53 43 47 42 53 53 45
2 14 88 89 90 88 83 82 90 85 78 81
3 4 48 42 54 50 47 42 43 53 42 55
3 5 20 21 27 31 24 18 18 26 28 30
3 6 81 72 83 80 80 73 80 83 70 81
3 7 57 56 51 55 53 50 53 50 63 51
3 8 36 31 37 35 35 42 44 38 32 34
3 9 62 59 56 56 55 57 66 63 61 53
3 10 19 21 22 28 26 23 23 31 30 30
3 11 20 22 19 21 19 31 18 17 27 23
3 12 46 51 44 40 46 54 39 50 54 47
3 13 96 84 96 81 89 88 94 95 81 90
3 14 37 32 43 43 42 34 36 37 33 41
4 5 73 66 69 72 74 73 64 65 74 65
4 6 70 67 71 66 73 71 73 71 70 74
4 7 34 38 36 31 43 37 37 32 32 32
4 8 31 38 29 33 40 41 27 27 36 31
4 9 92 91 88 87 87 80 86 88 85 86
4 10 31 38 41 29 32 28 39 36 39 41
4 11 66 59 63 64 68 57 60 62 62 62
4 12 6 14 8 14 7 11 8 16 17 15
4 13 88 79 85 75 77 86 80 81 80 80
4 14 26 28 35 37 29 28 33 24 26 29
5 6 16 19 19 23 26 25 27 14 21 22
5 7 15 15 18 24 19 25 21 15 18 21
5 8 64 58 58 66 59 65 68 60 57 56
5 9 61 65 54 61 54 55 59 57 54 53
5 10 21 22 30 32 29 25 27 19 27 30
5 11 52 59 55 49 50 55 50 48 52 57
5 12 93 88 88 83 92 79 85 84 79 90
5 13 75 67 76 76 67 65 65 67 72 70
5 14 20 19 25 20 24 31 22 25 26 26
6 7 40 41 36 40 45 43 38 38 42 40
6 8 52 57 52 45 56 59 56 46 44 45
6 9 22 27 31 23 24 22 33 25 33 28
6 10 2 6 5 7 4 3 5 14 12 7
6 11 56 60 62 62 48 53 61 51 52 55
6 12 64 63 56 63 65 68 63 64 64 63
6 13 38 32 39 36 44 40 35 33 46 38
6 14 28 25 37 27 33 29 29 28 32 28
7 8 68 63 69 71 59 58 72 59 72 69
7 9 8 11 20 12 18 18 15 15 7 9
7 10 28 29 24 33 33 37 33 32 38 25
7 11 5 14 12 19 9 10 11 13 12 16
7 12 83 72 76 83 75 77 73 74 74 77
7 13 72 62 70 69 67 74 76 64 64 70
7 14 96 95 89 93 86 86 84 91 82 83
8 9 31 41 31 31 30 31 27 38 33 38
8 10 66 60 69 58 71 61 63 69 65 68
8 11 12 14 25 13 22 16 14 13 16 15
8 12 38 41 44 36 42 33 46 36 46 39
8 13 27 36 26 29 23 29 24 26 33 30
8 14 68 71 66 69 65 62 61 72 69 63
9 10 72 74 72 74 69 74 75 62 62 75
9 11 38 42 35 46 40 46 33 33 43 44
9 12 32 40 31 41 35 27 33 33 33 29
9 13 84 72 82 75 73 73 81 80 85 80
9 14 22 19 32 32 26 26 20 20 22 26
10 11 90 77 90 84 81 79 83 88 83 91
10 12 16 28 17 18 18 28 27 23 19 25
10 13 18 26 27 25 17 28 19 29 18 25
10 14 88 81 84 80 78 83 88 78 78 88
11 12 55 56 59 51 49 47 61 61 52 53
11 13 82 82 82 70 84 75 77 70 83 82
11 14 14 14 17 19 23 18 19 18 21 27
12 13 36 41 36 33 34 38 43 44 33 44
12 14 96 88 86 94 87 88 87 84 83 84
13 14 1 9 3 4 4 8 7 12 5 8
