35 10
0.4 0 0 0 0 0 0 0 0 0.6
0 1 72 71 79 50 83 67 68 47 82 64
0 2 30 38 42 64 18 57 52 44 53 61
0 3 86 65 44 82 89 84 49 69 69 87
0 4 54 37 47 52 39 58 62 64 76 49
0 5 47 62 67 47 47 57 65 38 73 71
0 6 31 29 29 54 49 19 41 65 48 35
0 7 5 36 32 32 5 30 39 33 42 41
0 8 52 48 73 27 57 54 43 31 35 29
0 9 23 36 47 48 47 54 51 38 35 59
0 10 91 67 48 57 66 81 60 72 84 65
0 11 18 26 57 36 55 29 35 56 22 19
0 12 15 13 18 50 55 29 43 43 32 42
0 13 4 39 49 6 42 30 14 51 20 7
0 14 88 94 73 72 87 46 64 84 44 75
0 15 77 49 39 78 60 60 82 41 54 41
0 16 98 74 76 98 58 95 92 63 59 67
0 17 55 49 64 74 69 35 58 37 33 49
0 18 47 47 55 25 59 52 47 69 42 63
0 19 64 36 32 81 52 66 51 66 59 68
0 20 77 87 71 46 82 40 79 68 71 86
0 21 86 84 88 67 58 60 46 88 61 81
0 22 45 34 69 65 49 56 69 63 63 51
0 23 79 58 82 66 40 73 44 64 45 86
0 24 84 89 62 67 89 60 56 60 45 83
0 25 42 21 25 29 22 70 53 64 54 58
0 26 14 29 22 46 34 31 9 50 37 24
0 27 3 45 34 30 13 39 10 23 20 9
0 28 87 65 56 75 86 86 56 87 56 85
0 29 51 55 43 28 74 49 50 32 58 55
0 30 49 65 38 40 34 49 39 61 65 41
0 31 1 14 46 3 16 33 9 29 20 31
0 32 42 49 51 27 21 47 36 64 49 38
0 33 68 47 56 77 34 74 68 50 78 45
0 34 49 72 45 70 30 46 33 62 69 40
1 2 7 36 49 23 40 31 16 52 32 49
1 3 5 8 30 6 27 34 45 44 10 12
1 4 91 85 50 70 67 71 65 52 66 65
1 5 80 86 79 89 41 79 79 70 70 50
1 6 97 55 65 71 65 68 76 63 97 76
1 7 17 52 19 30 10 35 25 26 54 44
1 8 89 51 66 81 94 83 84 91 71 81
1 9 82 87 48 57 78 60 67 83 42 82
1 10 48 51 64 62 49 31 38 58 63 32
1 11 54 31 76 66 51 56 52 32 58 38
1 12 73 57 86 69 39 82 51 52 81 80
1 13 45 54 72 54 56 52 53 45 64 23
1 14 0 4 23 42 15 8 49 14 1 46
1 15 70 68 59 44 52 79 52 62 50 39
1 16 80 57 43 54 44 63 63 64 70 50
1 17 33 20 45 31 34 27 27 30 45 30
1 18 48 70 54 29 71 27 40 57 26 28
1 19 14 47 9 7 26 33 16 18 11 7
1 20 8 4 50 12 47 12 11 34 37 39
1 21 68 73 68 68 69 48 51 67 74 36
1 22 77 52 88 86 77 48 86 50 79 64
1 23 57 59 67 34 72 40 50 51 29 42
1 24 15 15 13 32 25 34 26 19 13 8
1 25 64 65 68 60 56 37 50 52 48 55
1 26 67 40 68 34 54 34 49 46 65 76
1 27 83 46 78 61 68 79 72 45 91 42
1 28 92 54 66 52 86 87 92 73 68 54
1 29 81 71 58 88 78 41 44 69 68 53
1 30 80 77 62 63 85 73 65 83 85 58
1 31 96 69 68 94 54 60 53 55 83 80
1 32 62 69 64 67 77 64 49 62 50 55
1 33 55 52 58 62 53 77 41 31 57 31
1 34 27 42 30 54 24 16 28 53 36 16
2 3 2 8 8 4 12 49 34 11 13 12
2 4 13 42 35 54 23 33 31 8 36 9
2 5 74 85 63 83 57 46 49 66 70 51
2 6 1 35 12 39 36 38 37 19 20 26
2 7 87 58 56 51 79 84 68 75 56 52
2 8 91 61 60 85 70 76 53 82 82 93
2 9 9 51 46 12 54 45 32 28 24 32
2 10 87 44 68 70 47 89 83 53 77 69
2 11 28 44 35 22 60 36 20 15 40 16
2 12 52 60 47 51 43 44 35 37 74 46
2 13 10 31 46 24 15 34 50 51 11 25
2 14 54 65 39 67 34 73 67 28 56 50
2 15 77 73 83 77 54 51 85 60 67 70
2 16 15 13 11 46 26 20 46 50 48 33
2 17 27 46 16 49 17 46 20 61 35 30
2 18 94 70 94 65 73 84 76 61 89 62
2 19 72 37 74 68 72 80 51 81 55 64
2 20 82 66 80 69 62 79 52 78 79 88
2 21 96 81 82 71 87 58 76 55 88 58
2 22 57 43 39 50 67 58 38 34 48 43
2 23 36 60 23 18 36 53 47 36 44 53
2 24 9 30 24 33 6 42 12 28 38 14
2 25 85 73 92 86 50 80 90 70 81 59
2 26 52 68 51 66 76 28 31 72 52 72
2 27 31 24 65 43 60 21 36 61 29 60
2 28 49 68 69 38 64 71 29 52 30 30
2 29 83 77 51 65 46 51 66 58 81 44
2 30 23 46 13 59 58 55 24 37 57 32
2 31 22 53 34 21 33 43 25 27 17 47
2 32 78 61 63 46 82 81 83 79 58 68
2 33 64 66 47 74 49 64 51 34 38 69
2 34 79 64 69 48 56 61 51 85 41 60
3 4 68 74 77 76 74 62 53 61 45 68
3 5 35 36 58 42 36 39 26 44 62 34
3 6 39 63 58 66 61 33 25 36 38 37
3 7 72 55 81 83 73 41 63 75 40 73
3 8 46 70 40 35 24 66 59 37 24 42
3 9 84 44 51 89 52 48 72 42 60 51
3 10 88 78 48 88 72 54 82 75 94 67
3 11 19 13 12 11 29 21 35 29 59 23
3 12 26 41 25 32 59 38 48 18 19 31
3 13 61 45 34 48 51 57 42 37 36 39
3 14 53 30 56 61 67 30 70 44 70 46
3 15 79 52 77 61 54 49 54 42 66 74
3 16 3 39 44 8 22 46 34 48 20 34
3 17 47 44 57 24 35 60 50 59 23 31
3 18 1 30 18 39 9 24 31 23 7 18
3 19 99 83 72 56 82 80 93 69 84 72
3 20 55 30 45 76 64 50 35 50 62 30
3 21 93 87 92 64 47 89 65 95 63 92
3 22 74 48 55 64 71 82 50 84 72 84
3 23 44 31 38 42 65 55 54 45 49 52
3 24 44 29 70 69 28 50 66 54 65 49
3 25 97 89 83 70 73 55 57 97 81 94
3 26 10 26 16 45 49 55 37 43 36 48
3 27 71 84 78 39 46 41 54 73 66 62
3 28 7 37 29 51 22 29 50 6 35 32
3 29 95 65 82 82 47 65 90 82 59 55
3 30 10 51 36 48 29 15 7 43 29 32
3 31 93 89 69 88 75 85 79 54 73 76
3 32 16 37 16 23 52 27 41 47 42 27
3 33 88 80 45 62 62 69 56 53 72 53
3 34 28 39 30 59 61 17 40 54 63 58
4 5 62 52 54 53 79 66 43 70 49 76
4 6 18 59 58 32 20 10 52 22 51 22
4 7 39 62 59 62 38 46 49 45 22 53
4 8 47 38 49 47 61 65 45 65 57 66
4 9 49 32 53 61 46 42 71 27 49 40
4 10 53 55 64 75 45 51 32 66 45 72
4 11 44 42 48 29 38 71 54 69 71 36
4 12 13 49 39 37 11 41 7 52 31 20
4 13 92 76 71 80 47 70 59 69 51 49
4 14 71 50 85 63 62 42 60 42 36 53
4 15 87 52 54 59 50 74 90 69 54 70
4 16 41 49 45 42 43 22 20 21 29 38
4 17 32 31 53 37 35 64 44 52 31 51
4 18 11 18 30 34 40 28 33 32 20 51
4 19 93 57 49 77 96 96 53 93 53 94
4 20 72 43 71 41 73 81 64 38 69 66
4 21 70 81 83 50 69 64 80 59 68 49
4 22 83 52 84 64 49 71 63 85 50 62
4 23 45 41 48 34 30 71 66 65 47 60
4 24 62 79 55 42 34 58 39 48 35 77
4 25 88 50 65 66 91 62 88 61 59 72
4 26 14 23 24 30 24 32 51 54 25 49
4 27 13 52 16 12 27 39 23 16 10 46
4 28 47 60 49 63 69 55 73 57 44 44
4 29 9 20 39 53 35 44 36 22 42 21
4 30 42 41 68 51 60 51 34 42 64 25
4 31 71 76 82 41 43 43 79 67 36 76
4 32 25 37 17 58 28 19 44 17 22 28
4 33 76 46 75 76 42 58 82 51 38 61
4 34 91 86 59 81 81 72 51 82 70 90
5 6 76 55 60 67 72 50 61 63 70 66
5 7 57 50 51 50 57 63 31 47 57 54
5 8 73 66 58 62 61 60 38 68 73 44
5 9 4 6 18 39 41 3 17 47 7 9
5 10 92 71 76 79 82 53 49 47 60 91
5 11 99 86 53 89 86 56 81 79 75 89
5 12 53 41 35 43 36 57 32 30 43 58
5 13 97 89 66 86 77 87 75 77 55 57
5 14 32 51 31 39 20 64 50 23 32 55
5 15 79 67 53 54 52 64 53 50 53 62
5 16 68 70 75 75 37 35 39 73 55 46
5 17 73 45 71 41 66 78 38 80 40 57
5 18 23 41 14 59 39 41 17 29 16 28
5 19 74 47 83 78 63 65 44 72 51 41
5 20 87 46 70 79 72 88 43 70 62 69
5 21 81 52 86 78 70 79 85 43 63 73
5 22 45 34 52 63 24 25 30 35 39 44
5 23 51 52 74 48 33 59 66 64 44 38
5 24 57 62 29 77 70 58 73 74 52 29
5 25 89 73 59 77 53 68 74 57 70 55
5 26 44 68 23 65 35 60 64 33 38 40
5 27 32 19 38 51 24 44 63 39 48 34
5 28 9 31 44 16 11 42 34 51 44 54
5 29 21 25 15 18 56 49 33 32 43 40
5 30 49 51 64 37 28 40 42 56 31 58
5 31 62 47 45 79 53 66 37 46 71 50
5 32 5 19 18 36 19 23 46 27 52 6
5 33 54 53 29 27 65 27 36 55 73 62
5 34 46 61 67 52 43 54 66 50 65 31
6 7 99 68 68 86 97 78 54 53 74 59
6 8 78 83 55 43 59 72 51 62 66 88
6 9 48 56 43 26 62 44 66 25 28 61
6 10 25 38 26 27 37 25 62 31 23 51
6 11 62 67 56 48 76 65 66 48 46 45
6 12 94 48 92 91 86 61 48 85 65 69
6 13 20 29 53 48 20 58 12 59 50 37
6 14 66 69 73 49 62 77 79 45 34 82
6 15 1 2 6 42 29 8 48 8 5 35
6 16 93 72 84 48 64 68 49 67 88 84
6 17 41 65 36 39 27 48 70 48 23 61
6 18 89 56 56 46 76 86 45 83 65 78
6 19 20 45 36 52 32 30 24 42 10 45
6 20 69 34 78 55 61 45 45 79 44 46
6 21 78 62 65 74 63 66 61 53 42 79
6 22 18 58 55 41 24 56 50 9 28 34
6 23 60 44 31 75 30 73 33 39 55 77
6 24 66 40 47 40 33 81 43 47 49 60
6 25 69 41 44 45 54 68 53 39 66 47
6 26 68 70 63 58 67 44 57 55 55 58
6 27 35 57 43 28 27 18 56 28 51 46
6 28 94 85 63 74 70 65 57 90 66 51
6 29 2 8 32 30 35 15 37 27 44 27
6 30 25 31 58 56 35 36 62 21 49 41
6 31 24 21 56 36 35 26 38 46 13 29
6 32 48 56 42 30 43 29 60 48 69 53
6 33 60 79 63 51 39 77 69 49 65 32
6 34 35 39 40 37 60 35 27 64 21 22
7 8 53 74 40 36 67 54 61 68 29 70
7 9 1 6 3 5 26 9 30 8 41 31
7 10 28 32 29 43 34 47 40 21 44 43
7 11 96 94 95 52 88 53 91 75 73 80
7 12 11 22 52 50 11 14 6 10 14 40
7 13 23 16 45 53 53 32 57 43 61 38
7 14 54 50 62 29 37 54 72 32 30 65
7 15 32 35 18 25 49 19 45 30 59 34
7 16 94 93 71 87 60 76 52 77 74 49
7 17 27 52 61 49 39 59 36 42 61 56
7 18 74 66 56 63 69 45 51 80 65 37
7 19 50 46 30 44 59 31 72 43 55 28
7 20 64 56 38 44 56 33 54 52 63 40
7 21 17 12 55 55 21 43 14 43 15 47
7 22 22 40 59 52 16 22 37 28 29 15
7 23 41 68 67 26 63 48 28 56 21 58
7 24 8 38 29 28 37 37 46 30 46 35
7 25 94 89 54 69 65 95 68 75 84 51
7 26 77 61 39 86 70 82 76 57 40 80
7 27 9 48 45 42 46 23 48 15 32 11
7 28 14 24 36 29 22 33 28 12 46 49
7 29 33 58 63 59 35 62 18 34 25 17
7 30 10 29 16 27 21 30 31 48 25 20
7 31 63 52 66 33 57 36 39 56 36 31
7 32 15 50 17 19 43 20 41 8 25 14
7 33 99 82 78 72 96 65 73 60 89 93
7 34 91 81 56 77 85 86 56 86 47 81
8 9 11 38 21 19 15 23 7 50 45 46
8 10 9 24 16 43 33 50 14 52 47 44
8 11 65 42 62 33 35 72 73 40 66 81
8 12 51 61 55 67 55 60 50 42 62 74
8 13 43 58 53 67 59 57 30 24 41 29
8 14 32 42 62 64 39 42 20 29 43 57
8 15 3 6 14 39 14 18 24 21 34 44
8 16 47 46 39 39 67 58 36 54 72 60
8 17 32 35 31 38 39 65 19 62 24 21
8 18 49 55 26 42 33 27 63 42 62 58
8 19 12 12 41 21 29 30 16 32 42 49
8 20 63 80 45 72 38 65 50 76 67 39
8 21 69 40 67 53 79 58 50 47 37 47
8 22 65 73 38 58 61 33 53 41 76 53
8 23 6 6 19 42 25 48 25 34 35 32
8 24 85 52 64 61 84 87 66 85 91 48
8 25 76 68 45 60 74 61 56 57 50 72
8 26 27 47 24 55 54 32 48 23 39 40
8 27 97 61 73 64 95 66 77 88 88 96
8 28 86 80 66 57 47 52 78 77 69 89
8 29 28 21 32 24 41 61 40 51 23 52
8 30 31 65 38 16 19 56 48 30 18 29
8 31 76 79 54 57 43 57 59 54 50 65
8 32 0 22 17 17 32 24 0 34 5 3
8 33 62 38 50 49 31 48 36 60 60 74
8 34 89 93 54 62 55 71 52 66 65 90
9 10 72 45 59 38 40 81 36 48 69 65
9 11 32 34 29 33 28 56 46 64 57 44
9 12 88 74 87 79 71 86 70 83 64 88
9 13 80 72 74 65 47 80 78 63 77 81
9 14 72 51 44 57 83 42 65 37 57 46
9 15 43 40 45 66 48 57 46 44 59 61
9 16 77 39 66 72 80 76 40 51 81 43
9 17 84 69 65 69 81 85 57 69 61 74
9 18 29 19 36 51 21 62 39 24 48 29
9 19 52 51 61 41 59 32 28 61 70 55
9 20 38 52 35 59 27 28 56 43 35 42
9 21 89 51 60 76 77 46 79 48 72 77
9 22 5 21 50 12 39 38 5 34 14 8
9 23 31 60 57 16 64 58 36 54 53 28
9 24 48 61 42 50 26 39 71 61 55 52
9 25 76 68 86 61 69 45 65 57 45 64
9 26 20 51 40 31 18 45 31 34 59 54
9 27 40 54 54 59 55 51 33 42 21 40
9 28 63 71 52 54 66 42 68 69 71 53
9 29 21 26 57 31 13 20 55 53 38 58
9 30 29 16 64 37 39 51 63 53 58 25
9 31 68 42 69 66 65 72 42 61 67 76
9 32 85 77 50 72 84 83 52 90 76 63
9 33 41 31 26 52 25 35 33 24 61 45
9 34 84 44 68 77 77 58 71 63 86 58
10 11 64 81 39 32 64 74 45 52 72 48
10 12 58 56 35 30 61 60 62 37 58 44
10 13 74 87 45 62 72 77 57 83 73 63
10 14 34 23 42 39 31 61 41 21 19 54
10 15 78 66 53 60 74 71 40 68 81 47
10 16 35 66 55 51 30 57 42 40 59 56
10 17 91 67 77 48 54 54 47 77 49 82
10 18 15 15 51 56 28 38 18 11 25 15
10 19 69 66 37 77 66 49 77 49 82 49
10 20 75 61 87 63 72 82 87 70 55 61
10 21 43 62 58 46 66 48 30 40 38 63
10 22 19 58 40 25 27 35 37 9 41 58
10 23 17 55 43 47 28 45 36 54 57 22
10 24 47 51 37 41 53 68 30 73 39 35
10 25 97 84 59 70 59 68 60 78 92 81
10 26 21 56 53 10 48 30 27 24 48 13
10 27 94 95 57 84 84 76 60 89 60 60
10 28 18 14 55 42 56 28 54 52 25 23
10 29 13 49 18 29 47 43 12 54 33 44
10 30 35 51 59 33 40 27 64 36 63 35
10 31 0 3 29 42 5 27 22 42 8 23
10 32 6 7 16 52 6 32 47 29 36 4
10 33 39 62 24 56 31 37 50 33 61 65
10 34 41 30 40 64 61 22 33 38 50 56
11 12 68 44 52 63 42 37 52 56 55 44
11 13 37 26 26 60 47 44 28 48 67 61
11 14 68 73 55 71 76 77 34 35 71 35
11 15 41 67 68 42 21 47 65 53 68 25
11 16 13 21 34 14 14 36 16 19 22 27
11 17 45 41 30 54 56 44 55 32 49 68
11 18 11 31 39 50 47 10 45 33 19 41
11 19 41 31 61 58 46 39 28 23 52 64
11 20 15 10 33 51 48 26 17 17 40 16
11 21 52 46 60 68 29 32 47 37 51 73
11 22 13 29 13 33 53 52 9 14 47 41
11 23 88 60 71 53 85 87 50 54 73 64
11 24 53 37 35 35 48 75 47 73 64 40
11 25 18 35 47 42 10 23 35 52 28 32
11 26 57 62 32 76 45 51 69 74 69 75
11 27 78 54 45 43 42 81 48 70 86 62
11 28 62 44 78 35 40 46 62 78 38 63
11 29 20 43 32 58 33 31 46 19 39 35
11 30 89 81 48 75 75 71 65 49 60 94
11 31 77 84 87 68 52 70 70 87 51 44
11 32 20 16 25 48 11 10 52 54 15 13
11 33 36 49 66 49 44 29 66 28 63 23
11 34 99 57 84 55 76 78 98 79 89 53
12 13 46 33 33 37 67 32 42 54 59 23
12 14 56 67 70 44 50 66 63 67 32 75
12 15 1 22 34 43 39 18 44 21 42 46
12 16 51 31 32 43 34 60 46 67 65 64
12 17 19 16 31 22 57 10 51 48 23 34
12 18 71 65 84 53 56 75 62 50 68 59
12 19 61 50 41 62 40 34 44 35 60 35
12 20 77 80 64 77 71 55 51 49 80 71
12 21 76 64 46 41 63 79 83 76 87 45
12 22 44 61 22 24 44 70 38 58 30 27
12 23 15 12 13 52 12 47 37 30 37 11
12 24 68 70 75 43 41 60 70 66 78 59
12 25 8 9 22 51 5 41 47 22 38 53
12 26 48 56 44 63 72 60 39 67 38 25
12 27 80 65 77 66 61 84 42 74 47 64
12 28 21 27 60 56 14 24 37 14 19 46
12 29 40 66 68 27 39 35 61 31 56 41
12 30 16 22 57 51 11 44 13 37 36 16
12 31 43 44 37 39 47 40 68 32 54 52
12 32 12 46 24 12 21 22 39 27 8 20
12 33 84 71 65 55 81 85 44 78 90 61
12 34 36 46 50 36 58 34 44 37 35 28
13 14 95 63 90 80 91 72 88 70 59 88
13 15 97 53 68 87 49 92 52 51 82 53
13 16 49 51 27 68 48 63 43 37 27 46
13 17 32 41 20 24 50 63 53 46 22 60
13 18 74 61 77 62 83 72 68 37 74 86
13 19 21 11 27 11 23 23 24 42 10 54
13 20 6 11 37 31 32 23 48 31 46 5
13 21 29 54 31 35 59 34 33 44 15 59
13 22 32 51 50 19 45 43 63 25 54 20
13 23 14 31 7 55 55 27 26 35 11 16
13 24 28 45 54 52 59 16 44 56 31 51
13 25 46 57 63 51 57 45 53 42 54 51
13 26 49 45 71 68 27 61 36 67 26 41
13 27 66 52 40 68 57 66 62 50 68 66
13 28 93 61 93 89 76 48 79 52 64 59
13 29 24 42 46 34 61 30 48 56 21 23
13 30 25 33 25 57 24 49 28 43 38 36
13 31 65 71 81 75 36 69 73 72 80 42
13 32 15 14 17 25 33 44 8 48 7 17
13 33 71 36 39 45 70 72 77 77 76 46
13 34 44 24 25 71 26 49 63 37 57 35
14 15 85 43 60 59 44 86 77 56 77 73
14 16 86 73 54 54 86 92 89 64 53 80
14 17 57 64 47 32 56 54 56 67 72 69
14 18 73 76 68 85 47 67 58 72 56 54
14 19 90 56 87 73 51 54 54 46 95 76
14 20 42 66 22 30 37 29 27 41 64 26
14 21 94 89 48 79 86 80 54 87 66 97
14 22 65 36 42 66 51 74 57 40 63 79
14 23 16 29 24 14 26 20 49 35 33 41
14 24 81 75 88 47 90 50 69 64 53 55
14 25 48 58 60 59 73 53 42 32 49 61
14 26 63 45 33 47 62 34 65 57 69 36
14 27 4 20 35 19 20 29 3 21 29 13
14 28 7 17 46 29 33 8 43 34 23 31
14 29 22 25 17 23 49 16 19 49 22 52
14 30 30 45 26 64 25 26 30 37 32 45
14 31 26 18 35 16 41 38 57 63 36 17
14 32 87 93 71 44 70 51 55 66 90 81
14 33 50 73 62 52 36 56 48 59 32 61
14 34 92 89 69 62 93 53 89 79 49 63
15 16 33 54 18 46 40 41 21 36 63 62
15 17 2 24 44 22 27 27 16 3 11 23
15 18 87 68 43 86 61 50 53 64 90 80
15 19 92 84 61 55 50 90 72 94 77 87
15 20 47 43 44 41 52 40 50 44 30 31
15 21 1 47 44 25 47 14 6 7 41 31
15 22 97 83 81 58 87 86 81 70 70 76
15 23 80 76 54 47 68 47 56 45 47 70
15 24 20 21 37 36 59 41 59 21 21 59
15 25 73 70 67 82 69 54 81 63 56 75
15 26 38 25 43 63 68 36 42 36 34 53
15 27 39 68 65 64 50 65 53 31 25 26
15 28 34 40 46 62 26 30 56 19 27 40
15 29 43 47 30 22 36 35 48 51 25 33
15 30 33 59 19 28 27 52 28 24 65 60
15 31 15 21 47 25 38 34 45 21 10 12
15 32 67 35 82 48 65 41 45 47 77 70
15 33 53 36 28 66 42 48 48 55 61 69
15 34 99 72 96 96 94 81 78 53 84 65
16 17 78 43 50 72 58 56 46 64 65 70
16 18 38 22 27 48 64 33 35 19 51 58
16 19 96 80 70 61 64 54 50 61 52 91
16 20 35 50 31 28 66 33 22 62 58 55
16 21 74 63 44 78 49 78 40 47 71 56
16 22 78 65 45 81 40 55 62 51 59 69
16 23 37 61 37 19 48 46 46 55 41 67
16 24 67 66 78 45 81 78 56 79 57 60
16 25 87 58 44 60 48 49 65 66 47 85
16 26 15 42 45 50 18 50 16 34 25 8
16 27 71 50 65 47 43 42 74 42 76 55
16 28 99 51 64 74 79 76 74 89 56 73
16 29 99 85 71 96 63 77 62 89 81 68
16 30 75 77 50 54 60 57 64 77 67 80
16 31 6 33 45 28 52 17 27 48 20 33
16 32 39 52 61 29 48 65 23 43 57 19
16 33 79 71 40 64 69 60 47 82 73 88
16 34 59 36 52 48 40 31 69 75 72 76
17 18 50 54 31 60 45 37 41 29 71 49
17 19 1 46 12 8 19 38 3 32 39 1
17 20 1 7 14 18 46 8 29 43 31 5
17 21 59 59 68 77 71 78 67 44 36 63
17 22 0 37 20 35 44 27 20 5 24 19
17 23 85 85 61 69 61 70 48 65 51 45
17 24 57 66 56 58 52 34 56 54 39 77
17 25 19 16 31 16 34 57 58 45 47 54
17 26 40 44 31 32 44 66 39 27 57 52
17 27 69 43 56 60 54 40 84 61 74 43
17 28 18 16 29 23 21 37 18 22 46 41
17 29 9 8 22 52 5 43 46 22 4 33
17 30 90 71 56 60 47 71 94 70 54 51
17 31 99 68 84 83 91 51 80 96 80 58
17 32 24 51 54 21 47 50 30 47 54 41
17 33 38 57 22 44 45 36 56 50 55 32
17 34 16 14 41 32 54 29 35 47 34 22
18 19 80 81 67 42 40 69 78 69 82 71
18 20 47 24 50 28 37 73 32 61 37 65
18 21 82 68 68 57 45 55 52 67 80 42
18 22 20 15 24 49 30 51 56 58 44 39
18 23 62 50 68 42 78 39 63 39 39 55
18 24 59 55 50 67 36 38 67 51 68 52
18 25 12 26 48 30 55 41 24 29 51 55
18 26 89 48 55 84 46 54 76 64 66 67
18 27 46 66 30 61 59 29 53 39 23 38
18 28 71 73 77 80 82 76 70 78 61 80
18 29 81 63 82 90 69 83 48 66 64 45
18 30 95 53 55 50 63 75 91 79 48 65
18 31 95 65 79 73 72 75 72 58 85 60
18 32 90 59 75 62 82 72 64 71 73 47
18 33 39 20 23 53 59 41 64 57 34 47
18 34 87 58 44 48 56 67 61 58 91 73
19 20 34 44 43 58 59 35 19 37 52 59
19 21 45 32 29 33 28 34 26 46 61 24
19 22 16 8 43 10 53 44 53 35 45 54
19 23 62 64 37 39 67 73 46 47 39 37
19 24 29 41 53 51 44 22 54 30 45 49
19 25 98 58 65 50 95 49 51 56 89 77
19 26 27 41 18 50 27 55 22 27 39 32
19 27 73 84 85 81 73 67 44 44 81 59
19 28 95 53 88 80 91 58 71 95 52 86
19 29 46 24 67 65 55 68 59 44 55 38
19 30 38 27 52 23 31 20 40 44 21 30
19 31 37 43 52 64 29 41 31 28 25 35
19 32 98 74 97 71 98 58 84 60 51 62
19 33 42 31 60 69 60 32 62 68 38 64
19 34 25 19 51 48 57 42 18 58 46 32
20 21 52 29 42 63 54 58 50 65 29 60
20 22 0 7 7 49 45 14 45 47 18 34
20 23 50 45 40 53 53 33 75 55 71 53
20 24 35 53 29 59 38 21 53 60 23 34
20 25 71 53 46 47 48 47 79 61 75 57
20 26 99 73 51 68 58 60 56 67 68 90
20 27 5 27 45 12 21 27 22 38 37 20
20 28 6 20 13 20 31 15 12 8 36 7
20 29 5 27 24 40 33 15 3 48 44 51
20 30 54 40 32 69 58 48 53 50 51 35
20 31 60 41 56 51 51 73 64 40 41 53
20 32 15 35 33 27 40 41 11 19 9 30
20 33 77 42 54 57 79 48 39 84 49 53
20 34 68 42 66 36 48 82 74 49 73 49
21 22 53 47 28 33 61 70 51 39 61 27
21 23 21 55 12 26 21 14 47 38 60 44
21 24 75 45 50 77 81 37 67 76 54 79
21 25 58 69 66 67 36 33 61 73 53 45
21 26 3 35 2 15 5 13 17 23 38 34
21 27 8 8 5 40 50 33 16 14 38 4
21 28 91 52 59 81 48 89 69 70 85 60
21 29 31 63 36 64 17 19 35 24 34 42
21 30 81 65 86 71 65 43 69 58 66 80
21 31 77 85 77 53 45 87 51 85 53 56
21 32 22 39 28 60 14 44 55 45 24 16
21 33 68 71 58 65 60 78 80 69 84 83
21 34 59 78 54 33 51 34 54 44 53 76
22 23 91 57 52 79 61 50 94 63 61 88
22 24 73 62 63 75 44 39 74 63 60 76
22 25 18 10 38 42 52 46 45 45 16 19
22 26 21 31 16 45 12 43 51 25 27 59
22 27 77 46 52 86 60 54 84 41 55 72
22 28 15 52 33 47 8 50 49 48 37 54
22 29 9 41 13 30 35 33 16 20 11 15
22 30 13 43 48 16 29 33 53 21 16 41
22 31 14 51 45 57 25 17 53 24 32 39
22 32 31 42 52 49 33 26 38 29 42 50
22 33 93 69 95 94 87 53 66 95 53 95
22 34 60 77 33 73 46 52 72 76 52 51
23 24 36 44 51 34 21 47 60 25 37 58
23 25 55 43 32 31 44 41 60 66 48 33
23 26 45 68 61 72 57 70 66 56 29 53
23 27 39 40 51 61 22 61 36 32 68 21
23 28 21 38 25 33 28 41 30 18 43 54
23 29 15 17 15 26 11 28 21 55 8 16
23 30 77 51 78 62 45 51 76 66 58 48
23 31 37 23 27 46 64 52 65 19 42 20
23 32 34 35 64 51 38 17 17 56 29 57
23 33 10 47 33 52 40 11 22 15 30 17
23 34 98 76 80 94 59 57 85 95 84 53
24 25 50 69 47 59 44 52 41 29 72 53
24 26 72 73 76 44 39 82 75 73 79 56
24 27 47 62 35 53 42 42 68 70 39 27
24 28 82 42 57 58 57 56 80 69 84 74
24 29 8 39 13 31 19 21 35 34 21 23
24 30 12 39 14 13 6 10 17 48 49 7
24 31 25 28 51 50 23 49 61 34 31 42
24 32 1 9 33 2 24 2 48 35 5 25
24 33 55 32 43 67 58 65 31 51 73 37
24 34 84 59 73 68 84 83 77 53 81 68
25 26 9 51 5 26 19 24 49 22 11 44
25 27 37 55 66 50 51 63 67 38 50 60
25 28 27 53 47 14 14 34 37 38 45 30
25 29 72 66 74 81 44 79 70 84 71 80
25 30 5 39 47 42 43 44 13 31 18 6
25 31 14 56 38 55 35 44 42 41 19 36
25 32 31 41 51 19 24 20 31 29 64 36
25 33 11 18 50 23 42 30 27 14 7 7
25 34 47 53 58 48 68 33 46 37 41 72
26 27 44 65 36 70 71 39 55 43 32 31
26 28 44 32 35 61 55 52 39 46 57 65
26 29 49 64 70 73 63 65 74 69 34 33
26 30 50 63 49 68 34 50 66 74 31 39
26 31 69 35 75 47 60 80 45 64 76 58
26 32 76 57 62 46 54 84 60 80 39 39
26 33 35 42 33 22 65 27 36 37 35 25
26 34 28 36 35 51 56 25 19 54 53 59
27 28 11 23 34 6 44 41 44 40 55 35
27 29 83 81 44 81 57 85 73 55 65 90
27 30 38 49 64 59 56 63 33 51 68 53
27 31 48 62 54 45 69 33 34 49 25 49
27 32 13 45 7 7 12 54 41 48 28 10
27 33 76 62 64 77 64 84 47 78 61 50
27 34 30 29 52 43 27 24 41 30 16 15
28 29 3 38 29 26 9 18 16 10 22 44
28 30 29 64 30 60 28 19 19 62 64 57
28 31 69 39 83 76 40 63 63 47 46 37
28 32 31 23 31 65 35 49 57 59 41 32
28 33 66 63 52 33 67 51 36 34 42 34
28 34 90 46 53 77 76 61 69 90 78 49
29 30 8 38 48 44 34 34 32 31 14 12
29 31 97 74 59 63 95 60 53 72 52 93
29 32 62 56 39 75 68 67 48 51 56 54
29 33 40 25 65 46 25 49 58 30 53 42
29 34 9 18 20 54 19 49 20 36 11 20
30 31 61 48 49 44 60 69 33 36 58 65
30 32 69 69 70 70 62 46 40 78 70 60
30 33 23 17 39 50 34 47 28 59 56 43
30 34 47 59 54 53 68 62 70 34 38 52
31 32 28 19 18 41 39 30 48 21 30 25
31 33 34 37 54 35 24 49 65 25 29 60
31 34 20 50 38 52 26 55 44 38 34 48
32 33 11 25 12 28 50 24 49 25 35 31
32 34 5 28 15 36 45 8 40 16 17 26
33 34 80 50 41 67 48 73 73 46 72 50
