35 10
0.3 0 0 0 0 0 0 0 0 0.7
0 1 0 7 4 12 71 69 59 18 0 29
0 2 47 12 84 48 67 72 74 16 21 53
0 3 95 86 89 80 66 41 58 43 97 51
0 4 3 8 79 23 8 77 37 16 17 53
0 5 89 92 73 74 59 68 41 59 65 75
0 6 0 17 47 69 23 18 31 16 4 0
0 7 66 39 83 46 84 63 67 22 82 54
0 8 50 64 72 28 55 24 46 31 86 42
0 9 69 75 62 34 61 38 25 30 23 65
0 10 93 86 75 87 25 54 71 80 71 28
0 11 28 7 80 80 29 69 68 61 33 80
0 12 18 62 43 59 46 3 44 13 23 22
0 13 94 66 78 41 94 61 96 49 61 84
0 14 62 66 88 62 53 54 24 82 67 24
0 15 25 62 38 29 21 61 49 68 60 84
0 16 3 11 63 2 68 73 17 73 25 28
0 17 78 23 55 27 80 77 61 42 59 47
0 18 41 69 81 67 46 16 22 54 24 71
0 19 18 16 54 32 45 29 75 12 18 23
0 20 25 29 33 70 81 65 61 50 28 28
0 21 0 8 31 46 64 75 38 60 35 70
0 22 56 90 15 42 73 11 24 20 59 44
0 23 21 82 40 7 40 49 68 77 25 79
0 24 52 28 80 30 59 15 87 64 13 12
0 25 50 89 37 42 39 34 57 78 87 58
0 26 45 86 70 55 85 59 72 14 50 32
0 27 18 40 7 13 83 63 38 49 49 68
0 28 2 68 7 0 59 34 48 79 8 61
0 29 38 40 64 27 79 72 20 43 62 9
0 30 6 2 12 46 79 78 53 15 64 69
0 31 15 29 36 30 3 68 13 6 34 39
0 32 90 58 37 18 77 63 29 79 61 25
0 33 34 26 67 28 55 25 70 59 43 30
0 34 25 84 32 33 52 61 73 25 64 52
1 2 91 23 46 57 93 48 72 69 30 56
1 3 53 67 44 87 84 66 37 85 76 81
1 4 27 80 24 9 84 14 49 63 49 84
1 5 76 70 74 76 73 27 73 59 73 90
1 6 24 62 31 5 69 60 79 6 58 66
1 7 70 24 68 40 47 86 55 72 71 52
1 8 23 49 36 25 84 10 23 34 58 54
1 9 82 55 31 86 51 61 72 45 94 35
1 10 12 55 12 4 11 23 47 40 14 62
1 11 82 29 71 28 52 20 24 94 21 84
1 12 88 58 82 74 93 89 95 55 74 82
1 13 7 52 76 38 74 16 74 63 74 17
1 14 50 21 10 64 26 57 83 31 38 15
1 15 11 74 5 3 9 49 30 36 72 3
1 16 78 84 32 40 70 31 87 57 19 75
1 17 39 59 12 61 39 14 12 84 15 57
1 18 87 93 54 38 66 25 26 56 64 85
1 19 19 11 45 54 22 26 6 71 57 79
1 20 47 61 63 72 32 49 12 11 14 40
1 21 82 67 17 77 82 58 42 90 96 64
1 22 36 84 27 38 14 43 9 34 37 18
1 23 89 81 88 34 35 36 20 85 72 36
1 24 81 81 39 62 26 43 44 57 68 22
1 25 93 41 47 72 86 37 36 24 72 82
1 26 11 41 67 3 19 67 50 9 60 43
1 27 43 18 44 13 77 63 62 35 41 78
1 28 84 55 32 30 20 31 78 29 81 40
1 29 56 77 52 32 82 51 31 73 84 76
1 30 26 15 20 28 12 34 21 80 84 45
1 31 34 72 38 23 51 23 19 27 10 46
1 32 21 45 10 62 38 20 75 76 25 14
1 33 25 51 13 49 27 42 54 63 64 51
1 34 20 68 59 41 66 48 11 62 6 14
2 3 19 74 50 7 16 16 19 63 55 25
2 4 46 50 79 20 31 68 15 11 34 9
2 5 97 43 79 35 43 94 73 95 62 34
2 6 26 56 31 6 37 54 57 21 58 68
2 7 30 27 11 65 16 64 13 72 84 67
2 8 25 79 51 32 51 58 82 52 52 69
2 9 92 64 63 19 36 36 50 97 85 18
2 10 43 23 48 44 21 56 56 66 46 71
2 11 82 77 59 21 40 64 16 57 76 91
2 12 68 47 31 86 91 71 81 54 33 91
2 13 55 30 72 60 40 57 34 39 50 47
2 14 3 2 43 5 12 6 3 34 62 4
2 15 10 67 45 12 55 81 73 26 16 47
2 16 73 75 38 77 48 63 45 82 45 45
2 17 57 11 72 46 50 12 71 78 56 25
2 18 66 84 39 54 32 84 85 23 37 32
2 19 31 34 18 45 81 25 78 59 40 18
2 20 19 6 67 77 38 10 65 6 41 9
2 21 43 87 43 18 66 80 53 45 57 85
2 22 53 44 25 21 29 62 41 64 48 89
2 23 50 14 79 13 46 23 23 55 60 19
2 24 83 34 86 55 16 65 80 90 78 25
2 25 37 11 84 74 71 83 77 10 46 84
2 26 11 82 15 35 60 28 38 48 50 74
2 27 27 16 17 27 60 32 21 33 17 41
2 28 21 10 67 78 41 63 57 20 64 5
2 29 10 24 12 61 80 6 58 5 9 75
2 30 56 15 82 17 22 32 69 46 24 66
2 31 69 75 60 87 16 90 45 79 79 58
2 32 2 58 50 57 8 60 9 69 9 48
2 33 85 22 41 82 43 21 68 92 85 64
2 34 8 30 10 49 24 34 74 22 48 50
3 4 20 63 31 65 22 43 57 43 27 48
3 5 90 61 61 94 79 62 69 48 70 94
3 6 50 56 62 44 67 64 68 25 13 68
3 7 48 70 82 72 42 46 65 60 12 52
3 8 23 69 74 61 70 81 12 69 13 4
3 9 85 92 27 34 64 88 27 22 27 86
3 10 10 39 15 2 30 12 67 35 45 37
3 11 8 16 76 7 68 69 68 22 3 14
3 12 25 26 82 31 71 66 65 61 46 35
3 13 78 23 89 25 49 28 94 67 66 67
3 14 36 76 13 45 72 7 82 73 57 42
3 15 57 85 56 28 82 18 60 19 22 44
3 16 96 69 38 74 39 46 50 41 89 56
3 17 17 80 48 7 34 5 19 17 49 81
3 18 32 22 11 56 58 70 52 35 15 42
3 19 70 83 52 65 17 72 23 72 78 79
3 20 94 34 21 67 21 35 30 89 68 33
3 21 92 61 94 53 50 83 31 76 53 76
3 22 32 29 38 41 66 43 58 54 85 78
3 23 33 68 43 53 64 16 71 59 50 72
3 24 7 41 44 51 2 53 19 54 16 68
3 25 15 4 78 10 47 17 3 73 17 28
3 26 92 34 91 89 85 30 36 45 35 69
3 27 75 47 86 94 68 78 77 67 37 77
3 28 58 13 32 90 90 81 40 33 73 25
3 29 7 53 15 52 16 25 29 36 40 63
3 30 84 53 91 42 59 95 17 56 79 20
3 31 52 75 77 31 31 32 36 54 12 62
3 32 26 53 55 39 12 39 36 59 32 20
3 33 12 37 12 68 25 28 77 78 36 32
3 34 41 86 23 40 35 56 22 44 20 13
4 5 54 70 22 81 32 79 63 25 42 54
4 6 18 19 47 56 62 75 66 76 22 35
4 7 15 47 57 24 55 10 77 42 45 19
4 8 27 21 42 10 70 49 23 7 41 80
4 9 10 19 45 7 14 27 34 6 35 36
4 10 6 20 62 77 60 7 45 76 67 5
4 11 75 21 43 46 67 46 72 93 71 35
4 12 89 78 90 46 84 56 30 42 45 57
4 13 48 34 55 25 33 54 86 65 67 87
4 14 17 7 33 33 27 45 45 75 80 57
4 15 3 55 3 9 78 55 24 72 29 75
4 16 91 40 65 28 68 82 86 19 80 31
4 17 88 21 61 69 19 67 38 46 66 50
4 18 19 77 69 27 27 8 78 4 50 59
4 19 4 79 37 27 5 46 11 77 6 78
4 20 47 13 12 66 84 57 23 59 27 39
4 21 91 89 32 47 59 57 82 22 90 73
4 22 70 93 22 38 31 25 20 78 15 61
4 23 52 62 45 34 16 23 13 41 50 59
4 24 4 35 30 44 4 1 63 56 51 61
4 25 28 74 29 38 26 65 36 79 38 42
4 26 3 45 74 47 9 61 11 40 43 6
4 27 71 52 21 48 43 73 68 35 57 75
4 28 30 7 36 25 61 9 58 34 80 19
4 29 51 89 43 40 78 82 25 41 49 11
4 30 27 22 67 36 29 60 69 46 30 11
4 31 2 34 53 65 49 21 76 71 26 52
4 32 19 59 38 75 67 22 36 67 6 18
4 33 47 60 81 79 39 58 61 87 65 75
4 34 56 18 13 23 50 86 55 88 40 83
5 6 83 92 92 42 58 86 43 35 65 52
5 7 76 84 63 50 90 46 64 77 72 29
5 8 26 29 25 57 40 66 57 7 56 48
5 9 40 28 35 55 47 72 84 49 84 57
5 10 91 27 61 37 58 25 65 81 26 58
5 11 66 79 91 80 72 25 72 72 77 36
5 12 63 61 26 16 61 74 67 17 84 65
5 13 77 20 30 95 66 80 45 92 21 31
5 14 8 29 9 61 29 46 44 62 15 62
5 15 73 59 19 33 56 60 36 16 74 77
5 16 17 9 66 30 25 82 71 47 44 19
5 17 83 95 50 84 76 86 71 19 45 95
5 18 36 84 58 28 74 14 35 56 27 8
5 19 62 58 62 55 45 53 80 49 76 32
5 20 97 98 33 53 82 82 70 32 98 88
5 21 15 45 23 21 76 32 47 31 54 40
5 22 19 15 70 63 19 65 19 27 27 57
5 23 97 78 72 94 38 52 73 71 98 83
5 24 31 48 37 15 65 78 40 34 51 35
5 25 74 72 54 45 91 77 75 77 81 61
5 26 26 58 23 79 80 15 74 21 52 80
5 27 48 45 16 29 49 23 66 69 87 62
5 28 80 68 54 85 83 58 72 82 48 18
5 29 60 48 34 78 12 15 69 27 18 81
5 30 49 23 86 13 70 84 21 71 73 24
5 31 53 40 64 39 24 75 75 52 15 52
5 32 45 54 47 30 81 75 73 77 47 62
5 33 98 78 42 37 51 81 94 75 51 32
5 34 78 85 76 60 38 32 61 64 54 67
6 7 49 78 79 42 80 34 56 42 11 79
6 8 17 8 14 28 73 53 7 73 62 38
6 9 63 72 31 33 41 63 28 16 13 82
6 10 92 53 86 94 19 88 57 82 73 79
6 11 11 3 19 17 4 26 63 75 71 18
6 12 15 82 80 72 40 10 52 65 5 33
6 13 42 14 16 82 51 68 19 21 38 63
6 14 78 36 40 17 42 59 42 38 54 95
6 15 66 75 29 33 16 92 74 21 47 50
6 16 8 2 24 57 59 69 37 42 49 71
6 17 46 68 70 41 43 16 65 41 53 49
6 18 95 41 75 68 27 89 23 58 37 38
6 19 85 91 41 71 91 61 73 45 76 45
6 20 91 29 53 31 21 50 60 46 88 61
6 21 34 25 36 26 86 32 10 86 43 56
6 22 22 61 83 13 36 78 79 77 65 77
6 23 6 73 41 25 53 18 13 79 43 76
6 24 33 63 9 64 70 26 47 55 56 13
6 25 24 57 13 9 40 37 56 28 75 8
6 26 51 16 78 61 63 85 19 32 15 30
6 27 61 69 29 28 44 25 16 14 26 60
6 28 58 21 62 29 56 59 49 49 65 33
6 29 31 13 48 8 71 14 39 69 53 39
6 30 92 33 91 94 38 32 36 27 84 77
6 31 63 49 89 39 87 75 34 79 77 33
6 32 50 78 18 19 17 51 51 64 48 17
6 33 52 63 30 14 64 30 49 72 44 88
6 34 71 68 90 18 88 20 72 14 21 35
7 8 0 0 1 74 31 27 11 60 6 25
7 9 9 53 58 52 54 49 46 72 29 23
7 10 80 37 63 54 81 79 16 68 25 64
7 11 18 56 37 15 42 13 10 82 81 4
7 12 63 87 84 75 21 59 32 40 81 28
7 13 66 78 63 60 37 67 22 63 16 75
7 14 1 5 5 10 29 4 35 19 4 68
7 15 10 8 12 18 17 45 62 40 75 59
7 16 0 4 63 60 60 43 19 37 33 61
7 17 14 44 61 35 53 6 44 20 35 25
7 18 31 80 33 79 59 43 52 8 79 69
7 19 33 71 64 80 24 69 32 80 85 70
7 20 36 71 28 80 40 82 47 32 50 43
7 21 8 35 19 54 52 16 68 61 14 4
7 22 6 64 34 17 8 62 71 38 67 11
7 23 5 39 71 4 73 21 15 28 37 33
7 24 62 87 79 61 50 38 90 86 91 30
7 25 20 49 49 69 59 29 58 62 12 74
7 26 54 25 87 55 42 64 39 14 85 76
7 27 32 61 73 78 56 54 40 71 36 40
7 28 3 31 46 35 60 11 53 60 59 7
7 29 59 68 70 47 27 41 35 13 84 88
7 30 86 21 53 40 47 89 37 37 27 73
7 31 82 88 72 26 16 89 40 88 91 39
7 32 46 61 36 71 45 14 44 61 13 87
7 33 25 64 60 10 81 36 53 71 13 46
7 34 61 66 54 13 79 86 57 57 22 55
8 9 94 91 48 84 79 73 61 94 19 38
8 10 34 30 74 69 16 13 57 73 47 44
8 11 91 78 88 65 53 59 78 59 88 46
8 12 55 75 44 45 39 73 53 85 30 71
8 13 16 15 50 32 6 13 65 11 33 40
8 14 9 50 30 58 18 18 38 9 54 20
8 15 50 71 45 63 51 27 77 37 18 79
8 16 93 85 69 32 57 61 77 54 63 55
8 17 2 13 25 44 11 50 73 45 68 40
8 18 76 94 36 21 63 86 16 93 39 81
8 19 7 19 20 71 13 62 49 68 6 6
8 20 45 82 73 38 34 85 19 71 68 17
8 21 13 33 29 39 23 48 59 35 45 6
8 22 63 75 68 32 67 17 46 68 18 88
8 23 87 23 82 76 94 24 50 41 35 67
8 24 50 39 58 13 42 66 24 12 63 55
8 25 15 15 81 37 18 44 34 38 31 63
8 26 89 46 25 97 80 95 38 42 59 33
8 27 39 60 18 68 42 33 19 83 12 48
8 28 61 38 48 78 63 82 55 59 37 50
8 29 21 78 25 18 68 51 49 5 18 30
8 30 12 43 80 62 17 8 45 21 48 54
8 31 50 82 37 59 75 47 49 49 52 65
8 32 21 54 61 14 4 46 29 47 47 56
8 33 36 54 72 69 44 16 14 75 8 22
8 34 92 78 45 28 95 75 50 74 87 51
9 10 39 16 43 75 67 82 24 23 39 60
9 11 61 58 26 46 91 78 63 15 35 58
9 12 23 12 38 84 83 34 12 26 57 44
9 13 37 11 85 34 23 64 8 70 22 50
9 14 40 58 37 34 10 70 46 81 35 32
9 15 20 39 29 40 51 7 38 64 50 50
9 16 87 24 75 25 95 68 43 39 66 54
9 17 16 10 3 4 12 47 82 74 40 33
9 18 34 31 10 65 74 83 81 71 20 83
9 19 17 44 31 8 60 14 54 41 52 28
9 20 59 49 61 59 16 35 53 19 54 59
9 21 11 37 79 47 54 12 3 12 60 15
9 22 30 67 32 26 10 84 72 38 52 20
9 23 14 2 65 39 24 3 76 16 78 40
9 24 4 16 33 50 70 79 19 25 23 61
9 25 74 52 91 43 35 87 46 60 59 35
9 26 48 85 70 38 84 40 31 31 86 68
9 27 48 23 34 39 45 86 84 31 72 73
9 28 45 61 43 21 87 10 45 46 41 75
9 29 71 55 78 81 61 14 82 57 17 50
9 30 51 22 41 38 42 59 58 85 86 29
9 31 97 90 30 30 94 85 65 33 86 97
9 32 98 77 41 39 79 63 74 28 90 57
9 33 56 23 54 78 71 58 38 16 41 48
9 34 57 69 49 23 58 55 49 89 64 14
10 11 7 30 12 40 48 36 7 68 49 50
10 12 5 12 3 57 40 68 8 33 13 38
10 13 29 59 53 69 74 61 80 72 46 29
10 14 89 63 44 36 97 43 79 41 37 36
10 15 40 34 59 12 56 62 79 78 42 11
10 16 68 59 22 39 28 21 64 33 36 15
10 17 39 82 26 25 46 48 32 50 27 79
10 18 68 80 32 78 54 23 71 87 44 22
10 19 52 69 69 61 61 39 32 22 56 73
10 20 19 19 17 19 55 83 58 22 4 35
10 21 51 11 78 33 65 53 81 27 66 36
10 22 90 50 96 41 39 93 95 32 67 52
10 23 66 82 37 72 62 76 21 83 35 58
10 24 94 80 75 44 66 53 68 61 98 39
10 25 95 44 44 60 93 75 41 80 82 34
10 26 64 60 31 38 70 60 40 41 68 89
10 27 50 33 62 53 46 83 63 13 27 31
10 28 17 76 14 28 83 61 33 55 45 54
10 29 89 19 96 27 42 49 38 31 29 66
10 30 71 16 27 91 39 50 89 77 66 68
10 31 16 70 46 58 43 22 10 49 81 6
10 32 91 94 43 73 42 25 92 75 63 33
10 33 86 28 24 83 35 71 35 42 39 95
10 34 40 23 60 36 76 61 59 49 77 34
11 12 71 16 78 48 56 60 94 79 54 74
11 13 75 92 59 55 19 24 36 47 34 28
11 14 51 39 21 64 69 67 54 13 64 41
11 15 51 10 60 42 89 46 59 13 28 41
11 16 89 34 83 34 21 31 76 62 20 94
11 17 36 72 56 59 76 60 77 68 22 20
11 18 15 67 31 22 76 3 75 27 11 66
11 19 92 76 21 49 69 86 18 35 63 71
11 20 53 82 60 48 14 16 81 13 80 60
11 21 22 40 58 13 8 20 61 43 31 4
11 22 95 25 59 85 34 57 84 96 91 46
11 23 73 63 61 37 78 22 82 38 40 61
11 24 28 22 64 76 15 28 58 57 24 48
11 25 71 20 58 19 51 33 34 21 78 78
11 26 1 32 5 72 33 35 37 43 70 58
11 27 27 73 8 7 46 76 68 12 62 12
11 28 59 58 22 37 19 33 36 13 49 57
11 29 81 83 88 61 45 95 49 46 47 46
11 30 5 54 18 15 4 68 61 11 68 51
11 31 32 13 60 14 81 44 49 28 10 37
11 32 42 85 53 87 71 14 87 73 66 44
11 33 2 45 16 57 71 48 10 3 24 73
11 34 27 64 14 35 75 44 17 7 40 36
12 13 15 64 79 68 37 33 30 24 81 70
12 14 35 61 26 83 81 22 54 72 29 40
12 15 29 54 47 17 7 28 47 6 70 32
12 16 8 27 40 32 38 18 2 23 69 51
12 17 19 7 22 14 58 20 60 46 22 29
12 18 19 42 6 27 65 30 32 71 75 69
12 19 31 7 18 28 25 59 53 83 84 33
12 20 33 30 57 84 22 22 48 37 57 62
12 21 2 25 41 55 59 5 67 49 14 29
12 22 61 52 83 84 52 27 47 21 83 18
12 23 71 61 79 15 62 22 45 35 58 44
12 24 10 28 79 61 78 41 81 4 59 20
12 25 28 51 26 61 14 65 21 60 8 12
12 26 63 48 72 34 79 62 59 66 23 78
12 27 67 59 32 60 57 80 23 51 17 87
12 28 33 17 86 14 41 45 38 10 47 69
12 29 89 30 29 97 25 93 49 73 84 82
12 30 99 54 53 80 30 30 77 20 50 60
12 31 98 95 95 37 23 81 50 33 55 28
12 32 17 56 42 61 74 27 17 15 65 47
12 33 82 43 65 43 23 21 32 93 82 94
12 34 64 77 62 80 20 22 55 43 80 83
13 14 57 58 61 54 63 18 37 86 29 47
13 15 48 35 83 21 15 13 89 81 18 69
13 16 95 50 54 62 97 53 55 41 96 57
13 17 3 58 53 60 75 13 31 17 15 44
13 18 61 23 44 19 57 33 84 27 72 61
13 19 60 31 64 20 81 50 53 73 37 27
13 20 97 44 86 34 22 44 30 85 34 27
13 21 51 41 89 21 48 84 52 51 51 55
13 22 32 36 58 85 84 32 50 85 27 29
13 23 97 79 97 51 56 51 38 76 86 51
13 24 63 84 48 33 76 40 15 72 30 14
13 25 53 57 63 46 88 44 67 13 74 15
13 26 67 20 71 77 74 53 80 79 35 32
13 27 20 56 26 77 48 52 49 77 40 15
13 28 3 75 18 48 79 18 6 8 52 39
13 29 66 72 78 74 23 52 80 66 26 89
13 30 87 79 70 45 81 31 46 62 94 30
13 31 38 35 9 26 20 52 44 53 36 81
13 32 40 65 77 62 81 72 21 80 49 73
13 33 31 79 49 30 63 75 49 18 70 26
13 34 46 18 79 42 27 34 70 49 86 64
14 15 13 40 68 72 31 13 74 64 71 40
14 16 28 57 73 65 13 20 23 55 21 52
14 17 95 78 42 85 52 97 85 38 67 26
14 18 92 67 45 37 66 21 54 23 58 41
14 19 97 27 82 41 90 76 35 91 94 32
14 20 43 81 54 86 21 41 11 85 45 62
14 21 17 42 73 49 74 37 62 33 46 12
14 22 10 13 79 9 62 51 38 7 48 75
14 23 71 88 81 22 60 51 15 28 21 51
14 24 67 14 79 65 83 54 60 36 15 86
14 25 89 85 25 23 95 86 43 58 64 34
14 26 70 52 38 93 64 31 20 22 64 27
14 27 71 69 71 93 54 75 88 79 83 77
14 28 53 71 58 28 43 69 72 42 37 88
14 29 77 59 34 29 77 55 91 81 68 33
14 30 31 31 47 72 11 53 76 83 19 18
14 31 83 59 79 94 18 65 79 91 39 57
14 32 66 13 71 53 21 41 74 31 65 65
14 33 51 73 89 44 70 73 41 30 24 46
14 34 3 9 18 43 14 65 5 61 42 10
15 16 87 44 85 83 83 39 44 77 59 29
15 17 15 40 26 9 66 18 73 69 62 8
15 18 68 47 29 79 48 17 19 17 84 35
15 19 71 67 23 59 66 80 42 42 50 57
15 20 21 74 73 24 35 63 84 4 17 25
15 21 11 45 64 31 9 16 66 16 52 33
15 22 88 78 52 68 24 65 54 72 51 53
15 23 2 20 21 32 73 55 26 63 2 1
15 24 7 78 50 76 74 26 38 23 24 78
15 25 53 35 32 21 33 46 81 63 40 13
15 26 85 95 53 63 27 53 61 58 93 87
15 27 94 76 35 62 68 67 66 64 40 35
15 28 0 33 62 62 51 54 56 21 45 18
15 29 5 76 37 14 22 26 36 32 74 71
15 30 43 57 17 34 52 86 71 69 86 28
15 31 14 18 47 74 81 11 44 5 56 34
15 32 60 80 64 67 56 68 70 61 75 21
15 33 90 43 84 48 68 51 50 66 63 62
15 34 97 77 68 25 23 78 73 58 62 71
16 17 67 18 61 26 85 17 21 39 83 54
16 18 22 63 76 39 9 33 9 46 36 59
16 19 60 60 84 52 45 68 13 24 37 20
16 20 19 4 21 62 21 72 54 49 60 12
16 21 56 72 30 72 58 80 48 88 23 50
16 22 29 18 55 21 75 25 69 47 60 49
16 23 56 90 24 33 75 66 68 62 13 53
16 24 33 43 27 19 37 43 22 35 26 32
16 25 11 22 20 49 27 44 61 22 21 40
16 26 5 44 12 79 65 53 18 22 72 30
16 27 60 35 43 80 61 17 40 65 91 36
16 28 97 25 83 80 39 39 96 53 40 47
16 29 18 22 64 30 33 78 55 64 39 39
16 30 19 26 52 5 6 27 69 74 52 42
16 31 5 54 20 58 32 80 71 71 66 57
16 32 0 74 29 36 33 65 25 61 40 10
16 33 4 28 12 22 60 18 35 10 6 15
16 34 90 95 34 57 82 69 60 32 72 35
17 18 82 29 52 95 43 59 85 19 58 67
17 19 18 56 37 37 62 63 57 71 12 71
17 20 62 73 83 46 73 89 68 47 88 53
17 21 71 32 93 90 78 48 66 21 83 60
17 22 43 63 65 52 74 47 77 57 9 15
17 23 64 74 13 22 19 87 90 37 17 68
17 24 41 33 66 30 49 78 50 32 65 24
17 25 23 48 47 67 57 68 79 48 11 75
17 26 47 42 46 76 46 21 62 80 84 49
17 27 32 65 80 58 72 51 22 22 30 27
17 28 86 33 33 43 71 65 79 90 65 87
17 29 13 77 32 19 54 15 9 56 35 72
17 30 54 12 90 47 11 90 67 26 54 60
17 31 93 50 53 66 75 27 22 64 74 28
17 32 20 43 29 43 40 41 45 64 66 77
17 33 5 32 36 32 9 4 8 19 77 39
17 34 87 63 40 43 91 76 96 21 35 58
18 19 82 31 43 45 74 91 54 30 41 69
18 20 30 36 31 37 46 57 22 20 29 69
18 21 29 15 44 51 76 66 13 58 68 77
18 22 83 34 35 65 38 46 19 88 89 47
18 23 49 20 33 58 45 40 74 67 60 87
18 24 44 25 51 29 72 31 17 26 56 49
18 25 91 89 53 22 64 63 82 84 68 26
18 26 10 45 18 29 69 32 25 22 20 24
18 27 9 66 36 25 63 80 11 25 28 67
18 28 46 55 22 54 54 51 79 41 40 32
18 29 1 37 51 69 34 1 61 77 15 54
18 30 77 54 47 19 86 23 50 44 56 89
18 31 69 17 52 28 28 71 52 54 64 23
18 32 65 88 83 61 58 59 89 17 71 62
18 33 42 68 85 86 32 19 13 46 51 27
18 34 11 72 34 14 52 26 18 2 30 58
19 20 22 68 41 34 76 52 61 47 20 28
19 21 69 75 33 35 30 52 92 77 52 47
19 22 17 24 50 12 19 43 46 21 22 18
19 23 2 25 51 0 50 3 32 76 1 26
19 24 23 15 61 55 5 71 77 83 53 79
19 25 7 5 2 10 68 69 2 72 19 21
19 26 53 61 57 44 89 69 69 22 51 40
19 27 90 97 78 28 66 24 24 19 81 49
19 28 73 78 88 45 75 40 48 84 41 34
19 29 59 84 76 18 24 24 57 32 73 75
19 30 10 75 73 54 12 52 51 44 9 61
19 31 42 12 37 16 64 60 29 15 52 39
19 32 64 18 20 56 82 29 39 58 41 42
19 33 3 65 16 66 40 50 56 44 15 24
19 34 51 63 43 54 45 71 33 11 19 34
20 21 21 38 55 54 9 66 60 20 70 68
20 22 98 99 29 86 54 28 33 86 64 44
20 23 49 60 63 72 43 41 41 81 64 65
20 24 10 74 8 13 64 12 55 34 35 3
20 25 11 35 75 4 45 10 25 30 3 41
20 26 47 83 39 48 26 37 37 21 43 25
20 27 75 91 29 81 28 82 51 76 45 68
20 28 69 74 20 40 72 79 44 15 35 71
20 29 39 49 22 44 65 11 47 59 49 33
20 30 60 85 26 49 17 15 15 66 73 49
20 31 70 38 27 86 71 56 72 79 64 84
20 32 87 68 21 84 49 86 93 31 44 69
20 33 27 38 56 6 59 20 50 60 40 22
20 34 38 16 48 16 40 75 62 73 65 19
21 22 33 85 17 53 46 74 74 61 65 70
21 23 12 15 14 42 11 17 11 59 81 79
21 24 7 50 36 49 70 19 73 1 59 16
21 25 79 59 43 29 31 45 84 26 93 28
21 26 43 62 75 77 17 77 9 67 14 45
21 27 59 80 33 25 16 85 52 88 16 22
21 28 56 14 41 85 39 48 63 54 32 84
21 29 68 36 15 23 35 91 45 57 52 40
21 30 73 56 80 22 74 62 15 24 33 65
21 31 40 84 81 53 72 11 83 87 14 68
21 32 55 83 44 37 38 55 62 32 74 21
21 33 49 14 45 73 68 66 89 19 65 45
21 34 30 85 28 39 10 65 37 24 77 54
22 23 88 31 87 36 74 54 67 38 42 89
22 24 30 25 34 27 60 40 51 36 72 85
22 25 17 80 76 51 75 41 8 47 4 49
22 26 80 39 25 89 95 20 82 91 55 60
22 27 32 19 29 49 56 60 11 78 58 72
22 28 28 51 32 30 16 55 17 25 25 52
22 29 2 50 68 4 76 74 21 12 19 40
22 30 73 70 56 51 62 80 78 78 80 89
22 31 14 45 49 51 49 28 24 20 17 22
22 32 21 41 35 12 18 23 20 67 56 12
22 33 15 21 24 47 25 15 81 43 13 67
22 34 56 48 85 59 41 72 78 74 61 62
23 24 29 47 83 24 13 72 79 65 11 40
23 25 29 71 27 20 65 70 38 13 22 18
23 26 55 89 49 60 22 24 66 71 30 84
23 27 56 21 56 84 46 81 12 20 34 34
23 28 95 38 65 31 62 38 27 31 98 26
23 29 92 48 37 55 41 23 76 73 44 88
23 30 2 1 52 56 10 63 52 8 7 38
23 31 13 64 55 34 44 80 19 10 66 22
23 32 56 86 16 69 43 23 67 82 70 26
23 33 16 36 17 59 8 3 66 32 37 49
23 34 81 38 91 29 44 38 68 59 91 89
24 25 32 79 43 70 41 14 68 17 60 17
24 26 2 5 10 11 17 13 77 50 57 73
24 27 75 32 57 56 47 41 71 86 92 31
24 28 78 63 93 87 69 21 94 25 82 78
24 29 44 10 9 10 58 78 21 49 57 86
24 30 40 41 22 83 21 36 47 40 61 17
24 31 11 15 65 37 62 13 71 66 8 77
24 32 24 63 18 9 55 29 31 72 14 33
24 33 35 71 8 57 60 59 61 20 62 78
24 34 22 84 61 12 24 38 7 60 70 54
25 26 22 59 54 34 19 41 10 29 80 54
25 27 2 72 40 6 68 35 11 27 22 60
25 28 36 51 44 10 31 40 81 65 32 82
25 29 77 71 88 58 70 46 20 15 94 64
25 30 41 50 8 10 11 23 44 55 35 45
25 31 48 72 26 25 18 29 89 47 15 29
25 32 30 78 20 62 82 51 37 22 61 24
25 33 96 63 91 72 85 28 79 97 48 91
25 34 8 62 9 40 15 58 57 53 42 33
26 27 86 40 50 46 44 57 81 83 31 23
26 28 1 51 30 66 18 77 61 33 35 57
26 29 25 83 66 41 61 20 74 66 8 11
26 30 47 69 29 34 57 19 79 25 76 45
26 31 86 23 23 62 26 80 78 61 90 69
26 32 50 82 10 65 72 81 86 70 41 29
26 33 59 75 33 73 49 24 16 59 51 31
26 34 59 29 13 81 86 74 74 13 86 63
27 28 41 22 27 43 22 30 18 19 20 13
27 29 17 76 60 49 37 25 25 46 48 70
27 30 82 23 40 56 29 68 20 41 25 25
27 31 13 74 55 35 11 3 47 31 67 26
27 32 71 49 52 68 28 60 64 45 69 53
27 33 77 68 83 16 89 88 43 70 41 28
27 34 74 23 36 16 19 61 59 64 49 88
28 29 11 59 74 51 40 18 55 22 37 49
28 30 80 34 42 70 34 44 31 88 81 25
28 31 83 71 45 59 19 45 96 31 58 43
28 32 62 85 44 23 90 30 61 56 69 81
28 33 18 7 75 36 77 73 77 4 74 23
28 34 78 90 52 36 85 17 59 70 74 85
29 30 91 97 48 49 82 34 89 19 56 33
29 31 23 65 34 78 51 79 53 7 52 48
29 32 39 44 66 9 47 67 37 53 26 36
29 33 15 67 78 4 14 65 65 79 59 64
29 34 85 79 41 31 47 45 43 51 60 44
30 31 89 38 77 74 82 51 31 29 44 84
30 32 86 23 44 72 78 74 71 70 34 66
30 33 95 61 52 57 29 42 49 69 39 90
30 34 95 49 91 78 41 80 59 29 88 51
31 32 61 74 27 60 44 63 26 43 50 31
31 33 19 20 81 32 14 49 18 24 81 78
31 34 80 79 36 42 45 78 79 41 25 32
32 33 45 73 23 86 12 66 76 34 32 54
32 34 13 62 67 63 58 4 72 18 31 53
33 34 39 53 24 78 72 26 35 38 47 67
