40 10
0.4 0 0 0 0 0 0 0 0 0.6
0 1 30 83 42 67 7 12 58 8 39 49
0 2 41 51 35 37 16 81 47 13 22 55
0 3 42 37 26 58 73 60 14 79 43 56
0 4 22 81 59 68 20 45 71 42 32 37
0 5 80 80 18 92 41 71 45 36 64 19
0 6 43 54 80 40 78 67 61 69 75 61
0 7 40 61 84 72 84 15 57 9 73 12
0 8 49 65 31 21 44 12 81 18 56 56
0 9 56 90 47 60 14 17 37 59 83 52
0 10 77 38 35 95 86 30 26 18 16 68
0 11 3 32 6 49 5 79 8 27 61 20
0 12 78 28 47 67 35 45 67 54 49 70
0 13 20 59 58 35 16 51 65 78 16 35
0 14 81 36 80 41 18 64 85 27 56 50
0 15 67 88 85 67 66 90 19 51 64 41
0 16 90 24 63 28 38 26 41 78 66 83
0 17 87 84 25 37 39 85 30 33 82 36
0 18 48 60 38 75 88 21 78 60 79 50
0 19 60 83 92 83 42 81 16 51 25 84
0 20 42 22 37 46 85 34 31 19 72 68
0 21 18 7 35 31 80 81 27 28 79 20
0 22 46 64 24 65 69 26 41 85 58 67
0 23 47 66 63 50 62 69 33 61 16 74
0 24 18 69 69 74 82 33 24 76 34 81
0 25 95 94 24 33 39 48 85 28 80 66
0 26 8 33 81 33 65 60 56 58 29 60
0 27 47 87 61 75 49 23 59 64 58 18
0 28 4 33 48 2 25 53 11 8 9 46
0 29 84 69 81 27 51 54 96 61 94 75
0 30 54 21 88 65 89 44 11 66 42 58
0 31 20 49 44 4 70 76 24 10 12 71
0 32 53 17 36 39 62 79 78 75 17 12
0 33 96 23 37 34 87 31 97 50 72 22
0 34 7 24 73 17 39 50 25 5 48 9
0 35 56 59 36 60 83 76 75 45 21 51
0 36 19 61 57 41 3 64 11 43 77 32
0 37 44 81 76 48 15 45 86 37 20 32
0 38 95 33 95 21 39 62 49 35 29 71
0 39 57 54 80 49 36 45 80 68 44 45
1 2 8 79 48 33 61 9 21 76 58 49
1 3 44 87 51 82 83 64 52 10 86 30
1 4 69 38 37 61 56 46 51 44 74 34
1 5 2 20 72 33 6 75 8 12 77 60
1 6 20 39 80 10 11 41 29 76 70 82
1 7 41 50 71 16 55 83 85 16 30 53
1 8 58 32 54 70 25 63 73 24 46 25
1 9 40 33 31 15 71 41 14 39 47 86
1 10 90 54 70 87 38 80 68 77 85 72
1 11 88 33 60 18 94 44 21 96 72 23
1 12 36 75 56 55 27 67 78 28 83 79
1 13 18 76 14 66 77 57 31 27 71 26
1 14 41 60 18 18 84 42 82 69 77 85
1 15 45 84 17 39 65 70 35 54 54 48
1 16 35 74 15 27 82 23 19 75 65 75
1 17 65 79 57 28 43 70 57 16 40 57
1 18 63 65 60 16 71 21 51 18 58 86
1 19 38 71 33 34 34 18 58 16 57 32
1 20 13 73 61 4 42 36 62 25 66 17
1 21 85 68 19 31 59 76 58 64 64 93
1 22 50 48 17 85 83 33 36 79 83 28
1 23 55 68 82 20 34 89 32 37 21 51
1 24 99 39 66 47 89 50 31 89 74 80
1 25 35 27 83 37 49 51 8 70 7 19
1 26 91 23 39 29 72 73 75 43 94 97
1 27 13 81 24 45 55 61 81 7 38 76
1 28 29 9 73 72 41 60 73 47 54 46
1 29 25 47 57 60 39 18 14 9 37 49
1 30 23 17 62 31 32 25 12 59 48 80
1 31 30 61 67 27 21 73 81 61 26 14
1 32 99 73 44 48 86 67 87 97 48 53
1 33 70 21 71 71 46 30 16 41 51 81
1 34 83 59 30 87 38 84 26 73 22 79
1 35 69 34 42 15 87 52 18 78 85 27
1 36 38 19 64 27 71 86 45 21 70 60
1 37 16 28 26 29 37 59 22 64 16 47
1 38 51 69 79 80 86 68 69 73 81 48
1 39 80 63 24 74 68 44 30 91 79 20
2 3 95 67 37 88 74 20 46 84 87 98
2 4 2 35 37 34 5 25 68 79 50 7
2 5 39 34 67 60 56 30 49 35 53 68
2 6 10 31 13 50 43 28 7 50 77 21
2 7 0 62 27 18 1 68 71 69 54 20
2 8 3 3 64 71 40 12 14 37 36 65
2 9 73 67 49 58 39 32 74 22 90 79
2 10 70 64 60 62 54 91 56 16 26 78
2 11 55 49 62 66 35 23 89 62 69 27
2 12 70 17 20 46 34 20 71 48 76 90
2 13 67 60 50 25 33 75 87 53 76 80
2 14 37 70 71 67 25 31 17 73 69 15
2 15 89 96 42 65 46 42 52 36 39 92
2 16 20 6 67 40 75 43 22 21 71 50
2 17 6 78 16 28 23 12 41 51 56 70
2 18 61 67 39 88 15 41 78 51 74 34
2 19 71 44 89 64 89 51 64 93 50 23
2 20 98 74 94 53 64 59 76 91 77 63
2 21 57 80 71 35 18 66 71 12 48 15
2 22 96 83 31 80 94 38 80 88 21 82
2 23 42 52 54 8 35 53 49 81 86 68
2 24 44 67 79 64 41 42 18 83 82 71
2 25 95 33 59 73 33 30 89 84 50 64
2 26 70 72 30 31 86 90 39 55 81 21
2 27 53 55 69 21 74 21 76 43 56 47
2 28 61 32 77 43 40 65 70 60 47 68
2 29 20 29 61 64 22 43 55 48 79 44
2 30 52 13 37 30 47 25 17 83 20 61
2 31 36 84 87 21 47 48 50 8 71 64
2 32 14 41 77 47 68 64 33 75 6 31
2 33 1 73 37 53 7 54 37 51 14 78
2 34 33 13 73 79 74 68 76 79 21 41
2 35 66 56 84 21 13 61 83 21 79 71
2 36 14 35 65 53 13 40 20 4 28 27
2 37 41 80 45 71 39 19 63 13 14 35
2 38 20 35 26 9 59 63 18 66 18 77
2 39 51 47 50 72 70 23 26 51 24 80
3 4 3 80 3 45 4 15 52 72 79 43
3 5 84 75 35 86 94 71 40 29 37 54
3 6 98 93 98 36 86 99 43 51 49 33
3 7 81 57 19 28 72 94 49 68 61 41
3 8 89 20 90 33 46 45 30 96 39 35
3 9 8 12 53 49 14 42 32 41 3 70
3 10 98 83 36 26 54 20 75 75 64 84
3 11 73 92 57 89 65 71 86 79 79 92
3 12 17 53 70 4 41 27 10 67 24 24
3 13 54 38 47 51 59 73 83 34 40 89
3 14 36 44 77 40 27 52 54 57 36 54
3 15 94 25 88 62 84 66 29 33 57 31
3 16 39 60 8 19 21 72 10 74 85 26
3 17 9 5 21 18 48 14 41 47 14 52
3 18 93 48 64 29 33 62 89 55 37 83
3 19 69 44 82 49 22 74 24 42 92 93
3 20 76 81 65 90 74 52 51 69 28 31
3 21 54 35 68 87 66 58 24 49 30 35
3 22 85 89 58 22 40 17 53 72 24 53
3 23 53 11 40 50 45 80 66 37 22 43
3 24 9 13 68 24 2 20 73 42 68 63
3 25 96 56 46 43 29 96 67 34 49 88
3 26 28 85 64 35 58 39 80 81 56 84
3 27 93 55 58 40 35 55 97 71 97 59
3 28 45 87 39 27 32 28 78 68 24 51
3 29 27 16 72 79 64 42 34 63 74 29
3 30 89 49 53 59 80 42 95 44 74 63
3 31 41 85 47 9 51 78 72 76 71 45
3 32 16 14 75 31 80 50 48 82 15 67
3 33 15 30 12 57 81 39 38 13 38 5
3 34 27 71 31 40 60 66 6 34 24 36
3 35 98 66 52 75 23 70 28 79 23 45
3 36 23 37 20 23 4 41 46 60 27 23
3 37 33 48 63 39 44 53 33 70 30 22
3 38 28 18 7 20 80 45 29 28 85 53
3 39 89 69 28 23 30 60 36 19 28 36
4 5 6 17 3 15 1 15 62 23 13 23
4 6 4 68 39 76 36 69 13 31 49 56
4 7 61 52 36 60 57 16 13 62 79 90
4 8 69 76 63 80 93 26 74 69 64 14
4 9 11 78 16 68 4 56 40 23 35 46
4 10 63 52 51 44 64 67 76 45 50 41
4 11 94 34 95 49 63 61 56 68 90 34
4 12 22 40 32 44 56 65 44 36 27 22
4 13 79 94 48 30 39 63 82 59 34 65
4 14 0 52 12 41 15 9 29 34 3 70
4 15 35 39 23 16 50 66 35 22 36 12
4 16 13 29 71 67 72 44 78 70 34 50
4 17 90 77 95 19 33 38 71 90 28 92
4 18 60 36 79 63 22 14 36 69 72 23
4 19 5 3 53 18 20 18 77 10 24 7
4 20 80 43 85 67 75 40 89 62 34 18
4 21 67 43 41 92 24 49 45 18 78 44
4 22 78 55 43 71 65 90 80 38 51 88
4 23 15 51 76 36 55 55 20 21 15 48
4 24 14 39 75 76 20 75 46 65 81 22
4 25 67 41 20 68 29 23 61 20 45 51
4 26 43 8 66 63 66 8 48 59 44 62
4 27 44 65 29 71 82 14 57 83 33 15
4 28 41 55 33 75 41 17 57 85 87 8
4 29 30 76 55 42 28 49 10 64 11 6
4 30 51 81 37 18 67 19 46 42 35 63
4 31 47 82 14 51 50 87 32 81 52 29
4 32 32 35 71 55 23 85 43 16 63 19
4 33 75 31 75 36 26 58 20 35 91 46
4 34 73 22 41 43 75 76 72 85 33 29
4 35 83 63 86 48 55 55 90 54 25 89
4 36 87 36 32 39 62 65 24 19 38 19
4 37 67 51 64 60 34 63 86 20 41 81
4 38 72 26 82 80 43 79 86 43 17 27
4 39 24 18 7 38 74 23 52 39 51 75
5 6 80 91 50 51 48 32 45 77 62 19
5 7 89 41 64 21 28 96 23 74 58 41
5 8 42 30 41 57 68 20 59 81 24 24
5 9 89 31 29 87 91 65 65 85 31 74
5 10 34 15 33 28 76 70 9 86 27 68
5 11 58 63 28 62 24 80 62 16 91 21
5 12 14 75 44 21 64 21 19 28 61 69
5 13 75 31 30 60 48 72 65 25 48 33
5 14 18 65 39 67 65 31 11 75 26 26
5 15 93 37 89 38 27 57 24 93 64 65
5 16 59 61 82 80 37 61 48 40 17 90
5 17 38 73 39 65 50 43 39 27 64 79
5 18 99 97 86 48 78 57 38 62 55 44
5 19 18 4 80 81 33 82 28 3 65 7
5 20 51 48 86 69 30 71 19 16 46 50
5 21 51 34 63 63 35 64 34 62 21 32
5 22 69 52 45 36 88 50 52 43 82 88
5 23 5 11 14 50 45 73 14 64 26 28
5 24 42 82 43 13 33 65 74 9 67 37
5 25 42 57 17 33 18 79 55 84 41 71
5 26 56 57 34 18 18 71 22 64 71 38
5 27 86 54 58 83 19 28 73 83 69 48
5 28 68 74 39 90 46 88 64 77 87 31
5 29 77 39 45 40 48 41 40 91 17 74
5 30 62 88 86 40 49 62 15 51 41 84
5 31 18 24 28 38 26 61 15 11 19 23
5 32 3 14 67 52 40 61 71 28 4 58
5 33 19 64 64 60 61 55 41 19 43 17
5 34 70 63 56 24 66 75 87 65 80 18
5 35 96 96 23 36 72 29 48 68 59 69
5 36 36 11 34 48 55 50 21 48 84 65
5 37 46 50 36 55 16 80 70 11 75 30
5 38 23 50 5 30 71 45 14 38 71 49
5 39 22 33 31 30 53 6 53 78 77 7
6 7 83 65 39 64 19 55 52 69 31 38
6 8 92 39 61 86 47 36 43 74 69 75
6 9 85 69 43 48 36 89 87 38 47 43
6 10 16 7 19 64 61 57 69 35 82 73
6 11 65 77 49 78 52 24 51 43 82 41
6 12 74 50 20 24 67 80 39 82 89 34
6 13 42 32 30 59 40 56 79 25 47 73
6 14 6 26 11 60 16 61 72 21 41 33
6 15 70 63 78 56 19 75 48 88 92 40
6 16 38 74 62 29 62 14 53 15 24 43
6 17 78 62 48 77 61 82 20 49 44 48
6 18 14 68 19 6 8 50 31 47 40 49
6 19 8 15 40 68 53 10 44 36 56 80
6 20 74 36 25 22 69 44 93 62 88 40
6 21 2 53 21 16 57 19 11 6 39 21
6 22 88 44 77 18 17 74 91 85 94 46
6 23 51 60 86 63 75 36 60 32 82 34
6 24 49 41 54 63 79 84 80 61 60 43
6 25 1 61 38 14 48 49 78 7 36 31
6 26 88 38 84 63 60 47 74 27 49 40
6 27 69 18 69 90 82 49 18 70 36 85
6 28 39 56 8 15 31 60 19 18 28 25
6 29 70 76 45 77 58 65 69 49 53 87
6 30 76 89 54 48 63 41 70 43 21 24
6 31 45 18 18 17 56 73 26 84 16 81
6 32 57 32 67 73 52 70 84 29 54 65
6 33 95 64 21 44 45 71 29 34 73 67
6 34 8 64 30 6 81 20 78 21 25 8
6 35 24 84 71 65 29 16 83 37 26 29
6 36 28 31 82 56 16 70 9 68 13 7
6 37 6 7 30 80 53 40 70 39 19 8
6 38 95 39 34 87 93 77 35 85 75 45
6 39 85 88 39 37 59 88 57 43 40 45
7 8 59 20 34 60 81 74 32 86 82 86
7 9 26 81 55 79 25 30 9 67 62 51
7 10 52 81 80 34 74 12 32 34 75 64
7 11 24 70 68 20 25 40 22 60 23 47
7 12 13 33 14 61 50 24 29 50 8 21
7 13 1 17 72 76 71 8 17 43 70 45
7 14 87 49 76 80 38 42 75 34 72 38
7 15 56 14 63 67 45 45 49 31 74 13
7 16 24 29 25 53 61 75 51 12 22 82
7 17 95 55 88 66 79 49 59 92 67 93
7 18 28 27 45 58 40 50 79 39 33 40
7 19 53 14 40 30 73 19 49 16 15 66
7 20 69 42 80 69 51 59 44 50 62 75
7 21 30 57 6 7 61 33 67 48 23 75
7 22 38 64 30 29 74 68 86 27 51 48
7 23 93 24 20 64 88 51 54 22 25 55
7 24 33 16 64 8 77 76 7 72 11 31
7 25 89 54 67 77 90 86 32 83 41 75
7 26 36 27 10 49 75 23 80 54 71 63
7 27 76 83 58 72 22 52 63 24 50 40
7 28 67 41 55 78 51 28 53 59 88 17
7 29 59 22 29 17 62 29 78 89 74 73
7 30 79 87 79 64 45 64 27 19 52 65
7 31 41 39 77 28 80 77 82 42 66 67
7 32 18 19 57 80 70 48 27 48 5 79
7 33 62 13 59 61 48 61 18 45 82 46
7 34 0 45 38 54 77 47 77 8 46 60
7 35 46 55 62 45 39 88 83 28 56 36
7 36 35 72 80 25 80 36 53 27 60 84
7 37 85 88 61 17 33 29 78 78 78 33
7 38 17 31 33 24 30 33 16 41 46 23
7 39 69 80 61 50 43 21 85 47 53 82
8 9 75 33 44 16 84 55 26 18 35 47
8 10 21 11 53 13 78 45 65 49 54 25
8 11 58 31 64 86 38 65 74 39 13 66
8 12 34 52 61 62 54 14 37 53 55 18
8 13 46 47 57 27 58 66 83 78 26 23
8 14 5 29 31 72 26 10 60 35 14 75
8 15 17 28 66 10 62 71 25 26 21 48
8 16 95 53 41 51 96 72 61 52 93 78
8 17 15 7 82 49 70 58 16 81 50 18
8 18 75 73 43 70 47 88 70 77 27 38
8 19 11 36 58 52 33 4 49 30 71 67
8 20 16 78 17 71 64 47 23 39 38 33
8 21 48 77 12 14 44 50 18 75 22 31
8 22 87 23 74 30 43 41 46 45 74 34
8 23 63 45 54 25 24 28 61 52 72 87
8 24 98 32 72 95 85 91 97 43 54 70
8 25 82 80 46 76 56 31 95 33 82 66
8 26 27 68 60 40 49 51 41 7 63 44
8 27 71 53 79 80 69 82 77 62 43 23
8 28 5 39 35 57 15 73 64 12 49 18
8 29 41 83 18 48 52 74 35 84 24 86
8 30 67 86 38 50 40 85 81 21 26 87
8 31 62 56 62 22 14 60 53 23 62 28
8 32 33 10 30 48 63 28 32 61 49 30
8 33 23 14 18 31 32 23 81 12 28 48
8 34 59 19 48 86 19 41 44 13 25 13
8 35 4 62 79 17 21 32 17 24 45 61
8 36 58 33 27 17 40 40 29 21 39 80
8 37 10 13 52 55 80 31 43 79 32 12
8 38 80 65 59 73 93 57 90 40 17 36
8 39 63 14 58 31 87 80 28 87 78 47
9 10 49 14 39 59 85 35 17 63 43 40
9 11 26 44 78 65 33 31 18 32 53 28
9 12 85 32 69 48 51 18 30 72 17 62
9 13 67 65 24 92 46 50 51 45 66 34
9 14 95 94 53 55 52 80 89 35 82 28
9 15 63 91 40 82 41 58 53 26 50 51
9 16 59 56 26 91 77 82 60 66 19 24
9 17 32 76 63 62 74 57 44 79 37 53
9 18 45 79 19 77 12 28 83 62 72 78
9 19 67 45 74 75 35 51 62 68 58 60
9 20 25 73 10 82 8 56 53 11 20 72
9 21 97 77 53 75 64 23 91 59 61 40
9 22 24 44 50 19 30 41 35 64 75 71
9 23 31 54 70 62 25 53 74 45 14 81
9 24 79 51 81 36 79 68 78 74 64 47
9 25 82 30 95 29 32 66 45 80 36 31
9 26 65 17 21 76 63 80 78 48 78 40
9 27 64 21 30 22 44 49 16 81 35 72
9 28 66 65 88 52 75 72 64 79 47 90
9 29 29 38 16 46 85 20 49 76 8 64
9 30 94 63 53 59 36 39 41 86 53 92
9 31 59 62 41 62 19 80 58 67 56 27
9 32 90 27 92 90 56 44 36 52 42 59
9 33 41 57 71 43 88 78 53 33 86 62
9 34 50 38 69 88 74 45 19 15 50 51
9 35 99 49 24 94 22 93 73 83 98 65
9 36 58 32 24 46 45 84 46 33 12 82
9 37 23 21 41 67 40 49 49 16 77 7
9 38 37 50 60 58 52 72 27 66 26 53
9 39 20 70 73 25 20 27 17 19 78 38
10 11 63 68 18 80 72 23 35 64 91 61
10 12 41 27 56 32 46 75 12 71 67 14
10 13 82 53 80 24 45 96 49 56 91 40
10 14 69 27 37 54 82 72 66 79 52 80
10 15 94 76 94 83 84 62 51 87 87 80
10 16 71 55 75 78 63 41 30 40 29 48
10 17 52 25 75 88 65 26 65 88 46 43
10 18 28 79 27 59 85 74 65 76 7 47
10 19 28 17 80 26 71 51 80 19 40 78
10 20 92 89 50 19 44 81 50 63 41 81
10 21 26 51 19 40 25 29 52 48 72 12
10 22 65 23 48 84 51 35 33 22 90 53
10 23 22 33 19 41 32 42 28 11 79 61
10 24 9 16 25 73 42 3 79 30 77 67
10 25 58 36 46 36 35 80 38 33 88 77
10 26 8 27 66 29 75 67 72 7 9 73
10 27 76 57 90 55 44 18 15 44 60 41
10 28 3 62 77 26 69 56 78 63 28 23
10 29 64 39 58 56 68 13 42 42 66 65
10 30 9 22 9 4 76 27 76 16 11 63
10 31 18 13 40 67 4 7 42 12 44 25
10 32 41 75 62 64 88 86 61 59 32 52
10 33 74 53 76 89 31 33 66 82 92 73
10 34 91 83 27 65 39 44 71 82 51 24
10 35 48 21 60 26 46 41 32 42 41 29
10 36 25 48 51 35 29 27 9 82 83 25
10 37 92 59 34 81 89 94 57 43 85 93
10 38 45 59 64 72 51 60 29 72 85 56
10 39 67 15 49 50 79 43 61 85 85 81
11 12 13 52 19 72 29 35 30 62 47 81
11 13 57 22 25 42 50 67 58 90 12 64
11 14 12 3 65 29 35 64 42 76 30 45
11 15 74 58 33 33 89 46 29 61 87 65
11 16 87 85 27 61 78 41 63 30 27 89
11 17 26 33 46 16 80 19 62 78 46 82
11 18 63 39 27 62 23 41 41 18 46 72
11 19 34 49 78 36 60 52 83 22 15 39
11 20 10 33 27 61 31 2 2 74 23 32
11 21 7 20 78 26 55 17 30 72 9 46
11 22 99 28 47 85 90 77 67 80 59 29
11 23 54 87 84 27 17 86 65 80 20 50
11 24 89 62 68 40 84 29 18 71 24 29
11 25 44 45 37 80 81 27 31 10 51 40
11 26 84 83 70 78 26 64 89 80 89 19
11 27 86 38 28 48 85 21 51 34 62 48
11 28 81 32 37 34 34 59 47 17 83 22
11 29 32 51 27 45 7 36 85 14 19 25
11 30 70 89 63 23 25 50 83 82 60 14
11 31 20 38 37 69 40 37 43 25 50 66
11 32 37 7 13 53 19 25 26 79 20 23
11 33 64 89 29 24 81 78 42 64 21 17
11 34 34 54 62 64 73 42 77 40 18 35
11 35 77 49 51 42 49 71 37 47 75 24
11 36 70 18 21 91 44 56 71 27 92 48
11 37 33 56 56 12 44 32 49 17 74 79
11 38 67 34 59 30 82 17 19 48 38 70
11 39 82 87 85 59 85 90 38 54 81 85
12 13 45 38 72 68 21 26 77 84 43 11
12 14 60 23 53 90 65 54 50 64 66 88
12 15 7 72 49 43 27 75 8 41 55 32
12 16 45 16 26 38 38 37 21 11 25 63
12 17 70 77 56 19 81 64 27 83 67 72
12 18 20 46 42 79 46 60 36 44 54 67
12 19 32 14 46 32 20 32 81 53 36 36
12 20 25 74 62 79 70 79 62 44 83 60
12 21 70 56 44 64 42 41 22 42 83 66
12 22 17 26 46 43 78 66 16 31 5 83
12 23 35 68 43 86 15 24 11 26 65 10
12 24 54 15 71 16 38 52 44 17 25 83
12 25 0 18 41 78 26 77 78 33 12 2
12 26 50 79 63 53 19 36 79 45 62 39
12 27 87 30 63 58 29 59 49 73 40 91
12 28 59 28 25 59 77 38 36 75 66 43
12 29 68 16 31 20 88 42 87 41 53 15
12 30 80 38 48 70 54 16 39 62 74 17
12 31 41 56 12 47 79 81 14 55 60 61
12 32 8 39 30 80 65 12 7 71 73 19
12 33 97 35 72 96 42 38 46 92 93 73
12 34 30 14 27 8 52 45 74 58 9 28
12 35 41 75 11 68 32 45 21 26 65 75
12 36 64 36 55 62 78 47 75 83 61 52
12 37 98 44 23 60 28 33 62 24 56 98
12 38 45 53 20 83 41 57 45 26 37 54
12 39 75 77 90 71 69 24 92 72 59 40
13 14 57 33 32 44 25 24 60 65 51 52
13 15 76 75 81 18 17 63 31 24 93 32
13 16 99 58 89 28 24 57 37 43 61 59
13 17 13 40 46 74 45 49 13 69 8 50
13 18 94 19 30 75 83 98 34 85 24 88
13 19 73 35 54 55 80 30 87 22 60 44
13 20 27 74 67 44 35 67 71 25 8 67
13 21 60 69 60 26 48 66 49 55 17 66
13 22 9 31 68 19 58 6 45 58 23 79
13 23 47 78 54 43 45 73 45 77 86 37
13 24 7 10 81 33 48 38 46 74 1 37
13 25 20 48 49 46 81 60 46 43 60 52
13 26 82 91 62 87 17 79 95 49 73 90
13 27 26 79 67 40 8 27 30 44 69 47
13 28 57 18 49 34 27 75 46 63 70 15
13 29 5 58 52 2 38 53 46 78 27 12
13 30 56 28 19 55 71 39 76 17 23 54
13 31 99 34 92 84 57 79 39 45 35 28
13 32 69 39 92 70 59 36 48 89 16 55
13 33 67 93 74 92 60 15 42 39 33 26
13 34 30 14 17 10 60 35 25 61 25 71
13 35 40 40 50 83 77 18 75 39 87 34
13 36 58 58 15 85 38 44 20 57 64 50
13 37 71 70 24 26 76 58 64 56 34 15
13 38 78 68 54 65 45 23 44 84 91 38
13 39 85 61 47 78 75 55 24 87 52 57
14 15 28 68 28 36 68 7 7 41 68 63
14 16 86 76 43 57 60 18 73 30 35 85
14 17 68 86 56 91 25 78 69 28 17 65
14 18 0 23 36 36 28 29 53 6 56 3
14 19 57 34 33 21 47 91 77 19 47 80
14 20 86 71 20 76 31 70 38 57 53 73
14 21 16 41 30 36 30 14 47 58 64 14
14 22 26 70 56 35 75 49 24 54 30 78
14 23 48 46 60 16 67 77 24 82 22 69
14 24 97 93 25 64 61 59 98 20 39 58
14 25 15 58 10 53 53 21 80 67 45 48
14 26 13 17 7 58 10 43 44 34 25 49
14 27 6 35 50 73 45 9 1 76 68 20
14 28 52 33 44 56 36 27 77 76 62 52
14 29 12 79 45 13 40 60 79 3 79 18
14 30 27 37 57 9 50 73 58 41 21 83
14 31 56 37 75 83 79 11 90 72 48 21
14 32 3 2 69 30 60 74 23 8 20 30
14 33 9 80 45 7 73 42 2 22 52 80
14 34 11 75 14 7 13 19 23 4 60 59
14 35 6 26 49 66 43 24 40 6 55 75
14 36 86 66 90 89 68 30 44 60 35 58
14 37 23 7 23 57 7 22 22 84 54 76
14 38 3 42 12 38 9 31 73 70 30 72
14 39 65 71 38 28 53 55 89 19 83 79
15 16 54 41 81 31 28 58 66 18 44 42
15 17 52 53 25 76 27 23 88 31 33 58
15 18 92 96 40 94 21 55 35 67 79 92
15 19 98 69 60 71 22 57 85 63 35 86
15 20 85 86 77 91 37 94 71 80 86 69
15 21 24 44 79 63 61 30 7 76 35 16
15 22 96 55 21 83 40 72 83 91 22 44
15 23 85 39 94 19 47 91 51 54 73 82
15 24 94 19 90 45 78 60 54 70 24 69
15 25 61 70 17 89 77 34 63 41 61 88
15 26 80 49 63 25 80 50 65 42 19 30
15 27 84 17 22 27 23 17 26 93 35 71
15 28 1 40 12 31 79 0 79 64 57 40
15 29 58 12 33 14 37 74 33 22 47 84
15 30 15 81 20 71 35 44 13 50 36 33
15 31 54 78 11 71 19 22 19 72 41 24
15 32 41 80 13 41 12 9 12 81 56 69
15 33 92 65 73 46 93 74 20 72 95 81
15 34 96 95 96 64 27 28 70 78 96 50
15 35 84 26 22 45 60 52 50 34 90 66
15 36 62 75 71 90 83 36 81 82 75 41
15 37 77 74 47 86 25 50 65 32 26 79
15 38 69 73 61 86 45 38 61 16 48 87
15 39 89 76 45 68 43 45 85 75 29 82
16 17 62 51 65 15 41 86 89 75 32 43
16 18 35 56 24 40 76 74 66 62 11 63
16 19 16 25 81 51 29 75 45 11 82 8
16 20 1 10 8 29 11 70 53 17 17 18
16 21 10 32 75 54 42 55 54 66 19 54
16 22 74 73 82 49 48 46 87 93 40 55
16 23 98 46 53 55 86 84 42 77 94 62
16 24 13 73 37 77 30 55 34 68 71 67
16 25 49 37 11 38 23 76 38 68 57 70
16 26 26 16 18 52 63 70 30 29 23 14
16 27 96 22 40 87 25 59 52 55 60 96
16 28 35 14 70 69 74 44 43 31 35 29
16 29 24 58 11 69 55 7 84 44 44 66
16 30 96 85 44 24 78 73 75 49 34 48
16 31 54 14 42 87 15 68 15 54 79 18
16 32 46 87 41 74 50 57 17 40 67 57
16 33 68 49 70 72 90 67 27 81 19 49
16 34 29 59 62 17 28 75 12 16 52 64
16 35 68 80 69 26 22 47 86 44 26 51
16 36 30 54 29 77 47 82 20 52 84 31
16 37 5 76 35 59 39 11 58 29 79 29
16 38 13 32 8 18 65 61 17 74 77 55
16 39 25 26 69 23 61 35 70 82 63 56
17 18 45 13 36 22 63 23 81 54 81 35
17 19 70 20 59 32 47 89 36 40 29 55
17 20 75 78 19 31 47 56 51 40 79 77
17 21 67 31 34 18 67 80 43 13 84 62
17 22 78 80 51 42 86 42 31 21 22 58
17 23 64 74 76 43 70 92 84 41 79 14
17 24 15 7 46 9 14 74 55 30 19 8
17 25 18 78 51 73 31 24 66 37 58 78
17 26 31 67 40 50 64 24 81 38 56 14
17 27 74 46 38 74 87 45 48 45 24 39
17 28 19 40 9 11 42 80 76 46 23 21
17 29 6 57 26 4 76 14 7 55 38 25
17 30 13 61 33 48 56 38 14 30 48 5
17 31 75 78 55 29 53 27 89 91 43 53
17 32 56 78 68 70 35 25 36 15 68 33
17 33 80 49 87 33 19 20 73 82 21 79
17 34 61 44 81 79 67 91 88 91 57 13
17 35 83 23 21 50 41 80 31 63 26 34
17 36 40 21 85 76 8 10 75 15 77 25
17 37 28 21 63 81 50 59 48 31 28 39
17 38 35 47 83 41 51 14 53 57 76 9
17 39 33 70 59 52 42 71 9 57 66 60
18 19 23 36 15 30 61 24 28 82 26 35
18 20 14 75 3 56 5 51 46 23 82 62
18 21 0 62 14 13 38 32 29 37 76 24
18 22 14 33 41 67 24 27 67 62 30 11
18 23 88 21 27 17 65 83 56 90 40 57
18 24 94 83 80 59 44 39 66 56 88 48
18 25 55 44 50 27 74 51 13 59 57 39
18 26 20 20 82 16 46 54 82 24 72 73
18 27 56 80 15 44 89 29 73 16 63 13
18 28 32 60 44 56 27 56 25 8 28 35
18 29 55 26 85 69 68 66 47 22 45 88
18 30 68 18 23 34 74 38 33 36 19 56
18 31 58 17 67 53 27 44 87 68 70 38
18 32 20 33 51 21 28 52 4 55 19 43
18 33 73 62 39 30 18 81 43 34 44 71
18 34 85 90 60 45 25 32 82 17 23 51
18 35 65 62 43 68 38 13 33 28 25 85
18 36 7 69 42 36 6 37 16 32 27 27
18 37 7 81 5 68 41 80 22 62 50 52
18 38 23 55 74 62 10 15 9 36 14 19
18 39 27 44 66 63 20 82 81 38 30 73
19 20 35 27 52 10 59 47 85 84 39 72
19 21 24 33 83 77 28 52 23 21 53 66
19 22 54 41 43 41 65 73 23 38 28 25
19 23 69 20 54 93 53 76 24 85 52 32
19 24 17 82 57 57 63 38 18 82 41 62
19 25 65 25 90 51 81 25 63 44 38 39
19 26 0 50 18 47 55 4 75 62 31 46
19 27 93 68 20 83 77 56 18 61 19 45
19 28 48 27 59 75 71 18 18 87 33 51
19 29 58 52 80 54 58 82 30 49 65 73
19 30 14 26 73 27 19 48 58 69 12 46
19 31 56 46 37 33 73 86 89 71 79 61
19 32 40 50 85 72 29 36 85 20 68 76
19 33 90 38 19 87 70 64 24 32 43 97
19 34 96 44 63 75 81 54 26 29 98 46
19 35 43 18 51 50 87 17 64 35 31 46
19 36 21 82 60 31 58 30 14 26 80 59
19 37 61 20 90 80 18 88 66 18 32 52
19 38 64 65 79 86 37 46 67 30 48 71
19 39 40 72 67 33 22 10 67 86 23 35
20 21 73 56 60 56 61 35 31 44 77 64
20 22 90 53 78 26 61 38 53 40 59 55
20 23 76 46 27 68 82 49 87 54 76 37
20 24 2 7 44 57 2 23 31 30 46 8
20 25 8 69 68 51 47 54 8 25 46 11
20 26 68 45 66 76 17 28 85 37 54 42
20 27 71 57 80 56 64 37 19 63 56 76
20 28 64 63 41 27 48 28 37 71 39 71
20 29 40 21 74 25 68 70 58 61 64 55
20 30 11 8 6 26 67 12 47 11 40 21
20 31 93 64 23 33 19 33 65 18 98 47
20 32 35 7 8 66 50 48 65 16 17 70
20 33 96 33 71 87 31 38 61 97 45 84
20 34 6 47 11 3 63 68 67 11 35 3
20 35 44 23 56 63 81 39 18 25 43 16
20 36 64 33 86 45 68 46 22 15 28 57
20 37 75 87 19 40 37 81 48 84 64 81
20 38 84 96 80 40 77 63 87 74 36 52
20 39 99 84 87 61 70 46 64 96 67 81
21 22 73 76 20 75 53 43 55 84 71 25
21 23 85 57 28 25 46 70 85 43 72 62
21 24 66 46 20 80 88 49 14 28 75 90
21 25 19 80 12 46 53 74 38 65 53 74
21 26 80 21 64 26 94 79 76 87 71 51
21 27 51 27 51 78 81 37 20 66 56 65
21 28 0 12 37 47 49 51 36 77 0 42
21 29 57 12 89 85 37 74 50 67 84 83
21 30 69 68 61 91 86 24 34 87 50 63
21 31 43 39 73 18 83 73 37 48 23 41
21 32 73 58 60 78 15 77 49 73 50 19
21 33 12 23 33 34 43 14 65 55 37 17
21 34 11 54 37 48 64 53 26 78 45 28
21 35 31 52 82 6 16 50 37 73 51 43
21 36 70 40 57 88 88 27 64 68 63 64
21 37 44 33 40 26 28 87 32 84 76 39
21 38 69 60 26 81 81 48 38 41 46 73
21 39 7 33 80 14 2 61 43 56 67 45
22 23 69 52 36 86 39 80 56 55 50 22
22 24 95 53 91 42 84 98 28 27 22 75
22 25 67 37 69 35 76 50 34 73 33 39
22 26 68 36 56 59 22 56 24 30 51 74
22 27 48 51 87 59 67 55 32 58 27 40
22 28 42 60 34 53 44 9 75 75 28 67
22 29 95 67 41 35 87 60 36 68 81 67
22 30 49 34 49 48 38 84 69 11 12 57
22 31 57 64 62 84 12 83 16 74 44 36
22 32 84 93 30 47 56 47 86 35 90 50
22 33 37 25 71 33 17 79 61 49 61 35
22 34 98 78 88 28 37 86 20 69 87 79
22 35 87 57 80 42 39 52 28 48 70 85
22 36 57 64 79 37 69 26 14 13 75 11
22 37 24 74 24 84 60 39 80 28 11 64
22 38 77 33 50 38 52 70 43 87 30 80
22 39 34 85 16 71 47 10 38 49 39 47
23 24 23 47 73 73 45 13 72 20 52 13
23 25 38 56 87 33 48 23 78 52 9 51
23 26 47 67 55 77 37 40 38 36 77 12
23 27 76 37 88 80 31 73 57 60 59 55
23 28 85 20 30 26 27 26 66 52 72 66
23 29 34 80 70 16 39 86 18 51 37 69
23 30 24 46 73 23 80 50 55 6 20 78
23 31 34 74 36 10 55 73 62 79 63 9
23 32 22 11 48 28 37 81 30 17 35 21
23 33 57 22 48 13 71 12 75 61 52 65
23 34 10 28 62 2 57 29 10 14 14 3
23 35 59 39 80 71 85 64 76 30 65 25
23 36 54 85 26 32 24 46 81 88 45 18
23 37 10 55 6 52 66 69 48 37 5 61
23 38 23 70 45 75 15 12 45 10 60 72
23 39 82 69 84 24 36 79 94 31 56 59
24 25 96 98 70 70 76 98 79 41 54 91
24 26 92 79 43 77 90 59 75 93 55 78
24 27 22 37 61 19 71 12 70 45 69 69
24 28 62 55 60 34 23 14 82 68 79 29
24 29 54 63 40 74 55 18 17 82 64 13
24 30 42 29 37 24 55 17 16 50 81 18
24 31 11 81 75 39 54 80 76 14 53 9
24 32 95 55 25 47 56 22 50 27 23 67
24 33 52 25 55 31 22 79 22 74 23 79
24 34 58 18 37 29 59 81 89 50 81 15
24 35 56 78 80 45 83 19 67 65 79 69
24 36 86 21 18 66 46 78 79 23 76 17
24 37 79 23 78 93 61 43 76 37 22 41
24 38 84 71 87 61 87 90 41 79 75 19
24 39 38 24 67 24 57 36 37 9 71 77
25 26 20 30 59 81 71 73 75 35 50 45
25 27 12 60 34 51 27 43 43 60 41 82
25 28 96 75 79 73 33 61 84 52 26 68
25 29 98 62 74 33 65 20 34 81 45 86
25 30 7 34 44 10 9 35 17 37 10 50
25 31 58 87 32 68 17 81 18 80 59 21
25 32 44 35 63 9 69 22 61 23 29 61
25 33 51 47 72 65 15 18 49 89 69 73
25 34 97 72 66 33 37 59 85 96 36 48
25 35 85 22 70 26 37 48 66 40 24 78
25 36 65 80 72 25 62 43 58 68 64 74
25 37 58 19 84 68 15 64 87 55 68 41
25 38 84 36 64 57 72 90 21 27 73 52
25 39 67 67 50 15 86 77 62 30 35 40
26 27 2 66 62 58 49 42 18 13 71 20
26 28 93 93 92 27 42 84 69 74 91 81
26 29 10 24 60 76 63 37 64 6 12 7
26 30 18 47 50 40 24 24 43 24 40 43
26 31 24 19 45 35 34 81 51 35 64 48
26 32 4 1 45 46 46 43 59 10 37 38
26 33 0 38 26 50 30 34 72 27 27 21
26 34 91 85 34 55 19 45 65 62 92 44
26 35 41 52 83 78 57 28 8 33 69 50
26 36 89 66 36 28 77 95 57 95 72 44
26 37 53 34 80 12 66 75 35 23 25 63
26 38 25 7 29 72 24 52 67 55 5 65
26 39 9 81 20 9 80 53 70 33 31 18
27 28 58 75 72 50 80 68 47 61 53 25
27 29 25 40 11 61 16 54 55 80 28 43
27 30 18 40 43 48 42 9 59 75 54 58
27 31 33 47 72 65 58 23 50 29 31 79
27 32 63 90 65 88 40 22 33 79 23 73
27 33 25 27 69 53 35 18 36 44 19 68
27 34 75 25 67 31 45 93 33 46 88 78
27 35 86 64 58 90 61 73 65 74 72 45
27 36 37 24 21 69 68 71 57 35 71 23
27 37 64 54 32 49 91 30 86 86 55 82
27 38 94 63 83 63 52 33 43 26 96 78
27 39 87 96 46 91 97 54 91 91 50 36
28 29 9 52 36 48 44 2 81 62 29 31
28 30 43 42 50 52 31 53 63 58 23 38
28 31 55 37 71 74 80 66 64 57 21 13
28 32 64 61 29 41 79 81 71 63 59 28
28 33 20 24 57 33 71 70 17 9 77 15
28 34 66 27 52 54 57 88 69 44 75 64
28 35 1 28 24 77 23 12 22 9 6 74
28 36 12 44 14 52 60 2 10 43 36 58
28 37 39 40 70 11 30 55 82 60 11 52
28 38 83 92 18 79 63 96 52 87 94 61
28 39 27 11 42 72 69 52 61 70 60 13
29 30 35 25 50 17 12 57 8 14 53 51
29 31 54 78 16 56 38 82 16 77 35 88
29 32 24 70 50 22 42 25 34 79 63 40
29 33 94 83 42 59 85 73 32 49 85 30
29 34 61 35 55 23 79 15 46 36 28 16
29 35 65 41 57 30 56 46 87 44 47 81
29 36 10 5 28 33 5 18 60 47 50 44
29 37 53 38 88 81 55 52 49 21 12 61
29 38 69 51 75 69 54 83 48 38 20 78
29 39 0 18 60 13 65 39 26 77 50 40
30 31 92 33 80 80 82 39 74 87 84 63
30 32 88 88 25 32 29 49 24 43 47 56
30 33 18 26 78 11 55 7 29 51 69 8
30 34 39 78 18 35 50 40 77 26 77 56
30 35 36 20 52 51 35 22 53 9 31 50
30 36 47 24 20 70 79 75 23 75 67 48
30 37 78 87 50 57 84 80 18 38 17 51
30 38 22 28 64 53 5 11 26 12 7 81
30 39 0 54 52 6 74 60 41 55 62 44
31 32 70 22 38 67 58 16 43 70 24 25
31 33 47 28 28 48 31 62 37 34 52 55
31 34 26 61 14 18 23 79 9 14 8 8
31 35 81 76 71 89 31 71 49 49 20 53
31 36 6 60 66 28 31 71 43 67 4 40
31 37 66 90 19 47 32 88 49 50 89 40
31 38 32 24 12 21 14 85 54 17 10 30
31 39 93 75 21 61 79 75 70 41 97 19
32 33 47 28 24 29 11 41 36 18 68 58
32 34 46 57 76 48 84 54 67 33 71 65
32 35 91 90 41 84 47 77 82 30 19 37
32 36 6 61 78 46 6 23 17 44 78 26
32 37 13 22 4 78 67 9 5 68 9 33
32 38 15 79 72 38 34 42 50 46 26 15
32 39 5 63 78 10 65 48 12 70 56 58
33 34 21 64 42 72 64 31 51 74 46 76
33 35 64 37 79 34 35 25 55 67 45 53
33 36 31 51 16 76 30 75 27 23 35 75
33 37 67 77 14 34 15 69 92 49 24 38
33 38 21 52 43 65 82 33 63 55 58 56
33 39 70 93 19 57 30 69 53 48 61 34
34 35 78 66 73 72 78 28 75 21 38 28
34 36 38 29 61 9 64 35 10 39 68 63
34 37 25 52 61 65 56 49 57 28 10 44
34 38 36 54 38 77 44 31 25 20 34 86
34 39 59 88 74 60 64 17 69 31 67 86
35 36 82 62 63 61 50 63 54 54 71 94
35 37 35 46 85 31 24 42 22 70 85 9
35 38 80 41 34 88 62 92 77 61 76 61
35 39 99 96 82 23 72 76 87 34 44 79
36 37 98 33 72 42 22 60 96 21 30 22
36 38 88 25 55 62 51 87 38 46 68 25
36 39 72 83 35 91 81 90 32 70 25 93
37 38 41 67 74 44 34 65 44 12 36 79
37 39 73 36 87 67 21 58 73 43 23 26
38 39 73 51 24 54 56 46 56 64 64 54
