45 10
0.4 0 0 0 0 0 0 0 0 0.6
0 1 10 65 10 27 47 60 46 56 27 26
0 2 35 56 78 26 73 43 64 31 44 36
0 3 39 33 61 10 26 53 74 41 16 39
0 4 91 37 87 47 24 81 87 39 77 79
0 5 15 9 60 55 36 8 44 7 64 55
0 6 66 79 20 37 92 63 54 38 59 26
0 7 74 23 71 38 89 48 79 88 27 44
0 8 96 53 29 97 79 97 93 21 75 95
0 9 70 88 22 83 68 19 68 23 21 32
0 10 92 84 33 93 97 45 18 88 28 35
0 11 36 86 39 59 9 82 48 42 9 15
0 12 51 53 70 18 12 32 86 30 42 33
0 13 14 21 53 29 62 43 75 58 47 61
0 14 34 7 10 14 46 35 39 8 61 25
0 15 76 88 43 70 66 49 88 26 73 37
0 16 89 76 58 69 91 38 74 49 89 80
0 17 46 52 83 55 27 56 29 67 16 10
0 18 79 81 42 87 45 41 57 91 42 88
0 19 89 40 45 92 32 21 76 48 50 36
0 20 72 50 39 76 86 51 23 52 25 26
0 21 50 35 42 39 73 79 56 59 23 17
0 22 93 31 91 74 46 26 83 43 34 47
0 23 4 70 78 43 47 62 68 66 18 37
0 24 40 39 64 73 13 87 59 83 19 53
0 25 88 21 94 50 46 31 52 34 38 97
0 26 25 35 62 46 21 40 70 19 6 34
0 27 51 50 84 60 70 85 89 20 74 40
0 28 91 58 81 60 87 75 37 18 26 20
0 29 25 18 39 33 79 50 77 41 67 80
0 30 79 92 74 62 61 80 64 24 39 30
0 31 27 24 30 61 38 36 75 6 38 51
0 32 64 57 25 32 80 88 45 18 74 92
0 33 0 2 56 3 12 8 10 2 41 19
0 34 49 32 61 28 59 35 53 56 44 59
0 35 51 36 35 77 53 25 42 52 85 45
0 36 4 33 46 36 63 33 10 46 35 70
0 37 45 67 11 75 40 76 72 69 79 52
0 38 6 27 47 81 47 63 18 55 9 53
0 39 79 21 78 52 73 21 19 21 40 49
0 40 68 65 54 49 33 68 25 26 60 64
0 41 24 49 48 32 37 81 29 19 47 73
0 42 43 23 81 32 28 24 81 84 38 58
0 43 22 7 26 37 81 21 71 34 29 80
0 44 86 38 22 82 48 83 52 42 65 75
1 2 28 17 55 28 80 41 72 55 47 14
1 3 78 82 63 47 58 45 28 47 59 93
1 4 61 82 60 87 29 91 24 54 16 38
1 5 46 19 65 71 11 57 37 22 83 13
1 6 29 78 48 6 19 8 31 76 35 71
1 7 87 45 59 29 81 24 23 46 80 62
1 8 67 54 34 34 35 37 77 68 29 68
1 9 32 9 47 19 10 42 83 47 45 46
1 10 25 15 7 36 5 56 50 33 9 6
1 11 20 35 5 78 71 28 49 26 37 43
1 12 49 83 55 75 60 69 20 31 67 13
1 13 42 80 88 46 77 56 19 71 44 54
1 14 54 78 49 71 69 47 65 58 36 60
1 15 79 74 33 17 83 28 32 33 75 61
1 16 98 56 93 42 34 65 35 46 38 81
1 17 67 77 50 85 20 76 41 51 17 21
1 18 91 82 19 57 90 90 49 21 55 73
1 19 68 81 89 66 68 35 48 22 31 61
1 20 84 27 61 30 78 62 74 80 18 57
1 21 91 49 53 20 37 22 44 75 90 31
1 22 82 72 23 55 35 55 93 87 53 65
1 23 98 31 72 81 61 66 66 63 97 66
1 24 36 40 7 61 32 12 30 35 80 13
1 25 60 44 54 87 32 48 59 19 73 14
1 26 29 30 79 73 41 64 50 50 82 76
1 27 6 18 65 13 54 54 20 66 23 56
1 28 58 15 32 16 88 48 17 40 76 24
1 29 5 4 66 1 45 12 42 57 11 79
1 30 36 16 45 28 72 33 41 56 33 25
1 31 59 91 62 29 55 48 79 84 33 75
1 32 78 83 41 89 40 64 24 19 66 81
1 33 92 19 60 40 26 46 30 55 86 85
1 34 28 11 36 65 73 43 73 31 41 51
1 35 96 61 51 82 35 66 82 54 87 82
1 36 84 70 89 19 27 50 96 19 63 90
1 37 42 43 71 52 17 30 21 20 20 68
1 38 86 78 44 57 26 18 33 87 91 45
1 39 53 46 26 16 36 49 68 35 18 70
1 40 8 67 29 28 59 21 69 76 27 20
1 41 64 57 86 46 53 57 50 59 48 70
1 42 17 19 67 26 81 39 60 67 6 53
1 43 12 33 15 40 26 32 28 59 70 24
1 44 16 34 36 56 72 6 58 51 74 15
2 3 62 18 24 12 43 86 87 89 81 34
2 4 49 78 38 29 79 88 86 61 27 17
2 5 68 74 70 57 73 90 42 81 34 62
2 6 94 79 19 29 68 27 98 36 20 34
2 7 30 29 30 62 29 80 12 51 61 66
2 8 67 21 18 92 65 38 43 66 60 18
2 9 25 76 48 66 60 13 68 18 25 43
2 10 92 19 31 62 85 56 79 71 35 50
2 11 80 51 47 64 25 42 31 86 25 56
2 12 78 66 64 69 36 76 26 87 52 34
2 13 97 68 62 75 28 26 97 61 30 64
2 14 27 47 44 71 49 32 17 79 18 28
2 15 50 73 39 82 63 57 17 29 27 60
2 16 38 48 47 60 77 24 67 17 35 22
2 17 61 58 48 39 75 88 40 86 40 64
2 18 14 30 23 73 19 64 70 58 53 10
2 19 87 85 89 59 18 47 76 33 59 96
2 20 28 44 53 85 53 7 40 18 17 7
2 21 35 34 84 53 86 11 27 7 49 58
2 22 65 74 89 33 29 63 30 86 85 40
2 23 34 26 70 51 59 58 13 40 51 84
2 24 70 49 92 19 86 71 53 28 80 38
2 25 24 22 67 74 77 66 67 79 8 30
2 26 70 52 73 63 40 84 48 43 43 37
2 27 99 48 68 39 74 85 64 91 79 79
2 28 62 37 87 56 59 84 66 16 33 68
2 29 56 19 85 43 43 32 38 49 29 82
2 30 69 47 39 84 70 54 86 78 15 61
2 31 59 87 36 81 16 52 12 18 57 61
2 32 39 27 69 68 60 20 51 31 79 83
2 33 24 51 51 45 19 32 23 60 69 63
2 34 77 17 33 90 48 33 92 45 63 46
2 35 19 58 80 20 78 43 82 55 67 56
2 36 53 11 27 56 54 42 29 78 43 75
2 37 48 81 17 71 42 65 76 68 68 85
2 38 27 54 13 16 12 41 29 36 31 63
2 39 43 71 75 77 48 70 30 54 14 22
2 40 34 69 53 86 12 31 78 81 37 60
2 41 39 68 46 86 83 45 41 42 9 24
2 42 33 84 55 35 33 54 83 39 60 13
2 43 50 75 73 35 65 81 24 86 87 23
2 44 0 32 15 18 2 77 25 24 62 27
3 4 27 70 22 76 19 49 73 26 17 63
3 5 50 63 61 32 24 85 61 73 48 54
3 6 52 82 82 79 33 84 87 58 77 82
3 7 35 79 67 76 63 9 34 59 57 20
3 8 52 53 55 80 35 41 81 89 61 20
3 9 35 25 86 77 79 41 26 68 67 20
3 10 83 53 59 89 21 52 38 49 34 36
3 11 85 77 44 42 94 71 85 29 71 33
3 12 41 20 52 44 13 61 28 13 29 13
3 13 31 16 64 7 55 74 16 67 36 60
3 14 52 90 86 49 89 23 17 27 11 32
3 15 11 73 47 4 11 30 13 47 13 17
3 16 50 54 32 79 67 52 17 77 69 73
3 17 12 74 38 32 47 75 61 76 76 58
3 18 87 53 52 69 34 56 21 19 60 34
3 19 27 67 58 66 73 7 36 37 58 64
3 20 12 33 76 47 60 31 61 64 34 39
3 21 37 29 33 26 81 21 86 69 54 38
3 22 96 42 53 54 41 49 31 20 93 37
3 23 38 32 16 62 66 47 27 51 58 12
3 24 95 66 21 29 23 37 98 91 26 74
3 25 15 79 55 31 36 27 63 33 72 61
3 26 65 51 36 61 51 69 45 40 66 27
3 27 74 47 16 91 71 66 68 17 27 84
3 28 90 26 73 44 45 76 41 52 44 76
3 29 53 56 55 54 50 89 77 29 64 63
3 30 5 1 9 5 79 70 10 18 37 13
3 31 13 60 74 45 38 8 61 26 23 7
3 32 40 42 55 53 68 16 62 23 23 70
3 33 95 98 49 39 76 40 44 77 75 85
3 34 15 7 45 74 13 59 56 54 62 18
3 35 13 66 21 9 23 28 27 41 31 38
3 36 96 39 72 34 98 73 68 50 62 32
3 37 7 5 73 14 16 45 77 50 59 77
3 38 5 41 13 79 44 38 36 66 61 49
3 39 32 52 36 25 60 69 47 57 59 30
3 40 22 62 57 44 48 9 10 63 70 76
3 41 14 73 36 56 52 80 78 39 8 35
3 42 82 28 58 52 24 58 92 42 61 95
3 43 55 25 48 52 22 19 80 74 73 72
3 44 7 52 62 44 73 39 11 25 21 52
4 5 64 45 73 14 39 42 29 47 24 21
4 6 59 91 88 55 91 42 42 69 67 77
4 7 51 56 29 11 68 50 39 59 52 50
4 8 35 22 56 28 68 46 61 59 38 51
4 9 88 26 88 56 97 18 40 33 65 77
4 10 88 71 64 81 24 35 86 28 91 31
4 11 84 27 87 25 49 22 92 57 58 41
4 12 53 41 30 43 28 51 85 87 72 70
4 13 93 39 20 32 64 30 68 89 90 79
4 14 1 19 58 7 37 58 52 41 12 9
4 15 67 35 56 26 54 75 72 51 42 66
4 16 64 81 51 19 57 71 61 66 56 42
4 17 94 30 81 45 30 57 68 29 35 66
4 18 65 82 23 47 31 49 60 73 25 53
4 19 29 21 63 11 54 8 42 40 24 59
4 20 61 28 35 85 69 77 84 54 31 91
4 21 69 70 75 70 25 83 75 79 23 50
4 22 68 78 65 69 31 43 29 91 17 29
4 23 56 73 59 77 65 40 55 48 35 18
4 24 74 84 31 68 33 15 22 83 68 23
4 25 21 36 69 67 15 51 73 32 76 41
4 26 34 34 59 28 36 81 48 55 74 50
4 27 39 44 79 15 26 20 8 10 53 16
4 28 18 19 30 46 49 41 37 31 40 21
4 29 14 35 53 69 61 33 82 9 78 47
4 30 43 13 15 16 79 59 48 68 56 68
4 31 36 34 61 53 61 74 65 33 51 16
4 32 25 19 26 63 64 70 46 32 49 75
4 33 30 14 29 55 36 51 70 71 76 21
4 34 73 65 23 58 91 82 75 74 57 83
4 35 82 53 17 66 89 20 86 85 38 48
4 36 53 67 24 85 66 87 19 59 85 11
4 37 49 49 56 46 16 85 46 67 70 42
4 38 66 58 89 34 79 53 86 79 17 40
4 39 76 21 44 76 64 58 27 33 25 84
4 40 86 60 26 81 51 25 47 69 69 74
4 41 2 59 75 1 23 75 16 49 70 38
4 42 16 21 71 43 71 34 56 18 65 27
4 43 96 54 46 93 66 32 90 90 85 29
4 44 66 55 70 30 20 21 57 67 40 84
5 6 86 41 77 37 21 23 89 84 79 45
5 7 58 35 55 66 34 30 29 76 40 74
5 8 56 80 40 29 61 11 78 13 12 33
5 9 43 43 53 78 17 29 72 45 32 70
5 10 33 20 62 38 62 15 22 7 78 60
5 11 52 65 19 55 10 69 16 58 79 34
5 12 5 64 71 62 9 25 75 61 16 1
5 13 47 29 50 38 26 78 47 26 32 66
5 14 17 13 72 27 62 14 63 5 52 15
5 15 42 76 82 81 22 40 65 81 29 65
5 16 71 71 68 29 69 78 65 23 40 43
5 17 74 75 44 26 17 76 18 86 86 93
5 18 9 9 34 34 62 61 30 52 5 5
5 19 0 44 59 1 26 79 5 35 49 9
5 20 20 55 61 30 13 7 54 75 65 74
5 21 80 35 74 21 93 26 43 17 22 69
5 22 56 27 90 29 76 28 15 88 43 29
5 23 74 27 17 90 54 36 42 16 25 41
5 24 49 65 16 82 88 52 79 58 39 54
5 25 17 77 66 57 6 56 19 69 67 62
5 26 35 27 29 76 29 80 40 62 21 52
5 27 15 52 71 52 62 30 50 25 17 29
5 28 29 33 70 53 55 24 45 21 17 74
5 29 7 63 7 16 55 3 19 41 68 5
5 30 66 23 49 60 62 48 15 33 19 91
5 31 14 33 31 37 23 73 61 47 66 9
5 32 30 74 47 28 45 14 28 54 72 19
5 33 96 41 24 68 81 24 64 63 98 98
5 34 52 61 81 22 59 50 63 63 35 38
5 35 35 42 54 40 79 44 19 49 73 19
5 36 66 51 18 59 35 69 17 87 68 64
5 37 68 71 82 79 58 31 92 87 69 85
5 38 57 64 35 43 64 36 62 50 50 78
5 39 81 94 58 92 33 61 21 28 49 54
5 40 41 73 80 51 85 48 84 70 35 55
5 41 23 26 27 49 37 44 16 78 46 22
5 42 89 31 70 64 91 43 28 77 23 66
5 43 97 39 67 68 32 26 65 94 26 68
5 44 70 83 41 74 32 77 40 64 84 32
6 7 81 24 42 50 57 83 29 56 67 45
6 8 7 66 10 32 30 60 9 16 78 64
6 9 16 65 7 75 81 58 36 77 49 40
6 10 18 46 6 34 31 38 57 60 70 4
6 11 56 49 84 37 52 71 78 44 71 74
6 12 6 71 32 79 51 29 49 29 71 60
6 13 43 87 23 27 88 81 44 61 33 59
6 14 0 76 76 48 30 12 55 11 74 6
6 15 66 88 90 27 41 80 53 72 43 32
6 16 43 29 71 34 55 23 13 84 11 49
6 17 19 42 14 35 29 76 79 58 35 28
6 18 49 74 65 55 85 43 60 11 46 64
6 19 29 13 55 76 16 78 27 15 22 16
6 20 86 24 60 43 47 56 86 40 31 33
6 21 24 66 45 34 20 46 73 51 33 41
6 22 31 26 50 17 44 72 22 38 67 8
6 23 30 77 52 68 55 68 52 78 52 36
6 24 68 29 24 19 89 48 81 29 56 77
6 25 39 65 73 48 53 67 82 86 34 45
6 26 24 27 8 56 37 20 14 34 21 74
6 27 3 3 55 45 79 62 68 59 61 54
6 28 2 69 64 17 31 11 32 4 37 6
6 29 42 59 75 71 48 79 44 45 55 35
6 30 0 59 70 23 56 27 77 61 14 58
6 31 80 34 90 61 71 76 43 49 57 37
6 32 67 92 73 15 84 74 36 22 18 48
6 33 81 73 36 80 25 77 43 48 45 45
6 34 30 81 42 12 58 35 67 80 67 27
6 35 20 48 69 64 13 81 40 80 79 14
6 36 75 36 93 52 88 72 22 70 36 56
6 37 29 13 70 44 14 15 18 6 36 15
6 38 6 55 37 54 12 53 38 18 20 54
6 39 4 51 9 44 65 70 56 70 65 49
6 40 9 81 25 30 27 58 75 3 60 71
6 41 23 41 81 64 30 68 52 66 19 8
6 42 60 23 79 80 60 74 67 50 12 86
6 43 65 13 69 72 21 29 82 36 63 34
6 44 90 33 52 80 73 31 66 49 20 20
7 8 91 61 22 60 80 69 67 32 34 68
7 9 75 86 43 92 73 18 87 74 55 40
7 10 32 19 11 48 22 53 30 21 66 77
7 11 99 33 39 60 90 70 74 92 20 61
7 12 48 22 55 15 13 66 35 37 50 60
7 13 0 52 67 24 66 47 74 54 14 25
7 14 41 77 88 62 34 44 63 85 60 50
7 15 79 72 16 74 86 87 76 90 50 27
7 16 43 45 84 55 42 30 37 73 20 77
7 17 5 73 73 79 68 66 19 60 8 50
7 18 63 24 65 20 62 18 30 21 65 37
7 19 99 41 50 81 57 31 20 60 53 24
7 20 11 58 33 61 57 46 73 33 35 3
7 21 88 70 33 74 74 82 29 85 54 62
7 22 8 5 73 36 46 52 34 25 48 34
7 23 80 25 73 68 51 23 36 62 29 88
7 24 69 49 55 75 51 46 32 53 22 42
7 25 93 30 92 82 94 91 19 25 91 78
7 26 27 36 28 13 15 81 66 75 31 80
7 27 32 51 68 9 45 28 47 16 48 34
7 28 47 85 61 85 76 88 72 76 35 75
7 29 70 37 67 22 16 77 41 48 49 78
7 30 14 9 12 5 47 35 82 50 55 4
7 31 37 15 80 16 80 67 48 58 66 50
7 32 88 43 80 59 36 72 28 69 26 39
7 33 73 67 26 16 35 28 66 91 53 71
7 34 76 87 67 51 63 54 79 16 16 86
7 35 96 67 72 56 23 38 93 63 34 55
7 36 22 5 24 23 27 13 25 61 78 51
7 37 10 31 48 80 47 5 9 33 51 19
7 38 70 57 37 54 28 84 93 56 25 31
7 39 99 54 38 86 20 39 84 84 55 55
7 40 93 97 82 69 81 25 98 68 85 80
7 41 40 29 77 73 54 27 20 57 85 74
7 42 58 78 86 29 29 39 26 74 59 44
7 43 56 88 52 67 51 33 88 37 49 87
7 44 15 48 70 5 55 78 71 60 14 51
8 9 97 81 88 83 26 61 90 25 71 66
8 10 55 37 68 56 18 14 83 74 79 18
8 11 78 37 79 74 36 52 42 16 73 20
8 12 30 16 11 37 76 66 16 44 85 44
8 13 43 16 32 28 84 32 38 27 53 20
8 14 58 26 35 33 89 23 16 84 16 16
8 15 26 78 19 7 22 54 71 82 64 36
8 16 91 32 67 62 94 98 67 33 39 91
8 17 63 89 29 16 65 20 64 45 40 51
8 18 34 86 62 39 41 77 35 81 72 44
8 19 16 25 32 42 70 37 16 15 49 35
8 20 18 10 3 43 54 31 76 12 55 11
8 21 74 59 90 80 23 74 16 22 34 18
8 22 37 25 25 76 53 12 17 44 85 36
8 23 54 52 27 72 14 37 68 35 54 83
8 24 44 15 84 64 39 81 13 26 46 30
8 25 45 70 36 61 51 31 15 77 39 27
8 26 21 80 42 64 72 37 43 72 82 48
8 27 64 73 75 34 31 76 16 14 46 34
8 28 76 56 80 31 20 94 47 75 65 85
8 29 52 68 69 59 64 42 44 84 62 77
8 30 63 43 83 41 81 58 50 89 54 37
8 31 50 80 68 34 11 59 37 15 18 58
8 32 5 11 59 71 2 12 28 45 73 57
8 33 10 46 66 55 56 11 35 30 32 47
8 34 63 14 36 25 40 32 76 19 49 42
8 35 55 35 45 47 88 28 12 52 50 11
8 36 53 69 37 71 90 67 57 25 43 28
8 37 62 87 43 20 46 74 66 28 31 15
8 38 67 74 89 49 59 23 89 77 57 88
8 39 33 75 75 49 27 8 36 10 67 27
8 40 5 10 58 14 11 60 36 54 72 38
8 41 9 15 31 15 52 70 32 21 76 14
8 42 90 76 78 40 80 67 71 47 43 55
8 43 52 41 59 22 31 85 69 25 38 62
8 44 15 21 28 63 32 10 26 21 63 57
9 10 23 7 18 8 55 26 30 40 22 33
9 11 17 49 65 54 52 39 41 23 33 40
9 12 54 62 80 42 67 84 13 17 26 59
9 13 71 53 46 71 63 30 45 31 34 36
9 14 34 38 33 56 43 69 69 34 61 79
9 15 5 60 75 24 80 67 51 15 66 14
9 16 78 76 61 76 36 23 93 86 46 54
9 17 67 15 17 27 28 66 56 86 40 16
9 18 78 23 29 94 69 93 90 42 43 21
9 19 84 62 75 71 32 63 76 43 65 55
9 20 64 62 85 13 39 79 47 39 63 79
9 21 54 65 23 61 13 55 46 58 35 77
9 22 51 88 83 90 66 22 18 32 29 81
9 23 52 60 58 43 52 78 53 78 56 40
9 24 31 66 57 12 80 48 11 11 26 18
9 25 90 68 58 95 34 38 41 43 97 47
9 26 72 29 48 51 55 65 35 15 31 56
9 27 29 39 15 65 45 13 54 82 65 43
9 28 54 76 57 66 60 69 61 33 57 72
9 29 28 44 56 27 54 69 65 82 37 17
9 30 35 74 69 55 86 7 20 69 37 38
9 31 43 42 36 45 87 59 73 34 43 75
9 32 10 39 8 44 61 49 12 7 61 75
9 33 71 58 47 32 62 86 22 91 91 91
9 34 32 36 80 75 76 37 83 17 81 28
9 35 39 42 26 59 79 43 25 86 51 16
9 36 79 95 68 26 88 75 56 39 82 76
9 37 12 12 8 23 28 72 28 47 73 46
9 38 80 26 52 73 94 88 66 64 25 93
9 39 57 31 51 83 59 57 66 49 49 56
9 40 54 41 60 39 90 12 25 34 84 81
9 41 95 72 89 62 75 34 86 27 35 45
9 42 3 56 47 8 1 74 64 36 37 9
9 43 88 94 88 91 83 90 76 43 47 46
9 44 85 20 61 57 65 56 18 21 57 69
10 11 54 21 55 68 23 16 73 85 38 61
10 12 52 63 28 82 79 13 36 81 57 43
10 13 65 17 78 24 25 18 30 64 92 88
10 14 42 20 62 32 17 54 57 15 67 30
10 15 96 39 95 48 65 28 86 29 76 41
10 16 57 50 30 29 12 27 12 88 69 47
10 17 65 38 60 32 56 23 31 75 86 85
10 18 18 76 52 56 18 38 61 46 62 28
10 19 42 35 18 68 53 44 69 78 43 22
10 20 28 62 81 73 75 42 21 64 47 56
10 21 35 22 32 61 65 19 78 26 17 82
10 22 71 51 65 58 71 56 75 66 89 40
10 23 1 74 0 62 73 3 40 71 26 3
10 24 8 44 63 15 18 53 19 72 33 73
10 25 71 50 91 82 90 47 48 18 77 16
10 26 42 28 49 11 61 56 81 39 33 41
10 27 9 32 44 53 68 23 30 38 64 5
10 28 37 48 24 46 60 42 67 18 30 45
10 29 40 12 62 31 55 71 63 52 72 87
10 30 42 32 80 11 21 73 18 72 78 46
10 31 18 45 41 75 27 38 9 11 35 30
10 32 73 81 57 24 52 72 27 61 72 44
10 33 60 24 68 58 14 15 48 90 38 60
10 34 3 68 17 4 7 54 2 71 10 74
10 35 95 51 81 53 88 95 37 84 97 95
10 36 69 43 15 38 17 56 57 16 17 58
10 37 42 72 83 76 42 69 62 61 34 79
10 38 9 4 33 61 81 56 8 70 34 76
10 39 68 74 56 78 63 91 51 91 78 82
10 40 77 50 52 73 51 79 42 36 82 49
10 41 6 46 16 24 57 63 9 31 17 57
10 42 37 46 57 71 82 50 60 53 59 17
10 43 89 26 93 18 36 71 96 19 94 79
10 44 64 21 45 36 35 25 76 91 39 51
11 12 47 74 10 68 27 40 50 14 72 55
11 13 90 24 32 57 77 63 91 65 64 53
11 14 9 22 58 14 32 30 48 32 56 10
11 15 94 53 87 48 83 32 79 67 73 37
11 16 65 84 65 79 80 61 14 77 56 64
11 17 95 30 23 82 56 27 83 73 57 66
11 18 59 60 32 59 59 26 43 59 79 36
11 19 78 42 52 68 74 86 94 90 65 17
11 20 33 55 75 77 56 60 36 85 83 40
11 21 38 27 50 85 57 86 68 31 83 36
11 22 81 86 28 95 91 80 43 77 54 72
11 23 98 83 42 65 85 33 25 86 42 59
11 24 9 5 65 69 69 48 71 69 8 75
11 25 68 88 68 56 83 23 77 80 90 92
11 26 6 69 68 66 46 48 47 74 41 18
11 27 5 43 42 35 3 64 35 16 74 2
11 28 19 61 39 44 39 63 47 74 11 45
11 29 52 54 39 39 73 88 62 50 40 22
11 30 18 14 26 25 15 68 75 77 53 36
11 31 14 31 51 34 32 75 68 69 4 73
11 32 16 41 5 73 13 77 36 51 15 62
11 33 90 20 18 68 93 52 74 29 69 95
11 34 7 78 31 24 27 51 40 71 30 40
11 35 92 68 94 75 25 51 26 30 87 53
11 36 18 54 5 71 45 41 79 31 35 27
11 37 83 52 78 36 81 55 39 56 61 34
11 38 84 78 73 65 72 84 67 20 58 88
11 39 26 46 52 63 57 65 28 61 34 23
11 40 0 0 40 47 60 11 59 52 27 30
11 41 51 17 12 15 27 56 44 46 65 49
11 42 28 36 51 51 65 54 84 67 36 11
11 43 55 11 69 48 12 16 21 59 85 86
11 44 31 32 39 13 57 25 22 51 33 61
12 13 86 90 50 39 45 45 32 37 93 18
12 14 62 51 62 52 15 77 45 47 91 67
12 15 35 74 51 62 28 63 10 65 17 44
12 16 11 57 53 63 22 44 7 64 36 78
12 17 74 62 25 28 61 65 33 29 33 23
12 18 92 69 80 59 32 20 22 88 98 87
12 19 19 49 55 15 79 39 50 82 57 36
12 20 44 61 35 74 60 87 15 54 60 88
12 21 19 53 58 47 66 25 78 45 21 7
12 22 66 31 30 27 79 33 57 17 75 73
12 23 90 95 35 34 55 22 24 77 57 54
12 24 70 54 47 69 75 40 88 92 25 21
12 25 33 86 15 73 35 41 31 62 79 8
12 26 85 93 61 43 57 23 41 89 75 45
12 27 74 93 66 33 19 46 63 85 39 25
12 28 46 16 34 9 15 81 40 52 49 23
12 29 68 93 47 46 77 73 53 60 69 41
12 30 56 20 37 47 47 17 82 22 63 17
12 31 24 28 78 75 74 60 73 11 7 38
12 32 36 57 22 33 76 37 11 86 23 31
12 33 59 73 44 29 38 19 16 21 38 35
12 34 66 55 49 27 77 35 20 74 83 38
12 35 75 19 78 66 22 59 67 67 83 88
12 36 78 52 21 23 83 49 67 17 22 62
12 37 14 10 11 6 30 56 26 52 39 25
12 38 45 9 12 15 42 72 81 56 85 9
12 39 97 83 89 80 33 54 62 61 94 38
12 40 73 46 19 37 51 68 66 27 82 48
12 41 68 22 38 22 32 85 38 43 46 58
12 42 22 26 61 24 59 12 79 31 24 63
12 43 94 63 28 57 51 70 41 28 61 39
12 44 18 70 25 46 53 80 64 76 58 54
13 14 37 28 79 35 11 50 25 49 64 23
13 15 18 51 66 15 5 71 25 15 43 60
13 16 56 83 16 76 86 30 61 23 14 48
13 17 29 52 22 38 75 10 15 8 56 43
13 18 17 38 15 41 72 12 33 82 71 25
13 19 99 85 41 49 92 31 87 99 35 43
13 20 97 44 23 23 94 41 83 97 51 89
13 21 61 62 53 61 39 37 19 57 37 70
13 22 24 42 8 62 39 36 55 50 28 11
13 23 41 21 41 58 45 47 83 72 27 48
13 24 37 21 37 85 68 66 16 45 49 80
13 25 33 65 41 8 10 86 81 68 21 62
13 26 2 10 55 56 44 0 71 25 10 36
13 27 46 25 69 16 13 70 68 51 11 34
13 28 37 15 71 9 76 74 40 63 16 65
13 29 83 21 59 20 69 27 65 76 56 34
13 30 97 69 33 22 61 23 38 74 88 27
13 31 84 83 86 18 76 43 19 45 25 36
13 32 83 64 66 71 81 70 94 53 62 75
13 33 38 65 28 82 9 27 27 74 27 23
13 34 12 14 25 8 48 60 57 39 26 3
13 35 17 17 8 81 28 6 20 71 29 7
13 36 83 92 51 65 71 82 25 56 93 72
13 37 46 15 28 36 66 27 69 57 56 9
13 38 36 23 55 45 80 33 65 45 31 53
13 39 59 84 60 44 55 15 22 79 13 19
13 40 15 11 47 27 46 66 57 40 70 14
13 41 11 45 19 72 20 56 76 47 28 11
13 42 49 71 21 27 66 55 64 41 57 55
13 43 48 83 13 46 46 65 86 65 72 72
13 44 32 13 13 50 22 45 77 70 65 74
14 15 51 45 60 80 52 12 76 31 31 41
14 16 50 29 51 45 85 88 45 22 75 18
14 17 28 50 61 10 9 25 11 70 78 24
14 18 44 44 62 17 58 18 20 42 84 81
14 19 74 61 93 53 37 74 43 57 78 36
14 20 62 87 76 16 31 24 74 32 72 86
14 21 7 13 5 9 13 30 40 39 24 29
14 22 16 39 25 59 60 24 81 82 56 31
14 23 29 17 78 30 40 27 84 25 43 55
14 24 0 44 73 4 63 70 59 63 31 57
14 25 7 31 75 35 38 61 33 25 5 19
14 26 69 23 91 89 66 21 60 53 58 88
14 27 48 52 72 47 87 68 23 60 67 10
14 28 94 55 81 59 97 27 33 23 84 86
14 29 63 78 28 28 68 37 13 33 23 22
14 30 29 82 23 39 52 69 63 65 33 40
14 31 16 36 66 14 7 10 13 20 40 81
14 32 51 80 55 18 79 67 61 49 42 70
14 33 26 6 73 69 25 29 53 53 78 49
14 34 45 58 9 68 37 55 11 79 86 73
14 35 20 56 61 55 76 41 22 37 37 7
14 36 15 19 12 64 63 83 16 60 27 64
14 37 3 15 12 30 16 60 17 43 49 24
14 38 76 89 45 26 24 29 49 18 50 35
14 39 96 22 66 96 74 25 22 33 50 43
14 40 91 78 68 97 22 68 60 46 54 39
14 41 35 71 9 54 38 15 60 52 8 81
14 42 13 4 44 54 64 47 12 67 33 36
14 43 83 78 96 42 87 20 75 33 32 52
14 44 95 79 65 44 50 20 42 95 71 43
15 16 42 77 55 84 48 63 67 23 76 84
15 17 49 69 67 81 11 44 28 46 16 79
15 18 60 41 35 31 63 14 80 79 33 90
15 19 81 58 94 80 73 43 58 39 55 33
15 20 5 9 65 40 14 77 53 14 58 75
15 21 45 60 15 34 64 66 66 19 30 31
15 22 77 18 77 62 74 37 53 79 94 48
15 23 24 22 32 66 62 56 76 76 14 19
15 24 96 68 28 81 55 72 27 25 98 99
15 25 2 40 45 19 30 3 50 45 33 50
15 26 56 82 82 28 50 33 28 52 17 68
15 27 77 84 16 50 28 75 20 27 85 41
15 28 35 83 60 26 31 39 53 68 56 7
15 29 33 58 42 79 83 49 10 52 74 36
15 30 5 66 7 61 67 5 37 78 33 70
15 31 99 48 49 76 96 58 66 27 94 95
15 32 24 70 81 35 19 7 28 71 51 9
15 33 57 51 13 78 74 36 83 56 74 45
15 34 43 72 14 36 29 33 50 63 44 61
15 35 88 23 79 94 34 37 20 44 23 81
15 36 37 44 54 83 16 50 12 85 76 50
15 37 38 24 84 83 15 24 52 67 25 17
15 38 9 72 22 28 10 43 59 59 48 51
15 39 40 48 55 62 8 37 47 68 43 26
15 40 56 75 20 85 66 57 67 76 54 20
15 41 73 26 34 80 91 60 67 56 20 22
15 42 5 73 37 45 65 21 5 44 11 62
15 43 74 42 48 93 78 43 19 47 89 47
15 44 58 65 35 39 46 41 20 90 46 77
16 17 33 64 23 61 30 53 79 9 69 54
16 18 4 30 1 29 12 17 10 73 54 71
16 19 10 82 46 24 13 50 39 34 21 68
16 20 47 46 38 82 57 41 60 88 15 10
16 21 90 58 75 83 75 91 33 50 56 78
16 22 10 69 49 40 62 4 9 62 78 64
16 23 52 78 46 45 90 62 60 43 79 74
16 24 87 36 64 68 46 67 29 36 43 50
16 25 64 40 38 33 58 80 56 63 31 45
16 26 20 58 16 16 48 40 15 20 55 50
16 27 82 70 57 91 42 92 80 21 38 85
16 28 69 22 66 24 59 56 88 80 69 44
16 29 68 78 14 39 43 85 74 22 59 54
16 30 5 43 69 60 30 22 63 46 4 21
16 31 78 43 78 38 60 31 81 48 85 45
16 32 10 46 76 62 9 55 50 67 22 33
16 33 83 24 28 75 47 17 69 80 47 40
16 34 20 10 61 62 9 64 74 8 12 17
16 35 68 88 55 52 56 17 35 67 36 71
16 36 48 34 35 53 63 73 72 13 40 38
16 37 86 36 31 88 95 73 29 27 57 26
16 38 26 71 34 43 63 55 39 55 48 73
16 39 6 5 64 36 52 32 25 69 11 54
16 40 90 33 53 35 85 82 29 69 43 70
16 41 67 35 45 68 48 20 53 51 39 82
16 42 73 39 89 49 44 53 48 55 70 71
16 43 29 24 27 60 17 32 63 13 74 9
16 44 86 42 29 54 33 81 87 78 59 47
17 18 57 13 43 22 44 16 63 33 22 39
17 19 45 79 72 75 65 56 37 73 43 12
17 20 14 57 33 44 77 15 51 79 9 80
17 21 95 32 79 63 65 63 75 41 80 40
17 22 21 35 49 50 15 63 6 57 12 36
17 23 91 76 37 46 69 56 56 97 53 54
17 24 14 39 76 5 37 61 17 74 58 4
17 25 32 15 72 60 16 44 21 9 48 52
17 26 21 79 61 22 36 77 33 7 28 83
17 27 0 22 52 29 28 32 18 26 68 9
17 28 91 30 67 78 34 93 93 59 85 49
17 29 90 36 92 74 70 61 59 28 74 69
17 30 55 57 86 19 91 90 66 20 60 86
17 31 43 48 57 20 81 76 22 58 83 85
17 32 77 70 34 49 45 62 87 61 78 53
17 33 54 45 54 41 88 76 86 59 33 82
17 34 74 61 39 44 42 27 39 34 86 20
17 35 11 80 45 69 23 53 7 58 6 44
17 36 40 12 49 80 12 13 20 19 55 43
17 37 48 59 37 38 86 52 72 15 17 30
17 38 35 49 15 59 54 50 7 24 63 46
17 39 11 34 18 80 60 65 47 81 25 16
17 40 93 52 68 63 93 38 84 62 30 90
17 41 14 66 52 28 41 80 70 8 47 76
17 42 91 73 88 37 92 30 43 48 67 40
17 43 45 40 21 59 23 70 60 15 55 57
17 44 0 57 24 68 3 63 56 16 51 37
18 19 84 39 32 87 72 70 94 59 74 71
18 20 8 54 48 52 63 30 58 42 44 64
18 21 52 70 20 87 46 78 32 81 23 67
18 22 44 8 74 42 40 33 78 36 37 27
18 23 8 5 54 30 21 17 57 4 53 53
18 24 96 79 73 23 24 42 69 46 35 71
18 25 69 43 57 15 22 39 63 30 65 34
18 26 94 85 64 33 21 63 96 39 74 67
18 27 39 67 87 75 34 31 84 66 58 84
18 28 69 47 75 50 67 46 19 52 57 66
18 29 65 63 16 60 35 22 58 32 76 51
18 30 62 31 72 16 51 40 26 75 63 16
18 31 66 39 75 72 71 26 81 53 49 37
18 32 63 36 23 40 23 56 42 91 85 59
18 33 88 48 41 51 40 90 21 67 96 51
18 34 31 75 72 19 18 42 61 49 62 42
18 35 82 70 68 21 52 88 49 96 75 66
18 36 9 12 63 34 42 67 58 60 56 3
18 37 90 90 54 37 81 54 55 35 70 39
18 38 92 56 90 32 37 18 95 45 95 52
18 39 99 55 88 26 41 22 62 98 43 71
18 40 68 40 71 33 88 50 36 48 81 67
18 41 97 79 31 38 51 56 84 92 40 26
18 42 25 55 83 32 37 27 84 42 8 62
18 43 55 35 38 24 37 59 66 67 47 49
18 44 19 41 9 10 81 65 31 13 71 20
19 20 81 85 67 50 90 23 74 18 16 93
19 21 89 31 70 89 94 23 69 67 47 75
19 22 97 32 55 22 50 60 91 91 70 58
19 23 34 27 38 54 45 78 29 53 51 52
19 24 15 41 69 49 45 53 12 65 36 36
19 25 59 26 18 36 39 39 78 31 32 51
19 26 95 76 39 52 66 74 21 19 35 30
19 27 57 60 84 80 21 78 45 59 74 30
19 28 62 18 89 82 57 91 88 50 46 72
19 29 46 77 31 41 41 49 33 26 69 55
19 30 41 29 36 76 41 60 35 62 65 22
19 31 4 57 45 66 49 43 64 74 6 67
19 32 20 22 41 24 55 68 6 29 39 70
19 33 82 23 26 39 42 23 75 78 45 37
19 34 69 39 28 40 66 47 65 23 41 30
19 35 92 92 80 97 69 38 20 53 92 34
19 36 86 59 29 33 76 32 90 93 83 79
19 37 76 22 44 35 53 87 46 83 63 88
19 38 66 23 29 69 47 23 86 74 32 29
19 39 88 95 95 49 41 84 54 18 25 27
19 40 30 13 29 34 75 54 72 57 26 24
19 41 14 81 38 42 27 68 38 80 73 60
19 42 69 45 79 35 44 38 57 83 68 16
19 43 46 79 37 30 50 17 11 22 79 61
19 44 67 64 30 40 64 48 46 92 77 23
20 21 82 96 43 84 88 34 51 41 93 34
20 22 26 55 53 72 73 44 49 26 52 28
20 23 17 8 31 40 35 27 54 3 67 29
20 24 77 80 79 81 72 36 54 83 16 22
20 25 65 19 79 70 83 55 20 82 21 42
20 26 85 61 85 57 22 62 30 77 84 51
20 27 34 40 67 70 23 74 37 9 57 70
20 28 67 77 29 20 91 24 88 64 78 18
20 29 86 67 30 61 54 29 55 67 66 85
20 30 36 56 69 38 63 50 18 69 70 31
20 31 21 13 12 65 71 67 50 68 68 63
20 32 44 36 64 66 36 48 58 67 85 76
20 33 97 40 46 35 93 34 33 33 64 35
20 34 7 17 69 49 1 22 37 35 10 50
20 35 69 70 91 56 63 42 64 71 14 32
20 36 17 16 4 47 59 79 21 45 62 81
20 37 7 36 47 66 70 76 73 79 36 62
20 38 25 60 15 17 78 9 35 8 60 35
20 39 99 25 46 59 63 59 75 60 24 69
20 40 65 36 77 84 63 86 59 66 62 55
20 41 51 42 78 23 56 78 42 82 44 29
20 42 65 25 62 68 16 30 48 59 38 65
20 43 9 75 30 28 72 64 36 81 21 41
20 44 7 66 70 52 57 16 70 63 74 6
21 22 91 44 83 88 62 76 72 87 95 68
21 23 80 92 32 17 63 84 27 39 83 18
21 24 28 37 40 7 67 32 73 17 77 41
21 25 92 22 81 85 89 23 84 20 98 72
21 26 85 47 21 40 54 95 52 59 55 74
21 27 3 8 34 72 74 16 66 59 18 30
21 28 15 60 68 19 31 56 70 64 5 28
21 29 2 46 38 53 65 4 39 28 0 11
21 30 68 68 89 21 78 70 23 47 41 25
21 31 81 79 38 52 86 81 25 22 28 32
21 32 13 30 21 10 24 17 79 12 69 72
21 33 43 14 73 13 31 63 20 61 31 50
21 34 10 35 81 79 11 46 40 56 76 3
21 35 32 68 62 70 66 42 52 17 9 78
21 36 66 69 48 52 31 72 46 55 41 34
21 37 3 61 25 37 61 78 67 70 13 58
21 38 16 30 34 21 28 66 78 28 13 46
21 39 86 53 22 71 65 88 65 96 86 73
21 40 99 50 30 21 55 55 36 71 81 90
21 41 15 10 6 25 78 57 49 63 81 15
21 42 4 57 78 73 25 50 20 78 25 4
21 43 27 42 41 80 7 55 79 43 9 79
21 44 12 34 19 8 49 23 21 37 26 43
22 23 1 74 1 49 11 37 29 71 43 60
22 24 57 81 22 38 34 43 81 38 71 61
22 25 52 34 63 46 38 74 80 28 12 45
22 26 80 90 84 34 31 54 78 45 61 46
22 27 24 28 5 41 7 58 10 81 57 29
22 28 33 29 45 39 41 39 23 77 31 26
22 29 91 36 95 24 47 72 38 55 37 55
22 30 80 40 77 71 71 46 83 38 56 88
22 31 84 18 88 28 43 93 54 88 32 74
22 32 91 66 59 48 92 71 61 33 68 58
22 33 11 52 10 38 28 29 67 42 62 42
22 34 98 49 41 91 85 54 66 24 72 71
22 35 89 57 70 84 74 67 64 31 38 46
22 36 53 37 39 42 23 36 33 51 59 63
22 37 55 70 31 84 56 57 85 21 47 21
22 38 25 33 9 25 30 22 33 37 49 8
22 39 25 54 29 36 69 58 67 18 39 71
22 40 4 25 59 49 10 60 17 4 7 50
22 41 95 80 98 37 48 60 30 46 69 80
22 42 90 93 41 92 77 70 84 67 94 38
22 43 54 43 72 36 42 84 72 75 11 82
22 44 29 25 35 25 40 12 7 13 6 9
23 24 83 77 82 66 17 69 35 45 51 82
23 25 62 50 61 16 30 24 23 13 43 26
23 26 48 85 17 22 70 71 32 40 63 82
23 27 36 19 37 20 14 57 63 33 44 83
23 28 15 71 61 76 45 81 64 65 43 54
23 29 23 36 33 14 76 29 5 28 50 65
23 30 83 29 76 35 90 57 87 43 52 55
23 31 73 89 71 86 76 71 85 24 75 51
23 32 58 76 14 33 24 44 63 27 64 60
23 33 16 50 39 67 63 11 72 52 21 12
23 34 78 69 57 90 57 60 70 38 46 77
23 35 6 68 60 22 70 27 73 75 11 16
23 36 39 15 16 21 43 22 86 61 7 35
23 37 71 41 54 24 88 40 89 66 27 57
23 38 89 96 48 59 88 44 28 73 24 35
23 39 69 55 20 17 67 28 72 39 72 53
23 40 5 39 46 31 17 1 10 32 48 13
23 41 34 36 81 54 74 68 18 17 75 60
23 42 23 28 56 21 83 69 39 8 82 56
23 43 17 81 43 31 75 32 33 65 16 40
23 44 16 9 57 78 46 8 3 56 51 83
24 25 95 59 96 33 90 67 78 87 49 53
24 26 49 88 55 26 75 30 79 23 41 73
24 27 70 90 31 21 80 91 75 23 20 74
24 28 29 34 45 47 6 21 7 65 81 18
24 29 15 72 56 75 51 10 80 3 36 12
24 30 83 55 34 26 91 93 24 69 24 85
24 31 89 43 37 22 57 78 21 89 56 53
24 32 9 72 33 23 61 37 48 64 59 11
24 33 93 25 82 21 62 52 61 20 18 36
24 34 51 17 41 72 84 25 86 32 47 61
24 35 45 59 68 33 65 9 85 17 40 52
24 36 99 62 68 56 73 94 35 24 85 35
24 37 7 1 17 38 24 35 53 19 2 41
24 38 64 46 71 26 92 30 66 77 84 33
24 39 18 75 60 40 43 63 16 36 76 10
24 40 18 39 65 82 78 70 5 38 43 30
24 41 98 75 69 25 69 45 94 67 24 36
24 42 3 26 5 29 62 50 51 29 11 16
24 43 13 31 70 10 73 64 14 70 80 70
24 44 96 98 41 87 59 62 81 95 44 94
25 26 26 23 52 9 18 79 77 31 11 73
25 27 56 46 43 39 21 56 14 57 45 76
25 28 1 22 58 29 51 54 13 35 34 16
25 29 23 55 39 31 82 72 25 45 54 70
25 30 4 11 62 55 11 23 11 16 37 58
25 31 37 84 60 82 78 71 54 53 74 85
25 32 31 28 20 75 34 44 38 19 51 51
25 33 45 38 60 57 49 50 41 65 88 76
25 34 21 64 19 41 5 58 70 58 65 6
25 35 96 92 89 72 19 29 79 51 67 25
25 36 49 47 87 46 67 47 72 57 25 85
25 37 77 63 20 60 75 93 88 71 85 86
25 38 3 25 77 1 19 53 55 15 57 0
25 39 49 63 56 59 15 22 48 49 56 53
25 40 28 18 7 39 8 9 42 55 81 14
25 41 47 18 85 66 86 85 84 77 35 75
25 42 92 49 35 36 25 68 21 43 74 38
25 43 30 42 50 70 28 24 81 58 15 56
25 44 60 23 49 66 80 27 54 40 84 86
26 27 59 85 19 65 34 22 23 35 61 88
26 28 67 27 15 14 14 33 68 80 54 87
26 29 14 4 20 40 34 82 3 74 69 52
26 30 91 58 70 84 22 73 26 31 89 28
26 31 75 52 82 74 42 94 52 32 25 49
26 32 71 22 76 67 42 31 89 58 21 50
26 33 30 35 46 17 13 25 39 15 10 21
26 34 13 13 71 77 51 3 2 19 23 3
26 35 5 59 69 5 77 74 78 50 50 20
26 36 6 49 56 62 60 77 39 4 27 61
26 37 83 68 18 64 20 16 76 31 73 52
26 38 40 44 78 85 78 38 43 24 22 47
26 39 80 38 61 90 76 79 28 27 30 19
26 40 33 38 82 37 52 33 19 23 38 59
26 41 96 35 33 41 49 51 76 74 30 50
26 42 22 48 84 20 35 48 75 38 13 14
26 43 13 75 76 49 51 79 38 64 73 32
26 44 34 44 42 70 52 19 67 75 55 86
27 28 43 84 75 42 75 69 59 9 55 60
27 29 43 75 15 68 48 27 43 12 64 23
27 30 59 73 71 60 31 63 85 71 48 34
27 31 65 58 25 89 83 33 88 90 74 43
27 32 0 15 42 61 56 47 28 80 18 54
27 33 13 16 26 69 64 45 34 58 28 44
27 34 89 85 53 95 75 42 83 39 25 21
27 35 15 47 30 22 10 65 12 20 5 11
27 36 6 53 10 75 48 33 74 49 39 63
27 37 77 72 46 48 53 67 48 49 56 74
27 38 25 51 31 36 44 41 46 44 18 66
27 39 43 22 52 48 67 36 36 53 12 87
27 40 47 58 20 49 75 87 45 16 61 83
27 41 52 15 53 34 88 61 81 57 55 36
27 42 85 56 47 17 95 85 24 84 92 58
27 43 7 55 10 11 60 26 70 76 13 62
27 44 77 87 25 68 65 67 43 81 92 71
28 29 85 45 52 29 34 96 50 91 29 95
28 30 12 34 44 66 36 62 56 76 78 52
28 31 88 83 77 90 40 23 31 81 83 30
28 32 34 54 15 70 51 66 31 7 61 43
28 33 73 79 79 47 68 42 61 46 67 30
28 34 93 62 66 70 29 97 75 41 27 65
28 35 0 0 36 73 46 41 36 74 37 7
28 36 26 25 8 62 81 43 53 48 52 59
28 37 47 28 57 34 44 33 20 33 33 64
28 38 76 31 43 91 42 79 32 63 47 36
28 39 25 82 11 38 20 68 58 68 48 47
28 40 44 42 33 51 81 32 28 41 41 34
28 41 44 86 66 81 65 65 62 73 70 66
28 42 12 70 25 8 58 24 61 15 28 55
28 43 38 55 14 85 84 15 71 49 32 86
28 44 98 59 44 73 60 59 62 81 51 92
29 30 67 42 67 35 92 28 85 92 79 77
29 31 71 65 86 58 63 71 14 67 84 17
29 32 13 13 36 41 74 18 27 15 7 51
29 33 23 23 32 41 45 78 5 71 51 14
29 34 28 28 30 7 8 42 49 73 71 12
29 35 28 19 39 50 60 46 22 23 61 28
29 36 46 60 68 13 44 34 16 25 18 46
29 37 57 66 81 75 34 78 70 46 70 14
29 38 62 71 30 27 62 68 14 24 22 46
29 39 4 47 78 70 68 62 7 44 68 22
29 40 83 22 95 65 70 43 55 29 43 37
29 41 38 20 73 51 62 42 23 21 16 49
29 42 44 47 36 42 16 36 84 87 10 85
29 43 69 80 27 79 49 85 88 46 17 85
29 44 89 46 45 36 57 87 65 34 47 31
30 31 58 54 56 12 73 72 20 76 17 31
30 32 13 81 13 23 35 49 29 79 53 16
30 33 57 30 80 25 40 44 25 80 23 50
30 34 2 10 3 27 70 13 33 77 9 77
30 35 12 24 52 53 67 6 82 58 77 63
30 36 69 49 28 37 31 86 42 16 31 87
30 37 56 83 64 67 11 59 11 25 49 81
30 38 61 89 13 23 20 13 85 33 91 80
30 39 70 14 85 66 67 40 15 53 22 58
30 40 71 69 27 66 33 38 93 44 36 62
30 41 86 34 31 55 20 92 35 41 34 36
30 42 70 21 38 23 27 87 56 71 55 41
30 43 67 58 16 35 17 14 23 62 33 77
30 44 12 73 65 56 37 81 40 64 10 40
31 32 14 39 20 33 16 10 76 44 46 36
31 33 9 20 24 3 48 32 78 54 78 31
31 34 70 93 57 55 28 55 61 67 34 44
31 35 47 50 38 46 88 79 78 57 75 39
31 36 77 69 74 21 22 83 23 59 56 31
31 37 63 76 43 90 31 34 67 46 28 53
31 38 41 61 71 13 73 20 69 15 11 83
31 39 35 65 65 8 46 58 86 60 31 85
31 40 6 76 28 22 54 30 71 68 56 62
31 41 98 56 37 56 66 45 38 59 90 28
31 42 89 51 96 61 77 63 39 53 66 89
31 43 10 31 22 77 45 5 20 43 16 73
31 44 26 35 64 48 28 75 29 26 69 15
32 33 8 58 33 14 15 33 18 69 36 38
32 34 70 38 55 76 28 23 64 85 68 91
32 35 59 41 17 33 18 13 63 40 20 64
32 36 29 27 42 54 84 71 39 52 82 62
32 37 46 88 78 56 89 52 38 18 84 27
32 38 77 59 70 74 47 35 21 79 54 73
32 39 4 23 46 77 43 25 18 69 33 22
32 40 71 88 22 32 93 44 79 89 63 80
32 41 13 24 53 28 42 81 52 29 3 43
32 42 38 23 29 76 9 84 50 45 81 10
32 43 84 38 78 56 63 92 71 25 41 28
32 44 70 80 76 62 66 81 18 81 42 25
33 34 16 14 73 3 46 21 46 60 41 79
33 35 67 91 25 58 30 84 30 54 58 28
33 36 65 13 91 80 22 74 69 78 80 17
33 37 7 29 26 50 20 21 1 47 16 76
33 38 99 35 32 80 90 92 48 21 49 74
33 39 64 24 31 85 88 15 69 66 77 71
33 40 92 31 90 34 54 34 79 65 79 77
33 41 21 79 64 47 53 35 19 58 38 5
33 42 90 24 95 38 97 18 66 71 47 41
33 43 12 38 64 70 39 52 72 77 17 72
33 44 73 25 81 73 43 79 89 86 56 91
34 35 98 90 84 97 28 87 47 69 81 79
34 36 54 40 44 24 37 69 79 51 23 87
34 37 15 23 9 14 76 53 10 19 77 68
34 38 82 41 67 42 57 90 62 73 56 27
34 39 10 3 27 38 71 15 10 11 3 25
34 40 26 61 13 57 67 28 61 35 78 10
34 41 78 22 62 60 83 25 41 35 40 25
34 42 59 54 88 70 41 59 48 13 45 26
34 43 6 12 27 57 20 4 25 55 21 76
34 44 65 59 61 19 22 81 50 48 40 41
35 36 15 46 3 69 7 50 75 80 24 23
35 37 63 33 39 39 36 77 20 83 65 31
35 38 66 26 17 58 48 14 62 49 63 89
35 39 70 75 83 79 46 84 79 38 84 78
35 40 58 60 74 32 52 39 69 33 48 67
35 41 58 37 79 61 32 88 75 39 68 77
35 42 7 56 69 70 63 78 26 54 18 2
35 43 66 14 17 70 81 16 90 24 38 54
35 44 51 83 48 63 13 77 26 85 35 74
36 37 53 32 31 56 23 22 49 71 83 82
36 38 18 72 21 29 62 77 34 23 23 10
36 39 69 40 64 61 85 32 61 40 24 38
36 40 17 47 36 42 42 65 52 49 27 11
36 41 19 76 80 7 41 78 77 22 38 8
36 42 80 73 84 75 45 40 53 20 79 27
36 43 83 41 40 29 54 24 80 41 72 39
36 44 28 58 60 31 38 39 14 35 65 51
37 38 41 10 28 12 68 12 72 38 25 23
37 39 82 80 27 53 91 37 17 95 76 53
37 40 37 63 87 66 57 11 82 28 65 83
37 41 45 31 79 12 72 60 17 46 62 71
37 42 57 27 44 59 39 30 55 78 50 13
37 43 77 69 41 39 47 37 43 69 93 17
37 44 60 76 66 36 80 48 59 51 47 78
38 39 52 35 55 80 32 38 62 50 18 18
38 40 80 65 52 83 29 66 43 84 26 58
38 41 20 73 34 6 26 82 66 63 62 49
38 42 56 14 15 34 73 50 65 65 47 18
38 43 36 24 51 18 69 66 76 72 8 8
38 44 58 46 49 33 36 19 88 82 21 13
39 40 34 41 52 83 30 73 65 67 40 25
39 41 58 55 75 50 41 41 45 38 17 87
39 42 62 21 12 36 39 31 47 90 73 74
39 43 89 72 75 24 38 96 45 64 80 18
39 44 6 20 16 61 33 19 4 45 32 77
40 41 0 64 21 62 60 42 32 38 56 28
40 42 97 72 85 47 47 74 38 92 97 62
40 43 58 59 21 34 59 70 84 83 51 77
40 44 76 62 33 79 47 59 60 36 50 47
41 42 90 60 79 28 48 72 79 56 48 47
41 43 59 19 60 48 80 74 55 90 58 43
41 44 49 89 11 71 43 20 64 39 86 55
42 43 60 65 85 84 15 26 33 47 79 17
42 44 67 78 62 57 52 25 78 73 34 28
43 44 28 69 5 19 61 74 46 80 15 23
