48 10
0.7 0 0 0 0 0 0 0 0 0.3
0 1 47 36 29 29 50 47 69 29 28 37
0 2 64 53 38 78 39 42 44 63 36 49
0 3 3 41 30 24 30 13 13 45 21 26
0 4 1 23 29 8 21 14 39 27 43 8
0 5 68 73 64 76 64 75 36 67 64 53
0 6 57 35 67 68 76 51 29 50 30 75
0 7 87 88 50 83 62 92 59 73 53 92
0 8 23 30 12 38 47 27 57 39 23 60
0 9 57 72 40 68 41 48 64 71 39 32
0 10 69 39 77 37 60 75 34 40 65 56
0 11 97 64 94 54 87 60 73 68 88 49
0 12 43 37 24 26 24 59 47 37 65 70
0 13 30 33 43 22 48 35 59 24 15 56
0 14 64 75 80 55 33 68 54 53 64 73
0 15 61 80 54 33 70 72 41 79 67 75
0 16 75 78 49 72 80 59 69 71 38 87
0 17 64 80 35 79 52 71 54 41 38 40
0 18 48 40 38 63 66 69 53 64 57 58
0 19 19 53 41 10 29 41 29 29 54 24
0 20 50 73 55 69 35 72 42 68 39 49
0 21 33 21 23 17 63 61 47 48 28 49
0 22 36 33 67 32 24 34 47 57 65 24
0 23 84 79 87 43 73 55 88 90 77 53
0 24 13 41 37 48 41 21 41 16 13 56
0 25 80 53 62 47 76 47 58 56 74 75
0 26 15 56 43 44 41 24 32 13 33 8
0 27 11 33 45 55 27 8 18 42 15 17
0 28 64 38 45 34 58 47 58 52 44 34
0 29 45 53 53 34 68 60 67 50 50 31
0 30 36 58 18 60 27 60 59 24 58 56
0 31 32 24 24 53 36 57 65 53 54 31
0 32 66 73 50 76 65 72 41 70 71 83
0 33 26 53 13 26 31 22 21 46 19 19
0 34 79 62 82 69 71 61 88 86 70 73
0 35 72 70 72 82 59 70 52 38 36 39
0 36 21 50 29 20 24 49 20 39 54 15
0 37 51 60 48 54 61 32 41 73 73 58
0 38 3 22 44 3 7 26 31 2 35 31
0 39 36 51 31 24 53 20 60 20 30 37
0 40 35 20 44 26 38 60 52 25 50 47
0 41 69 81 73 69 82 63 53 58 42 67
0 42 68 51 76 53 61 79 64 63 54 54
0 43 62 58 35 66 80 58 37 70 59 47
0 44 52 29 35 76 72 65 71 53 54 76
0 45 3 24 10 39 51 15 22 21 36 13
0 46 19 17 39 33 32 52 30 38 53 55
0 47 95 61 65 68 68 52 91 63 76 58
1 2 41 64 46 51 51 42 22 32 56 33
1 3 95 71 71 90 64 64 65 88 80 57
1 4 46 62 69 30 28 34 51 40 72 63
1 5 41 33 36 70 41 59 26 37 41 48
1 6 56 46 31 51 59 61 41 61 57 57
1 7 19 46 34 32 50 38 13 59 19 33
1 8 83 64 54 91 49 89 76 75 62 72
1 9 50 37 72 40 58 56 28 61 59 49
1 10 20 40 22 42 17 46 58 24 21 10
1 11 43 46 58 31 68 68 42 49 45 32
1 12 91 95 63 46 84 83 47 58 73 76
1 13 2 31 30 15 10 49 36 21 10 7
1 14 33 35 45 30 63 41 56 34 53 65
1 15 72 71 73 36 76 81 37 45 77 67
1 16 30 60 59 24 16 22 20 32 28 51
1 17 16 31 29 44 13 18 23 11 34 41
1 18 13 41 29 52 16 17 19 34 44 54
1 19 23 36 14 34 40 37 28 58 46 37
1 20 81 57 84 46 72 41 53 60 83 54
1 21 46 32 52 28 45 49 23 36 36 51
1 22 31 50 59 38 36 53 33 46 30 26
1 23 42 64 57 41 44 51 21 31 58 55
1 24 42 41 53 50 53 28 46 31 58 29
1 25 41 36 30 55 31 27 37 49 29 57
1 26 20 35 16 11 48 18 13 20 18 12
1 27 89 49 80 94 79 74 91 48 91 88
1 28 20 30 50 57 48 37 24 29 36 33
1 29 65 75 43 82 48 49 58 49 47 77
1 30 59 46 63 62 34 78 53 69 61 32
1 31 70 78 77 40 76 50 40 79 77 39
1 32 27 33 44 16 34 63 60 58 33 20
1 33 25 61 53 62 44 15 14 29 26 36
1 34 26 43 59 18 38 34 31 55 62 61
1 35 35 28 64 29 25 22 36 66 52 50
1 36 0 33 4 37 38 0 44 26 38 39
1 37 74 47 62 65 53 63 75 38 39 65
1 38 42 60 61 48 35 41 36 62 34 48
1 39 47 33 61 33 29 46 24 36 68 60
1 40 42 43 36 48 57 34 47 43 66 51
1 41 30 22 63 26 42 47 60 56 64 53
1 42 97 76 77 93 92 61 96 57 84 52
1 43 82 60 42 48 55 84 49 67 53 43
1 44 77 50 41 83 44 86 63 42 71 42
1 45 88 55 75 93 60 57 75 89 76 76
1 46 83 54 82 68 82 76 60 66 43 45
1 47 18 25 13 37 31 11 40 10 20 35
2 3 8 18 15 32 14 48 23 9 33 28
2 4 82 76 41 82 50 57 73 68 66 43
2 5 56 76 72 35 55 76 70 40 64 55
2 6 35 35 52 47 52 36 61 48 34 62
2 7 90 86 83 77 89 65 66 65 77 70
2 8 77 68 52 78 64 61 42 52 61 64
2 9 12 50 18 35 49 43 37 6 34 9
2 10 82 86 84 77 57 66 82 70 69 69
2 11 82 51 80 91 69 55 90 45 64 58
2 12 26 59 32 60 27 28 16 34 57 33
2 13 30 47 36 37 35 51 51 31 52 55
2 14 85 51 47 56 50 91 54 71 62 58
2 15 16 47 35 55 51 27 39 8 40 9
2 16 22 31 36 43 12 20 20 58 45 32
2 17 76 77 40 75 70 73 38 52 77 52
2 18 74 85 50 77 82 67 80 75 43 56
2 19 65 57 79 72 62 69 80 43 58 34
2 20 39 66 20 55 35 24 24 28 51 56
2 21 60 70 43 38 34 59 52 40 51 59
2 22 63 65 62 78 55 69 75 59 76 68
2 23 85 72 62 72 66 67 92 80 46 74
2 24 69 70 65 46 84 59 64 76 77 48
2 25 49 30 44 53 44 61 32 26 60 39
2 26 79 82 50 72 60 59 78 55 53 59
2 27 18 39 56 54 53 56 35 12 48 39
2 28 77 57 76 68 42 65 43 57 71 70
2 29 11 44 31 30 41 48 22 52 35 43
2 30 9 33 15 14 18 6 30 23 49 28
2 31 67 43 36 57 64 48 66 36 71 60
2 32 30 39 15 15 43 38 50 60 34 61
2 33 96 74 91 65 51 84 75 97 55 65
2 34 95 74 81 63 80 50 86 66 58 67
2 35 18 35 23 26 45 23 9 13 57 24
2 36 8 5 50 7 39 46 13 12 14 14
2 37 96 89 71 97 56 67 97 98 91 52
2 38 78 72 51 48 70 63 68 52 73 77
2 39 25 47 17 27 29 44 60 25 55 37
2 40 91 76 83 64 46 73 49 92 55 89
2 41 43 67 64 24 49 31 59 37 66 28
2 42 77 71 59 46 76 57 44 61 76 73
2 43 67 34 60 44 34 54 62 83 60 41
2 44 10 31 8 34 38 50 39 47 9 35
2 45 25 23 59 45 20 38 50 26 51 36
2 46 53 69 45 54 34 55 56 63 47 75
2 47 2 34 32 8 9 2 6 15 6 32
3 4 76 67 59 68 38 82 74 57 41 67
3 5 56 64 40 51 43 41 37 73 73 72
3 6 41 50 44 25 43 36 39 28 30 66
3 7 55 70 76 70 31 29 76 73 55 76
3 8 41 30 64 23 30 35 43 42 28 25
3 9 44 54 22 57 38 40 23 69 33 62
3 10 1 29 6 21 33 16 18 15 42 24
3 11 50 65 42 37 56 73 52 51 49 34
3 12 94 60 55 71 63 53 77 72 70 85
3 13 23 22 19 26 33 12 27 42 42 55
3 14 32 29 22 61 24 48 44 60 20 58
3 15 57 50 62 57 48 67 36 64 69 39
3 16 37 55 67 23 65 46 38 61 43 66
3 17 57 61 63 78 72 31 29 74 38 42
3 18 32 38 62 38 37 60 24 32 26 21
3 19 41 55 35 70 46 61 22 61 65 57
3 20 33 56 36 49 39 64 33 34 52 58
3 21 63 49 62 51 71 77 48 39 60 38
3 22 70 43 36 75 75 38 76 74 79 57
3 23 62 58 67 46 76 53 62 61 54 45
3 24 29 51 37 57 38 50 43 45 46 64
3 25 41 32 46 62 60 35 46 58 37 68
3 26 97 84 93 68 69 56 96 90 68 75
3 27 42 25 44 45 44 51 37 35 62 70
3 28 68 70 49 72 39 46 63 41 43 60
3 29 22 46 51 43 24 34 51 58 52 49
3 30 72 67 84 41 51 56 44 81 50 69
3 31 46 55 59 28 26 33 43 64 61 53
3 32 16 17 10 28 24 26 31 57 14 22
3 33 8 6 25 22 16 51 54 20 22 42
3 34 98 70 90 59 94 61 63 70 84 64
3 35 23 31 48 48 50 47 54 42 35 50
3 36 67 80 46 47 67 36 55 81 61 41
3 37 91 60 51 52 72 59 59 82 65 72
3 38 82 42 46 74 74 45 57 55 72 76
3 39 24 41 30 28 43 49 46 45 27 26
3 40 8 8 11 39 51 11 52 17 13 5
3 41 35 55 25 32 18 52 64 36 21 47
3 42 2 5 40 23 18 29 28 45 30 18
3 43 18 36 35 52 52 51 49 15 48 46
3 44 58 59 51 49 59 68 40 38 59 76
3 45 47 60 42 51 37 35 42 51 61 52
3 46 39 31 41 41 38 53 65 60 21 42
3 47 93 90 70 50 95 87 90 88 81 50
4 5 16 28 29 37 33 44 34 11 16 42
4 6 84 49 44 49 62 75 74 73 78 91
4 7 18 32 43 29 18 32 52 52 54 56
4 8 40 70 55 46 46 22 62 47 58 32
4 9 73 70 82 44 55 80 38 58 48 44
4 10 16 37 22 27 29 50 20 33 41 8
4 11 86 55 56 50 66 92 78 92 47 50
4 12 32 30 56 54 47 24 59 59 53 42
4 13 8 21 29 40 24 9 44 36 20 33
4 14 95 72 55 55 73 85 66 63 91 91
4 15 74 63 60 68 69 46 75 50 81 40
4 16 15 33 25 21 47 15 8 42 57 13
4 17 36 34 64 41 45 55 68 68 18 46
4 18 63 48 50 62 36 74 41 78 33 73
4 19 23 24 16 26 40 39 37 21 31 21
4 20 83 46 72 83 66 45 46 62 53 43
4 21 33 32 39 31 22 26 52 46 28 25
4 22 64 62 64 63 43 55 59 79 81 34
4 23 63 69 67 70 33 63 38 75 61 44
4 24 64 63 36 41 78 33 62 50 46 32
4 25 5 28 43 22 27 31 26 45 35 17
4 26 2 1 9 26 42 30 38 8 3 51
4 27 29 30 64 16 44 59 32 25 49 31
4 28 36 23 40 62 41 49 67 53 24 33
4 29 48 65 33 24 42 48 67 57 34 49
4 30 37 61 61 33 46 19 27 46 60 67
4 31 88 61 47 59 78 49 78 67 72 80
4 32 27 23 31 31 33 27 17 26 54 42
4 33 83 63 59 65 78 70 54 80 58 65
4 34 73 37 67 37 46 68 73 83 49 58
4 35 88 61 49 68 55 65 71 55 58 62
4 36 15 54 51 48 42 57 7 53 47 34
4 37 92 60 89 78 50 54 93 70 81 48
4 38 7 27 34 51 30 10 17 14 42 8
4 39 85 54 66 62 85 58 85 84 76 50
4 40 46 43 26 49 44 35 60 59 59 43
4 41 48 28 53 73 56 36 69 53 53 48
4 42 59 71 32 68 57 61 42 51 79 46
4 43 83 83 42 50 54 90 76 71 87 68
4 44 21 33 17 42 59 49 33 12 24 38
4 45 61 33 43 67 76 79 41 30 52 48
4 46 97 60 54 73 75 77 71 75 87 69
4 47 23 49 38 51 34 20 19 58 13 31
5 6 60 38 36 34 66 58 39 58 66 44
5 7 53 54 36 60 76 50 30 73 43 40
5 8 12 10 13 46 24 31 46 52 53 28
5 9 38 35 23 44 64 34 32 42 49 53
5 10 6 17 41 36 47 3 13 34 16 28
5 11 18 43 20 32 19 29 43 24 20 53
5 12 89 45 67 82 83 48 74 47 88 90
5 13 38 47 50 29 67 42 43 60 52 54
5 14 69 70 66 77 50 38 80 67 49 84
5 15 7 26 40 37 29 37 19 51 21 12
5 16 44 44 48 35 56 42 23 36 58 36
5 17 57 57 52 78 41 42 72 47 62 41
5 18 68 68 82 38 47 83 37 57 43 77
5 19 58 53 60 46 34 35 62 37 60 53
5 20 65 65 47 62 81 55 67 39 47 39
5 21 91 61 56 46 93 78 93 78 76 87
5 22 70 48 64 84 53 69 53 70 65 83
5 23 48 53 48 34 63 29 35 67 39 56
5 24 25 21 60 44 59 26 62 60 50 28
5 25 81 70 85 45 64 68 76 89 88 57
5 26 24 58 24 32 52 48 50 32 18 13
5 27 28 36 46 49 23 42 24 19 29 26
5 28 86 62 73 75 90 60 76 44 81 72
5 29 75 50 60 81 72 50 62 60 86 78
5 30 35 25 55 65 62 66 47 31 46 22
5 31 1 1 45 32 33 43 39 10 49 22
5 32 43 60 37 58 26 55 63 32 44 35
5 33 95 88 53 70 63 73 60 71 93 63
5 34 63 56 61 63 78 63 64 34 79 55
5 35 31 37 65 61 28 61 47 19 27 27
5 36 28 17 56 21 35 55 63 30 37 36
5 37 9 11 22 36 24 47 33 14 9 19
5 38 40 45 49 49 37 56 53 42 40 31
5 39 34 51 43 37 37 30 52 57 26 58
5 40 13 54 25 44 19 20 31 41 52 38
5 41 50 57 66 60 54 72 45 32 49 43
5 42 41 69 56 29 46 63 21 60 34 55
5 43 74 51 69 72 52 86 83 46 83 71
5 44 67 37 81 53 77 37 69 44 73 69
5 45 60 77 61 32 66 66 44 71 79 54
5 46 50 32 41 33 45 51 71 62 29 58
5 47 68 56 45 55 49 43 74 55 63 43
6 7 6 49 29 10 31 7 22 43 30 40
6 8 27 54 62 19 33 30 63 21 17 17
6 9 42 36 44 66 70 25 50 48 54 66
6 10 42 64 54 59 67 35 66 44 44 24
6 11 72 41 64 37 61 47 43 46 71 36
6 12 43 56 25 25 41 61 62 68 37 49
6 13 56 43 37 48 66 39 54 30 38 72
6 14 52 35 40 60 61 49 43 28 64 65
6 15 75 57 61 61 59 63 58 76 82 79
6 16 6 18 9 29 30 12 36 6 23 45
6 17 16 42 29 19 11 21 23 10 43 48
6 18 1 29 34 45 29 18 29 21 43 2
6 19 37 50 47 30 49 26 66 19 24 35
6 20 96 65 83 93 53 81 94 73 69 67
6 21 21 38 54 43 21 31 34 30 40 33
6 22 79 49 59 61 69 86 76 78 51 46
6 23 26 57 35 32 35 62 32 59 54 50
6 24 87 86 43 54 54 65 78 70 79 70
6 25 73 49 55 57 60 73 43 55 61 63
6 26 56 57 60 53 43 46 57 30 39 55
6 27 67 82 63 63 55 37 39 68 63 46
6 28 54 75 70 54 76 58 44 76 55 68
6 29 56 75 77 45 56 46 52 67 60 76
6 30 96 59 56 68 64 80 51 50 48 89
6 31 32 44 32 37 41 26 51 53 18 20
6 32 55 56 33 74 44 59 58 51 43 29
6 33 31 49 36 43 29 41 25 51 54 32
6 34 24 32 54 49 41 61 42 48 46 43
6 35 1 32 49 5 18 5 40 6 19 9
6 36 1 12 36 30 46 22 40 34 6 37
6 37 15 11 29 45 46 30 52 50 10 7
6 38 77 78 73 82 43 88 46 66 48 67
6 39 56 29 46 55 40 41 71 51 56 63
6 40 89 93 77 60 63 92 84 61 63 61
6 41 25 45 36 25 55 46 51 40 21 18
6 42 1 5 14 3 40 4 35 31 14 40
6 43 55 46 56 59 57 52 75 72 41 70
6 44 24 57 19 49 29 32 49 33 45 53
6 45 62 69 59 72 63 54 47 35 69 79
6 46 44 25 41 26 28 39 67 70 60 49
6 47 45 52 30 56 72 34 55 28 49 67
7 8 46 23 54 43 42 63 53 61 23 46
7 9 49 25 72 28 42 70 39 48 73 59
7 10 17 36 42 36 32 10 19 36 55 22
7 11 58 43 72 51 54 68 60 66 78 50
7 12 85 73 67 49 57 54 72 60 90 49
7 13 66 38 70 79 57 78 75 48 75 53
7 14 80 86 52 78 81 43 63 62 77 61
7 15 46 48 57 23 44 24 36 53 50 56
7 16 86 49 62 86 64 80 85 60 68 44
7 17 75 46 49 55 86 85 56 87 62 80
7 18 35 19 37 55 57 29 35 47 37 35
7 19 93 55 84 55 93 78 71 58 60 62
7 20 0 47 31 18 21 6 14 27 12 2
7 21 99 60 64 61 64 76 98 90 75 54
7 22 48 56 58 43 49 59 31 37 66 36
7 23 62 44 50 68 81 38 56 54 55 68
7 24 50 45 32 45 73 57 37 27 74 68
7 25 83 60 70 71 54 67 85 72 52 89
7 26 77 44 51 82 76 43 49 51 71 70
7 27 53 64 45 41 76 37 33 68 48 64
7 28 54 57 70 65 73 75 43 69 42 45
7 29 83 72 46 65 49 78 84 56 83 52
7 30 82 76 61 44 82 87 69 62 82 80
7 31 11 49 30 43 17 46 55 43 8 15
7 32 80 87 44 76 50 63 70 87 43 57
7 33 31 51 16 24 37 23 31 57 30 53
7 34 36 28 53 35 58 59 30 51 30 46
7 35 97 56 90 80 72 73 74 77 90 93
7 36 98 74 85 78 74 88 57 54 77 59
7 37 46 42 59 67 66 61 59 61 35 41
7 38 31 17 36 49 17 61 17 60 44 35
7 39 69 43 52 66 54 38 62 49 61 50
7 40 4 6 15 13 22 34 36 25 19 48
7 41 8 46 49 49 9 23 52 4 12 37
7 42 93 71 81 65 95 86 55 59 91 81
7 43 0 32 32 36 49 25 23 17 16 39
7 44 77 61 74 55 71 69 66 39 48 84
7 45 85 43 78 46 59 57 43 43 55 50
7 46 41 26 63 21 39 66 55 46 36 42
7 47 9 22 24 43 14 7 18 31 14 29
8 9 30 54 33 38 46 31 53 23 64 25
8 10 16 49 54 8 37 11 56 13 41 29
8 11 63 42 66 38 60 56 35 46 45 79
8 12 36 29 65 49 29 54 49 36 65 66
8 13 97 57 66 58 84 68 63 51 93 50
8 14 48 62 33 37 24 55 41 63 52 72
8 15 84 67 46 91 69 64 60 54 83 83
8 16 51 50 44 36 67 73 64 35 44 66
8 17 97 63 70 75 51 49 79 86 61 58
8 18 29 47 42 24 27 20 61 26 37 39
8 19 74 44 76 38 37 37 79 39 47 75
8 20 32 51 30 42 45 37 19 19 61 53
8 21 91 48 81 61 83 68 78 59 90 82
8 22 75 48 64 65 62 42 83 72 63 64
8 23 34 40 27 62 23 60 32 62 59 51
8 24 62 48 74 57 76 60 66 32 49 39
8 25 29 32 46 23 16 47 15 24 47 49
8 26 47 36 59 56 68 66 26 67 50 34
8 27 14 54 48 31 26 8 52 28 55 12
8 28 33 32 35 21 46 32 42 58 33 28
8 29 58 76 44 55 49 68 61 63 37 58
8 30 66 56 72 39 72 76 40 33 80 51
8 31 40 39 22 54 66 67 26 47 37 58
8 32 54 68 30 32 67 38 51 50 43 41
8 33 61 67 69 49 80 76 52 51 44 60
8 34 29 18 64 31 16 56 32 60 57 37
8 35 33 58 53 60 47 45 54 35 35 25
8 36 28 48 49 36 50 34 35 33 56 38
8 37 31 47 56 59 43 65 34 43 52 49
8 38 66 53 39 56 73 33 56 81 78 50
8 39 66 51 45 76 77 66 37 65 51 39
8 40 23 49 13 46 38 24 15 52 54 42
8 41 31 30 38 45 64 65 57 35 37 33
8 42 97 62 77 91 94 98 92 61 73 87
8 43 38 44 53 58 58 36 61 52 51 66
8 44 8 21 15 54 18 10 39 29 8 20
8 45 39 46 41 65 67 42 49 42 41 37
8 46 19 27 49 24 46 42 50 12 16 30
8 47 18 41 42 56 15 47 39 26 51 49
9 10 26 17 45 42 17 18 36 45 21 44
9 11 8 35 44 47 13 6 46 26 12 19
9 12 83 59 56 42 48 78 48 61 81 64
9 13 52 38 36 30 39 57 42 55 53 27
9 14 78 78 57 71 81 60 74 56 66 46
9 15 76 57 42 80 50 77 77 63 59 66
9 16 61 54 76 62 47 39 52 61 66 34
9 17 45 31 66 25 45 51 32 40 48 30
9 18 14 31 29 41 38 36 38 13 25 27
9 19 5 32 35 17 21 18 13 4 13 9
9 20 94 85 62 87 74 76 49 83 86 84
9 21 21 58 25 35 55 27 22 34 35 29
9 22 15 35 37 18 35 9 23 19 53 8
9 23 13 46 24 30 50 36 26 29 39 35
9 24 95 79 92 80 88 65 80 67 62 51
9 25 76 86 62 65 45 58 71 60 67 76
9 26 49 67 50 71 30 36 50 36 34 51
9 27 72 73 56 52 62 59 61 68 47 44
9 28 75 38 78 83 62 83 66 47 71 72
9 29 65 34 58 51 40 73 44 49 65 42
9 30 45 47 59 36 54 36 36 33 23 58
9 31 30 44 53 54 51 44 31 37 64 42
9 32 99 97 79 83 60 80 90 78 98 70
9 33 81 66 75 53 66 84 54 65 77 72
9 34 23 51 12 14 56 61 52 11 53 40
9 35 16 48 21 38 56 55 56 52 13 26
9 36 90 67 90 65 60 74 69 66 71 75
9 37 55 30 45 59 57 55 28 67 70 51
9 38 50 72 57 44 72 34 29 25 49 63
9 39 9 43 41 26 20 19 21 22 40 23
9 40 87 55 62 63 84 68 77 50 55 84
9 41 59 43 79 50 34 67 66 40 31 50
9 42 14 42 15 37 25 16 23 41 26 19
9 43 53 54 50 33 66 64 71 46 69 46
9 44 13 54 29 30 15 16 11 24 15 45
9 45 21 41 41 16 12 27 51 34 20 25
9 46 8 46 25 36 38 21 25 32 5 45
9 47 35 38 37 36 47 26 18 51 23 66
10 11 20 57 38 29 58 25 48 17 52 23
10 12 95 81 80 78 48 60 78 93 92 96
10 13 6 24 19 50 4 41 14 8 42 37
10 14 22 46 60 26 27 18 42 24 15 51
10 15 86 62 55 51 90 58 56 51 57 81
10 16 24 18 12 47 19 21 39 24 30 33
10 17 56 43 42 62 28 44 54 60 28 62
10 18 46 33 40 26 43 44 30 65 66 48
10 19 78 44 63 68 44 49 80 84 41 49
10 20 75 80 86 67 61 66 45 84 79 63
10 21 98 78 56 78 60 98 53 95 59 96
10 22 23 17 27 38 44 58 54 49 34 47
10 23 57 41 78 57 53 56 28 71 72 64
10 24 97 77 93 67 69 58 51 75 84 88
10 25 26 47 46 57 19 43 25 47 26 53
10 26 78 41 39 42 70 76 78 59 69 82
10 27 21 29 47 37 31 34 27 18 46 50
10 28 48 26 34 70 58 40 55 40 52 67
10 29 94 79 70 82 81 65 64 50 56 69
10 30 41 49 25 35 47 53 33 48 63 67
10 31 49 67 47 29 42 43 29 35 30 49
10 32 96 59 50 96 60 92 69 76 49 91
10 33 89 66 49 66 56 61 47 72 62 72
10 34 32 21 39 65 61 48 20 58 28 38
10 35 87 69 87 83 66 68 63 44 87 75
10 36 91 76 77 94 71 55 79 66 57 74
10 37 37 42 33 45 29 51 61 41 51 65
10 38 26 29 45 53 32 52 24 27 32 62
10 39 62 74 60 32 47 66 69 42 77 55
10 40 33 46 63 59 57 41 55 49 29 53
10 41 74 80 53 79 45 57 83 84 75 49
10 42 83 55 86 70 54 88 75 49 74 61
10 43 25 55 29 39 28 57 26 44 17 26
10 44 90 68 88 90 94 61 61 49 62 92
10 45 53 39 67 43 46 55 52 69 67 37
10 46 99 57 80 84 52 87 81 81 97 52
10 47 80 64 62 43 43 89 53 61 72 60
11 12 39 67 22 39 62 54 67 28 68 26
11 13 78 60 88 85 52 73 78 50 75 48
11 14 61 36 56 34 42 64 70 65 77 61
11 15 0 35 29 2 35 15 1 5 47 4
11 16 56 36 58 32 69 36 70 46 45 52
11 17 1 34 42 31 32 2 8 6 22 15
11 18 76 65 48 48 40 61 86 69 55 48
11 19 74 44 86 76 37 41 74 49 59 74
11 20 94 61 68 87 89 96 88 72 51 49
11 21 59 70 74 31 79 71 30 77 53 69
11 22 47 36 55 56 36 64 30 48 27 50
11 23 14 29 47 50 33 52 38 35 33 32
11 24 28 43 35 15 40 46 15 46 39 27
11 25 53 57 50 53 47 40 41 42 61 59
11 26 57 57 65 60 74 51 74 67 39 48
11 27 74 70 52 51 64 62 72 49 82 48
11 28 52 72 32 47 30 58 62 42 28 48
11 29 64 34 43 81 42 40 64 57 77 55
11 30 11 50 43 7 53 6 19 7 48 28
11 31 75 41 38 50 63 46 74 84 79 83
11 32 53 67 26 35 45 55 53 55 27 51
11 33 96 81 62 53 56 82 48 70 81 75
11 34 25 27 56 28 37 43 45 46 62 55
11 35 25 40 44 62 51 22 22 40 18 46
11 36 69 41 43 48 82 62 75 40 64 66
11 37 56 37 56 57 47 32 69 45 56 28
11 38 9 39 51 33 21 42 7 36 31 23
11 39 28 34 48 53 48 38 58 57 34 34
11 40 81 78 46 58 78 78 50 42 82 57
11 41 35 42 55 25 22 41 59 55 18 36
11 42 0 40 28 45 0 3 45 16 38 47
11 43 79 46 88 66 74 74 66 72 40 54
11 44 4 48 5 50 49 36 33 14 19 32
11 45 77 57 63 39 41 85 88 67 70 43
11 46 50 56 38 55 35 28 42 49 45 39
11 47 48 58 62 30 54 36 62 56 33 33
12 13 57 57 49 68 77 66 46 72 61 63
12 14 2 36 34 8 35 16 3 22 3 49
12 15 9 11 5 40 14 50 48 40 17 5
12 16 11 38 48 23 16 17 37 24 31 38
12 17 75 64 40 80 59 45 55 51 58 64
12 18 5 21 46 11 39 33 38 6 29 10
12 19 38 22 21 30 20 43 25 51 68 19
12 20 95 56 75 64 69 55 53 55 62 83
12 21 77 66 85 62 69 62 87 85 51 50
12 22 44 70 23 31 61 33 67 44 54 31
12 23 43 31 59 66 28 36 28 42 34 35
12 24 19 47 45 31 57 49 13 30 24 31
12 25 78 54 81 45 40 82 53 87 79 72
12 26 19 52 17 52 56 20 56 26 16 15
12 27 63 57 36 42 72 81 65 39 35 34
12 28 70 35 58 67 83 38 77 41 58 44
12 29 80 45 84 41 56 82 77 59 86 63
12 30 26 34 55 28 14 22 31 46 32 37
12 31 64 36 54 55 55 46 52 65 60 74
12 32 58 49 70 70 67 40 41 63 40 31
12 33 91 49 47 90 62 81 57 65 65 61
12 34 24 43 55 31 21 18 19 46 48 58
12 35 69 40 77 42 59 73 63 43 48 64
12 36 52 75 36 31 32 44 74 42 34 32
12 37 54 35 51 32 72 49 71 76 69 73
12 38 61 54 55 77 57 55 57 68 38 79
12 39 36 48 40 58 18 24 20 65 48 26
12 40 59 50 35 47 45 70 63 67 32 44
12 41 98 56 80 50 84 73 55 80 54 57
12 42 5 43 31 39 46 25 35 6 8 28
12 43 93 75 46 47 78 54 91 85 88 94
12 44 30 33 51 63 23 59 24 61 23 54
12 45 89 63 94 66 83 69 67 51 51 59
12 46 2 23 42 14 18 32 27 22 20 6
12 47 74 47 56 63 57 70 82 80 38 64
13 14 46 53 63 23 71 24 72 41 71 68
13 15 88 83 90 81 45 69 92 62 60 53
13 16 8 7 33 47 43 18 16 52 16 24
13 17 7 45 36 49 35 26 21 9 11 28
13 18 13 15 17 25 53 51 52 50 41 13
13 19 94 95 57 57 59 96 61 68 90 78
13 20 21 60 30 33 54 45 45 45 51 36
13 21 97 66 59 77 56 73 72 50 84 78
13 22 41 30 21 66 57 68 35 65 31 58
13 23 29 48 43 52 26 61 30 47 48 64
13 24 68 48 51 44 52 43 48 63 59 65
13 25 12 36 51 41 14 42 42 28 17 46
13 26 66 77 59 55 83 38 64 47 41 75
13 27 76 52 71 51 85 74 80 56 81 65
13 28 92 65 52 86 91 66 70 49 76 88
13 29 63 74 59 37 66 34 46 75 60 39
13 30 32 17 28 50 46 38 36 25 62 40
13 31 22 23 12 23 34 59 59 54 48 56
13 32 87 78 47 50 47 81 49 78 91 58
13 33 59 55 50 41 65 38 76 38 44 39
13 34 88 73 45 60 47 85 47 75 74 46
13 35 14 9 55 23 49 12 15 43 51 42
13 36 8 12 42 9 6 29 33 10 14 21
13 37 15 30 45 13 12 42 47 10 27 35
13 38 97 77 69 56 68 60 63 88 66 71
13 39 28 23 47 48 25 24 26 18 36 43
13 40 4 16 5 35 31 46 4 49 22 51
13 41 37 31 53 21 30 35 43 40 56 20
13 42 96 59 83 58 74 83 77 86 84 73
13 43 67 58 76 75 74 78 54 56 67 71
13 44 64 64 72 54 42 73 50 72 46 80
13 45 26 41 58 37 33 48 38 38 54 42
13 46 75 43 80 60 56 38 43 70 61 84
13 47 93 65 58 81 80 47 52 78 53 65
14 15 5 47 10 34 37 12 34 14 51 2
14 16 47 47 64 35 72 44 56 48 39 33
14 17 36 20 48 32 23 56 64 23 36 63
14 18 16 31 53 57 51 23 50 26 47 30
14 19 31 52 64 28 56 49 17 27 22 35
14 20 54 65 76 45 75 68 48 64 71 64
14 21 51 57 27 69 61 41 49 55 26 57
14 22 19 37 43 50 27 18 12 36 35 48
14 23 48 49 57 28 49 71 48 38 62 60
14 24 37 22 25 39 30 42 60 42 42 52
14 25 57 49 65 36 54 40 69 62 60 74
14 26 7 29 11 6 22 6 41 47 41 46
14 27 36 19 55 32 37 67 62 41 35 62
14 28 7 11 43 28 33 36 6 6 8 22
14 29 66 35 39 64 72 42 73 58 64 43
14 30 60 57 63 61 35 39 36 78 56 39
14 31 90 74 58 74 60 53 70 68 81 65
14 32 65 64 34 73 67 69 72 53 55 50
14 33 58 36 62 64 37 67 67 57 45 43
14 34 21 38 48 43 57 19 35 13 27 18
14 35 74 75 66 44 84 73 68 51 50 55
14 36 12 14 27 12 55 14 10 26 28 11
14 37 40 24 33 25 46 46 36 45 50 67
14 38 26 62 45 16 59 57 28 26 27 37
14 39 31 34 65 30 22 24 63 54 56 23
14 40 15 50 53 54 24 10 47 18 45 22
14 41 49 50 36 37 69 40 56 54 58 47
14 42 67 49 35 56 34 76 55 69 56 39
14 43 16 55 15 35 23 38 36 11 52 53
14 44 28 28 33 24 60 37 61 51 63 26
14 45 85 92 55 46 87 62 45 69 75 54
14 46 95 66 73 65 86 69 70 73 88 72
14 47 96 57 59 79 61 68 85 78 57 92
15 16 13 31 55 22 25 29 7 9 45 21
15 17 12 8 52 7 53 20 49 48 37 21
15 18 20 45 42 28 22 20 11 14 26 29
15 19 41 66 66 42 59 37 30 53 61 49
15 20 80 40 61 87 69 71 80 70 59 49
15 21 76 63 69 52 75 56 41 78 78 59
15 22 59 45 52 60 66 53 49 52 70 36
15 23 18 54 14 11 11 58 31 44 53 38
15 24 8 12 5 15 32 46 37 45 12 46
15 25 10 36 22 11 38 27 45 33 54 37
15 26 96 62 73 86 59 73 81 84 58 76
15 27 30 23 55 29 41 59 49 59 63 53
15 28 61 37 64 78 67 71 76 48 46 38
15 29 12 29 55 12 20 38 39 12 48 9
15 30 46 39 69 69 37 30 39 53 55 73
15 31 2 43 24 42 2 41 6 21 8 8
15 32 85 44 90 90 55 86 62 64 90 71
15 33 71 49 38 65 58 50 41 79 63 66
15 34 21 25 59 55 39 30 25 16 31 59
15 35 23 15 59 15 60 53 40 51 34 59
15 36 15 17 49 16 51 21 31 19 45 18
15 37 18 47 26 9 13 30 39 42 39 39
15 38 68 60 77 76 79 70 49 37 80 53
15 39 76 70 66 74 65 42 72 53 79 68
15 40 91 82 87 48 68 68 84 87 55 93
15 41 11 45 15 10 18 18 39 27 41 46
15 42 95 62 83 58 63 78 79 51 74 71
15 43 8 17 53 20 14 27 46 44 14 21
15 44 68 46 55 69 59 38 74 46 57 71
15 45 15 26 29 22 15 39 15 45 40 31
15 46 31 55 32 46 49 34 29 43 49 37
15 47 9 25 49 16 42 44 25 26 23 42
16 17 14 12 43 17 55 47 31 37 35 54
16 18 43 28 43 70 51 61 38 59 29 54
16 19 24 31 18 42 21 36 56 29 56 56
16 20 4 2 30 5 29 16 46 10 5 48
16 21 81 70 62 54 85 49 72 51 70 84
16 22 86 61 77 58 50 91 66 50 84 59
16 23 8 43 28 9 11 17 51 10 49 42
16 24 84 87 68 59 47 78 68 84 91 82
16 25 56 38 71 41 37 46 50 77 73 59
16 26 60 60 74 55 53 55 41 48 30 53
16 27 43 55 32 58 56 57 69 24 26 71
16 28 28 14 17 25 41 16 63 51 17 35
16 29 43 58 46 69 55 45 47 53 43 25
16 30 30 31 41 27 65 27 19 25 17 55
16 31 82 58 51 62 82 50 50 45 81 57
16 32 17 15 25 48 39 54 24 37 51 23
16 33 56 35 38 34 49 37 39 47 50 75
16 34 3 16 6 26 27 37 34 23 23 19
16 35 57 37 50 54 65 50 58 35 76 56
16 36 84 88 92 87 51 82 80 52 57 86
16 37 73 84 46 85 57 84 79 59 73 81
16 38 61 37 34 43 31 62 70 71 60 45
16 39 58 60 51 78 29 42 55 41 59 73
16 40 65 74 69 70 40 76 51 48 40 76
16 41 94 77 74 52 86 80 55 47 58 70
16 42 57 34 54 76 74 72 68 73 58 72
16 43 77 82 39 58 39 68 56 83 59 77
16 44 56 49 59 63 71 55 62 58 70 36
16 45 65 47 42 57 66 64 39 56 52 69
16 46 22 34 60 36 13 55 44 35 12 30
16 47 37 53 67 28 48 24 44 26 37 35
17 18 42 71 30 60 59 37 68 49 37 42
17 19 37 20 41 54 37 21 46 29 57 65
17 20 17 24 38 10 53 19 50 11 31 40
17 21 85 91 83 50 77 64 77 83 86 45
17 22 10 25 13 12 12 39 14 53 28 28
17 23 28 46 54 63 55 43 61 56 52 45
17 24 6 29 23 7 26 25 23 38 26 13
17 25 33 32 35 32 61 30 65 43 19 36
17 26 99 71 98 89 50 62 74 97 62 53
17 27 38 26 68 32 43 24 35 54 58 43
17 28 95 54 79 54 67 80 58 91 77 94
17 29 24 43 54 20 38 57 41 56 17 45
17 30 94 85 90 59 84 94 48 88 72 55
17 31 10 52 20 19 12 46 26 44 31 53
17 32 50 66 36 32 65 60 29 46 48 45
17 33 24 28 13 43 14 33 17 50 59 59
17 34 5 42 27 32 23 17 14 9 20 10
17 35 82 42 66 74 90 82 72 76 76 89
17 36 59 49 64 63 50 46 67 34 66 34
17 37 0 24 16 26 25 9 26 28 24 15
17 38 14 30 10 8 33 25 43 10 27 28
17 39 96 58 75 66 90 70 84 69 74 50
17 40 74 53 78 83 85 45 87 78 38 40
17 41 21 31 36 23 49 13 43 55 43 31
17 42 84 61 80 57 47 56 81 46 77 56
17 43 58 78 64 50 68 73 62 78 74 60
17 44 96 58 87 53 70 93 53 84 78 62
17 45 39 66 43 54 45 41 40 22 61 35
17 46 7 42 44 45 13 48 21 5 31 7
17 47 11 29 41 39 49 39 32 46 34 13
18 19 24 51 22 41 44 52 27 41 32 61
18 20 48 24 44 57 50 30 31 56 26 26
18 21 42 51 59 25 40 47 58 51 54 30
18 22 13 33 33 37 45 20 45 15 21 21
18 23 13 42 49 22 36 37 10 9 47 56
18 24 93 74 88 65 78 58 51 73 89 61
18 25 63 53 80 66 38 70 33 36 46 71
18 26 72 53 51 54 65 50 45 78 74 82
18 27 40 24 41 27 47 55 23 20 31 54
18 28 98 83 54 50 63 80 51 77 54 88
18 29 75 45 46 54 79 80 83 52 43 57
18 30 30 58 44 45 52 35 59 59 60 46
18 31 44 50 48 44 52 70 42 44 71 70
18 32 27 62 46 23 55 48 61 38 49 34
18 33 92 69 85 54 71 60 48 93 46 95
18 34 4 16 23 47 18 24 23 11 6 44
18 35 51 58 73 35 65 60 67 50 70 27
18 36 97 69 67 83 64 93 55 65 89 66
18 37 44 24 64 59 30 47 53 65 71 65
18 38 86 92 80 79 59 77 55 53 63 89
18 39 87 72 78 53 49 63 57 56 73 83
18 40 99 58 68 96 87 74 51 87 68 86
18 41 38 45 37 36 60 44 32 22 22 26
18 42 71 79 38 46 73 53 55 35 67 63
18 43 8 14 19 45 6 35 35 37 13 42
18 44 0 16 13 17 16 49 42 26 37 36
18 45 73 37 76 80 67 85 71 64 85 62
18 46 40 61 32 57 48 62 63 31 52 56
18 47 20 56 54 51 12 22 35 49 36 56
19 20 62 35 70 32 62 33 67 42 72 62
19 21 49 28 33 64 55 45 57 73 30 63
19 22 88 49 57 86 89 89 48 92 74 80
19 23 46 50 51 27 71 62 59 41 68 24
19 24 83 72 75 71 44 67 45 77 71 74
19 25 24 59 31 40 22 61 56 18 22 22
19 26 85 67 67 43 58 73 57 54 72 58
19 27 66 65 34 79 45 45 50 54 62 62
19 28 61 64 55 75 80 45 40 39 35 53
19 29 50 37 59 46 49 62 74 64 28 65
19 30 42 31 29 28 35 43 47 44 28 51
19 31 23 50 34 51 45 12 59 50 60 25
19 32 31 64 22 60 41 57 21 59 57 38
19 33 33 55 57 55 46 64 20 57 20 40
19 34 66 43 36 34 78 81 82 69 52 78
19 35 38 35 24 34 33 42 21 45 59 49
19 36 24 15 39 17 35 49 26 43 48 39
19 37 90 61 61 88 56 50 84 86 72 56
19 38 67 44 47 79 41 62 64 62 49 81
19 39 80 60 84 50 77 43 55 50 43 75
19 40 57 71 52 35 50 37 76 59 63 49
19 41 78 86 51 65 85 82 76 89 65 88
19 42 26 40 36 25 51 44 55 23 31 47
19 43 38 51 19 46 44 21 54 42 68 64
19 44 26 56 46 43 19 18 59 49 49 39
19 45 44 41 41 54 71 38 33 34 39 54
19 46 24 56 17 49 51 49 26 59 36 35
19 47 34 51 35 59 17 60 35 43 37 61
20 21 44 66 70 29 70 38 49 37 49 34
20 22 87 54 83 43 72 60 52 85 55 76
20 23 32 39 20 53 16 53 52 39 50 41
20 24 99 69 50 52 64 87 56 95 71 96
20 25 33 52 28 57 64 55 16 44 27 36
20 26 25 53 41 35 56 61 23 36 26 39
20 27 8 28 11 23 38 49 27 34 38 5
20 28 30 34 63 34 34 17 59 48 29 56
20 29 25 49 29 44 48 39 15 21 44 47
20 30 26 36 62 16 44 55 52 47 18 16
20 31 28 51 19 22 52 61 33 63 52 46
20 32 84 52 42 92 85 75 68 69 80 69
20 33 96 74 96 62 90 91 94 86 52 63
20 34 19 30 34 28 19 20 52 16 22 33
20 35 38 44 59 20 38 24 20 24 49 61
20 36 28 28 32 29 57 39 45 19 47 47
20 37 46 50 61 36 35 41 72 64 51 44
20 38 13 31 23 10 47 12 47 31 36 22
20 39 49 49 29 65 30 56 71 25 53 71
20 40 29 39 59 20 26 61 28 62 33 60
20 41 69 44 74 39 73 40 66 70 49 57
20 42 22 35 47 50 18 30 48 39 25 29
20 43 98 80 60 64 95 73 73 49 73 57
20 44 36 54 61 31 53 55 21 66 39 43
20 45 13 11 25 13 8 14 34 30 45 27
20 46 40 43 47 57 60 57 65 55 46 28
20 47 28 29 56 60 44 21 59 50 44 34
21 22 26 16 23 52 22 33 15 20 38 20
21 23 74 59 81 47 77 77 60 45 57 51
21 24 20 36 28 16 56 39 22 53 43 21
21 25 54 61 55 70 59 48 55 72 42 45
21 26 36 42 48 40 55 27 43 32 41 21
21 27 82 46 89 64 53 54 87 45 75 78
21 28 31 17 64 18 38 34 21 21 49 60
21 29 8 22 29 12 41 24 37 51 28 24
21 30 38 46 23 46 29 35 30 60 29 24
21 31 41 66 41 63 57 24 43 63 59 24
21 32 18 41 20 32 9 9 32 19 43 43
21 33 41 43 66 20 68 41 64 47 23 54
21 34 9 5 13 23 48 30 31 35 31 22
21 35 64 79 59 61 79 55 61 51 72 45
21 36 83 69 62 68 78 46 47 83 60 85
21 37 42 66 35 35 42 70 24 27 41 65
21 38 60 32 59 40 62 52 47 33 36 60
21 39 39 38 29 35 23 52 49 58 65 39
21 40 67 57 73 56 55 65 53 43 80 82
21 41 23 23 30 42 29 37 18 23 32 52
21 42 61 44 65 53 49 75 51 74 39 79
21 43 48 24 54 46 42 65 71 40 46 71
21 44 11 51 17 38 11 13 18 48 47 27
21 45 45 58 61 26 45 71 48 68 28 54
21 46 2 19 17 21 7 36 18 32 42 19
21 47 58 59 71 35 49 64 68 36 63 65
22 23 37 50 46 20 43 19 39 32 53 55
22 24 90 69 79 61 49 84 67 56 47 90
22 25 26 27 27 15 30 22 33 57 16 17
22 26 97 59 84 82 86 77 85 92 91 57
22 27 62 34 66 75 70 68 41 79 59 68
22 28 11 48 19 16 53 43 7 42 43 8
22 29 67 45 46 37 64 83 57 47 45 36
22 30 71 57 64 69 55 64 74 45 79 74
22 31 16 21 51 39 11 54 20 55 48 35
22 32 24 60 31 53 33 51 50 32 29 61
22 33 49 30 41 29 24 52 65 49 61 67
22 34 35 45 50 56 51 36 51 45 46 54
22 35 33 19 30 23 56 63 27 50 20 42
22 36 34 19 23 32 65 37 63 48 17 41
22 37 41 51 62 25 52 47 20 39 50 21
22 38 3 39 46 6 8 48 22 2 49 34
22 39 97 97 64 86 87 71 92 73 67 54
22 40 32 54 20 29 46 27 32 30 17 18
22 41 58 69 65 57 62 75 72 69 73 64
22 42 55 32 27 35 38 30 47 55 58 53
22 43 70 49 37 72 63 81 80 52 51 74
22 44 82 70 52 78 73 69 54 85 44 53
22 45 41 64 29 62 56 57 24 41 44 46
22 46 69 79 65 40 53 34 61 71 78 59
22 47 75 62 53 44 72 59 75 68 57 60
23 24 24 56 48 28 41 14 59 42 55 15
23 25 27 55 61 28 26 24 15 46 21 26
23 26 61 40 68 34 41 76 77 58 51 38
23 27 30 31 47 37 29 21 29 27 25 61
23 28 33 30 41 52 27 51 64 57 30 19
23 29 4 9 31 49 24 43 47 17 32 36
23 30 35 43 56 64 24 41 34 52 56 42
23 31 21 23 49 33 29 51 52 52 46 43
23 32 60 70 56 55 57 78 36 40 52 73
23 33 8 29 49 13 32 32 45 27 14 20
23 34 1 47 20 38 32 44 7 25 44 24
23 35 22 39 45 58 32 47 49 45 56 61
23 36 64 72 51 49 37 32 63 57 51 43
23 37 64 58 67 40 56 76 54 73 51 36
23 38 47 69 31 56 67 60 53 56 69 72
23 39 58 43 76 62 53 40 54 71 54 33
23 40 68 68 80 45 38 60 35 64 80 74
23 41 43 51 60 54 28 47 45 68 57 27
23 42 62 59 54 40 46 32 80 61 62 49
23 43 45 32 31 49 69 23 44 29 55 60
23 44 54 52 58 56 29 29 30 31 69 63
23 45 21 11 60 46 11 50 29 24 34 59
23 46 53 60 64 40 36 72 42 51 55 75
23 47 87 85 54 62 85 80 47 93 60 49
24 25 65 35 79 41 37 56 74 68 39 67
24 26 74 44 78 62 83 40 86 75 77 64
24 27 50 72 41 67 32 47 54 69 31 59
24 28 37 26 22 67 47 40 42 40 44 51
24 29 78 46 51 39 57 47 66 72 45 71
24 30 12 51 40 6 42 37 11 19 35 46
24 31 49 57 44 48 30 36 26 71 47 53
24 32 61 51 79 41 70 36 62 69 41 67
24 33 10 37 10 22 39 20 30 47 15 42
24 34 1 31 13 21 48 25 4 8 38 5
24 35 17 39 14 38 30 37 53 55 55 52
24 36 89 82 52 53 91 64 78 46 63 72
24 37 75 84 40 55 57 60 61 51 61 47
24 38 39 64 34 42 46 56 41 45 29 52
24 39 35 30 63 62 29 39 48 66 48 66
24 40 53 59 58 33 40 27 69 57 34 27
24 41 97 53 86 49 96 61 91 78 96 84
24 42 19 54 53 58 18 54 50 24 18 52
24 43 9 7 36 35 37 29 22 16 10 40
24 44 78 62 71 45 75 59 51 62 43 72
24 45 27 27 57 30 44 47 61 57 30 44
24 46 4 11 29 47 33 47 4 28 40 41
24 47 81 81 48 70 65 88 50 87 87 49
25 26 99 67 95 88 63 91 52 58 85 68
25 27 85 48 57 81 63 60 56 70 77 48
25 28 27 18 57 22 20 52 15 20 42 32
25 29 43 29 44 38 55 58 71 23 71 31
25 30 35 60 50 27 51 46 47 50 54 48
25 31 65 34 80 48 80 46 39 63 61 52
25 32 18 10 14 16 35 20 12 40 40 24
25 33 7 48 14 37 31 45 45 35 46 10
25 34 81 89 47 47 43 68 64 64 46 42
25 35 55 42 76 50 49 37 37 31 73 35
25 36 80 81 43 68 71 53 53 49 66 84
25 37 27 24 56 39 42 45 55 51 55 56
25 38 57 38 69 50 35 29 42 51 66 44
25 39 7 33 35 24 39 51 18 9 52 15
25 40 18 51 35 57 22 43 47 35 35 33
25 41 78 84 76 63 48 65 60 85 47 69
25 42 77 46 56 87 62 70 44 85 61 76
25 43 35 54 65 43 19 61 31 63 30 28
25 44 84 53 71 85 87 63 63 86 46 51
25 45 58 47 66 67 45 63 76 66 39 71
25 46 64 70 35 74 50 56 60 52 36 81
25 47 16 33 39 58 11 45 26 31 57 52
26 27 58 61 78 78 33 50 30 34 37 66
26 28 39 42 48 69 55 19 58 33 43 47
26 29 21 57 47 15 27 59 13 58 51 16
26 30 85 49 89 91 77 70 63 76 62 76
26 31 46 69 57 71 61 34 58 48 45 43
26 32 39 48 48 51 23 27 20 45 59 51
26 33 85 47 82 51 80 45 71 46 50 91
26 34 18 45 27 31 14 35 47 56 57 18
26 35 52 41 59 27 46 60 31 36 68 71
26 36 95 84 92 80 72 92 91 97 92 75
26 37 98 55 96 54 68 62 63 87 75 55
26 38 73 86 57 86 85 44 81 41 69 85
26 39 79 74 48 77 58 46 71 89 77 85
26 40 70 44 40 81 73 36 84 81 64 41
26 41 36 50 19 54 33 61 27 64 48 66
26 42 79 62 70 57 57 44 86 71 47 74
26 43 62 47 43 37 56 71 37 56 71 36
26 44 71 67 50 54 63 74 46 38 68 44
26 45 66 42 78 74 79 35 82 34 41 40
26 46 35 26 60 24 45 53 25 52 45 28
26 47 92 50 77 73 65 77 68 55 76 89
27 28 80 46 46 79 74 43 50 45 47 52
27 29 89 76 89 54 80 64 85 47 93 59
27 30 6 30 11 17 30 28 27 7 13 7
27 31 98 90 93 84 70 98 84 57 83 94
27 32 81 42 41 82 60 67 71 49 52 44
27 33 18 28 51 12 34 16 33 53 36 20
27 34 91 51 95 52 81 85 80 57 61 81
27 35 71 77 62 73 75 76 73 39 75 65
27 36 23 26 52 24 46 45 22 49 19 24
27 37 52 49 73 32 50 35 66 34 37 29
27 38 73 43 79 44 54 72 39 40 64 82
27 39 86 72 86 57 72 89 86 47 56 81
27 40 70 37 66 69 38 46 51 82 79 67
27 41 13 38 53 50 53 11 55 22 43 43
27 42 58 77 36 50 56 60 55 38 31 74
27 43 56 53 53 38 54 66 36 64 46 77
27 44 88 90 74 73 92 82 85 87 71 84
27 45 45 30 54 34 51 36 30 72 36 47
27 46 26 40 26 60 19 15 27 39 14 15
27 47 66 40 76 67 52 44 59 66 38 76
28 29 2 8 29 41 39 41 31 30 49 9
28 30 61 67 53 68 47 43 63 74 45 77
28 31 63 67 34 45 32 39 56 59 40 73
28 32 9 53 53 7 43 15 6 8 7 13
28 33 99 75 77 68 69 95 74 53 56 86
28 34 40 64 42 70 22 33 67 59 47 24
28 35 33 60 59 18 50 59 40 56 28 41
28 36 51 28 69 27 41 75 41 26 37 62
28 37 9 31 53 23 26 51 36 30 50 35
28 38 18 41 43 57 39 32 48 53 31 18
28 39 65 67 61 72 81 58 73 70 43 75
28 40 90 75 68 74 73 53 47 67 91 69
28 41 2 13 49 20 4 40 9 6 25 5
28 42 82 64 76 61 54 58 64 41 91 59
28 43 42 47 59 70 56 25 66 39 23 33
28 44 43 32 52 67 64 39 40 45 27 41
28 45 8 34 19 39 37 5 48 39 6 20
28 46 12 35 12 48 47 16 17 30 27 9
28 47 83 61 60 55 79 49 78 91 61 81
29 30 0 27 46 15 27 49 15 30 10 41
29 31 25 62 51 27 27 15 22 36 18 22
29 32 69 54 79 58 39 64 82 48 70 53
29 33 99 95 82 95 57 76 67 61 91 99
29 34 65 41 48 39 47 39 52 45 65 34
29 35 73 48 38 79 42 76 61 51 83 46
29 36 66 77 33 67 59 47 46 70 57 33
29 37 45 38 67 61 41 44 49 31 57 68
29 38 86 81 84 76 61 79 48 53 75 77
29 39 50 69 48 51 43 42 58 65 66 25
29 40 81 73 63 46 89 48 51 63 90 59
29 41 67 76 51 34 75 70 70 82 47 70
29 42 13 45 40 13 39 23 22 24 52 40
29 43 71 60 42 73 55 41 62 66 63 77
29 44 53 60 57 40 54 28 27 39 68 68
29 45 36 59 21 20 26 31 29 25 52 22
29 46 93 74 70 51 77 58 94 85 57 94
29 47 66 80 51 65 79 68 43 38 59 50
30 31 57 33 29 33 71 74 53 41 52 42
30 32 1 22 37 35 30 23 50 18 21 48
30 33 71 67 69 52 72 40 71 61 60 66
30 34 25 53 27 51 19 56 48 15 58 45
30 35 69 42 45 61 83 68 51 79 43 65
30 36 37 19 62 57 52 22 45 53 41 60
30 37 67 77 72 51 78 39 50 82 42 83
30 38 29 49 30 55 38 46 30 28 33 56
30 39 61 39 46 49 64 38 50 74 75 31
30 40 55 35 51 65 41 51 62 71 71 52
30 41 10 53 19 25 42 41 17 26 49 51
30 42 28 24 19 20 21 45 54 23 58 54
30 43 95 86 55 69 62 73 77 51 83 79
30 44 96 53 66 86 94 91 67 48 89 92
30 45 46 31 29 44 37 59 61 60 55 54
30 46 22 22 32 58 25 42 61 14 25 51
30 47 4 22 6 15 15 32 2 19 23 47
31 32 29 48 21 33 59 31 57 25 46 56
31 33 60 66 68 74 45 77 49 68 51 79
31 34 70 76 58 48 73 35 51 76 53 35
31 35 9 6 12 40 51 26 35 41 51 47
31 36 54 64 37 59 77 42 68 30 37 51
31 37 82 51 83 85 69 91 71 58 41 90
31 38 26 51 36 52 57 61 14 48 50 21
31 39 63 48 51 56 51 72 49 74 36 44
31 40 71 75 71 50 49 63 73 49 42 57
31 41 21 39 45 21 27 58 37 25 60 38
31 42 84 42 80 55 82 43 56 44 54 46
31 43 55 49 64 53 30 73 32 77 72 45
31 44 78 52 42 86 67 66 41 62 68 54
31 45 3 16 20 24 25 8 10 46 10 33
31 46 41 61 27 51 21 43 56 26 59 54
31 47 78 58 53 71 70 87 55 59 52 62
32 33 28 50 41 20 35 62 40 21 27 59
32 34 68 40 50 50 83 66 57 72 56 64
32 35 97 61 49 96 71 80 75 56 62 73
32 36 99 95 96 82 64 55 84 71 81 69
32 37 96 59 91 66 66 65 55 70 98 65
32 38 37 61 42 54 34 21 60 47 32 47
32 39 89 91 77 61 84 59 52 54 93 63
32 40 12 55 47 49 18 19 32 17 50 17
32 41 17 55 18 45 43 56 46 48 18 27
32 42 35 33 52 34 59 44 35 40 33 51
32 43 56 71 36 63 33 65 62 62 37 67
32 44 57 36 35 44 75 65 46 76 57 48
32 45 42 40 69 42 66 49 36 48 37 36
32 46 14 29 29 30 27 36 15 46 33 13
32 47 34 56 52 44 18 29 56 31 29 48
33 34 55 65 63 74 33 48 59 50 67 72
33 35 7 23 21 27 52 13 31 10 30 47
33 36 6 43 22 17 42 37 30 12 43 9
33 37 37 51 58 59 35 38 24 60 46 54
33 38 41 57 32 43 38 32 42 54 57 27
33 39 77 52 60 84 59 72 54 64 64 57
33 40 16 8 56 17 28 32 11 42 27 16
33 41 3 42 34 4 23 51 25 35 6 36
33 42 5 39 42 23 31 14 38 15 14 44
33 43 89 84 47 89 80 52 85 77 93 91
33 44 93 78 55 88 84 85 73 50 46 90
33 45 22 44 54 29 20 53 40 56 32 43
33 46 26 26 45 60 25 52 41 22 32 46
33 47 23 22 17 27 28 34 56 37 46 49
34 35 50 61 41 36 34 64 50 37 63 57
34 36 8 49 33 22 34 9 24 25 22 50
34 37 25 53 30 52 51 36 42 54 18 21
34 38 97 65 79 57 53 75 78 81 91 87
34 39 51 34 41 55 45 59 28 46 52 42
34 40 42 39 51 22 56 33 50 30 35 23
34 41 49 70 63 32 60 60 53 49 53 34
34 42 70 67 38 66 64 59 56 83 53 77
34 43 0 36 3 35 32 34 18 21 27 6
34 44 60 44 34 46 40 44 39 37 44 43
34 45 35 41 55 18 22 49 26 67 20 26
34 46 64 64 45 73 82 44 45 70 41 60
34 47 29 35 33 25 43 19 42 38 50 61
35 36 62 80 66 63 40 35 50 31 36 65
35 37 0 4 43 5 21 7 4 26 27 19
35 38 5 23 50 37 31 45 23 36 16 8
35 39 21 60 22 51 16 37 17 40 38 35
35 40 2 30 20 38 18 4 23 28 4 43
35 41 45 38 65 65 29 36 69 71 37 50
35 42 99 74 56 80 69 91 60 68 74 95
35 43 91 54 92 85 75 74 46 78 83 68
35 44 30 45 28 32 18 38 47 31 39 34
35 45 86 62 57 86 65 63 82 78 75 89
35 46 1 20 6 32 29 27 21 11 40 48
35 47 31 44 42 47 34 57 25 49 28 64
36 37 64 50 65 35 41 75 37 40 38 70
36 38 22 39 16 52 46 60 56 20 29 45
36 39 21 15 41 50 56 42 50 23 54 32
36 40 88 62 69 89 55 50 77 51 52 91
36 41 55 58 64 71 60 56 62 69 72 54
36 42 43 50 51 62 65 41 68 68 27 58
36 43 72 85 71 44 76 82 82 82 51 43
36 44 29 39 20 19 25 31 31 14 21 60
36 45 82 59 50 45 70 44 53 88 48 86
36 46 35 32 34 43 20 25 57 42 35 40
36 47 81 58 61 82 86 85 47 67 56 55
37 38 71 56 50 61 60 46 56 50 61 72
37 39 9 8 47 6 5 42 28 14 44 17
37 40 0 45 13 14 5 22 40 29 46 35
37 41 58 72 50 47 60 52 75 40 76 32
37 42 76 72 47 62 52 50 74 48 54 43
37 43 6 43 19 14 49 18 22 26 36 25
37 44 9 5 23 9 5 35 24 20 24 52
37 45 7 19 18 24 44 41 13 9 33 4
37 46 6 31 5 31 45 30 18 4 23 28
37 47 67 45 81 62 51 37 48 49 81 37
38 39 16 38 57 34 21 22 55 33 46 27
38 40 19 48 50 35 52 16 31 53 32 44
38 41 1 41 32 26 40 35 6 15 16 4
38 42 36 62 27 47 49 25 36 50 62 24
38 43 7 36 35 23 50 27 51 15 10 24
38 44 7 39 19 22 18 16 31 16 33 48
38 45 85 76 64 92 75 65 87 90 71 47
38 46 81 86 61 59 52 71 73 48 45 60
38 47 47 25 31 57 55 53 56 72 39 70
39 40 3 34 45 3 5 35 21 50 34 23
39 41 88 83 68 75 80 46 85 84 65 89
39 42 56 66 50 39 66 72 71 58 71 54
39 43 73 44 40 61 67 78 43 76 39 66
39 44 94 73 83 62 87 55 50 63 72 84
39 45 47 65 72 72 49 27 29 41 51 69
39 46 72 85 70 46 68 70 58 49 55 55
39 47 73 62 63 55 67 51 60 60 49 63
40 41 23 19 11 14 37 43 15 43 40 19
40 42 47 48 39 49 35 56 29 54 36 56
40 43 93 82 77 64 89 85 94 81 77 50
40 44 67 68 71 70 73 76 37 51 83 67
40 45 48 68 65 71 36 60 69 29 25 55
40 46 66 63 47 55 55 50 72 65 52 45
40 47 28 22 60 43 32 54 20 57 53 46
41 42 32 32 32 34 55 25 61 22 65 59
41 43 60 75 56 63 35 40 60 44 33 51
41 44 51 67 75 44 49 75 29 35 65 42
41 45 39 51 43 56 54 24 66 50 62 38
41 46 45 35 33 71 56 37 71 23 36 57
41 47 89 51 59 80 55 78 54 78 52 44
42 43 87 55 87 51 59 64 69 56 57 64
42 44 8 37 16 43 53 15 32 41 20 32
42 45 4 33 30 33 26 45 46 39 4 7
42 46 79 62 74 87 81 43 57 62 56 45
42 47 97 61 87 76 60 60 52 83 81 71
43 44 18 26 31 40 31 20 47 43 46 25
43 45 55 62 41 28 62 40 64 71 30 71
43 46 6 36 37 41 31 38 42 49 29 13
43 47 91 48 92 65 48 46 66 46 91 77
44 45 59 48 44 39 65 46 68 78 69 50
44 46 18 27 56 49 29 15 33 16 37 18
44 47 38 37 68 33 64 50 48 38 54 20
45 46 27 48 46 56 50 52 43 48 50 31
45 47 38 36 44 40 65 67 65 48 46 31
46 47 11 21 25 34 41 10 5 32 52 50
