50 10
0.6 0 0 0 0 0 0 0 0 0.4
0 1 90 49 58 65 46 35 95 28 57 66
0 2 29 10 54 15 6 59 79 9 84 32
0 3 34 85 50 22 65 65 84 68 63 53
0 4 4 44 45 26 43 15 67 54 16 32
0 5 44 14 63 44 55 36 71 32 15 61
0 6 84 31 25 17 20 41 58 95 74 54
0 7 33 23 36 62 41 45 49 43 37 67
0 8 36 52 63 80 52 51 23 78 35 73
0 9 97 24 79 76 39 19 58 53 88 35
0 10 8 7 67 51 12 57 21 52 80 79
0 11 56 28 81 86 65 42 24 84 37 56
0 12 78 29 39 81 82 91 63 47 69 30
0 13 25 54 40 38 76 35 57 67 18 39
0 14 32 76 47 79 18 47 63 68 58 43
0 15 25 21 51 75 29 27 15 55 80 14
0 16 11 4 51 29 31 52 77 79 68 47
0 17 37 69 18 19 57 55 19 85 34 41
0 18 13 11 78 78 43 68 5 14 20 24
0 19 52 51 40 83 73 70 61 31 88 73
0 20 77 60 68 45 23 53 68 44 77 21
0 21 75 15 66 68 17 91 52 80 70 83
0 22 41 28 77 18 81 49 45 21 13 21
0 23 65 91 37 28 72 25 70 26 16 78
0 24 92 95 19 36 45 35 54 95 92 69
0 25 87 68 81 87 80 28 33 63 58 61
0 26 66 31 36 24 42 64 35 86 65 22
0 27 55 33 37 38 74 75 51 41 70 12
0 28 83 34 28 89 55 54 29 66 36 67
0 29 98 84 37 85 24 86 21 43 38 95
0 30 4 39 48 52 66 11 10 62 47 0
0 31 95 64 93 41 65 85 98 55 69 44
0 32 69 47 68 53 65 55 58 70 91 46
0 33 19 48 73 79 52 69 77 13 61 32
0 34 33 64 37 28 34 41 69 22 67 34
0 35 35 28 25 49 24 86 80 34 53 20
0 36 78 54 28 83 56 56 78 86 76 80
0 37 82 51 77 27 63 28 29 91 33 67
0 38 86 37 89 22 81 83 48 43 91 87
0 39 67 27 65 64 89 27 24 79 16 34
0 40 50 84 71 69 54 56 49 30 12 23
0 41 10 21 7 7 75 32 54 35 45 3
0 42 93 70 50 29 32 78 28 25 60 43
0 43 59 58 59 36 14 76 67 44 58 43
0 44 83 21 74 76 51 43 50 84 73 42
0 45 77 22 55 41 26 29 42 88 64 49
0 46 49 77 53 47 17 11 40 50 47 87
0 47 25 62 7 18 61 53 59 34 9 34
0 48 68 82 49 25 76 38 52 15 42 30
0 49 4 22 69 42 39 37 65 41 35 1
1 2 26 75 43 45 16 74 58 75 21 70
1 3 56 74 88 24 32 14 48 59 31 22
1 4 48 48 9 46 11 63 58 43 12 71
1 5 87 70 46 48 53 39 65 91 63 37
1 6 89 51 28 48 68 47 55 63 44 55
1 7 80 25 37 39 41 76 38 55 72 93
1 8 31 50 65 71 86 39 77 12 57 63
1 9 58 90 53 20 56 70 72 58 26 22
1 10 27 17 29 35 65 43 41 9 35 85
1 11 32 54 66 8 13 86 11 56 75 68
1 12 94 61 65 66 44 43 27 81 46 79
1 13 97 54 34 47 48 83 21 94 98 54
1 14 4 17 10 51 78 64 63 64 28 8
1 15 20 77 69 18 15 65 17 62 16 58
1 16 99 98 69 49 57 74 91 31 93 50
1 17 36 13 50 13 71 32 25 10 32 31
1 18 18 3 28 73 28 20 82 62 8 72
1 19 40 37 69 84 11 11 66 60 80 78
1 20 88 72 62 67 65 79 79 64 83 66
1 21 11 62 50 60 81 18 36 38 50 7
1 22 76 55 78 71 21 84 48 33 87 82
1 23 31 8 54 46 75 76 6 22 6 74
1 24 73 24 56 57 60 58 62 85 85 49
1 25 8 55 50 52 66 79 2 39 80 21
1 26 54 35 89 58 24 25 49 55 68 57
1 27 25 61 59 39 11 28 19 73 24 27
1 28 26 29 15 50 57 33 78 10 73 51
1 29 13 32 60 46 37 60 77 81 37 78
1 30 98 40 66 85 73 47 79 29 93 64
1 31 2 11 54 74 55 68 79 71 17 4
1 32 61 41 14 65 83 37 61 77 72 74
1 33 83 35 20 94 25 26 50 18 63 40
1 34 89 33 43 74 37 48 27 81 27 47
1 35 42 17 26 64 48 55 30 47 49 43
1 36 1 42 55 36 45 37 29 46 59 73
1 37 98 75 39 92 82 45 25 89 56 52
1 38 5 40 43 43 12 27 62 79 78 62
1 39 47 64 51 71 36 35 22 70 53 14
1 40 33 63 43 50 72 80 26 68 56 82
1 41 4 20 65 57 41 2 74 52 18 16
1 42 61 26 55 25 72 36 13 88 57 20
1 43 27 33 85 73 72 24 80 9 65 45
1 44 11 79 4 43 52 81 59 28 38 56
1 45 37 22 65 60 81 30 10 16 9 66
1 46 81 81 56 20 84 91 70 83 76 79
1 47 86 73 22 46 88 43 58 93 69 29
1 48 65 25 23 76 40 29 15 65 73 33
1 49 15 14 70 11 21 65 13 80 4 8
2 3 39 9 39 72 42 41 36 61 36 70
2 4 86 31 91 31 30 88 58 76 69 82
2 5 82 26 61 33 25 77 27 96 95 88
2 6 76 72 78 30 73 72 24 89 52 41
2 7 54 59 51 59 54 65 89 64 51 56
2 8 6 44 54 23 17 43 44 35 12 26
2 9 70 76 51 34 53 47 76 45 24 75
2 10 92 55 34 31 71 91 62 69 56 31
2 11 44 55 87 49 16 58 21 31 29 62
2 12 24 15 19 41 84 16 21 11 26 35
2 13 64 13 82 21 39 84 31 35 67 25
2 14 26 11 81 26 19 57 69 79 27 55
2 15 62 74 75 47 25 62 82 60 36 59
2 16 15 38 37 36 50 21 52 43 3 73
2 17 97 68 63 87 32 21 70 20 44 95
2 18 38 68 61 34 31 64 59 63 36 56
2 19 60 65 89 20 38 76 30 21 86 19
2 20 22 39 40 11 7 80 73 25 79 47
2 21 79 64 82 92 65 94 55 62 16 75
2 22 47 25 22 62 73 58 89 85 36 61
2 23 77 58 17 31 25 26 58 21 19 25
2 24 5 79 58 78 54 1 38 70 7 56
2 25 95 98 90 22 40 27 24 51 19 55
2 26 31 31 40 54 54 18 6 69 44 69
2 27 66 68 39 53 69 26 40 18 40 20
2 28 20 78 48 37 24 31 8 25 74 29
2 29 30 60 22 39 34 15 73 7 61 76
2 30 10 2 26 76 50 63 79 79 51 44
2 31 69 75 53 24 87 22 63 29 71 74
2 32 28 51 34 63 45 12 30 20 74 22
2 33 69 81 65 75 77 39 65 64 39 31
2 34 56 41 34 47 69 87 72 79 15 73
2 35 78 77 69 64 92 94 49 83 25 80
2 36 81 38 25 44 17 61 17 53 27 41
2 37 32 84 35 21 21 34 55 74 12 56
2 38 34 64 54 12 68 52 82 81 55 13
2 39 20 53 77 20 29 35 75 42 46 48
2 40 30 73 9 61 76 76 78 78 53 82
2 41 71 68 44 86 70 25 48 62 28 15
2 42 43 25 54 70 78 39 31 48 52 41
2 43 38 46 50 13 78 49 85 61 18 21
2 44 68 69 59 84 46 66 64 68 16 63
2 45 21 14 47 9 76 38 32 78 12 83
2 46 94 92 50 63 38 64 69 39 37 75
2 47 95 58 41 89 78 20 79 71 60 93
2 48 61 89 78 61 22 40 81 58 80 28
2 49 99 66 75 91 43 55 76 67 87 75
3 4 81 49 66 71 85 90 52 75 63 89
3 5 87 82 25 57 66 72 37 26 87 17
3 6 16 40 14 10 52 56 8 16 69 78
3 7 64 30 30 32 26 92 36 22 57 63
3 8 32 57 39 67 46 23 79 29 49 60
3 9 39 23 80 79 28 28 57 47 15 65
3 10 67 28 52 22 65 16 43 64 89 70
3 11 47 63 70 25 69 77 46 72 14 45
3 12 32 8 86 32 79 69 75 22 82 34
3 13 44 20 23 88 43 58 41 56 70 17
3 14 81 55 74 26 38 65 52 38 32 46
3 15 79 60 80 79 26 48 17 77 88 51
3 16 85 88 38 58 52 51 73 38 62 55
3 17 94 51 58 78 78 25 65 73 57 71
3 18 93 95 29 34 90 19 86 59 78 71
3 19 3 65 50 23 43 6 24 29 1 36
3 20 18 9 33 68 58 27 37 55 54 62
3 21 89 20 78 97 92 75 63 24 62 20
3 22 36 45 29 14 39 79 7 71 66 76
3 23 26 73 13 67 39 44 45 41 37 21
3 24 92 31 64 30 42 88 76 91 44 31
3 25 96 72 94 88 64 69 93 43 22 46
3 26 68 33 29 14 50 49 64 50 86 93
3 27 79 18 66 23 71 85 39 47 89 23
3 28 27 40 6 58 71 64 82 22 56 13
3 29 95 37 39 21 89 24 57 32 57 89
3 30 8 5 26 19 75 54 10 35 64 24
3 31 27 38 28 37 72 38 31 32 34 63
3 32 23 56 70 19 21 8 64 52 51 11
3 33 27 41 66 32 31 44 79 49 72 47
3 34 48 60 18 56 64 33 25 61 50 34
3 35 85 17 93 20 67 48 54 79 25 82
3 36 76 16 19 81 80 93 76 54 17 68
3 37 94 22 75 53 41 47 86 57 92 79
3 38 3 48 30 39 35 35 77 26 14 32
3 39 64 58 17 88 25 73 22 68 51 83
3 40 31 16 18 74 17 62 45 43 43 78
3 41 98 81 90 70 57 48 34 81 66 28
3 42 22 38 77 11 48 76 9 62 38 17
3 43 30 85 71 49 18 61 26 20 50 83
3 44 1 7 7 33 36 37 15 10 19 51
3 45 69 75 76 68 49 14 34 18 83 35
3 46 3 72 22 79 16 17 47 57 49 16
3 47 40 51 71 60 12 45 45 42 40 52
3 48 40 71 49 22 47 83 37 76 8 9
3 49 44 88 70 58 39 58 15 86 31 68
4 5 90 44 44 65 68 45 82 49 59 72
4 6 72 86 19 40 72 33 26 43 77 80
4 7 61 18 37 34 75 17 60 23 62 31
4 8 6 28 10 8 60 78 41 80 57 56
4 9 99 25 22 50 68 58 81 58 35 98
4 10 65 67 80 27 39 57 55 77 54 59
4 11 71 79 28 78 41 83 89 80 92 57
4 12 62 58 56 85 48 67 76 88 89 89
4 13 59 46 79 75 70 35 59 23 87 81
4 14 60 27 42 41 30 43 83 76 38 24
4 15 69 63 27 18 39 64 68 82 74 78
4 16 64 85 15 72 79 59 32 27 89 72
4 17 28 55 66 13 6 53 83 29 69 33
4 18 13 48 41 19 31 71 11 42 69 37
4 19 92 40 66 89 66 35 38 84 69 43
4 20 93 93 71 26 19 19 75 80 89 70
4 21 37 21 21 39 9 23 30 55 27 12
4 22 82 71 92 71 44 41 77 45 49 84
4 23 46 56 20 58 22 78 71 86 32 20
4 24 86 91 82 87 92 44 73 86 40 84
4 25 32 62 22 69 34 36 11 12 9 81
4 26 81 88 83 22 82 86 80 86 71 46
4 27 90 67 18 75 49 53 64 93 22 51
4 28 31 64 50 12 17 68 51 37 67 16
4 29 39 44 73 18 71 73 10 40 67 13
4 30 32 42 84 62 67 27 60 31 19 23
4 31 20 36 82 35 49 60 43 48 30 31
4 32 50 40 43 49 67 43 84 41 63 13
4 33 51 25 70 63 71 89 57 53 52 43
4 34 57 84 46 46 35 77 91 88 77 41
4 35 27 82 81 50 55 18 14 55 80 71
4 36 20 48 19 44 45 48 80 35 40 31
4 37 9 61 41 20 10 48 16 63 46 61
4 38 67 48 92 92 62 33 59 55 57 70
4 39 34 13 66 46 85 19 79 23 59 24
4 40 51 75 66 45 77 81 27 88 35 54
4 41 39 38 81 65 74 49 58 13 60 31
4 42 77 30 73 39 66 20 49 80 52 82
4 43 49 33 73 31 10 46 72 50 14 70
4 44 31 35 12 63 72 40 47 76 49 45
4 45 52 18 83 48 31 52 40 60 35 15
4 46 84 72 83 76 17 21 53 24 62 27
4 47 98 86 35 36 73 81 91 34 36 69
4 48 0 72 38 32 63 39 27 80 30 3
4 49 9 7 61 20 58 47 45 22 49 48
5 6 3 59 51 67 35 48 80 4 79 34
5 7 8 32 17 25 53 24 16 4 15 54
5 8 94 67 22 34 92 45 31 50 93 71
5 9 95 22 71 90 67 98 43 28 88 53
5 10 53 79 18 55 63 27 12 72 79 45
5 11 98 36 94 27 79 84 56 73 69 62
5 12 26 48 17 34 60 31 6 41 66 75
5 13 14 30 36 51 56 53 14 63 42 75
5 14 25 12 62 55 15 68 82 77 34 9
5 15 78 41 16 69 30 55 80 66 70 74
5 16 88 47 69 80 92 46 32 52 25 56
5 17 26 61 33 53 54 18 27 84 14 64
5 18 86 70 89 96 82 52 59 58 47 36
5 19 84 60 57 18 38 50 32 45 95 86
5 20 88 78 78 95 21 32 59 36 95 78
5 21 93 48 39 48 82 59 62 23 75 56
5 22 98 49 91 38 93 75 75 34 42 30
5 23 20 6 60 39 50 15 65 62 78 17
5 24 19 49 83 64 44 47 37 71 66 23
5 25 84 58 61 83 85 43 85 36 18 90
5 26 56 82 19 18 38 60 42 16 41 69
5 27 80 95 77 60 56 60 30 30 18 52
5 28 43 67 19 17 27 50 15 10 78 44
5 29 81 63 34 58 51 86 38 28 40 92
5 30 99 96 95 49 89 81 26 58 89 27
5 31 92 91 52 44 73 48 29 66 55 60
5 32 93 56 36 31 33 75 73 69 79 43
5 33 36 42 40 78 22 35 79 76 69 9
5 34 11 57 13 78 10 62 11 31 64 50
5 35 91 56 75 49 53 26 93 40 89 45
5 36 77 84 49 82 18 33 61 61 26 32
5 37 88 71 65 87 82 23 45 84 17 47
5 38 42 68 40 37 48 63 84 85 20 61
5 39 34 12 19 48 77 25 28 25 14 75
5 40 15 71 73 43 35 11 41 28 52 53
5 41 58 63 38 80 58 52 78 76 13 43
5 42 60 88 88 89 44 84 81 21 34 74
5 43 28 42 21 25 7 27 44 42 14 30
5 44 4 62 69 2 45 41 14 71 53 59
5 45 55 86 24 85 65 19 78 61 81 70
5 46 25 80 31 5 24 71 80 79 77 15
5 47 55 35 85 66 25 77 67 51 77 23
5 48 78 55 57 32 86 82 17 19 28 82
5 49 79 89 25 25 93 70 64 30 74 65
6 7 37 72 16 81 12 74 34 32 50 26
6 8 86 19 63 83 25 45 77 83 70 41
6 9 99 22 33 20 61 34 23 38 73 28
6 10 13 6 63 3 4 25 54 54 35 5
6 11 20 83 36 42 42 60 23 72 60 7
6 12 59 43 35 74 33 40 90 37 48 85
6 13 80 47 51 60 83 94 51 23 38 27
6 14 14 24 49 55 52 75 51 55 52 64
6 15 6 39 27 39 54 22 16 21 26 56
6 16 90 89 48 90 74 34 53 58 84 64
6 17 81 30 34 76 69 94 24 75 70 43
6 18 90 72 91 91 81 57 70 41 60 61
6 19 9 80 13 48 52 15 24 4 56 11
6 20 21 33 75 14 37 9 80 52 68 49
6 21 79 29 24 55 57 61 32 58 19 79
6 22 9 25 40 75 52 33 51 44 50 13
6 23 94 62 59 67 78 30 67 39 37 57
6 24 78 36 74 71 72 26 33 64 93 89
6 25 2 1 21 50 56 70 62 4 28 2
6 26 84 34 49 77 87 68 76 80 63 75
6 27 11 32 67 69 28 35 9 7 25 78
6 28 82 70 41 23 54 25 60 86 33 82
6 29 11 66 33 61 74 39 71 39 50 69
6 30 18 70 63 81 72 11 69 5 80 59
6 31 0 51 3 3 76 76 27 50 25 48
6 32 61 23 55 46 41 35 54 90 74 49
6 33 53 43 69 38 19 20 62 79 72 16
6 34 59 88 51 25 56 13 81 37 38 71
6 35 7 34 67 53 34 23 24 3 75 37
6 36 81 44 63 81 64 72 53 90 84 63
6 37 6 41 20 27 5 26 41 29 64 24
6 38 12 58 50 66 29 28 57 21 28 52
6 39 81 38 21 33 64 74 45 58 63 72
6 40 23 16 30 62 82 78 69 19 22 58
6 41 71 35 16 47 76 34 77 29 27 78
6 42 55 34 17 54 18 73 36 25 82 79
6 43 76 57 21 78 87 48 22 22 28 43
6 44 15 80 11 20 77 74 38 17 20 4
6 45 5 49 20 43 31 34 76 22 17 35
6 46 2 60 49 19 0 47 34 33 70 58
6 47 8 48 80 39 66 32 68 52 45 42
6 48 98 64 26 75 86 67 49 48 83 81
6 49 3 32 68 35 56 6 32 18 18 10
7 8 55 14 75 35 24 43 51 34 18 66
7 9 79 31 50 40 49 76 36 22 80 80
7 10 51 25 16 16 14 73 68 84 66 69
7 11 7 58 71 65 47 19 12 26 44 52
7 12 33 9 40 54 27 19 73 61 36 81
7 13 83 60 65 32 67 32 96 76 30 61
7 14 66 24 65 18 79 92 91 28 79 15
7 15 26 20 55 60 24 20 72 31 33 9
7 16 99 59 22 43 72 20 46 25 21 36
7 17 70 78 79 42 41 24 30 63 57 93
7 18 63 54 22 39 76 56 52 20 82 78
7 19 71 45 28 78 68 57 67 69 68 42
7 20 97 82 37 52 96 41 34 90 80 87
7 21 40 63 36 50 21 30 63 27 63 73
7 22 74 32 78 51 44 17 56 68 61 77
7 23 84 18 82 52 89 45 66 57 20 34
7 24 27 52 62 49 16 76 40 56 40 24
7 25 27 44 10 80 75 48 47 64 8 30
7 26 68 79 24 91 60 78 67 83 16 84
7 27 80 77 53 40 21 65 56 21 73 73
7 28 43 68 68 53 19 59 82 47 52 52
7 29 63 69 24 75 89 60 69 19 33 27
7 30 73 27 89 55 63 33 84 84 83 62
7 31 29 38 62 65 50 82 73 61 53 17
7 32 9 9 60 67 34 26 15 19 77 67
7 33 16 19 41 59 82 29 70 22 5 81
7 34 16 30 68 43 37 27 46 28 14 65
7 35 15 49 29 3 49 81 39 25 77 16
7 36 6 64 54 35 8 55 40 19 27 62
7 37 21 26 17 59 36 21 56 27 63 81
7 38 16 75 55 63 28 53 45 29 62 67
7 39 60 86 89 64 14 34 14 78 78 90
7 40 50 17 20 28 54 10 24 73 89 55
7 41 35 10 68 41 34 74 58 43 34 23
7 42 39 72 15 65 45 53 79 51 32 76
7 43 58 72 30 85 85 28 30 52 34 65
7 44 82 24 35 88 63 33 87 40 71 21
7 45 98 58 41 51 79 28 78 34 34 49
7 46 24 62 34 18 34 10 44 51 30 13
7 47 85 40 60 27 44 93 81 57 79 53
7 48 19 49 67 6 14 64 50 6 76 22
7 49 53 14 78 80 88 14 70 57 89 69
8 9 74 86 31 55 24 67 39 47 60 77
8 10 85 91 85 51 22 47 23 62 91 52
8 11 37 8 52 42 53 49 41 70 64 46
8 12 32 51 51 80 49 61 42 40 32 9
8 13 67 45 68 36 43 18 60 37 22 76
8 14 5 28 66 66 33 29 67 28 27 8
8 15 29 19 38 13 23 7 20 63 48 17
8 16 85 29 62 61 27 61 86 65 64 29
8 17 77 66 25 61 95 54 58 39 47 42
8 18 63 21 55 82 36 39 80 37 25 76
8 19 86 89 17 18 61 63 89 48 87 67
8 20 4 33 32 28 28 5 6 12 34 69
8 21 55 15 45 67 59 53 42 25 65 86
8 22 93 23 87 97 77 59 86 55 92 25
8 23 18 83 26 27 74 18 15 22 36 24
8 24 60 76 89 38 22 82 66 73 45 92
8 25 26 75 52 58 83 5 40 42 70 42
8 26 64 43 25 58 60 14 30 14 79 21
8 27 39 36 14 44 52 59 32 64 44 10
8 28 31 55 30 76 55 15 13 57 85 35
8 29 88 58 18 34 50 41 18 44 58 58
8 30 36 29 32 35 64 61 40 76 51 10
8 31 48 26 34 30 82 16 84 38 26 37
8 32 25 68 71 15 42 65 58 67 37 73
8 33 90 66 90 95 61 34 26 19 48 53
8 34 62 90 82 15 33 33 53 68 43 80
8 35 31 37 9 64 30 69 33 64 41 61
8 36 43 28 64 61 37 58 13 40 19 38
8 37 61 14 48 74 23 63 56 75 88 39
8 38 69 89 39 84 32 23 57 25 71 20
8 39 0 60 70 8 63 59 23 71 48 35
8 40 76 78 89 90 93 34 42 67 16 71
8 41 33 50 29 19 12 77 20 24 74 45
8 42 24 30 5 83 33 52 33 75 39 75
8 43 36 20 43 8 66 12 10 82 47 20
8 44 29 21 66 54 85 23 74 63 14 13
8 45 43 29 79 35 45 57 74 63 71 62
8 46 85 29 55 62 66 65 71 79 49 97
8 47 85 43 24 61 51 39 35 50 28 53
8 48 18 44 78 10 45 27 8 59 53 45
8 49 42 19 8 27 40 18 65 60 65 21
9 10 86 29 25 85 78 34 72 69 54 87
9 11 24 45 42 66 55 42 78 69 68 76
9 12 77 26 69 38 42 64 85 58 57 44
9 13 42 58 76 36 55 26 21 21 73 30
9 14 28 8 38 25 62 15 84 7 35 76
9 15 59 78 46 69 38 28 37 81 17 37
9 16 10 78 64 59 27 21 31 11 76 7
9 17 67 16 44 92 59 69 90 36 84 62
9 18 28 82 13 24 70 72 48 29 31 33
9 19 32 41 61 8 11 52 45 45 71 60
9 20 19 13 32 4 37 28 16 20 20 29
9 21 40 44 22 62 10 12 40 49 48 49
9 22 69 37 34 66 34 24 41 16 90 62
9 23 58 59 62 44 68 58 16 17 24 40
9 24 76 48 42 86 68 42 43 83 78 93
9 25 89 52 19 69 97 26 28 75 36 56
9 26 80 85 25 39 87 78 91 21 56 46
9 27 83 48 50 90 49 76 64 18 76 26
9 28 95 29 78 36 83 69 43 61 70 93
9 29 87 67 41 61 89 70 78 46 80 33
9 30 93 52 44 45 36 42 39 31 18 96
9 31 33 67 65 75 42 21 56 81 27 17
9 32 88 71 42 22 84 65 66 62 33 81
9 33 34 11 46 51 68 58 66 21 72 20
9 34 69 74 24 54 77 51 14 57 68 50
9 35 22 71 42 75 81 50 40 48 43 43
9 36 89 31 82 45 81 95 93 71 27 64
9 37 44 25 10 13 21 13 17 63 10 46
9 38 66 82 63 41 52 50 73 84 35 92
9 39 49 85 14 78 67 39 37 41 54 40
9 40 69 42 54 63 90 64 47 22 65 64
9 41 53 13 67 25 44 33 67 23 39 68
9 42 7 36 52 71 75 63 63 42 6 80
9 43 49 77 82 41 36 11 72 14 26 75
9 44 65 26 58 26 30 35 52 43 26 47
9 45 14 17 61 26 39 21 16 57 14 63
9 46 89 59 86 50 58 70 18 89 39 78
9 47 81 35 25 19 54 86 77 81 30 54
9 48 59 15 16 88 91 77 44 52 32 69
9 49 61 56 19 64 32 46 31 34 81 38
10 11 41 19 82 17 31 51 82 86 55 69
10 12 63 71 78 78 35 70 84 71 26 27
10 13 53 85 25 88 11 58 19 88 86 42
10 14 99 83 55 50 69 97 42 89 45 60
10 15 94 64 96 75 77 92 71 48 71 19
10 16 89 22 88 79 43 97 91 78 42 73
10 17 29 73 68 58 16 26 66 70 51 81
10 18 65 84 25 48 77 27 21 26 56 62
10 19 90 92 63 28 28 85 36 74 29 70
10 20 91 90 31 60 37 98 59 34 79 64
10 21 27 43 58 5 13 77 69 9 40 37
10 22 46 35 78 83 81 61 75 49 62 24
10 23 8 54 21 55 44 7 3 16 18 31
10 24 89 32 27 65 20 73 33 93 46 24
10 25 66 66 59 38 80 22 87 29 67 62
10 26 12 12 26 29 8 37 31 41 49 49
10 27 95 54 95 46 58 74 90 19 33 34
10 28 93 67 95 61 46 48 51 34 52 67
10 29 65 18 84 64 90 47 18 84 41 14
10 30 24 36 42 74 56 54 22 59 68 80
10 31 38 15 26 83 71 23 30 17 58 75
10 32 94 35 96 19 28 71 96 76 27 43
10 33 11 65 53 5 80 49 35 51 63 29
10 34 82 91 25 72 69 42 68 67 70 94
10 35 37 54 82 41 74 26 27 81 65 45
10 36 67 43 25 49 76 63 86 25 67 32
10 37 48 58 76 76 34 40 81 76 86 86
10 38 88 42 43 81 80 54 75 69 40 62
10 39 95 49 92 75 94 88 50 52 23 97
10 40 94 22 98 27 25 71 65 50 80 28
10 41 5 37 77 53 66 23 34 20 26 2
10 42 64 60 26 25 24 56 41 30 57 68
10 43 20 68 48 44 6 24 43 47 79 17
10 44 73 90 30 53 64 54 39 63 30 55
10 45 23 28 11 6 29 58 67 7 40 62
10 46 25 68 6 76 84 37 20 28 8 32
10 47 82 51 47 81 59 45 17 51 79 57
10 48 76 38 51 53 70 68 23 88 24 31
10 49 92 71 63 26 36 71 53 97 78 63
11 12 3 36 44 76 7 58 17 11 32 18
11 13 44 11 55 41 43 43 78 34 23 9
11 14 55 24 31 47 51 62 22 71 52 23
11 15 16 27 81 9 52 65 42 78 49 48
11 16 39 31 76 69 22 16 18 18 65 12
11 17 75 69 67 16 71 41 34 92 47 25
11 18 41 35 48 21 52 72 82 34 8 54
11 19 19 54 17 44 82 70 19 43 58 63
11 20 9 65 48 57 16 51 65 39 41 37
11 21 61 64 71 76 23 30 49 84 88 58
11 22 42 27 76 49 40 71 75 73 16 26
11 23 29 66 26 69 60 23 82 46 39 21
11 24 90 32 32 90 48 90 95 70 81 44
11 25 86 91 88 92 42 94 95 81 94 47
11 26 19 8 4 39 66 35 22 74 54 77
11 27 8 77 76 53 52 25 25 57 19 62
11 28 85 64 84 35 84 57 93 40 88 47
11 29 27 63 42 56 56 18 73 5 50 32
11 30 57 46 14 31 90 27 29 78 59 71
11 31 65 39 28 22 21 65 71 63 28 32
11 32 96 27 78 31 81 86 37 42 54 33
11 33 71 74 39 24 53 90 41 67 80 30
11 34 81 37 68 95 92 49 23 53 24 78
11 35 39 84 70 66 53 70 10 55 44 65
11 36 78 34 28 70 48 25 33 28 40 42
11 37 26 27 14 69 78 52 26 13 45 76
11 38 73 16 57 42 40 28 17 49 35 40
11 39 43 47 73 10 11 26 76 75 85 69
11 40 65 45 45 13 17 19 89 64 20 72
11 41 24 62 27 71 30 54 34 42 6 22
11 42 27 46 59 58 26 63 30 62 68 79
11 43 67 35 84 25 63 54 90 86 34 39
11 44 12 62 50 71 40 49 82 56 76 67
11 45 67 64 48 20 44 81 36 56 58 23
11 46 72 56 90 15 15 67 35 89 24 55
11 47 68 40 17 41 23 16 47 31 87 93
11 48 11 74 50 44 61 47 23 74 28 35
11 49 32 69 13 38 76 46 53 24 78 20
12 13 88 39 90 38 89 50 63 35 71 33
12 14 73 28 23 68 37 61 52 32 42 76
12 15 93 44 69 33 23 54 29 65 22 25
12 16 23 5 22 8 40 69 39 83 53 8
12 17 5 5 74 29 38 40 58 6 80 70
12 18 9 79 16 68 28 39 79 46 52 57
12 19 27 68 18 16 78 27 77 65 42 53
12 20 67 57 60 46 47 54 82 58 34 82
12 21 0 57 18 4 71 65 15 42 10 18
12 22 4 80 72 75 69 38 53 75 18 14
12 23 58 75 17 83 27 52 28 46 48 31
12 24 99 92 60 62 96 59 51 66 29 50
12 25 68 23 48 92 14 58 55 66 24 61
12 26 60 19 13 72 70 31 90 70 27 78
12 27 90 86 46 28 23 55 55 23 74 66
12 28 52 69 49 71 54 61 53 31 37 16
12 29 92 70 64 75 60 94 72 88 48 21
12 30 72 50 56 56 43 25 66 37 14 83
12 31 0 18 35 34 27 41 45 26 54 33
12 32 87 79 93 75 62 52 75 41 54 77
12 33 91 94 93 47 65 88 38 23 76 35
12 34 78 55 27 90 22 39 89 65 92 58
12 35 15 15 75 61 30 58 15 6 80 61
12 36 1 55 18 59 38 43 62 72 26 3
12 37 1 73 30 15 35 61 17 78 29 21
12 38 4 5 55 14 4 47 39 67 70 38
12 39 88 33 22 51 50 55 76 36 84 68
12 40 81 45 27 75 26 32 61 40 88 29
12 41 64 56 37 92 47 88 34 25 33 90
12 42 87 50 36 42 90 77 90 33 83 37
12 43 55 57 24 42 54 37 73 43 74 67
12 44 50 73 83 40 13 27 68 27 29 46
12 45 86 88 44 68 72 56 42 72 63 82
12 46 57 30 47 90 17 86 37 81 71 84
12 47 1 67 28 26 23 57 43 61 31 33
12 48 89 31 71 19 80 50 39 55 96 91
12 49 62 66 30 45 27 76 63 33 63 51
13 14 36 66 29 38 65 22 14 21 74 45
13 15 75 37 75 43 23 75 17 67 54 84
13 16 54 14 50 38 26 21 21 47 88 66
13 17 95 97 42 59 76 58 36 55 28 57
13 18 41 47 46 25 81 85 29 56 10 86
13 19 67 92 82 70 41 77 76 68 51 65
13 20 17 10 35 67 53 22 34 50 11 56
13 21 59 71 66 60 19 85 34 89 52 57
13 22 39 74 75 87 79 25 32 71 9 79
13 23 67 55 30 40 52 23 82 20 16 78
13 24 76 72 30 92 39 90 77 44 17 39
13 25 44 77 11 31 52 67 43 54 25 64
13 26 78 44 79 57 91 80 72 55 42 53
13 27 7 58 51 61 41 56 75 14 27 63
13 28 20 22 70 35 66 48 69 44 80 70
13 29 31 17 85 28 50 40 46 38 38 44
13 30 84 81 68 80 73 21 89 88 74 18
13 31 8 10 46 11 17 23 72 52 23 55
13 32 76 21 16 51 48 50 30 18 26 79
13 33 3 62 2 15 38 70 6 31 65 64
13 34 37 52 39 44 70 79 13 18 44 86
13 35 29 48 26 72 61 69 72 41 79 36
13 36 95 57 34 24 67 73 50 49 21 95
13 37 63 44 74 87 51 72 25 65 74 41
13 38 88 49 82 29 31 57 46 26 54 41
13 39 73 59 92 48 45 35 30 26 34 77
13 40 36 38 60 9 46 17 77 26 61 52
13 41 62 86 50 13 65 18 86 48 13 46
13 42 7 34 40 32 5 76 32 77 59 53
13 43 19 12 21 16 10 33 72 50 7 74
13 44 46 35 47 79 84 61 33 87 28 53
13 45 19 73 27 30 83 71 15 48 14 11
13 46 67 53 82 91 20 43 80 81 50 34
13 47 66 82 17 54 72 80 36 64 92 67
13 48 65 86 70 76 28 64 39 85 66 24
13 49 32 65 47 56 58 7 12 65 83 32
14 15 5 41 68 10 41 70 57 33 60 67
14 16 79 90 54 66 76 75 66 90 24 70
14 17 28 27 7 26 34 36 76 78 72 78
14 18 19 44 7 12 78 4 78 70 50 29
14 19 32 33 16 39 20 51 44 26 51 24
14 20 89 52 92 53 22 60 33 81 82 71
14 21 19 35 11 65 43 41 65 15 66 65
14 22 10 74 75 42 65 38 75 36 50 69
14 23 52 37 10 62 38 67 11 24 83 44
14 24 24 76 22 75 76 41 24 12 64 60
14 25 19 32 11 19 28 64 71 31 72 12
14 26 39 17 40 86 33 21 74 48 30 82
14 27 89 70 49 35 56 39 31 80 43 53
14 28 33 23 9 21 27 56 85 19 42 9
14 29 62 60 74 62 12 90 89 25 49 30
14 30 2 65 10 47 1 45 76 36 55 49
14 31 48 82 51 72 75 25 76 16 79 45
14 32 17 58 31 38 33 30 4 54 31 82
14 33 0 15 5 15 48 36 19 12 9 2
14 34 14 59 70 13 10 82 41 59 22 52
14 35 17 19 36 14 5 10 18 31 13 10
14 36 71 88 66 40 75 38 53 39 72 94
14 37 30 26 33 53 54 57 71 81 50 73
14 38 82 35 54 36 88 19 66 45 29 78
14 39 27 26 70 30 28 34 33 21 21 44
14 40 1 2 70 52 63 22 50 64 14 32
14 41 16 15 34 82 21 4 66 22 16 9
14 42 71 87 36 61 17 24 94 87 57 70
14 43 91 19 95 26 61 65 50 28 21 38
14 44 95 72 95 35 28 36 82 53 23 70
14 45 34 16 74 7 57 58 12 51 8 52
14 46 70 21 69 44 19 46 72 89 79 92
14 47 9 75 75 24 52 26 46 50 81 66
14 48 48 20 74 24 56 36 34 88 39 41
14 49 19 68 31 36 48 37 70 24 54 4
15 16 78 66 17 34 71 32 94 46 22 85
15 17 35 10 80 41 9 7 38 54 14 13
15 18 73 79 22 87 49 93 54 87 19 27
15 19 19 47 33 45 19 34 21 40 33 15
15 20 27 59 17 32 10 8 29 20 24 20
15 21 97 78 58 85 22 28 51 19 71 90
15 22 82 96 87 54 56 69 78 52 21 73
15 23 98 45 88 45 99 62 79 29 62 47
15 24 47 84 81 76 57 47 71 88 16 22
15 25 54 64 39 14 54 42 32 39 57 13
15 26 7 60 64 51 55 45 16 27 77 35
15 27 95 64 31 80 24 30 28 48 49 53
15 28 80 47 82 35 58 47 71 42 64 58
15 29 19 13 67 66 61 38 19 74 60 44
15 30 42 30 14 54 62 54 26 56 26 47
15 31 38 81 76 59 85 44 53 31 23 10
15 32 81 68 56 93 42 19 90 64 23 29
15 33 29 61 24 50 33 51 24 24 17 63
15 34 91 21 61 94 51 20 59 67 56 36
15 35 96 49 71 26 71 68 77 85 60 67
15 36 34 83 27 14 32 66 14 40 81 76
15 37 69 43 14 19 53 49 44 48 45 40
15 38 94 52 72 98 23 76 36 22 32 45
15 39 31 56 79 40 45 48 59 25 12 76
15 40 34 71 46 28 20 68 29 56 86 47
15 41 96 43 64 38 77 52 30 26 36 20
15 42 48 52 23 42 35 23 54 19 72 22
15 43 23 42 50 82 55 6 44 56 54 36
15 44 14 27 20 51 68 11 43 28 8 28
15 45 81 92 81 41 19 26 86 76 37 25
15 46 79 78 16 44 56 36 17 67 35 60
15 47 45 78 58 44 47 79 64 32 65 59
15 48 75 71 38 49 59 89 50 17 64 38
15 49 97 99 71 65 72 88 47 59 64 32
16 17 82 69 28 29 26 59 21 51 22 87
16 18 56 38 68 51 58 18 12 43 11 64
16 19 61 61 73 43 23 45 78 19 34 15
16 20 86 54 77 96 85 71 34 47 67 76
16 21 90 80 82 55 63 93 43 52 56 57
16 22 74 93 19 87 23 75 16 88 63 59
16 23 65 77 43 50 54 31 87 52 41 83
16 24 42 81 23 70 82 68 65 70 12 46
16 25 27 51 70 54 83 36 82 67 37 28
16 26 64 61 47 20 28 62 13 85 34 51
16 27 11 63 63 6 28 24 12 2 10 15
16 28 48 34 13 27 42 72 45 79 14 63
16 29 96 76 45 57 57 19 46 63 52 35
16 30 89 81 92 24 51 24 31 95 88 62
16 31 11 3 8 56 55 59 26 63 81 14
16 32 59 35 87 85 46 15 23 60 87 45
16 33 85 83 26 41 94 77 19 57 89 48
16 34 62 84 72 76 39 43 66 47 19 52
16 35 11 27 71 64 15 75 3 69 64 46
16 36 27 69 5 67 68 33 25 82 52 17
16 37 92 60 27 91 36 32 84 69 64 86
16 38 27 41 31 44 16 66 41 26 37 73
16 39 65 50 82 33 19 62 90 79 67 31
16 40 64 81 69 29 80 68 35 70 60 43
16 41 19 9 66 60 56 25 61 66 10 50
16 42 72 91 72 77 58 56 16 62 29 86
16 43 82 33 51 28 80 54 67 85 80 94
16 44 50 21 29 25 49 22 47 34 45 52
16 45 80 80 87 55 66 33 60 92 66 68
16 46 96 37 43 33 98 67 35 32 19 77
16 47 49 52 48 82 84 28 48 20 28 35
16 48 32 41 62 75 39 20 55 74 66 50
16 49 45 41 12 52 85 49 86 33 18 56
17 18 85 94 21 95 38 38 92 27 62 18
17 19 79 78 61 63 17 81 23 60 88 46
17 20 39 75 36 51 66 86 46 48 9 47
17 21 49 88 23 52 52 51 60 50 50 58
17 22 3 23 60 73 28 39 28 52 47 21
17 23 93 72 76 30 87 61 27 74 32 82
17 24 15 27 61 15 48 9 11 4 60 24
17 25 89 65 48 62 87 38 94 87 62 26
17 26 86 82 64 30 64 29 96 23 66 54
17 27 86 90 21 96 90 55 19 48 88 69
17 28 91 73 76 33 45 63 86 66 35 57
17 29 19 40 29 78 16 53 22 28 64 13
17 30 83 32 75 82 71 81 72 75 26 76
17 31 35 52 40 21 13 58 46 55 13 71
17 32 51 82 40 72 84 60 77 70 25 13
17 33 15 39 67 75 46 29 49 23 24 8
17 34 19 37 6 8 39 68 69 39 34 7
17 35 6 63 2 65 40 33 51 39 13 17
17 36 12 45 81 56 10 30 15 32 65 69
17 37 5 70 75 40 68 72 74 55 70 77
17 38 83 77 79 26 46 88 41 29 30 30
17 39 56 37 76 47 80 53 24 57 71 28
17 40 33 82 69 9 84 10 41 9 82 69
17 41 88 74 39 22 94 57 85 73 66 27
17 42 46 36 58 23 87 38 66 86 26 39
17 43 20 19 26 10 37 22 65 53 59 65
17 44 55 54 44 14 86 46 78 21 31 80
17 45 31 14 40 46 36 49 7 80 10 74
17 46 98 52 43 66 29 68 20 48 82 26
17 47 95 68 84 89 19 23 84 93 37 95
17 48 68 31 92 67 67 88 18 69 38 26
17 49 88 70 67 21 30 91 52 52 69 42
18 19 54 62 57 44 46 44 68 47 50 55
18 20 11 64 53 53 13 38 46 26 53 14
18 21 85 46 74 88 21 78 92 79 35 62
18 22 97 87 61 66 73 58 47 46 54 55
18 23 64 17 89 35 27 24 91 33 24 61
18 24 13 68 71 76 54 43 18 54 9 32
18 25 29 55 64 72 55 36 25 49 70 26
18 26 63 34 83 28 87 57 81 66 40 68
18 27 25 75 54 61 81 30 19 11 25 81
18 28 53 63 85 70 19 82 52 13 18 12
18 29 12 80 22 34 79 51 51 48 77 27
18 30 10 48 48 22 72 52 25 14 8 46
18 31 17 75 42 59 79 28 58 25 23 73
18 32 58 50 58 43 37 57 42 62 66 50
18 33 54 38 68 61 13 72 36 79 56 67
18 34 99 41 99 79 47 39 76 33 64 84
18 35 0 55 2 61 0 72 66 74 28 27
18 36 53 43 41 79 14 58 16 14 35 13
18 37 2 16 38 46 37 59 79 18 17 70
18 38 44 73 71 52 83 54 68 33 83 30
18 39 78 91 60 80 90 23 81 64 71 40
18 40 86 91 44 25 30 43 39 57 49 71
18 41 85 79 72 76 37 68 27 85 51 35
18 42 84 48 23 46 71 85 44 46 22 39
18 43 45 62 16 26 16 73 27 26 55 9
18 44 2 58 29 49 12 1 61 59 11 7
18 45 26 66 16 53 78 63 29 34 56 30
18 46 81 73 90 84 65 91 84 79 94 25
18 47 21 39 32 72 17 67 77 62 50 32
18 48 48 79 22 25 49 87 18 13 20 56
18 49 29 38 50 52 22 6 77 19 58 15
19 20 58 64 16 89 74 44 90 88 65 51
19 21 92 71 42 36 47 52 76 43 63 21
19 22 89 34 26 71 40 81 82 27 38 60
19 23 54 88 59 12 36 48 90 85 85 35
19 24 55 53 63 60 59 13 40 59 38 14
19 25 88 17 49 58 58 78 75 38 85 25
19 26 75 33 80 86 85 37 94 81 32 17
19 27 65 19 50 75 17 24 52 43 82 33
19 28 59 28 33 67 70 21 26 40 72 37
19 29 6 17 47 76 29 24 32 55 13 67
19 30 81 81 23 57 54 29 33 96 67 66
19 31 68 18 26 40 67 15 86 28 60 71
19 32 26 7 58 47 81 8 44 46 24 26
19 33 57 70 71 15 22 50 64 56 62 38
19 34 60 79 81 66 18 87 70 20 16 16
19 35 3 2 41 41 62 8 76 18 44 72
19 36 84 84 39 62 50 71 59 56 65 61
19 37 35 63 75 67 17 24 64 57 41 59
19 38 38 61 73 85 27 85 68 49 27 54
19 39 79 87 82 54 72 42 33 53 78 45
19 40 22 61 67 82 69 5 54 67 73 18
19 41 64 86 90 89 80 70 81 68 14 19
19 42 56 63 21 27 58 55 90 24 40 15
19 43 24 60 16 47 5 62 68 38 49 16
19 44 43 47 78 83 87 29 64 58 10 42
19 45 5 47 48 6 76 38 57 15 12 74
19 46 14 82 62 8 60 40 7 73 20 34
19 47 89 50 18 95 36 68 89 42 43 45
19 48 8 46 10 20 56 38 41 71 22 77
19 49 10 63 53 53 73 58 71 34 26 58
20 21 94 38 64 79 39 50 54 95 73 89
20 22 2 24 36 39 39 19 54 2 31 76
20 23 9 6 54 25 23 61 74 16 17 31
20 24 92 32 50 79 73 34 24 52 23 35
20 25 9 56 76 37 58 51 15 54 51 17
20 26 37 33 86 69 33 59 67 36 16 54
20 27 25 8 65 66 19 39 50 20 78 71
20 28 96 61 55 52 85 92 66 29 66 50
20 29 99 20 51 99 69 86 28 99 22 52
20 30 31 51 44 13 46 49 85 36 56 41
20 31 9 79 21 65 12 40 8 39 31 10
20 32 4 72 16 48 4 32 62 79 55 76
20 33 84 39 70 52 46 26 39 23 26 87
20 34 62 59 75 25 53 60 17 38 13 17
20 35 36 58 10 36 35 63 73 37 27 53
20 36 2 48 5 75 73 7 48 1 15 17
20 37 40 72 49 77 17 39 37 43 51 33
20 38 30 53 75 79 74 62 11 82 63 62
20 39 69 28 89 49 39 46 74 91 91 73
20 40 63 91 38 35 32 34 30 74 40 76
20 41 29 13 67 73 84 14 35 30 53 16
20 42 45 73 75 62 75 73 86 51 86 53
20 43 39 77 17 47 35 31 21 21 15 11
20 44 99 81 89 61 94 67 74 89 70 38
20 45 43 19 52 88 10 71 17 63 16 31
20 46 61 36 79 64 63 46 53 74 63 86
20 47 3 15 11 14 7 78 43 14 27 32
20 48 74 23 75 50 81 54 37 48 29 82
20 49 73 60 81 42 58 26 69 51 90 70
21 22 94 90 56 92 49 26 50 55 23 51
21 23 20 11 16 32 63 18 49 17 33 80
21 24 50 34 47 28 69 67 75 69 71 16
21 25 30 45 48 52 37 71 9 67 12 14
21 26 97 68 70 69 76 77 55 47 86 51
21 27 40 23 80 16 16 67 23 80 62 59
21 28 12 45 25 35 51 49 53 40 15 46
21 29 4 69 79 15 27 21 45 68 41 5
21 30 74 25 76 23 43 62 75 58 32 28
21 31 33 20 31 63 27 85 54 50 71 83
21 32 21 28 73 44 5 53 8 32 59 38
21 33 46 72 14 69 13 47 35 41 43 79
21 34 97 46 31 50 22 61 57 85 78 19
21 35 43 53 44 84 57 66 48 59 39 31
21 36 23 43 63 80 20 65 76 16 6 51
21 37 28 54 58 35 27 41 74 83 6 8
21 38 9 30 32 23 57 37 13 72 75 14
21 39 43 41 63 47 85 63 53 43 58 39
21 40 21 18 38 77 75 7 47 69 74 70
21 41 7 14 54 23 19 67 78 25 26 44
21 42 30 75 45 70 28 53 63 76 7 32
21 43 41 50 82 35 38 47 88 50 71 81
21 44 21 52 60 41 65 14 26 7 72 77
21 45 98 39 79 36 30 77 45 29 53 92
21 46 34 12 78 84 14 71 72 52 56 37
21 47 79 71 18 16 34 52 35 47 87 34
21 48 47 42 11 15 69 79 85 44 46 53
21 49 78 45 23 90 42 33 61 57 22 52
22 23 93 65 54 92 51 64 30 80 75 77
22 24 44 53 68 14 68 65 73 18 13 42
22 25 13 39 54 7 26 47 12 82 33 65
22 26 76 44 42 93 63 20 94 37 63 49
22 27 4 59 61 4 3 70 4 72 73 43
22 28 86 93 67 82 64 96 92 25 62 95
22 29 62 57 35 87 47 16 74 47 50 14
22 30 74 24 75 68 27 43 51 24 29 68
22 31 85 56 62 35 22 67 69 79 19 71
22 32 23 11 67 73 30 39 53 16 36 24
22 33 45 46 84 42 31 75 35 23 44 72
22 34 45 87 73 76 43 27 35 78 70 40
22 35 99 72 45 50 39 38 92 61 58 63
22 36 33 85 46 25 61 13 49 11 16 85
22 37 75 42 60 85 32 71 49 79 85 33
22 38 48 25 15 78 33 39 40 77 31 60
22 39 63 49 51 84 61 74 54 38 26 49
22 40 39 25 79 9 35 60 50 21 19 84
22 41 34 65 79 18 82 38 16 67 30 31
22 42 88 90 48 92 18 89 20 71 85 79
22 43 86 21 85 85 61 34 17 45 39 60
22 44 35 73 48 7 30 37 24 13 18 34
22 45 95 41 63 30 83 34 38 45 27 84
22 46 17 56 54 60 64 17 40 32 28 55
22 47 80 74 56 49 80 66 50 32 91 95
22 48 1 35 74 77 71 7 45 62 46 68
22 49 48 76 34 35 34 68 39 31 37 14
23 24 43 40 69 64 83 25 47 58 53 54
23 25 9 57 10 40 65 78 72 15 76 59
23 26 93 19 41 49 26 88 76 72 97 57
23 27 23 30 43 64 51 17 56 20 6 42
23 28 62 68 37 30 18 81 83 61 38 35
23 29 4 9 45 49 77 27 9 25 34 69
23 30 88 48 19 94 94 36 70 62 64 47
23 31 89 40 53 58 73 28 60 44 27 81
23 32 93 23 83 78 49 20 81 95 51 26
23 33 68 14 28 44 25 40 16 45 62 89
23 34 97 81 53 58 22 67 95 87 73 80
23 35 33 25 77 57 80 32 65 57 41 29
23 36 19 69 42 38 78 63 10 7 16 74
23 37 64 42 16 53 47 76 39 61 14 88
23 38 71 39 14 59 82 43 72 24 69 35
23 39 55 26 59 54 78 44 20 89 81 47
23 40 67 17 68 37 86 77 66 17 35 75
23 41 86 33 61 89 44 48 47 44 75 80
23 42 58 64 20 34 56 72 21 40 45 74
23 43 20 50 29 23 66 28 21 25 70 36
23 44 33 49 9 82 22 80 36 60 39 38
23 45 88 64 39 63 37 55 62 88 66 22
23 46 43 11 32 45 14 30 42 58 40 27
23 47 12 56 50 23 24 65 48 53 50 22
23 48 92 89 74 52 45 32 38 66 44 64
23 49 33 13 65 75 30 38 13 73 10 62
24 25 56 21 20 36 14 76 49 16 61 24
24 26 99 83 54 88 33 44 67 91 57 89
24 27 2 21 79 58 21 69 67 69 36 16
24 28 91 67 92 82 26 85 30 57 82 26
24 29 45 29 55 54 51 50 55 14 76 52
24 30 32 76 21 21 77 39 19 50 33 7
24 31 20 53 83 47 9 49 40 71 77 72
24 32 48 87 68 15 68 16 34 76 56 77
24 33 3 21 74 25 14 15 68 27 79 32
24 34 54 66 85 28 35 27 81 73 65 38
24 35 88 79 51 57 33 74 79 49 84 38
24 36 20 53 62 56 6 49 22 76 40 41
24 37 56 53 70 18 72 25 23 41 68 19
24 38 44 67 30 29 45 36 43 40 65 86
24 39 9 24 56 70 67 75 65 5 21 15
24 40 76 65 48 54 76 47 33 19 19 94
24 41 49 44 45 65 86 87 23 16 44 19
24 42 50 40 58 59 48 43 25 43 11 36
24 43 98 68 75 95 34 42 38 84 74 77
24 44 47 72 68 30 54 71 66 22 19 60
24 45 95 70 35 37 60 35 43 57 79 79
24 46 13 80 11 43 72 40 14 31 8 68
24 47 5 63 65 13 79 7 54 57 79 40
24 48 44 80 27 79 25 12 22 17 23 47
24 49 27 54 50 33 23 31 17 30 61 84
25 26 22 67 17 51 67 38 41 77 6 24
25 27 51 20 71 80 24 80 34 42 85 78
25 28 33 26 71 33 78 13 78 47 34 63
25 29 20 20 14 50 63 58 59 71 4 52
25 30 43 68 35 50 9 81 70 87 75 75
25 31 60 22 76 65 51 75 21 80 12 55
25 32 34 64 31 51 66 58 31 10 33 75
25 33 64 54 42 17 87 13 61 67 67 34
25 34 71 43 53 83 53 92 25 84 63 87
25 35 19 16 58 50 54 39 34 83 3 5
25 36 92 56 43 24 87 86 47 48 79 83
25 37 26 50 51 59 69 77 34 21 78 45
25 38 94 55 85 27 92 62 81 83 32 70
25 39 82 81 61 52 54 61 91 62 91 44
25 40 78 80 89 41 60 72 21 54 50 79
25 41 86 37 54 49 92 27 23 89 95 60
25 42 39 43 67 79 29 29 16 70 26 85
25 43 75 55 15 80 32 85 94 25 42 79
25 44 85 77 47 24 55 28 53 17 77 47
25 45 28 79 44 10 70 65 48 75 9 37
25 46 71 32 57 91 44 90 24 41 66 80
25 47 9 76 41 31 54 72 6 44 5 31
25 48 97 88 77 66 68 97 36 89 30 76
25 49 46 25 69 52 81 38 9 17 21 50
26 27 49 70 63 56 40 19 35 59 59 22
26 28 81 83 81 69 77 82 35 58 37 61
26 29 54 51 49 49 12 51 47 37 42 71
26 30 63 31 48 35 51 65 70 46 81 83
26 31 99 61 66 35 48 80 78 73 67 52
26 32 36 44 23 32 37 35 50 48 8 19
26 33 47 28 39 46 20 48 24 88 47 22
26 34 79 25 27 91 18 92 69 49 30 39
26 35 23 71 13 72 20 35 22 43 70 66
26 36 40 63 30 75 50 78 69 52 32 67
26 37 14 33 54 54 25 49 28 57 26 56
26 38 2 66 64 57 79 45 78 68 57 65
26 39 72 76 89 20 31 41 65 31 56 73
26 40 76 66 63 53 32 38 47 25 63 18
26 41 44 42 55 58 28 27 47 60 29 87
26 42 40 65 37 42 20 21 16 78 45 16
26 43 82 53 28 81 58 36 77 74 22 38
26 44 85 24 70 40 51 69 45 56 28 46
26 45 70 38 47 22 63 27 73 73 83 37
26 46 83 21 50 50 24 45 80 37 33 79
26 47 19 52 55 33 72 9 76 4 53 48
26 48 40 48 50 52 33 11 83 55 80 8
26 49 58 90 22 72 21 16 45 86 88 89
27 28 47 23 17 13 38 85 61 59 40 39
27 29 95 19 86 86 59 59 55 34 85 75
27 30 65 48 81 55 47 52 62 68 73 22
27 31 6 56 61 3 2 30 52 21 23 75
27 32 41 42 65 37 65 61 15 24 33 82
27 33 49 30 32 30 72 83 63 72 62 51
27 34 11 10 18 29 20 53 49 6 73 60
27 35 71 38 29 37 74 48 20 39 58 29
27 36 31 58 84 83 27 27 29 34 57 29
27 37 47 55 53 44 61 67 71 39 11 53
27 38 80 23 51 93 64 73 84 25 59 37
27 39 55 79 51 51 34 11 82 63 62 51
27 40 69 44 38 58 43 90 84 37 53 22
27 41 25 76 69 27 20 26 61 79 21 72
27 42 73 90 86 28 72 91 91 55 29 31
27 43 54 38 18 59 39 31 72 84 35 16
27 44 61 31 58 30 75 81 81 34 22 90
27 45 41 17 32 28 68 77 67 12 81 71
27 46 98 90 61 34 49 33 91 20 39 52
27 47 75 53 48 48 77 69 93 90 65 67
27 48 75 82 21 75 48 50 85 71 57 38
27 49 10 26 17 69 43 5 70 43 58 67
28 29 24 18 46 34 72 28 28 63 65 67
28 30 3 19 32 61 26 70 48 66 20 71
28 31 96 62 25 69 44 53 27 77 67 47
28 32 43 58 45 23 87 80 53 81 32 20
28 33 74 73 80 90 53 22 76 77 16 69
28 34 69 33 25 51 50 88 62 64 45 53
28 35 32 50 10 47 31 64 18 55 42 56
28 36 63 24 23 55 51 30 76 46 51 21
28 37 51 19 15 34 24 11 45 25 75 77
28 38 63 14 76 39 64 73 87 86 74 43
28 39 66 82 88 73 72 52 22 58 60 41
28 40 91 31 61 63 42 48 44 43 54 77
28 41 58 26 16 44 66 80 62 38 83 85
28 42 72 33 18 46 88 73 90 92 57 27
28 43 8 40 27 21 40 64 40 25 12 49
28 44 1 60 22 12 77 10 73 14 7 33
28 45 49 31 83 85 30 29 24 41 46 83
28 46 47 25 56 23 46 18 88 21 26 86
28 47 83 79 41 96 42 47 34 24 18 39
28 48 78 19 77 43 19 73 84 71 35 52
28 49 9 35 47 46 61 48 76 8 43 13
29 30 30 70 63 11 30 29 27 21 25 82
29 31 45 9 18 44 38 35 30 25 33 52
29 32 21 25 13 44 73 14 5 69 29 15
29 33 97 24 88 49 81 49 93 54 46 78
29 34 72 94 37 56 32 75 39 60 14 17
29 35 31 24 74 42 80 10 52 59 41 19
29 36 16 40 48 81 37 74 53 68 64 80
29 37 37 61 38 8 41 80 57 83 79 83
29 38 6 74 63 14 4 33 18 49 52 8
29 39 82 20 29 69 52 18 49 89 57 84
29 40 19 8 16 25 57 67 67 46 37 66
29 41 73 82 42 49 90 53 68 35 32 46
29 42 43 10 66 68 17 77 33 49 62 57
29 43 46 63 65 64 30 15 34 24 72 84
29 44 8 62 52 7 80 50 67 63 59 20
29 45 32 64 62 34 38 53 85 71 61 71
29 46 66 21 25 17 29 74 79 76 27 48
29 47 67 53 27 16 23 85 14 60 53 83
29 48 26 49 31 47 21 33 29 16 24 38
29 49 79 74 23 92 67 80 48 61 47 57
30 31 13 73 49 54 27 66 17 82 77 48
30 32 84 59 86 44 47 86 30 58 41 41
30 33 29 54 42 83 42 66 19 35 83 28
30 34 80 16 56 25 85 65 38 70 90 67
30 35 94 55 79 85 93 46 74 70 61 87
30 36 11 7 74 46 16 58 5 43 34 43
30 37 98 84 21 46 21 51 39 81 32 98
30 38 87 95 40 96 48 67 63 22 92 26
30 39 12 35 21 34 63 6 12 59 76 42
30 40 31 39 76 65 77 67 27 75 9 85
30 41 99 25 78 47 86 52 78 93 78 39
30 42 9 76 22 41 46 68 79 80 38 47
30 43 96 71 97 25 91 97 43 65 43 60
30 44 62 13 24 16 81 62 14 45 71 90
30 45 25 35 43 41 18 71 49 72 82 33
30 46 59 40 44 67 38 40 56 73 49 68
30 47 23 80 21 38 59 78 17 7 31 81
30 48 69 23 21 53 62 31 65 74 54 40
30 49 26 61 24 55 20 19 34 56 6 34
31 32 31 32 45 34 12 44 68 23 29 82
31 33 88 37 89 30 55 68 95 85 30 61
31 34 21 28 57 50 68 67 25 42 70 17
31 35 72 66 45 80 56 45 76 76 25 16
31 36 63 31 79 54 12 73 69 90 27 49
31 37 53 33 33 44 81 31 71 60 40 81
31 38 96 39 95 23 72 56 61 25 29 19
31 39 71 19 42 86 49 85 55 38 17 71
31 40 78 93 52 49 22 26 30 83 31 80
31 41 12 14 36 80 32 76 16 67 20 16
31 42 47 71 60 69 9 52 40 37 31 52
31 43 98 22 97 72 56 66 73 48 24 57
31 44 85 62 55 67 36 42 84 36 80 24
31 45 12 69 79 6 19 67 16 72 38 75
31 46 45 70 40 31 20 82 42 58 86 34
31 47 13 48 25 9 57 29 26 71 49 68
31 48 89 85 49 26 46 85 23 90 96 76
31 49 14 26 49 59 43 8 62 56 12 42
32 33 19 14 38 60 52 64 23 40 17 60
32 34 57 90 73 12 79 47 14 33 23 60
32 35 61 75 89 27 55 16 17 33 38 63
32 36 25 84 59 8 16 78 53 23 43 84
32 37 6 30 32 10 58 67 26 13 67 66
32 38 45 57 37 65 17 67 27 49 65 59
32 39 10 56 30 40 59 18 48 53 50 7
32 40 3 27 50 68 26 24 49 80 52 41
32 41 29 17 37 79 58 38 49 25 9 56
32 42 16 28 56 66 65 44 50 31 28 79
32 43 85 18 82 29 82 77 87 68 79 20
32 44 86 25 57 59 59 74 69 94 35 56
32 45 69 28 73 71 24 80 88 71 58 21
32 46 40 57 65 77 82 60 9 26 31 23
32 47 20 20 56 4 36 51 63 53 40 41
32 48 44 62 70 76 29 48 36 76 10 55
32 49 71 64 41 32 57 40 51 73 75 75
33 34 62 27 39 64 47 47 13 30 21 36
33 35 34 45 26 73 84 76 80 44 59 16
33 36 32 45 62 83 81 55 44 59 41 62
33 37 10 17 10 8 5 76 61 13 27 76
33 38 30 23 82 40 59 20 60 59 15 48
33 39 62 42 37 70 79 85 58 57 39 85
33 40 55 55 83 44 78 87 29 90 12 31
33 41 5 27 3 29 47 9 48 44 14 62
33 42 79 37 16 68 58 28 42 91 54 36
33 43 10 47 21 72 14 36 33 13 27 51
33 44 32 67 31 50 44 20 56 19 74 10
33 45 29 57 8 13 62 60 65 52 67 21
33 46 81 25 81 31 62 69 32 43 94 21
33 47 59 50 16 57 53 54 72 68 83 27
33 48 9 78 18 59 19 11 3 23 77 38
33 49 94 90 85 52 70 79 57 26 32 23
34 35 58 62 38 65 58 21 58 53 33 37
34 36 53 39 29 46 19 76 64 88 16 52
34 37 63 63 76 59 78 53 58 63 60 40
34 38 50 53 53 77 54 57 42 67 55 20
34 39 79 41 76 36 27 39 48 52 90 55
34 40 89 80 89 33 70 54 36 75 62 24
34 41 89 38 85 61 57 69 23 34 28 35
34 42 94 70 30 33 51 54 85 39 77 56
34 43 24 46 37 64 78 41 38 72 62 78
34 44 58 27 79 70 43 37 44 63 23 43
34 45 47 65 31 61 19 22 62 42 51 30
34 46 25 29 81 50 56 60 57 9 79 51
34 47 1 76 9 42 30 55 26 36 78 44
34 48 14 80 25 4 47 73 8 50 14 19
34 49 66 26 67 49 13 58 60 54 73 80
35 36 82 76 83 35 92 67 20 50 66 58
35 37 70 49 43 90 54 30 63 46 80 67
35 38 53 73 87 22 68 60 23 26 22 66
35 39 99 92 82 37 93 46 29 29 87 70
35 40 76 65 49 37 38 30 60 79 51 44
35 41 86 37 29 95 24 30 39 70 38 21
35 42 20 43 62 58 9 73 31 19 7 62
35 43 34 41 16 59 46 60 7 84 29 40
35 44 51 26 53 31 66 28 79 10 11 52
35 45 5 8 21 55 65 60 27 26 20 39
35 46 18 26 22 80 79 47 5 13 37 16
35 47 55 31 87 70 67 72 57 16 20 83
35 48 29 17 12 47 6 41 75 52 39 35
35 49 42 38 82 40 61 77 58 82 67 21
36 37 6 7 35 23 26 29 40 4 19 34
36 38 24 50 12 69 5 51 51 24 13 13
36 39 10 57 47 46 58 57 6 70 7 21
36 40 52 74 20 63 55 35 41 63 50 20
36 41 4 56 69 60 47 21 5 30 53 76
36 42 57 52 55 83 86 57 85 11 12 19
36 43 38 53 51 29 24 64 61 67 18 44
36 44 14 78 32 20 41 63 6 81 40 32
36 45 43 48 46 29 73 35 62 72 56 56
36 46 44 19 58 86 66 40 31 20 82 79
36 47 41 9 63 20 85 35 34 82 10 37
36 48 14 32 16 48 82 59 27 13 24 9
36 49 44 18 52 67 66 66 71 87 47 47
37 38 39 47 31 12 26 54 80 53 57 46
37 39 17 24 58 43 80 43 25 4 46 49
37 40 21 65 56 23 80 16 81 27 74 21
37 41 10 17 55 73 29 69 44 2 78 2
37 42 36 77 39 30 37 48 36 30 17 40
37 43 6 41 30 26 62 17 15 30 1 37
37 44 59 40 12 53 90 87 86 46 89 13
37 45 19 53 53 20 66 25 51 6 69 8
37 46 4 67 17 17 46 77 69 26 5 44
37 47 39 75 66 28 76 83 54 58 85 20
37 48 63 61 50 60 69 78 72 61 88 86
37 49 28 84 60 24 54 27 50 40 27 79
38 39 88 95 58 18 27 70 52 80 37 23
38 40 13 29 9 81 38 42 29 79 62 9
38 41 71 81 26 60 60 92 85 68 82 41
38 42 64 21 17 57 90 47 66 70 89 73
38 43 17 49 26 83 32 20 30 59 57 47
38 44 14 14 51 62 59 80 19 39 73 15
38 45 55 66 87 75 24 82 46 32 67 17
38 46 7 51 74 55 62 77 68 17 37 58
38 47 40 33 77 32 14 21 84 85 31 58
38 48 31 30 67 63 10 28 8 19 51 67
38 49 31 60 19 69 53 60 33 79 38 85
39 40 33 25 43 54 22 82 72 67 68 55
39 41 14 33 28 49 39 39 15 66 3 69
39 42 73 94 87 34 43 58 46 25 70 19
39 43 58 41 68 29 35 49 40 49 73 34
39 44 86 38 77 96 41 37 18 78 68 48
39 45 29 15 8 49 83 17 25 79 53 27
39 46 40 81 40 78 29 40 62 31 47 80
39 47 3 22 12 23 22 38 40 10 47 67
39 48 89 87 30 64 25 78 48 61 33 42
39 49 13 82 26 36 78 71 50 54 26 24
40 41 49 23 16 13 83 50 24 40 87 88
40 42 9 52 14 63 11 26 24 76 59 26
40 43 37 12 13 11 33 35 10 71 43 59
40 44 8 51 40 44 35 15 77 58 46 34
40 45 19 83 68 7 70 33 47 52 39 69
40 46 1 34 64 77 27 79 29 59 75 66
40 47 7 67 43 57 29 35 20 45 75 35
40 48 88 65 94 52 49 24 54 77 20 90
40 49 18 56 24 67 45 14 31 58 48 31
41 42 52 38 86 40 82 24 35 87 78 38
41 43 28 16 6 52 54 53 77 12 40 61
41 44 52 27 74 35 24 39 64 78 53 71
41 45 44 81 29 14 17 68 28 78 51 51
41 46 58 46 63 90 18 22 32 59 44 51
41 47 46 89 79 66 57 41 46 65 15 12
41 48 83 18 61 45 79 52 20 33 37 68
41 49 97 28 36 31 27 23 44 32 90 50
42 43 6 14 52 77 58 79 27 22 75 32
42 44 84 87 21 40 53 29 66 18 29 44
42 45 54 78 25 81 29 69 68 70 71 75
42 46 6 72 41 35 23 61 56 59 38 15
42 47 21 34 13 31 8 80 8 55 68 11
42 48 57 77 30 31 14 70 19 19 62 83
42 49 54 26 17 49 57 34 60 26 78 18
43 44 67 69 58 27 80 37 72 49 29 92
43 45 70 28 24 65 47 53 28 68 25 36
43 46 63 37 24 21 21 68 55 36 16 71
43 47 26 27 29 10 9 58 36 16 56 45
43 48 7 56 35 66 16 9 9 19 67 3
43 49 41 27 13 35 8 55 21 32 20 79
44 45 24 57 21 33 52 76 31 19 53 61
44 46 81 56 40 33 90 31 35 94 83 22
44 47 82 25 41 18 49 72 16 80 64 78
44 48 99 26 91 31 95 92 51 80 43 92
44 49 42 87 33 73 9 59 15 62 57 41
45 46 95 35 72 91 85 41 84 76 34 63
45 47 58 14 88 39 61 13 32 51 86 53
45 48 70 64 91 69 69 85 77 71 51 84
45 49 33 35 11 79 85 18 62 36 41 83
46 47 48 13 49 66 87 75 82 11 87 87
46 48 82 82 29 84 32 52 43 74 30 56
46 49 8 21 19 9 59 49 18 40 63 9
47 48 48 24 58 58 71 74 11 51 52 30
47 49 57 41 61 77 14 37 78 66 61 71
48 49 93 44 75 61 58 93 30 29 20 63
