7 10
0.2 0 0 0 0 0 0 0 0 0.8
0 1 35 21 36 51 39 57 17 45 29 67
0 2 28 18 61 17 52 30 60 35 37 60
0 3 84 46 83 45 54 56 50 58 83 47
0 4 89 62 65 68 54 86 94 61 90 62
0 5 60 38 59 76 48 35 65 65 74 73
0 6 10 50 44 5 35 31 40 35 7 38
1 2 42 66 71 67 24 23 64 35 61 33
1 3 52 43 76 43 46 71 66 42 33 33
1 4 11 22 29 32 15 48 25 41 34 32
1 5 37 37 20 20 60 65 62 61 33 64
1 6 88 82 83 50 56 64 75 48 81 78
2 3 76 62 45 38 48 57 69 87 57 78
2 4 24 25 55 36 32 32 44 53 43 14
2 5 66 65 46 72 48 60 56 46 58 70
2 6 55 51 52 45 58 49 56 42 36 36
3 4 7 17 20 17 4 4 29 15 19 28
3 5 1 38 29 18 43 12 0 45 21 9
3 6 93 74 89 65 93 72 56 61 64 71
4 5 84 44 62 61 65 61 58 47 62 55
4 6 43 45 28 32 56 40 63 38 52 39
5 6 20 52 34 11 29 54 21 54 28 20
