10 4
0.333333 0.333333 0.333333 0.0 
0 1 10 52 11
45 0 2 83 79
49 58 0 3 85
44 80 60 0 4
74 49 67 45 0
5 8 31 14 50
0 6 33 52 56
16 0 7 28 47
24 22 0 8 9
54 16 46 0 9
74 70 71 61 1
2 97 52 80 85
1 3 87 57 63
76 1 4 81 41
46 46 1 5 31
30 24 62 1 6
3 4 12 18 1
7 85 48 76 45
1 8 58 58 52
46 1 9 86 70
80 62 2 3 12
28 20 27 2 4
0 37 4 10 2
5 22 24 49 30
2 6 63 69 35
39 2 7 32 64
50 56 2 8 79
84 44 48 2 9
65 63 57 74 3
4 56 30 50 70
3 5 94 81 76
54 3 6 52 42
43 54 3 7 11
10 53 14 3 8
92 63 69 54 3
9 19 43 52 24
4 5 88 72 76
87 4 6 59 76
54 66 4 7 92
68 60 79 4 8
51 49 41 71 4
9 6 21 30 19
5 6 38 42 57
26 5 7 57 57
47 62 5 8 67
76 68 36 5 9
74 43 56 43 6
7 32 38 32 58
6 8 89 60 86
93 6 9 92 63
57 51 7 8 96
90 52 60 7 9
4 34 6 29 8
9 17 53 50 20
