10 4
0.25 0.25 0.25 0.25 
0 1 32 38 34
28 0 2 42 38
47 36 0 3 84
77 82 72 0 4
35 31 32 33 0
5 77 79 73 76
0 6 15 22 24
24 0 7 0 5
9 4 0 8 65
66 68 61 0 9
35 44 38 39 1
2 11 22 18 24
1 3 67 62 67
68 1 4 71 61
70 65 1 5 99
97 93 88 1 6
25 24 31 34 1
7 43 40 51 50
1 8 40 44 48
45 1 9 12 11
11 21 2 3 10
23 19 11 2 4
67 67 65 66 2
5 10 16 14 11
2 6 1 8 8
11 2 7 1 14
14 12 2 8 18
24 21 30 2 9
40 43 43 41 3
4 43 40 44 49
3 5 15 27 17
23 3 6 19 29
19 22 3 7 80
74 75 81 3 8
41 48 42 45 3
9 17 28 29 25
4 5 35 43 32
44 4 6 19 22
25 25 4 7 43
51 47 50 4 8
44 45 46 37 4
9 9 12 14 8
5 6 75 64 75
78 5 7 72 70
70 69 5 8 51
46 45 56 5 9
93 82 83 90 6
7 56 59 55 53
6 8 50 49 57
53 6 9 6 10
15 9 7 8 0
7 3 15 7 9
10 13 10 23 8
9 84 76 73 74
