15 4
0.333333 0.333333 0.333333 0.0 
0 1 90 57 94
93 0 2 37 42
40 32 0 3 75
60 42 58 0 4
89 93 81 70 0
5 19 46 27 37
0 6 25 39 49
39 0 7 57 66
54 40 0 8 86
85 88 89 0 9
25 59 16 23 0
10 15 16 43 34
0 11 87 65 65
88 0 12 18 26
13 13 0 13 64
40 54 48 0 14
95 95 66 59 1
2 68 44 58 59
1 3 19 15 18
24 1 4 51 44
30 51 1 5 88
59 60 45 1 6
60 67 58 76 1
7 18 12 38 53
1 8 82 61 44
78 1 9 64 71
37 47 1 10 13
23 33 32 1 11
21 13 53 16 1
12 85 54 71 67
1 13 0 12 37
20 1 14 29 25
46 35 2 3 33
37 25 17 2 4
33 23 46 63 2
5 35 65 38 42
2 6 68 64 46
48 2 7 75 77
72 46 2 8 1
10 42 12 2 9
87 79 84 83 2
10 80 50 58 53
2 11 76 85 58
47 2 12 58 47
56 30 2 13 74
49 83 41 2 14
47 59 73 67 3
4 24 31 46 50
3 5 56 49 73
34 3 6 87 51
82 74 3 7 39
46 53 41 3 8
31 18 32 54 3
9 69 62 40 70
3 10 57 58 55
52 3 11 60 48
59 33 3 12 47
49 58 57 3 13
70 83 66 76 3
14 3 25 27 25
4 5 8 32 24
11 4 6 32 26
57 26 4 7 2
49 12 22 4 8
79 44 60 75 4
9 19 21 29 10
4 10 38 60 22
56 4 11 51 53
59 44 4 12 86
77 50 56 4 13
88 45 72 60 4
14 33 50 46 31
5 6 5 50 26
30 5 7 38 53
66 67 5 8 58
64 30 67 5 9
8 6 7 32 5
10 6 42 17 45
5 11 51 30 63
46 5 12 37 45
65 33 5 13 83
42 52 75 5 14
47 36 56 31 6
7 78 73 63 69
6 8 54 42 44
73 6 9 19 27
16 58 6 10 29
32 33 47 6 11
56 28 63 69 6
12 43 67 68 24
6 13 18 15 48
44 6 14 27 47
49 30 7 8 66
42 65 72 7 9
69 65 48 57 7
10 31 16 16 18
7 11 53 44 49
42 7 12 50 67
68 60 7 13 2
1 4 5 7 14
30 63 55 37 8
9 59 79 44 31
8 10 48 56 53
53 8 11 89 83
76 53 8 12 12
43 28 32 8 13
71 56 84 71 8
14 35 52 49 63
9 10 43 71 47
53 9 11 26 16
16 58 9 12 97
95 76 49 9 13
3 16 13 32 9
14 82 67 62 51
10 11 15 11 14
53 10 12 60 71
77 48 10 13 97
80 57 63 10 14
22 51 11 43 11
12 11 8 39 13
11 13 4 14 42
21 11 14 50 63
54 37 12 13 82
43 90 68 12 14
93 81 95 79 13
14 31 40 26 41
