22 4
0.333333 0.333333 0.333333 0.0 
0 1 85 43 48
91 0 2 18 47
33 56 0 3 10
52 37 54 0 4
87 72 66 54 0
5 36 41 65 18
0 6 66 81 34
82 0 7 99 96
51 60 0 8 23
23 12 44 0 9
3 5 6 11 0
10 69 75 58 54
0 11 1 21 0
28 0 12 92 54
91 64 0 13 74
77 64 57 0 14
91 90 80 94 0
15 45 52 23 35
0 16 96 58 75
74 0 17 87 76
59 78 0 18 48
34 69 48 0 19
19 59 54 31 0
20 74 47 42 47
0 21 88 53 45
78 1 2 32 60
34 36 1 3 7
33 42 5 1 4
34 40 61 22 1
5 57 63 62 48
1 6 29 24 17
50 1 7 16 17
45 46 1 8 3
38 34 15 1 9
7 35 27 25 1
10 39 53 62 37
1 11 60 37 53
55 1 12 52 38
47 74 1 13 45
37 31 52 1 14
71 53 60 41 1
15 73 64 84 59
1 16 97 70 81
75 1 17 45 72
45 59 1 18 75
78 53 48 1 19
40 55 49 57 1
20 10 15 41 44
1 21 74 46 38
65 2 3 3 12
28 33 2 4 45
26 30 47 2 5
87 81 69 67 2
6 44 31 50 37
2 7 5 14 5
49 2 8 98 77
64 66 2 9 8
36 5 53 2 10
96 72 89 88 2
11 77 63 43 40
2 12 72 41 39
57 2 13 28 49
43 47 2 14 13
38 21 44 2 15
7 31 50 45 2
16 68 44 52 62
2 17 18 40 41
55 2 18 46 52
23 65 2 19 37
38 61 36 2 20
56 28 49 69 2
21 44 67 39 49
3 4 61 79 60
72 3 5 15 23
25 57 3 6 98
66 84 54 3 7
58 42 32 37 3
8 20 54 33 57
3 9 23 51 28
13 3 10 62 78
44 60 3 11 91
46 78 83 3 12
19 39 10 40 3
13 1 28 14 41
3 14 77 77 68
63 3 15 68 55
56 56 3 16 44
62 51 46 3 17
14 25 42 42 3
18 84 68 49 67
3 19 93 71 89
66 3 20 80 72
45 43 3 21 97
96 86 80 4 5
91 87 87 80 4
6 39 34 54 68
4 7 7 24 7
25 4 8 65 58
61 39 4 9 63
57 38 48 4 10
38 26 26 41 4
11 11 29 27 32
4 12 97 68 71
67 4 13 20 35
27 25 4 14 4
44 30 21 4 15
85 76 69 63 4
16 15 38 40 52
4 17 39 43 65
33 4 18 16 53
13 17 4 19 89
90 81 87 4 20
52 28 56 71 4
21 53 37 57 64
5 6 7 5 11
17 5 7 48 50
56 52 5 8 75
84 44 38 5 9
93 91 82 81 5
10 67 35 74 83
5 11 34 52 17
47 5 12 27 46
24 30 5 13 27
45 57 55 5 14
21 33 26 19 5
15 99 59 88 70
5 16 56 44 53
74 5 17 55 48
33 53 5 18 53
70 73 67 5 19
23 30 54 50 5
20 28 20 51 56
5 21 51 36 65
28 6 7 37 20
28 60 6 8 48
41 42 72 6 9
0 37 34 28 6
10 89 90 67 81
6 11 70 50 65
84 6 12 83 49
77 67 6 13 73
86 85 62 6 14
35 46 44 59 6
15 13 35 41 54
6 16 58 31 75
72 6 17 27 19
40 57 6 18 2
45 50 10 6 19
0 17 20 49 6
20 55 30 32 38
6 21 65 64 80
34 7 8 98 91
75 64 7 9 98
75 78 70 7 10
37 40 63 41 7
11 60 39 60 50
7 12 14 29 52
36 7 13 81 52
79 85 7 14 72
38 79 60 7 15
52 48 72 41 7
16 7 43 12 37
7 17 44 59 63
48 7 18 18 55
19 34 7 19 34
43 62 42 7 20
65 47 71 81 7
21 18 41 37 12
8 9 79 41 51
42 8 10 13 54
39 23 8 11 10
39 54 42 8 12
49 60 38 42 8
13 56 58 64 44
8 14 99 68 85
59 8 15 73 37
66 46 8 16 16
35 54 24 8 17
30 56 17 34 8
18 35 57 22 55
8 19 26 35 36
17 8 20 29 51
53 36 8 21 41
56 57 30 9 10
35 63 63 41 9
11 64 42 63 34
9 12 33 60 37
39 9 13 72 66
85 82 9 14 42
34 60 58 9 15
37 57 19 66 9
16 21 14 50 31
9 17 75 69 46
47 9 18 62 44
75 77 9 19 34
33 66 23 9 20
93 55 51 89 9
21 40 22 69 61
10 11 62 49 39
48 10 12 45 51
24 35 10 13 88
75 78 44 10 14
19 17 22 53 10
15 47 58 57 57
10 16 2 9 23
19 10 17 1 46
40 7 10 18 96
55 82 54 10 19
86 55 86 57 10
20 5 7 27 13
10 21 10 51 42
29 11 12 9 48
13 35 11 13 2
1 5 32 11 14
55 35 53 69 11
15 4 20 31 20
11 16 68 66 46
80 11 17 17 35
42 31 11 18 18
25 35 42 11 19
7 29 18 35 11
20 60 41 60 56
11 21 71 83 52
63 12 13 69 64
76 75 12 14 68
83 60 81 12 15
46 51 30 39 12
16 92 81 79 58
12 17 66 42 68
64 12 18 4 48
4 14 12 19 94
63 69 84 12 20
81 44 81 75 12
21 96 50 50 98
13 14 31 47 23
38 13 15 61 70
37 31 13 16 83
55 51 56 13 17
26 18 41 59 13
18 6 6 43 47
13 19 30 18 43
51 13 20 86 57
89 59 13 21 46
67 29 24 14 15
88 48 80 77 14
16 5 30 27 21
14 17 13 50 50
48 14 18 60 54
47 35 14 19 3
45 13 4 14 20
99 69 76 64 14
21 6 10 43 23
15 16 37 21 61
42 15 17 0 46
24 49 15 18 55
73 40 67 15 19
52 51 36 31 15
20 22 60 54 50
15 21 47 33 60
61 16 17 50 62
57 65 16 18 74
67 44 84 16 19
31 24 39 37 16
20 80 82 58 46
16 21 73 54 84
54 17 18 16 10
44 28 17 19 15
34 25 32 17 20
32 44 20 51 17
21 5 23 3 26
18 19 84 75 59
90 18 20 73 58
43 52 18 21 1
34 30 37 19 20
0 47 13 3 19
21 45 70 64 55
20 21 98 79 51
59 21 98 79 51
