22 4
0.25 0.25 0.25 0.25 
0 1 57 55 55
61 0 2 27 36
27 27 0 3 9
13 10 19 0 4
98 88 95 87 0
5 55 56 48 58
0 6 98 92 97
94 0 7 21 18
29 19 0 8 28
28 31 35 0 9
63 54 68 63 0
10 81 82 73 76
0 11 27 33 25
36 0 12 28 27
29 37 0 13 34
38 32 35 0 14
49 45 42 50 0
15 35 39 35 37
0 16 2 2 12
2 0 17 66 58
62 71 0 18 74
69 74 66 0 19
46 42 49 50 0
20 68 61 68 66
0 21 76 65 75
75 1 2 58 60
51 61 1 3 29
32 31 37 1 4
50 50 43 56 1
5 27 37 23 34
1 6 34 43 44
38 1 7 75 65
72 78 1 8 20
27 26 31 1 9
11 23 16 14 1
10 8 7 21 11
1 11 90 80 77
79 1 12 0 3
7 14 1 13 22
32 30 32 1 14
54 55 59 53 1
15 73 73 76 67
1 16 88 83 76
83 1 17 90 84
91 87 1 18 36
40 44 42 1 19
52 56 49 58 1
20 22 24 22 18
1 21 42 44 46
40 2 3 29 25
30 28 2 4 0
8 14 13 2 5
26 35 24 34 2
6 35 33 45 37
2 7 36 42 33
36 2 8 97 83
91 93 2 9 16
23 17 14 2 10
28 27 32 28 2
11 4 15 6 10
2 12 26 27 31
28 2 13 43 39
44 44 2 14 56
62 61 59 2 15
89 76 80 85 2
16 0 10 8 11
2 17 40 36 45
45 2 18 51 54
53 44 2 19 21
29 29 26 2 20
90 81 82 83 2
21 49 44 44 55
3 4 13 19 20
24 3 5 59 62
50 50 3 6 45
53 47 44 3 7
54 57 59 46 3
8 41 47 40 41
3 9 55 48 50
62 3 10 51 57
50 53 3 11 24
23 25 34 3 12
3 4 15 17 3
13 5 10 5 6
3 14 37 44 37
32 3 15 32 33
30 32 3 16 94
86 87 84 3 17
75 68 77 74 3
18 53 54 55 46
3 19 60 64 66
63 3 20 58 50
60 60 3 21 52
44 49 51 4 5
9 19 19 19 4
6 91 83 86 82
4 7 4 18 14
12 4 8 92 91
80 80 4 9 16
28 15 15 4 10
43 47 48 37 4
11 68 63 61 63
4 12 97 86 97
92 4 13 71 68
63 69 4 14 54
54 55 56 4 15
79 76 68 76 4
16 43 40 51 42
4 17 84 74 78
82 4 18 78 78
80 71 4 19 2
5 12 7 4 20
18 19 24 23 4
21 12 15 21 22
5 6 56 62 52
60 5 7 18 16
25 23 5 8 59
60 51 61 5 9
1 12 7 9 5
10 64 57 65 66
5 11 87 83 85
80 5 12 77 70
71 72 5 13 7
9 10 15 5 14
64 59 58 66 5
15 2 9 15 2
5 16 29 34 34
36 5 17 53 49
59 58 5 18 28
38 37 29 5 19
33 41 29 37 5
20 73 68 73 68
5 21 77 69 75
80 6 7 10 21
13 13 6 8 14
24 19 26 6 9
1 9 9 14 6
10 52 45 45 47
6 11 18 19 17
28 6 12 9 8
20 21 6 13 74
75 65 67 6 14
80 78 70 81 6
15 67 63 65 63
6 16 90 78 89
82 6 17 34 29
35 43 6 18 89
80 84 83 6 19
0 13 4 12 6
20 58 52 52 60
6 21 37 34 34
45 7 8 77 78
76 70 7 9 66
67 68 66 7 10
2 16 4 10 7
11 31 38 31 31
7 12 9 17 17
11 7 13 75 64
76 70 7 14 23
24 29 20 7 15
99 84 91 91 7
16 49 46 56 45
7 17 22 19 30
29 7 18 15 16
24 25 7 19 88
78 84 83 7 20
31 35 26 31 7
21 87 75 75 81
8 9 29 28 25
38 8 10 43 48
43 46 8 11 44
47 48 40 8 12
47 54 44 50 8
13 23 23 25 34
8 14 20 31 31
32 8 15 1 9
3 7 8 16 26
35 32 29 8 17
73 73 70 66 8
18 42 40 50 45
8 19 78 75 79
75 8 20 54 50
52 57 8 21 37
44 36 38 9 10
54 57 55 48 9
11 16 15 15 27
9 12 67 72 61
65 9 13 56 51
51 55 9 14 4
12 14 6 9 15
72 70 69 75 9
16 96 94 84 83
9 17 16 15 16
26 9 18 31 29
41 41 9 19 45
42 48 46 9 20
43 51 50 44 9
21 48 55 47 45
10 11 82 78 83
81 10 12 78 71
72 71 10 13 57
52 57 59 10 14
3 7 3 11 10
15 8 19 17 15
10 16 22 31 27
28 10 17 28 26
35 24 10 18 74
68 74 73 10 19
43 47 46 41 10
20 65 59 63 69
10 21 9 14 15
13 11 12 51 51
55 50 11 13 2
7 11 17 11 14
49 46 52 49 11
15 50 43 50 43
11 16 3 11 16
16 11 17 47 41
53 40 11 18 99
84 98 96 11 19
30 28 31 36 11
20 27 28 35 24
11 21 44 50 49
42 12 13 32 38
40 41 12 14 51
54 58 46 12 15
20 24 26 18 12
16 82 82 84 78
12 17 48 44 52
49 12 18 16 28
14 25 12 19 93
87 86 91 12 20
35 34 33 34 12
21 57 51 57 49
13 14 61 59 63
63 13 15 51 58
56 55 13 16 81
77 82 73 13 17
49 55 42 50 13
18 11 17 24 13
13 19 46 39 48
43 13 20 96 89
91 82 13 21 10
18 20 11 14 15
44 39 46 43 14
16 12 24 23 13
14 17 96 97 84
95 14 18 98 86
91 96 14 19 48
46 53 45 14 20
72 63 75 72 14
21 52 44 53 55
15 16 86 79 82
73 15 17 22 22
21 31 15 18 23
26 28 33 15 19
96 87 82 97 15
20 12 14 16 24
15 21 43 38 44
47 16 17 71 68
63 61 16 18 81
71 82 78 16 19
71 70 65 74 16
20 70 72 71 73
16 21 55 56 52
56 17 18 94 87
92 92 17 19 28
37 32 25 17 20
56 50 55 52 17
21 56 53 50 58
18 19 99 87 92
97 18 20 58 59
54 51 18 21 56
60 62 58 19 20
94 81 92 83 19
21 23 27 27 26
20 21 12 11 17
13 21 12 11 17
