30 4
0.333333 0.333333 0.333333 0.0 
0 1 95 64 85
61 0 2 19 83
32 13 0 3 96
77 55 30 0 4
55 13 60 86 0
5 94 36 28 63
0 6 40 55 69
83 0 7 83 30
25 26 0 8 86
75 79 55 0 9
79 18 37 30 0
10 20 74 39 35
0 11 65 48 77
41 0 12 38 48
70 74 0 13 13
13 80 15 0 14
38 60 59 39 0
15 40 65 51 26
0 16 69 86 60
67 0 17 73 55
64 22 0 18 18
63 22 50 0 19
82 41 90 44 0
20 94 92 35 88
0 21 75 57 21
40 0 22 10 49
51 7 0 23 75
54 42 22 0 24
17 38 23 12 0
25 10 22 46 56
0 26 96 30 78
44 0 27 71 63
55 51 0 28 34
11 80 20 0 29
35 64 24 60 1
2 67 80 60 82
1 3 65 56 18
19 1 4 89 22
49 26 1 5 4
58 11 6 1 6
29 38 33 70 1
7 46 35 26 29
1 8 45 62 38
24 1 9 46 64
17 85 1 10 52
81 31 18 1 11
76 38 52 40 1
12 65 87 17 71
1 13 14 40 60
47 1 14 22 43
81 67 1 15 40
32 27 31 1 16
60 21 23 66 1
17 59 84 42 65
1 18 65 71 29
27 1 19 52 41
11 46 1 20 49
70 11 35 1 21
67 25 25 52 1
22 93 44 88 78
1 23 33 41 24
15 1 24 51 85
36 54 1 25 31
28 23 57 1 26
27 33 40 77 1
27 85 68 88 58
1 28 34 14 18
11 1 29 7 80
12 25 2 3 29
19 34 77 2 4
41 71 53 66 2
5 91 78 60 53
2 6 78 95 59
45 2 7 83 82
57 28 2 8 31
26 9 6 2 9
2 58 30 48 2
10 31 33 58 84
2 11 39 39 76
62 2 12 73 52
72 85 2 13 35
16 70 60 2 14
82 77 74 65 2
15 75 62 73 40
2 16 17 14 60
81 2 17 88 86
19 82 2 18 54
89 16 30 2 19
31 16 65 54 2
20 94 35 35 57
2 21 2 1 58
46 2 22 41 78
82 61 2 23 72
20 33 49 2 24
1 53 5 43 2
25 45 53 62 63
2 26 78 76 93
61 2 27 81 75
47 32 2 28 74
83 37 83 2 29
29 13 53 54 3
4 53 74 18 71
3 5 75 27 70
59 3 6 60 23
67 56 3 7 82
23 73 91 3 8
61 55 29 71 3
9 37 47 54 75
3 10 56 83 64
71 3 11 71 78
69 81 3 12 79
77 81 78 3 13
21 42 40 15 3
14 27 29 22 45
3 15 89 37 83
51 3 16 1 6
64 31 3 17 25
13 31 46 3 18
43 18 72 70 3
19 17 21 39 16
3 20 73 87 25
32 3 21 35 78
45 44 3 22 37
43 58 26 3 23
88 60 40 53 3
24 53 82 85 51
3 25 60 29 64
29 3 26 36 72
34 69 3 27 60
49 25 30 3 28
8 67 24 6 3
29 29 9 32 79
4 5 64 36 23
22 4 6 6 29
26 47 4 7 1
68 31 69 4 8
65 29 86 19 4
9 16 70 74 75
4 10 53 28 15
61 4 11 24 62
72 59 4 12 92
61 68 79 4 13
8 26 35 43 4
14 94 93 70 55
4 15 16 28 24
16 4 16 16 41
28 70 4 17 62
60 12 90 4 18
14 3 74 20 4
19 7 67 62 15
4 20 99 73 31
70 4 21 9 78
28 58 4 22 32
61 33 68 4 23
12 37 61 60 4
24 0 36 63 33
4 25 28 62 58
49 4 26 64 73
45 35 4 27 50
11 31 83 4 28
94 70 83 20 4
29 19 38 19 9
5 6 94 96 74
37 5 7 56 89
75 79 5 8 6
19 76 79 5 9
50 86 49 42 5
10 64 54 32 46
5 11 88 29 90
37 5 12 42 39
22 28 5 13 52
69 19 21 5 14
79 92 55 57 5
15 52 58 68 84
5 16 26 30 37
38 5 17 83 83
20 72 5 18 68
48 15 16 5 19
97 97 98 23 5
20 42 18 23 63
5 21 82 34 57
55 5 22 93 41
94 54 5 23 85
56 33 43 5 24
58 41 58 24 5
25 80 53 89 67
5 26 85 45 48
73 5 27 12 22
8 75 5 28 46
55 73 47 5 29
78 85 76 63 6
7 35 66 36 46
6 8 50 33 81
74 6 9 63 35
16 46 6 10 50
58 34 85 6 11
92 61 65 38 6
12 45 68 82 72
6 13 62 60 61
38 6 14 12 62
51 5 6 15 62
20 68 85 6 16
56 38 20 12 6
17 60 29 31 71
6 18 74 21 28
74 6 19 87 41
30 59 6 20 5
76 60 15 6 21
24 69 74 41 6
22 27 23 58 10
6 23 98 44 29
44 6 24 41 31
50 52 6 25 54
21 73 76 6 26
30 17 63 22 6
27 76 36 39 30
6 28 13 3 18
41 6 29 66 48
63 52 7 8 80
29 83 28 7 9
10 30 54 17 7
10 69 44 45 69
7 11 80 72 42
83 7 12 57 23
30 71 7 13 20
51 28 51 7 14
70 86 22 63 7
15 98 35 26 70
7 16 16 81 7
48 7 17 42 73
18 10 7 18 12
47 60 33 7 19
25 63 52 43 7
20 0 27 65 76
7 21 52 51 13
73 7 22 65 74
81 28 7 23 16
9 22 69 7 24
69 26 73 89 7
25 12 74 49 66
7 26 9 48 79
63 7 27 63 47
89 61 7 28 43
83 21 15 7 29
17 14 77 81 8
9 1 62 7 74
8 10 76 70 24
47 8 11 67 70
85 63 8 12 48
46 67 11 8 13
28 9 19 29 8
14 49 38 73 75
8 15 34 12 75
41 8 16 53 35
68 23 8 17 88
83 34 38 8 18
24 80 37 5 8
19 76 29 57 60
8 20 76 45 68
42 8 21 76 55
70 87 8 22 95
70 51 21 8 23
37 85 54 57 8
24 22 59 78 56
8 25 18 18 57
67 8 26 72 70
72 19 8 27 65
19 44 60 8 28
39 64 29 23 8
29 29 9 72 28
9 10 0 39 56
56 9 11 86 69
57 34 9 12 22
14 33 34 9 13
71 88 41 73 9
14 97 22 77 31
9 15 86 61 77
67 9 16 51 17
33 64 9 17 69
30 79 37 9 18
96 23 80 22 9
19 97 33 53 36
9 20 65 86 80
89 9 21 12 52
79 51 9 22 56
26 71 70 9 23
2 24 35 73 9
24 26 61 83 48
9 25 65 92 49
76 9 26 0 72
55 43 9 27 90
81 45 95 9 28
44 79 82 23 9
29 81 27 66 46
10 11 33 13 49
10 10 12 45 48
46 60 10 13 37
56 72 68 10 14
47 43 28 79 10
15 78 55 34 74
10 16 59 36 75
36 10 17 63 25
74 86 10 18 16
58 42 80 10 19
53 77 89 33 10
20 49 13 51 55
10 21 61 73 27
63 10 22 16 47
4 81 10 23 98
95 75 93 10 24
36 36 78 85 10
25 82 52 51 28
10 26 73 93 17
63 10 27 89 65
79 42 10 28 94
49 94 65 10 29
67 58 59 16 11
12 26 70 19 81
11 13 57 56 59
37 11 14 75 84
55 55 11 15 91
65 65 61 11 16
33 45 60 70 11
17 98 39 23 58
11 18 10 56 28
64 11 19 36 70
69 12 11 20 74
16 32 81 11 21
88 46 22 40 11
22 78 73 40 85
11 23 73 66 93
69 11 24 53 41
77 64 11 25 22
45 76 83 11 26
69 37 32 68 11
27 91 62 36 28
11 28 52 45 13
37 11 29 57 24
81 88 12 13 54
86 55 22 12 14
63 49 21 44 12
15 33 84 10 83
12 16 80 46 55
48 12 17 74 50
80 76 12 18 76
65 73 93 12 19
23 38 39 61 12
20 2 53 14 31
12 21 65 69 58
80 12 22 79 47
88 94 12 23 26
8 32 42 12 24
43 29 64 60 12
25 4 20 6 37
12 26 1 71 77
25 12 27 75 42
64 34 12 28 54
28 30 33 12 29
91 29 66 84 13
14 8 71 19 5
13 15 50 60 11
38 13 16 19 11
38 73 13 17 64
46 63 31 13 18
48 42 39 22 13
19 81 79 95 32
13 20 94 23 50
94 13 21 34 71
66 68 13 22 74
52 86 22 13 23
2 59 13 47 13
24 65 22 42 82
13 25 48 24 64
82 13 26 85 71
84 90 13 27 46
23 14 62 13 28
53 70 50 82 13
29 27 23 36 22
14 15 59 36 34
53 14 16 11 77
9 39 14 17 68
37 23 36 14 18
76 46 58 87 14
19 29 30 59 32
14 20 77 70 28
36 14 21 49 71
66 66 14 22 17
10 42 4 14 23
10 73 12 53 14
24 8 66 23 11
14 25 13 51 44
75 14 26 45 58
27 26 14 27 57
30 88 54 14 28
66 67 69 77 14
29 86 42 48 32
15 16 26 27 45
31 15 17 55 15
17 83 15 18 75
91 46 48 15 19
62 20 61 33 15
20 43 52 50 31
15 21 5 71 78
70 15 22 76 33
89 17 15 23 7
36 80 48 15 24
17 16 74 30 15
25 83 86 77 76
15 26 45 39 59
19 15 27 12 69
81 78 15 28 94
62 28 29 15 29
54 53 83 61 16
17 35 16 65 48
16 18 73 23 52
52 16 19 3 78
2 36 16 20 70
87 65 78 16 21
11 77 42 53 16
22 47 61 31 51
16 23 51 45 19
72 16 24 71 28
88 80 16 25 13
54 38 14 16 26
11 2 23 74 16
27 92 92 94 58
16 28 66 74 48
21 16 29 96 40
55 45 17 18 19
46 14 79 17 19
20 16 72 67 17
20 60 75 30 26
17 21 65 70 52
81 17 22 9 39
64 17 17 23 28
25 67 70 17 24
26 53 35 50 17
25 80 87 47 53
17 26 22 12 74
68 17 27 31 37
53 49 17 28 74
26 29 89 17 29
88 58 80 63 18
19 78 46 50 42
18 20 89 20 22
89 18 21 6 76
71 8 18 22 37
19 40 85 18 23
73 58 33 33 18
24 65 87 61 83
18 25 7 63 10
3 18 26 52 80
29 56 18 27 70
57 80 92 18 28
17 23 76 59 18
29 1 46 43 31
19 20 85 63 49
46 19 21 73 37
76 19 19 22 19
10 36 35 19 23
99 83 26 63 19
24 91 45 82 52
19 25 81 39 88
17 19 26 32 80
44 10 19 27 22
48 15 53 19 28
56 63 87 41 19
29 52 34 29 85
20 21 31 11 6
39 20 22 3 42
22 59 20 23 17
71 55 34 20 24
21 63 73 41 20
25 24 6 58 52
20 26 33 32 84
21 20 27 38 43
31 35 20 28 71
75 71 27 20 29
16 73 20 4 21
22 91 51 59 83
21 23 97 49 78
96 21 24 88 48
97 36 21 25 43
56 21 49 21 26
24 5 39 28 21
27 17 42 66 63
21 28 5 57 8
62 21 29 81 58
48 90 22 23 85
91 89 67 22 24
94 32 32 48 22
25 22 13 69 53
22 26 44 79 58
28 22 27 43 33
58 32 22 28 4
14 37 45 22 29
73 69 54 64 23
24 62 71 45 38
23 25 43 82 52
42 23 26 33 68
24 32 23 27 64
34 75 66 23 28
56 74 64 62 23
29 51 25 38 17
24 25 38 86 54
44 24 26 73 72
66 24 24 27 85
53 87 32 24 28
7 6 2 20 24
29 27 31 18 30
25 26 83 74 80
18 25 27 90 30
81 50 25 28 33
78 39 46 25 29
16 21 37 39 26
27 80 74 53 64
26 28 67 59 27
39 26 29 24 65
49 84 27 28 29
5 53 9 27 29
34 86 72 15 28
29 70 93 61 16
