35 4
0.5 0.5 0.0 0.0 
0 1 68 72 64
71 0 2 91 87
91 80 0 3 32
38 34 32 0 4
41 45 35 42 0
5 41 36 49 35
0 6 96 83 94
83 0 7 52 54
44 51 0 8 16
24 25 27 0 9
42 50 48 50 0
10 54 47 51 50
0 11 94 89 88
90 0 12 10 18
22 10 0 13 33
30 33 40 0 14
91 88 92 92 0
15 29 29 38 27
0 16 90 84 80
86 0 17 33 35
31 39 0 18 85
80 85 78 0 19
75 72 78 73 0
20 76 64 74 67
0 21 77 66 77
67 0 22 11 15
19 22 0 23 8
7 9 7 0 24
68 64 71 64 0
25 0 13 12 1
0 26 9 21 10
17 0 27 1 16
2 2 0 28 56
62 60 61 0 29
42 37 46 44 0
30 95 87 87 90
0 31 85 76 85
72 0 32 64 69
61 59 0 33 89
82 89 88 0 34
22 19 20 28 1
2 3 14 14 4
1 3 33 30 40
34 1 4 76 77
72 64 1 5 94
93 90 85 1 6
25 24 33 27 1
7 16 28 23 24
1 8 83 73 73
76 1 9 74 69
78 64 1 10 36
39 35 44 1 11
94 87 81 83 1
12 14 19 20 15
1 13 67 58 62
64 1 14 34 44
32 39 1 15 93
88 80 94 1 16
64 58 62 56 1
17 3 8 15 11
1 18 97 92 88
90 1 19 85 77
82 84 1 20 18
28 25 28 1 21
26 32 26 29 1
22 7 15 11 16
1 23 50 47 50
51 1 24 45 39
44 49 1 25 44
44 40 45 1 26
11 16 15 18 1
27 50 55 48 53
1 28 33 39 36
32 1 29 31 40
37 30 1 30 13
15 24 21 1 31
4 16 8 6 1
32 56 48 54 50
1 33 15 19 24
22 1 34 92 80
89 88 2 3 24
33 25 34 2 4
65 60 55 62 2
5 5 5 15 16
2 6 90 91 78
77 2 7 27 32
28 37 2 8 76
77 72 77 2 9
99 86 92 90 2
10 50 43 48 52
2 11 6 12 12
19 2 12 55 59
50 49 2 13 53
49 57 56 2 14
73 76 70 65 2
15 33 29 43 30
2 16 12 22 21
17 2 17 2 3
16 8 2 18 60
53 51 63 2 19
4 9 17 17 2
20 78 78 77 78
2 21 91 81 85
81 2 22 94 92
93 81 2 23 75
67 78 69 2 24
75 64 64 68 2
25 35 37 38 36
2 26 5 17 15
15 2 27 23 24
26 33 2 28 17
14 25 18 2 29
34 43 37 29 2
30 5 13 16 11
2 31 99 87 86
90 2 32 93 87
91 87 2 33 95
85 91 88 2 34
31 41 41 38 3
4 48 44 46 53
3 5 3 3 8
11 3 6 80 75
70 75 3 7 9
16 19 10 3 8
38 38 43 43 3
9 71 68 71 62
3 10 62 54 54
59 3 11 62 62
55 59 3 12 9
22 21 13 3 13
10 11 15 21 3
14 49 47 44 45
3 15 47 53 53
41 3 16 32 42
28 28 3 17 55
56 55 50 3 18
27 29 34 37 3
19 12 14 13 13
3 20 25 33 24
29 3 21 50 43
46 55 3 22 64
60 68 56 3 23
36 34 37 39 3
24 75 65 75 76
3 25 16 17 23
16 3 26 72 66
75 71 3 27 76
65 76 67 3 28
73 64 63 65 3
29 27 31 35 31
3 30 94 81 81
88 3 31 79 77
68 80 3 32 41
44 40 37 3 33
10 17 20 22 3
34 16 14 20 27
4 5 5 18 4
9 4 6 81 77
79 79 4 7 59
58 57 57 4 8
47 41 46 42 4
9 38 36 45 38
4 10 62 55 60
55 4 11 28 31
36 27 4 12 65
68 67 57 4 13
76 76 65 68 4
14 63 68 62 56
4 15 8 17 11
13 4 16 18 29
28 15 4 17 14
14 16 20 4 18
44 39 38 42 4
19 96 89 85 86
4 20 4 16 9
10 4 21 90 85
84 92 4 22 49
49 53 49 4 23
42 40 46 46 4
24 88 88 86 81
4 25 88 84 82
88 4 26 6 18
10 16 4 27 76
76 66 76 4 28
19 24 23 23 4
29 61 58 63 62
4 30 43 45 38
44 4 31 3 14
13 18 4 32 15
24 21 23 4 33
12 15 24 16 4
34 22 22 31 25
5 6 45 44 43
48 5 7 74 68
75 69 5 8 79
69 80 79 5 9
59 51 53 61 5
10 28 36 26 30
5 11 11 20 13
11 5 12 8 7
14 20 5 13 78
77 71 73 5 14
3 5 17 11 5
15 60 56 64 63
5 16 18 20 21
21 5 17 25 22
34 32 5 18 11
12 21 21 5 19
43 48 38 50 5
20 54 56 56 46
5 21 55 55 47
61 5 22 64 64
63 55 5 23 74
73 64 72 5 24
56 48 58 49 5
25 75 77 78 72
5 26 81 84 72
75 5 27 72 69
66 73 5 28 12
11 16 11 5 29
68 61 65 71 5
30 93 93 83 88
5 31 4 7 9
9 5 32 55 47
50 51 5 33 77
72 78 66 5 34
74 76 76 74 6
7 30 38 36 32
6 8 68 68 60
72 6 9 25 31
25 32 6 10 24
31 32 33 6 11
32 36 28 42 6
12 42 43 40 41
6 13 15 22 25
17 6 14 18 15
24 26 6 15 77
73 73 67 6 16
98 85 96 95 6
17 19 17 31 18
6 18 58 58 61
55 6 19 86 76
87 86 6 20 93
83 80 84 6 21
57 50 54 57 6
22 24 21 24 24
6 23 17 28 16
17 6 24 66 61
71 68 6 25 77
67 72 74 6 26
45 48 44 50 6
27 81 76 73 76
6 28 23 33 30
23 6 29 31 33
32 30 6 30 31
29 33 30 6 31
29 32 33 33 6
32 69 65 69 72
6 33 67 62 65
65 6 34 20 21
18 22 7 8 85
74 87 78 7 9
11 14 23 11 7
10 23 22 24 20
7 11 40 34 46
42 7 12 44 48
41 41 7 13 46
52 52 44 7 14
69 67 73 73 7
15 29 27 40 30
7 16 57 59 49
53 7 17 43 38
51 47 7 18 69
59 67 64 7 19
6 12 10 13 7
20 30 30 39 40
7 21 74 68 75
70 7 22 56 59
47 60 7 23 12
11 17 22 7 24
38 45 45 44 7
25 50 53 53 47
7 26 13 22 19
26 7 27 9 20
21 18 7 28 86
88 86 88 7 29
32 39 31 35 7
30 92 89 84 92
7 31 39 46 37
46 7 32 24 29
32 31 7 33 24
30 25 31 7 34
78 70 78 80 8
9 76 68 65 77
8 10 37 42 42
34 8 11 0 7
5 14 8 12 64
64 61 61 8 13
54 47 49 57 8
14 51 52 53 47
8 15 76 70 76
72 8 16 82 71
78 84 8 17 13
18 22 11 8 18
0 4 6 10 8
19 50 43 58 51
8 20 48 48 46
54 8 21 41 37
48 44 8 22 17
20 20 27 8 23
41 43 44 41 8
24 25 27 22 28
8 25 14 13 18
20 8 26 93 89
87 89 8 27 25
36 25 33 8 28
77 67 70 67 8
29 17 28 25 15
8 30 67 57 60
69 8 31 52 51
51 48 8 32 60
58 56 61 8 33
62 59 59 59 8
34 57 63 62 49
9 10 30 29 34
38 9 11 27 30
25 32 9 12 95
93 93 91 9 13
71 64 65 64 9
14 25 31 34 31
9 15 91 92 83
84 9 16 84 81
72 81 9 17 54
59 58 58 9 18
99 91 93 98 9
19 90 85 91 84
9 20 8 14 16
8 9 21 17 21
21 29 9 22 67
68 70 71 9 23
92 91 82 91 9
24 40 37 40 39
9 25 52 52 48
48 9 26 52 48
50 58 9 27 89
89 87 78 9 28
6 10 16 19 9
29 72 66 63 61
9 30 16 24 27
28 9 31 90 89
85 79 9 32 80
77 78 78 9 33
87 83 82 87 9
34 93 81 93 81
10 11 65 58 59
66 10 12 74 63
77 73 10 13 37
44 36 45 10 14
52 47 45 56 10
15 73 67 73 77
10 16 94 85 91
86 10 17 34 32
39 29 10 18 70
61 66 72 10 19
0 9 4 9 10
20 86 80 81 85
10 21 45 40 47
49 10 22 63 57
63 57 10 23 38
37 44 38 10 24
9 17 21 9 10
25 82 75 73 76
10 26 80 71 77
81 10 27 46 44
46 45 10 28 74
68 69 77 10 29
3 14 3 9 10
30 34 38 39 32
10 31 57 53 54
62 10 32 35 37
41 30 10 33 75
77 70 66 10 34
94 93 86 84 11
12 47 47 53 47
11 13 91 78 82
82 11 14 92 83
90 89 11 15 77
73 78 73 11 16
78 71 79 76 11
17 27 27 23 34
11 18 41 36 50
42 11 19 62 56
65 59 11 20 36
39 36 35 11 21
85 74 87 77 11
22 88 76 89 77
11 23 89 88 82
76 11 24 80 76
75 73 11 25 32
40 40 37 11 26
65 58 64 69 11
27 0 4 1 11
11 28 0 10 1
15 11 29 95 90
90 92 11 30 93
92 85 85 11 31
19 17 31 25 11
32 82 73 83 82
11 33 64 57 57
69 11 34 84 81
82 76 12 13 60
62 62 59 12 14
29 31 36 25 12
15 24 32 33 24
12 16 33 38 34
28 12 17 67 67
61 65 12 18 76
71 70 70 12 19
67 64 62 59 12
20 4 13 12 6
12 21 33 32 38
38 12 22 64 65
55 58 12 23 14
24 15 25 12 24
96 85 93 86 12
25 65 70 55 62
12 26 23 25 20
29 12 27 86 75
87 87 12 28 49
54 54 53 12 29
17 15 17 15 12
30 57 62 60 50
12 31 44 38 38
43 12 32 87 80
84 88 12 33 98
89 98 98 12 34
55 48 55 61 13
14 73 65 74 66
13 15 52 58 48
57 13 16 78 79
69 67 13 17 64
55 62 59 13 18
25 27 29 28 13
19 60 53 65 54
13 20 32 33 33
42 13 21 98 84
84 97 13 22 93
85 81 85 13 23
83 75 84 74 13
24 62 59 59 60
13 25 41 49 43
42 13 26 97 83
97 90 13 27 73
67 64 70 13 28
45 50 48 46 13
29 45 46 48 44
13 30 37 37 36
37 13 31 32 32
39 40 13 32 19
19 23 18 13 33
39 35 34 46 13
34 14 12 13 13
14 15 12 19 22
22 14 16 2 8
12 16 14 17 48
44 42 54 14 18
66 67 63 61 14
19 92 87 86 82
14 20 57 56 50
50 14 21 31 28
41 29 14 22 74
67 64 69 14 23
5 8 5 12 14
24 2 5 3 7
14 25 71 67 62
61 14 26 62 64
66 66 14 27 60
58 59 63 14 28
98 96 93 95 14
29 18 29 27 30
14 30 24 22 32
26 14 31 31 34
41 30 14 32 94
85 80 94 14 33
28 27 24 28 14
34 49 47 43 53
15 16 40 35 45
46 15 17 32 33
31 33 15 18 46
45 50 45 15 19
48 52 46 54 15
20 3 12 11 8
15 21 53 47 45
52 15 22 52 54
45 57 15 23 42
36 42 36 15 24
42 48 42 37 15
25 32 35 33 29
15 26 13 25 15
23 15 27 29 35
26 28 15 28 2
13 8 16 15 29
35 31 36 33 15
30 28 33 36 31
15 31 5 7 12
11 15 32 87 86
79 84 15 33 37
41 42 36 15 34
53 60 58 54 16
17 36 36 43 44
16 18 69 73 62
70 16 19 73 75
68 63 16 20 56
57 54 62 16 21
87 81 77 87 16
22 35 34 33 33
16 23 8 14 9
22 16 24 86 87
79 77 16 25 36
34 34 34 16 26
21 24 29 30 16
27 11 15 11 16
16 28 51 58 53
45 16 29 44 47
51 45 16 30 36
34 34 37 16 31
5 6 13 14 16
32 3 7 5 3
16 33 82 71 83
78 16 34 57 57
59 60 17 18 90
79 89 85 17 19
85 83 85 83 17
20 37 36 41 35
17 21 0 4 6
11 17 22 55 54
59 51 17 23 25
25 25 36 17 24
34 40 35 30 17
25 42 41 44 43
17 26 27 27 37
29 17 27 47 53
45 54 17 28 92
92 84 78 17 29
37 32 46 37 17
30 3 12 16 11
17 31 62 63 64
66 17 32 96 84
94 90 17 33 93
85 92 87 17 34
72 66 64 68 18
19 33 37 41 36
18 20 32 42 37
36 18 21 98 93
84 92 18 22 64
59 55 60 18 23
45 47 50 51 18
24 35 43 30 30
18 25 26 28 27
28 18 26 16 18
25 22 18 27 39
39 36 36 18 28
24 25 28 30 18
29 10 14 15 11
18 30 44 51 51
42 18 31 38 35
38 44 18 32 82
75 80 82 18 33
49 56 55 42 18
34 83 82 82 71
19 20 42 46 41
48 19 21 57 58
57 52 19 22 59
59 58 52 19 23
73 74 76 63 19
24 50 55 51 44
19 25 46 49 41
50 19 26 94 94
85 82 19 27 27
33 34 35 19 28
40 38 47 47 19
29 92 90 86 89
19 30 85 86 84
82 19 31 82 70
70 76 19 32 42
38 40 38 19 33
28 27 28 36 19
34 54 53 57 54
20 21 14 23 15
20 20 22 54 52
61 60 20 23 45
42 44 39 20 24
61 55 57 55 20
25 90 89 86 84
20 26 83 78 81
81 20 27 41 44
43 38 20 28 26
33 30 29 20 29
40 45 39 38 20
30 57 53 54 62
20 31 66 62 69
70 20 32 90 80
78 84 20 33 88
82 83 78 20 34
35 44 33 34 21
22 69 67 62 63
21 23 32 32 30
32 21 24 46 43
43 51 21 25 42
41 42 48 21 26
53 53 55 48 21
27 75 71 70 69
21 28 73 75 73
65 21 29 80 74
81 83 21 30 86
75 81 76 21 31
34 35 40 38 21
32 48 45 41 51
21 33 41 35 43
39 21 34 79 78
74 75 22 23 22
32 20 21 22 24
16 28 15 15 22
25 79 72 67 71
22 26 92 92 93
83 22 27 10 13
14 9 22 28 11
12 15 23 22 29
0 1 5 7 22
30 30 36 39 26
22 31 73 72 70
68 22 32 42 44
36 50 22 33 15
26 13 27 22 34
35 30 37 30 23
24 81 83 79 73
23 25 46 51 40
43 23 26 80 74
72 75 23 27 48
47 46 52 23 28
30 30 31 28 23
29 52 52 54 45
23 30 22 24 31
19 23 31 20 23
25 28 23 32 42
43 48 49 23 33
83 74 78 75 23
34 40 39 45 46
24 25 22 21 31
27 24 26 84 84
80 71 24 27 85
74 75 80 24 28
68 68 67 60 24
29 68 62 67 67
24 30 90 87 90
84 24 31 93 87
92 83 24 32 38
44 41 39 24 33
28 25 26 25 24
34 86 82 80 77
25 26 81 81 73
72 25 27 15 20
15 25 25 28 79
80 82 74 25 29
62 53 59 58 25
30 27 24 34 24
25 31 90 87 87
89 25 32 1 10
5 2 25 33 45
39 41 42 25 34
81 82 82 75 26
27 23 27 20 28
26 28 30 39 39
32 26 29 32 35
29 41 26 30 34
33 30 38 26 31
50 47 57 43 26
32 92 86 91 81
26 33 55 49 47
49 26 34 70 63
70 68 27 28 18
26 24 19 27 29
24 30 29 25 27
30 82 70 78 79
27 31 17 15 29
15 27 32 36 38
33 37 27 33 0
12 2 10 27 34
76 66 77 65 28
29 84 80 84 85
28 30 66 58 64
59 28 31 79 69
69 75 28 32 45
42 52 52 28 33
47 53 44 50 28
34 16 23 27 15
29 30 82 80 74
74 29 31 17 25
20 28 29 32 9
10 17 8 29 33
72 67 73 75 29
34 35 32 34 31
30 31 72 70 70
72 30 32 40 44
48 41 30 33 13
12 12 13 30 34
51 47 50 50 31
32 40 47 45 41
31 33 69 70 63
70 31 34 22 31
30 28 32 33 41
42 39 48 32 34
40 47 47 48 33
34 33 42 32 34
