35 4
0.25 0.25 0.25 0.25 
0 1 47 57 54
64 0 2 33 37
39 41 0 3 85
68 60 73 0 4
82 49 42 69 0
5 25 32 61 27
0 6 17 32 14
10 0 7 86 44
45 77 0 8 21
50 22 25 0 9
46 61 52 59 0
10 12 9 25 51
0 11 1 7 47
41 0 12 75 87
39 37 0 13 42
36 64 31 0 14
89 68 92 78 0
15 13 35 31 30
0 16 85 51 72
81 0 17 11 44
33 19 0 18 85
68 80 86 0 19
42 43 23 28 0
20 88 87 86 77
0 21 88 46 76
83 0 22 39 20
52 19 0 23 82
85 62 46 0 24
3 39 21 10 0
25 92 71 54 91
0 26 92 80 92
85 0 27 16 46
45 38 0 28 63
56 49 42 0 29
50 56 60 56 0
30 7 30 14 20
0 31 42 23 42
32 0 32 61 75
79 78 0 33 22
23 39 40 0 34
52 61 56 66 1
2 77 40 46 83
1 3 84 75 66
49 1 4 99 90
67 50 1 5 39
41 68 31 1 6
15 29 8 36 1
7 69 36 55 34
1 8 19 52 43
44 1 9 66 49
47 33 1 10 38
57 46 32 1 11
7 13 14 21 1
12 70 67 65 58
1 13 59 66 33
46 1 14 28 46
30 44 1 15 43
29 44 39 1 16
65 72 74 64 1
17 87 77 63 87
1 18 8 30 4
30 1 19 31 47
55 47 1 20 67
45 55 76 1 21
77 39 42 67 1
22 8 7 48 16
1 23 73 76 51
81 1 24 0 26
27 26 1 25 22
17 19 19 1 26
53 32 55 71 1
27 89 61 47 52
1 28 30 28 54
40 1 29 68 58
79 36 1 30 49
63 38 33 1 31
58 42 69 57 1
32 49 69 61 52
1 33 5 24 4
11 1 34 74 48
72 55 2 3 85
44 80 44 2 4
13 31 54 43 2
5 35 56 65 39
2 6 85 48 87
89 2 7 15 29
9 21 2 8 46
57 63 54 2 9
49 66 58 56 2
10 27 28 19 57
2 11 53 66 52
69 2 12 95 69
68 72 2 13 79
58 68 61 2 14
50 40 53 27 2
15 88 52 55 72
2 16 55 73 70
75 2 17 90 46
80 45 2 18 55
55 43 31 2 19
46 67 56 67 2
20 87 91 85 92
2 21 37 65 47
18 2 22 55 77
57 48 2 23 54
52 27 61 2 24
33 45 18 25 2
25 56 38 42 47
2 26 59 48 62
48 2 27 50 60
49 48 2 28 1
15 15 11 2 29
31 46 31 20 2
30 80 63 77 78
2 31 81 45 43
56 2 32 88 79
89 62 2 33 20
14 36 45 2 34
42 52 47 30 3
4 56 57 55 36
3 5 94 71 90
90 3 6 54 76
32 58 3 7 81
48 49 54 3 8
70 62 40 44 3
9 86 76 59 83
3 10 7 19 33
19 3 11 94 88
96 72 3 12 63
44 67 41 3 13
22 42 37 58 3
14 37 56 23 45
3 15 0 35 34
42 3 16 37 61
27 52 3 17 7
52 43 38 3 18
62 63 75 45 3
19 60 68 32 41
3 20 30 33 30
23 3 21 3 27
4 16 3 22 49
29 50 52 3 23
82 52 52 65 3
24 49 64 49 61
3 25 40 49 69
31 3 26 88 93
80 81 3 27 47
64 30 67 3 28
31 21 35 25 3
29 21 33 34 33
3 30 3 11 9
34 3 31 10 10
24 8 3 32 98
58 55 77 3 33
98 56 73 53 3
34 9 7 17 28
4 5 17 25 21
12 4 6 73 80
59 62 4 7 86
71 52 67 4 8
64 78 40 35 4
9 18 57 25 18
4 10 83 79 89
59 4 11 1 18
38 44 4 12 10
11 53 18 4 13
60 64 40 59 4
14 92 51 48 79
4 15 86 83 59
48 4 16 82 54
49 49 4 17 58
58 59 29 4 18
80 68 73 52 4
19 28 60 62 40
4 20 26 18 57
38 4 21 43 29
56 52 4 22 62
61 50 59 4 23
58 38 39 53 4
24 52 50 43 29
4 25 7 6 45
15 4 26 5 9
5 30 4 27 13
38 17 16 4 28
17 18 26 21 4
29 61 64 71 50
4 30 29 58 49
39 4 31 26 41
57 41 4 32 33
23 58 36 4 33
98 91 88 81 4
34 21 23 41 57
5 6 58 31 58
60 5 7 94 81
90 52 5 8 41
70 32 70 5 9
11 23 28 51 5
10 31 58 21 59
5 11 94 97 69
68 5 12 84 43
66 50 5 13 55
68 61 77 5 14
46 68 30 65 5
15 46 58 68 40
5 16 90 81 62
70 5 17 33 58
17 55 5 18 31
54 17 26 5 19
66 64 57 72 5
20 82 45 44 78
5 21 18 22 35
44 5 22 99 98
91 76 5 23 63
73 75 67 5 24
75 38 78 54 5
25 47 68 70 44
5 26 91 56 92
65 5 27 53 44
30 63 5 28 57
30 63 30 5 29
2 19 3 21 5
30 77 72 81 48
5 31 55 73 63
46 5 32 28 20
15 44 5 33 36
46 35 65 5 34
23 37 54 54 6
7 40 53 63 46
6 8 18 26 43
25 6 9 31 54
48 39 6 10 64
33 47 79 6 11
10 45 47 42 6
12 42 32 38 48
6 13 68 69 42
76 6 14 97 55
58 61 6 15 2
16 28 10 6 16
75 65 38 82 6
17 31 62 30 40
6 18 6 11 49
11 6 19 45 52
68 32 6 20 90
77 83 49 6 21
50 34 37 71 6
22 91 91 70 70
6 23 85 84 65
87 6 24 90 60
69 58 6 25 54
44 54 30 6 26
58 36 48 42 6
27 25 50 13 47
6 28 5 22 14
47 6 29 56 59
44 57 6 30 42
45 46 33 6 31
25 38 45 53 6
32 29 39 61 31
6 33 38 47 40
45 6 34 48 54
62 25 7 8 55
64 45 60 7 9
62 32 75 49 7
10 61 70 56 79
7 11 17 34 31
48 7 12 61 43
69 80 7 13 84
75 56 76 7 14
18 17 23 53 7
15 47 30 51 40
7 16 19 12 46
59 7 17 2 50
45 34 7 18 17
51 53 37 7 19
21 12 18 27 7
20 78 80 54 44
7 21 86 87 60
87 7 22 5 25
42 12 7 23 37
61 64 36 7 24
52 67 69 58 7
25 11 29 51 9
7 26 10 46 14
40 7 27 21 59
18 31 7 28 55
63 70 42 7 29
44 30 41 61 7
30 4 16 32 35
7 31 81 48 58
80 7 32 97 54
92 88 7 33 46
23 31 36 7 34
91 70 69 67 8
9 23 26 43 34
8 10 55 69 57
53 8 11 94 88
96 64 8 12 67
78 39 44 8 13
81 82 46 68 8
14 4 22 27 24
8 15 21 31 36
21 8 16 1 47
45 18 8 17 56
32 34 63 8 18
50 63 69 53 8
19 81 58 88 61
8 20 94 53 54
56 8 21 51 73
31 61 8 22 48
71 68 35 8 23
55 35 70 43 8
24 64 71 41 43
8 25 34 47 37
18 8 26 93 62
71 82 8 27 78
40 84 82 8 28
54 49 76 71 8
29 59 46 76 75
8 30 4 8 16
17 8 31 45 26
49 62 8 32 89
77 69 54 8 33
98 63 49 61 8
34 85 75 45 45
9 10 32 48 26
40 9 11 66 43
49 58 9 12 36
59 35 19 9 13
31 52 43 42 9
14 98 97 76 76
9 15 66 55 65
80 9 16 62 33
33 47 9 17 22
43 47 18 9 18
52 31 39 30 9
19 55 29 60 66
9 20 61 67 46
61 9 21 26 23
51 39 9 22 95
53 77 97 9 23
67 38 64 47 9
24 56 52 40 42
9 25 85 51 49
82 9 26 23 53
18 20 9 27 93
55 66 50 9 28
42 53 69 42 9
29 42 31 60 56
9 30 28 39 52
21 9 31 27 48
38 59 9 32 23
19 18 20 9 33
64 36 57 48 9
34 57 35 51 63
10 11 64 59 69
60 10 12 52 75
51 40 10 13 71
58 38 71 10 14
89 50 92 77 10
15 0 42 8 10
10 16 16 51 14
21 10 17 76 41
86 42 10 18 81
59 68 61 10 19
0 12 6 41 10
20 41 51 39 39
10 21 2 44 1
19 10 22 92 73
62 60 10 23 45
63 26 59 10 24
62 52 46 40 10
25 63 79 32 68
10 26 97 55 93
57 10 27 13 29
18 30 10 28 39
31 49 43 10 29
56 36 62 31 10
30 36 35 32 49
10 31 21 57 34
12 10 32 56 78
40 77 10 33 70
59 65 48 10 34
58 45 67 46 11
12 96 59 86 59
11 13 58 65 53
51 11 14 54 50
48 65 11 15 37
43 39 66 11 16
69 54 77 80 11
17 24 28 24 12
11 18 55 50 46
62 11 19 43 24
41 65 11 20 37
26 37 61 11 21
94 86 90 72 11
22 27 14 37 15
11 23 31 48 55
54 11 24 77 71
72 68 11 25 61
79 44 74 11 26
20 54 39 27 11
27 22 29 34 29
11 28 64 36 79
43 11 29 26 57
14 27 11 30 39
39 61 46 11 31
85 77 79 51 11
32 55 75 53 37
11 33 90 65 45
69 11 34 93 84
94 48 12 13 59
29 61 41 12 14
78 67 70 77 12
15 28 43 21 48
12 16 69 70 59
83 12 17 94 50
77 96 12 18 52
38 43 35 12 19
57 58 67 55 12
20 25 27 36 52
12 21 5 14 37
14 12 22 62 69
70 67 12 23 85
65 78 75 12 24
96 63 81 77 12
25 37 62 54 54
12 26 83 90 66
81 12 27 56 54
57 31 12 28 60
50 56 35 12 29
40 21 21 50 12
30 40 28 26 27
12 31 73 54 77
80 12 32 79 50
88 88 12 33 1
7 40 30 12 34
57 64 63 58 13
14 12 8 11 35
13 15 38 66 42
29 13 16 4 13
40 15 13 17 14
15 23 14 13 18
75 40 83 44 13
19 60 32 70 59
13 20 67 39 44
39 13 21 9 23
43 53 13 22 89
53 74 56 13 23
0 18 34 10 13
24 95 53 81 81
13 25 91 67 80
64 13 26 93 66
63 83 13 27 48
49 30 46 13 28
11 48 44 48 13
29 91 71 92 49
13 30 27 40 18
37 13 31 13 18
18 34 13 32 26
32 48 49 13 33
94 76 60 89 13
34 36 30 20 22
14 15 73 84 62
74 14 16 54 67
72 47 14 17 20
18 28 35 14 18
74 44 72 81 14
19 32 25 59 64
14 20 75 52 40
59 14 21 70 68
43 58 14 22 94
74 51 52 14 23
24 22 15 21 14
24 57 39 38 69
14 25 52 32 27
47 14 26 64 51
35 49 14 27 68
56 57 71 14 28
92 68 85 50 14
29 20 23 16 59
14 30 67 56 49
36 14 31 23 31
19 15 14 32 76
54 84 58 14 33
42 47 24 54 14
34 57 61 55 39
15 16 45 60 38
63 15 17 4 16
51 40 15 18 81
48 55 87 15 19
26 43 39 35 15
20 12 48 49 24
15 21 9 51 51
54 15 22 81 77
75 87 15 23 81
46 70 42 15 24
25 38 50 13 15
25 22 30 53 48
15 26 53 62 66
76 15 27 95 51
71 93 15 28 24
18 35 15 15 29
58 32 46 50 15
30 0 9 8 47
15 31 22 14 34
12 15 32 8 48
6 8 15 33 2
44 45 37 15 34
7 14 51 13 16
17 57 40 58 29
16 18 24 59 49
53 16 19 45 34
33 45 16 20 32
28 54 52 16 21
46 45 60 27 16
22 66 78 62 63
16 23 68 81 42
43 16 24 20 17
48 58 16 25 7
38 14 43 16 26
3 16 30 41 16
27 30 19 30 36
16 28 3 8 47
7 16 29 33 23
16 65 16 30 55
66 70 60 16 31
85 90 64 71 16
32 51 57 65 30
16 33 42 60 41
49 16 34 17 36
58 41 17 18 70
75 79 42 17 19
89 48 51 45 17
20 32 60 25 28
17 21 81 82 41
84 17 22 95 74
96 67 17 23 71
84 71 60 17 24
15 57 35 27 17
25 74 80 45 76
17 26 63 63 69
63 17 27 46 60
53 28 17 28 63
77 60 63 17 29
26 25 53 52 17
30 24 40 18 25
17 31 25 19 56
60 17 32 93 54
93 62 17 33 4
11 48 35 17 34
44 69 46 61 18
19 74 61 57 80
18 20 95 56 89
84 18 21 52 30
46 73 18 22 3
32 26 31 18 23
2 7 42 6 18
24 84 80 82 84
18 25 25 41 46
28 18 26 53 45
49 52 18 27 9
35 10 7 18 28
39 28 36 46 18
29 95 91 53 48
18 30 13 40 39
37 18 31 40 52
29 60 18 32 39
57 50 43 18 33
58 52 70 35 18
34 43 28 31 52
19 20 93 83 54
51 19 21 33 53
59 54 19 22 92
85 60 72 19 23
8 49 34 27 19
24 82 58 59 68
19 25 98 97 56
75 19 26 42 60
35 24 19 27 87
91 62 56 19 28
47 34 26 47 19
29 16 37 29 45
19 30 87 82 89
85 19 31 24 50
35 38 19 32 30
26 29 42 19 33
31 44 25 25 19
34 75 60 85 39
20 21 72 76 61
63 20 22 6 31
46 24 20 23 16
27 13 9 20 24
41 60 41 25 20
25 7 47 26 48
20 26 10 51 30
17 20 27 75 79
76 52 20 28 34
50 43 19 20 29
22 54 59 33 20
30 2 3 19 33
20 31 29 19 52
64 20 32 4 18
46 23 20 33 85
69 73 76 20 34
15 20 30 25 21
22 36 58 21 25
21 23 36 26 53
23 21 24 19 57
25 31 21 25 57
41 51 76 21 26
16 37 22 37 21
27 28 62 43 37
21 28 56 32 44
33 21 29 70 83
74 60 21 30 65
35 41 49 21 31
7 42 31 29 21
32 27 36 22 53
21 33 0 15 37
0 21 34 7 3
27 42 22 23 70
38 82 56 22 24
99 70 52 71 22
25 52 33 29 45
22 26 37 49 40
48 22 27 19 52
31 51 22 28 1
4 46 18 22 29
73 71 51 41 22
30 28 40 55 42
22 31 79 72 81
42 22 32 80 50
50 85 22 33 46
46 31 36 22 34
6 34 48 28 23
24 44 43 43 52
23 25 82 62 67
77 23 26 66 51
71 50 23 27 19
54 44 49 23 28
19 19 10 12 23
29 11 27 14 16
23 30 70 60 59
47 23 31 58 75
66 53 23 32 89
53 71 51 23 33
4 42 33 24 23
34 90 86 48 45
24 25 93 84 57
64 24 26 7 37
46 27 24 27 77
83 55 88 24 28
57 52 51 51 24
29 97 71 65 62
24 30 91 88 94
46 24 31 64 57
48 62 24 32 64
62 47 74 24 33
46 28 56 56 24
34 66 39 68 72
25 26 33 27 25
51 25 27 95 88
56 52 25 28 2
13 24 49 25 29
42 52 29 62 25
30 6 34 25 37
25 31 73 80 42
54 25 32 42 48
38 69 25 33 37
64 39 65 25 34
84 53 50 74 26
27 77 80 39 68
26 28 72 49 62
46 26 29 32 28
37 53 26 30 34
51 26 44 26 31
30 50 48 55 26
32 28 58 47 43
26 33 37 62 42
53 26 34 21 58
40 17 27 28 82
45 42 60 27 29
27 18 17 24 27
30 22 54 52 43
27 31 71 43 48
73 27 32 67 64
56 74 27 33 5
6 45 5 27 34
56 65 55 43 28
29 75 45 75 73
28 30 0 2 47
29 28 31 99 95
59 84 28 32 29
32 53 23 28 33
66 58 74 35 28
34 19 26 37 56
29 30 1 26 41
26 29 31 21 46
14 26 29 32 44
46 36 33 29 33
10 40 52 18 29
34 0 16 17 26
30 31 92 73 92
87 30 32 69 60
41 53 30 33 13
50 53 45 30 34
75 61 83 82 31
32 14 52 34 37
31 33 93 93 88
52 31 34 36 67
43 61 32 33 88
76 48 79 32 34
65 62 43 79 33
34 65 59 65 52
