38 4
0.333333 0.333333 0.333333 0.0 
0 1 40 25 29
25 0 2 50 29
41 22 0 3 81
85 33 55 0 4
53 55 36 86 0
5 10 47 28 2
0 6 79 78 77
66 0 7 76 17
82 23 0 8 24
76 17 23 0 9
4 22 76 14 0
10 22 70 12 57
0 11 34 69 10
74 0 12 58 32
36 76 0 13 6
34 20 52 0 14
41 10 69 74 0
15 32 7 49 15
0 16 97 41 48
75 0 17 67 54
70 87 0 18 94
63 59 98 0 19
53 24 67 71 0
20 49 61 40 48
0 21 53 68 86
89 0 22 32 79
63 21 0 23 43
24 23 15 0 24
6 27 42 39 0
25 28 42 42 44
0 26 97 19 34
82 0 27 7 34
71 60 0 28 37
35 11 47 0 29
94 60 32 56 0
30 72 58 80 54
0 31 29 68 19
80 0 32 41 62
71 57 0 33 49
40 72 77 0 34
20 14 46 69 0
35 71 80 88 69
0 36 52 40 71
21 0 37 10 4
20 44 1 2 10
71 75 32 1 3
89 22 47 82 1
4 12 82 71 66
1 5 25 32 49
84 1 6 65 52
17 55 1 7 73
42 33 64 1 8
79 90 75 32 1
9 22 51 5 78
1 10 7 74 50
61 1 11 13 65
74 22 1 12 32
16 78 44 1 13
28 20 22 6 1
14 55 17 46 36
1 15 34 12 50
60 1 16 87 23
43 44 1 17 16
27 15 81 1 18
29 7 38 64 1
19 28 12 7 41
1 20 4 23 56
46 1 21 75 36
50 40 1 22 82
43 28 18 1 23
87 74 35 26 1
24 50 85 47 31
1 25 45 25 70
54 1 26 64 32
22 29 1 27 47
70 41 29 1 28
73 42 62 23 1
29 25 55 50 8
1 30 65 55 85
22 1 31 58 65
71 35 1 32 68
90 50 80 1 33
27 27 81 36 1
34 1 34 59 79
1 35 29 16 39
8 1 36 64 66
19 83 1 37 92
41 24 29 2 3
73 93 60 37 2
4 61 35 47 20
2 5 25 16 54
35 2 6 7 1
9 33 2 7 64
90 19 58 2 8
97 36 73 39 2
9 45 60 64 24
2 10 63 87 36
24 2 11 20 80
21 34 2 12 39
32 17 9 2 13
10 60 45 53 2
14 47 13 16 82
2 15 24 65 7
56 2 16 47 28
50 39 2 17 78
47 23 37 2 18
87 87 51 38 2
19 97 70 62 33
2 20 99 21 38
45 2 21 57 75
60 41 2 22 3
68 6 29 2 23
99 89 40 67 2
24 56 17 47 49
2 25 63 67 26
74 2 26 90 26
49 92 2 27 7
36 80 43 2 28
46 58 20 73 2
29 81 31 48 82
2 30 84 48 87
84 2 31 98 37
43 64 2 32 36
54 29 12 2 33
17 62 59 61 2
34 58 47 48 44
2 35 84 92 24
21 2 36 20 44
71 60 2 37 12
53 45 30 3 4
47 19 86 30 3
5 2 67 20 68
3 6 30 69 42
42 3 7 78 75
68 47 3 8 40
68 34 85 3 9
28 29 56 52 3
10 76 89 79 31
3 11 70 27 23
69 3 12 9 17
24 56 3 13 78
44 74 70 3 14
74 76 39 78 3
15 98 52 25 66
3 16 61 74 89
44 3 17 36 24
73 56 3 18 13
66 29 58 3 19
71 93 70 39 3
20 25 23 84 21
3 21 90 89 80
75 3 22 19 69
12 52 3 23 10
66 79 21 3 24
34 83 18 66 3
25 70 51 86 89
3 26 36 59 64
11 3 27 21 40
20 50 3 28 52
23 51 69 3 29
73 92 31 52 3
30 40 10 44 34
3 31 52 41 34
47 3 32 97 50
45 44 3 33 36
13 27 69 3 34
8 18 69 52 3
35 77 31 93 57
3 36 35 42 37
13 3 37 58 60
80 49 4 5 23
20 72 77 4 6
37 50 28 29 4
7 43 28 20 43
4 8 95 97 68
78 4 9 95 37
63 79 4 10 79
68 57 69 4 11
51 18 26 20 4
12 31 80 10 78
4 13 13 53 32
32 4 14 35 16
58 34 4 15 31
20 24 15 4 16
14 63 69 71 4
17 56 72 43 19
4 18 44 46 71
86 4 19 84 46
42 17 4 20 90
88 54 78 4 21
75 64 89 56 4
22 6 73 48 53
4 23 75 65 32
85 4 24 92 28
26 93 4 25 89
73 76 97 4 26
31 46 83 82 4
27 10 50 27 60
4 28 92 67 41
31 4 29 21 66
34 13 4 30 71
24 91 70 4 31
84 69 47 24 4
32 60 40 14 67
4 33 34 44 84
73 4 34 19 26
38 6 4 35 4
27 21 6 4 36
73 81 49 20 4
37 4 31 4 2
5 6 84 82 77
19 5 7 63 87
60 76 5 8 68
36 54 23 5 9
14 68 62 66 5
10 40 69 42 59
5 11 64 44 73
91 5 12 69 76
59 86 5 13 16
20 49 63 5 14
64 56 41 64 5
15 41 71 50 62
5 16 57 64 56
25 5 17 27 27
7 75 5 18 10
52 28 10 5 19
61 48 19 48 5
20 88 39 70 28
5 21 45 64 69
56 5 22 46 86
53 62 5 23 45
53 25 45 5 24
39 55 33 77 5
25 67 35 51 88
5 26 54 52 28
27 5 27 66 17
22 46 5 28 33
58 52 47 5 29
49 80 28 61 5
30 56 44 22 55
5 31 27 18 61
43 5 32 15 52
9 33 5 33 96
49 64 84 5 34
64 15 63 65 5
35 0 57 19 49
5 36 89 46 46
36 5 37 11 11
40 20 6 7 17
50 34 42 6 8
49 36 70 80 6
9 1 40 63 2
6 10 86 38 92
54 6 11 92 34
68 95 6 12 47
12 45 68 6 13
60 61 14 31 6
14 51 31 36 64
6 15 22 61 61
54 6 16 68 60
81 48 6 17 79
80 38 56 6 18
35 26 21 37 6
19 99 35 63 74
6 20 52 75 85
65 6 21 58 71
62 82 6 22 68
85 50 90 6 23
71 47 62 16 6
24 30 33 10 47
6 25 78 71 31
25 6 26 85 35
17 33 6 27 6
61 4 61 6 28
13 25 31 53 6
29 17 56 58 30
6 30 97 56 85
44 6 31 64 14
30 72 6 32 49
89 26 53 6 33
85 71 90 17 6
34 20 31 43 83
6 35 67 68 91
55 6 36 53 72
86 24 6 37 47
19 53 34 7 8
92 44 64 46 7
9 17 55 47 50
7 10 5 50 10
65 7 11 64 41
62 70 7 12 34
79 81 62 7 13
2 68 4 43 7
14 0 49 13 14
7 15 40 37 69
55 7 16 76 30
28 40 7 17 54
82 34 82 7 18
31 80 52 61 7
19 81 55 24 67
7 20 31 28 61
53 7 21 4 63
38 34 7 22 48
11 61 44 7 23
46 29 31 68 7
24 23 75 68 69
7 25 96 26 89
35 7 26 83 87
35 52 7 27 83
47 72 79 7 28
84 59 56 81 7
29 61 62 39 75
7 30 9 34 36
32 7 31 67 67
61 86 7 32 60
67 30 73 7 33
56 57 38 20 7
34 66 39 16 80
7 35 5 3 33
51 7 36 40 45
40 66 7 37 74
54 47 35 8 9
52 60 52 12 8
10 96 33 32 28
8 11 86 56 87
45 8 12 93 28
76 98 8 13 63
33 72 38 8 14
54 63 30 72 8
15 17 31 27 31
8 16 13 66 5
72 8 17 36 77
46 40 8 18 51
29 36 27 8 19
84 52 68 58 8
20 69 39 50 89
8 21 99 86 44
45 8 22 40 69
23 87 8 23 96
37 86 92 8 24
97 94 29 39 8
25 82 40 74 63
8 26 85 34 53
64 8 27 71 60
56 73 8 28 73
66 38 39 8 29
15 77 66 74 8
30 4 80 11 46
8 31 81 69 23
64 8 32 87 84
79 45 8 33 96
86 37 55 8 34
13 7 45 45 8
35 79 64 53 50
8 36 87 44 66
43 8 37 78 29
50 21 9 10 68
92 28 93 9 11
69 56 59 49 9
12 20 53 78 77
9 13 9 34 18
16 9 14 71 34
55 45 9 15 67
44 54 19 9 16
16 4 27 25 9
17 25 33 30 35
9 18 93 24 38
56 9 19 54 61
56 74 9 20 15
24 55 15 9 21
70 48 38 66 9
22 75 76 45 41
9 23 74 39 79
34 9 24 73 49
17 62 9 25 24
80 20 81 9 26
1 49 25 58 9
27 60 20 90 77
9 28 55 44 50
44 9 29 94 73
93 53 9 30 48
47 79 39 9 31
11 13 33 45 9
32 18 72 20 42
9 33 60 60 51
22 9 34 89 93
52 22 9 35 87
52 68 29 9 36
49 18 45 32 9
37 70 72 75 19
10 11 57 75 46
17 10 12 24 16
70 49 10 13 90
25 62 61 10 14
21 24 25 35 10
15 1 44 4 42
10 16 1 4 15
55 10 17 24 24
38 66 10 18 26
70 44 29 10 19
50 75 20 45 10
20 63 46 27 88
10 21 23 33 41
19 10 22 25 37
43 44 10 23 7
25 40 37 10 24
75 63 64 56 10
25 84 94 59 79
10 26 15 35 48
80 10 27 18 6
38 10 10 28 14
80 49 31 10 29
39 34 86 34 10
30 1 4 19 16
10 31 66 32 80
57 10 32 80 18
48 21 10 33 36
41 70 47 10 34
52 36 61 21 10
35 80 68 89 68
10 36 52 34 53
62 10 37 27 39
34 29 11 12 84
40 34 19 11 13
82 82 42 59 11
14 18 28 39 45
11 15 18 57 58
47 11 16 64 33
30 17 11 17 12
74 66 64 11 18
95 33 49 24 11
19 34 10 86 86
11 20 36 50 67
26 11 21 7 57
43 47 11 22 66
81 56 22 11 23
32 71 36 54 11
24 23 37 64 69
11 25 99 54 69
70 11 26 28 62
30 22 11 27 47
62 84 30 11 28
10 15 32 79 11
29 73 77 18 22
11 30 13 45 3
57 11 31 36 84
49 21 11 32 91
62 86 43 11 33
93 46 87 43 11
34 61 59 85 58
11 35 81 35 69
56 11 36 37 21
85 60 11 37 64
25 57 43 12 13
83 81 75 64 12
14 31 60 78 33
12 15 12 29 45
10 12 16 2 35
50 49 12 17 36
28 20 73 12 18
15 76 3 19 12
19 80 92 39 73
12 20 48 58 87
42 12 21 17 27
6 13 12 22 60
68 88 43 12 23
91 91 78 84 12
24 91 61 50 21
12 25 12 46 73
76 12 26 70 30
38 50 12 27 29
33 19 82 12 28
15 65 9 61 12
29 3 55 17 58
12 30 36 59 32
31 12 31 74 35
49 64 12 32 79
62 87 56 12 33
64 33 65 19 12
34 91 46 70 72
12 35 67 23 37
35 12 36 53 78
88 39 12 37 74
42 93 57 13 14
28 10 45 26 13
15 32 12 36 29
13 16 65 87 18
73 13 17 82 24
96 18 13 18 95
59 36 41 13 19
57 89 18 15 13
20 7 54 51 5
13 21 11 25 48
22 13 22 13 60
33 56 13 23 79
24 40 44 13 24
21 37 81 44 13
25 16 6 59 51
13 26 54 22 15
19 13 27 12 47
4 53 13 28 35
24 39 81 13 29
9 76 77 63 13
30 30 76 18 67
13 31 59 39 62
26 13 32 21 7
45 38 13 33 19
83 25 21 13 34
34 43 77 26 13
35 46 47 87 80
13 36 21 60 38
4 13 37 17 38
44 69 14 15 47
41 25 68 14 16
35 8 65 12 14
17 41 74 54 50
14 18 29 48 53
79 14 19 22 64
33 23 14 20 86
57 62 55 14 21
59 15 37 26 14
22 49 21 50 39
14 23 20 47 54
48 14 24 53 24
61 25 14 25 41
20 73 47 14 26
98 86 91 48 14
27 80 34 60 39
14 28 37 25 27
34 14 29 76 17
35 47 14 30 12
50 26 65 14 31
20 9 59 44 14
32 49 67 41 18
14 33 71 49 55
80 14 34 52 16
88 20 14 35 35
34 40 24 14 36
55 74 74 13 14
37 79 27 48 95
15 16 21 70 68
59 15 17 54 46
31 32 15 18 64
53 45 42 15 19
76 62 79 52 15
20 78 52 30 26
15 21 23 40 12
71 15 22 29 41
57 39 15 23 47
65 35 17 15 24
94 23 48 88 15
25 88 39 95 93
15 26 76 77 72
55 15 27 72 48
76 72 15 28 88
67 30 34 15 29
93 46 26 96 15
30 74 88 58 32
15 31 52 27 15
32 15 32 42 12
66 42 15 33 13
71 58 7 15 34
18 10 40 26 15
35 16 83 47 81
15 36 98 43 82
30 15 37 1 5
71 31 16 17 17
47 58 31 16 18
46 78 24 36 16
19 73 43 77 59
16 20 13 76 62
30 16 21 26 24
8 13 16 22 29
42 39 29 16 23
78 84 22 46 16
24 40 62 76 20
16 25 18 43 35
8 16 26 12 69
13 35 16 27 85
80 51 63 16 28
96 75 59 22 16
29 72 78 19 68
16 30 9 32 30
67 16 31 0 7
51 19 16 32 42
75 47 78 16 33
4 14 72 67 16
34 67 54 54 13
16 35 31 20 10
53 16 36 20 16
66 44 16 37 58
82 41 67 17 18
3 43 17 59 17
19 59 33 75 42
17 20 48 32 66
37 17 21 96 46
23 51 17 22 15
19 34 7 17 23
78 41 61 67 17
24 71 33 74 90
17 25 91 66 80
40 17 26 46 74
42 17 17 27 37
75 72 25 17 28
76 22 88 27 17
29 34 70 31 41
17 30 94 81 97
59 17 31 14 75
32 15 17 32 88
48 38 52 17 33
31 13 17 82 17
34 9 40 63 24
17 35 51 69 57
43 17 36 44 14
64 9 17 37 86
62 35 23 18 19
26 15 22 29 18
20 11 8 34 53
18 21 37 28 30
41 18 22 80 61
34 22 18 23 9
68 65 13 18 24
17 48 67 6 18
25 77 47 20 94
18 26 27 40 28
15 18 27 96 82
89 76 18 28 35
41 82 79 18 29
48 20 68 33 18
30 33 61 71 18
18 31 2 58 29
38 18 32 4 22
80 78 18 33 87
87 60 82 18 34
55 52 50 71 18
35 63 61 78 26
18 36 93 86 58
74 18 37 0 53
13 30 19 20 73
21 15 62 19 21
99 31 53 48 19
22 81 93 44 26
19 23 31 41 69
38 19 24 23 61
48 55 19 25 6
59 25 68 19 26
55 12 78 55 19
27 98 93 72 84
19 28 88 25 19
53 19 29 6 26
17 33 19 30 99
24 63 96 19 31
76 56 64 57 19
32 53 77 40 28
19 33 23 70 52
62 19 34 78 30
23 69 19 35 88
67 54 74 19 36
30 27 6 35 19
37 24 77 31 76
20 21 52 59 61
46 20 22 7 24
13 17 20 23 77
54 58 92 20 24
6 33 30 9 20
25 61 29 88 34
20 26 17 65 43
51 20 27 71 21
30 31 20 28 67
34 14 55 20 29
24 10 39 84 20
30 2 22 5 58
20 31 89 83 82
54 20 32 20 17
69 69 20 33 58
78 71 23 20 34
61 24 60 86 20
35 8 53 37 65
20 36 72 81 82
86 20 37 33 64
58 76 21 22 79
73 80 53 21 23
80 20 38 21 21
24 53 32 72 43
21 25 26 85 84
65 21 26 28 56
53 65 21 27 80
34 62 76 21 28
58 36 83 67 21
29 34 24 28 55
21 30 44 77 26
16 21 31 74 42
31 61 21 32 74
28 16 73 21 33
74 88 88 27 21
34 32 10 6 26
21 35 53 63 37
83 21 36 91 97
26 18 21 37 74
36 32 77 22 23
40 58 20 67 22
24 68 93 37 73
22 25 72 67 38
42 22 26 20 55
69 26 22 27 17
42 13 31 22 28
45 80 58 34 22
29 64 18 53 52
22 30 43 61 66
72 22 31 7 40
24 75 22 32 17
49 12 12 22 33
3 35 73 38 22
34 84 59 83 93
22 35 12 62 58
24 22 36 81 68
21 81 22 37 66
37 57 38 23 24
93 75 31 60 23
25 35 85 84 19
23 26 33 52 67
40 23 27 39 16
59 17 23 28 39
52 55 52 23 29
87 50 18 29 23
30 89 73 36 73
23 31 4 19 75
20 23 32 14 53
36 78 23 33 34
86 86 64 23 34
96 53 25 55 23
35 37 28 49 12
23 36 92 43 89
83 23 37 92 78
20 38 24 25 95
21 22 27 24 26
75 90 26 77 24
27 76 38 29 24
24 28 42 33 66
73 24 29 40 43
48 59 24 30 92
55 26 25 24 31
51 35 77 11 24
32 32 76 45 42
24 33 47 19 34
59 24 34 38 69
51 47 24 35 88
24 93 84 24 36
57 25 27 25 24
37 61 82 31 13
25 26 89 66 46
33 25 27 36 23
9 21 25 28 84
43 81 44 25 29
20 83 8 80 25
30 42 13 72 72
25 31 88 49 65
37 25 32 14 49
76 26 25 33 47
78 83 29 25 34
76 39 27 35 25
35 28 42 52 62
25 36 35 84 59
27 25 37 16 78
40 30 26 27 92
91 88 93 26 28
42 34 16 83 26
29 96 46 92 91
26 30 14 54 80
80 26 31 99 49
56 35 26 32 83
37 87 95 26 33
56 85 52 85 26
34 85 30 87 69
26 35 70 43 90
78 26 36 0 49
75 35 26 37 65
49 85 23 27 28
84 33 78 84 27
29 30 85 33 18
27 30 22 57 59
41 27 31 26 37
14 39 27 32 59
87 65 57 27 33
86 90 21 63 27
34 20 9 77 17
27 35 19 14 4
59 27 36 76 34
38 23 27 37 75
92 77 23 28 29
45 11 74 52 28
30 45 79 19 53
28 31 71 74 29
20 28 32 5 15
51 58 28 33 82
47 20 18 28 34
52 52 10 75 28
35 72 84 83 91
28 36 35 16 21
38 28 37 90 84
45 58 29 30 22
6 42 73 29 31
3 26 44 32 29
32 80 50 33 78
29 33 21 12 31
77 29 34 64 86
37 27 29 35 43
34 73 58 29 36
70 72 60 27 29
37 74 45 88 51
30 31 15 6 10
16 30 32 21 55
59 48 30 33 0
25 48 31 30 34
36 82 10 49 30
35 77 50 29 26
30 36 46 64 33
62 30 37 77 73
27 36 31 32 89
85 56 43 31 33
97 41 93 32 31
34 49 65 67 75
31 35 81 94 25
41 31 36 47 83
82 74 31 37 85
57 24 80 32 33
66 43 78 48 32
34 5 10 6 59
32 35 64 19 39
72 32 36 15 47
29 9 32 37 16
26 65 43 33 34
18 49 72 39 33
35 58 74 82 65
33 36 10 8 54
30 33 37 66 58
78 79 34 35 18
70 24 68 34 36
20 72 57 43 34
37 10 27 11 23
35 36 8 71 32
64 35 37 85 47
81 73 36 37 9
40 25 38 37 9
