38 4
0.5 0.5 0.0 0.0 
0 1 83 76 84 78
0 2 69 69 72 59
0 3 79 67 72 72
0 4 25 33 23 27
0 5 99 92 93 92
0 6 96 90 96 88
0 7 72 69 64 62
0 8 86 82 81 83
0 9 80 72 69 80
0 10 8 20 10 9
0 11 46 53 43 41
0 12 93 83 82 80
0 13 67 66 70 62
0 14 60 52 55 64
0 15 6 9 18 18
0 16 17 25 20 15
0 17 92 92 91 85
0 18 57 58 53 49
0 19 74 66 68 73
0 20 13 18 23 15
0 21 95 91 94 92
0 22 59 54 57 60
0 23 45 44 45 46
0 24 50 53 52 43
0 25 1 6 10 2
0 26 0 10 9 14
0 27 33 36 35 43
0 28 13 19 18 16
0 29 38 41 35 42
0 30 81 78 76 80
0 31 29 34 30 29
0 32 22 29 20 18
0 33 88 84 87 87
0 34 20 24 22 18
0 35 46 44 48 44
0 36 38 46 43 32
0 37 30 40 36 29
1 2 5 13 6 14
1 3 15 19 19 23
1 4 32 29 30 33
1 5 20 26 21 19
1 6 94 89 89 90
1 7 4 15 5 17
1 8 96 91 97 89
1 9 70 70 70 70
1 10 80 74 73 81
1 11 57 56 48 62
1 12 77 77 70 72
1 13 31 34 32 27
1 14 65 60 69 61
1 15 18 30 24 25
1 16 23 28 33 33
1 17 13 13 15 15
1 18 79 77 73 68
1 19 2 10 16 16
1 20 27 33 35 34
1 21 40 44 42 49
1 22 51 47 51 57
1 23 23 22 34 24
1 24 93 90 80 81
1 25 45 48 41 49
1 26 69 69 69 62
1 27 42 45 47 36
1 28 40 45 45 38
1 29 32 37 41 30
1 30 48 48 45 51
1 31 87 75 81 89
1 32 59 51 63 55
1 33 26 36 24 26
1 34 47 47 52 46
1 35 17 18 29 19
1 36 2 6 3 4
1 37 56 62 51 58
2 3 21 19 19 20
2 4 41 48 45 47
2 5 35 37 40 29
2 6 20 29 24 29
2 7 63 61 57 57
2 8 22 25 30 25
2 9 96 83 89 84
2 10 46 52 53 50
2 11 85 79 82 82
2 12 77 66 69 78
2 13 96 82 87 90
2 14 27 37 37 27
2 15 67 58 70 64
2 16 2 12 3 3
2 17 22 22 27 25
2 18 46 50 52 50
2 19 58 50 51 63
2 20 54 59 49 56
2 21 35 38 32 31
2 22 85 86 87 79
2 23 69 62 63 70
2 24 22 29 32 29
2 25 41 47 37 40
2 26 27 31 33 27
2 27 35 41 42 35
2 28 10 9 11 15
2 29 53 49 48 47
2 30 23 27 31 32
2 31 82 76 79 78
2 32 94 84 89 91
2 33 88 86 89 79
2 34 50 49 50 48
2 35 48 42 51 52
2 36 65 68 61 58
2 37 44 45 47 51
3 4 17 21 25 25
3 5 52 47 57 54
3 6 4 17 10 13
3 7 42 35 40 41
3 8 67 57 57 61
3 9 46 40 52 47
3 10 32 32 29 35
3 11 88 85 85 83
3 12 81 79 70 74
3 13 89 76 88 85
3 14 37 36 34 39
3 15 32 36 38 38
3 16 87 87 84 80
3 17 15 16 26 23
3 18 51 57 56 55
3 19 23 31 32 32
3 20 14 21 18 14
3 21 42 50 40 48
3 22 21 25 26 21
3 23 71 66 73 72
3 24 40 43 34 37
3 25 12 20 14 19
3 26 93 81 90 80
3 27 57 60 60 54
3 28 21 20 27 26
3 29 17 16 21 28
3 30 56 47 49 60
3 31 31 38 33 32
3 32 54 50 55 50
3 33 55 50 49 54
3 34 77 66 69 79
3 35 22 23 27 30
3 36 14 15 25 23
3 37 11 11 14 20
4 5 13 21 12 20
4 6 21 25 20 33
4 7 79 78 79 79
4 8 35 36 35 38
4 9 72 73 75 63
4 10 60 59 61 61
4 11 8 13 16 21
4 12 70 70 73 71
4 13 14 24 14 24
4 14 42 47 46 37
4 15 77 72 74 67
4 16 29 28 27 32
4 17 60 54 51 54
4 18 58 59 52 56
4 19 1 15 2 14
4 20 3 7 14 8
4 21 24 25 32 33
4 22 49 50 43 49
4 23 36 39 43 39
4 24 58 63 54 50
4 25 88 85 84 75
4 26 71 63 75 70
4 27 72 72 63 73
4 28 48 53 44 53
4 29 93 81 93 79
4 30 6 19 9 19
4 31 39 43 35 42
4 32 52 46 56 52
4 33 8 8 10 21
4 34 40 47 42 40
4 35 49 47 54 49
4 36 42 45 45 36
4 37 76 73 73 66
5 6 61 65 64 56
5 7 75 76 66 70
5 8 24 29 32 23
5 9 70 63 72 65
5 10 67 66 60 67
5 11 35 31 32 34
5 12 27 34 37 29
5 13 41 49 45 47
5 14 89 76 86 76
5 15 15 21 24 16
5 16 19 31 24 31
5 17 90 82 83 80
5 18 36 37 41 32
5 19 91 80 87 89
5 20 68 64 62 62
5 21 40 44 37 37
5 22 65 62 55 61
5 23 44 44 43 48
5 24 40 41 37 34
5 25 94 85 81 93
5 26 49 51 55 50
5 27 78 77 78 69
5 28 79 74 74 76
5 29 55 52 58 47
5 30 46 43 50 46
5 31 26 31 34 27
5 32 20 31 29 26
5 33 60 62 60 63
5 34 80 72 80 77
5 35 2 6 16 6
5 36 62 65 65 54
5 37 20 24 27 32
6 7 56 60 59 60
6 8 7 20 6 16
6 9 93 82 85 84
6 10 79 77 76 81
6 11 49 55 57 46
6 12 51 50 46 46
6 13 56 55 54 54
6 14 22 30 20 26
6 15 0 14 2 12
6 16 69 66 63 72
6 17 6 16 10 11
6 18 27 32 33 26
6 19 27 27 33 25
6 20 98 88 98 98
6 21 41 47 38 42
6 22 74 72 71 67
6 23 53 53 56 52
6 24 67 71 58 62
6 25 93 84 87 80
6 26 56 48 61 57
6 27 0 1 3 5
6 28 0 11 11 5
6 29 41 48 44 48
6 30 22 23 27 26
6 31 90 81 85 87
6 32 73 64 74 66
6 33 7 19 12 20
6 34 32 39 33 32
6 35 30 30 34 34
6 36 20 20 26 29
6 37 90 83 82 80
7 8 34 34 43 35
7 9 8 19 18 19
7 10 48 42 48 43
7 11 30 31 35 32
7 12 45 51 51 50
7 13 44 40 39 38
7 14 14 15 17 21
7 15 24 21 27 22
7 16 47 55 41 53
7 17 59 59 54 53
7 18 13 22 14 25
7 19 80 77 82 70
7 20 9 12 8 19
7 21 92 88 90 82
7 22 91 85 89 82
7 23 24 26 28 27
7 24 88 87 89 78
7 25 91 85 83 88
7 26 83 71 79 72
7 27 88 83 85 81
7 28 37 41 41 37
7 29 27 36 27 30
7 30 76 75 79 75
7 31 16 20 21 19
7 32 42 40 40 43
7 33 72 67 64 70
7 34 8 16 15 18
7 35 2 15 7 11
7 36 35 34 43 41
7 37 16 26 28 14
8 9 63 60 54 57
8 10 98 90 84 89
8 11 15 17 27 22
8 12 71 61 60 73
8 13 93 92 84 84
8 14 31 40 41 36
8 15 80 72 72 79
8 16 40 36 44 34
8 17 23 32 31 21
8 18 91 85 86 89
8 19 12 24 14 24
8 20 0 10 1 11
8 21 18 27 17 19
8 22 30 36 27 37
8 23 0 14 6 7
8 24 60 52 56 58
8 25 19 28 23 30
8 26 85 77 80 77
8 27 84 73 82 86
8 28 43 44 49 49
8 29 99 96 87 87
8 30 64 65 66 57
8 31 64 62 67 60
8 32 95 86 90 91
8 33 1 9 12 10
8 34 9 21 17 14
8 35 90 78 81 85
8 36 4 8 7 8
8 37 83 72 76 85
9 10 82 77 72 82
9 11 95 95 95 91
9 12 37 42 35 36
9 13 8 9 19 20
9 14 90 89 82 79
9 15 88 85 78 77
9 16 42 44 38 45
9 17 32 39 42 37
9 18 57 57 60 54
9 19 81 69 69 80
9 20 46 48 50 52
9 21 22 33 28 33
9 22 33 33 35 32
9 23 63 56 56 60
9 24 60 53 59 51
9 25 55 49 55 57
9 26 49 51 48 43
9 27 13 18 17 17
9 28 84 82 73 75
9 29 94 91 86 89
9 30 29 36 38 36
9 31 92 88 82 92
9 32 71 68 65 68
9 33 19 20 21 28
9 34 46 54 53 43
9 35 66 63 70 59
9 36 37 35 38 44
9 37 47 53 45 42
10 11 63 58 64 68
10 12 19 21 22 20
10 13 12 19 18 22
10 14 14 17 27 17
10 15 31 33 31 34
10 16 69 59 60 60
10 17 2 11 17 5
10 18 96 91 82 95
10 19 97 90 86 92
10 20 93 89 91 90
10 21 38 37 36 44
10 22 40 40 47 45
10 23 65 65 59 56
10 24 5 10 11 16
10 25 68 66 63 69
10 26 71 68 73 64
10 27 35 30 43 42
10 28 26 34 23 27
10 29 90 77 77 88
10 30 20 25 27 25
10 31 2 6 11 7
10 32 2 9 8 4
10 33 96 95 84 85
10 34 58 56 54 62
10 35 70 72 60 66
10 36 7 17 17 16
10 37 59 50 62 61
11 12 23 21 32 23
11 13 95 86 92 85
11 14 42 47 43 48
11 15 50 57 44 45
11 16 38 39 35 36
11 17 16 21 21 27
11 18 64 61 67 66
11 19 71 69 69 70
11 20 4 4 3 11
11 21 55 50 48 48
11 22 92 81 84 90
11 23 89 85 84 77
11 24 36 37 43 44
11 25 69 73 67 74
11 26 96 83 83 93
11 27 99 91 87 88
11 28 70 65 70 71
11 29 2 12 15 17
11 30 83 85 75 83
11 31 22 27 23 25
11 32 95 84 86 83
11 33 64 60 54 58
11 34 70 64 69 70
11 35 73 70 71 71
11 36 58 54 56 58
11 37 34 44 35 32
12 13 23 27 30 31
12 14 66 70 69 66
12 15 4 15 14 12
12 16 52 49 47 58
12 17 84 82 80 79
12 18 54 57 59 49
12 19 55 47 52 56
12 20 77 76 74 72
12 21 66 63 59 68
12 22 73 74 71 73
12 23 87 81 87 82
12 24 96 91 82 89
12 25 0 9 11 8
12 26 8 20 21 15
12 27 9 19 8 18
12 28 64 65 64 59
12 29 29 35 26 25
12 30 22 27 32 25
12 31 65 61 57 68
12 32 69 65 64 59
12 33 70 70 63 70
12 34 25 31 30 35
12 35 88 89 86 84
12 36 27 31 26 28
12 37 92 88 79 81
13 14 42 50 47 42
13 15 71 75 74 67
13 16 39 37 39 45
13 17 68 58 67 67
13 18 11 24 24 15
13 19 52 54 56 57
13 20 44 38 47 41
13 21 42 42 46 49
13 22 58 50 57 59
13 23 4 7 6 17
13 24 30 37 29 37
13 25 80 75 69 73
13 26 15 21 25 17
13 27 69 71 61 68
13 28 36 37 40 41
13 29 75 63 73 77
13 30 11 16 12 17
13 31 26 33 31 24
13 32 89 76 80 90
13 33 68 62 64 72
13 34 50 56 55 57
13 35 33 29 39 39
13 36 68 63 72 59
13 37 31 40 33 31
14 15 35 41 31 41
14 16 54 56 55 57
14 17 68 65 63 72
14 18 15 26 14 17
14 19 99 84 92 90
14 20 92 91 90 88
14 21 88 88 81 89
14 22 29 26 37 25
14 23 37 36 45 34
14 24 93 79 87 89
14 25 79 79 74 76
14 26 14 18 22 12
14 27 95 82 94 93
14 28 69 63 65 62
14 29 31 40 29 40
14 30 76 72 70 70
14 31 66 62 57 56
14 32 69 61 72 66
14 33 95 92 86 91
14 34 6 11 18 7
14 35 99 91 96 90
14 36 37 41 44 36
14 37 47 51 50 42
15 16 71 69 68 72
15 17 72 66 63 72
15 18 30 28 34 39
15 19 83 76 73 72
15 20 2 6 15 13
15 21 85 81 78 77
15 22 98 96 86 84
15 23 82 72 70 84
15 24 66 69 65 61
15 25 7 6 17 17
15 26 69 72 70 74
15 27 9 8 14 11
15 28 5 8 10 9
15 29 44 51 46 48
15 30 57 63 53 63
15 31 81 83 77 82
15 32 19 21 22 31
15 33 40 39 37 45
15 34 68 71 72 61
15 35 26 33 36 22
15 36 94 94 81 90
15 37 6 9 10 10
16 17 93 92 87 80
16 18 91 81 78 83
16 19 69 65 61 72
16 20 54 55 50 53
16 21 79 72 77 72
16 22 35 35 30 40
16 23 83 72 85 79
16 24 60 66 61 53
16 25 75 77 71 69
16 26 32 39 42 27
16 27 94 85 89 90
16 28 9 19 15 22
16 29 37 34 41 34
16 30 27 37 30 28
16 31 2 7 8 3
16 32 23 27 21 27
16 33 81 83 81 74
16 34 83 78 74 73
16 35 66 56 64 59
16 36 18 26 27 17
16 37 24 22 20 30
17 18 56 51 57 59
17 19 78 76 73 73
17 20 28 37 29 38
17 21 69 61 71 66
17 22 68 63 63 70
17 23 47 49 48 53
17 24 19 30 24 31
17 25 21 32 29 32
17 26 22 20 26 25
17 27 38 34 37 41
17 28 43 50 44 43
17 29 5 11 13 10
17 30 78 74 71 81
17 31 37 39 32 34
17 32 34 30 39 33
17 33 35 34 32 32
17 34 96 83 96 95
17 35 20 20 19 27
17 36 65 56 59 57
17 37 88 81 77 88
18 19 43 42 50 46
18 20 70 60 73 70
18 21 55 60 54 56
18 22 59 65 50 63
18 23 67 67 62 60
18 24 2 4 9 14
18 25 84 80 74 83
18 26 61 53 63 65
18 27 35 40 30 38
18 28 10 11 20 9
18 29 49 45 50 54
18 30 77 75 69 77
18 31 84 77 86 80
18 32 84 81 79 79
18 33 54 60 56 50
18 34 49 48 55 44
18 35 16 19 26 23
18 36 52 55 57 54
18 37 84 82 77 76
19 20 49 55 42 51
19 21 61 52 52 53
19 22 51 50 43 53
19 23 76 78 73 65
19 24 24 31 26 33
19 25 12 25 21 21
19 26 39 43 35 34
19 27 80 73 75 77
19 28 7 12 9 13
19 29 82 83 84 72
19 30 38 39 46 45
19 31 57 51 61 63
19 32 60 60 60 66
19 33 75 71 65 75
19 34 69 64 68 72
19 35 2 13 4 17
19 36 34 43 35 41
19 37 35 42 34 32
20 21 11 15 16 23
20 22 36 43 43 45
20 23 50 57 55 55
20 24 86 77 77 78
20 25 78 74 72 68
20 26 33 31 32 35
20 27 23 27 26 31
20 28 81 79 69 83
20 29 39 39 45 42
20 30 82 71 76 83
20 31 57 49 59 60
20 32 45 46 38 53
20 33 96 83 88 85
20 34 73 65 75 64
20 35 82 73 74 79
20 36 73 75 73 66
20 37 48 51 53 42
21 22 84 81 74 78
21 23 32 28 36 30
21 24 54 47 55 57
21 25 80 69 82 81
21 26 54 49 60 46
21 27 48 49 47 41
21 28 37 43 38 38
21 29 47 43 45 52
21 30 18 25 19 24
21 31 41 42 37 48
21 32 93 82 84 85
21 33 56 52 59 58
21 34 75 78 76 66
21 35 16 15 14 25
21 36 58 58 58 50
21 37 58 57 52 58
22 23 9 19 13 21
22 24 98 87 85 96
22 25 71 66 66 74
22 26 42 38 40 42
22 27 11 14 10 17
22 28 24 21 28 31
22 29 84 78 84 85
22 30 5 17 11 8
22 31 51 55 53 57
22 32 27 23 28 24
22 33 25 30 34 24
22 34 56 51 57 54
22 35 36 42 43 34
22 36 1 11 9 2
22 37 32 39 36 30
23 24 92 88 89 85
23 25 74 69 66 78
23 26 23 31 26 31
23 27 33 33 34 33
23 28 31 27 30 39
23 29 89 89 82 77
23 30 73 75 63 68
23 31 6 7 12 13
23 32 29 30 36 38
23 33 97 94 85 93
23 34 72 71 71 65
23 35 12 22 19 22
23 36 39 45 44 38
23 37 3 9 15 3
24 25 22 29 30 29
24 26 84 72 85 80
24 27 2 15 13 10
24 28 97 87 94 90
24 29 13 12 16 21
24 30 90 90 81 89
24 31 23 21 27 32
24 32 51 57 53 47
24 33 81 80 83 74
24 34 29 27 28 39
24 35 97 85 90 93
24 36 9 14 14 16
24 37 47 43 53 45
25 26 77 69 71 71
25 27 72 67 72 61
25 28 55 52 59 52
25 29 72 66 64 72
25 30 38 45 45 42
25 31 90 80 84 86
25 32 52 50 52 46
25 33 58 57 52 60
25 34 12 10 13 12
25 35 25 35 25 34
25 36 48 47 53 47
25 37 70 73 67 62
26 27 57 57 61 58
26 28 18 29 28 27
26 29 24 31 30 22
26 30 96 95 84 96
26 31 72 65 74 69
26 32 38 38 43 32
26 33 32 30 35 32
26 34 30 34 32 40
26 35 92 93 86 93
26 36 80 68 82 70
26 37 39 46 41 38
27 28 15 25 15 15
27 29 91 90 85 81
27 30 7 17 14 14
27 31 2 3 15 8
27 32 96 92 90 85
27 33 84 76 79 83
27 34 10 17 21 17
27 35 84 80 83 81
27 36 41 45 45 46
27 37 48 49 45 49
28 29 52 57 51 58
28 30 75 77 68 67
28 31 92 91 83 80
28 32 71 70 62 72
28 33 29 36 30 35
28 34 26 31 33 25
28 35 84 78 78 79
28 36 42 49 42 46
28 37 91 92 84 85
29 30 28 28 25 36
29 31 39 42 41 41
29 32 5 13 11 17
29 33 23 34 29 24
29 34 42 46 44 45
29 35 1 15 5 14
29 36 51 56 48 50
29 37 58 51 52 64
30 31 98 93 85 90
30 32 90 81 83 81
30 33 67 57 61 70
30 34 95 82 87 91
30 35 76 70 68 74
30 36 42 41 36 45
30 37 9 10 14 8
31 32 69 61 71 65
31 33 77 77 72 76
31 34 83 81 71 73
31 35 75 65 68 76
31 36 51 55 53 44
31 37 96 88 82 91
32 33 11 21 24 15
32 34 81 83 79 80
32 35 63 61 60 58
32 36 43 46 50 43
32 37 71 64 70 62
33 34 37 46 32 44
33 35 19 25 28 31
33 36 68 62 59 69
33 37 57 51 50 57
34 35 19 17 25 29
34 36 11 13 18 16
34 37 65 62 69 66
35 36 54 61 46 50
35 37 73 66 75 66
36 37 98 89 98 94
