42 4
0.333333 0.333333 0.333333 0.0 
0 1 99 97 94
93 0 2 51 58
58 55 0 3 66
57 61 69 0 4
18 20 19 25 0
5 66 59 65 63
0 6 50 48 50
45 0 7 2 11
16 16 0 8 28
36 26 30 0 9
17 20 20 26 0
10 51 46 50 50
0 11 11 12 22
23 0 12 58 62
61 59 0 13 27
27 37 28 0 14
16 15 14 26 0
15 0 13 6 6
0 16 91 84 85
87 0 17 69 71
62 69 0 18 30
27 27 32 0 19
66 69 62 57 0
20 38 40 39 46
0 21 27 32 29
23 0 22 60 61
59 61 0 23 70
63 71 67 0 24
67 58 71 67 0
25 2 10 9 7
0 26 16 23 19
26 0 27 22 26
28 28 0 28 88
84 88 77 0 29
65 70 62 55 0
30 15 22 25 21
0 31 84 84 73
71 0 32 6 10
15 16 0 33 10
15 22 19 0 34
93 89 81 89 0
35 30 36 31 34
0 36 92 84 82
93 0 37 76 76
79 67 0 38 69
65 59 61 0 39
56 54 52 55 0
40 51 52 43 47
0 41 44 42 37
45 1 2 87 76
81 82 1 3 91
91 88 82 1 4
80 73 79 70 1
5 48 50 55 49
1 6 87 83 87
79 1 7 74 66
70 69 1 8 51
55 52 46 1 9
57 59 53 48 1
10 20 24 21 19
1 11 19 25 24
28 1 12 8 9
18 21 1 13 51
46 48 50 1 14
67 65 70 57 1
15 17 28 29 24
1 16 98 98 86
96 1 17 8 19
8 9 1 18 14
25 13 14 1 19
42 38 50 36 1
20 78 72 81 80
1 21 61 64 65
57 1 22 47 55
44 51 1 23 21
27 18 27 1 24
83 76 83 81 1
25 68 67 61 65
1 26 28 34 33
29 1 27 68 59
72 70 1 28 83
84 78 80 1 29
71 62 70 62 1
30 94 82 91 80
1 31 76 75 75
75 1 32 24 35
35 34 1 33 90
85 82 84 1 34
65 68 60 69 1
35 90 90 78 83
1 36 14 23 23
15 1 37 41 40
48 35 1 38 17
29 27 25 1 39
3 8 6 6 1
40 31 40 39 40
1 41 20 22 30
17 2 3 53 60
59 57 2 4 55
47 49 50 2 5
22 27 30 18 2
6 28 25 37 32
2 7 38 39 35
44 2 8 42 41
41 39 2 9 96
89 83 83 2 10
31 39 36 35 2
11 93 85 83 88
2 12 1 15 1
11 2 13 26 22
25 33 2 14 31
32 30 35 2 15
74 73 72 78 2
16 62 62 68 60
2 17 93 83 83
90 2 18 99 98
84 84 2 19 45
44 48 39 2 20
43 38 38 39 2
21 77 79 76 66
2 22 79 72 78
76 2 23 30 33
33 40 2 24 27
24 35 24 2 25
48 52 49 41 2
26 48 55 51 49
2 27 67 66 69
70 2 28 57 61
56 60 2 29 70
65 67 71 2 30
17 25 17 29 2
31 94 87 94 83
2 32 48 51 54
41 2 33 75 75
65 66 2 34 90
85 89 78 2 35
30 38 36 27 2
36 23 30 28 32
2 37 94 83 85
89 2 38 19 17
27 22 2 39 20
32 27 19 2 40
56 60 56 51 2
41 33 33 41 28
3 4 14 18 19
22 3 5 55 50
57 56 3 6 59
57 60 65 3 7
41 39 48 43 3
8 51 51 57 58
3 9 84 76 78
77 3 10 41 39
38 41 3 11 83
77 78 78 3 12
77 73 74 66 3
13 92 93 83 87
3 14 47 45 54
54 3 15 35 38
34 34 3 16 46
50 48 51 3 17
33 39 42 35 3
18 20 26 25 20
3 19 90 88 88
81 3 20 98 97
95 85 3 21 83
76 75 81 3 22
18 19 29 23 3
23 96 94 86 88
3 24 0 12 4
4 3 25 3 11
5 10 3 26 5
8 10 17 3 27
8 19 8 21 3
28 27 30 31 28
3 29 54 58 61
50 3 30 67 68
66 57 3 31 46
42 50 42 3 32
33 31 35 42 3
33 19 22 27 21
3 34 39 46 47
46 3 35 13 12
19 17 3 36 69
71 64 71 3 37
36 34 39 36 3
38 46 51 45 40
3 39 5 6 18
18 3 40 5 4
8 6 3 41 78
71 79 68 4 5
79 75 74 74 4
6 27 31 36 34
4 7 55 56 53
51 4 8 60 59
64 54 4 9 49
50 49 53 4 10
10 10 22 21 4
11 54 55 48 58
4 12 85 80 75
86 4 13 37 42
40 38 4 14 12
23 12 13 4 15
64 59 57 64 4
16 38 47 33 45
4 17 44 40 51
39 4 18 99 85
88 94 4 19 20
32 25 25 4 20
69 64 73 68 4
21 73 69 73 77
4 22 39 36 42
45 4 23 53 46
53 57 4 24 9
10 22 9 4 25
82 78 73 71 4
26 9 9 17 21
4 27 35 34 37
42 4 28 3 12
9 17 4 29 8
20 14 17 4 30
61 61 66 61 4
31 18 24 25 26
4 32 25 30 35
26 4 33 97 87
97 82 4 34 99
95 93 89 4 35
13 14 24 12 4
36 7 11 20 9
4 37 60 59 65
63 4 38 76 77
77 75 4 39 81
71 75 78 4 40
95 87 94 91 4
41 66 64 60 57
5 6 27 26 37
24 5 7 57 55
51 53 5 8 80
71 69 81 5 9
73 71 63 65 5
10 38 44 45 45
5 11 65 59 64
67 5 12 85 73
85 77 5 13 51
49 48 56 5 14
35 35 32 34 5
15 41 41 50 40
5 16 15 27 27
15 5 17 52 50
56 49 5 18 12
25 19 16 5 19
94 82 88 90 5
20 4 16 6 9
5 21 53 59 45
53 5 22 66 67
71 62 5 23 18
26 29 19 5 24
87 74 80 80 5
25 85 82 73 76
5 26 79 71 79
77 5 27 48 44
41 54 5 28 71
66 61 72 5 29
17 17 23 19 5
30 97 96 92 91
5 31 85 84 84
80 5 32 48 54
47 42 5 33 13
16 18 16 5 34
24 33 35 35 5
35 34 38 38 32
5 36 89 79 77
78 5 37 92 88
91 88 5 38 80
71 73 78 5 39
37 41 39 32 5
40 37 42 32 43
5 41 67 66 70
59 6 7 48 48
43 51 6 8 16
26 23 19 6 9
29 33 36 25 6
10 43 48 52 39
6 11 77 75 68
69 6 12 35 31
39 38 6 13 50
52 44 53 6 14
26 27 36 24 6
15 76 76 72 66
6 16 64 64 64
58 6 17 62 56
59 53 6 18 92
82 81 79 6 19
33 40 32 40 6
20 47 44 45 48
6 21 72 64 75
72 6 22 98 88
95 92 6 23 12
10 16 22 6 24
66 62 64 65 6
25 42 46 46 39
6 26 19 16 27
24 6 27 93 88
92 83 6 28 98
92 85 97 6 29
88 83 81 86 6
30 57 48 60 48
6 31 2 8 5
9 6 32 24 24
31 22 6 33 16
16 16 18 6 34
84 73 75 80 6
35 20 23 24 26
6 36 53 54 46
52 6 37 20 17
26 27 6 38 86
86 84 79 6 39
0 5 7 10 6
40 5 7 11 14
6 41 95 91 96
85 7 8 12 11
19 23 7 9 63
55 56 67 7 10
66 65 65 66 7
11 33 41 38 39
7 12 20 17 26
27 7 13 41 42
35 37 7 14 56
51 60 48 7 15
83 80 76 82 7
16 64 69 64 61
7 17 52 48 56
45 7 18 42 49
41 42 7 19 93
88 91 79 7 20
4 14 13 15 7
21 61 54 60 59
7 22 60 58 58
59 7 23 43 42
51 45 7 24 64
61 60 59 7 25
52 45 53 50 7
26 24 31 24 21
7 27 68 58 67
62 7 28 15 15
16 16 7 29 72
75 70 66 7 30
23 32 24 29 7
31 91 83 79 90
7 32 89 81 75
76 7 33 47 50
54 44 7 34 89
90 87 88 7 35
79 82 75 72 7
36 79 74 69 69
7 37 62 64 65
57 7 38 42 49
44 47 7 39 61
60 54 60 7 40
82 74 80 75 7
41 12 18 24 24
8 9 37 40 44
38 8 10 74 66
65 65 8 11 44
38 39 38 8 12
27 31 33 29 8
13 17 22 20 25
8 14 86 77 75
87 8 15 33 41
38 35 8 16 11
24 22 11 8 17
12 24 17 24 8
18 30 31 31 27
8 19 82 82 74
70 8 20 76 80
72 70 8 21 71
68 66 69 8 22
33 28 35 29 8
23 24 32 23 29
8 24 8 16 21
9 8 25 88 83
83 86 8 26 36
33 38 35 8 27
5 12 16 14 8
28 28 26 37 33
8 29 61 52 67
59 8 30 6 8
13 13 8 31 7
17 17 10 8 32
6 6 10 7 8
33 99 99 91 92
8 34 2 7 16
5 8 35 95 93
92 87 8 36 99
96 98 95 8 37
11 17 23 11 8
38 91 78 78 85
8 39 68 69 60
60 8 40 32 28
41 32 8 41 71
73 72 61 9 10
40 46 35 40 9
11 71 70 65 68
9 12 15 25 21
26 9 13 1 7
14 12 9 14 30
36 27 33 9 15
74 72 69 64 9
16 56 62 57 53
9 17 50 50 49
52 9 18 91 91
85 78 9 19 89
90 83 82 9 20
16 14 23 25 9
21 49 44 54 53
9 22 78 80 74
81 9 23 6 19
14 8 9 24 26
24 23 31 9 25
1 13 15 12 9
26 57 56 50 56
9 27 74 63 72
76 9 28 48 51
43 50 9 29 57
59 57 57 9 30
3 6 9 3 9
31 84 79 73 81
9 32 2 10 5
11 9 33 28 35
33 28 9 34 23
31 20 34 9 35
5 18 13 16 9
36 99 98 85 87
9 37 37 45 39
35 9 38 13 11
25 24 9 39 71
72 71 63 9 40
63 60 59 56 9
41 1 9 12 8
10 11 55 50 56
54 10 12 99 86
86 88 10 13 19
25 16 20 10 14
13 19 22 23 10
15 96 93 92 87
10 16 67 62 59
67 10 17 54 47
46 58 10 18 86
80 86 79 10 19
12 13 23 23 10
20 6 6 11 15
10 21 91 91 82
87 10 22 31 39
33 32 10 23 79
77 73 75 10 24
87 77 87 86 10
25 82 78 82 76
10 26 2 12 7
5 10 27 33 41
42 36 10 28 9
14 17 8 10 29
99 88 87 96 10
30 31 28 33 39
10 31 36 36 40
31 10 32 13 12
25 17 10 33 21
25 19 25 10 34
51 46 44 49 10
35 96 83 96 89
10 36 21 19 31
30 10 37 70 61
70 68 10 38 27
29 24 35 10 39
70 61 62 60 10
40 63 61 66 60
10 41 37 33 36
31 11 12 83 77
85 85 11 13 74
74 72 71 11 14
98 92 86 94 11
15 18 18 18 18
11 16 8 19 11
14 11 17 28 38
32 35 11 18 43
49 49 44 11 19
26 26 37 30 11
20 58 62 62 61
11 21 3 5 11
13 11 22 31 40
39 35 11 23 35
36 37 38 11 24
93 86 91 85 11
25 26 24 30 34
11 26 22 33 33
28 11 27 58 61
54 53 11 28 40
47 39 35 11 29
98 91 95 95 11
30 61 60 60 56
11 31 2 4 11
14 11 32 52 51
50 50 11 33 62
59 60 66 11 34
56 58 53 55 11
35 36 35 43 38
11 36 79 70 67
76 11 37 20 20
24 21 11 38 8
12 7 20 11 39
12 24 18 24 11
40 64 55 65 56
11 41 34 36 41
34 12 13 72 75
68 65 12 14 1
6 9 3 12 15
9 11 11 14 12
16 90 91 84 78
12 17 73 71 75
72 12 18 86 75
74 81 12 19 98
96 88 85 12 20
91 84 81 85 12
21 50 57 47 56
12 22 18 30 22
30 12 23 99 85
86 92 12 24 17
15 25 15 12 25
78 67 80 70 12
26 20 22 18 28
12 27 2 12 4
9 12 28 44 44
50 50 12 29 2
5 15 8 12 30
50 55 53 51 12
31 25 33 29 26
12 32 76 74 71
78 12 33 85 84
78 75 12 34 96
83 90 90 12 35
50 48 46 50 12
36 66 61 56 68
12 37 15 24 23
13 12 38 61 64
66 59 12 39 4
9 12 8 12 40
79 72 75 81 12
41 7 17 10 15
13 14 76 71 73
65 13 15 98 91
98 86 13 16 21
19 26 29 13 17
18 25 24 19 13
18 60 53 64 64
13 19 95 94 83
81 13 20 65 59
57 70 13 21 83
81 82 76 13 22
74 65 74 65 13
23 32 31 27 33
13 24 60 60 65
59 13 25 62 61
66 57 13 26 29
27 38 29 13 27
20 25 22 30 13
28 26 29 24 29
13 29 58 59 57
62 13 30 86 79
74 82 13 31 51
46 48 53 13 32
77 73 73 66 13
33 75 71 73 67
13 34 31 32 35
31 13 35 4 15
17 9 13 36 13
15 20 26 13 37
21 32 32 23 13
38 15 14 14 25
13 39 2 2 3
14 13 40 47 41
51 44 13 41 62
64 65 54 14 15
62 61 57 62 14
16 15 27 16 22
14 17 36 44 45
34 14 18 45 38
48 53 14 19 0
2 15 11 14 20
37 44 32 44 14
21 55 61 60 60
14 22 69 68 73
68 14 23 24 29
25 34 14 24 39
43 45 39 14 25
57 55 62 56 14
26 57 50 52 52
14 27 39 46 47
48 14 28 25 23
25 32 14 29 4
6 15 6 14 30
32 41 39 36 14
31 1 4 14 8
14 32 64 55 68
58 14 33 21 18
20 32 14 34 26
25 31 26 14 35
75 66 76 70 14
36 41 44 47 35
14 37 34 40 42
30 14 38 47 42
42 50 14 39 92
91 79 88 14 40
40 46 40 48 14
41 80 82 82 70
15 16 59 53 58
64 15 17 79 73
77 77 15 18 19
30 22 27 15 19
42 41 41 40 15
20 18 22 20 29
15 21 43 39 48
51 15 22 95 91
86 83 15 23 46
48 53 47 15 24
13 15 18 18 15
25 47 40 46 46
15 26 71 69 66
74 15 27 53 48
52 59 15 28 1
9 15 5 15 29
95 93 91 86 15
30 48 45 44 42
15 31 90 78 79
80 15 32 75 68
69 64 15 33 7
11 21 17 15 34
23 33 32 20 15
35 34 42 30 31
15 36 48 49 42
48 15 37 2 2
14 8 15 38 53
57 46 56 15 39
56 52 50 54 15
40 51 57 47 49
15 41 25 27 27
26 16 17 84 83
72 78 16 18 66
59 62 63 16 19
91 82 77 88 16
20 41 37 38 35
16 21 75 74 76
79 16 22 37 38
43 41 16 23 87
78 81 80 16 24
97 85 97 90 16
25 51 51 49 44
16 26 80 69 77
77 16 27 81 80
80 80 16 28 53
47 56 59 16 29
46 53 40 48 16
30 6 14 17 12
16 31 76 70 67
70 16 32 15 15
23 19 16 33 78
73 71 72 16 34
17 25 24 22 16
35 84 77 75 77
16 36 14 23 13
20 16 37 17 20
19 23 16 38 68
62 68 66 16 39
67 66 64 65 16
40 52 50 52 44
16 41 90 76 88
84 17 18 84 77
73 76 17 19 20
21 24 22 17 20
7 10 7 16 17
21 94 86 84 95
17 22 1 1 1
5 17 23 80 69
72 82 17 24 49
47 50 50 17 25
3 13 8 16 17
26 71 62 64 63
17 27 40 49 47
39 17 28 26 29
30 32 17 29 21
29 19 24 17 30
6 12 7 16 17
31 13 18 22 24
17 32 28 24 24
34 17 33 7 9
18 10 17 34 50
56 44 47 17 35
49 43 48 51 17
36 62 67 67 64
17 37 89 89 86
81 17 38 3 16
5 10 17 39 47
44 55 43 17 40
13 25 21 14 17
41 22 25 22 25
18 19 86 83 87
84 18 20 55 50
54 55 18 21 6
17 9 20 18 22
85 74 84 81 18
23 16 19 21 14
18 24 91 82 88
81 18 25 60 62
60 52 18 26 73
76 75 65 18 27
35 30 44 41 18
28 98 87 95 93
18 29 12 11 22
21 18 30 80 77
74 74 18 31 77
79 66 77 18 32
84 80 83 84 18
33 16 22 23 21
18 34 85 83 73
78 18 35 97 92
93 83 18 36 33
32 39 36 18 37
7 19 7 17 18
38 12 21 18 22
18 39 96 82 85
94 18 40 99 87
99 95 18 41 48
45 47 43 19 20
4 8 16 12 19
21 86 87 85 75
19 22 12 14 18
21 19 23 98 98
97 91 19 24 1
2 2 7 19 25
53 50 60 54 19
26 56 47 59 61
19 27 49 47 53
56 19 28 37 47
36 36 19 29 17
27 23 21 19 30
9 12 8 12 19
31 36 37 40 36
19 32 75 69 68
67 19 33 80 82
74 70 19 34 27
36 24 30 19 35
67 62 62 71 19
36 50 48 45 47
19 37 99 98 98
97 19 38 10 19
17 10 19 39 95
82 81 93 19 40
19 28 19 16 19
41 22 24 28 26
20 21 11 23 22
22 20 22 78 71
81 77 20 23 87
81 75 87 20 24
47 42 53 54 20
25 94 81 91 86
20 26 5 5 15
16 20 27 43 51
48 42 20 28 35
36 37 41 20 29
79 78 73 68 20
30 64 63 62 58
20 31 54 52 57
55 20 32 96 84
85 91 20 33 64
67 58 64 20 34
83 85 83 79 20
35 65 57 60 64
20 36 71 71 61
68 20 37 59 57
63 63 20 38 27
24 27 35 20 39
6 19 13 20 20
40 24 28 30 32
20 41 23 22 32
28 21 22 34 42
41 31 21 23 10
14 20 9 21 24
43 38 52 39 21
25 23 25 29 25
21 26 86 77 77
74 21 27 4 7
13 14 21 28 75
69 75 78 21 29
54 49 56 55 21
30 59 54 61 63
21 31 89 87 90
84 21 32 28 34
25 33 21 33 46
47 51 40 21 34
8 14 13 13 21
35 62 54 66 57
21 36 71 64 70
68 21 37 14 22
22 24 21 38 5
9 15 18 21 39
55 47 59 59 21
40 41 43 39 41
21 41 70 66 64
71 22 23 79 75
81 67 22 24 24
34 20 20 22 25
64 57 57 60 22
26 12 20 20 12
22 27 71 67 62
71 22 28 61 62
55 64 22 29 60
54 63 61 22 30
22 30 21 28 22
31 4 4 13 13
22 32 7 18 6
9 22 33 58 55
58 60 22 34 66
69 66 65 22 35
1 12 5 15 22
36 69 66 61 62
22 37 55 62 48
57 22 38 96 95
90 93 22 39 44
51 51 41 22 40
27 28 36 35 22
41 41 41 49 44
23 24 68 69 62
63 23 25 53 47
48 49 23 26 43
51 45 39 23 27
5 9 18 15 23
28 70 72 67 67
23 29 46 44 47
54 23 30 63 64
58 67 23 31 62
57 63 59 23 32
28 27 31 29 23
33 20 21 21 19
23 34 58 52 53
55 23 35 88 82
83 84 23 36 56
53 61 62 23 37
85 77 82 85 23
38 88 79 84 87
23 39 74 63 75
71 23 40 72 66
76 70 23 41 64
69 68 58 24 25
11 15 19 14 24
26 56 56 61 48
24 27 41 42 49
46 24 28 71 73
73 62 24 29 44
48 51 49 24 30
3 9 10 3 24
31 93 92 82 82
24 32 40 48 39
45 24 33 8 12
8 14 24 34 63
56 55 59 24 35
90 85 82 86 24
36 89 88 81 86
24 37 60 66 57
60 24 38 13 21
15 22 24 39 30
27 28 33 24 40
92 87 80 85 24
41 93 83 82 89
25 26 89 80 89
77 25 27 22 24
22 31 25 28 15
26 25 14 25 29
31 34 38 40 25
30 16 20 15 22
25 31 46 40 45
45 25 32 66 70
69 56 25 33 43
50 38 44 25 34
17 28 19 19 25
35 10 20 21 18
25 36 84 82 83
76 25 37 45 48
52 51 25 38 54
58 55 54 25 39
59 54 52 60 25
40 39 44 33 46
25 41 54 53 50
60 26 27 33 39
34 40 26 28 34
41 29 31 26 29
63 54 65 63 26
30 41 35 37 50
26 31 23 20 31
23 26 32 72 69
67 69 26 33 18
27 15 16 26 34
45 45 48 40 26
35 10 10 13 23
26 36 6 10 17
19 26 37 93 80
94 80 26 38 94
93 87 85 26 39
37 40 38 33 26
40 59 52 63 61
26 41 43 46 39
47 27 28 58 60
63 50 27 29 78
72 73 69 27 30
22 30 33 30 27
31 62 67 66 63
27 32 39 34 41
44 27 33 87 85
86 75 27 34 69
70 68 72 27 35
16 19 24 15 27
36 23 29 21 22
27 37 92 85 86
82 27 38 61 62
58 61 27 39 52
59 45 48 27 40
28 29 26 32 27
41 55 49 56 52
28 29 20 30 19
23 28 30 94 84
90 88 28 31 29
27 39 31 28 32
67 63 63 70 28
33 40 42 44 45
28 34 98 87 87
94 28 35 99 96
98 85 28 36 83
86 83 84 28 37
76 76 73 78 28
38 34 38 37 39
28 39 55 59 53
61 28 40 2 3
5 6 28 41 99
93 91 99 29 30
13 24 21 12 29
31 36 37 42 34
29 32 66 66 66
68 29 33 73 77
74 74 29 34 67
68 59 67 29 35
12 18 11 15 29
36 45 53 53 52
29 37 20 22 18
19 29 38 51 49
50 51 29 39 78
76 67 77 29 40
84 73 74 75 29
41 46 45 47 51
30 31 98 88 92
85 30 32 20 19
31 31 30 33 84
77 79 86 30 34
57 52 51 61 30
35 69 68 67 65
30 36 28 37 33
28 30 37 11 20
10 22 30 38 92
90 89 89 30 39
16 23 28 17 30
40 2 4 7 3
30 41 48 50 53
44 31 32 51 49
50 58 31 33 61
63 64 64 31 34
54 55 51 47 31
35 69 71 63 60
31 36 9 18 8
15 31 37 96 81
91 86 31 38 97
90 87 91 31 39
79 67 71 79 31
40 96 85 90 94
31 41 3 5 4
15 32 33 20 17
23 30 32 34 59
64 56 64 32 35
65 67 63 68 32
36 16 19 23 23
32 37 9 21 9
18 32 38 3 11
4 10 32 39 0
14 6 5 32 40
21 18 23 21 32
41 56 49 55 48
33 34 84 82 71
82 33 35 80 71
72 72 33 36 57
61 53 54 33 37
66 58 61 70 33
38 32 28 38 35
33 39 40 37 38
41 33 40 81 80
79 75 33 41 72
71 62 64 34 35
17 18 28 17 34
36 18 28 26 28
34 37 86 74 87
81 34 38 20 23
28 27 34 39 29
25 29 39 34 40
10 11 18 9 34
41 69 61 59 68
35 36 75 74 74
78 35 37 67 66
58 61 35 38 20
22 23 29 35 39
56 52 48 49 35
40 89 83 80 78
35 41 63 57 62
63 36 37 0 12
4 11 36 38 71
67 64 72 36 39
50 47 48 50 36
40 68 70 59 70
36 41 94 81 81
89 37 38 25 34
22 31 37 39 46
53 46 49 37 40
37 35 42 36 37
41 32 34 36 36
38 39 8 17 17
12 38 40 24 23
29 22 38 41 24
27 26 33 39 40
76 72 65 75 39
41 19 28 28 29
40 41 84 72 72
85 41 84 72 72
