45 4
0.25 0.25 0.25 0.25 
0 1 21 77 15
27 0 2 11 47
30 69 0 3 66
45 23 37 0 4
81 48 75 61 0
5 38 62 41 21
0 6 87 60 58
52 0 7 32 13
53 37 0 8 93
83 96 94 0 9
43 49 18 32 0
10 91 61 87 26
0 11 76 91 65
52 0 12 45 60
82 43 0 13 77
54 92 56 0 14
67 35 54 38 0
15 76 61 54 30
0 16 29 72 68
51 0 17 37 36
23 62 0 18 53
66 83 18 0 19
85 63 56 62 0
20 4 11 50 44
0 21 78 46 44
42 0 22 87 29
50 82 0 23 0
56 51 58 0 24
30 70 33 73 0
25 55 82 44 30
0 26 42 81 35
20 0 27 51 37
72 65 0 28 83
90 48 36 0 29
53 43 28 68 0
30 72 16 34 72
0 31 84 49 20
21 0 32 46 39
70 67 0 33 74
16 40 39 0 34
92 25 62 90 0
35 62 62 18 19
0 36 76 26 49
33 0 37 68 14
28 25 0 38 97
56 51 80 0 39
30 59 38 30 0
40 3 49 2 41
0 41 9 19 80
34 0 42 58 87
74 69 0 43 75
15 34 15 0 44
70 69 16 32 1
2 87 79 75 27
1 3 40 85 54
70 1 4 71 94
80 32 1 5 17
64 34 18 1 6
14 37 46 82 1
7 53 21 70 13
1 8 64 33 41
19 1 9 95 74
90 58 1 10 99
35 44 66 1 11
49 55 38 10 1
12 78 92 56 23
1 13 32 72 31
30 1 14 14 26
74 54 1 15 18
61 33 72 1 16
55 23 51 19 1
17 3 63 4 15
1 18 26 43 38
67 1 19 97 92
71 93 1 20 55
73 65 69 1 21
35 37 80 17 1
22 74 70 43 38
1 23 45 87 33
25 1 24 68 36
14 68 1 25 32
79 44 49 1 26
90 25 95 84 1
27 20 41 64 47
1 28 89 31 21
91 1 29 88 65
45 93 1 30 35
85 7 83 1 31
91 81 80 26 1
32 6 6 21 63
1 33 41 63 77
27 1 34 2 24
12 66 1 35 67
76 56 24 1 36
62 73 71 25 1
37 97 50 36 31
1 38 30 54 15
17 1 39 46 34
45 19 1 40 15
61 78 23 1 41
35 52 59 18 1
42 88 74 51 36
1 43 91 48 50
37 1 44 28 56
19 54 2 3 54
22 54 60 2 4
39 85 41 66 2
5 31 86 37 71
2 6 41 42 65
42 2 7 8 27
5 20 2 8 99
29 55 86 2 9
29 51 43 79 2
10 26 63 35 29
2 11 66 74 62
37 2 12 12 79
7 22 2 13 99
53 41 95 2 14
52 79 83 31 2
15 6 76 6 60
2 16 8 76 52
54 2 17 14 10
77 25 2 18 34
33 17 73 2 19
57 45 48 66 2
20 92 24 30 50
2 21 98 38 59
48 2 22 87 85
82 54 2 23 36
77 34 70 2 24
39 85 59 34 2
25 1 61 42 45
2 26 6 25 12
35 2 27 34 37
55 20 2 28 54
41 81 40 2 29
6 65 62 43 2
30 59 59 75 75
2 31 30 16 13
61 2 32 3 39
74 62 2 33 60
19 69 22 2 34
97 27 30 68 2
35 31 79 57 35
2 36 9 15 63
70 2 37 38 57
31 74 2 38 86
41 17 73 2 39
72 28 85 28 2
40 5 78 65 30
2 41 14 3 32
64 2 42 67 61
23 38 2 43 74
86 55 34 2 44
79 62 93 16 3
4 53 60 90 59
3 5 24 75 75
63 3 6 50 84
35 21 3 7 37
56 8 47 3 8
90 97 49 52 3
9 20 29 82 29
3 10 71 20 78
73 3 11 96 51
75 39 3 12 37
67 61 18 3 13
54 85 41 58 3
14 18 20 29 48
3 15 97 83 76
70 3 16 82 25
53 75 3 17 42
40 27 77 3 18
75 92 32 88 3
19 94 97 58 92
3 20 44 53 23
67 3 21 71 92
92 58 3 22 47
83 68 42 3 23
3 39 47 76 3
24 19 73 5 7
3 25 58 36 14
69 3 26 87 35
84 33 3 27 13
73 25 48 3 28
59 49 37 69 3
29 30 32 63 53
3 30 36 21 68
71 3 31 21 36
74 65 3 32 17
70 64 66 3 33
87 97 49 54 3
34 64 63 58 42
3 35 68 19 81
63 3 36 45 80
78 32 3 37 25
6 16 32 3 38
93 43 42 35 3
39 55 17 25 56
3 40 32 62 74
63 3 41 43 15
81 15 3 42 54
56 47 53 3 43
48 76 78 38 3
44 34 29 10 28
4 5 61 17 77
82 4 6 45 25
39 29 4 7 31
68 63 80 4 8
15 48 78 36 4
9 80 81 72 37
4 10 3 49 14
21 4 11 90 96
26 59 4 12 21
9 27 9 4 13
30 48 7 67 4
14 36 47 62 11
4 15 3 55 19
34 4 16 30 53
67 82 4 17 93
89 84 44 4 18
60 16 79 67 4
19 5 51 35 41
4 20 67 46 21
33 4 21 32 30
66 66 4 22 13
8 23 14 4 23
16 39 11 31 4
24 93 45 19 82
4 25 77 51 67
69 4 26 79 90
82 28 4 27 16
58 37 21 4 28
94 93 24 78 4
29 83 60 79 84
4 30 86 59 41
33 4 31 7 52
37 64 4 32 25
50 5 42 4 33
85 34 91 45 4
34 41 48 71 85
4 35 97 38 83
47 4 36 71 88
77 47 4 37 58
61 56 56 4 38
97 42 73 33 4
39 91 34 39 20
4 40 7 50 27
10 4 41 93 95
56 96 4 42 19
47 25 66 4 43
80 47 37 80 4
44 92 36 24 26
5 6 19 66 83
18 5 7 4 16
67 24 5 8 12
3 35 68 5 9
62 62 90 30 5
10 80 69 37 61
5 11 44 18 51
77 5 12 71 49
43 23 5 13 43
64 37 24 5 14
24 51 44 46 5
15 48 56 82 66
5 16 87 62 72
40 5 17 64 45
28 47 5 18 90
88 30 50 5 19
69 44 18 58 5
20 71 75 28 61
5 21 0 15 49
10 5 22 85 92
32 93 5 23 30
49 47 38 5 24
92 46 56 49 5
25 68 37 38 39
5 26 61 49 43
61 5 27 83 51
49 50 5 28 21
30 54 75 5 29
30 45 9 19 5
30 28 44 35 30
5 31 47 25 23
31 5 32 81 80
77 49 5 33 78
17 95 52 5 34
90 28 25 61 5
35 6 23 4 75
5 36 55 39 81
35 5 37 28 67
30 52 5 38 37
38 15 66 5 39
61 74 77 43 5
40 53 47 15 68
5 41 64 86 49
52 5 42 46 55
61 44 5 43 11
18 36 58 5 44
75 80 45 69 6
7 11 9 55 70
6 8 42 76 13
78 6 9 19 9
19 42 6 10 75
73 86 23 6 11
3 47 5 77 6
12 22 68 19 22
6 13 52 62 34
49 6 14 1 37
30 29 6 15 2
43 58 48 6 16
34 41 13 55 6
17 47 18 56 78
6 18 57 81 18
37 6 19 6 66
40 35 6 20 46
34 56 34 6 21
1 16 49 20 6
22 41 40 22 71
6 23 48 12 55
75 6 24 15 11
33 59 6 25 42
16 14 85 6 26
7 24 33 22 6
27 84 59 43 92
6 28 48 71 16
59 6 29 8 68
46 3 6 30 96
23 34 37 6 31
80 56 75 16 6
32 82 21 32 94
6 33 43 56 58
47 6 34 35 47
39 32 6 35 79
91 50 45 6 36
60 62 51 81 6
37 61 79 64 75
6 38 53 25 47
42 6 39 25 68
16 18 6 40 84
19 43 92 6 41
36 72 81 48 6
42 15 67 6 19
6 43 98 92 75
72 6 44 10 81
33 58 7 8 57
39 35 14 7 9
26 83 60 40 7
10 30 17 73 24
7 11 5 75 71
45 7 12 98 39
26 40 7 13 23
60 7 81 7 14
33 47 17 9 7
15 40 67 54 72
7 16 92 87 21
76 7 17 74 17
24 73 7 18 69
38 28 80 7 19
36 23 64 38 7
20 58 18 75 68
7 21 51 15 17
40 7 22 57 23
17 40 7 23 49
12 23 74 7 24
7 75 39 34 7
25 64 29 51 36
7 26 85 82 40
84 7 27 26 6
8 69 7 28 58
42 54 64 7 29
11 22 42 6 7
30 5 53 71 27
7 31 15 42 72
36 7 32 66 21
67 16 7 33 41
39 83 37 7 34
89 65 69 91 7
35 4 33 10 15
7 36 50 82 47
33 7 37 42 35
76 63 7 38 58
25 54 34 7 39
35 36 78 22 7
40 55 41 83 60
7 41 88 83 66
52 7 42 94 38
90 59 7 43 84
39 69 81 7 44
9 50 73 70 8
9 60 89 56 20
8 10 35 84 45
80 8 11 80 90
78 90 8 12 86
38 51 32 8 13
95 46 84 57 8
14 75 21 41 71
8 15 38 57 79
81 8 16 34 74
62 39 8 17 53
82 89 49 8 18
61 55 60 71 8
19 55 87 86 56
8 20 67 92 28
62 8 21 99 43
33 60 8 22 62
50 80 76 8 23
89 61 87 42 8
24 63 73 38 39
8 25 98 36 98
79 8 26 63 73
32 32 8 27 19
39 74 22 8 28
50 12 37 68 8
29 68 22 48 28
8 30 10 47 21
42 8 31 1 19
3 52 8 32 67
19 53 40 8 33
32 15 38 73 8
34 32 33 56 39
8 35 76 48 68
15 8 36 24 33
39 40 8 37 13
60 48 61 8 38
33 52 18 50 8
39 94 48 57 78
8 40 34 27 29
67 8 41 57 26
83 58 8 42 95
84 60 21 8 43
74 56 48 39 8
44 17 78 78 39
9 10 31 21 45
22 9 11 83 26
35 53 9 12 58
50 69 52 9 13
58 68 47 63 9
14 97 43 28 66
9 15 79 25 76
39 9 16 4 60
36 79 9 17 54
90 13 86 9 18
3 33 54 29 9
19 10 23 8 20
9 20 33 84 20
47 9 21 76 94
34 72 9 22 45
35 52 29 9 23
41 80 20 31 9
24 53 12 58 40
9 25 85 45 45
93 9 26 80 41
81 86 9 27 72
44 67 81 9 28
2 36 10 22 9
29 95 87 71 42
9 30 58 37 31
25 9 31 16 27
67 44 9 32 93
86 58 79 9 33
76 16 87 76 9
34 11 3 78 46
9 35 43 19 66
67 9 36 5 21
21 79 9 37 50
69 83 10 9 38
64 74 83 71 9
39 68 75 87 25
9 40 28 53 54
59 9 41 72 66
89 74 9 42 69
34 39 58 9 43
12 65 29 79 9
44 18 17 77 76
10 11 7 47 25
40 10 12 27 24
63 33 10 13 81
39 33 25 10 14
89 30 37 35 10
15 36 31 19 37
10 16 10 53 33
56 10 17 67 26
88 70 10 18 43
41 55 31 10 19
67 13 69 34 10
20 10 12 78 65
10 21 12 80 16
30 10 22 53 21
20 38 10 23 90
29 57 83 10 24
42 52 49 18 10
25 92 44 31 24
10 26 33 52 22
13 10 27 34 41
23 80 10 28 62
33 79 75 10 29
68 40 63 27 10
30 92 38 24 63
10 31 43 10 36
50 10 32 90 23
79 81 10 33 19
37 31 24 10 34
56 46 54 81 10
35 93 94 90 65
10 36 11 50 77
20 10 37 39 53
60 66 10 38 63
15 15 80 10 39
1 58 79 53 10
40 78 74 59 92
10 41 97 40 66
21 10 42 50 33
77 36 10 43 59
49 57 29 10 44
12 77 44 74 11
12 15 71 74 63
11 13 97 78 87
84 11 14 36 8
75 24 11 15 84
51 41 92 11 16
44 21 33 19 11
17 18 53 28 18
11 18 6 51 76
57 11 19 57 12
19 67 11 20 18
54 25 34 11 21
84 18 93 65 11
22 29 12 66 14
11 23 39 40 24
63 11 24 37 79
32 39 11 25 81
73 42 28 11 26
27 9 24 82 11
27 5 12 33 24
11 28 76 22 42
27 11 29 69 89
25 61 11 30 6
5 28 77 11 31
83 89 41 43 11
32 56 81 31 70
11 33 83 50 92
54 11 34 60 61
49 52 11 35 38
84 30 43 11 36
81 73 84 84 11
37 22 51 5 68
11 38 88 83 26
50 11 39 84 49
21 75 11 40 30
24 41 66 11 41
83 47 94 61 11
42 93 87 52 70
11 43 93 39 66
59 11 44 8 60
65 62 12 13 70
53 61 30 12 14
13 13 26 78 12
15 57 59 50 62
12 16 22 56 42
72 12 17 65 44
20 16 12 18 98
39 54 67 12 19
55 54 33 76 12
20 46 85 58 49
12 21 30 74 14
58 12 22 60 60
26 23 12 23 78
19 79 73 12 24
3 44 33 48 12
25 42 40 57 76
12 26 0 40 1
32 12 27 62 89
16 82 12 28 48
57 46 48 12 29
25 36 64 28 12
30 70 50 59 41
12 31 10 21 53
36 12 32 16 8
46 50 12 33 13
35 17 40 12 34
11 23 47 21 12
35 26 79 44 41
12 36 29 36 48
50 12 37 14 54
21 16 12 38 16
13 15 47 12 39
83 31 38 75 12
40 46 26 75 40
12 41 72 41 49
48 12 42 65 20
14 57 12 43 66
61 74 29 12 44
99 57 54 69 13
14 80 38 71 40
13 15 49 28 30
10 13 16 45 45
74 24 13 17 18
34 27 17 13 18
56 86 35 15 13
19 76 44 35 38
13 20 99 75 61
82 13 21 67 61
88 54 13 22 28
73 19 37 13 23
5 37 1 44 13
24 49 29 62 12
13 25 33 67 41
81 13 26 0 3
75 45 13 27 53
36 52 34 13 28
2 20 79 40 13
29 27 83 34 70
13 30 41 27 34
76 13 31 21 78
50 30 13 32 19
74 25 14 13 33
42 78 42 61 13
34 42 10 63 38
13 35 70 15 19
27 13 36 3 41
67 59 13 37 11
34 53 32 13 38
41 26 82 21 13
39 21 81 77 10
13 40 70 75 25
93 13 41 37 64
61 48 13 42 61
41 63 17 13 43
11 64 53 31 13
44 9 37 39 63
14 15 78 76 76
81 14 16 86 29
49 77 14 17 45
33 45 85 14 18
34 53 78 37 14
19 85 88 62 89
14 20 63 71 19
91 14 21 2 60
6 38 14 22 93
97 69 29 14 23
6 80 26 18 14
24 48 35 62 74
14 25 15 67 40
69 14 26 91 29
24 53 14 27 10
76 51 45 14 28
60 77 77 43 14
29 94 24 26 69
14 30 85 94 78
32 14 31 37 77
41 22 14 32 40
76 8 43 14 33
62 65 44 78 14
34 0 2 47 65
14 35 71 44 20
77 14 36 0 48
0 23 14 37 97
80 33 66 14 38
85 89 30 28 14
39 83 42 61 30
14 40 97 68 65
44 14 41 14 75
67 13 14 42 26
9 54 84 14 43
89 30 59 46 14
44 16 5 35 38
15 16 35 67 10
22 15 17 52 64
84 87 15 18 7
5 56 13 15 19
43 8 38 78 15
20 45 83 75 36
15 21 57 13 63
87 15 22 13 9
61 49 15 23 85
22 20 92 15 24
16 18 7 60 15
25 56 81 70 61
15 26 78 49 34
60 15 27 1 51
78 34 15 28 88
59 24 30 15 29
72 49 14 71 15
30 48 22 26 42
15 31 13 54 60
41 15 32 42 41
17 34 15 33 58
52 53 75 15 34
3 39 64 71 15
35 17 4 55 25
15 36 75 36 78
35 15 37 35 80
17 57 15 38 79
89 95 69 15 39
57 56 48 49 15
40 37 68 39 59
15 41 78 24 75
59 15 42 23 58
26 10 15 43 44
41 74 79 15 44
70 20 24 62 16
17 94 79 97 23
16 18 44 10 33
20 16 19 84 79
35 44 16 20 17
39 62 82 16 21
22 52 20 80 16
22 55 19 13 24
16 23 33 61 67
27 16 24 7 73
10 46 16 25 24
49 48 70 16 26
68 75 54 44 16
27 96 95 63 78
16 28 62 13 16
90 16 29 67 56
71 38 16 30 54
49 71 32 16 31
53 23 12 82 16
32 6 29 44 56
16 33 98 46 86
82 16 34 12 80
38 78 16 35 61
66 34 78 16 36
39 65 67 53 16
37 55 29 90 43
16 38 65 83 17
71 16 39 0 53
30 71 16 40 67
70 66 75 16 41
81 28 79 92 16
42 58 55 37 50
16 43 26 26 34
9 16 44 51 23
58 61 17 18 54
83 73 79 17 19
15 68 10 82 17
20 17 43 50 15
17 21 44 25 17
42 17 22 99 43
72 95 17 23 88
82 39 89 17 24
24 75 22 10 17
25 72 32 76 59
17 26 32 57 76
80 17 27 6 71
15 81 17 28 9
10 65 72 17 29
15 18 66 41 17
30 11 49 13 12
17 31 46 25 46
68 17 32 73 35
40 61 17 33 95
97 53 98 17 34
70 55 52 64 17
35 76 15 22 24
17 36 90 68 30
77 17 37 5 14
73 35 17 38 95
54 95 39 17 39
96 30 56 97 17
40 88 86 46 75
17 41 98 96 88
61 17 42 52 43
65 44 17 43 28
70 80 84 17 44
92 21 42 82 18
19 70 56 67 24
18 20 3 9 11
42 18 21 11 34
72 16 18 22 63
77 42 68 18 23
66 92 20 55 18
24 13 11 20 13
18 25 30 77 13
13 18 26 58 33
12 83 18 27 21
37 75 34 18 28
59 39 43 15 18
29 76 80 61 36
18 30 97 48 51
90 18 31 18 21
28 32 18 32 16
22 39 62 18 33
29 30 67 51 18
34 70 78 88 63
18 35 7 40 58
15 18 36 79 93
47 84 18 37 29
54 38 72 18 38
72 86 56 58 18
39 92 72 96 48
18 40 35 83 36
42 18 41 47 16
73 35 18 42 80
55 47 17 18 43
28 42 66 37 18
44 46 68 19 88
19 20 2 43 18
29 19 21 16 18
21 63 19 22 77
37 28 65 19 23
20 25 73 64 19
24 49 31 28 49
19 25 9 30 26
32 19 26 92 29
58 28 19 27 68
53 27 76 19 28
39 45 18 31 19
29 27 62 24 20
19 30 90 92 64
36 19 31 15 31
24 72 19 32 10
54 50 58 19 33
92 26 97 81 19
34 51 42 28 39
19 35 70 85 38
25 19 36 83 39
49 38 19 37 38
81 87 27 19 38
98 56 26 96 19
39 38 40 9 9
19 40 33 72 28
50 19 41 64 30
16 66 19 42 90
24 96 73 19 43
80 68 35 67 19
44 47 40 28 88
20 21 97 62 27
33 20 22 70 93
58 33 20 23 6
5 78 39 20 24
45 62 43 19 20
25 65 24 35 63
20 26 23 8 63
22 20 27 57 48
34 71 20 28 35
69 81 17 20 29
98 78 97 48 20
30 37 26 63 25
20 31 86 53 18
54 20 32 40 24
60 70 20 33 16
31 21 75 20 34
47 46 12 67 20
35 32 6 34 71
20 36 28 17 28
27 20 37 74 54
75 52 20 38 6
7 39 56 20 39
96 91 80 40 20
40 85 60 64 89
20 41 61 41 29
41 20 42 9 54
14 69 20 43 72
56 78 93 20 44
14 25 66 48 21
22 78 94 37 25
21 23 3 41 36
29 21 24 78 94
79 47 21 25 20
36 19 58 21 26
20 63 23 28 21
27 99 66 66 53
21 28 28 63 44
68 21 29 62 83
67 45 21 30 98
38 29 52 21 31
28 22 51 33 21
32 32 65 63 73
21 33 44 38 80
84 21 34 17 40
20 29 21 35 34
67 51 83 21 36
26 37 16 37 21
37 13 7 79 68
21 38 71 76 61
52 21 39 76 70
90 25 21 40 1
14 8 75 21 41
51 46 45 59 21
42 2 75 51 65
21 43 45 75 60
61 21 44 18 46
81 62 22 23 75
69 51 18 22 24
19 49 23 82 22
25 78 79 74 37
22 26 76 86 66
61 22 27 23 69
40 55 22 28 19
50 77 19 22 29
34 23 17 32 22
30 20 76 15 81
22 31 0 43 78
49 22 32 5 21
45 66 22 33 93
48 47 42 22 34
1 71 24 48 22
35 11 47 66 27
22 36 56 75 74
86 22 37 69 74
24 90 22 38 0
27 17 49 22 39
95 76 94 51 22
40 50 72 76 77
22 41 25 67 44
68 22 42 74 74
71 85 22 43 99
59 84 60 22 44
51 41 80 53 23
24 43 79 56 23
23 25 21 35 34
15 23 26 66 34
70 29 23 27 4
65 78 18 23 28
69 27 75 86 23
29 72 36 47 18
23 30 40 72 13
18 23 31 29 59
65 9 23 32 42
67 32 38 23 33
93 56 46 35 23
34 47 68 29 11
23 35 35 74 17
87 23 36 24 80
13 13 23 37 18
45 46 12 23 38
37 61 18 17 23
39 20 72 40 53
23 40 82 65 73
26 23 41 21 65
43 23 23 42 8
30 32 54 23 43
93 56 74 87 23
44 48 87 25 65
24 25 1 45 72
65 24 26 80 50
91 70 24 27 9
69 64 34 24 28
96 95 86 90 24
29 27 39 34 66
24 30 7 47 34
72 24 31 5 46
74 48 24 32 39
33 45 80 24 33
74 78 50 42 24
34 37 14 87 34
24 35 16 39 44
58 24 36 86 79
33 82 24 37 66
71 41 36 24 38
39 77 14 38 24
39 83 79 23 65
24 40 87 81 19
57 24 41 56 25
40 25 24 42 57
54 13 21 24 43
80 95 18 30 24
44 77 90 60 39
25 26 7 57 12
76 25 27 99 38
47 81 25 28 27
56 13 74 25 29
72 69 54 60 25
30 11 20 27 8
25 31 9 12 48
68 25 32 48 41
60 83 25 33 7
18 62 53 25 34
53 68 12 16 25
35 32 74 84 66
25 36 10 48 20
56 25 37 81 47
79 28 25 38 12
3 81 29 25 39
91 65 71 84 25
40 27 52 83 6
25 41 49 36 71
57 25 42 12 7
38 78 25 43 6
32 69 32 25 44
4 5 18 68 26
27 50 23 53 37
26 28 61 32 88
92 26 29 0 76
17 42 26 30 26
34 14 20 26 31
32 33 70 13 26
32 68 48 30 55
26 33 48 51 62
72 26 34 86 81
80 74 26 35 35
44 36 67 26 36
87 44 42 22 26
37 95 22 66 21
26 38 48 29 88
30 26 39 54 14
48 73 26 40 33
49 75 77 26 41
10 16 41 22 26
42 19 60 61 44
26 43 40 28 49
14 26 44 10 25
12 68 27 28 46
66 18 24 27 29
79 60 63 82 27
30 63 80 72 91
27 31 55 18 50
46 27 32 74 24
31 23 27 33 36
63 10 41 27 34
12 9 21 74 27
35 3 71 52 50
27 36 30 32 24
56 27 37 12 44
65 16 27 38 51
17 51 34 27 39
56 43 84 44 27
40 14 25 27 63
27 41 93 90 50
80 27 42 78 47
66 93 27 43 30
32 13 64 27 44
66 27 50 42 28
29 47 18 78 67
28 30 94 59 30
57 28 31 96 19
21 54 28 32 76
31 70 64 28 33
45 28 54 62 28
34 87 25 46 35
28 35 97 36 71
67 28 36 25 31
14 27 28 37 15
15 25 21 28 38
58 16 37 62 28
39 63 85 32 74
28 40 82 86 22
52 28 41 63 30
45 68 28 42 63
15 14 25 28 43
31 83 9 68 28
44 43 52 52 35
29 30 95 41 20
74 29 31 16 12
71 44 29 32 65
80 13 16 29 33
91 40 37 82 29
34 60 14 65 46
29 35 30 25 20
35 29 36 35 58
68 85 29 37 50
15 89 19 29 38
48 34 38 24 29
39 60 83 56 36
29 40 76 29 31
60 29 41 12 38
21 40 29 42 50
16 57 53 29 43
45 77 38 87 29
44 38 33 31 58
30 31 99 75 94
89 30 32 38 15
16 82 30 33 96
21 74 40 30 34
64 34 92 60 30
35 37 65 18 66
30 36 58 60 84
17 30 37 60 81
32 91 30 38 86
38 36 35 30 39
50 79 29 60 30
40 24 74 61 13
30 41 23 70 19
61 30 42 11 58
27 22 30 43 90
59 36 46 30 44
4 19 42 36 31
32 43 84 57 28
31 33 85 93 94
95 31 34 31 28
45 21 31 35 55
87 41 86 31 36
27 5 6 29 31
37 19 7 56 45
31 38 24 5 59
76 31 39 37 31
39 26 31 40 44
32 70 31 31 41
50 83 79 19 31
42 5 72 69 6
31 43 6 15 46
26 31 44 34 82
52 67 32 33 68
15 54 18 32 34
74 80 52 58 32
35 77 17 40 44
32 36 51 75 10
24 32 37 15 36
64 43 32 38 55
15 34 47 32 39
48 41 54 45 32
40 50 64 34 85
32 41 38 26 62
62 32 42 91 73
30 88 32 43 11
76 72 8 32 44
88 95 97 41 33
34 36 35 81 59
33 35 23 71 32
69 33 36 99 75
53 88 33 37 91
36 80 50 33 38
52 25 44 24 33
39 0 77 31 55
33 40 52 90 90
25 33 41 15 56
5 8 33 42 48
52 57 86 33 43
34 24 33 70 33
44 55 90 19 75
34 35 78 46 16
55 34 36 91 23
91 74 34 37 4
53 31 11 34 38
57 37 30 59 34
39 29 78 71 46
34 40 62 52 55
14 34 41 90 72
77 71 34 42 72
51 93 71 34 43
47 74 51 15 34
44 69 88 50 19
35 36 14 10 66
2 35 37 5 27
58 44 35 38 40
67 24 74 35 39
62 32 52 78 35
40 9 62 81 30
35 41 56 62 36
35 35 42 79 36
20 52 35 43 47
20 73 66 35 44
62 55 85 90 36
37 80 47 40 96
36 38 75 71 48
85 36 39 6 8
77 66 36 40 51
53 65 16 36 41
21 12 19 60 36
42 0 56 13 52
36 43 83 59 36
39 36 44 40 44
39 50 37 38 61
16 52 86 37 39
61 62 41 36 37
40 92 30 53 31
37 41 61 56 48
90 37 42 33 46
21 77 37 43 62
77 65 17 37 44
58 62 11 62 38
39 11 79 58 12
38 40 51 22 72
18 38 41 18 20
35 45 38 42 52
13 24 25 38 43
63 88 16 33 38
44 31 55 42 19
39 40 64 71 43
78 39 41 43 76
35 45 39 42 98
87 97 74 39 43
85 23 45 96 39
44 37 20 72 81
40 41 86 77 74
67 40 42 75 41
80 40 40 43 57
22 52 27 40 44
31 22 72 17 41
42 30 23 22 64
41 43 0 69 42
20 41 44 69 88
25 25 42 43 73
67 87 84 42 44
47 31 25 87 43
44 17 26 30 5
