48 4
0.25 0.25 0.25 0.25 
0 1 36 72 14
51 0 2 38 22
37 7 0 3 10
53 58 29 0 4
63 36 38 20 0
5 93 36 37 27
0 6 33 81 19
62 0 7 93 42
53 24 0 8 53
58 38 23 0 9
66 72 79 89 0
10 18 16 15 52
0 11 37 73 52
61 0 12 26 54
27 6 0 13 76
81 65 54 0 14
92 21 74 33 0
15 9 7 48 10
0 16 29 40 56
31 0 17 72 68
86 17 0 18 7
79 28 45 0 19
73 25 31 43 0
20 74 57 80 79
0 21 90 97 43
62 0 22 16 42
62 33 0 23 82
42 44 41 0 24
88 84 26 30 0
25 42 60 68 86
0 26 86 59 19
46 0 27 42 68
85 80 0 28 21
37 69 15 0 29
41 32 68 41 0
30 99 55 37 95
0 31 49 43 64
43 0 32 28 84
27 69 0 33 9
54 63 27 0 34
2 19 25 5 0
35 94 27 63 73
0 36 48 28 46
39 0 37 54 85
75 57 0 38 13
63 30 50 0 39
68 56 33 56 0
40 62 69 38 87
0 41 44 54 52
74 0 42 68 85
51 14 0 43 36
40 45 74 0 44
54 80 16 39 0
45 22 50 20 70
0 46 68 65 71
46 0 47 49 56
80 13 1 2 79
32 83 76 1 3
56 82 77 69 1
4 23 49 65 56
1 5 95 40 23
71 1 6 65 44
29 21 1 7 28
57 20 19 1 8
28 41 56 27 1
9 78 26 59 47
1 10 97 39 93
56 1 11 42 83
21 70 1 12 31
38 57 51 1 13
54 73 55 53 1
14 19 33 30 11
1 15 17 78 40
55 1 16 74 89
48 28 1 17 42
79 13 36 1 18
97 44 54 73 1
19 45 43 87 39
1 20 2 18 13
7 1 21 82 76
22 47 1 22 71
75 64 88 1 23
36 39 87 29 1
24 94 86 64 88
1 25 80 33 60
91 1 26 95 54
97 73 1 27 19
52 38 58 1 28
13 9 47 44 1
29 25 76 29 73
1 30 48 73 80
54 1 31 71 73
16 35 1 32 9
75 76 54 1 33
98 74 22 47 1
34 31 46 7 36
1 35 72 40 82
68 1 36 65 85
28 92 1 37 47
61 28 21 1 38
45 89 34 72 1
39 32 13 9 66
1 40 64 86 73
54 1 41 12 41
68 44 1 42 15
13 76 27 1 43
19 5 29 67 1
44 30 49 6 56
1 45 50 38 12
59 1 46 57 62
24 65 1 47 49
20 70 41 2 3
88 25 38 52 2
4 46 33 67 72
2 5 38 80 74
74 2 6 34 47
11 25 2 7 39
77 9 29 2 8
42 72 60 82 2
9 75 72 82 58
2 10 37 77 28
25 2 11 35 43
86 48 2 12 94
39 25 48 2 13
14 38 11 44 2
14 46 54 42 71
2 15 63 48 44
82 2 16 20 13
28 23 2 17 24
75 26 56 2 18
24 57 54 22 2
19 39 43 87 47
2 20 19 74 28
22 2 21 78 58
49 38 2 22 62
24 46 75 2 23
39 42 79 15 2
24 77 89 23 40
2 25 20 80 7
44 2 26 6 23
63 19 2 27 71
49 80 89 2 28
43 20 84 56 2
29 71 31 43 90
2 30 16 80 31
80 2 31 84 38
84 83 2 32 34
69 59 46 2 33
21 51 82 77 2
34 21 74 15 19
2 35 1 19 17
23 2 36 26 41
62 60 2 37 75
70 83 19 2 38
67 24 29 42 2
39 31 11 54 38
2 40 76 80 54
30 2 41 45 48
59 42 2 42 97
57 72 80 2 43
91 90 74 36 2
44 60 82 32 36
2 45 51 50 32
43 2 46 69 39
37 40 2 47 72
20 72 19 3 4
86 74 73 23 3
5 91 67 33 42
3 6 6 18 69
58 3 7 11 11
63 23 3 8 98
73 35 72 3 9
2 33 59 25 3
10 9 11 79 78
3 11 66 38 77
77 3 12 12 38
43 3 3 13 63
41 47 76 3 14
60 13 74 86 3
15 50 18 63 12
3 16 92 36 58
64 3 17 3 36
29 27 3 18 42
10 78 77 3 19
31 22 18 7 3
20 1 77 70 1
3 21 77 60 64
35 3 22 50 83
71 12 3 23 29
19 34 62 3 24
98 43 64 21 3
25 87 94 20 75
3 26 12 4 81
20 3 27 51 70
42 67 3 28 49
83 51 30 3 29
15 59 29 16 3
30 25 40 15 45
3 31 70 31 68
52 3 32 56 33
78 30 3 33 72
54 57 90 3 34
43 25 56 51 3
35 92 62 34 92
3 36 95 23 59
82 3 37 69 49
59 65 3 38 23
52 57 58 3 39
52 67 59 47 3
40 80 93 18 67
3 41 96 93 28
56 3 42 90 43
82 90 3 43 93
52 28 22 3 44
98 19 46 81 3
45 28 79 81 81
3 46 65 14 23
24 3 47 34 26
38 76 4 5 96
85 75 29 4 6
73 42 66 44 4
7 19 37 22 60
4 8 26 40 31
81 4 9 54 76
28 32 4 10 97
67 40 30 4 11
78 16 35 88 4
12 2 50 12 4
4 13 4 9 51
36 4 14 83 34
32 77 4 15 9
51 77 76 4 16
38 75 70 75 4
17 28 21 35 8
4 18 51 51 71
43 4 19 14 69
66 38 4 20 49
10 67 61 4 21
2 80 74 65 4
22 10 19 74 80
4 23 35 42 67
76 4 24 11 76
75 22 4 25 25
14 42 21 4 26
92 49 72 32 4
27 17 19 64 42
4 28 5 71 50
72 4 29 5 51
78 17 4 30 0
47 33 78 4 31
51 74 28 58 4
32 7 51 23 53
4 33 69 50 50
51 4 34 2 66
48 78 4 35 36
11 63 70 4 36
95 27 34 65 4
37 7 23 14 62
4 38 75 31 45
87 4 39 44 79
36 76 4 40 73
43 20 26 4 41
47 14 54 36 4
42 79 21 27 68
4 43 94 64 89
50 4 44 9 77
70 21 4 45 57
60 64 27 4 46
44 86 39 80 4
47 93 63 95 69
5 6 69 34 26
78 5 7 39 52
16 48 5 8 9
66 7 72 5 9
9 19 19 78 5
10 48 57 48 11
5 11 70 31 29
57 5 12 38 43
67 48 5 13 35
78 70 66 5 14
15 59 6 75 5
15 94 27 72 28
5 16 95 92 62
26 5 17 57 17
15 66 5 18 48
84 50 61 5 19
92 62 52 37 5
20 50 38 40 18
5 21 32 70 73
13 5 22 57 43
48 79 5 23 9
81 33 6 5 24
36 63 39 34 5
25 44 52 82 75
5 26 51 30 59
44 5 27 32 12
50 28 5 28 31
59 83 24 5 29
12 76 33 29 5
30 6 41 8 67
5 31 6 9 80
73 5 32 8 31
60 44 5 33 39
72 17 51 5 34
98 76 63 84 5
35 93 69 63 42
5 36 10 33 52
18 5 37 73 81
69 28 5 38 12
12 33 48 5 39
32 77 27 56 5
40 59 78 87 88
5 41 15 63 28
42 5 42 73 81
65 16 5 43 47
45 54 51 5 44
59 39 54 15 5
45 93 26 52 97
5 46 52 90 10
45 5 47 24 47
71 24 6 7 78
78 17 79 6 8
0 20 67 38 6
9 83 56 61 81
6 10 10 13 73
38 6 11 44 24
48 24 6 12 95
67 95 22 6 13
58 89 27 82 6
14 72 70 29 61
6 15 41 37 82
44 6 16 86 85
53 25 6 17 0
68 63 40 6 18
20 75 65 14 6
19 16 6 35 26
6 20 7 62 44
72 6 21 17 20
12 12 6 22 35
15 67 28 6 23
3 49 43 9 6
24 27 53 30 33
6 25 44 46 53
17 6 26 86 79
89 26 6 27 29
35 17 66 6 28
76 66 16 40 6
29 33 19 52 30
6 30 25 52 54
31 6 31 2 35
41 65 6 32 71
60 74 33 6 33
46 13 54 26 6
34 27 84 20 19
6 35 86 57 17
49 6 36 1 6
24 48 6 37 89
87 44 64 6 38
46 19 30 38 6
39 11 79 72 77
6 40 74 52 31
74 6 41 97 87
47 49 6 42 65
37 62 87 6 43
72 48 82 87 6
44 45 76 51 11
6 45 65 35 74
73 6 46 85 27
32 82 6 47 84
76 62 40 7 8
83 47 28 37 7
9 77 72 42 53
7 10 86 34 79
66 7 11 15 77
73 65 7 12 89
19 86 58 7 13
41 28 16 73 7
14 12 15 74 14
7 15 36 10 47
26 7 16 77 52
60 71 7 17 84
73 42 74 7 18
15 45 70 32 7
19 48 88 27 35
7 20 55 86 83
11 7 21 93 43
49 57 7 22 60
71 75 53 7 23
24 32 33 21 7
24 83 94 89 27
7 25 62 81 83
65 7 26 1 25
15 24 7 27 19
26 72 37 7 28
99 30 66 51 7
29 0 2 28 47
7 30 4 61 14
13 7 31 29 48
39 83 7 32 86
61 66 29 7 33
41 12 49 46 7
34 31 55 35 29
7 35 94 62 74
87 7 36 55 77
85 62 7 37 10
3 47 4 7 38
17 4 52 77 7
39 50 60 74 22
7 40 0 23 45
78 7 41 0 49
22 15 7 42 57
73 19 60 7 43
2 37 68 1 7
44 30 72 37 11
7 45 35 80 8
65 7 46 39 44
32 76 7 47 17
81 79 14 8 9
60 80 54 61 8
10 26 41 23 84
8 11 51 33 62
15 8 12 68 30
66 55 8 13 22
13 8 74 8 14
95 98 48 25 8
15 82 24 55 66
8 16 34 41 10
81 8 17 21 6
13 32 8 18 65
51 50 86 8 19
32 19 51 26 8
20 15 73 61 22
8 21 35 62 79
46 8 22 57 63
61 18 8 23 30
72 65 77 8 24
60 63 72 62 8
25 95 28 39 94
8 26 30 9 67
49 8 27 79 18
17 85 8 28 44
69 21 16 8 29
19 41 72 62 8
30 21 58 25 28
8 31 1 21 43
76 8 32 4 66
5 18 8 33 57
66 81 88 8 34
47 34 39 57 8
35 72 77 74 75
8 36 59 34 34
46 8 37 33 74
52 73 8 38 90
82 27 55 8 39
0 50 68 21 8
40 22 4 59 62
8 41 81 32 84
54 8 42 86 27
91 63 8 43 60
60 53 65 8 44
74 23 45 86 8
45 60 42 23 74
8 46 42 23 68
46 8 47 34 38
47 24 9 10 2
75 32 70 9 11
44 27 74 30 9
12 35 46 77 49
9 13 25 40 17
23 9 14 68 49
28 34 9 15 83
47 53 69 9 16
72 22 49 88 9
17 88 94 75 28
9 18 12 53 38
63 9 19 73 14
15 88 9 20 4
48 60 6 9 21
61 23 42 77 9
22 69 38 56 29
9 23 18 49 58
62 9 24 35 60
60 54 9 25 81
55 45 18 9 26
52 73 47 49 9
27 14 16 17 33
9 28 2 11 29
9 9 29 60 13
54 85 9 30 32
15 50 49 9 31
17 39 79 69 9
32 55 15 69 89
9 33 73 25 64
24 9 34 29 21
62 26 9 35 50
28 48 10 9 36
94 84 21 56 9
37 40 49 14 67
9 38 7 31 35
1 9 39 56 70
90 21 9 40 0
11 42 58 9 41
1 19 38 62 9
42 87 59 25 44
9 43 95 71 74
35 9 44 35 34
65 34 9 45 53
20 38 89 9 46
33 25 40 40 9
47 96 78 60 41
10 11 41 47 33
43 10 12 82 74
25 20 10 13 7
76 28 66 10 14
50 18 15 65 10
15 90 91 82 54
10 16 97 68 36
65 10 17 34 44
32 13 10 18 68
35 40 27 10 19
18 45 65 27 10
20 14 63 79 6
10 21 46 46 39
40 10 22 59 49
68 33 10 23 72
49 44 54 10 24
79 38 85 53 10
25 65 92 55 90
10 26 29 39 34
52 10 27 69 29
73 40 10 28 74
68 91 35 10 29
67 74 68 35 10
30 41 32 80 71
10 31 8 71 62
33 10 32 1 19
0 52 10 33 91
27 71 21 10 34
71 69 70 87 10
35 19 61 49 46
10 36 66 63 27
35 10 37 62 23
63 47 10 38 61
54 77 70 10 39
2 52 63 20 10
40 70 31 71 52
10 41 8 61 49
32 10 42 48 35
70 66 10 43 14
7 40 58 10 44
63 16 86 24 10
45 28 75 13 48
10 46 1 52 48
64 10 47 74 56
17 57 11 12 0
22 38 79 11 13
88 30 58 79 11
14 84 81 63 42
11 15 38 9 74
47 11 16 61 55
53 41 11 17 8
32 15 47 11 18
69 80 51 69 11
19 22 13 13 15
11 20 46 78 23
20 11 21 68 14
45 83 11 22 86
22 76 53 11 23
53 30 51 36 11
24 80 59 27 70
11 25 36 44 7
14 11 26 19 66
59 18 11 27 87
86 24 64 11 28
84 78 76 93 11
29 20 55 39 19
11 30 8 24 16
55 11 31 2 1
58 28 11 32 27
64 29 76 11 33
89 85 60 84 11
34 17 54 71 21
11 35 33 10 54
36 11 36 64 75
32 54 11 37 90
25 31 93 11 38
73 76 85 47 11
39 47 78 38 42
11 40 47 66 52
50 11 41 57 54
53 40 11 42 71
47 19 68 11 43
64 31 57 90 11
44 39 43 32 8
11 45 46 48 72
70 11 46 62 84
67 21 11 47 24
39 55 44 12 13
36 9 14 72 12
14 20 19 37 72
12 15 72 63 26
82 12 16 6 22
12 49 12 17 98
51 51 55 12 18
2 10 8 76 12
19 96 83 32 57
12 20 35 17 10
17 12 21 63 15
47 91 12 22 34
43 28 22 12 23
26 65 40 8 12
24 78 94 21 77
12 25 75 66 24
55 12 26 89 96
81 82 12 27 5
49 39 63 12 28
15 24 74 40 12
29 62 77 50 21
12 30 82 25 37
94 12 31 7 18
14 23 12 32 71
54 42 21 12 33
7 76 39 44 12
34 10 7 64 16
12 35 4 65 33
31 12 36 86 85
40 38 12 37 70
64 58 73 12 38
14 65 47 50 12
39 67 87 70 20
12 40 61 55 29
49 12 41 97 80
86 78 12 42 76
17 30 61 12 43
72 40 93 49 12
44 41 86 58 69
12 45 82 33 45
37 12 46 93 96
25 83 12 47 45
80 36 25 13 14
30 74 7 15 13
15 21 55 63 10
13 16 74 42 88
39 13 17 67 13
75 65 13 18 87
22 66 21 13 19
17 69 7 26 13
20 38 37 17 15
13 21 58 43 12
36 13 22 54 23
85 27 13 23 9
61 26 68 13 24
30 49 11 13 13
25 62 77 82 71
13 26 74 89 94
82 13 27 86 45
46 66 13 28 67
89 54 26 13 29
90 77 67 87 13
30 98 67 97 60
13 31 93 87 87
89 13 32 0 40
70 66 13 33 79
68 64 65 13 34
45 87 82 42 13
35 79 48 22 34
13 36 56 39 80
60 13 37 48 13
54 88 13 38 33
54 9 37 13 39
77 71 78 43 13
40 41 81 31 70
13 41 15 74 17
6 13 42 75 19
91 20 13 43 85
61 32 49 13 44
19 63 19 20 13
45 4 35 6 74
13 46 51 19 29
63 13 47 42 39
47 84 14 15 64
56 14 34 14 16
58 53 65 18 14
17 21 17 15 84
14 18 23 58 11
7 14 19 85 23
28 70 14 20 67
21 36 88 14 21
78 27 61 85 14
22 86 86 22 27
14 23 70 81 74
56 14 24 21 60
4 38 14 25 43
47 51 39 14 26
22 83 81 51 14
27 81 18 71 52
14 28 88 51 32
97 14 29 61 46
84 41 14 30 87
37 54 65 14 31
0 55 77 53 14
32 32 29 50 33
14 33 72 42 90
70 14 34 70 27
77 81 14 35 66
18 21 72 14 36
72 21 34 65 14
37 61 29 92 24
14 38 89 54 57
65 14 39 59 17
31 89 14 40 29
62 24 48 14 41
3 54 26 1 14
42 36 73 40 81
14 43 17 42 57
42 14 44 86 19
33 49 14 45 12
32 37 10 14 46
49 81 36 45 14
47 49 88 23 32
15 16 1 58 19
38 15 17 10 51
58 57 15 18 53
43 74 86 15 19
92 58 82 61 15
20 25 65 10 39
15 21 37 55 39
75 15 22 59 55
11 45 15 23 60
49 27 89 15 24
21 43 44 73 15
25 87 21 20 86
15 26 10 59 58
8 15 27 41 8
9 26 15 28 59
32 57 40 15 29
14 42 19 53 15
30 48 89 69 61
15 31 92 63 31
72 15 32 64 16
42 51 15 33 38
60 8 26 15 34
56 83 41 25 15
35 74 92 50 54
15 36 78 70 68
82 15 37 56 22
76 70 15 38 60
53 26 43 15 39
88 23 25 45 15
40 91 70 98 53
15 41 30 78 72
79 15 42 28 33
83 48 15 43 57
62 20 47 15 44
58 67 20 60 15
45 76 41 40 17
15 46 4 72 48
49 15 47 14 54
18 35 16 17 39
36 22 28 16 18
39 19 79 38 16
19 16 50 10 64
16 20 2 70 20
4 16 21 12 45
53 62 16 22 90
97 41 76 16 23
20 15 8 67 16
24 71 58 16 17
16 25 44 80 68
52 16 26 77 32
45 15 16 27 66
35 14 43 16 28
87 90 20 70 16
29 86 66 85 22
16 30 19 82 49
17 16 31 37 73
61 10 16 32 33
53 60 78 16 33
26 50 74 27 16
34 44 61 61 73
16 35 44 37 12
83 16 36 27 14
32 12 16 37 64
28 19 51 16 38
57 70 30 25 16
39 83 67 90 60
16 40 76 93 34
29 16 41 82 75
80 41 16 42 42
65 10 47 16 43
46 76 20 25 16
44 56 23 12 65
16 45 48 9 51
81 16 46 64 46
67 55 16 47 30
42 50 43 17 18
83 82 64 27 17
19 14 39 57 5
17 20 42 19 51
42 17 21 43 40
86 68 17 22 6
18 11 29 17 23
93 59 37 87 17
24 90 31 86 74
17 25 77 33 86
93 17 26 71 72
49 27 17 27 86
96 87 21 17 28
29 21 56 67 17
29 96 96 97 97
17 30 73 91 42
64 17 31 42 11
25 51 17 32 34
8 86 80 17 33
24 59 24 83 17
34 45 85 50 23
17 35 33 11 24
48 17 36 13 37
19 37 17 37 57
12 30 50 17 38
1 79 22 66 17
39 46 37 12 26
17 40 47 73 22
53 17 41 25 54
65 70 17 42 3
13 47 61 17 43
61 59 40 87 17
44 22 62 19 32
17 45 28 61 70
60 17 46 15 43
28 33 17 47 53
20 14 41 18 19
21 39 45 49 18
20 63 70 68 34
18 21 3 6 28
25 18 22 66 77
17 39 18 23 81
78 81 74 18 24
65 29 19 44 18
25 24 72 30 63
18 26 67 20 90
32 18 27 83 91
57 83 18 28 64
58 66 29 18 29
17 75 17 15 18
30 0 46 23 40
18 31 34 25 40
13 18 32 17 23
5 48 18 33 27
16 40 80 18 34
76 77 53 73 18
35 43 67 45 87
18 36 24 13 35
35 18 37 18 29
55 79 18 38 41
17 72 86 18 39
63 36 81 86 18
40 80 88 67 75
18 41 53 22 84
44 18 42 14 45
14 72 18 43 31
74 38 47 18 44
92 93 92 27 18
45 14 32 51 58
18 46 5 18 35
10 18 47 86 37
81 62 19 20 80
50 66 74 19 21
11 32 41 5 19
22 22 31 63 25
19 23 62 61 15
79 19 24 54 82
42 54 19 25 46
71 22 15 19 26
69 23 23 46 19
27 23 70 61 58
19 28 36 48 67
36 19 29 70 39
25 84 19 30 38
71 7 8 19 31
75 62 40 20 19
32 80 47 43 59
19 33 81 71 24
28 19 34 49 68
35 11 19 35 34
84 79 50 19 36
18 5 17 49 19
37 96 49 42 46
19 38 20 43 4
20 19 39 34 68
82 79 19 40 70
89 76 89 19 41
22 43 59 83 19
42 78 67 45 83
19 43 24 56 33
56 19 44 18 47
81 12 19 45 50
76 18 13 19 46
16 79 77 5 19
47 10 68 30 79
20 21 57 60 47
78 20 22 4 58
36 51 20 23 91
50 88 56 20 24
62 12 84 55 20
25 9 41 27 59
20 26 44 45 82
50 20 27 95 71
77 97 20 28 21
4 7 21 20 29
71 29 62 73 20
30 55 14 66 31
20 31 22 65 53
42 20 32 67 53
92 82 20 33 90
46 33 40 20 34
81 92 71 71 20
35 77 90 72 62
20 36 64 61 28
60 20 37 60 88
60 57 20 38 81
78 30 96 20 39
2 55 46 8 20
40 57 90 16 72
20 41 49 79 75
25 20 42 83 27
95 45 20 43 59
41 54 35 20 44
22 52 24 45 20
45 39 70 77 8
20 46 38 71 79
13 20 47 75 60
70 93 21 22 44
33 85 67 21 23
43 68 45 20 21
24 83 84 67 39
21 25 6 52 31
34 21 26 63 58
88 82 21 27 81
64 89 59 21 28
91 26 54 19 21
29 36 63 64 37
21 30 69 70 15
37 21 31 84 50
49 20 21 32 0
1 6 67 21 33
93 32 56 87 21
34 48 10 83 69
21 35 80 19 57
44 21 36 19 51
63 49 21 37 33
78 53 68 21 38
21 56 35 9 21
39 6 26 66 62
21 40 64 20 82
54 21 41 24 51
49 11 21 42 27
29 81 37 21 43
12 39 67 45 21
44 24 21 42 74
21 45 81 24 80
81 21 46 70 35
39 34 21 47 27
18 25 69 22 23
11 68 80 32 22
24 1 1 42 76
22 25 65 74 79
39 22 26 3 8
56 12 22 27 88
45 76 43 22 28
42 73 13 37 22
29 92 65 62 21
22 30 76 65 33
50 22 31 93 91
25 92 22 32 31
54 33 53 22 33
18 62 12 71 22
34 87 33 55 39
22 35 58 74 30
65 22 36 36 39
22 30 22 37 95
34 83 69 22 38
38 85 50 11 22
39 10 56 27 33
22 40 90 80 24
20 22 41 46 63
36 71 22 42 93
90 28 35 22 43
83 76 85 31 22
44 9 7 37 30
22 45 94 50 70
25 22 46 62 36
28 17 22 47 35
65 56 42 23 24
94 89 82 57 23
25 71 66 62 51
23 26 49 86 76
23 23 27 25 66
28 76 23 28 65
16 83 78 23 29
35 20 60 17 23
30 51 82 75 45
23 31 28 77 25
51 23 32 92 96
48 65 23 33 99
27 26 43 23 34
16 37 81 15 23
35 56 84 24 66
23 36 17 65 52
71 23 37 47 14
85 16 23 38 75
64 31 30 23 39
53 62 50 12 23
40 68 40 27 14
23 41 87 84 86
90 23 42 61 26
38 63 23 43 94
22 83 35 23 44
62 73 50 45 23
45 70 47 50 16
23 46 80 26 33
87 23 47 92 61
80 72 24 25 15
6 63 47 24 26
56 62 52 85 24
27 13 11 67 28
24 28 18 49 36
82 24 29 71 41
70 28 24 30 89
27 97 87 24 31
3 64 69 44 24
32 34 65 14 21
24 33 99 34 57
83 24 34 46 39
14 16 24 35 87
35 77 54 24 36
23 52 61 40 24
37 23 75 50 6
24 38 20 22 23
42 24 39 40 82
81 55 24 40 32
35 49 40 24 41
50 60 34 89 24
42 51 13 79 65
24 43 26 61 47
83 24 44 87 63
47 88 24 45 32
10 7 23 24 46
35 25 70 70 24
47 33 85 54 57
25 26 24 35 30
32 25 27 58 48
26 81 25 28 60
40 38 19 25 29
95 42 68 94 25
30 43 55 30 80
25 31 79 51 77
44 25 32 16 42
30 72 25 33 67
31 72 16 25 34
70 21 48 21 25
35 58 27 56 82
25 36 64 55 51
29 25 37 36 34
70 20 25 38 5
64 49 77 25 39
34 18 75 59 25
40 83 53 92 68
25 41 93 93 85
44 25 42 26 45
81 42 25 43 10
2 27 57 25 44
8 69 40 58 25
45 91 86 51 63
25 46 85 37 89
74 25 47 72 74
50 43 26 27 45
22 56 67 26 28
21 79 41 5 26
29 24 40 9 53
26 30 70 28 61
64 26 31 28 24
78 34 26 32 1
11 13 26 26 33
72 67 66 51 26
34 18 32 38 56
26 35 31 68 75
33 26 36 55 74
83 82 26 37 46
43 52 42 26 38
38 57 10 65 26
39 4 71 19 2
26 40 27 56 18
29 26 41 46 41
45 44 26 42 18
55 71 38 26 43
62 75 72 51 26
44 5 80 43 34
26 45 73 76 66
49 26 46 39 37
84 54 26 47 60
40 56 88 27 28
62 89 18 92 27
29 91 52 47 92
27 30 56 12 74
73 27 31 47 77
83 37 27 32 95
67 57 48 27 33
90 68 66 76 27
34 47 62 25 49
27 35 17 21 55
14 27 36 14 44
39 70 27 37 13
80 25 8 27 38
63 66 23 58 27
39 33 40 27 40
27 40 77 90 46
56 27 41 30 18
23 65 27 42 0
53 57 70 27 43
16 79 32 43 27
44 75 48 85 37
27 45 96 77 53
87 27 46 70 61
28 68 27 47 6
45 19 12 28 29
82 27 91 52 28
30 62 30 87 86
28 31 1 62 79
22 28 32 60 20
71 16 28 33 3
65 41 23 28 34
88 79 53 53 28
35 98 21 71 30
28 36 28 51 66
68 28 37 1 22
70 76 28 38 77
41 31 62 28 39
70 43 59 81 28
40 44 32 9 73
28 41 50 57 63
73 28 42 8 61
46 62 28 43 70
81 23 57 28 44
89 89 93 55 28
45 86 29 48 93
28 46 55 70 60
31 28 47 35 46
69 65 29 30 31
68 13 24 29 31
70 78 43 92 29
32 48 84 78 76
29 33 97 52 54
43 29 34 68 19
32 45 29 35 35
16 57 21 29 36
52 73 14 48 29
37 62 81 56 15
29 38 22 57 4
8 29 39 52 45
63 88 29 40 59
74 13 56 29 41
84 49 41 54 29
42 48 49 13 74
29 43 88 78 54
45 29 44 41 57
79 52 29 45 72
64 77 55 29 46
96 55 64 65 29
47 2 9 3 27
30 31 0 64 21
56 30 32 23 66
70 23 30 33 20
21 64 69 30 34
63 21 45 30 30
35 9 77 9 62
30 36 26 82 44
63 30 37 66 13
71 55 30 38 95
85 97 69 30 39
12 10 77 29 30
40 67 20 30 35
30 41 60 15 32
45 30 42 93 50
84 77 30 43 59
22 38 14 30 44
20 54 62 77 30
45 2 29 44 76
30 46 58 49 31
35 30 47 14 78
60 60 31 32 78
40 39 90 31 33
85 85 80 77 31
34 67 69 45 22
31 35 69 61 20
31 31 36 27 44
10 47 31 37 27
83 15 45 31 38
34 67 76 58 31
39 94 56 60 78
31 40 87 55 59
48 31 41 92 69
38 45 31 42 26
59 63 20 31 43
21 80 40 12 31
44 14 31 66 36
31 45 63 37 87
83 31 46 38 51
19 37 31 47 17
7 41 21 32 33
14 56 44 30 32
34 61 33 37 19
32 35 24 21 58
55 32 36 6 19
58 15 32 37 49
57 51 87 32 38
7 32 46 79 32
39 49 19 48 35
32 40 37 22 39
74 32 41 64 40
18 21 32 42 89
29 51 31 32 43
29 21 38 66 32
44 20 9 75 44
32 45 99 32 48
90 32 46 15 21
24 43 32 47 63
25 86 24 33 34
1 31 24 8 33
35 17 75 54 11
33 36 57 28 87
20 33 37 37 79
70 10 33 38 42
74 65 74 33 39
80 73 34 62 33
40 83 18 62 61
33 41 4 77 38
58 33 42 65 38
15 73 33 43 36
41 14 53 33 44
37 35 68 23 33
45 65 82 33 48
33 46 55 28 29
40 33 47 48 80
17 50 34 35 62
45 39 44 34 36
84 89 78 65 34
37 2 27 63 9
34 38 11 40 12
60 34 39 53 69
61 57 34 40 60
36 85 14 34 41
38 54 87 87 34
42 55 20 58 62
34 43 92 87 42
33 34 44 68 21
15 83 34 45 79
84 61 32 34 46
13 19 72 57 34
47 92 84 91 45
35 36 22 6 27
53 35 37 37 86
35 33 35 38 46
86 85 37 35 39
63 26 52 69 35
40 82 85 45 17
35 41 70 46 68
43 35 42 66 77
68 82 35 43 27
44 80 26 35 44
88 22 29 88 35
45 98 29 89 90
35 46 9 40 79
77 35 47 31 71
38 26 36 37 8
80 57 69 36 38
9 60 72 11 36
39 51 28 60 64
36 40 18 33 59
46 36 41 58 28
14 25 36 42 32
32 11 26 36 43
65 63 59 83 36
44 39 52 71 50
36 45 98 65 93
69 36 46 77 19
82 35 36 47 55
90 49 65 37 38
18 48 61 49 37
39 3 49 4 16
37 40 74 21 39
30 37 41 6 46
81 8 37 42 2
48 23 9 37 43
86 19 65 93 37
44 11 21 68 27
37 45 4 80 42
70 37 46 3 63
17 29 37 47 0
42 65 70 38 39
85 84 28 89 38
40 36 55 72 68
38 41 67 64 33
84 38 42 9 39
14 2 38 43 32
75 57 51 38 44
97 21 53 90 38
45 77 67 30 61
38 46 13 80 41
29 38 47 70 65
61 62 39 40 46
35 46 17 39 41
22 22 76 26 39
42 42 24 83 16
39 43 89 62 82
83 39 44 80 89
92 27 39 45 96
79 95 66 39 46
70 28 39 82 39
47 22 64 32 73
40 41 91 73 40
18 40 42 34 75
80 27 40 43 73
27 46 78 40 44
55 62 64 87 40
45 63 26 67 41
40 46 83 67 33
76 40 47 41 8
28 24 41 42 69
46 75 52 41 43
87 95 33 59 41
44 98 72 25 60
41 45 43 69 16
88 41 46 29 22
38 55 41 47 72
65 73 58 42 43
7 48 22 5 42
44 32 10 74 22
42 45 48 74 45
80 42 46 28 85
54 70 42 47 68
82 40 20 43 44
81 27 75 92 43
45 16 22 81 60
43 46 5 49 29
27 43 47 50 88
88 88 44 45 30
14 8 56 44 46
42 54 40 58 44
47 14 70 46 64
45 46 38 82 25
44 45 47 51 48
53 12 46 47 2
32 61 42 47 2
