50 4
0.25 0.25 0.25 0.25 
0 1 44 46 49
50 0 2 82 74
75 81 0 3 51
51 48 47 0 4
66 63 59 69 0
5 32 40 29 42
0 6 40 46 37
41 0 7 95 92
91 85 0 8 64
55 65 63 0 9
94 94 81 87 0
10 56 48 57 57
0 11 78 75 70
75 0 12 77 68
73 67 0 13 35
44 31 42 0 14
75 66 67 73 0
15 76 69 65 75
0 16 43 48 39
40 0 17 75 74
68 74 0 18 35
37 38 34 0 19
68 71 62 66 0
20 49 51 47 50
0 21 4 5 5
17 0 22 15 18
18 16 0 23 44
45 47 50 0 24
72 73 62 67 0
25 18 20 28 22
0 26 47 41 42
46 0 27 1 14
4 4 0 28 76
70 75 77 0 29
33 29 32 30 0
30 21 31 21 27
0 31 20 21 28
30 0 32 5 10
16 14 0 33 1
0 8 1 0 34
50 46 49 47 0
35 74 65 63 72
0 36 48 42 51
51 0 37 94 93
95 85 0 38 98
92 87 89 0 39
72 73 70 72 0
40 14 15 27 21
0 41 38 44 38
38 0 42 22 30
29 21 0 43 86
87 75 81 0 44
85 83 83 85 0
45 40 47 42 42
0 46 44 41 48
38 0 47 79 79
72 77 0 48 4
13 4 4 0 49
28 27 34 28 1
2 57 51 54 51
1 3 68 69 72
66 1 4 23 24
31 28 1 5 40
41 39 38 1 6
69 73 71 69 1
7 92 78 90 86
1 8 42 45 42
36 1 9 74 70
65 77 1 10 0
6 2 15 1 11
45 44 46 53 1
12 57 56 53 61
1 13 61 64 58
55 1 14 86 78
86 77 1 15 52
47 50 54 1 16
19 21 17 29 1
17 28 34 27 33
1 18 76 66 76
68 1 19 34 37
39 43 1 20 50
52 46 54 1 21
45 47 40 50 1
22 28 38 28 36
1 23 0 6 3
9 1 24 82 78
74 77 1 25 99
88 86 93 1 26
48 54 48 54 1
27 44 41 43 39
1 28 68 65 59
71 1 29 29 25
30 37 1 30 99
98 95 90 1 31
59 58 51 61 1
32 5 10 11 10
1 33 4 11 16
15 1 34 94 90
91 91 1 35 1
13 5 13 1 36
34 37 39 37 1
37 64 65 62 61
1 38 85 75 86
86 1 39 30 34
31 26 1 40 75
67 65 67 1 41
26 34 23 34 1
42 94 83 80 92
1 43 79 77 78
78 1 44 79 77
81 79 1 45 67
65 59 58 1 46
56 58 57 57 1
47 27 23 26 29
1 48 9 20 16
19 1 49 1 9
5 4 2 3 17
25 27 23 2 4
3 6 12 7 2
5 86 77 85 87
2 6 69 68 72
63 2 7 31 34
30 32 2 8 25
25 26 34 2 9
66 56 66 60 2
10 81 74 82 78
2 11 58 52 53
60 2 12 9 11
20 10 2 13 94
85 92 88 2 14
91 80 88 86 2
15 16 25 26 26
2 16 23 27 34
32 2 17 46 44
40 47 2 18 55
53 59 52 2 19
12 14 21 17 2
20 10 21 21 21
2 21 65 66 61
67 2 22 13 14
17 19 2 23 86
78 82 78 2 24
75 69 66 70 2
25 42 37 42 42
2 26 46 52 49
45 2 27 47 44
43 45 2 28 84
83 77 75 2 29
90 89 89 87 2
30 96 93 94 88
2 31 97 93 85
96 2 32 21 25
25 31 2 33 28
30 35 35 2 34
22 34 27 22 2
35 76 77 76 73
2 36 30 40 31
38 2 37 28 33
29 37 2 38 85
82 83 82 2 39
51 44 46 51 2
40 33 34 37 34
2 41 44 39 45
47 2 42 38 40
44 37 2 43 1
4 6 2 2 44
1 2 12 1 2
45 78 75 77 81
2 46 54 55 55
52 2 47 86 84
81 77 2 48 45
47 40 39 2 49
23 21 30 25 3
4 84 77 73 76
3 5 7 17 11
7 3 6 53 54
57 56 3 7 36
40 43 33 3 8
94 94 81 86 3
9 61 63 57 54
3 10 66 67 64
62 3 11 70 72
62 72 3 12 22
28 19 19 3 13
77 74 78 72 3
14 4 16 7 18
3 15 49 50 56
51 3 16 54 61
50 61 3 17 44
39 40 41 3 18
39 46 39 41 3
19 65 63 60 60
3 20 29 27 35
36 3 21 96 93
88 84 3 22 83
76 78 73 3 23
21 19 32 25 3
24 23 30 34 24
3 25 30 25 35
38 3 26 55 57
58 50 3 27 43
47 38 40 3 28
71 72 75 64 3
29 85 73 76 83
3 30 78 73 76
68 3 31 68 68
69 59 3 32 35
39 31 37 3 33
76 75 67 66 3
34 3 8 6 11
3 35 79 67 69
79 3 36 25 26
34 34 3 37 49
44 48 43 3 38
81 81 71 81 3
39 18 17 17 27
3 40 61 60 52
63 3 41 64 60
66 65 3 42 77
71 68 69 3 43
25 28 35 32 3
44 74 77 66 72
3 45 48 54 45
51 3 46 97 95
95 92 3 47 29
26 28 24 3 48
45 48 48 50 3
49 90 90 80 88
4 5 97 96 90
95 4 6 77 74
72 78 4 7 80
70 72 72 4 8
69 66 62 58 4
9 11 13 12 17
4 10 71 62 67
72 4 11 38 41
38 43 4 12 56
48 54 48 4 13
71 74 68 75 4
14 69 59 63 73
4 15 60 62 59
57 4 16 27 26
28 31 4 17 48
41 47 48 4 18
15 28 27 22 4
19 27 29 29 37
4 20 22 27 33
29 4 21 12 14
13 12 4 22 71
62 70 62 4 23
14 27 22 17 4
24 54 52 55 55
4 25 97 95 90
95 4 26 65 59
67 64 4 27 92
78 79 82 4 28
27 36 23 35 4
29 13 25 19 17
4 30 13 26 26
18 4 31 58 53
64 52 4 32 82
78 74 71 4 33
44 41 52 40 4
34 5 5 15 19
4 35 42 44 43
47 4 36 0 7
5 14 4 37 74
64 76 64 4 38
75 68 77 71 4
39 11 10 13 13
4 40 54 53 49
57 4 41 89 86
85 89 4 42 2
13 6 4 4 43
3 15 15 16 4
44 14 18 23 22
4 45 6 18 8
17 4 46 93 83
92 81 4 47 8
16 10 16 4 48
19 16 21 23 4
49 70 69 60 73
5 6 62 57 60
64 5 7 73 71
63 63 5 8 40
40 41 35 5 9
29 24 39 26 5
10 84 83 78 79
5 11 7 9 16
8 5 12 29 36
26 34 5 13 85
78 77 79 5 14
28 38 36 27 5
15 70 71 73 62
5 16 31 36 32
36 5 17 7 18
10 14 5 18 88
81 79 85 5 19
16 14 14 16 5
20 74 72 66 76
5 21 82 85 83
84 5 22 25 35
32 26 5 23 99
87 85 91 5 24
67 59 69 60 5
25 30 31 29 33
5 26 19 17 22
28 5 27 65 70
64 69 5 28 0
14 7 8 5 29
82 73 81 75 5
30 3 8 15 15
5 31 83 76 72
79 5 32 5 19
18 6 5 33 83
72 74 84 5 34
9 15 16 18 5
35 76 72 69 73
5 36 35 39 36
33 5 37 84 77
80 76 5 38 66
62 58 70 5 39
80 77 75 74 5
40 51 49 58 49
5 41 6 19 8
17 5 42 79 68
71 76 5 43 27
31 36 25 5 44
79 81 76 76 5
45 7 10 16 13
5 46 1 13 6
10 5 47 85 84
86 82 5 48 60
65 54 63 5 49
59 64 61 52 6
7 84 85 85 74
6 8 10 9 21
15 6 9 50 53
44 46 6 10 38
41 34 44 6 11
21 22 25 18 6
12 90 88 90 77
6 13 51 52 58
50 6 14 82 82
74 78 6 15 19
30 20 27 6 16
55 51 51 51 6
17 24 31 31 22
6 18 32 42 32
38 6 19 90 88
87 88 6 20 89
90 81 90 6 21
62 58 66 56 6
22 17 25 23 17
6 23 63 60 58
56 6 24 81 75
72 75 6 25 80
75 81 73 6 26
54 60 49 52 6
27 73 63 75 76
6 28 10 12 13
21 6 29 93 81
85 85 6 30 2
12 5 11 6 31
2 13 14 8 6
32 33 35 40 38
6 33 8 22 7
20 6 34 24 35
34 34 6 35 31
33 29 33 6 36
30 35 31 34 6
37 98 94 84 90
6 38 98 97 96
87 6 39 57 54
56 54 6 40 74
73 70 76 6 41
31 40 38 31 6
42 55 50 60 48
6 43 52 54 50
44 6 44 33 38
36 35 6 45 9
9 8 10 6 46
46 47 43 50 6
47 20 27 17 18
6 48 26 36 29
35 6 49 15 14
15 15 7 8 64
64 62 62 7 9
50 45 57 47 7
10 90 86 89 78
7 11 74 67 77
72 7 12 57 49
54 58 7 13 32
31 40 39 7 14
65 55 67 57 7
15 20 28 20 18
7 16 43 44 42
43 7 17 47 51
42 43 7 18 44
43 45 50 7 19
65 60 69 69 7
20 47 53 47 41
7 21 33 34 40
31 7 22 27 32
25 36 7 23 75
75 71 73 7 24
90 83 80 86 7
25 64 64 69 56
7 26 49 52 54
45 7 27 32 32
39 31 7 28 67
70 67 72 7 29
83 80 78 74 7
30 95 87 82 87
7 31 54 58 50
60 7 32 98 94
93 89 7 33 59
56 53 65 7 34
65 65 57 63 7
35 69 64 71 65
7 36 95 87 93
92 7 37 1 2
14 9 7 38 37
31 42 34 7 39
30 28 35 31 7
40 87 84 74 76
7 41 63 58 65
63 7 42 30 30
27 38 7 43 29
29 28 27 7 44
85 86 72 76 7
45 92 88 83 87
7 46 0 4 9
0 7 47 98 85
86 97 7 48 23
31 28 33 7 49
6 9 12 16 8
9 47 53 45 53
8 10 50 45 50
45 8 11 73 64
73 70 8 12 56
62 49 60 8 13
90 86 81 78 8
14 74 66 69 65
8 15 27 35 33
38 8 16 82 78
72 77 8 17 53
48 51 59 8 18
64 67 69 57 8
19 13 22 24 22
8 20 99 94 94
93 8 21 98 89
86 83 8 22 82
71 80 83 8 23
37 35 34 46 8
24 30 35 26 34
8 25 19 26 28
29 8 26 18 18
22 19 8 27 56
53 49 59 8 28
44 48 49 45 8
29 41 43 47 48
8 30 29 35 35
28 8 31 57 63
51 55 8 32 35
33 43 33 8 33
39 45 42 37 8
34 89 82 82 78
8 35 66 65 67
67 8 36 95 85
84 89 8 37 38
44 44 35 8 38
82 77 76 84 8
39 37 34 44 37
8 40 10 11 18
18 8 41 79 78
74 67 8 42 72
64 66 66 8 43
45 47 50 39 8
44 31 34 30 37
8 45 65 69 62
67 8 46 14 15
25 16 8 47 5
7 9 15 8 48
99 90 90 86 8
49 58 56 56 52
9 10 13 17 24
18 9 11 50 54
46 49 9 12 98
87 84 93 9 13
1 1 8 2 9
14 22 31 31 31
9 15 28 25 36
33 9 16 27 27
25 32 9 17 57
52 60 58 9 18
61 59 66 58 9
19 42 36 42 47
9 20 79 81 80
72 9 21 39 36
36 36 9 22 8
8 16 10 9 23
14 25 13 22 9
24 98 96 93 97
9 25 94 86 87
85 9 26 62 53
63 57 9 27 66
70 70 60 9 28
78 78 78 77 9
29 90 87 91 83
9 30 93 90 87
88 9 31 57 51
51 56 9 32 46
43 51 47 9 33
21 29 21 18 9
34 46 48 53 54
9 35 7 15 14
7 9 36 60 51
64 61 9 37 37
36 46 44 9 38
48 43 45 51 9
39 30 36 30 33
9 40 55 47 48
56 9 41 59 53
62 61 9 42 52
54 57 59 9 43
0 5 9 2 9
44 69 71 69 63
9 45 30 38 29
40 9 46 19 27
29 29 9 47 37
34 36 34 9 48
52 55 46 55 9
49 18 17 24 26
10 11 79 77 70
69 10 12 43 41
37 46 10 13 23
21 33 20 10 14
49 46 50 50 10
15 35 42 40 38
10 16 8 8 8
17 10 17 75 67
76 77 10 18 42
37 44 47 10 19
30 39 31 27 10
20 69 73 71 64
10 21 53 57 57
50 10 22 25 29
26 24 10 23 46
48 43 44 10 24
73 68 73 68 10
25 19 27 22 23
10 26 75 69 64
66 10 27 27 32
29 26 10 28 57
49 62 50 10 29
27 38 28 32 10
30 53 54 46 55
10 31 88 82 90
89 10 32 10 19
14 8 10 33 3
4 17 16 10 34
30 41 39 32 10
35 69 69 70 60
10 36 54 58 57
55 10 37 82 75
84 78 10 38 85
86 85 79 10 39
56 54 49 62 10
40 35 41 43 33
10 41 40 35 36
42 10 42 59 55
51 62 10 43 68
70 67 61 10 44
2 11 12 7 10
45 25 35 32 36
10 46 6 20 5
12 10 47 82 72
74 72 10 48 71
66 71 69 10 49
83 81 72 84 11
12 12 23 23 24
11 13 59 50 56
64 11 14 70 72
67 68 11 15 42
45 42 41 11 16
90 83 79 82 11
17 28 31 33 29
11 18 36 37 43
42 11 19 64 67
66 64 11 20 71
62 71 72 11 21
9 8 21 17 11
22 6 9 8 9
11 23 26 29 34
37 11 24 16 24
23 25 11 25 63
62 58 60 11 26
23 24 20 32 11
27 53 51 49 58
11 28 6 18 17
12 11 29 74 65
76 69 11 30 9
16 20 20 11 31
58 59 56 64 11
32 58 61 63 63
11 33 32 28 33
32 11 34 3 14
9 13 11 35 76
73 67 69 11 36
89 86 90 82 11
37 69 66 62 67
11 38 87 77 74
81 11 39 1 12
9 7 11 40 81
81 76 78 11 41
94 85 90 82 11
42 91 79 78 90
11 43 84 85 78
84 11 44 26 24
35 23 11 45 81
84 74 73 11 46
67 65 71 67 11
47 85 80 83 75
11 48 70 65 73
67 11 49 57 50
51 55 12 13 5
16 7 10 12 14
66 59 59 62 12
15 12 24 14 24
12 16 38 46 37
37 12 17 99 88
96 86 12 18 35
38 36 41 12 19
74 65 72 65 12
20 70 63 64 68
12 21 76 75 68
66 12 22 16 25
16 25 12 23 76
73 72 75 12 24
17 21 29 15 12
25 34 36 36 30
12 26 54 49 52
55 12 27 89 89
87 85 12 28 52
56 52 48 12 29
89 87 85 80 12
30 26 31 32 33
12 31 61 65 59
58 12 32 61 56
52 53 12 33 0
4 14 6 12 34
16 24 16 19 12
35 97 85 85 89
12 36 82 79 74
73 12 37 33 33
37 34 12 38 10
19 12 21 12 39
10 9 16 11 12
40 70 73 65 74
12 41 58 60 59
58 12 42 54 49
58 60 12 43 16
25 20 23 12 44
15 20 24 17 12
45 68 63 70 64
12 46 2 6 5
11 12 47 32 36
38 29 12 48 59
57 62 53 12 49
99 99 98 84 13
14 60 60 59 60
13 15 65 66 65
67 13 16 76 70
67 71 13 17 13
24 22 24 13 18
38 46 38 35 13
19 25 22 21 35
13 20 27 28 30
34 13 21 73 73
66 76 13 22 88
88 74 80 13 23
23 33 20 30 13
24 83 80 71 77
13 25 96 85 87
85 13 26 62 56
58 66 13 27 25
28 27 36 13 28
11 20 12 17 13
29 51 52 55 52
13 30 84 73 78
86 13 31 39 46
44 41 13 32 70
67 70 61 13 33
9 21 19 16 13
34 15 19 16 24
13 35 76 75 65
78 13 36 26 36
24 24 13 37 12
21 12 11 13 38
21 18 24 28 13
39 86 86 83 86
13 40 20 28 21
27 13 41 16 19
21 17 13 42 75
73 75 68 13 43
82 71 73 79 13
44 93 86 84 91
13 45 76 72 67
74 13 46 73 64
68 66 13 47 78
80 69 76 13 48
24 23 21 25 13
49 20 17 21 18
14 15 12 16 19
15 14 16 44 39
44 39 14 17 80
74 74 74 14 18
3 14 15 11 14
19 12 16 22 18
14 20 90 81 90
80 14 21 96 92
82 95 14 22 4
11 16 9 14 23
29 28 36 37 14
24 15 26 27 24
14 25 68 58 67
62 14 26 16 23
20 19 14 27 81
81 83 80 14 28
43 46 40 49 14
29 43 45 40 38
14 30 84 80 82
80 14 31 61 55
55 55 14 32 48
47 48 52 14 33
63 63 64 60 14
34 95 96 94 94
14 35 21 25 27
23 14 36 78 80
81 72 14 37 0
2 4 2 14 38
74 64 74 67 14
39 23 25 32 29
14 40 81 72 81
70 14 41 54 53
56 52 14 42 72
75 63 67 14 43
22 21 20 19 14
44 29 30 33 37
14 45 81 81 78
70 14 46 59 59
58 52 14 47 78
81 70 77 14 48
20 22 32 20 14
49 20 27 22 22
15 16 56 57 49
59 15 17 87 79
83 76 15 18 65
62 59 66 15 19
52 44 49 46 15
20 66 65 69 67
15 21 50 57 49
50 15 22 31 28
31 27 15 23 90
82 81 85 15 24
76 79 67 67 15
25 25 28 26 27
15 26 40 43 46
36 15 27 94 92
87 86 15 28 47
44 45 42 15 29
96 87 83 82 15
30 11 17 21 15
15 31 12 24 24
24 15 32 94 86
88 93 15 33 41
45 45 38 15 34
22 30 29 19 15
35 98 92 90 90
15 36 1 7 4
5 15 37 63 61
68 64 15 38 26
30 30 36 15 39
59 52 59 62 15
40 34 30 35 39
15 41 74 65 69
68 15 42 9 22
17 9 15 43 31
39 29 38 15 44
93 88 93 91 15
45 1 15 6 9
15 46 48 53 44
56 15 47 74 64
76 77 15 48 47
51 55 53 15 49
75 74 76 67 16
17 98 86 94 91
16 18 94 87 87
82 16 19 76 67
73 67 16 20 1
5 5 4 16 21
16 22 28 16 16
22 30 28 38 26
16 23 71 73 62
73 16 24 90 81
82 89 16 25 81
75 79 78 16 26
29 27 32 39 16
27 77 67 78 80
16 28 48 53 51
50 16 29 76 72
70 76 16 30 62
65 56 64 16 31
63 63 61 67 16
32 74 77 74 75
16 33 90 77 88
86 16 34 77 79
67 70 16 35 25
22 22 26 16 36
97 91 90 83 16
37 49 45 46 49
16 38 86 78 76
80 16 39 28 34
26 34 16 40 56
50 61 57 16 41
73 68 65 75 16
42 95 83 83 85
16 43 30 36 39
32 16 44 50 46
48 46 16 45 7
7 15 14 16 46
75 76 70 67 16
47 81 83 72 71
16 48 40 48 40
34 16 49 55 59
48 51 17 18 95
84 85 85 17 19
52 59 59 55 17
20 51 49 55 44
17 21 84 85 79
79 17 22 84 83
83 75 17 23 91
91 90 90 17 24
67 66 66 65 17
25 81 70 82 76
17 26 78 75 75
77 17 27 61 66
53 66 17 28 50
55 46 53 17 29
76 76 78 74 17
30 49 47 47 42
17 31 47 45 42
52 17 32 44 49
38 45 17 33 49
53 44 43 17 34
36 37 42 37 17
35 88 83 89 86
17 36 58 57 51
49 17 37 74 70
69 67 17 38 79
77 82 75 17 39
44 46 39 50 17
40 65 64 65 61
17 41 8 13 20
14 17 42 88 86
86 76 17 43 38
46 41 41 17 44
95 95 82 95 17
45 5 11 19 19
17 46 65 63 58
61 17 47 9 14
8 17 17 48 9
12 14 20 17 49
93 90 89 87 18
19 38 41 34 44
18 20 34 30 34
30 18 21 16 20
27 24 18 22 83
71 80 83 18 23
67 71 66 65 18
24 89 88 90 78
18 25 22 31 25
31 18 26 84 86
82 82 18 27 69
67 70 63 18 28
76 68 70 78 18
29 19 19 23 18
18 30 22 22 29
31 18 31 90 83
90 91 18 32 42
40 39 37 18 33
81 71 70 80 18
34 95 87 85 87
18 35 89 91 88
86 18 36 40 44
49 41 18 37 53
46 46 55 18 38
73 76 72 76 18
39 79 75 82 71
18 40 54 60 47
47 18 41 74 65
65 66 18 42 58
57 58 56 18 43
47 54 42 40 18
44 63 64 58 60
18 45 12 11 13
19 18 46 36 32
43 40 18 47 68
63 69 62 18 48
15 23 18 13 18
49 65 62 69 58
19 20 45 40 53
52 19 21 54 54
54 56 19 22 53
46 47 56 19 23
1 11 10 11 19
24 6 11 11 15
19 25 15 19 27
27 19 26 97 92
90 89 19 27 74
65 73 67 19 28
61 53 58 58 19
29 31 30 37 33
19 30 31 33 31
28 19 31 36 46
45 32 19 32 22
28 29 22 19 33
56 60 48 52 19
34 35 41 42 30
19 35 4 17 7
7 19 36 46 49
48 50 19 37 60
58 52 59 19 38
90 81 90 77 19
39 56 61 60 55
19 40 26 33 35
32 19 41 1 15
5 2 19 42 37
32 44 35 19 43
51 54 44 56 19
44 48 54 51 45
19 45 19 30 29
17 19 46 24 33
32 35 19 47 13
16 26 24 19 48
79 71 73 75 19
49 55 58 58 47
20 21 39 46 33
42 20 22 46 47
51 44 20 23 57
49 51 51 20 24
83 73 71 79 20
25 48 49 54 52
20 26 77 79 74
79 20 27 72 68
61 64 20 28 64
64 61 68 20 29
90 84 78 82 20
30 60 52 60 63
20 31 32 31 34
37 20 32 2 9
9 11 20 33 10
16 11 13 20 34
41 37 43 39 20
35 27 30 26 25
20 36 64 54 57
64 20 37 73 66
64 76 20 38 38
38 45 46 20 39
70 69 63 63 20
40 10 14 21 13
20 41 33 41 41
29 20 42 42 37
41 38 20 43 91
81 88 80 20 44
95 89 92 82 20
45 24 30 21 33
20 46 52 47 58
46 20 47 22 29
23 20 20 48 83
81 76 72 20 49
82 82 81 72 21
22 46 44 47 39
21 23 99 86 87
89 21 24 4 10
9 6 21 25 49
53 42 52 21 26
56 55 49 55 21
27 88 75 86 83
21 28 17 18 18
21 21 29 68 71
66 61 21 30 5
5 9 17 21 31
29 37 28 32 21
32 7 12 20 10
21 33 32 39 33
33 21 34 30 28
33 40 21 35 50
55 44 58 21 36
36 37 39 43 21
37 0 6 7 10
21 38 24 24 33
21 21 39 71 61
70 68 21 40 9
15 9 8 21 41
91 80 86 83 21
42 16 17 24 28
21 43 10 9 16
16 21 44 34 37
35 43 21 45 95
83 85 94 21 46
60 58 55 57 21
47 91 84 77 78
21 48 1 15 7
14 21 49 28 37
30 31 22 23 60
52 65 51 22 24
34 37 35 38 22
25 17 21 22 18
22 26 17 25 16
17 22 27 2 16
7 3 22 28 20
31 23 31 22 29
45 46 49 39 22
30 60 61 58 56
22 31 91 92 83
81 22 32 58 60
59 54 22 33 47
46 44 43 22 34
97 93 86 93 22
35 61 55 61 63
22 36 49 49 42
42 22 37 15 22
13 25 22 38 37
38 39 32 22 39
62 58 55 66 22
40 94 89 93 83
22 41 75 74 75
75 22 42 46 47
42 45 22 43 66
64 57 67 22 44
61 62 65 67 22
45 58 53 62 58
22 46 24 33 24
32 22 47 12 12
23 18 22 48 63
66 57 55 22 49
28 25 35 30 23
24 12 14 23 17
23 25 22 22 28
28 23 26 87 80
78 87 23 27 97
86 88 91 23 28
69 63 59 64 23
29 64 64 63 60
23 30 23 30 30
22 23 31 83 75
79 78 23 32 46
48 46 39 23 33
1 9 6 12 23
34 43 50 40 50
23 35 84 76 78
75 23 36 33 31
37 43 23 37 23
20 22 20 23 38
0 11 12 8 23
39 15 27 19 25
23 40 22 25 32
29 23 41 97 92
84 93 23 42 49
51 54 56 23 43
45 46 48 41 23
44 44 43 47 46
23 45 9 19 10
13 23 46 50 45
47 47 23 47 19
21 17 26 23 48
26 23 25 32 23
49 82 82 83 85
24 25 44 43 43
52 24 26 69 69
73 70 24 27 84
85 84 73 24 28
26 28 26 29 24
29 17 22 21 18
24 30 36 42 35
31 24 31 27 27
32 32 24 32 85
80 74 79 24 33
20 23 25 25 24
34 18 18 28 27
24 35 7 9 21
17 24 36 10 22
14 17 24 37 15
18 19 26 24 38
17 28 20 15 24
39 99 88 87 88
24 40 50 56 53
54 24 41 85 75
76 77 24 42 55
53 52 53 24 43
47 40 52 51 24
44 24 35 22 25
24 45 19 31 17
23 24 46 33 39
36 40 24 47 27
25 35 32 24 48
32 29 40 32 24
49 44 50 44 40
25 26 95 82 82
89 25 27 78 80
73 68 25 28 78
74 71 69 25 29
9 22 15 16 25
30 11 10 14 14
25 31 15 24 16
20 25 32 68 59
58 61 25 33 31
36 33 41 25 34
13 20 18 21 25
35 52 46 55 56
25 36 98 96 94
92 25 37 32 29
41 35 25 38 94
80 88 90 25 39
20 30 30 22 25
40 21 25 24 18
25 41 45 46 49
43 25 42 22 30
33 24 25 43 3
14 15 2 25 44
46 49 48 40 25
45 26 35 31 26
25 46 56 62 57
62 25 47 14 18
23 16 25 48 12
21 22 20 25 49
79 73 77 68 26
27 52 54 50 58
26 28 35 43 34
32 26 29 86 80
74 77 26 30 53
46 49 55 26 31
82 76 73 80 26
32 66 66 65 60
26 33 70 69 68
63 26 34 97 91
90 84 26 35 56
53 48 49 26 36
40 41 38 41 26
37 76 76 65 72
26 38 92 81 79
89 26 39 91 83
78 78 26 40 67
69 59 66 26 41
21 23 19 28 26
42 69 70 61 70
26 43 56 62 50
62 26 44 47 41
51 49 26 45 23
30 25 30 26 46
17 28 23 25 26
47 83 86 76 85
26 48 3 4 16
15 26 49 29 39
33 39 27 28 43
47 41 41 27 29
55 47 55 60 27
30 43 39 37 51
27 31 75 76 71
76 27 32 19 28
29 25 27 33 17
17 29 23 27 34
91 92 89 91 27
35 50 44 51 47
27 36 24 21 33
28 27 37 51 53
56 54 27 38 44
49 48 40 27 39
86 76 79 76 27
40 31 40 39 26
27 41 47 47 43
53 27 42 27 31
30 30 27 43 46
52 44 41 27 44
41 40 45 44 27
45 15 18 23 25
27 46 99 94 91
99 27 47 21 26
27 25 27 48 58
51 50 62 27 49
34 44 34 35 28
29 65 57 65 56
28 30 37 46 44
41 28 31 99 93
91 96 28 32 1
10 10 2 28 33
55 62 53 61 28
34 40 48 39 44
28 35 2 14 14
14 28 36 68 66
71 65 28 37 6
20 11 7 28 38
40 37 38 37 28
39 80 83 69 82
28 40 46 50 44
40 28 41 22 33
20 33 28 42 9
9 17 13 28 43
75 78 70 68 28
44 4 9 11 16
28 45 41 39 39
35 28 46 22 19
19 32 28 47 18
22 23 19 28 48
19 31 20 30 28
49 50 53 52 54
29 30 61 55 55
58 29 31 42 35
43 39 29 32 6
12 14 16 29 33
60 61 51 59 29
34 19 28 30 18
29 35 48 54 45
44 29 36 40 42
41 36 29 37 15
18 21 13 29 38
17 15 28 20 29
39 74 76 70 71
29 40 41 37 41
44 29 41 19 24
30 24 29 42 6
5 5 8 29 43
76 77 72 77 29
44 5 18 9 10
29 45 63 57 61
60 29 46 88 80
87 83 29 47 58
51 61 63 29 48
59 62 59 58 29
49 69 63 65 68
30 31 13 16 16
12 30 32 6 12
13 5 30 33 60
52 63 52 30 34
80 68 82 82 30
35 95 81 95 89
30 36 41 42 49
44 30 37 86 79
75 85 30 38 18
19 21 19 30 39
10 18 18 17 30
40 27 33 35 32
30 41 42 46 49
49 30 42 34 39
42 40 30 43 12
17 14 15 30 44
68 62 68 70 30
45 94 94 83 92
30 46 34 40 37
38 30 47 87 76
84 80 30 48 66
68 70 61 30 49
11 9 22 14 31
32 32 34 39 37
31 33 65 58 64
58 31 34 47 53
48 43 31 35 92
91 92 86 31 36
55 50 50 58 31
37 23 20 23 30
31 38 70 60 61
69 31 39 96 83
90 82 31 40 99
92 92 95 31 41
66 56 61 69 31
42 85 81 81 85
31 43 97 90 84
84 31 44 92 91
92 82 31 45 92
79 82 89 31 46
87 83 82 83 31
47 32 35 31 33
31 48 21 26 22
25 31 49 29 28
25 38 32 33 49
51 50 50 32 34
31 37 29 41 32
35 6 14 9 9
32 36 83 75 84
76 32 37 67 66
59 60 32 38 93
82 86 80 32 39
64 55 69 69 32
40 37 36 36 41
32 41 8 19 16
7 32 42 8 18
16 12 32 43 27
32 26 35 32 44
54 48 51 54 32
45 67 61 59 68
32 46 1 5 7
9 32 47 53 49
51 47 32 48 80
73 71 77 32 49
89 80 89 80 33
34 56 62 63 61
33 35 25 35 27
33 33 36 47 45
45 52 33 37 91
91 90 88 33 38
48 43 49 53 33
39 11 20 17 16
33 40 30 27 32
33 33 41 43 49
41 43 33 42 6
8 20 17 33 43
11 18 12 12 33
44 60 64 59 53
33 45 18 18 21
30 33 46 76 71
66 75 33 47 85
73 85 78 33 48
22 32 30 31 33
49 62 57 65 64
34 35 98 94 96
87 34 36 49 42
50 47 34 37 77
77 80 79 34 38
54 49 46 61 34
39 58 60 62 54
34 40 36 44 43
36 34 41 77 77
80 69 34 42 97
87 91 85 34 43
17 27 22 24 34
44 76 67 69 65
34 45 6 14 11
15 34 46 18 16
24 18 34 47 35
40 38 35 34 48
12 23 19 18 34
49 58 56 58 53
35 36 41 35 47
36 35 37 78 77
71 69 35 38 42
50 43 40 35 39
21 29 20 28 35
40 81 69 72 82
35 41 26 25 24
31 35 42 1 2
13 16 35 43 69
63 67 61 35 44
80 74 76 82 35
45 69 71 70 66
35 46 13 17 19
14 35 47 68 61
63 63 35 48 45
53 43 52 35 49
48 53 48 49 36
37 45 44 39 51
36 38 90 81 86
76 36 39 57 58
49 53 36 40 32
36 38 27 36 41
54 54 46 49 36
42 79 72 75 72
36 43 37 41 34
31 36 44 50 52
51 45 36 45 61
64 64 60 36 46
54 59 58 53 36
47 72 66 71 68
36 48 89 83 77
85 36 49 88 75
82 87 37 38 66
57 65 67 37 39
89 87 80 88 37
40 66 58 60 71
37 41 28 29 37
26 37 42 80 78
70 71 37 43 96
90 91 85 37 44
60 57 59 64 37
45 55 48 60 47
37 46 53 57 49
59 37 47 26 26
24 29 37 48 98
95 91 97 37 49
16 16 24 25 38
39 17 18 26 22
38 40 1 2 6
4 38 41 94 92
91 91 38 42 59
55 62 61 38 43
98 91 98 84 38
44 44 38 38 39
38 45 13 20 20
19 38 46 70 63
73 67 38 47 44
49 48 49 38 48
42 46 36 45 38
49 77 73 70 80
39 40 59 57 56
53 39 41 98 95
88 84 39 42 80
78 69 76 39 43
67 67 68 67 39
44 93 89 93 93
39 45 3 7 12
13 39 46 63 63
54 66 39 47 77
79 66 80 39 48
54 55 56 53 39
49 33 29 41 32
40 41 9 9 19
14 40 42 52 45
48 46 40 43 52
47 55 48 40 44
79 79 78 71 40
45 25 35 35 28
40 46 48 50 54
51 40 47 26 29
27 36 40 48 77
70 74 78 40 49
58 55 64 55 41
42 86 79 85 78
41 43 37 33 37
35 41 44 63 59
60 68 41 45 27
25 23 25 41 46
93 93 81 87 41
47 37 35 41 42
41 48 49 43 45
53 41 49 57 52
59 50 42 43 48
52 56 47 42 44
72 66 68 75 42
45 35 39 38 45
42 46 46 43 47
54 42 47 50 55
52 53 42 48 26
25 35 29 42 49
86 73 87 80 43
44 96 90 86 93
43 45 44 42 39
38 43 46 8 11
12 12 43 47 4
14 5 12 43 48
79 73 81 73 43
49 25 23 26 34
44 45 21 21 25
30 44 46 31 27
41 32 44 47 80
73 78 73 44 48
17 26 17 23 44
49 6 18 10 8
45 46 38 38 37
39 45 47 29 29
29 26 45 48 75
72 73 74 45 49
89 86 81 85 46
47 59 52 58 63
46 48 36 32 44
32 46 49 24 31
30 21 47 48 45
44 47 44 47 49
34 32 41 43 48
49 72 73 73 74
