12
0 1 89 19 74
0 2 11 31 53
0 3 70 72 73
0 4 79 40 95
0 5 92 25 62
0 6 62 64 61
0 7 58 31 29
0 8 91 37 41
0 9 79 58 41
0 10 54 89 52
0 11 97 57 27
1 2 16 30 81
1 3 54 66 27
1 4 93 48 52
1 5 66 54 74
1 6 39 71 55
1 7 63 51 58
1 8 82 78 68
1 9 50 64 19
1 10 95 29 48
1 11 88 36 81
2 3 5 6 68
2 4 4 39 2
2 5 16 75 41
2 6 11 11 46
2 7 51 13 75
2 8 19 63 46
2 9 7 56 24
2 10 4 13 38
2 11 63 14 14
3 4 0 46 38
3 5 27 64 66
3 6 9 15 36
3 7 70 17 77
3 8 32 68 39
3 9 60 69 55
3 10 38 21 60
3 11 68 77 52
4 5 12 60 9
4 6 57 70 73
4 7 5 67 7
4 8 84 76 25
4 9 57 65 43
4 10 67 54 55
4 11 7 53 34
5 6 10 67 65
5 7 18 59 33
5 8 23 63 6
5 9 25 21 24
5 10 79 72 77
5 11 45 86 32
6 7 10 21 59
6 8 10 39 72
6 9 30 63 27
6 10 38 77 73
6 11 24 8 20
7 8 45 28 14
7 9 93 30 48
7 10 14 49 40
7 11 93 27 47
8 9 24 32 15
8 10 94 79 23
8 11 12 82 70
9 10 85 64 56
9 11 44 71 12
10 11 62 36 89
