15
0 1 40 45 86
0 2 66 39 18
0 3 77 24 18
0 4 51 40 75
0 5 44 38 19
0 6 98 51 22
0 7 92 83 40
0 8 57 90 74
0 9 84 22 36
0 10 79 72 76
0 11 6 47 39
0 12 88 34 17
0 13 52 54 50
0 14 56 24 76
1 2 26 57 45
1 3 83 63 17
1 4 66 34 27
1 5 51 13 19
1 6 92 27 28
1 7 78 74 61
1 8 11 21 76
1 9 53 19 71
1 10 74 20 62
1 11 48 14 82
1 12 66 35 38
1 13 19 82 16
1 14 11 57 33
2 3 23 25 9
2 4 99 69 98
2 5 43 21 19
2 6 49 53 32
2 7 46 74 80
2 8 31 69 53
2 9 78 70 17
2 10 24 16 40
2 11 67 36 63
2 12 17 33 73
2 13 66 18 47
2 14 67 25 40
3 4 89 46 46
3 5 23 22 44
3 6 66 90 92
3 7 19 11 22
3 8 57 41 34
3 9 40 49 33
3 10 37 31 36
3 11 70 85 87
3 12 78 37 56
3 13 43 37 63
3 14 81 37 66
4 5 87 73 34
4 6 76 78 92
4 7 86 24 62
4 8 66 55 46
4 9 7 44 8
4 10 44 23 39
4 11 90 86 85
4 12 28 84 36
4 13 91 61 73
4 14 22 11 22
5 6 98 64 31
5 7 94 23 42
5 8 12 50 11
5 9 89 90 97
5 10 3 69 19
5 11 11 4 67
5 12 49 88 89
5 13 68 34 59
5 14 90 82 79
6 7 37 21 83
6 8 64 25 67
6 9 22 72 61
6 10 32 32 58
6 11 32 12 23
6 12 99 70 92
6 13 80 22 49
6 14 72 38 73
7 8 76 94 22
7 9 40 28 51
7 10 78 58 20
7 11 62 76 62
7 12 43 39 55
7 13 40 37 32
7 14 76 56 53
8 9 83 89 92
8 10 89 19 28
8 11 85 42 37
8 12 61 44 46
8 13 35 52 44
8 14 53 25 56
9 10 66 41 81
9 11 19 76 57
9 12 53 13 70
9 13 43 64 63
9 14 54 26 26
10 11 68 53 84
10 12 16 50 24
10 13 87 23 90
10 14 21 78 39
11 12 35 20 38
11 13 2 32 79
11 14 80 64 30
12 13 98 85 77
12 14 10 46 13
13 14 93 95 71
