20
0 1 71 25 47
0 2 32 31 10
0 3 89 62 24
0 4 54 33 27
0 5 83 28 36
0 6 26 22 15
0 7 85 21 46
0 8 5 45 21
0 9 0 48 52
0 10 6 77 7
0 11 50 77 35
0 12 18 61 30
0 13 17 78 36
0 14 13 45 20
0 15 53 14 65
0 16 20 45 31
0 17 89 32 24
0 18 99 47 79
0 19 64 48 79
1 2 26 13 9
1 3 35 53 22
1 4 52 67 73
1 5 73 62 53
1 6 4 10 72
1 7 26 28 66
1 8 8 34 3
1 9 6 73 21
1 10 42 86 61
1 11 53 19 89
1 12 79 68 50
1 13 12 48 34
1 14 65 20 32
1 15 76 85 60
1 16 24 10 79
1 17 17 62 25
1 18 43 39 60
1 19 37 52 64
2 3 31 43 6
2 4 57 16 71
2 5 0 60 9
2 6 37 27 47
2 7 96 29 60
2 8 4 78 37
2 9 36 36 71
2 10 25 65 58
2 11 0 77 39
2 12 70 57 82
2 13 7 1 56
2 14 2 79 39
2 15 5 20 71
2 16 12 72 70
2 17 10 7 47
2 18 88 57 95
2 19 72 59 20
3 4 49 78 78
3 5 74 53 21
3 6 78 39 55
3 7 12 16 69
3 8 79 40 89
3 9 33 11 57
3 10 72 55 71
3 11 72 91 72
3 12 77 87 58
3 13 82 27 44
3 14 39 54 44
3 15 98 85 82
3 16 89 37 59
3 17 92 67 43
3 18 65 90 20
3 19 0 45 70
4 5 41 50 12
4 6 13 41 59
4 7 59 12 28
4 8 2 32 76
4 9 59 73 66
4 10 36 21 37
4 11 42 33 67
4 12 27 47 60
4 13 45 47 48
4 14 61 54 23
4 15 94 83 21
4 16 97 77 72
4 17 70 44 74
4 18 73 49 80
4 19 49 28 77
5 6 54 57 90
5 7 88 73 56
5 8 33 11 42
5 9 20 38 21
5 10 66 89 91
5 11 53 42 18
5 12 89 96 49
5 13 93 88 77
5 14 76 92 36
5 15 2 1 52
5 16 52 70 75
5 17 45 13 48
5 18 70 28 29
5 19 83 33 94
6 7 4 15 80
6 8 10 75 49
6 9 13 42 43
6 10 64 13 22
6 11 1 27 77
6 12 93 80 61
6 13 48 66 28
6 14 39 69 59
6 15 72 90 14
6 16 92 54 95
6 17 83 64 79
6 18 10 44 17
6 19 12 49 32
7 8 72 72 61
7 9 74 76 25
7 10 53 45 69
7 11 4 25 16
7 12 96 87 20
7 13 31 42 73
7 14 33 21 66
7 15 78 75 63
7 16 21 14 63
7 17 21 82 69
7 18 55 13 75
7 19 92 28 60
8 9 43 37 54
8 10 76 27 48
8 11 88 58 89
8 12 50 57 31
8 13 80 54 45
8 14 63 85 80
8 15 87 55 92
8 16 21 73 51
8 17 88 32 75
8 18 44 37 14
8 19 74 20 46
9 10 11 6 74
9 11 59 76 90
9 12 49 14 18
9 13 6 65 40
9 14 2 57 8
9 15 28 55 78
9 16 44 58 40
9 17 4 41 17
9 18 98 41 44
9 19 25 25 18
10 11 50 82 43
10 12 60 60 38
10 13 4 16 16
10 14 80 34 95
10 15 12 48 15
10 16 54 25 78
10 17 30 67 27
10 18 72 28 76
10 19 0 73 28
11 12 45 73 58
11 13 61 50 80
11 14 72 76 41
11 15 23 10 75
11 16 31 26 64
11 17 4 23 64
11 18 72 54 41
11 19 23 62 73
12 13 16 42 58
12 14 36 45 76
12 15 83 66 36
12 16 68 34 43
12 17 7 64 49
12 18 91 64 82
12 19 87 33 67
13 14 98 52 79
13 15 91 60 66
13 16 56 73 12
13 17 82 23 64
13 18 2 19 67
13 19 12 50 81
14 15 44 39 79
14 16 74 30 26
14 17 81 78 40
14 18 52 29 74
14 19 73 92 77
15 16 61 27 57
15 17 59 18 16
15 18 59 69 66
15 19 15 71 59
16 17 11 17 65
16 18 22 82 18
16 19 51 51 26
17 18 14 77 66
17 19 75 61 86
18 19 53 17 52
