25
0 1 0 73 54
0 2 95 42 75
0 3 49 66 41
0 4 53 47 71
0 5 67 77 24
0 6 47 34 31
0 7 68 55 16
0 8 40 72 19
0 9 0 5 75
0 10 9 16 4
0 11 14 77 54
0 12 58 38 76
0 13 77 56 49
0 14 96 84 60
0 15 34 33 7
0 16 21 82 25
0 17 87 69 28
0 18 59 13 62
0 19 58 15 31
0 20 5 12 47
0 21 73 84 44
0 22 73 32 49
0 23 2 35 29
0 24 85 32 90
1 2 87 78 57
1 3 1 63 20
1 4 74 33 33
1 5 77 88 92
1 6 94 77 86
1 7 75 79 84
1 8 45 53 48
1 9 12 9 13
1 10 33 54 9
1 11 72 47 93
1 12 7 55 63
1 13 3 59 67
1 14 20 79 40
1 15 89 54 63
1 16 81 32 93
1 17 53 27 40
1 18 55 81 38
1 19 30 21 69
1 20 28 17 58
1 21 78 85 87
1 22 90 92 30
1 23 80 72 26
1 24 68 74 87
2 3 84 87 78
2 4 34 25 9
2 5 83 16 29
2 6 79 40 55
2 7 7 43 75
2 8 79 87 30
2 9 61 67 26
2 10 91 42 88
2 11 31 23 11
2 12 25 30 14
2 13 37 38 55
2 14 7 25 63
2 15 2 68 7
2 16 34 68 77
2 17 29 43 31
2 18 92 40 88
2 19 22 26 40
2 20 66 40 38
2 21 86 23 77
2 22 67 20 79
2 23 59 24 36
2 24 4 20 6
3 4 25 23 38
3 5 63 24 35
3 6 7 20 57
3 7 0 52 7
3 8 96 73 61
3 9 74 29 62
3 10 48 13 58
3 11 8 18 17
3 12 1 57 9
3 13 84 42 71
3 14 19 12 75
3 15 84 76 79
3 16 67 56 92
3 17 27 70 63
3 18 24 32 60
3 19 8 4 69
3 20 29 13 54
3 21 59 72 36
3 22 6 55 54
3 23 32 46 35
3 24 46 43 13
4 5 53 33 37
4 6 11 3 9
4 7 18 73 67
4 8 13 29 78
4 9 66 41 83
4 10 56 89 88
4 11 85 25 28
4 12 12 23 29
4 13 29 80 85
4 14 43 78 22
4 15 63 33 48
4 16 23 34 52
4 17 17 25 30
4 18 16 14 35
4 19 6 61 2
4 20 48 56 54
4 21 83 34 25
4 22 66 64 82
4 23 49 80 51
4 24 10 48 12
5 6 35 73 14
5 7 64 59 75
5 8 28 62 7
5 9 21 24 27
5 10 21 64 81
5 11 55 49 13
5 12 77 89 18
5 13 65 63 89
5 14 81 78 94
5 15 49 31 12
5 16 87 20 49
5 17 85 69 82
5 18 23 72 49
5 19 61 44 73
5 20 10 67 5
5 21 58 66 57
5 22 31 32 34
5 23 52 41 90
5 24 85 83 62
6 7 77 89 53
6 8 39 76 18
6 9 64 88 79
6 10 3 16 17
6 11 88 30 86
6 12 67 22 32
6 13 91 85 54
6 14 72 61 62
6 15 92 25 54
6 16 49 32 41
6 17 1 35 43
6 18 83 54 85
6 19 56 84 63
6 20 92 39 75
6 21 67 74 87
6 22 64 24 49
6 23 93 55 26
6 24 15 49 22
7 8 87 55 56
7 9 34 46 18
7 10 43 18 8
7 11 61 92 80
7 12 8 73 54
7 13 59 43 31
7 14 72 43 67
7 15 29 8 83
7 16 66 70 81
7 17 42 36 63
7 18 99 34 86
7 19 96 20 65
7 20 49 18 23
7 21 10 10 56
7 22 72 57 48
7 23 77 47 15
7 24 56 71 16
8 9 18 53 57
8 10 38 37 31
8 11 91 39 45
8 12 82 58 79
8 13 20 38 13
8 14 14 75 49
8 15 67 40 53
8 16 66 27 34
8 17 7 11 62
8 18 8 79 30
8 19 53 12 21
8 20 70 26 73
8 21 84 43 52
8 22 33 63 76
8 23 89 34 81
8 24 11 81 7
9 10 24 53 33
9 11 95 54 41
9 12 60 26 26
9 13 74 73 64
9 14 22 32 15
9 15 90 75 97
9 16 32 70 33
9 17 87 66 62
9 18 65 29 73
9 19 24 13 36
9 20 2 29 10
9 21 98 32 63
9 22 67 44 41
9 23 54 82 45
9 24 90 28 86
10 11 24 14 26
10 12 95 42 43
10 13 17 18 68
10 14 72 69 86
10 15 67 15 42
10 16 7 13 75
10 17 42 24 44
10 18 8 35 55
10 19 53 72 29
10 20 18 46 77
10 21 85 43 29
10 22 62 50 24
10 23 90 87 95
10 24 83 54 53
11 12 41 79 21
11 13 30 23 75
11 14 39 8 49
11 15 66 16 80
11 16 60 69 47
11 17 37 75 54
11 18 79 83 88
11 19 35 8 37
11 20 70 35 52
11 21 49 65 47
11 22 8 15 55
11 23 77 34 41
11 24 70 61 87
12 13 1 68 66
12 14 95 20 74
12 15 99 88 47
12 16 77 43 54
12 17 65 16 81
12 18 26 6 56
12 19 82 57 37
12 20 67 46 89
12 21 55 18 50
12 22 11 62 61
12 23 51 22 39
12 24 38 40 54
13 14 46 75 78
13 15 13 51 10
13 16 13 59 37
13 17 44 55 68
13 18 63 29 16
13 19 86 81 54
13 20 77 45 16
13 21 98 53 24
13 22 95 29 46
13 23 85 72 87
13 24 88 66 18
14 15 12 15 27
14 16 74 20 92
14 17 84 77 48
14 18 38 70 60
14 19 87 63 97
14 20 92 32 33
14 21 63 14 52
14 22 31 66 43
14 23 44 51 49
14 24 26 6 63
15 16 30 29 7
15 17 40 53 69
15 18 74 22 55
15 19 80 53 63
15 20 14 34 14
15 21 22 42 32
15 22 48 50 88
15 23 99 45 45
15 24 88 55 35
16 17 6 19 73
16 18 73 32 35
16 19 26 83 30
16 20 25 79 17
16 21 84 96 72
16 22 35 36 16
16 23 82 45 80
16 24 6 77 39
17 18 37 39 55
17 19 56 90 86
17 20 67 47 34
17 21 55 28 67
17 22 32 10 45
17 23 50 44 38
17 24 19 50 39
18 19 37 75 31
18 20 56 23 23
18 21 16 71 39
18 22 13 71 17
18 23 75 66 17
18 24 55 22 71
19 20 82 75 38
19 21 87 77 89
19 22 19 41 25
19 23 13 62 39
19 24 11 67 21
20 21 57 26 24
20 22 12 73 17
20 23 23 16 43
20 24 49 80 16
21 22 22 80 66
21 23 98 66 68
21 24 70 60 35
22 23 83 33 58
22 24 21 64 20
23 24 53 71 89
