25
0 1 22 60 54
0 2 91 83 56
0 3 52 33 69
0 4 98 77 65
0 5 34 43 36
0 6 96 93 88
0 7 97 87 87
0 8 29 15 21
0 9 52 33 51
0 10 43 30 62
0 11 1 20 22
0 12 42 62 42
0 13 25 50 34
0 14 4 2 4
0 15 68 53 40
0 16 24 37 46
0 17 62 49 32
0 18 41 70 33
0 19 12 13 33
0 20 83 72 83
0 21 10 25 7
0 22 93 53 83
0 23 10 20 20
0 24 36 26 64
1 2 15 28 34
1 3 25 56 50
1 4 41 45 68
1 5 90 82 81
1 6 95 72 70
1 7 42 68 47
1 8 75 49 64
1 9 61 75 40
1 10 28 34 48
1 11 8 6 49
1 12 35 56 21
1 13 65 43 79
1 14 63 59 50
1 15 19 44 38
1 16 0 48 39
1 17 30 59 19
1 18 59 46 31
1 19 20 53 44
1 20 61 72 69
1 21 90 78 92
1 22 46 52 60
1 23 73 42 39
1 24 59 43 48
2 3 40 45 68
2 4 39 53 32
2 5 89 59 63
2 6 32 55 43
2 7 5 8 46
2 8 68 38 50
2 9 7 41 11
2 10 42 57 31
2 11 93 85 93
2 12 82 80 70
2 13 63 46 50
2 14 17 16 39
2 15 4 46 31
2 16 46 65 30
2 17 26 47 32
2 18 24 15 38
2 19 7 17 50
2 20 73 38 44
2 21 18 15 34
2 22 95 48 64
2 23 68 63 77
2 24 38 53 47
3 4 37 58 22
3 5 41 59 45
3 6 22 24 48
3 7 47 72 34
3 8 28 27 34
3 9 17 21 30
3 10 61 67 74
3 11 33 50 17
3 12 36 55 40
3 13 2 26 45
3 14 59 32 72
3 15 7 14 9
3 16 69 76 50
3 17 44 71 37
3 18 93 84 96
3 19 57 46 64
3 20 6 45 34
3 21 39 57 29
3 22 27 58 59
3 23 18 42 29
3 24 74 53 75
4 5 34 42 52
4 6 45 32 64
4 7 86 51 80
4 8 29 43 54
4 9 96 73 84
4 10 19 21 27
4 11 7 31 15
4 12 50 56 67
4 13 90 65 61
4 14 68 83 83
4 15 58 60 57
4 16 69 63 68
4 17 46 53 38
4 18 76 39 59
4 19 62 59 43
4 20 47 38 40
4 21 38 47 60
4 22 24 48 23
4 23 77 85 74
4 24 25 25 57
5 6 65 75 41
5 7 23 32 18
5 8 48 30 32
5 9 40 20 52
5 10 54 56 36
5 11 58 64 75
5 12 19 51 21
5 13 31 20 20
5 14 51 30 65
5 15 46 37 35
5 16 71 64 71
5 17 75 64 76
5 18 92 64 78
5 19 81 76 74
5 20 22 27 46
5 21 90 72 46
5 22 60 30 78
5 23 37 34 27
5 24 93 71 95
6 7 29 61 24
6 8 25 56 13
6 9 14 44 53
6 10 43 24 61
6 11 81 67 71
6 12 71 75 69
6 13 56 62 34
6 14 0 43 32
6 15 70 79 57
6 16 59 78 54
6 17 52 30 38
6 18 4 10 26
6 19 0 23 8
6 20 83 75 63
6 21 63 58 45
6 22 17 35 46
6 23 11 10 36
6 24 29 52 24
7 8 57 33 45
7 9 46 66 49
7 10 85 75 45
7 11 76 84 57
7 12 34 20 20
7 13 11 9 21
7 14 44 54 25
7 15 61 64 69
7 16 40 44 46
7 17 87 65 77
7 18 36 36 48
7 19 16 49 33
7 20 99 68 56
7 21 10 19 35
7 22 99 84 89
7 23 47 47 32
7 24 38 62 38
8 9 93 86 92
8 10 59 47 33
8 11 0 6 34
8 12 98 80 85
8 13 82 74 54
8 14 97 62 97
8 15 69 40 54
8 16 60 74 72
8 17 62 71 47
8 18 0 45 44
8 19 25 22 62
8 20 9 24 22
8 21 16 10 20
8 22 11 20 41
8 23 10 21 52
8 24 72 54 85
9 10 3 25 36
9 11 3 50 34
9 12 24 51 46
9 13 10 7 34
9 14 37 27 35
9 15 55 51 28
9 16 5 47 41
9 17 14 25 43
9 18 59 32 41
9 19 24 17 56
9 20 92 81 64
9 21 74 80 86
9 22 72 82 61
9 23 36 47 24
9 24 59 57 64
10 11 62 72 34
10 12 44 58 70
10 13 71 59 50
10 14 2 33 43
10 15 29 47 17
10 16 8 26 42
10 17 50 43 44
10 18 12 45 19
10 19 47 50 67
10 20 47 72 38
10 21 60 38 68
10 22 54 37 57
10 23 11 31 38
10 24 28 62 40
11 12 39 52 66
11 13 4 37 9
11 14 84 86 79
11 15 28 52 21
11 16 75 41 71
11 17 16 12 56
11 18 84 74 90
11 19 13 9 27
11 20 58 35 76
11 21 23 13 49
11 22 65 45 49
11 23 80 53 83
11 24 39 38 59
12 13 17 14 24
12 14 94 91 97
12 15 65 42 40
12 16 10 35 11
12 17 55 63 77
12 18 17 44 35
12 19 4 5 11
12 20 22 29 24
12 21 27 48 32
12 22 6 41 13
12 23 27 62 17
12 24 94 77 79
13 14 28 60 32
13 15 51 52 41
13 16 53 51 27
13 17 25 61 31
13 18 55 54 70
13 19 92 56 92
13 20 87 61 54
13 21 56 29 52
13 22 32 38 39
13 23 10 28 21
13 24 31 50 37
14 15 9 14 42
14 16 44 70 39
14 17 50 36 73
14 18 61 52 58
14 19 18 16 57
14 20 5 41 52
14 21 69 67 54
14 22 80 84 53
14 23 8 9 11
14 24 73 73 61
15 16 61 34 48
15 17 78 84 84
15 18 80 73 57
15 19 54 50 68
15 20 53 74 53
15 21 58 61 76
15 22 30 63 40
15 23 18 44 27
15 24 18 42 10
16 17 63 34 47
16 18 53 32 38
16 19 84 82 64
16 20 50 69 65
16 21 78 50 80
16 22 85 56 45
16 23 38 20 57
16 24 32 22 35
17 18 28 33 42
17 19 33 55 21
17 20 18 23 32
17 21 5 38 47
17 22 33 56 37
17 23 9 6 11
17 24 18 17 34
18 19 77 74 86
18 20 24 56 30
18 21 86 46 62
18 22 67 55 81
18 23 26 51 33
18 24 23 44 15
19 20 33 57 41
19 21 48 35 66
19 22 83 76 55
19 23 62 53 72
19 24 3 25 31
20 21 22 20 18
20 22 44 37 63
20 23 41 61 25
20 24 32 64 54
21 22 41 22 43
21 23 59 56 57
21 24 28 61 29
22 23 59 47 64
22 24 90 93 79
23 24 72 65 76
