27
0 1 87 62 77
0 2 23 43 34
0 3 7 31 32
0 4 22 41 56
0 5 75 57 77
0 6 82 89 41
0 7 63 34 53
0 8 21 52 27
0 9 76 56 62
0 10 42 52 30
0 11 7 27 36
0 12 60 41 35
0 13 51 58 48
0 14 44 52 45
0 15 51 34 30
0 16 69 36 38
0 17 55 47 44
0 18 52 39 69
0 19 25 60 61
0 20 99 88 78
0 21 65 58 69
0 22 83 84 43
0 23 52 75 29
0 24 30 41 32
0 25 80 87 50
0 26 86 53 45
1 2 74 77 52
1 3 10 39 20
1 4 31 57 41
1 5 54 60 43
1 6 63 47 53
1 7 95 94 93
1 8 76 86 60
1 9 30 22 47
1 10 8 44 22
1 11 65 36 34
1 12 19 26 38
1 13 47 35 50
1 14 37 34 32
1 15 47 25 56
1 16 22 29 37
1 17 54 61 63
1 18 26 39 42
1 19 18 16 43
1 20 76 51 53
1 21 93 71 51
1 22 30 42 17
1 23 14 42 45
1 24 84 63 58
1 25 29 50 19
1 26 80 87 87
2 3 29 53 41
2 4 35 38 48
2 5 10 21 32
2 6 87 89 74
2 7 18 26 26
2 8 11 29 47
2 9 95 50 88
2 10 98 79 82
2 11 43 69 65
2 12 1 28 42
2 13 35 18 58
2 14 26 36 18
2 15 73 63 42
2 16 69 44 40
2 17 94 71 69
2 18 82 46 47
2 19 43 27 71
2 20 43 65 22
2 21 53 45 30
2 22 2 37 32
2 23 25 52 49
2 24 73 70 63
2 25 10 39 39
2 26 34 41 62
3 4 0 26 18
3 5 88 54 45
3 6 82 79 43
3 7 0 26 8
3 8 10 14 39
3 9 98 56 51
3 10 50 63 43
3 11 80 51 45
3 12 49 40 33
3 13 29 59 49
3 14 47 26 25
3 15 23 18 39
3 16 65 60 81
3 17 37 33 53
3 18 17 48 22
3 19 21 48 31
3 20 88 53 54
3 21 53 34 74
3 22 74 53 59
3 23 32 38 45
3 24 49 64 38
3 25 3 18 34
3 26 49 29 46
4 5 38 40 21
4 6 6 48 44
4 7 94 50 83
4 8 3 35 10
4 9 83 43 71
4 10 25 52 18
4 11 73 71 49
4 12 32 33 31
4 13 95 69 69
4 14 58 71 42
4 15 33 45 65
4 16 30 54 54
4 17 34 43 30
4 18 53 62 57
4 19 79 56 49
4 20 46 60 59
4 21 96 78 92
4 22 16 25 26
4 23 88 91 47
4 24 38 20 52
4 25 16 30 46
4 26 72 60 63
5 6 45 32 41
5 7 38 27 59
5 8 94 54 84
5 9 55 76 51
5 10 25 20 41
5 11 19 37 27
5 12 20 46 26
5 13 70 55 38
5 14 78 53 68
5 15 93 81 58
5 16 44 41 59
5 17 35 57 29
5 18 84 71 55
5 19 52 68 60
5 20 55 69 27
5 21 83 65 87
5 22 58 30 73
5 23 46 50 32
5 24 60 48 51
5 25 74 58 62
5 26 51 37 75
6 7 52 28 44
6 8 72 84 37
6 9 69 57 64
6 10 70 61 64
6 11 20 22 38
6 12 52 53 49
6 13 6 25 32
6 14 35 35 33
6 15 23 23 18
6 16 70 56 60
6 17 32 59 49
6 18 86 73 58
6 19 26 63 38
6 20 13 14 56
6 21 8 53 29
6 22 70 61 58
6 23 5 26 52
6 24 35 51 27
6 25 74 78 57
6 26 66 35 50
7 8 90 45 68
7 9 96 63 63
7 10 47 34 27
7 11 56 66 42
7 12 14 38 41
7 13 43 40 67
7 14 54 45 49
7 15 35 59 55
7 16 7 14 47
7 17 43 61 43
7 18 4 46 4
7 19 14 23 33
7 20 20 27 23
7 21 40 68 30
7 22 44 67 67
7 23 56 53 43
7 24 14 44 45
7 25 38 50 55
7 26 30 29 51
8 9 86 61 69
8 10 87 74 62
8 11 1 8 15
8 12 10 46 27
8 13 16 29 51
8 14 63 39 64
8 15 11 38 48
8 16 38 20 20
8 17 21 41 19
8 18 66 36 43
8 19 96 58 95
8 20 30 25 60
8 21 90 52 58
8 22 39 26 50
8 23 72 82 73
8 24 50 63 26
8 25 12 20 19
8 26 33 47 66
9 10 3 28 28
9 11 56 69 41
9 12 87 70 69
9 13 54 36 37
9 14 59 77 77
9 15 39 67 36
9 16 91 66 60
9 17 20 48 13
9 18 1 2 14
9 19 93 54 88
9 20 28 60 44
9 21 76 48 57
9 22 90 47 85
9 23 30 36 37
9 24 1 4 49
9 25 33 55 30
9 26 22 51 49
10 11 83 69 53
10 12 34 38 32
10 13 72 77 51
10 14 79 71 43
10 15 19 52 35
10 16 15 41 30
10 17 85 44 66
10 18 46 57 34
10 19 77 66 58
10 20 51 48 73
10 21 90 92 52
10 22 93 89 58
10 23 77 67 61
10 24 18 24 14
10 25 95 70 91
10 26 28 14 30
11 12 89 61 91
11 13 6 43 3
11 14 16 36 39
11 15 20 24 36
11 16 18 43 18
11 17 14 27 55
11 18 57 48 33
11 19 7 42 47
11 20 54 45 56
11 21 52 68 39
11 22 71 61 71
11 23 66 33 48
11 24 92 60 80
11 25 25 46 15
11 26 8 10 29
12 13 94 49 51
12 14 38 68 33
12 15 40 61 69
12 16 6 38 38
12 17 79 49 78
12 18 51 27 35
12 19 93 59 51
12 20 33 37 25
12 21 58 72 51
12 22 71 50 80
12 23 84 53 69
12 24 10 37 36
12 25 87 80 88
12 26 30 39 40
13 14 68 40 51
13 15 84 83 74
13 16 43 41 61
13 17 26 52 41
13 18 81 63 46
13 19 88 81 67
13 20 49 46 50
13 21 44 43 38
13 22 41 57 33
13 23 4 42 16
13 24 71 81 78
13 25 62 48 71
13 26 38 48 65
14 15 19 11 34
14 16 26 25 28
14 17 3 33 16
14 18 68 79 56
14 19 51 71 57
14 20 40 23 26
14 21 71 43 63
14 22 71 82 76
14 23 25 48 60
14 24 79 70 46
14 25 38 66 20
14 26 17 29 29
15 16 90 46 80
15 17 6 20 42
15 18 93 51 53
15 19 73 85 80
15 20 68 80 73
15 21 81 61 45
15 22 35 57 54
15 23 98 54 82
15 24 33 54 56
15 25 25 19 15
15 26 46 54 36
16 17 83 60 63
16 18 6 28 44
16 19 47 49 25
16 20 34 38 61
16 21 73 45 53
16 22 56 58 59
16 23 66 68 74
16 24 52 51 66
16 25 65 51 64
16 26 17 12 56
17 18 63 55 43
17 19 34 54 25
17 20 73 70 64
17 21 99 72 69
17 22 71 55 69
17 23 47 39 60
17 24 27 25 31
17 25 7 32 33
17 26 83 77 77
18 19 54 50 56
18 20 27 59 30
18 21 15 21 25
18 22 93 65 73
18 23 53 70 49
18 24 93 81 89
18 25 79 86 78
18 26 2 48 10
19 20 21 50 22
19 21 86 60 70
19 22 40 29 36
19 23 72 39 50
19 24 56 45 33
19 25 87 45 76
19 26 55 45 69
20 21 81 72 68
20 22 32 21 24
20 23 13 13 51
20 24 18 51 34
20 25 45 59 51
20 26 77 67 61
21 22 79 66 64
21 23 20 48 43
21 24 20 35 31
21 25 77 81 47
21 26 73 60 54
22 23 22 41 37
22 24 30 16 45
22 25 96 87 87
22 26 89 87 86
23 24 84 87 64
23 25 47 47 61
23 26 31 28 37
24 25 53 44 46
24 26 47 28 25
25 26 37 59 22
