30
0 1 2 28 15
0 2 55 53 55
0 3 63 55 72
0 4 98 54 66
0 5 69 48 71
0 6 70 75 69
0 7 33 35 35
0 8 69 72 84
0 9 58 64 71
0 10 3 2 34
0 11 27 38 43
0 12 46 31 44
0 13 4 49 48
0 14 17 13 51
0 15 80 67 43
0 16 77 51 65
0 17 78 49 45
0 18 78 69 73
0 19 37 23 63
0 20 63 37 53
0 21 49 39 61
0 22 28 20 42
0 23 84 70 76
0 24 91 54 53
0 25 98 79 93
0 26 99 80 96
0 27 38 47 22
0 28 61 61 77
0 29 32 30 57
1 2 77 41 51
1 3 58 79 58
1 4 76 78 77
1 5 46 27 43
1 6 66 51 43
1 7 11 10 14
1 8 46 47 66
1 9 53 54 33
1 10 29 52 32
1 11 6 10 4
1 12 89 73 58
1 13 74 46 41
1 14 28 42 30
1 15 84 59 57
1 16 3 10 23
1 17 97 61 86
1 18 46 49 30
1 19 49 24 72
1 20 80 87 83
1 21 26 52 56
1 22 95 97 77
1 23 14 12 39
1 24 30 61 21
1 25 58 56 78
1 26 1 16 33
1 27 9 31 10
1 28 81 75 72
1 29 54 73 67
2 3 14 50 32
2 4 47 70 44
2 5 84 53 80
2 6 86 86 43
2 7 48 64 63
2 8 87 55 50
2 9 12 40 53
2 10 38 32 20
2 11 64 70 64
2 12 6 12 28
2 13 59 35 51
2 14 31 27 61
2 15 25 20 17
2 16 59 51 61
2 17 6 19 50
2 18 65 81 46
2 19 97 56 75
2 20 82 62 88
2 21 97 52 79
2 22 64 50 65
2 23 51 49 61
2 24 97 71 54
2 25 52 35 67
2 26 72 78 50
2 27 58 54 67
2 28 26 18 16
2 29 13 14 54
3 4 12 20 28
3 5 21 37 60
3 6 71 61 72
3 7 44 39 57
3 8 83 53 72
3 9 35 49 18
3 10 20 38 25
3 11 28 35 21
3 12 11 23 42
3 13 75 74 63
3 14 91 90 57
3 15 2 33 46
3 16 24 12 41
3 17 38 19 43
3 18 70 61 40
3 19 53 42 31
3 20 41 28 37
3 21 20 32 48
3 22 92 70 74
3 23 19 54 14
3 24 83 77 88
3 25 22 20 47
3 26 43 56 51
3 27 72 50 40
3 28 94 58 55
3 29 69 84 69
4 5 78 57 57
4 6 14 49 33
4 7 13 33 40
4 8 26 55 40
4 9 50 29 65
4 10 50 70 57
4 11 17 49 45
4 12 86 44 59
4 13 0 11 30
4 14 90 81 69
4 15 52 34 47
4 16 27 16 30
4 17 17 48 16
4 18 7 35 23
4 19 62 78 58
4 20 9 19 46
4 21 45 66 37
4 22 87 76 80
4 23 62 74 37
4 24 43 56 54
4 25 59 63 68
4 26 43 31 50
4 27 27 43 27
4 28 62 35 73
4 29 30 24 58
5 6 34 41 37
5 7 34 29 21
5 8 4 37 51
5 9 56 60 29
5 10 74 83 54
5 11 50 28 27
5 12 59 64 49
5 13 58 67 37
5 14 37 23 23
5 15 77 82 60
5 16 69 46 69
5 17 83 59 70
5 18 19 19 11
5 19 80 42 58
5 20 57 64 40
5 21 26 60 32
5 22 99 76 81
5 23 44 53 48
5 24 42 38 33
5 25 24 53 41
5 26 95 95 70
5 27 40 51 62
5 28 45 37 67
5 29 64 61 73
6 7 20 21 44
6 8 4 22 4
6 9 38 59 46
6 10 72 80 85
6 11 44 40 24
6 12 5 48 37
6 13 48 68 73
6 14 11 12 50
6 15 63 44 32
6 16 57 70 29
6 17 62 65 40
6 18 26 40 34
6 19 50 64 34
6 20 51 32 33
6 21 53 61 55
6 22 35 39 19
6 23 9 12 42
6 24 31 51 61
6 25 57 43 49
6 26 2 13 4
6 27 21 16 27
6 28 88 46 93
6 29 83 52 52
7 8 8 22 35
7 9 9 34 24
7 10 35 21 49
7 11 75 48 45
7 12 86 83 57
7 13 56 66 56
7 14 10 54 48
7 15 24 57 13
7 16 3 15 44
7 17 75 43 66
7 18 46 34 71
7 19 95 86 92
7 20 66 57 34
7 21 76 74 71
7 22 40 41 31
7 23 81 70 42
7 24 35 45 38
7 25 5 47 35
7 26 60 31 32
7 27 89 89 94
7 28 13 16 47
7 29 13 37 14
8 9 18 52 48
8 10 87 58 92
8 11 75 58 40
8 12 9 37 6
8 13 28 55 31
8 14 27 48 47
8 15 6 27 28
8 16 58 63 63
8 17 30 56 28
8 18 55 52 65
8 19 95 86 73
8 20 84 65 56
8 21 39 41 42
8 22 14 12 57
8 23 13 50 39
8 24 21 12 30
8 25 39 53 65
8 26 39 62 45
8 27 11 23 24
8 28 42 52 23
8 29 23 18 39
9 10 3 38 38
9 11 67 42 65
9 12 46 49 69
9 13 6 46 41
9 14 96 96 73
9 15 85 76 78
9 16 47 32 34
9 17 9 7 45
9 18 16 31 42
9 19 94 88 55
9 20 19 23 55
9 21 46 41 34
9 22 70 64 65
9 23 74 82 66
9 24 47 58 48
9 25 76 70 60
9 26 94 53 53
9 27 58 36 37
9 28 29 64 17
9 29 19 25 56
10 11 54 35 51
10 12 66 45 54
10 13 65 38 50
10 14 50 46 28
10 15 85 78 68
10 16 33 35 40
10 17 10 44 25
10 18 59 77 45
10 19 3 20 22
10 20 56 48 66
10 21 5 29 16
10 22 10 18 17
10 23 52 69 56
10 24 90 86 90
10 25 3 12 42
10 26 75 86 47
10 27 47 53 36
10 28 63 63 57
10 29 76 51 80
11 12 69 50 64
11 13 18 33 16
11 14 66 72 69
11 15 19 23 19
11 16 92 78 67
11 17 27 57 50
11 18 46 69 67
11 19 3 31 7
11 20 88 76 77
11 21 74 52 61
11 22 1 28 17
11 23 22 43 44
11 24 73 80 69
11 25 54 44 35
11 26 10 19 32
11 27 75 80 54
11 28 78 52 52
11 29 80 65 67
12 13 33 28 52
12 14 82 66 56
12 15 71 85 44
12 16 6 47 29
12 17 10 25 41
12 18 66 71 46
12 19 61 63 52
12 20 72 80 58
12 21 12 40 16
12 22 98 86 98
12 23 54 65 63
12 24 97 94 71
12 25 30 36 47
12 26 26 44 40
12 27 35 56 49
12 28 17 44 22
12 29 38 51 20
13 14 75 72 73
13 15 49 63 37
13 16 82 87 89
13 17 93 69 74
13 18 32 20 32
13 19 26 52 39
13 20 51 74 28
13 21 35 62 44
13 22 30 63 20
13 23 87 74 83
13 24 35 48 42
13 25 57 49 53
13 26 21 26 49
13 27 27 14 49
13 28 99 71 87
13 29 95 87 52
14 15 15 31 15
14 16 8 25 31
14 17 17 52 18
14 18 28 42 17
14 19 57 59 48
14 20 77 63 42
14 21 79 74 41
14 22 8 7 34
14 23 96 89 97
14 24 28 20 44
14 25 63 68 75
14 26 62 66 55
14 27 24 51 44
14 28 47 54 24
14 29 42 55 46
15 16 31 40 20
15 17 21 15 20
15 18 53 58 74
15 19 31 50 21
15 20 65 45 75
15 21 44 46 57
15 22 3 45 21
15 23 55 75 29
15 24 53 57 31
15 25 14 56 32
15 26 78 73 63
15 27 5 36 41
15 28 74 79 66
15 29 88 79 59
16 17 33 49 37
16 18 12 39 26
16 19 32 50 46
16 20 40 21 65
16 21 48 72 49
16 22 8 27 7
16 23 47 42 39
16 24 40 46 44
16 25 24 61 19
16 26 14 20 51
16 27 29 32 21
16 28 28 19 59
16 29 65 41 42
17 18 2 13 26
17 19 53 53 28
17 20 79 88 46
17 21 71 54 41
17 22 0 27 9
17 23 91 82 62
17 24 3 11 10
17 25 61 55 41
17 26 94 67 90
17 27 89 77 54
17 28 8 51 5
17 29 52 41 34
18 19 72 54 47
18 20 93 87 87
18 21 18 32 14
18 22 80 74 75
18 23 99 90 83
18 24 57 41 43
18 25 13 22 32
18 26 93 47 79
18 27 60 59 52
18 28 94 81 58
18 29 81 47 71
19 20 10 14 54
19 21 3 9 29
19 22 71 49 84
19 23 72 44 86
19 24 79 52 60
19 25 4 14 17
19 26 75 52 74
19 27 37 48 65
19 28 29 33 51
19 29 16 52 24
20 21 77 58 43
20 22 39 24 47
20 23 22 60 33
20 24 46 61 49
20 25 39 24 27
20 26 27 34 54
20 27 53 44 49
20 28 10 20 32
20 29 46 66 29
21 22 83 85 52
21 23 81 52 55
21 24 22 31 12
21 25 84 47 50
21 26 85 47 63
21 27 86 75 64
21 28 6 30 8
21 29 65 43 51
22 23 97 69 93
22 24 9 47 33
22 25 37 53 20
22 26 53 35 67
22 27 79 62 46
22 28 90 79 88
22 29 64 53 41
23 24 93 87 52
23 25 76 75 68
23 26 41 40 58
23 27 89 79 87
23 28 14 38 41
23 29 98 94 50
24 25 44 68 64
24 26 59 36 29
24 27 91 87 84
24 28 17 43 34
24 29 12 8 37
25 26 30 50 52
25 27 36 56 59
25 28 21 48 57
25 29 49 41 25
26 27 88 70 45
26 28 6 11 48
26 29 91 74 81
27 28 63 56 79
27 29 67 76 66
28 29 55 49 31
