35
0 1 96 43 30
0 2 98 71 38
0 3 73 72 33
0 4 53 23 28
0 5 49 77 10
0 6 97 28 92
0 7 61 61 22
0 8 95 76 23
0 9 95 63 73
0 10 62 78 83
0 11 22 77 42
0 12 80 90 31
0 13 67 40 44
0 14 5 31 36
0 15 12 46 77
0 16 45 16 42
0 17 57 12 41
0 18 3 45 8
0 19 73 54 35
0 20 22 30 20
0 21 47 51 16
0 22 92 31 63
0 23 84 75 28
0 24 71 17 84
0 25 70 40 28
0 26 81 85 72
0 27 34 7 55
0 28 79 46 53
0 29 37 61 53
0 30 6 41 25
0 31 77 16 39
0 32 59 38 48
0 33 72 25 51
0 34 92 41 97
1 2 46 37 64
1 3 44 11 13
1 4 31 24 33
1 5 95 49 50
1 6 32 82 74
1 7 97 67 54
1 8 17 69 71
1 9 1 63 55
1 10 45 73 70
1 11 92 41 48
1 12 64 62 74
1 13 94 39 95
1 14 60 21 83
1 15 45 77 40
1 16 7 60 62
1 17 1 59 9
1 18 73 44 79
1 19 79 61 52
1 20 3 24 46
1 21 19 60 31
1 22 62 20 78
1 23 32 36 67
1 24 3 65 19
1 25 22 63 29
1 26 54 62 58
1 27 42 66 46
1 28 76 53 33
1 29 69 79 25
1 30 18 53 32
1 31 78 40 40
1 32 75 23 84
1 33 98 24 72
1 34 93 27 89
2 3 33 72 71
2 4 34 23 7
2 5 87 57 32
2 6 39 64 45
2 7 15 63 67
2 8 83 88 18
2 9 56 26 13
2 10 23 40 38
2 11 9 63 3
2 12 15 82 16
2 13 3 73 9
2 14 43 78 88
2 15 70 91 54
2 16 87 80 73
2 17 74 58 62
2 18 6 14 40
2 19 34 76 72
2 20 51 49 16
2 21 1 66 51
2 22 65 86 86
2 23 23 81 55
2 24 9 70 59
2 25 72 33 66
2 26 14 6 52
2 27 75 63 61
2 28 48 89 37
2 29 82 45 92
2 30 55 39 26
2 31 71 24 72
2 32 4 23 19
2 33 66 82 48
2 34 88 64 30
3 4 47 59 67
3 5 14 31 66
3 6 91 81 43
3 7 2 10 67
3 8 30 30 85
3 9 50 63 18
3 10 1 20 77
3 11 95 68 92
3 12 83 95 23
3 13 35 26 11
3 14 18 43 62
3 15 98 74 29
3 16 18 80 67
3 17 84 57 92
3 18 83 54 70
3 19 87 88 45
3 20 65 81 46
3 21 17 52 81
3 22 99 70 43
3 23 86 59 91
3 24 95 27 79
3 25 11 14 53
3 26 98 93 67
3 27 0 7 56
3 28 77 61 49
3 29 57 14 82
3 30 77 36 31
3 31 0 21 62
3 32 74 58 40
3 33 28 36 11
3 34 65 49 90
4 5 23 78 44
4 6 61 27 32
4 7 20 36 76
4 8 74 73 54
4 9 84 32 66
4 10 45 54 27
4 11 5 4 3
4 12 93 23 83
4 13 37 18 30
4 14 51 16 55
4 15 85 67 93
4 16 50 24 68
4 17 18 33 67
4 18 18 39 20
4 19 71 41 14
4 20 75 43 92
4 21 42 17 85
4 22 70 19 21
4 23 32 66 72
4 24 8 14 74
4 25 25 34 58
4 26 25 56 83
4 27 22 27 18
4 28 35 13 49
4 29 65 29 57
4 30 23 9 27
4 31 70 67 24
4 32 65 56 22
4 33 3 10 46
4 34 40 13 48
5 6 91 80 61
5 7 67 40 27
5 8 74 87 45
5 9 56 69 25
5 10 21 76 38
5 11 95 21 83
5 12 97 38 49
5 13 59 12 21
5 14 64 53 81
5 15 24 62 72
5 16 8 26 76
5 17 53 59 23
5 18 84 72 96
5 19 64 60 18
5 20 96 79 29
5 21 23 13 81
5 22 46 82 75
5 23 70 74 19
5 24 16 30 49
5 25 30 50 12
5 26 98 55 41
5 27 85 29 41
5 28 62 58 14
5 29 80 68 51
5 30 17 7 41
5 31 4 31 29
5 32 8 11 67
5 33 22 59 17
5 34 75 24 55
6 7 70 60 54
6 8 27 25 72
6 9 53 69 65
6 10 77 76 57
6 11 16 39 16
6 12 77 46 63
6 13 21 80 54
6 14 92 40 25
6 15 14 41 14
6 16 40 24 85
6 17 63 80 28
6 18 37 83 44
6 19 8 54 49
6 20 57 85 38
6 21 65 63 21
6 22 98 51 58
6 23 12 46 80
6 24 71 73 85
6 25 53 74 23
6 26 77 79 74
6 27 91 32 96
6 28 44 51 19
6 29 7 3 17
6 30 89 89 77
6 31 56 59 81
6 32 87 64 36
6 33 64 85 76
6 34 77 25 69
7 8 49 55 53
7 9 71 15 26
7 10 47 25 40
7 11 35 41 47
7 12 67 69 35
7 13 99 52 56
7 14 54 90 78
7 15 6 40 76
7 16 72 16 61
7 17 17 71 35
7 18 72 69 73
7 19 82 27 91
7 20 81 60 47
7 21 79 79 19
7 22 48 33 84
7 23 56 73 14
7 24 75 91 49
7 25 38 58 85
7 26 13 22 13
7 27 70 78 20
7 28 50 65 40
7 29 25 78 15
7 30 76 85 28
7 31 88 82 64
7 32 56 46 72
7 33 86 79 54
7 34 40 14 13
8 9 7 55 75
8 10 8 56 55
8 11 5 57 75
8 12 59 46 64
8 13 65 50 55
8 14 13 41 26
8 15 89 39 18
8 16 29 19 51
8 17 1 6 24
8 18 70 79 24
8 19 93 45 30
8 20 38 60 52
8 21 73 47 75
8 22 15 9 36
8 23 98 94 69
8 24 27 34 30
8 25 2 74 73
8 26 55 12 57
8 27 7 59 73
8 28 97 71 50
8 29 44 47 73
8 30 29 52 26
8 31 52 37 11
8 32 15 14 75
8 33 87 40 75
8 34 23 10 39
9 10 6 78 52
9 11 54 16 90
9 12 36 70 23
9 13 55 29 89
9 14 33 40 65
9 15 60 21 31
9 16 88 76 83
9 17 75 56 52
9 18 1 28 13
9 19 88 78 40
9 20 49 72 29
9 21 3 20 11
9 22 2 50 59
9 23 87 23 92
9 24 90 23 79
9 25 52 22 30
9 26 12 52 50
9 27 76 36 76
9 28 18 52 12
9 29 70 52 63
9 30 89 64 32
9 31 70 25 40
9 32 19 8 35
9 33 8 79 22
9 34 46 80 56
10 11 56 31 88
10 12 72 39 64
10 13 99 80 20
10 14 85 76 71
10 15 70 76 68
10 16 4 36 72
10 17 27 52 84
10 18 8 23 56
10 19 70 15 60
10 20 93 61 91
10 21 41 73 17
10 22 0 4 6
10 23 67 61 59
10 24 17 17 58
10 25 1 7 17
10 26 97 85 46
10 27 46 30 66
10 28 24 62 36
10 29 28 69 20
10 30 76 77 67
10 31 92 32 73
10 32 21 55 13
10 33 62 43 34
10 34 66 75 34
11 12 77 44 91
11 13 90 35 36
11 14 88 95 63
11 15 33 12 72
11 16 63 14 66
11 17 40 75 22
11 18 15 44 38
11 19 93 68 26
11 20 79 63 93
11 21 31 74 75
11 22 33 8 73
11 23 30 54 19
11 24 84 73 79
11 25 52 14 63
11 26 69 82 40
11 27 66 69 68
11 28 13 50 42
11 29 87 86 41
11 30 39 26 15
11 31 10 17 37
11 32 94 31 35
11 33 1 9 68
11 34 15 27 69
12 13 40 51 35
12 14 47 59 37
12 15 5 66 35
12 16 74 88 66
12 17 41 23 13
12 18 32 64 74
12 19 11 4 32
12 20 27 15 72
12 21 6 73 31
12 22 94 94 23
12 23 17 30 59
12 24 21 74 10
12 25 46 88 10
12 26 21 18 36
12 27 32 77 17
12 28 3 33 5
12 29 6 44 76
12 30 47 49 38
12 31 85 58 52
12 32 1 72 39
12 33 0 38 35
12 34 77 47 84
13 14 8 74 25
13 15 70 54 88
13 16 28 67 61
13 17 65 35 92
13 18 44 10 58
13 19 8 39 50
13 20 78 46 77
13 21 64 59 52
13 22 1 16 51
13 23 98 84 32
13 24 60 57 37
13 25 38 23 9
13 26 81 42 23
13 27 86 62 71
13 28 13 31 67
13 29 56 84 56
13 30 51 49 64
13 31 36 46 28
13 32 97 87 26
13 33 50 70 41
13 34 84 46 37
14 15 86 49 21
14 16 33 19 81
14 17 4 5 13
14 18 35 28 32
14 19 28 67 38
14 20 75 16 85
14 21 44 29 71
14 22 36 16 60
14 23 63 50 45
14 24 73 46 17
14 25 57 31 62
14 26 67 17 18
14 27 67 83 24
14 28 31 75 69
14 29 5 68 51
14 30 84 62 55
14 31 6 20 10
14 32 79 30 90
14 33 51 88 71
14 34 68 56 80
15 16 64 36 75
15 17 65 36 44
15 18 44 14 65
15 19 62 26 71
15 20 51 15 48
15 21 39 22 69
15 22 30 45 28
15 23 58 27 45
15 24 82 55 73
15 25 42 40 25
15 26 66 39 54
15 27 37 40 62
15 28 73 35 55
15 29 91 42 45
15 30 55 20 51
15 31 18 30 41
15 32 88 82 79
15 33 66 34 77
15 34 83 93 69
16 17 93 84 28
16 18 97 56 41
16 19 10 24 30
16 20 48 62 28
16 21 86 62 82
16 22 74 46 35
16 23 53 79 87
16 24 48 81 85
16 25 25 11 41
16 26 11 26 54
16 27 94 61 83
16 28 69 23 34
16 29 25 42 19
16 30 99 27 61
16 31 70 81 24
16 32 79 92 52
16 33 20 58 35
16 34 97 57 94
17 18 54 37 11
17 19 96 77 75
17 20 49 68 10
17 21 19 69 36
17 22 70 66 77
17 23 54 73 19
17 24 46 17 79
17 25 78 70 76
17 26 77 94 92
17 27 97 23 80
17 28 8 7 26
17 29 44 65 70
17 30 19 16 55
17 31 45 50 49
17 32 55 80 17
17 33 66 63 48
17 34 78 72 53
18 19 80 56 60
18 20 55 27 34
18 21 86 64 77
18 22 17 48 4
18 23 94 39 64
18 24 60 84 26
18 25 85 85 59
18 26 80 37 82
18 27 87 43 63
18 28 86 33 62
18 29 58 80 46
18 30 87 62 85
18 31 74 33 39
18 32 59 84 78
18 33 45 12 9
18 34 6 49 67
19 20 35 24 33
19 21 69 53 79
19 22 71 47 54
19 23 56 62 14
19 24 92 92 84
19 25 83 69 33
19 26 95 92 40
19 27 14 25 44
19 28 6 17 45
19 29 60 90 58
19 30 86 57 83
19 31 64 30 29
19 32 11 81 59
19 33 45 22 58
19 34 69 58 61
20 21 22 5 13
20 22 14 65 73
20 23 21 57 74
20 24 91 84 91
20 25 8 78 51
20 26 15 50 72
20 27 37 22 20
20 28 38 19 73
20 29 47 67 87
20 30 17 10 68
20 31 65 92 79
20 32 22 48 4
20 33 81 37 61
20 34 13 67 74
21 22 27 6 40
21 23 92 24 87
21 24 45 74 9
21 25 28 17 48
21 26 70 19 28
21 27 98 78 53
21 28 25 64 20
21 29 61 32 88
21 30 21 56 30
21 31 29 85 66
21 32 5 12 5
21 33 34 39 26
21 34 35 63 35
22 23 0 22 3
22 24 34 80 24
22 25 17 15 81
22 26 20 70 38
22 27 53 49 52
22 28 54 46 87
22 29 39 32 66
22 30 31 39 79
22 31 74 23 35
22 32 72 26 76
22 33 82 87 31
22 34 83 28 70
23 24 63 64 59
23 25 75 69 35
23 26 19 76 39
23 27 29 75 42
23 28 28 84 72
23 29 60 54 86
23 30 39 55 86
23 31 37 60 32
23 32 80 58 92
23 33 15 67 7
23 34 68 81 43
24 25 37 53 23
24 26 0 61 19
24 27 51 88 62
24 28 33 56 57
24 29 15 49 60
24 30 6 16 37
24 31 87 72 80
24 32 96 43 50
24 33 91 26 24
24 34 10 61 65
25 26 75 60 44
25 27 57 79 81
25 28 80 91 59
25 29 46 44 75
25 30 32 19 20
25 31 52 84 27
25 32 43 46 21
25 33 33 19 33
25 34 41 64 49
26 27 48 42 24
26 28 81 39 57
26 29 5 51 40
26 30 82 24 93
26 31 47 51 59
26 32 38 51 82
26 33 12 68 76
26 34 28 14 21
27 28 80 79 82
27 29 62 52 83
27 30 92 58 59
27 31 25 21 50
27 32 47 64 80
27 33 23 9 41
27 34 46 83 84
28 29 50 20 54
28 30 52 10 66
28 31 2 71 46
28 32 89 33 49
28 33 39 23 26
28 34 70 40 22
29 30 19 24 21
29 31 58 91 51
29 32 40 79 38
29 33 93 45 44
29 34 54 86 42
30 31 40 10 32
30 32 74 37 90
30 33 1 25 24
30 34 36 7 70
31 32 22 70 18
31 33 1 16 50
31 34 81 60 57
32 33 51 88 79
32 34 84 34 17
33 34 94 74 30
