35
0 1 68 72 44
0 2 93 93 66
0 3 76 44 50
0 4 46 42 58
0 5 64 60 81
0 6 44 30 23
0 7 86 50 76
0 8 30 58 48
0 9 93 80 82
0 10 86 83 58
0 11 1 11 31
0 12 50 25 50
0 13 94 68 61
0 14 43 28 50
0 15 6 30 8
0 16 54 75 61
0 17 31 38 33
0 18 35 21 56
0 19 84 82 90
0 20 5 50 42
0 21 4 44 19
0 22 48 63 70
0 23 93 46 56
0 24 27 63 57
0 25 55 52 76
0 26 94 81 73
0 27 94 50 71
0 28 17 15 48
0 29 55 60 34
0 30 93 75 95
0 31 88 46 53
0 32 86 89 85
0 33 89 84 49
0 34 60 79 73
1 2 51 40 61
1 3 12 24 13
1 4 20 39 37
1 5 82 89 60
1 6 61 65 46
1 7 20 43 31
1 8 3 27 39
1 9 43 53 67
1 10 96 48 74
1 11 5 28 43
1 12 23 42 16
1 13 59 69 79
1 14 73 45 51
1 15 14 8 53
1 16 78 83 50
1 17 79 77 84
1 18 14 42 15
1 19 18 21 11
1 20 47 27 42
1 21 26 49 21
1 22 28 37 20
1 23 59 39 71
1 24 38 62 29
1 25 38 29 25
1 26 49 43 61
1 27 52 32 72
1 28 42 24 39
1 29 63 60 61
1 30 79 74 54
1 31 1 16 45
1 32 11 34 42
1 33 63 59 77
1 34 97 71 66
2 3 36 52 60
2 4 55 60 32
2 5 71 78 45
2 6 47 66 34
2 7 16 21 49
2 8 30 51 42
2 9 75 76 56
2 10 27 51 21
2 11 32 57 50
2 12 23 22 39
2 13 12 22 40
2 14 0 9 18
2 15 72 61 52
2 16 26 39 34
2 17 72 72 57
2 18 82 82 53
2 19 73 45 59
2 20 1 25 11
2 21 28 59 23
2 22 13 26 41
2 23 36 31 36
2 24 61 33 54
2 25 42 32 47
2 26 66 53 40
2 27 76 64 56
2 28 72 82 39
2 29 21 55 39
2 30 7 48 14
2 31 81 78 76
2 32 59 42 72
2 33 21 19 38
2 34 92 51 95
3 4 66 51 40
3 5 40 45 32
3 6 56 31 43
3 7 30 50 28
3 8 9 30 37
3 9 12 39 42
3 10 29 50 40
3 11 14 45 28
3 12 3 23 6
3 13 50 62 49
3 14 96 71 91
3 15 37 32 44
3 16 88 54 55
3 17 60 68 70
3 18 66 49 60
3 19 14 24 26
3 20 35 48 57
3 21 98 91 61
3 22 70 72 75
3 23 3 24 25
3 24 71 54 59
3 25 34 33 63
3 26 57 64 42
3 27 99 80 79
3 28 73 49 44
3 29 10 15 50
3 30 63 55 32
3 31 6 24 5
3 32 97 50 93
3 33 38 30 42
3 34 75 50 77
4 5 16 54 46
4 6 64 68 50
4 7 39 56 48
4 8 37 40 21
4 9 91 78 78
4 10 39 61 32
4 11 26 58 57
4 12 34 46 31
4 13 42 49 63
4 14 30 34 25
4 15 14 39 11
4 16 60 53 37
4 17 52 70 67
4 18 53 61 40
4 19 81 50 65
4 20 33 49 59
4 21 89 71 65
4 22 90 69 68
4 23 74 46 41
4 24 29 27 21
4 25 96 51 85
4 26 87 87 56
4 27 47 43 42
4 28 37 44 53
4 29 11 8 46
4 30 72 44 42
4 31 40 51 25
4 32 72 43 69
4 33 19 25 47
4 34 63 80 52
5 6 34 34 29
5 7 95 58 77
5 8 32 31 48
5 9 16 43 13
5 10 72 42 72
5 11 24 31 26
5 12 41 50 26
5 13 73 43 69
5 14 93 80 66
5 15 62 43 47
5 16 28 29 17
5 17 86 84 79
5 18 4 27 21
5 19 78 87 71
5 20 24 13 17
5 21 13 38 38
5 22 61 56 31
5 23 93 77 46
5 24 70 47 81
5 25 74 41 62
5 26 14 19 44
5 27 27 56 17
5 28 98 93 78
5 29 74 63 48
5 30 4 31 17
5 31 1 48 1
5 32 90 47 68
5 33 41 52 50
5 34 14 23 28
6 7 53 54 67
6 8 64 65 52
6 9 73 74 44
6 10 47 66 71
6 11 76 48 86
6 12 78 63 61
6 13 19 54 41
6 14 44 70 28
6 15 10 16 33
6 16 23 53 48
6 17 59 48 73
6 18 18 57 36
6 19 5 47 9
6 20 6 11 30
6 21 39 29 61
6 22 76 44 65
6 23 20 54 40
6 24 51 46 29
6 25 29 32 30
6 26 0 41 28
6 27 74 57 62
6 28 86 63 54
6 29 28 54 31
6 30 81 89 64
6 31 80 51 55
6 32 90 83 89
6 33 64 77 74
6 34 82 46 57
7 8 36 47 52
7 9 45 71 67
7 10 98 75 66
7 11 44 57 72
7 12 14 39 20
7 13 96 77 53
7 14 51 52 47
7 15 45 70 60
7 16 67 40 81
7 17 0 17 29
7 18 32 21 28
7 19 25 30 29
7 20 7 16 13
7 21 58 73 53
7 22 26 28 15
7 23 31 38 50
7 24 28 62 54
7 25 42 50 26
7 26 51 32 27
7 27 34 27 40
7 28 59 60 63
7 29 15 41 57
7 30 73 85 45
7 31 53 76 71
7 32 74 48 67
7 33 50 30 72
7 34 87 75 51
8 9 60 55 42
8 10 98 76 65
8 11 71 71 65
8 12 21 45 12
8 13 60 73 64
8 14 61 56 65
8 15 70 76 49
8 16 17 30 49
8 17 47 46 65
8 18 26 40 16
8 19 1 29 42
8 20 51 26 56
8 21 34 60 18
8 22 15 48 22
8 23 25 48 54
8 24 7 48 21
8 25 66 44 35
8 26 21 28 58
8 27 51 47 37
8 28 7 11 45
8 29 13 42 39
8 30 10 6 50
8 31 20 10 44
8 32 93 89 74
8 33 61 72 79
8 34 19 25 47
9 10 5 39 42
9 11 80 69 53
9 12 99 75 91
9 13 40 61 48
9 14 77 41 51
9 15 85 74 81
9 16 80 79 84
9 17 14 41 52
9 18 84 85 58
9 19 42 39 56
9 20 40 41 38
9 21 61 32 64
9 22 45 63 72
9 23 41 47 58
9 24 88 47 81
9 25 19 15 37
9 26 16 57 37
9 27 25 44 17
9 28 66 71 41
9 29 50 29 62
9 30 33 38 44
9 31 63 52 35
9 32 28 21 16
9 33 85 47 84
9 34 62 64 59
10 11 95 93 67
10 12 34 25 50
10 13 78 81 77
10 14 52 53 63
10 15 98 98 80
10 16 64 58 42
10 17 16 39 50
10 18 45 27 68
10 19 12 7 9
10 20 47 46 63
10 21 57 37 45
10 22 90 89 73
10 23 34 43 39
10 24 75 74 67
10 25 31 43 28
10 26 0 4 17
10 27 41 23 51
10 28 23 25 60
10 29 58 52 77
10 30 18 58 58
10 31 15 48 38
10 32 14 56 22
10 33 30 38 52
10 34 32 53 30
11 12 41 25 70
11 13 72 51 69
11 14 33 49 45
11 15 53 41 54
11 16 80 52 64
11 17 0 14 49
11 18 86 60 58
11 19 31 40 42
11 20 35 65 42
11 21 4 23 9
11 22 25 50 34
11 23 52 42 57
11 24 33 37 29
11 25 52 29 68
11 26 93 53 57
11 27 75 80 70
11 28 43 61 23
11 29 72 43 72
11 30 97 67 75
11 31 74 63 56
11 32 74 59 52
11 33 67 51 55
11 34 60 62 75
12 13 21 28 35
12 14 73 50 60
12 15 51 33 59
12 16 89 92 90
12 17 26 37 41
12 18 15 9 24
12 19 76 69 78
12 20 28 26 19
12 21 53 38 31
12 22 87 65 65
12 23 95 93 58
12 24 94 54 86
12 25 6 34 10
12 26 85 80 76
12 27 28 53 36
12 28 39 38 56
12 29 37 31 31
12 30 5 11 29
12 31 24 19 41
12 32 42 26 63
12 33 14 17 33
12 34 70 41 76
13 14 18 38 20
13 15 65 40 70
13 16 74 53 61
13 17 50 40 70
13 18 9 30 33
13 19 7 21 20
13 20 94 88 88
13 21 17 24 35
13 22 87 53 66
13 23 64 33 57
13 24 78 52 84
13 25 64 61 39
13 26 51 34 26
13 27 32 59 46
13 28 81 86 46
13 29 90 82 67
13 30 49 55 38
13 31 4 18 40
13 32 3 16 49
13 33 40 38 63
13 34 47 56 58
14 15 7 17 30
14 16 55 35 53
14 17 17 49 35
14 18 16 12 26
14 19 75 70 65
14 20 3 24 46
14 21 48 24 25
14 22 6 28 20
14 23 1 28 13
14 24 19 33 25
14 25 30 49 20
14 26 48 56 73
14 27 7 19 28
14 28 32 53 64
14 29 78 85 88
14 30 33 22 38
14 31 16 55 25
14 32 68 35 44
14 33 90 54 67
14 34 64 51 33
15 16 15 39 11
15 17 26 61 56
15 18 4 17 8
15 19 69 77 44
15 20 30 56 19
15 21 74 72 43
15 22 36 59 39
15 23 49 37 73
15 24 20 39 25
15 25 90 70 47
15 26 59 66 32
15 27 27 26 62
15 28 22 38 18
15 29 24 52 56
15 30 60 61 41
15 31 65 78 49
15 32 75 55 50
15 33 16 44 38
15 34 40 38 64
16 17 97 70 85
16 18 94 82 47
16 19 93 89 59
16 20 2 6 44
16 21 25 32 34
16 22 41 20 61
16 23 76 54 69
16 24 83 78 65
16 25 48 71 72
16 26 41 33 58
16 27 20 11 38
16 28 8 35 42
16 29 88 64 50
16 30 43 31 39
16 31 65 45 43
16 32 43 27 50
16 33 27 23 25
16 34 74 71 72
17 18 89 63 72
17 19 99 80 85
17 20 51 71 71
17 21 40 64 53
17 22 93 83 89
17 23 98 73 67
17 24 41 50 38
17 25 29 59 46
17 26 22 49 36
17 27 32 52 25
17 28 79 62 79
17 29 79 86 79
17 30 12 10 53
17 31 13 17 33
17 32 82 68 71
17 33 12 14 50
17 34 30 19 24
18 19 39 66 44
18 20 44 53 63
18 21 15 38 23
18 22 31 53 19
18 23 73 75 58
18 24 31 28 37
18 25 13 23 11
18 26 34 46 59
18 27 81 68 77
18 28 46 73 28
18 29 86 76 65
18 30 45 26 26
18 31 97 83 75
18 32 19 21 40
18 33 22 60 30
18 34 46 33 67
19 20 38 31 62
19 21 65 46 54
19 22 32 35 60
19 23 30 29 47
19 24 66 69 48
19 25 64 52 42
19 26 97 96 82
19 27 64 44 41
19 28 63 59 52
19 29 88 71 94
19 30 36 42 58
19 31 40 26 28
19 32 34 34 43
19 33 63 62 56
19 34 86 56 84
20 21 61 35 51
20 22 80 68 43
20 23 78 72 85
20 24 99 84 71
20 25 46 49 46
20 26 5 6 14
20 27 50 60 71
20 28 57 31 29
20 29 77 68 62
20 30 3 50 17
20 31 8 36 14
20 32 38 40 61
20 33 65 77 55
20 34 63 61 47
21 22 16 11 23
21 23 92 82 49
21 24 83 48 68
21 25 33 48 22
21 26 94 59 67
21 27 60 75 32
21 28 15 38 24
21 29 62 37 76
21 30 58 35 55
21 31 83 81 69
21 32 35 36 62
21 33 41 49 52
21 34 7 22 38
22 23 59 46 55
22 24 13 7 37
22 25 1 48 5
22 26 4 6 6
22 27 61 63 33
22 28 59 61 58
22 29 67 56 78
22 30 9 47 30
22 31 97 55 56
22 32 54 67 57
22 33 45 70 28
22 34 83 82 71
23 24 78 47 44
23 25 44 70 46
23 26 95 71 72
23 27 73 38 46
23 28 16 17 47
23 29 41 22 46
23 30 15 11 50
23 31 62 73 66
23 32 67 71 64
23 33 54 63 31
23 34 8 12 10
24 25 23 20 41
24 26 66 57 54
24 27 70 50 77
24 28 78 69 44
24 29 42 53 37
24 30 11 55 14
24 31 72 41 56
24 32 97 86 86
24 33 65 73 56
24 34 31 43 44
25 26 90 95 49
25 27 34 22 40
25 28 46 50 58
25 29 27 27 32
25 30 95 49 84
25 31 99 67 64
25 32 45 38 42
25 33 19 47 38
25 34 58 59 72
26 27 61 80 74
26 28 20 30 20
26 29 68 71 65
26 30 91 64 48
26 31 47 66 37
26 32 82 89 60
26 33 62 61 38
26 34 95 54 48
27 28 31 43 61
27 29 33 34 41
27 30 18 46 36
27 31 95 88 90
27 32 89 79 67
27 33 8 51 23
27 34 84 68 90
28 29 87 85 90
28 30 68 35 53
28 31 4 50 2
28 32 67 70 41
28 33 57 72 76
28 34 94 71 66
29 30 99 87 74
29 31 39 53 57
29 32 59 38 52
29 33 65 74 50
29 34 37 54 48
30 31 33 53 40
30 32 71 83 62
30 33 93 61 47
30 34 91 80 81
31 32 47 65 57
31 33 91 68 53
31 34 23 18 37
32 33 80 54 81
32 34 47 41 25
33 34 26 17 47
