40
0 1 20 22 19
0 2 52 48 45
0 3 39 34 34
0 4 39 44 46
0 5 16 17 20
0 6 65 70 56
0 7 98 88 87
0 8 6 16 8
0 9 45 43 44
0 10 24 31 23
0 11 5 8 8
0 12 74 65 68
0 13 56 49 48
0 14 42 38 38
0 15 20 20 18
0 16 73 74 66
0 17 15 18 25
0 18 82 71 78
0 19 23 33 27
0 20 70 67 71
0 21 65 56 64
0 22 71 61 68
0 23 38 42 39
0 24 97 94 89
0 25 72 68 68
0 26 18 18 27
0 27 8 13 13
0 28 31 34 26
0 29 17 20 20
0 30 41 48 40
0 31 82 80 75
0 32 42 39 40
0 33 11 19 18
0 34 41 36 36
0 35 79 78 73
0 36 75 75 67
0 37 79 77 77
0 38 48 45 44
0 39 84 74 82
1 2 79 75 74
1 3 87 87 78
1 4 84 79 74
1 5 55 54 52
1 6 32 28 33
1 7 39 38 46
1 8 76 70 68
1 9 36 45 38
1 10 47 46 45
1 11 73 66 76
1 12 84 78 72
1 13 37 35 38
1 14 25 36 30
1 15 49 56 49
1 16 96 96 86
1 17 27 27 27
1 18 36 43 40
1 19 45 49 41
1 20 54 53 47
1 21 36 33 42
1 22 70 64 64
1 23 78 75 79
1 24 70 70 66
1 25 72 69 74
1 26 59 51 59
1 27 66 65 66
1 28 70 62 62
1 29 1 13 7
1 30 37 33 40
1 31 94 94 92
1 32 68 68 67
1 33 52 54 47
1 34 64 66 57
1 35 36 41 34
1 36 55 51 53
1 37 58 52 55
1 38 26 36 36
1 39 2 10 2
2 3 70 64 69
2 4 90 80 79
2 5 4 11 12
2 6 21 22 21
2 7 76 78 77
2 8 68 59 72
2 9 67 70 58
2 10 3 6 12
2 11 30 34 33
2 12 34 36 40
2 13 65 67 61
2 14 27 25 37
2 15 62 63 66
2 16 30 38 33
2 17 95 83 83
2 18 72 67 71
2 19 66 70 70
2 20 6 12 17
2 21 7 11 20
2 22 9 12 9
2 23 38 47 46
2 24 51 52 55
2 25 50 50 45
2 26 98 92 93
2 27 72 74 74
2 28 60 54 51
2 29 24 23 25
2 30 49 51 46
2 31 78 80 69
2 32 39 41 47
2 33 37 38 41
2 34 78 77 79
2 35 37 32 34
2 36 36 35 36
2 37 80 72 74
2 38 14 12 23
2 39 91 79 80
3 4 4 14 10
3 5 4 6 18
3 6 40 45 49
3 7 77 71 74
3 8 47 49 52
3 9 67 63 62
3 10 96 87 96
3 11 29 38 29
3 12 75 77 70
3 13 75 65 74
3 14 3 16 17
3 15 39 38 43
3 16 76 66 79
3 17 75 68 73
3 18 82 81 73
3 19 77 78 70
3 20 89 90 77
3 21 95 94 93
3 22 7 16 14
3 23 30 31 35
3 24 49 53 48
3 25 12 21 14
3 26 98 90 89
3 27 95 86 87
3 28 96 86 84
3 29 37 36 41
3 30 49 43 47
3 31 97 89 96
3 32 56 51 58
3 33 70 64 70
3 34 59 57 59
3 35 76 78 79
3 36 8 15 19
3 37 34 31 39
3 38 60 65 53
3 39 35 35 32
4 5 61 54 57
4 6 91 81 81
4 7 48 47 43
4 8 65 67 66
4 9 97 93 89
4 10 4 5 4
4 11 60 57 64
4 12 49 51 56
4 13 70 72 66
4 14 45 45 39
4 15 41 36 49
4 16 89 82 84
4 17 4 12 16
4 18 79 81 68
4 19 81 79 80
4 20 45 52 45
4 21 71 67 73
4 22 92 90 84
4 23 75 75 74
4 24 19 25 28
4 25 3 8 13
4 26 72 65 71
4 27 50 48 44
4 28 96 91 85
4 29 46 51 45
4 30 98 84 89
4 31 48 47 44
4 32 59 55 57
4 33 76 75 73
4 34 27 26 27
4 35 12 11 17
4 36 98 92 84
4 37 47 47 47
4 38 67 60 67
4 39 69 59 73
5 6 97 83 83
5 7 39 33 38
5 8 2 10 9
5 9 99 94 94
5 10 42 47 50
5 11 85 74 74
5 12 63 60 59
5 13 17 15 21
5 14 38 42 43
5 15 32 36 31
5 16 50 48 51
5 17 20 30 29
5 18 61 62 59
5 19 58 57 58
5 20 13 21 15
5 21 81 83 79
5 22 51 47 47
5 23 62 64 60
5 24 14 24 26
5 25 69 73 71
5 26 5 16 14
5 27 99 92 93
5 28 47 53 50
5 29 25 26 28
5 30 37 38 36
5 31 97 93 93
5 32 4 10 8
5 33 48 52 52
5 34 80 83 75
5 35 30 38 37
5 36 68 62 65
5 37 77 78 69
5 38 3 6 4
5 39 87 78 84
6 7 99 94 98
6 8 25 25 36
6 9 3 10 12
6 10 1 8 5
6 11 71 73 75
6 12 55 59 50
6 13 93 80 87
6 14 64 60 64
6 15 27 24 26
6 16 24 34 35
6 17 28 37 34
6 18 66 67 60
6 19 3 14 6
6 20 58 64 62
6 21 26 22 26
6 22 56 49 61
6 23 73 76 65
6 24 12 20 21
6 25 79 80 71
6 26 24 29 34
6 27 78 74 70
6 28 47 47 52
6 29 75 75 74
6 30 11 13 19
6 31 99 98 95
6 32 37 43 41
6 33 31 29 41
6 34 22 24 26
6 35 93 94 90
6 36 41 44 36
6 37 53 45 47
6 38 46 41 48
6 39 88 85 78
7 8 39 44 33
7 9 42 36 50
7 10 51 48 56
7 11 17 27 17
7 12 38 44 44
7 13 70 73 63
7 14 36 39 37
7 15 16 27 17
7 16 62 57 57
7 17 20 30 27
7 18 42 50 40
7 19 42 41 38
7 20 81 79 79
7 21 49 45 51
7 22 10 23 22
7 23 35 37 42
7 24 31 27 31
7 25 31 34 40
7 26 77 69 69
7 27 74 76 64
7 28 99 87 99
7 29 49 44 52
7 30 30 39 33
7 31 24 22 29
7 32 52 46 52
7 33 19 29 31
7 34 49 51 55
7 35 20 25 23
7 36 48 41 51
7 37 0 15 14
7 38 19 30 23
7 39 93 93 94
8 9 77 67 75
8 10 69 59 67
8 11 5 14 16
8 12 71 69 62
8 13 2 16 15
8 14 6 19 10
8 15 85 84 86
8 16 79 74 73
8 17 19 28 18
8 18 18 29 16
8 19 53 47 55
8 20 55 54 58
8 21 47 46 48
8 22 88 79 86
8 23 68 63 70
8 24 5 5 17
8 25 74 68 77
8 26 48 46 45
8 27 82 71 77
8 28 83 84 72
8 29 34 30 35
8 30 54 49 50
8 31 42 50 38
8 32 80 70 81
8 33 25 23 21
8 34 73 64 71
8 35 57 57 60
8 36 33 37 32
8 37 73 73 69
8 38 22 28 21
8 39 83 84 80
9 10 68 66 58
9 11 34 31 33
9 12 31 30 28
9 13 1 7 1
9 14 15 23 26
9 15 9 7 10
9 16 28 24 24
9 17 83 78 80
9 18 57 55 52
9 19 86 86 75
9 20 62 64 63
9 21 34 32 30
9 22 28 34 31
9 23 37 32 34
9 24 19 19 23
9 25 11 14 15
9 26 6 15 16
9 27 78 78 71
9 28 50 57 43
9 29 4 10 16
9 30 73 65 73
9 31 81 72 79
9 32 78 68 80
9 33 20 31 27
9 34 10 9 15
9 35 85 76 80
9 36 21 24 25
9 37 62 56 54
9 38 83 78 77
9 39 83 78 73
10 11 29 26 26
10 12 9 22 8
10 13 93 91 92
10 14 60 61 66
10 15 25 28 32
10 16 14 22 25
10 17 91 81 90
10 18 24 34 24
10 19 76 70 74
10 20 1 15 8
10 21 92 86 93
10 22 56 56 53
10 23 78 80 79
10 24 44 49 40
10 25 97 85 93
10 26 90 81 78
10 27 39 38 35
10 28 37 32 32
10 29 7 8 10
10 30 29 25 36
10 31 60 62 58
10 32 87 79 82
10 33 6 19 13
10 34 55 54 56
10 35 90 80 82
10 36 97 94 85
10 37 2 6 15
10 38 48 48 43
10 39 13 17 21
11 12 22 28 33
11 13 51 48 45
11 14 57 51 49
11 15 33 32 41
11 16 35 36 38
11 17 67 71 60
11 18 34 37 34
11 19 94 84 86
11 20 23 28 20
11 21 5 11 12
11 22 68 63 67
11 23 35 44 40
11 24 42 40 45
11 25 72 71 74
11 26 44 41 42
11 27 45 41 44
11 28 56 55 62
11 29 38 42 36
11 30 60 60 60
11 31 46 51 39
11 32 30 30 27
11 33 69 69 60
11 34 56 62 60
11 35 84 85 77
11 36 37 31 33
11 37 14 23 26
11 38 39 41 47
11 39 88 81 88
12 13 93 90 83
12 14 15 23 13
12 15 74 65 63
12 16 41 35 38
12 17 83 73 78
12 18 55 50 55
12 19 18 15 18
12 20 43 46 38
12 21 13 20 21
12 22 15 18 19
12 23 81 73 83
12 24 42 48 37
12 25 82 74 71
12 26 94 83 87
12 27 45 51 44
12 28 12 20 10
12 29 42 36 48
12 30 83 83 79
12 31 41 41 44
12 32 1 5 1
12 33 51 53 56
12 34 44 41 51
12 35 48 41 48
12 36 51 52 45
12 37 36 37 35
12 38 33 37 37
12 39 19 21 20
13 14 4 18 16
13 15 66 57 60
13 16 93 81 88
13 17 50 56 51
13 18 25 34 34
13 19 95 96 87
13 20 47 48 54
13 21 87 88 86
13 22 42 48 50
13 23 91 88 87
13 24 55 52 57
13 25 4 11 14
13 26 29 26 26
13 27 71 75 67
13 28 55 61 53
13 29 75 78 78
13 30 16 14 21
13 31 38 41 35
13 32 76 79 70
13 33 86 77 88
13 34 65 62 58
13 35 27 24 27
13 36 67 63 58
13 37 22 24 22
13 38 82 79 71
13 39 51 52 55
14 15 8 20 16
14 16 47 44 52
14 17 95 82 84
14 18 61 56 53
14 19 94 88 91
14 20 91 87 91
14 21 74 67 69
14 22 73 75 67
14 23 19 26 26
14 24 76 66 68
14 25 57 58 53
14 26 88 81 87
14 27 93 92 82
14 28 98 86 94
14 29 93 82 80
14 30 93 83 88
14 31 10 18 22
14 32 76 75 69
14 33 10 18 18
14 34 81 80 80
14 35 86 78 85
14 36 18 27 23
14 37 69 68 64
14 38 18 27 18
14 39 97 86 85
15 16 81 73 72
15 17 91 78 81
15 18 42 50 42
15 19 4 18 6
15 20 18 27 21
15 21 20 32 32
15 22 60 57 52
15 23 63 68 60
15 24 54 48 47
15 25 74 74 77
15 26 13 22 23
15 27 65 65 67
15 28 31 34 36
15 29 95 90 84
15 30 43 40 51
15 31 35 41 33
15 32 47 45 43
15 33 97 93 88
15 34 99 95 91
15 35 71 69 75
15 36 64 65 58
15 37 41 40 45
15 38 70 69 70
15 39 85 87 82
16 17 15 13 23
16 18 94 91 89
16 19 46 51 40
16 20 10 14 18
16 21 59 63 59
16 22 10 15 24
16 23 48 50 54
16 24 64 61 59
16 25 40 41 45
16 26 81 82 72
16 27 7 9 18
16 28 66 62 71
16 29 28 30 37
16 30 99 91 94
16 31 41 49 38
16 32 38 45 37
16 33 27 31 30
16 34 61 52 62
16 35 93 91 92
16 36 33 28 34
16 37 25 34 30
16 38 33 39 41
16 39 84 86 81
17 18 0 2 5
17 19 3 14 10
17 20 35 36 40
17 21 37 37 34
17 22 44 43 49
17 23 93 93 81
17 24 13 20 12
17 25 62 54 64
17 26 82 81 70
17 27 92 89 82
17 28 11 24 21
17 29 47 45 46
17 30 0 8 5
17 31 94 85 88
17 32 82 82 81
17 33 55 61 51
17 34 34 29 33
17 35 49 54 48
17 36 89 88 83
17 37 10 22 20
17 38 94 89 92
17 39 73 63 68
18 19 26 32 31
18 20 70 60 71
18 21 12 20 20
18 22 37 38 37
18 23 83 82 84
18 24 9 15 12
18 25 16 24 25
18 26 55 55 58
18 27 74 77 67
18 28 16 24 15
18 29 71 74 69
18 30 73 69 67
18 31 38 36 37
18 32 97 93 96
18 33 0 11 8
18 34 90 87 87
18 35 22 21 24
18 36 83 74 83
18 37 86 84 73
18 38 83 79 74
18 39 0 11 6
19 20 48 47 53
19 21 63 56 64
19 22 90 85 77
19 23 82 78 72
19 24 10 17 13
19 25 60 53 64
19 26 92 86 81
19 27 75 77 72
19 28 10 17 10
19 29 2 8 5
19 30 86 85 76
19 31 9 8 20
19 32 72 70 75
19 33 69 72 66
19 34 71 70 74
19 35 13 19 18
19 36 53 54 53
19 37 90 80 83
19 38 21 32 28
19 39 77 72 69
20 21 3 10 2
20 22 98 84 96
20 23 83 85 84
20 24 98 91 84
20 25 12 21 19
20 26 88 81 81
20 27 77 76 71
20 28 39 34 47
20 29 57 59 54
20 30 16 20 22
20 31 12 11 20
20 32 7 13 16
20 33 28 29 39
20 34 63 55 63
20 35 67 67 61
20 36 54 46 50
20 37 3 4 14
20 38 6 20 10
20 39 37 42 38
21 22 39 42 35
21 23 47 53 55
21 24 24 30 29
21 25 71 67 66
21 26 53 51 47
21 27 49 50 45
21 28 18 15 26
21 29 68 62 70
21 30 36 38 45
21 31 17 23 28
21 32 29 29 30
21 33 1 8 2
21 34 74 72 75
21 35 69 63 72
21 36 14 16 19
21 37 37 36 43
21 38 20 22 26
21 39 58 58 62
22 23 6 6 14
22 24 59 54 58
22 25 29 35 35
22 26 55 48 59
22 27 34 40 42
22 28 67 63 72
22 29 95 92 86
22 30 62 59 56
22 31 19 30 25
22 32 21 28 24
22 33 97 92 90
22 34 3 8 3
22 35 25 22 28
22 36 11 11 20
22 37 26 23 31
22 38 9 12 13
22 39 56 50 61
23 24 61 53 58
23 25 86 77 74
23 26 69 68 65
23 27 73 65 75
23 28 75 64 73
23 29 27 26 35
23 30 39 36 37
23 31 78 78 81
23 32 40 35 39
23 33 96 96 89
23 34 70 73 71
23 35 95 86 94
23 36 78 71 75
23 37 77 75 76
23 38 29 29 29
23 39 75 66 66
24 25 77 66 75
24 26 46 45 47
24 27 2 16 4
24 28 16 15 25
24 29 24 26 35
24 30 54 46 54
24 31 63 66 66
24 32 77 72 67
24 33 17 23 19
24 34 91 88 78
24 35 1 4 4
24 36 55 54 54
24 37 17 22 15
24 38 72 75 72
24 39 63 64 60
25 26 76 76 69
25 27 25 25 25
25 28 10 14 24
25 29 29 33 31
25 30 99 96 84
25 31 9 15 13
25 32 15 21 25
25 33 52 45 57
25 34 41 44 40
25 35 20 28 21
25 36 62 56 62
25 37 45 52 39
25 38 13 20 20
25 39 71 67 63
26 27 83 84 73
26 28 4 6 15
26 29 3 10 6
26 30 27 36 27
26 31 66 64 61
26 32 25 30 30
26 33 80 74 77
26 34 86 77 79
26 35 8 11 15
26 36 90 84 87
26 37 45 50 44
26 38 2 4 9
26 39 84 77 83
27 28 48 50 52
27 29 44 52 44
27 30 5 15 7
27 31 90 77 84
27 32 9 9 20
27 33 88 77 87
27 34 18 19 18
27 35 95 93 83
27 36 74 74 71
27 37 5 7 17
27 38 64 64 55
27 39 93 83 83
28 29 19 24 23
28 30 69 74 61
28 31 72 64 67
28 32 69 70 69
28 33 8 17 17
28 34 21 30 32
28 35 15 25 26
28 36 74 73 72
28 37 2 6 3
28 38 63 61 56
28 39 34 31 39
29 30 99 97 96
29 31 57 60 55
29 32 25 28 34
29 33 36 38 40
29 34 82 82 80
29 35 31 30 41
29 36 3 16 5
29 37 44 48 41
29 38 58 60 50
29 39 4 16 6
30 31 89 84 77
30 32 49 49 43
30 33 94 82 94
30 34 33 37 37
30 35 70 63 66
30 36 41 43 40
30 37 80 73 72
30 38 10 14 19
30 39 12 21 24
31 32 36 39 31
31 33 25 31 26
31 34 41 38 44
31 35 85 79 78
31 36 51 47 54
31 37 0 4 13
31 38 32 27 38
31 39 97 95 87
32 33 10 12 18
32 34 69 62 71
32 35 72 62 70
32 36 23 28 33
32 37 88 88 86
32 38 16 21 23
32 39 38 33 45
33 34 20 26 22
33 35 77 68 79
33 36 76 72 67
33 37 89 78 88
33 38 3 6 15
33 39 65 58 60
34 35 29 25 28
34 36 33 35 42
34 37 82 82 81
34 38 29 34 35
34 39 92 84 86
35 36 82 74 82
35 37 80 72 74
35 38 4 14 10
35 39 28 25 25
36 37 42 39 45
36 38 98 92 90
36 39 17 22 18
37 38 74 72 69
37 39 43 47 42
38 39 40 44 43
