48
0 1 14 18 16
0 2 99 85 85
0 3 5 16 14
0 4 16 16 21
0 5 44 41 43
0 6 76 75 80
0 7 5 5 5
0 8 42 36 43
0 9 81 78 84
0 10 45 49 53
0 11 46 40 43
0 12 14 22 18
0 13 34 42 43
0 14 67 65 57
0 15 13 17 12
0 16 17 19 29
0 17 34 33 36
0 18 96 96 96
0 19 9 11 23
0 20 43 49 44
0 21 64 66 62
0 22 31 40 29
0 23 81 82 78
0 24 77 69 68
0 25 53 50 48
0 26 30 33 33
0 27 16 27 17
0 28 81 72 71
0 29 25 34 35
0 30 96 88 92
0 31 79 73 73
0 32 78 68 77
0 33 77 72 78
0 34 58 62 57
0 35 31 30 31
0 36 37 40 43
0 37 54 58 50
0 38 87 75 78
0 39 27 33 24
0 40 8 16 14
0 41 24 24 29
0 42 97 90 95
0 43 65 62 65
0 44 44 38 39
0 45 28 31 25
0 46 99 98 95
0 47 93 82 88
1 2 63 58 66
1 3 6 11 18
1 4 64 69 56
1 5 67 67 68
1 6 29 30 32
1 7 83 74 82
1 8 70 67 61
1 9 63 60 59
1 10 81 70 77
1 11 55 47 55
1 12 47 55 45
1 13 96 86 89
1 14 96 90 91
1 15 80 78 79
1 16 60 58 61
1 17 17 28 16
1 18 0 6 10
1 19 43 45 42
1 20 3 14 17
1 21 70 71 61
1 22 0 12 7
1 23 97 83 87
1 24 74 63 76
1 25 36 43 39
1 26 5 4 8
1 27 76 75 70
1 28 21 26 28
1 29 3 5 6
1 30 95 86 85
1 31 8 20 20
1 32 90 84 81
1 33 59 53 64
1 34 95 87 81
1 35 40 47 35
1 36 23 22 33
1 37 14 18 22
1 38 83 76 73
1 39 64 64 58
1 40 11 22 18
1 41 69 67 70
1 42 10 20 15
1 43 43 50 38
1 44 26 24 32
1 45 29 26 29
1 46 34 42 30
1 47 83 82 79
2 3 11 22 10
2 4 96 94 83
2 5 51 50 47
2 6 47 53 47
2 7 19 29 18
2 8 60 54 63
2 9 64 68 56
2 10 65 56 64
2 11 70 65 66
2 12 81 73 71
2 13 49 51 54
2 14 3 12 3
2 15 0 9 12
2 16 2 17 3
2 17 17 16 26
2 18 78 68 68
2 19 48 53 41
2 20 16 15 18
2 21 66 68 62
2 22 13 13 12
2 23 63 65 67
2 24 12 25 14
2 25 71 69 70
2 26 16 20 28
2 27 42 46 40
2 28 66 66 62
2 29 5 8 9
2 30 23 32 21
2 31 9 17 14
2 32 47 43 50
2 33 46 54 53
2 34 36 38 45
2 35 23 27 29
2 36 51 51 50
2 37 75 72 67
2 38 16 22 21
2 39 41 35 42
2 40 91 89 87
2 41 48 56 55
2 42 24 34 29
2 43 6 9 5
2 44 5 8 19
2 45 43 43 37
2 46 22 31 28
2 47 98 94 97
3 4 36 44 34
3 5 3 13 7
3 6 47 53 52
3 7 70 66 73
3 8 5 12 5
3 9 35 36 43
3 10 91 91 82
3 11 33 41 37
3 12 22 19 24
3 13 50 54 54
3 14 31 29 37
3 15 55 55 58
3 16 78 68 71
3 17 14 19 14
3 18 40 40 42
3 19 28 26 28
3 20 23 26 23
3 21 57 59 57
3 22 88 77 81
3 23 10 17 11
3 24 91 79 92
3 25 90 89 85
3 26 7 11 7
3 27 83 76 82
3 28 33 43 41
3 29 12 21 21
3 30 8 14 13
3 31 91 81 88
3 32 60 60 64
3 33 1 3 1
3 34 14 26 14
3 35 56 49 51
3 36 25 23 21
3 37 85 86 74
3 38 19 26 18
3 39 20 21 20
3 40 39 42 41
3 41 86 83 87
3 42 89 90 85
3 43 84 82 73
3 44 19 29 25
3 45 49 55 54
3 46 43 39 49
3 47 73 65 68
4 5 43 43 40
4 6 42 43 49
4 7 79 70 80
4 8 87 78 81
4 9 0 11 2
4 10 13 21 22
4 11 46 50 50
4 12 10 11 9
4 13 44 45 48
4 14 62 63 56
4 15 42 48 48
4 16 32 27 40
4 17 47 54 52
4 18 38 34 38
4 19 68 64 69
4 20 57 52 58
4 21 99 94 90
4 22 98 93 87
4 23 96 93 92
4 24 18 19 21
4 25 71 74 70
4 26 30 38 36
4 27 94 94 85
4 28 10 18 14
4 29 77 67 74
4 30 14 16 16
4 31 69 66 64
4 32 33 41 31
4 33 10 14 18
4 34 66 67 60
4 35 73 64 69
4 36 91 81 86
4 37 89 78 86
4 38 83 76 77
4 39 79 74 70
4 40 30 28 38
4 41 6 16 5
4 42 43 40 43
4 43 78 74 69
4 44 54 60 47
4 45 18 25 17
4 46 94 91 85
4 47 15 27 23
5 6 84 77 72
5 7 20 19 29
5 8 45 40 50
5 9 54 52 61
5 10 90 88 87
5 11 87 81 81
5 12 56 56 48
5 13 2 10 7
5 14 74 71 75
5 15 63 63 61
5 16 17 28 22
5 17 34 40 34
5 18 69 73 72
5 19 91 79 89
5 20 92 91 82
5 21 43 40 47
5 22 50 51 46
5 23 26 30 31
5 24 40 40 39
5 25 95 89 90
5 26 74 71 74
5 27 53 53 47
5 28 52 48 58
5 29 5 7 18
5 30 79 72 81
5 31 75 71 67
5 32 41 41 41
5 33 72 70 67
5 34 81 72 76
5 35 52 59 47
5 36 82 78 84
5 37 96 82 96
5 38 49 54 49
5 39 79 76 76
5 40 25 33 29
5 41 62 64 56
5 42 4 7 6
5 43 42 48 42
5 44 56 50 59
5 45 69 59 73
5 46 15 25 13
5 47 80 78 68
6 7 91 88 88
6 8 11 21 16
6 9 75 78 67
6 10 45 49 52
6 11 33 35 33
6 12 98 86 90
6 13 63 65 56
6 14 97 94 83
6 15 62 62 65
6 16 76 78 69
6 17 73 62 65
6 18 18 20 23
6 19 50 52 54
6 20 2 15 5
6 21 69 60 71
6 22 57 50 48
6 23 12 21 11
6 24 0 3 7
6 25 69 62 72
6 26 3 16 6
6 27 36 43 35
6 28 44 43 44
6 29 13 17 21
6 30 13 14 26
6 31 60 52 62
6 32 72 73 62
6 33 15 17 21
6 34 82 84 81
6 35 8 8 20
6 36 16 18 22
6 37 35 32 40
6 38 14 15 15
6 39 48 45 42
6 40 54 54 48
6 41 59 64 51
6 42 62 63 62
6 43 65 67 67
6 44 5 8 13
6 45 98 91 98
6 46 77 78 76
6 47 36 45 32
7 8 87 85 75
7 9 74 69 72
7 10 76 77 71
7 11 88 83 77
7 12 14 23 23
7 13 96 82 86
7 14 85 78 79
7 15 11 17 20
7 16 30 39 30
7 17 91 81 79
7 18 20 28 24
7 19 1 10 13
7 20 60 55 59
7 21 56 53 52
7 22 63 64 68
7 23 70 61 71
7 24 64 67 64
7 25 75 79 72
7 26 66 71 67
7 27 15 17 23
7 28 69 68 63
7 29 14 12 19
7 30 40 37 35
7 31 80 82 81
7 32 3 13 15
7 33 82 75 81
7 34 57 52 63
7 35 6 18 6
7 36 83 82 74
7 37 28 29 24
7 38 22 30 28
7 39 3 13 4
7 40 0 3 2
7 41 61 63 63
7 42 49 56 44
7 43 48 54 52
7 44 74 76 65
7 45 97 91 94
7 46 87 78 89
7 47 7 18 10
8 9 24 23 27
8 10 29 28 37
8 11 99 96 91
8 12 43 42 45
8 13 75 67 63
8 14 51 50 57
8 15 57 55 51
8 16 25 31 33
8 17 94 84 84
8 18 46 45 51
8 19 22 24 21
8 20 20 18 21
8 21 74 65 70
8 22 41 37 48
8 23 36 42 41
8 24 99 88 84
8 25 15 24 21
8 26 99 89 98
8 27 72 74 71
8 28 89 86 78
8 29 28 28 37
8 30 76 73 79
8 31 4 13 5
8 32 36 36 36
8 33 20 30 17
8 34 25 22 32
8 35 54 50 59
8 36 23 22 34
8 37 61 62 53
8 38 5 10 19
8 39 52 54 47
8 40 29 35 35
8 41 82 75 73
8 42 20 22 18
8 43 27 32 34
8 44 1 3 8
8 45 62 55 61
8 46 14 13 16
8 47 15 21 15
9 10 76 71 67
9 11 93 88 80
9 12 49 45 46
9 13 64 64 56
9 14 35 37 31
9 15 51 53 57
9 16 88 78 78
9 17 15 14 20
9 18 87 83 74
9 19 62 66 57
9 20 47 54 45
9 21 74 75 65
9 22 47 46 54
9 23 62 66 63
9 24 90 85 90
9 25 9 15 20
9 26 44 39 51
9 27 9 8 15
9 28 60 65 57
9 29 81 79 70
9 30 84 81 74
9 31 15 17 27
9 32 98 92 84
9 33 2 3 5
9 34 91 90 83
9 35 0 3 10
9 36 46 40 44
9 37 51 54 51
9 38 34 42 42
9 39 57 60 60
9 40 6 13 14
9 41 28 38 34
9 42 16 17 20
9 43 82 85 74
9 44 1 11 9
9 45 1 3 3
9 46 23 26 30
9 47 33 38 32
10 11 55 60 51
10 12 86 87 79
10 13 32 41 39
10 14 92 91 84
10 15 55 60 55
10 16 20 19 23
10 17 15 24 21
10 18 92 86 81
10 19 20 28 31
10 20 98 95 95
10 21 73 66 69
10 22 57 56 58
10 23 22 24 29
10 24 36 40 34
10 25 82 82 73
10 26 49 53 49
10 27 3 13 12
10 28 41 42 40
10 29 21 19 28
10 30 16 23 23
10 31 70 61 64
10 32 43 49 51
10 33 79 70 78
10 34 92 89 85
10 35 81 71 72
10 36 16 18 20
10 37 63 64 64
10 38 80 78 82
10 39 19 18 20
10 40 23 28 32
10 41 20 31 26
10 42 40 35 38
10 43 3 7 17
10 44 91 79 80
10 45 67 65 67
10 46 60 58 55
10 47 70 75 74
11 12 11 24 11
11 13 42 42 46
11 14 11 13 17
11 15 31 30 34
11 16 72 62 63
11 17 27 36 23
11 18 60 66 62
11 19 65 59 55
11 20 84 85 86
11 21 82 81 78
11 22 67 65 70
11 23 83 80 78
11 24 20 22 19
11 25 76 66 67
11 26 72 73 65
11 27 49 47 44
11 28 33 31 34
11 29 39 41 47
11 30 4 4 18
11 31 73 75 72
11 32 32 32 29
11 33 88 83 79
11 34 68 64 58
11 35 39 40 38
11 36 95 89 82
11 37 8 15 16
11 38 48 45 48
11 39 17 25 15
11 40 87 84 83
11 41 20 17 18
11 42 25 31 27
11 43 19 30 21
11 44 8 11 19
11 45 45 42 39
11 46 34 30 43
11 47 7 11 15
12 13 8 10 19
12 14 77 74 66
12 15 45 41 44
12 16 29 39 30
12 17 85 87 74
12 18 77 68 67
12 19 90 83 80
12 20 72 69 75
12 21 93 91 85
12 22 88 78 87
12 23 76 77 75
12 24 47 46 51
12 25 94 83 91
12 26 13 23 23
12 27 56 48 60
12 28 16 25 14
12 29 13 23 20
12 30 97 85 93
12 31 26 34 30
12 32 96 95 91
12 33 40 39 39
12 34 6 9 10
12 35 38 34 35
12 36 93 93 86
12 37 31 35 27
12 38 25 35 32
12 39 12 13 24
12 40 2 12 8
12 41 57 63 62
12 42 46 41 54
12 43 89 89 86
12 44 70 65 64
12 45 64 68 63
12 46 64 68 68
12 47 93 92 93
13 14 55 55 49
13 15 0 9 5
13 16 75 76 70
13 17 0 1 0
13 18 7 14 10
13 19 0 8 3
13 20 88 89 87
13 21 56 49 61
13 22 16 18 26
13 23 52 50 47
13 24 12 17 15
13 25 57 56 56
13 26 69 68 63
13 27 87 78 82
13 28 29 27 27
13 29 26 33 34
13 30 11 17 10
13 31 32 37 31
13 32 28 24 36
13 33 39 34 39
13 34 94 87 81
13 35 75 71 74
13 36 59 65 62
13 37 92 82 88
13 38 81 80 76
13 39 16 24 14
13 40 62 61 65
13 41 94 91 82
13 42 87 81 80
13 43 62 61 53
13 44 46 50 51
13 45 45 51 45
13 46 69 65 64
13 47 78 68 79
14 15 34 38 36
14 16 44 51 45
14 17 76 79 65
14 18 45 46 50
14 19 17 23 17
14 20 32 31 31
14 21 15 16 26
14 22 57 50 59
14 23 75 74 68
14 24 42 36 42
14 25 54 52 60
14 26 79 74 82
14 27 49 47 43
14 28 97 95 97
14 29 14 19 20
14 30 45 44 50
14 31 42 44 38
14 32 13 23 23
14 33 51 58 56
14 34 80 72 79
14 35 39 47 43
14 36 95 86 85
14 37 85 82 79
14 38 99 89 95
14 39 0 8 14
14 40 89 78 85
14 41 5 5 13
14 42 22 27 26
14 43 59 54 61
14 44 62 64 56
14 45 93 91 86
14 46 49 55 51
14 47 10 22 15
15 16 13 11 12
15 17 99 90 99
15 18 63 54 63
15 19 43 42 45
15 20 30 32 38
15 21 34 43 38
15 22 93 90 81
15 23 34 31 32
15 24 54 49 50
15 25 86 76 87
15 26 70 63 63
15 27 16 15 24
15 28 4 17 17
15 29 55 60 50
15 30 24 23 29
15 31 6 13 6
15 32 96 87 88
15 33 90 81 88
15 34 71 64 65
15 35 39 42 39
15 36 68 65 68
15 37 19 23 24
15 38 96 91 94
15 39 44 43 38
15 40 89 79 76
15 41 91 86 85
15 42 37 42 40
15 43 76 76 78
15 44 64 62 63
15 45 67 62 63
15 46 17 27 24
15 47 59 58 64
16 17 15 25 16
16 18 85 79 78
16 19 84 72 80
16 20 7 17 10
16 21 68 67 67
16 22 63 60 56
16 23 89 88 79
16 24 3 17 17
16 25 5 11 5
16 26 9 13 12
16 27 79 75 71
16 28 36 42 42
16 29 1 11 1
16 30 95 90 83
16 31 17 17 29
16 32 40 41 48
16 33 48 47 53
16 34 78 77 72
16 35 94 83 81
16 36 50 54 51
16 37 21 26 27
16 38 93 83 94
16 39 32 31 28
16 40 12 11 22
16 41 14 25 13
16 42 69 68 67
16 43 39 40 38
16 44 21 29 28
16 45 46 52 43
16 46 70 61 71
16 47 38 41 36
17 18 96 94 88
17 19 81 72 76
17 20 80 72 70
17 21 68 60 70
17 22 22 32 21
17 23 37 42 44
17 24 82 73 81
17 25 66 62 66
17 26 19 21 26
17 27 8 15 9
17 28 81 70 77
17 29 49 53 52
17 30 14 13 21
17 31 45 51 42
17 32 86 76 84
17 33 89 79 83
17 34 34 35 33
17 35 19 21 20
17 36 80 74 72
17 37 43 38 38
17 38 46 42 47
17 39 2 12 16
17 40 53 58 51
17 41 16 27 25
17 42 36 41 38
17 43 92 86 85
17 44 88 75 84
17 45 9 13 14
17 46 20 23 30
17 47 40 46 47
18 19 12 18 16
18 20 1 10 11
18 21 23 23 31
18 22 85 80 74
18 23 22 32 24
18 24 58 60 56
18 25 10 10 22
18 26 90 86 82
18 27 49 51 45
18 28 80 69 75
18 29 64 65 58
18 30 65 60 60
18 31 45 50 48
18 32 32 38 36
18 33 70 63 68
18 34 4 4 6
18 35 99 96 92
18 36 18 23 22
18 37 38 42 41
18 38 55 56 48
18 39 45 52 51
18 40 97 93 83
18 41 14 22 21
18 42 45 44 50
18 43 34 40 29
18 44 69 65 67
18 45 97 96 87
18 46 53 50 59
18 47 29 26 32
19 20 99 91 86
19 21 55 60 56
19 22 65 65 68
19 23 48 50 53
19 24 54 50 61
19 25 24 27 35
19 26 10 17 17
19 27 87 76 76
19 28 1 12 7
19 29 29 39 33
19 30 52 52 59
19 31 94 86 89
19 32 14 18 22
19 33 36 45 32
19 34 71 67 72
19 35 14 22 19
19 36 56 55 59
19 37 98 84 95
19 38 0 2 12
19 39 99 86 97
19 40 50 56 57
19 41 41 46 37
19 42 48 50 55
19 43 84 75 73
19 44 9 8 21
19 45 58 59 63
19 46 0 10 4
19 47 34 37 36
20 21 80 72 70
20 22 42 45 48
20 23 96 90 95
20 24 1 14 15
20 25 44 50 43
20 26 6 17 13
20 27 59 55 57
20 28 13 26 15
20 29 56 58 52
20 30 30 39 32
20 31 75 75 73
20 32 67 68 59
20 33 53 57 46
20 34 67 62 68
20 35 73 63 70
20 36 17 15 18
20 37 94 94 89
20 38 17 16 20
20 39 44 45 45
20 40 85 80 77
20 41 51 46 52
20 42 65 58 58
20 43 4 14 5
20 44 65 56 69
20 45 16 21 28
20 46 8 19 16
20 47 8 16 14
21 22 22 30 32
21 23 11 19 23
21 24 9 22 20
21 25 66 67 66
21 26 40 39 49
21 27 64 66 68
21 28 63 59 55
21 29 14 14 13
21 30 40 49 46
21 31 56 50 50
21 32 5 14 8
21 33 29 27 39
21 34 61 53 54
21 35 67 64 61
21 36 81 69 76
21 37 47 55 50
21 38 58 63 52
21 39 35 31 36
21 40 69 71 70
21 41 41 47 47
21 42 8 13 15
21 43 27 28 25
21 44 75 64 65
21 45 59 58 65
21 46 19 29 29
21 47 24 21 34
22 23 46 39 47
22 24 1 12 6
22 25 23 27 22
22 26 85 75 78
22 27 62 59 68
22 28 89 85 86
22 29 4 13 10
22 30 41 42 45
22 31 26 25 27
22 32 27 30 30
22 33 20 24 31
22 34 14 17 20
22 35 79 78 79
22 36 40 45 37
22 37 96 84 89
22 38 10 15 22
22 39 26 28 23
22 40 9 14 15
22 41 28 35 28
22 42 1 8 12
22 43 62 58 60
22 44 19 30 18
22 45 57 55 56
22 46 89 88 80
22 47 66 58 63
23 24 13 18 13
23 25 61 61 61
23 26 31 29 37
23 27 37 39 34
23 28 10 12 13
23 29 93 92 82
23 30 74 76 78
23 31 49 55 51
23 32 95 90 90
23 33 65 63 66
23 34 59 64 62
23 35 18 16 28
23 36 55 58 51
23 37 34 43 40
23 38 27 26 36
23 39 90 79 91
23 40 16 26 16
23 41 25 34 28
23 42 34 31 37
23 43 25 35 27
23 44 49 47 48
23 45 91 82 77
23 46 18 26 17
23 47 12 24 20
24 25 94 86 81
24 26 25 21 30
24 27 17 28 16
24 28 79 81 67
24 29 83 84 79
24 30 44 47 43
24 31 63 64 54
24 32 32 28 36
24 33 5 6 5
24 34 67 66 69
24 35 15 13 15
24 36 5 13 16
24 37 41 35 48
24 38 85 85 76
24 39 97 97 85
24 40 88 81 82
24 41 77 76 72
24 42 13 16 19
24 43 6 13 17
24 44 76 67 68
24 45 17 19 24
24 46 92 79 86
24 47 91 82 81
25 26 52 49 45
25 27 32 38 42
25 28 2 16 14
25 29 39 39 41
25 30 51 51 56
25 31 21 21 30
25 32 6 12 13
25 33 92 86 93
25 34 11 17 18
25 35 77 73 72
25 36 9 21 21
25 37 47 47 55
25 38 76 71 69
25 39 21 26 27
25 40 6 18 10
25 41 84 74 72
25 42 80 73 77
25 43 19 28 23
25 44 54 52 46
25 45 58 51 59
25 46 6 8 20
25 47 5 19 8
26 27 77 69 72
26 28 67 63 59
26 29 26 35 33
26 30 73 72 75
26 31 57 59 53
26 32 31 26 33
26 33 49 44 50
26 34 82 81 84
26 35 8 19 9
26 36 11 12 18
26 37 41 37 45
26 38 15 15 22
26 39 70 69 72
26 40 37 41 41
26 41 20 21 30
26 42 24 26 31
26 43 41 39 41
26 44 81 74 73
26 45 66 65 60
26 46 75 77 72
26 47 97 90 89
27 28 75 72 76
27 29 61 60 64
27 30 35 30 40
27 31 44 41 43
27 32 4 16 8
27 33 76 77 70
27 34 81 76 80
27 35 72 69 74
27 36 69 61 59
27 37 4 8 16
27 38 61 59 62
27 39 38 41 46
27 40 40 44 36
27 41 95 91 88
27 42 10 17 13
27 43 13 22 21
27 44 19 31 21
27 45 36 41 34
27 46 11 21 14
27 47 32 31 31
28 29 47 47 43
28 30 54 50 51
28 31 74 68 73
28 32 59 58 62
28 33 67 69 68
28 34 87 75 80
28 35 37 39 35
28 36 61 56 58
28 37 62 58 64
28 38 83 82 75
28 39 14 23 25
28 40 93 88 93
28 41 44 50 50
28 42 27 24 30
28 43 0 14 9
28 44 26 24 30
28 45 15 16 16
28 46 36 37 35
28 47 10 20 20
29 30 42 38 37
29 31 68 66 70
29 32 24 35 32
29 33 99 96 97
29 34 15 22 25
29 35 65 58 65
29 36 14 22 19
29 37 19 21 17
29 38 99 97 95
29 39 28 26 35
29 40 32 30 37
29 41 12 24 14
29 42 5 9 7
29 43 27 31 37
29 44 0 5 4
29 45 83 81 72
29 46 90 78 81
29 47 6 17 10
30 31 12 19 15
30 32 86 81 79
30 33 92 92 91
30 34 30 28 28
30 35 45 48 45
30 36 66 68 63
30 37 91 92 90
30 38 32 32 42
30 39 66 70 59
30 40 56 50 59
30 41 31 33 40
30 42 6 14 8
30 43 27 37 36
30 44 68 71 58
30 45 66 62 66
30 46 78 74 71
30 47 52 52 55
31 32 92 80 84
31 33 34 43 41
31 34 56 53 54
31 35 13 25 14
31 36 9 10 20
31 37 1 5 7
31 38 96 95 90
31 39 15 16 17
31 40 8 17 21
31 41 38 34 46
31 42 31 27 30
31 43 53 51 52
31 44 34 37 42
31 45 11 23 19
31 46 20 31 17
31 47 78 76 72
32 33 12 21 24
32 34 90 90 88
32 35 88 78 78
32 36 27 37 26
32 37 32 36 28
32 38 18 17 28
32 39 89 87 88
32 40 34 35 39
32 41 79 70 67
32 42 21 33 20
32 43 58 56 51
32 44 86 86 76
32 45 39 42 47
32 46 94 88 91
32 47 37 35 41
33 34 46 39 49
33 35 64 55 55
33 36 61 66 61
33 37 45 51 41
33 38 54 46 47
33 39 34 30 37
33 40 13 20 12
33 41 65 57 60
33 42 67 71 68
33 43 7 10 19
33 44 3 13 3
33 45 22 19 25
33 46 1 12 10
33 47 20 18 28
34 35 31 29 32
34 36 18 20 22
34 37 98 88 87
34 38 28 25 36
34 39 98 97 86
34 40 2 5 14
34 41 97 88 87
34 42 56 61 53
34 43 83 71 79
34 44 41 48 37
34 45 39 33 46
34 46 55 56 55
34 47 95 91 93
35 36 91 82 80
35 37 74 67 65
35 38 65 64 65
35 39 87 85 81
35 40 20 26 28
35 41 38 44 46
35 42 15 25 17
35 43 25 22 36
35 44 67 65 59
35 45 32 39 39
35 46 65 55 67
35 47 46 46 47
36 37 78 67 79
36 38 25 28 26
36 39 1 3 14
36 40 58 54 55
36 41 2 11 15
36 42 86 80 84
36 43 12 13 17
36 44 29 27 28
36 45 6 15 9
36 46 8 20 19
36 47 98 87 95
37 38 31 33 33
37 39 49 43 52
37 40 80 80 70
37 41 4 11 14
37 42 45 40 46
37 43 45 50 49
37 44 13 14 23
37 45 67 65 70
37 46 54 53 59
37 47 79 73 79
38 39 64 62 58
38 40 5 17 18
38 41 21 27 32
38 42 85 76 73
38 43 32 34 40
38 44 84 85 79
38 45 48 45 49
38 46 91 85 86
38 47 99 85 86
39 40 86 82 80
39 41 12 22 16
39 42 27 27 32
39 43 50 57 49
39 44 15 15 24
39 45 96 87 86
39 46 99 95 93
39 47 55 54 58
40 41 23 22 22
40 42 88 81 82
40 43 41 48 44
40 44 31 38 33
40 45 97 84 96
40 46 5 11 10
40 47 70 62 74
41 42 15 19 21
41 43 20 23 31
41 44 40 42 41
41 45 15 25 18
41 46 42 46 42
41 47 60 61 63
42 43 37 32 44
42 44 2 13 3
42 45 49 48 45
42 46 16 18 26
42 47 77 67 79
43 44 88 89 74
43 45 63 58 62
43 46 6 6 18
43 47 66 62 69
44 45 76 75 78
44 46 18 15 24
44 47 71 61 67
45 46 94 93 94
45 47 95 92 82
46 47 16 29 18
