10
0 1 60 85 17
0 2 52 17 63
0 3 66 27 48
0 4 0 56 88
0 5 9 71 18
0 6 74 59 37
0 7 54 66 20
0 8 17 20 67
0 9 26 78 40
1 2 64 43 58
1 3 79 32 6
1 4 26 73 93
1 5 65 19 72
1 6 41 25 60
1 7 92 76 54
1 8 22 58 91
1 9 36 81 42
2 3 65 51 25
2 4 9 86 24
2 5 35 56 31
2 6 31 58 72
2 7 45 76 22
2 8 53 83 27
2 9 8 39 57
3 4 0 28 56
3 5 62 35 44
3 6 81 3 51
3 7 45 75 87
3 8 33 20 18
3 9 35 22 71
4 5 77 75 65
4 6 86 19 6
4 7 64 10 83
4 8 13 69 49
4 9 21 88 45
5 6 68 66 54
5 7 97 39 9
5 8 55 86 17
5 9 84 12 25
6 7 67 25 72
6 8 72 73 54
6 9 95 64 14
7 8 80 8 51
7 9 65 79 25
8 9 60 60 56
