10
0 1 4 90 92
0 2 90 22 20
0 3 70 28 32
0 4 35 67 65
0 5 88 18 24
0 6 16 76 81
0 7 51 42 42
0 8 31 68 65
0 9 15 79 82
1 2 5 90 94
1 3 75 27 27
1 4 2 90 86
1 5 49 49 47
1 6 88 9 9
1 7 98 1 10
1 8 38 57 53
1 9 19 72 78
2 3 53 51 43
2 4 4 90 85
2 5 55 45 47
2 6 98 14 12
2 7 5 83 87
2 8 38 65 53
2 9 9 82 78
3 4 73 22 24
3 5 30 60 58
3 6 10 80 81
3 7 97 14 6
3 8 73 23 24
3 9 77 19 26
4 5 79 30 30
4 6 48 52 53
4 7 14 74 82
4 8 99 5 9
4 9 60 40 46
5 6 81 21 25
5 7 31 73 67
5 8 65 38 30
5 9 64 38 33
6 7 40 56 65
6 8 32 66 58
6 9 3 89 88
7 8 30 70 61
7 9 86 19 12
8 9 92 19 12
