12
0 1 55 51 45
0 2 95 15 13
0 3 27 66 76
0 4 6 79 83
0 5 38 60 63
0 6 51 48 49
0 7 82 29 23
0 8 93 19 11
0 9 15 76 78
0 10 24 69 66
0 11 75 32 30
1 2 14 75 83
1 3 79 25 29
1 4 33 64 64
1 5 30 59 59
1 6 93 17 13
1 7 29 62 73
1 8 0 90 89
1 9 56 46 45
1 10 78 31 27
1 11 94 7 18
2 3 48 56 43
2 4 75 21 26
2 5 70 30 33
2 6 50 45 50
2 7 74 28 32
2 8 31 61 63
2 9 50 49 52
2 10 7 91 83
2 11 88 10 20
3 4 97 16 7
3 5 96 17 4
3 6 30 64 64
3 7 68 38 38
3 8 1 86 84
3 9 98 13 3
3 10 11 79 85
3 11 80 19 24
4 5 48 54 58
4 6 64 34 35
4 7 5 86 95
4 8 6 91 90
4 9 32 63 71
4 10 62 45 37
4 11 79 26 20
5 6 13 79 81
5 7 41 60 58
5 8 41 63 54
5 9 32 64 64
5 10 87 22 21
5 11 81 21 27
6 7 81 19 17
6 8 57 45 36
6 9 52 43 51
6 10 94 7 14
6 11 76 23 31
7 8 1 98 89
7 9 62 36 46
7 10 4 91 93
7 11 28 67 70
8 9 48 44 44
8 10 25 65 73
8 11 35 58 62
9 10 70 33 33
9 11 12 76 78
10 11 37 58 65
