15
0 1 98 0 44
0 2 33 76 42
0 3 31 47 49
0 4 40 40 51
0 5 67 50 30
0 6 94 7 50
0 7 79 14 42
0 8 58 68 21
0 9 54 42 51
0 10 65 56 64
0 11 71 14 40
0 12 40 73 41
0 13 64 43 62
0 14 32 81 49
1 2 87 30 51
1 3 13 62 44
1 4 14 46 80
1 5 91 15 47
1 6 9 88 50
1 7 52 27 65
1 8 22 74 74
1 9 25 67 64
1 10 17 53 85
1 11 3 80 58
1 12 0 52 54
1 13 67 47 23
1 14 90 29 5
2 3 45 60 49
2 4 40 73 75
2 5 53 67 34
2 6 36 62 42
2 7 3 93 61
2 8 51 53 62
2 9 16 63 50
2 10 25 74 41
2 11 30 79 50
2 12 32 63 41
2 13 75 21 59
2 14 7 72 55
3 4 59 60 22
3 5 24 42 37
3 6 66 28 43
3 7 91 42 20
3 8 21 40 74
3 9 80 47 30
3 10 13 53 72
3 11 52 52 31
3 12 17 83 78
3 13 78 42 17
3 14 57 60 36
4 5 1 81 78
4 6 45 68 42
4 7 82 43 10
4 8 7 95 93
4 9 44 65 74
4 10 24 72 81
4 11 74 39 27
4 12 26 60 75
4 13 46 54 34
4 14 4 51 90
5 6 74 31 41
5 7 10 59 78
5 8 18 70 72
5 9 59 27 34
5 10 25 58 86
5 11 84 55 22
5 12 58 67 27
5 13 2 68 63
5 14 57 30 24
6 7 89 40 30
6 8 84 29 26
6 9 10 85 56
6 10 7 96 81
6 11 71 30 49
6 12 76 36 29
6 13 90 46 6
6 14 69 19 44
7 8 6 47 95
7 9 51 62 67
7 10 94 45 31
7 11 11 51 57
7 12 98 6 34
7 13 70 53 35
7 14 69 37 32
8 9 6 73 54
8 10 81 56 13
8 11 8 48 50
8 12 36 77 67
8 13 21 44 55
8 14 95 3 24
9 10 23 55 44
9 11 98 32 9
9 12 10 61 50
9 13 10 82 56
9 14 94 36 50
10 11 70 30 58
10 12 48 28 45
10 13 61 35 60
10 14 1 90 49
11 12 41 45 44
11 13 85 18 16
11 14 46 44 65
12 13 3 62 70
12 14 65 64 52
13 14 52 58 57
