15
0 1 26 19 39
0 2 39 26 13
0 3 79 36 61
0 4 98 39 28
0 5 3 20 40
0 6 47 86 19
0 7 5 73 89
0 8 75 19 22
0 9 58 28 51
0 10 92 68 73
0 11 97 71 3
0 12 24 81 84
0 13 43 39 46
0 14 5 77 97
1 2 0 65 61
1 3 21 88 70
1 4 62 33 15
1 5 26 64 86
1 6 96 79 47
1 7 10 28 57
1 8 68 57 49
1 9 32 33 16
1 10 88 74 48
1 11 61 79 30
1 12 58 79 50
1 13 94 25 31
1 14 38 84 45
2 3 88 50 46
2 4 14 22 77
2 5 3 59 43
2 6 42 59 11
2 7 26 27 21
2 8 90 48 14
2 9 34 26 13
2 10 78 54 18
2 11 76 36 22
2 12 59 9 32
2 13 96 62 11
2 14 35 22 43
3 4 45 84 67
3 5 82 38 20
3 6 77 55 19
3 7 81 11 58
3 8 20 38 40
3 9 17 19 81
3 10 18 75 35
3 11 90 24 4
3 12 99 9 71
3 13 39 38 87
3 14 72 19 39
4 5 4 49 70
4 6 85 16 50
4 7 17 57 45
4 8 95 37 6
4 9 85 81 56
4 10 84 72 46
4 11 88 24 21
4 12 71 18 32
4 13 86 65 48
4 14 84 73 19
5 6 62 75 86
5 7 3 95 96
5 8 99 58 8
5 9 98 71 61
5 10 10 61 40
5 11 23 44 37
5 12 85 51 35
5 13 20 80 71
5 14 53 51 27
6 7 84 70 68
6 8 22 62 39
6 9 60 10 26
6 10 37 47 40
6 11 32 90 17
6 12 29 54 73
6 13 55 30 16
6 14 10 79 88
7 8 95 53 71
7 9 83 22 77
7 10 81 70 52
7 11 58 20 33
7 12 18 78 71
7 13 37 86 53
7 14 62 83 78
8 9 66 47 76
8 10 89 43 13
8 11 26 24 84
8 12 12 92 89
8 13 27 75 14
8 14 54 14 76
9 10 63 28 58
9 11 20 66 61
9 12 99 51 59
9 13 3 84 81
9 14 41 26 64
10 11 62 50 85
10 12 75 46 77
10 13 32 38 79
10 14 51 56 36
11 12 63 39 16
11 13 75 6 19
11 14 28 59 34
12 13 6 33 71
12 14 44 80 49
13 14 39 76 46
