17
0 1 13 48 46
0 2 15 54 83
0 3 36 79 65
0 4 15 51 64
0 5 60 42 52
0 6 30 71 40
0 7 47 46 61
0 8 3 77 88
0 9 81 42 17
0 10 70 21 64
0 11 83 54 24
0 12 16 85 86
0 13 52 59 58
0 14 84 12 26
0 15 41 57 67
0 16 84 43 52
1 2 38 73 47
1 3 5 85 71
1 4 30 62 60
1 5 49 30 34
1 6 4 84 60
1 7 0 50 59
1 8 74 38 38
1 9 34 46 49
1 10 45 69 75
1 11 72 52 48
1 12 16 64 48
1 13 60 63 43
1 14 37 77 75
1 15 88 38 15
1 16 62 64 52
2 3 78 25 48
2 4 80 33 37
2 5 78 54 33
2 6 77 26 44
2 7 15 68 87
2 8 68 55 49
2 9 93 19 44
2 10 88 27 32
2 11 24 77 56
2 12 66 36 32
2 13 50 70 33
2 14 66 24 61
2 15 5 74 85
2 16 72 55 32
3 4 74 62 39
3 5 26 82 62
3 6 17 72 79
3 7 87 50 7
3 8 55 50 48
3 9 65 51 36
3 10 63 35 33
3 11 38 65 46
3 12 42 45 43
3 13 85 34 35
3 14 3 54 52
3 15 79 30 39
3 16 43 59 63
4 5 63 35 52
4 6 65 24 45
4 7 12 52 57
4 8 77 19 25
4 9 50 43 61
4 10 38 49 78
4 11 68 41 47
4 12 39 73 39
4 13 84 21 21
4 14 93 46 47
4 15 12 66 89
4 16 55 71 38
5 6 88 46 18
5 7 87 27 41
5 8 77 52 59
5 9 12 63 49
5 10 98 3 33
5 11 70 41 50
5 12 43 77 65
5 13 46 72 64
5 14 24 38 78
5 15 89 50 8
5 16 56 26 42
6 7 14 87 46
6 8 25 72 79
6 9 90 45 36
6 10 14 50 89
6 11 30 37 57
6 12 77 41 39
6 13 34 50 33
6 14 11 53 84
6 15 32 66 55
6 16 58 42 50
7 8 99 29 41
7 9 26 53 68
7 10 43 53 30
7 11 96 34 35
7 12 93 47 49
7 13 94 4 25
7 14 12 53 44
7 15 27 44 61
7 16 91 8 10
8 9 74 23 49
8 10 90 39 36
8 11 24 61 45
8 12 12 49 53
8 13 74 33 21
8 14 20 48 58
8 15 38 59 34
8 16 62 22 30
9 10 11 65 80
9 11 87 12 30
9 12 35 59 37
9 13 71 41 20
9 14 34 70 40
9 15 36 69 59
9 16 5 63 59
10 11 81 54 52
10 12 86 28 20
10 13 91 24 28
10 14 93 48 49
10 15 48 26 49
10 16 8 61 64
11 12 90 20 50
11 13 8 89 57
11 14 18 70 62
11 15 24 50 81
11 16 36 71 70
12 13 62 58 21
12 14 85 28 16
12 15 97 21 13
12 16 74 53 30
13 14 78 50 30
13 15 32 39 34
13 16 28 70 74
14 15 25 50 86
14 16 10 75 71
15 16 76 61 37
