22
0 1 71 78 73
0 2 86 5 62
0 3 45 14 61
0 4 25 65 83
0 5 32 29 77
0 6 9 41 94
0 7 64 84 71
0 8 63 7 69
0 9 47 67 84
0 10 69 17 73
0 11 42 47 87
0 12 71 62 69
0 13 33 84 63
0 14 39 28 71
0 15 14 35 67
0 16 38 88 43
0 17 57 68 26
0 18 41 79 72
0 19 29 66 71
0 20 55 63 14
0 21 84 14 9
1 2 97 44 5
1 3 31 69 59
1 4 95 62 43
1 5 6 49 58
1 6 68 27 48
1 7 33 40 42
1 8 17 55 93
1 9 89 27 58
1 10 51 24 14
1 11 69 79 27
1 12 83 58 17
1 13 44 72 22
1 14 79 14 35
1 15 66 78 86
1 16 19 65 32
1 17 12 85 39
1 18 17 53 60
1 19 72 75 13
1 20 45 80 86
1 21 94 16 5
2 3 60 65 77
2 4 2 70 23
2 5 72 73 64
2 6 79 62 12
2 7 26 88 46
2 8 73 47 17
2 9 95 16 72
2 10 36 82 58
2 11 65 45 52
2 12 49 76 22
2 13 44 79 60
2 14 90 35 56
2 15 85 55 30
2 16 8 29 39
2 17 86 9 9
2 18 98 79 55
2 19 67 70 30
2 20 82 60 52
2 21 78 38 30
3 4 45 57 50
3 5 65 27 9
3 6 30 40 58
3 7 70 54 32
3 8 61 71 42
3 9 83 3 6
3 10 32 49 78
3 11 10 30 32
3 12 61 43 54
3 13 23 60 16
3 14 45 46 45
3 15 24 16 90
3 16 87 29 45
3 17 96 49 13
3 18 86 19 50
3 19 75 79 71
3 20 82 73 59
3 21 88 53 58
4 5 16 17 28
4 6 4 90 55
4 7 47 36 46
4 8 54 36 76
4 9 99 41 33
4 10 41 65 32
4 11 75 37 30
4 12 89 74 40
4 13 91 34 50
4 14 28 55 45
4 15 72 63 59
4 16 61 8 13
4 17 44 80 69
4 18 8 67 49
4 19 28 38 57
4 20 60 12 34
4 21 10 20 53
5 6 26 65 59
5 7 14 90 44
5 8 29 88 19
5 9 8 85 69
5 10 75 43 16
5 11 37 55 65
5 12 17 76 88
5 13 61 67 65
5 14 82 59 54
5 15 25 58 64
5 16 38 39 66
5 17 2 55 63
5 18 42 25 23
5 19 46 62 90
5 20 74 15 25
5 21 2 70 73
6 7 51 48 86
6 8 37 23 90
6 9 80 35 76
6 10 90 27 77
6 11 34 25 57
6 12 18 35 46
6 13 84 12 11
6 14 68 20 75
6 15 59 73 75
6 16 44 75 14
6 17 50 84 58
6 18 96 27 74
6 19 59 15 40
6 20 60 65 29
6 21 17 83 82
7 8 34 67 51
7 9 26 47 81
7 10 41 53 73
7 11 90 76 70
7 12 5 29 35
7 13 19 73 36
7 14 7 29 52
7 15 78 68 11
7 16 26 18 60
7 17 44 71 88
7 18 21 65 90
7 19 83 21 42
7 20 2 67 28
7 21 35 71 32
8 9 27 90 76
8 10 6 89 95
8 11 71 34 15
8 12 16 92 59
8 13 91 58 61
8 14 18 57 73
8 15 54 75 52
8 16 19 27 52
8 17 63 82 73
8 18 62 65 15
8 19 51 70 71
8 20 1 58 89
8 21 44 24 49
9 10 76 67 34
9 11 64 9 48
9 12 59 53 21
9 13 91 37 22
9 14 66 23 25
9 15 33 57 61
9 16 16 36 46
9 17 75 59 80
9 18 40 50 38
9 19 71 81 81
9 20 37 67 45
9 21 88 54 54
10 11 51 53 85
10 12 34 63 34
10 13 15 87 82
10 14 10 61 27
10 15 99 49 26
10 16 42 76 61
10 17 94 24 30
10 18 28 52 50
10 19 52 57 85
10 20 84 10 59
10 21 55 80 61
11 12 11 35 95
11 13 79 52 73
11 14 46 46 51
11 15 17 27 43
11 16 62 18 54
11 17 12 62 26
11 18 42 51 20
11 19 95 60 79
11 20 20 37 61
11 21 48 57 84
12 13 49 53 39
12 14 25 44 44
12 15 3 47 90
12 16 7 36 64
12 17 51 18 47
12 18 92 19 14
12 19 39 31 19
12 20 79 37 47
12 21 43 15 55
13 14 66 42 32
13 15 26 49 27
13 16 18 62 59
13 17 82 16 19
13 18 48 37 42
13 19 41 62 84
13 20 38 77 59
13 21 98 75 7
14 15 57 80 48
14 16 85 37 6
14 17 72 43 18
14 18 22 24 25
14 19 58 19 63
14 20 88 47 54
14 21 94 64 38
15 16 59 72 43
15 17 52 44 68
15 18 79 6 55
15 19 68 39 60
15 20 52 27 51
15 21 84 27 56
16 17 45 87 20
16 18 4 51 52
16 19 66 84 67
16 20 23 81 83
16 21 0 20 36
17 18 3 51 92
17 19 52 14 10
17 20 61 70 74
17 21 72 70 48
18 19 14 42 44
18 20 6 68 43
18 21 82 12 64
19 20 62 31 7
19 21 37 71 88
20 21 15 41 43
