25
0 1 8 89 66
0 2 13 48 51
0 3 53 32 42
0 4 43 30 66
0 5 41 60 65
0 6 94 52 38
0 7 8 51 91
0 8 94 13 31
0 9 24 43 49
0 10 0 83 96
0 11 86 38 54
0 12 71 41 19
0 13 54 33 63
0 14 39 40 54
0 15 73 45 36
0 16 83 42 22
0 17 27 80 65
0 18 65 36 66
0 19 98 6 10
0 20 39 77 32
0 21 89 33 36
0 22 22 84 58
0 23 24 69 73
0 24 41 37 43
1 2 64 24 47
1 3 34 61 77
1 4 8 83 62
1 5 77 27 37
1 6 56 22 25
1 7 36 44 34
1 8 90 42 27
1 9 68 62 46
1 10 66 50 45
1 11 66 56 28
1 12 66 32 52
1 13 21 81 65
1 14 54 29 53
1 15 79 29 49
1 16 44 65 66
1 17 64 30 54
1 18 3 74 86
1 19 47 63 43
1 20 53 25 66
1 21 16 54 48
1 22 3 75 88
1 23 61 42 34
1 24 53 56 62
2 3 85 27 37
2 4 48 73 54
2 5 63 47 18
2 6 90 49 13
2 7 42 74 71
2 8 22 84 48
2 9 38 72 36
2 10 87 48 42
2 11 82 34 21
2 12 0 90 97
2 13 28 48 42
2 14 20 83 86
2 15 35 64 81
2 16 5 72 55
2 17 46 53 37
2 18 57 34 38
2 19 38 41 41
2 20 28 37 57
2 21 77 50 46
2 22 52 41 27
2 23 96 17 39
2 24 94 27 48
3 4 32 66 75
3 5 91 48 23
3 6 90 44 45
3 7 99 43 38
3 8 58 32 52
3 9 4 50 64
3 10 73 34 45
3 11 83 22 53
3 12 65 52 17
3 13 6 96 58
3 14 50 29 59
3 15 9 77 73
3 16 64 55 23
3 17 79 54 40
3 18 57 27 42
3 19 71 29 17
3 20 93 21 33
3 21 65 34 63
3 22 46 66 42
3 23 36 31 57
3 24 22 86 46
4 5 6 53 81
4 6 61 58 47
4 7 78 11 23
4 8 80 36 48
4 9 47 59 29
4 10 34 42 41
4 11 29 68 40
4 12 70 35 53
4 13 31 57 55
4 14 58 63 33
4 15 29 65 44
4 16 10 77 75
4 17 98 39 26
4 18 34 41 50
4 19 22 72 66
4 20 50 54 64
4 21 67 22 37
4 22 37 53 73
4 23 37 73 56
4 24 71 38 59
5 6 32 74 35
5 7 72 17 28
5 8 41 30 41
5 9 10 57 64
5 10 21 87 78
5 11 90 50 4
5 12 60 59 67
5 13 53 50 26
5 14 50 62 72
5 15 0 63 55
5 16 67 31 56
5 17 94 22 17
5 18 22 46 78
5 19 62 29 25
5 20 43 65 36
5 21 44 58 64
5 22 1 78 70
5 23 79 18 38
5 24 7 58 73
6 7 9 58 73
6 8 19 74 64
6 9 2 97 72
6 10 40 39 37
6 11 76 35 46
6 12 16 50 60
6 13 74 21 47
6 14 77 48 33
6 15 50 56 60
6 16 29 77 49
6 17 37 35 58
6 18 22 78 69
6 19 83 33 11
6 20 40 60 44
6 21 35 43 78
6 22 96 9 6
6 23 13 55 56
6 24 58 46 43
7 8 28 78 73
7 9 55 28 62
7 10 16 42 85
7 11 82 50 25
7 12 47 42 66
7 13 79 15 53
7 14 87 49 41
7 15 23 65 86
7 16 67 43 19
7 17 84 18 7
7 18 89 13 6
7 19 27 48 39
7 20 23 87 49
7 21 36 73 51
7 22 57 36 65
7 23 27 67 60
7 24 22 88 88
8 9 95 28 32
8 10 90 34 46
8 11 69 18 57
8 12 10 49 55
8 13 56 44 62
8 14 8 61 48
8 15 35 56 70
8 16 26 55 65
8 17 91 19 41
8 18 8 80 60
8 19 96 30 20
8 20 76 30 41
8 21 15 60 45
8 22 77 32 13
8 23 32 57 40
8 24 51 33 31
9 10 2 77 51
9 11 39 55 57
9 12 23 77 62
9 13 41 41 60
9 14 40 50 38
9 15 92 40 7
9 16 15 49 86
9 17 61 26 53
9 18 80 39 44
9 19 18 81 74
9 20 90 23 16
9 21 89 42 15
9 22 33 54 37
9 23 93 41 20
9 24 86 36 51
10 11 54 33 25
10 12 93 52 23
10 13 48 45 39
10 14 77 59 27
10 15 76 36 23
10 16 33 33 62
10 17 80 44 28
10 18 29 52 47
10 19 50 34 67
10 20 5 47 61
10 21 34 50 58
10 22 83 28 38
10 23 37 49 55
10 24 52 40 40
11 12 87 29 32
11 13 75 50 51
11 14 96 18 14
11 15 38 60 78
11 16 39 41 72
11 17 56 65 47
11 18 8 60 77
11 19 46 31 35
11 20 38 74 49
11 21 23 71 46
11 22 23 78 50
11 23 33 75 51
11 24 75 38 45
12 13 33 64 42
12 14 90 44 36
12 15 81 24 41
12 16 6 68 68
12 17 62 31 40
12 18 75 29 43
12 19 66 63 49
12 20 50 27 38
12 21 16 57 68
12 22 68 51 47
12 23 56 38 65
12 24 43 31 68
13 14 11 88 60
13 15 10 65 54
13 16 62 30 25
13 17 55 54 34
13 18 60 21 60
13 19 72 49 35
13 20 5 85 54
13 21 88 35 7
13 22 79 33 52
13 23 79 26 14
13 24 86 21 47
14 15 99 49 29
14 16 8 49 78
14 17 56 40 60
14 18 20 70 86
14 19 90 11 24
14 20 55 70 23
14 21 52 61 39
14 22 65 62 36
14 23 13 49 89
14 24 31 69 81
15 16 27 36 79
15 17 18 87 53
15 18 83 43 36
15 19 75 19 50
15 20 95 12 30
15 21 46 33 37
15 22 63 44 47
15 23 77 18 58
15 24 19 78 44
16 17 66 62 65
16 18 36 40 55
16 19 76 38 28
16 20 65 29 61
16 21 66 55 44
16 22 47 36 47
16 23 44 39 51
16 24 45 62 67
17 18 45 50 61
17 19 41 41 76
17 20 25 71 38
17 21 46 38 43
17 22 68 65 20
17 23 4 83 53
17 24 7 55 82
18 19 0 90 62
18 20 51 48 34
18 21 99 3 15
18 22 18 88 76
18 23 70 41 22
18 24 83 18 23
19 20 4 96 97
19 21 39 74 53
19 22 34 48 33
19 23 76 32 50
19 24 56 27 60
20 21 46 33 75
20 22 12 79 49
20 23 44 76 30
20 24 0 83 93
21 22 30 63 39
21 23 73 33 21
21 24 73 34 39
22 23 9 73 53
22 24 90 32 34
23 24 3 91 79
