27
0 1 52 30 86
0 2 51 69 69
0 3 7 28 50
0 4 78 6 17
0 5 71 68 60
0 6 87 74 70
0 7 56 76 85
0 8 61 72 85
0 9 12 47 82
0 10 43 23 71
0 11 35 28 80
0 12 98 30 24
0 13 95 61 26
0 14 42 15 65
0 15 85 21 44
0 16 17 28 93
0 17 19 54 61
0 18 72 8 22
0 19 31 17 30
0 20 26 21 67
0 21 19 75 61
0 22 53 76 80
0 23 60 87 56
0 24 12 56 71
0 25 58 37 40
0 26 84 61 80
1 2 76 83 69
1 3 9 79 57
1 4 30 36 54
1 5 66 31 28
1 6 73 77 75
1 7 1 80 38
1 8 45 67 31
1 9 4 47 70
1 10 29 80 47
1 11 66 69 43
1 12 4 45 26
1 13 10 31 71
1 14 20 32 75
1 15 7 18 68
1 16 26 59 69
1 17 29 84 28
1 18 83 25 74
1 19 24 28 91
1 20 99 0 70
1 21 46 33 50
1 22 68 72 20
1 23 3 68 19
1 24 86 6 10
1 25 70 42 27
1 26 98 63 3
2 3 33 30 88
2 4 58 23 37
2 5 24 69 52
2 6 36 25 27
2 7 49 57 36
2 8 63 19 26
2 9 63 85 60
2 10 84 11 41
2 11 4 47 66
2 12 35 32 55
2 13 12 55 52
2 14 40 78 58
2 15 19 27 93
2 16 4 29 77
2 17 76 51 56
2 18 34 50 34
2 19 13 17 46
2 20 10 66 85
2 21 36 35 47
2 22 37 47 90
2 23 58 15 85
2 24 9 72 20
2 25 81 7 23
2 26 18 52 28
3 4 79 17 10
3 5 79 82 15
3 6 90 17 52
3 7 55 63 10
3 8 30 64 33
3 9 77 61 76
3 10 11 79 93
3 11 40 72 71
3 12 23 54 94
3 13 28 85 66
3 14 75 44 38
3 15 53 71 76
3 16 34 39 18
3 17 22 72 28
3 18 93 78 73
3 19 92 49 76
3 20 50 82 29
3 21 97 52 41
3 22 97 45 71
3 23 97 43 29
3 24 73 54 57
3 25 4 38 71
3 26 39 21 40
4 5 26 40 26
4 6 37 75 18
4 7 34 37 88
4 8 64 55 79
4 9 51 66 42
4 10 71 83 19
4 11 22 89 68
4 12 56 14 31
4 13 70 81 9
4 14 77 42 68
4 15 87 64 19
4 16 72 45 26
4 17 67 37 64
4 18 54 64 58
4 19 82 14 36
4 20 62 83 67
4 21 52 48 83
4 22 59 82 66
4 23 32 67 21
4 24 79 79 64
4 25 11 33 27
4 26 79 54 38
5 6 76 72 32
5 7 55 52 9
5 8 55 59 60
5 9 5 43 94
5 10 90 78 77
5 11 66 60 47
5 12 48 40 69
5 13 55 14 54
5 14 84 77 38
5 15 15 89 60
5 16 70 51 7
5 17 1 70 68
5 18 29 90 55
5 19 38 21 82
5 20 91 3 49
5 21 4 73 78
5 22 45 13 57
5 23 90 60 80
5 24 67 78 45
5 25 84 38 34
5 26 86 30 29
6 7 50 60 21
6 8 74 55 81
6 9 42 30 82
6 10 50 40 44
6 11 26 58 85
6 12 28 66 57
6 13 61 84 85
6 14 63 36 59
6 15 19 20 63
6 16 66 16 25
6 17 87 15 65
6 18 45 17 84
6 19 91 4 31
6 20 88 7 57
6 21 18 83 59
6 22 88 54 15
6 23 84 77 62
6 24 42 80 80
6 25 56 44 48
6 26 35 73 74
7 8 87 7 62
7 9 96 30 44
7 10 94 16 15
7 11 7 33 39
7 12 34 26 87
7 13 67 55 45
7 14 75 27 69
7 15 95 37 75
7 16 17 17 94
7 17 60 54 74
7 18 65 47 46
7 19 87 74 35
7 20 83 52 62
7 21 85 39 61
7 22 93 16 5
7 23 56 18 19
7 24 42 39 22
7 25 29 82 37
7 26 87 52 33
8 9 73 63 81
8 10 91 42 68
8 11 91 48 75
8 12 90 32 19
8 13 95 6 16
8 14 28 32 28
8 15 77 20 40
8 16 49 15 77
8 17 51 80 53
8 18 61 39 79
8 19 75 55 26
8 20 87 82 60
8 21 63 18 64
8 22 82 20 53
8 23 25 28 19
8 24 76 64 24
8 25 27 42 40
8 26 77 54 10
9 10 69 44 71
9 11 47 65 13
9 12 62 53 34
9 13 3 19 60
9 14 49 20 36
9 15 8 89 44
9 16 61 17 66
9 17 39 80 45
9 18 65 27 74
9 19 81 14 57
9 20 75 50 48
9 21 49 23 13
9 22 0 97 38
9 23 40 78 15
9 24 83 55 20
9 25 98 24 77
9 26 74 54 6
10 11 32 31 79
10 12 47 29 20
10 13 7 21 96
10 14 83 14 8
10 15 27 53 20
10 16 95 27 28
10 17 29 25 74
10 18 36 73 82
10 19 28 32 26
10 20 49 39 42
10 21 15 44 63
10 22 16 79 69
10 23 89 75 67
10 24 34 90 18
10 25 68 80 60
10 26 55 33 86
11 12 55 66 42
11 13 59 59 68
11 14 60 36 21
11 15 92 66 15
11 16 50 18 18
11 17 14 36 28
11 18 47 22 12
11 19 86 3 15
11 20 49 80 42
11 21 42 90 28
11 22 61 42 11
11 23 92 73 44
11 24 52 43 15
11 25 9 71 67
11 26 3 59 73
12 13 18 53 66
12 14 65 13 54
12 15 73 16 52
12 16 80 47 55
12 17 93 26 46
12 18 62 19 51
12 19 6 46 97
12 20 56 78 25
12 21 93 53 67
12 22 47 78 33
12 23 99 59 8
12 24 61 52 22
12 25 20 74 76
12 26 43 63 32
13 14 89 65 73
13 15 24 44 45
13 16 69 76 59
13 17 54 35 44
13 18 96 21 55
13 19 99 58 41
13 20 92 47 25
13 21 95 43 69
13 22 32 26 56
13 23 0 24 48
13 24 97 35 11
13 25 50 26 19
13 26 63 9 31
14 15 35 46 14
14 16 88 7 9
14 17 94 58 4
14 18 71 36 35
14 19 96 12 53
14 20 44 58 90
14 21 58 76 55
14 22 67 9 38
14 23 74 75 57
14 24 68 50 76
14 25 35 57 70
14 26 43 26 87
15 16 58 74 86
15 17 82 67 22
15 18 78 44 71
15 19 30 77 59
15 20 35 53 20
15 21 44 63 72
15 22 20 26 93
15 23 70 83 63
15 24 45 88 76
15 25 62 13 54
15 26 0 22 58
16 17 75 82 65
16 18 48 57 45
16 19 12 90 66
16 20 25 66 93
16 21 92 11 42
16 22 91 17 8
16 23 65 58 19
16 24 81 5 31
16 25 8 48 51
16 26 46 23 36
17 18 65 54 66
17 19 21 66 48
17 20 9 89 54
17 21 46 43 57
17 22 49 61 33
17 23 45 73 12
17 24 93 67 49
17 25 13 78 63
17 26 69 20 10
18 19 73 48 30
18 20 25 90 49
18 21 28 68 59
18 22 31 90 90
18 23 12 67 78
18 24 40 51 18
18 25 90 73 13
18 26 17 61 87
19 20 26 24 62
19 21 88 82 78
19 22 90 81 65
19 23 51 86 25
19 24 76 60 27
19 25 10 31 88
19 26 43 56 55
20 21 32 54 89
20 22 92 75 26
20 23 42 89 89
20 24 55 32 22
20 25 82 59 32
20 26 16 25 52
21 22 87 34 5
21 23 8 51 28
21 24 55 42 20
21 25 12 89 56
21 26 48 47 83
22 23 36 82 39
22 24 86 5 6
22 25 87 71 45
22 26 46 66 46
23 24 10 64 46
23 25 17 30 45
23 26 48 62 80
24 25 64 16 40
24 26 67 34 26
25 26 36 56 32
