30
0 1 16 45 56
0 2 83 53 43
0 3 12 52 62
0 4 2 58 64
0 5 12 27 28
0 6 21 18 57
0 7 71 45 6
0 8 2 73 57
0 9 35 85 47
0 10 93 30 61
0 11 38 88 37
0 12 63 21 66
0 13 69 76 56
0 14 74 48 45
0 15 13 41 94
0 16 55 31 82
0 17 94 77 27
0 18 27 82 56
0 19 18 43 42
0 20 58 45 80
0 21 7 48 27
0 22 19 30 89
0 23 48 52 33
0 24 40 88 75
0 25 96 32 50
0 26 53 11 27
0 27 76 59 50
0 28 13 64 23
0 29 2 42 33
1 2 86 55 66
1 3 89 6 41
1 4 13 93 65
1 5 44 15 16
1 6 3 62 29
1 7 94 1 54
1 8 64 14 46
1 9 39 82 14
1 10 79 66 64
1 11 77 58 82
1 12 23 19 18
1 13 62 53 21
1 14 47 15 59
1 15 89 38 79
1 16 2 44 65
1 17 86 53 43
1 18 23 84 87
1 19 65 49 31
1 20 70 19 68
1 21 89 51 36
1 22 19 32 80
1 23 74 6 71
1 24 0 55 75
1 25 91 47 49
1 26 52 69 39
1 27 6 29 61
1 28 87 39 40
1 29 66 27 36
2 3 13 36 72
2 4 91 10 35
2 5 98 73 9
2 6 8 24 24
2 7 91 27 48
2 8 41 35 63
2 9 66 9 58
2 10 31 35 60
2 11 60 17 25
2 12 52 45 36
2 13 95 40 29
2 14 19 93 81
2 15 21 81 73
2 16 94 19 18
2 17 71 71 28
2 18 20 18 71
2 19 25 27 78
2 20 95 53 43
2 21 93 54 31
2 22 76 73 81
2 23 28 91 74
2 24 34 73 70
2 25 88 70 10
2 26 28 43 69
2 27 32 72 58
2 28 72 19 16
2 29 58 78 74
3 4 26 22 49
3 5 25 81 46
3 6 47 21 84
3 7 10 43 29
3 8 49 45 20
3 9 84 62 53
3 10 14 61 82
3 11 25 43 47
3 12 49 32 55
3 13 28 62 90
3 14 90 33 53
3 15 94 39 60
3 16 29 68 32
3 17 98 10 64
3 18 93 1 2
3 19 13 68 45
3 20 18 38 66
3 21 75 50 74
3 22 61 60 67
3 23 85 49 52
3 24 76 84 80
3 25 97 18 49
3 26 84 24 9
3 27 73 51 79
3 28 90 79 59
3 29 44 34 78
4 5 62 38 41
4 6 11 55 92
4 7 29 66 86
4 8 14 22 42
4 9 72 11 62
4 10 30 74 24
4 11 19 50 94
4 12 29 76 46
4 13 42 79 35
4 14 51 13 41
4 15 27 38 85
4 16 83 78 38
4 17 63 28 85
4 18 41 71 35
4 19 67 44 52
4 20 45 49 61
4 21 23 70 85
4 22 15 64 23
4 23 32 68 35
4 24 34 32 45
4 25 91 18 5
4 26 72 14 77
4 27 5 76 84
4 28 19 51 31
4 29 94 53 61
5 6 74 16 65
5 7 88 40 36
5 8 93 18 79
5 9 36 90 45
5 10 57 79 33
5 11 38 48 90
5 12 60 22 75
5 13 14 22 31
5 14 0 93 92
5 15 77 20 73
5 16 78 73 82
5 17 10 81 32
5 18 54 51 54
5 19 75 32 65
5 20 96 15 32
5 21 44 56 40
5 22 88 20 57
5 23 51 37 86
5 24 93 71 74
5 25 86 48 27
5 26 65 47 9
5 27 21 35 25
5 28 78 67 78
5 29 94 63 79
6 7 49 25 57
6 8 44 13 62
6 9 32 35 74
6 10 38 62 88
6 11 0 65 59
6 12 0 94 28
6 13 83 81 30
6 14 15 73 36
6 15 71 15 15
6 16 28 41 37
6 17 22 59 50
6 18 10 84 19
6 19 43 50 61
6 20 33 59 79
6 21 66 50 21
6 22 85 49 52
6 23 59 79 78
6 24 92 47 10
6 25 9 81 40
6 26 85 82 51
6 27 65 74 42
6 28 33 86 84
6 29 8 64 26
7 8 92 65 25
7 9 38 69 41
7 10 85 13 8
7 11 94 63 50
7 12 68 12 66
7 13 61 23 28
7 14 39 40 21
7 15 67 83 61
7 16 20 47 87
7 17 7 46 80
7 18 54 28 16
7 19 1 76 28
7 20 89 22 43
7 21 27 38 17
7 22 77 8 58
7 23 68 36 18
7 24 78 4 7
7 25 82 80 81
7 26 70 84 33
7 27 98 34 67
7 28 8 54 52
7 29 45 59 25
8 9 89 48 73
8 10 7 63 19
8 11 6 54 22
8 12 40 67 67
8 13 7 35 34
8 14 73 56 31
8 15 90 75 71
8 16 62 29 42
8 17 42 18 85
8 18 73 11 64
8 19 25 49 39
8 20 73 45 25
8 21 35 66 91
8 22 7 62 35
8 23 23 39 74
8 24 23 72 19
8 25 90 45 49
8 26 46 80 19
8 27 25 82 54
8 28 65 13 55
8 29 39 58 54
9 10 65 13 42
9 11 73 27 44
9 12 63 15 16
9 13 56 73 39
9 14 63 10 74
9 15 12 30 31
9 16 72 19 46
9 17 76 44 39
9 18 2 42 69
9 19 20 20 30
9 20 11 36 94
9 21 20 24 73
9 22 41 67 58
9 23 42 33 53
9 24 58 11 59
9 25 14 30 55
9 26 28 73 47
9 27 40 64 15
9 28 76 24 18
9 29 66 66 47
10 11 55 29 77
10 12 77 82 70
10 13 98 71 61
10 14 95 18 43
10 15 46 24 58
10 16 31 22 23
10 17 80 25 76
10 18 19 73 75
10 19 6 50 82
10 20 74 26 47
10 21 53 45 79
10 22 29 70 65
10 23 16 30 50
10 24 47 41 11
10 25 71 49 77
10 26 68 22 85
10 27 65 16 12
10 28 51 63 54
10 29 65 46 17
11 12 16 34 83
11 13 52 74 50
11 14 42 23 33
11 15 68 52 63
11 16 1 40 24
11 17 61 9 34
11 18 68 50 39
11 19 79 33 28
11 20 29 81 19
11 21 15 78 61
11 22 98 37 68
11 23 95 69 68
11 24 6 77 24
11 25 62 22 63
11 26 1 50 52
11 27 10 92 64
11 28 98 20 44
11 29 18 49 93
12 13 86 64 48
12 14 38 56 85
12 15 50 51 20
12 16 22 31 35
12 17 76 38 50
12 18 24 48 68
12 19 8 70 33
12 20 45 73 50
12 21 40 50 84
12 22 76 17 14
12 23 19 23 71
12 24 96 72 40
12 25 14 44 23
12 26 91 7 60
12 27 85 64 55
12 28 37 13 51
12 29 73 51 68
13 14 52 56 24
13 15 18 89 92
13 16 66 79 82
13 17 29 22 43
13 18 10 95 69
13 19 95 62 55
13 20 11 22 95
13 21 51 32 10
13 22 33 68 74
13 23 28 18 42
13 24 16 35 46
13 25 81 46 50
13 26 45 82 80
13 27 75 36 36
13 28 19 65 29
13 29 77 49 81
14 15 41 56 89
14 16 37 52 56
14 17 16 34 66
14 18 29 57 18
14 19 31 69 65
14 20 6 65 58
14 21 9 24 80
14 22 79 31 42
14 23 40 14 89
14 24 17 30 87
14 25 54 30 54
14 26 76 26 52
14 27 45 83 41
14 28 35 85 88
14 29 84 77 44
15 16 80 32 35
15 17 4 90 97
15 18 92 80 50
15 19 16 46 51
15 20 48 41 11
15 21 13 59 20
15 22 6 93 69
15 23 8 68 21
15 24 21 63 62
15 25 42 51 63
15 26 13 81 75
15 27 59 72 28
15 28 53 61 51
15 29 56 66 33
16 17 35 60 43
16 18 37 75 26
16 19 87 75 7
16 20 27 69 25
16 21 88 59 75
16 22 47 63 74
16 23 70 71 78
16 24 87 11 68
16 25 44 44 83
16 26 5 94 75
16 27 60 14 68
16 28 67 56 30
16 29 85 16 66
17 18 47 84 82
17 19 50 45 88
17 20 91 21 48
17 21 91 60 24
17 22 98 77 57
17 23 32 47 29
17 24 73 6 15
17 25 76 62 75
17 26 39 72 76
17 27 66 47 69
17 28 43 50 36
17 29 45 70 23
18 19 7 64 20
18 20 88 44 15
18 21 82 62 67
18 22 7 75 53
18 23 0 70 95
18 24 62 70 50
18 25 25 71 63
18 26 35 52 77
18 27 69 33 24
18 28 93 62 54
18 29 65 12 31
19 20 74 79 70
19 21 92 74 80
19 22 4 48 55
19 23 85 30 5
19 24 84 50 24
19 25 53 16 86
19 26 18 37 38
19 27 11 57 46
19 28 98 1 38
19 29 5 91 48
20 21 75 30 22
20 22 82 67 78
20 23 53 48 83
20 24 45 18 53
20 25 10 55 85
20 26 12 88 38
20 27 3 32 33
20 28 24 49 20
20 29 0 32 75
21 22 54 28 86
21 23 57 64 70
21 24 7 31 86
21 25 16 73 67
21 26 6 39 21
21 27 34 40 44
21 28 69 18 82
21 29 63 31 64
22 23 93 33 79
22 24 89 74 16
22 25 9 86 80
22 26 65 16 9
22 27 98 60 5
22 28 41 25 65
22 29 6 40 72
23 24 38 46 34
23 25 77 77 9
23 26 37 20 48
23 27 72 76 13
23 28 63 52 29
23 29 46 57 74
24 25 53 79 69
24 26 20 87 18
24 27 67 50 68
24 28 19 29 39
24 29 48 48 86
25 26 48 60 10
25 27 86 54 7
25 28 78 57 10
25 29 27 44 25
26 27 79 7 65
26 28 31 47 76
26 29 4 84 80
27 28 62 76 16
27 29 61 23 59
28 29 45 72 74
