33
0 1 61 39 46
0 2 77 26 22
0 3 24 71 67
0 4 60 37 44
0 5 94 7 17
0 6 2 85 90
0 7 5 88 91
0 8 85 22 19
0 9 83 26 25
0 10 15 83 74
0 11 0 84 95
0 12 73 31 32
0 13 14 83 75
0 14 5 91 80
0 15 57 43 44
0 16 48 55 43
0 17 31 61 70
0 18 97 10 12
0 19 38 54 56
0 20 35 58 65
0 21 44 59 49
0 22 85 12 19
0 23 94 11 11
0 24 73 29 26
0 25 42 61 55
0 26 16 77 81
0 27 55 51 40
0 28 53 42 51
0 29 64 34 30
0 30 53 44 49
0 31 83 26 19
0 32 82 16 19
1 2 19 72 70
1 3 13 74 82
1 4 47 56 52
1 5 49 45 49
1 6 4 89 86
1 7 33 56 67
1 8 37 60 63
1 9 78 18 31
1 10 10 84 83
1 11 27 73 69
1 12 59 36 46
1 13 94 10 10
1 14 67 31 36
1 15 79 26 25
1 16 95 9 6
1 17 32 70 67
1 18 79 23 26
1 19 93 11 15
1 20 32 69 60
1 21 82 29 24
1 22 9 82 83
1 23 78 29 29
1 24 71 24 25
1 25 10 81 83
1 26 64 44 40
1 27 32 72 66
1 28 26 68 75
1 29 20 71 68
1 30 94 11 14
1 31 98 10 11
1 32 26 77 68
2 3 29 65 62
2 4 47 52 44
2 5 83 23 18
2 6 4 82 87
2 7 12 81 78
2 8 39 56 53
2 9 55 44 39
2 10 81 20 15
2 11 30 72 59
2 12 23 70 78
2 13 27 61 65
2 14 40 58 58
2 15 82 27 21
2 16 49 54 55
2 17 48 47 55
2 18 38 61 64
2 19 3 84 91
2 20 22 66 74
2 21 5 83 88
2 22 65 29 36
2 23 52 49 55
2 24 82 18 28
2 25 0 86 92
2 26 91 18 12
2 27 67 31 30
2 28 56 37 52
2 29 96 15 17
2 30 62 40 39
2 31 2 91 84
2 32 24 65 67
3 4 4 85 84
3 5 19 78 79
3 6 38 56 61
3 7 28 69 73
3 8 19 69 74
3 9 66 29 33
3 10 39 53 51
3 11 35 62 60
3 12 49 52 51
3 13 49 57 45
3 14 61 41 41
3 15 34 57 66
3 16 12 74 78
3 17 95 7 18
3 18 79 24 27
3 19 29 72 66
3 20 26 70 71
3 21 26 67 63
3 22 88 13 16
3 23 3 91 83
3 24 31 67 69
3 25 65 36 30
3 26 29 62 74
3 27 84 25 25
3 28 62 45 32
3 29 88 11 23
3 30 58 40 35
3 31 75 33 33
3 32 54 43 49
4 5 17 78 75
4 6 77 28 21
4 7 24 65 77
4 8 69 32 37
4 9 17 85 81
4 10 72 35 35
4 11 14 84 80
4 12 81 19 27
4 13 13 81 83
4 14 80 31 19
4 15 46 50 52
4 16 88 20 18
4 17 2 92 97
4 18 34 56 59
4 19 59 48 34
4 20 26 64 73
4 21 27 74 68
4 22 76 25 28
4 23 49 56 44
4 24 67 37 28
4 25 84 28 13
4 26 92 10 15
4 27 99 0 11
4 28 15 71 73
4 29 99 15 14
4 30 76 34 27
4 31 96 12 5
4 32 22 77 76
5 6 90 13 12
5 7 73 36 26
5 8 55 48 42
5 9 33 69 61
5 10 81 21 21
5 11 83 22 21
5 12 49 55 48
5 13 10 80 84
5 14 86 25 19
5 15 25 68 70
5 16 54 44 53
5 17 51 46 48
5 18 27 72 75
5 19 68 31 33
5 20 55 50 43
5 21 63 46 44
5 22 3 93 88
5 23 49 44 46
5 24 77 30 26
5 25 40 58 64
5 26 15 73 84
5 27 1 87 88
5 28 12 87 85
5 29 86 21 26
5 30 71 38 27
5 31 96 7 7
5 32 32 70 57
6 7 48 48 50
6 8 67 34 40
6 9 55 52 39
6 10 81 21 28
6 11 75 31 33
6 12 87 18 22
6 13 98 14 8
6 14 80 23 26
6 15 73 25 32
6 16 49 43 48
6 17 64 30 33
6 18 75 29 23
6 19 78 31 26
6 20 69 34 31
6 21 57 49 42
6 22 10 80 80
6 23 71 24 26
6 24 54 41 44
6 25 22 66 80
6 26 6 85 84
6 27 54 40 46
6 28 85 13 16
6 29 19 68 81
6 30 66 37 38
6 31 39 65 55
6 32 84 21 16
7 8 40 55 65
7 9 44 57 57
7 10 77 22 22
7 11 25 71 65
7 12 47 54 50
7 13 72 26 33
7 14 21 67 71
7 15 94 15 10
7 16 85 14 26
7 17 19 73 76
7 18 2 83 89
7 19 9 86 90
7 20 57 43 39
7 21 39 54 65
7 22 89 9 16
7 23 82 17 21
7 24 70 25 35
7 25 2 87 93
7 26 28 66 71
7 27 82 15 18
7 28 72 32 37
7 29 26 64 65
7 30 82 16 20
7 31 23 65 71
7 32 32 71 66
8 9 35 54 68
8 10 48 49 56
8 11 14 78 86
8 12 78 21 22
8 13 72 29 34
8 14 24 75 67
8 15 79 24 30
8 16 95 5 3
8 17 43 48 53
8 18 78 32 32
8 19 31 59 60
8 20 29 62 60
8 21 26 73 67
8 22 27 64 72
8 23 57 37 44
8 24 99 11 12
8 25 42 60 51
8 26 23 75 70
8 27 36 67 64
8 28 27 63 68
8 29 25 66 63
8 30 73 27 22
8 31 79 26 31
8 32 81 25 19
9 10 59 47 45
9 11 13 85 75
9 12 74 30 30
9 13 7 84 88
9 14 18 84 80
9 15 78 25 28
9 16 53 54 45
9 17 45 60 55
9 18 57 40 44
9 19 63 40 39
9 20 65 35 39
9 21 61 44 36
9 22 86 17 15
9 23 32 59 62
9 24 94 11 8
9 25 30 68 73
9 26 35 69 68
9 27 35 64 56
9 28 79 17 29
9 29 37 54 56
9 30 25 73 73
9 31 86 16 16
9 32 23 76 71
10 11 48 52 48
10 12 95 10 7
10 13 72 24 28
10 14 33 66 65
10 15 77 19 21
10 16 25 71 66
10 17 23 73 73
10 18 55 39 47
10 19 25 66 70
10 20 0 84 92
10 21 18 72 79
10 22 32 59 66
10 23 27 73 70
10 24 69 37 38
10 25 79 25 19
10 26 12 80 75
10 27 22 73 76
10 28 35 56 67
10 29 99 4 2
10 30 62 34 44
10 31 39 56 61
10 32 5 93 93
11 12 57 50 45
11 13 25 74 70
11 14 15 76 75
11 15 8 91 82
11 16 50 47 44
11 17 61 37 40
11 18 94 9 8
11 19 73 26 29
11 20 51 49 41
11 21 68 33 40
11 22 58 35 36
11 23 61 34 46
11 24 80 29 28
11 25 33 58 65
11 26 84 16 19
11 27 48 50 50
11 28 88 16 18
11 29 3 94 87
11 30 51 50 55
11 31 82 15 25
11 32 6 93 84
12 13 4 96 94
12 14 13 81 87
12 15 21 76 73
12 16 65 42 42
12 17 55 43 47
12 18 82 18 23
12 19 98 9 15
12 20 91 21 11
12 21 85 25 19
12 22 89 13 21
12 23 12 79 86
12 24 49 51 43
12 25 11 87 83
12 26 53 48 45
12 27 64 40 33
12 28 39 56 66
12 29 2 91 87
12 30 59 36 35
12 31 62 39 39
12 32 10 84 85
13 14 36 66 58
13 15 21 79 81
13 16 58 36 49
13 17 27 74 75
13 18 62 44 46
13 19 63 43 39
13 20 95 11 18
13 21 39 59 55
13 22 93 13 15
13 23 95 7 11
13 24 35 57 55
13 25 46 48 49
13 26 72 35 35
13 27 55 48 46
13 28 96 4 13
13 29 18 73 81
13 30 43 62 55
13 31 81 18 18
13 32 4 83 96
14 15 39 58 52
14 16 31 62 58
14 17 63 44 37
14 18 45 54 49
14 19 13 81 85
14 20 67 41 38
14 21 80 18 18
14 22 52 43 44
14 23 48 45 47
14 24 91 7 13
14 25 52 45 40
14 26 93 7 8
14 27 17 74 81
14 28 11 88 84
14 29 15 73 83
14 30 28 65 74
14 31 41 55 53
14 32 4 93 92
15 16 28 68 74
15 17 52 50 44
15 18 50 54 46
15 19 20 72 81
15 20 21 79 79
15 21 5 89 88
15 22 70 33 27
15 23 87 21 21
15 24 99 14 1
15 25 26 66 73
15 26 29 69 68
15 27 94 8 6
15 28 58 37 47
15 29 37 54 56
15 30 38 61 63
15 31 13 84 81
15 32 83 15 14
16 17 91 21 17
16 18 56 46 49
16 19 90 16 19
16 20 75 31 32
16 21 87 18 12
16 22 8 81 87
16 23 43 58 56
16 24 73 29 29
16 25 76 22 22
16 26 22 66 68
16 27 34 69 57
16 28 50 43 52
16 29 19 74 69
16 30 36 66 63
16 31 78 27 24
16 32 88 11 14
17 18 42 61 59
17 19 49 56 56
17 20 22 70 72
17 21 18 73 75
17 22 84 16 19
17 23 72 38 36
17 24 24 65 72
17 25 26 63 76
17 26 67 31 41
17 27 66 40 36
17 28 79 20 24
17 29 87 18 14
17 30 70 28 32
17 31 68 38 41
17 32 41 59 55
18 19 6 83 92
18 20 50 55 44
18 21 83 27 14
18 22 37 67 61
18 23 95 18 10
18 24 77 23 32
18 25 56 46 38
18 26 6 88 81
18 27 81 16 19
18 28 67 35 28
18 29 13 77 81
18 30 57 36 37
18 31 69 40 36
18 32 71 39 25
19 20 71 35 33
19 21 8 83 91
19 22 9 87 86
19 23 33 64 63
19 24 84 16 27
19 25 99 7 5
19 26 97 17 11
19 27 21 77 68
19 28 19 75 76
19 29 31 64 64
19 30 23 72 72
19 31 1 87 96
19 32 90 19 11
20 21 68 36 38
20 22 0 92 86
20 23 11 77 87
20 24 75 21 30
20 25 89 16 23
20 26 78 32 27
20 27 52 50 48
20 28 84 22 26
20 29 13 82 83
20 30 88 10 19
20 31 18 77 77
20 32 4 92 90
21 22 67 33 37
21 23 18 84 71
21 24 78 31 28
21 25 8 77 89
21 26 31 63 68
21 27 39 55 62
21 28 65 43 32
21 29 23 69 76
21 30 9 83 76
21 31 55 38 38
21 32 45 54 51
22 23 46 58 45
22 24 33 60 61
22 25 2 93 96
22 26 87 12 15
22 27 77 28 25
22 28 19 69 82
22 29 25 63 66
22 30 95 12 5
22 31 52 50 41
22 32 10 86 89
23 24 69 35 31
23 25 44 57 51
23 26 16 79 83
23 27 79 25 20
23 28 88 17 14
23 29 91 13 13
23 30 92 20 20
23 31 15 78 80
23 32 55 50 38
24 25 44 61 58
24 26 43 48 60
24 27 35 55 57
24 28 17 73 72
24 29 58 45 47
24 30 53 44 47
24 31 16 82 76
24 32 4 83 96
25 26 43 52 48
25 27 0 94 96
25 28 1 97 84
25 29 52 49 46
25 30 21 81 73
25 31 25 75 77
25 32 54 47 40
26 27 6 90 91
26 28 6 92 80
26 29 69 39 35
26 30 4 91 95
26 31 47 46 49
26 32 49 55 46
27 28 57 46 42
27 29 90 12 23
27 30 31 68 63
27 31 70 29 33
27 32 25 73 75
28 29 66 37 35
28 30 71 25 24
28 31 98 8 13
28 32 3 89 96
29 30 28 68 67
29 31 21 80 68
29 32 37 58 65
30 31 39 53 61
30 32 58 39 37
31 32 5 92 88
