35
0 1 32 81 79
0 2 21 59 51
0 3 75 10 24
0 4 0 78 50
0 5 57 32 39
0 6 96 21 35
0 7 74 5 23
0 8 63 51 32
0 9 20 26 19
0 10 25 90 58
0 11 12 39 40
0 12 68 64 33
0 13 58 28 33
0 14 2 57 96
0 15 41 35 67
0 16 30 35 48
0 17 53 32 14
0 18 84 29 8
0 19 68 77 28
0 20 14 30 70
0 21 58 74 78
0 22 5 65 78
0 23 30 87 55
0 24 68 75 81
0 25 57 78 12
0 26 19 60 83
0 27 43 63 67
0 28 6 87 85
0 29 21 27 45
0 30 74 11 14
0 31 71 26 29
0 32 36 88 32
0 33 59 85 88
0 34 35 46 45
1 2 80 72 30
1 3 99 38 69
1 4 80 12 44
1 5 17 83 51
1 6 19 55 78
1 7 1 39 82
1 8 69 80 65
1 9 17 86 66
1 10 47 18 62
1 11 81 81 63
1 12 6 51 25
1 13 73 32 55
1 14 88 33 28
1 15 71 15 51
1 16 1 66 52
1 17 47 26 55
1 18 11 90 80
1 19 64 73 57
1 20 92 33 65
1 21 55 68 61
1 22 63 56 53
1 23 41 82 79
1 24 89 34 59
1 25 75 63 58
1 26 72 52 25
1 27 76 58 12
1 28 67 51 74
1 29 27 93 40
1 30 65 26 73
1 31 93 40 41
1 32 35 66 51
1 33 83 64 20
1 34 32 34 84
2 3 17 60 87
2 4 45 22 76
2 5 36 44 63
2 6 21 71 66
2 7 43 28 74
2 8 14 75 86
2 9 21 73 92
2 10 22 84 84
2 11 35 77 80
2 12 89 24 28
2 13 70 75 18
2 14 33 92 55
2 15 70 12 33
2 16 77 40 32
2 17 81 19 27
2 18 29 45 78
2 19 54 62 77
2 20 2 53 42
2 21 19 39 90
2 22 74 54 57
2 23 53 43 52
2 24 56 64 41
2 25 0 34 35
2 26 34 62 38
2 27 65 49 17
2 28 90 63 15
2 29 83 55 75
2 30 39 41 39
2 31 44 25 45
2 32 24 34 91
2 33 88 18 51
2 34 32 51 92
3 4 70 19 18
3 5 47 60 58
3 6 56 49 58
3 7 16 30 19
3 8 55 51 69
3 9 29 40 67
3 10 33 51 51
3 11 74 63 37
3 12 67 31 16
3 13 60 39 25
3 14 13 52 95
3 15 62 29 81
3 16 78 79 32
3 17 94 11 64
3 18 93 46 9
3 19 88 68 36
3 20 19 94 72
3 21 93 78 4
3 22 76 35 44
3 23 53 72 49
3 24 15 52 76
3 25 88 26 52
3 26 55 68 46
3 27 90 1 75
3 28 92 1 31
3 29 99 5 0
3 30 85 35 44
3 31 68 37 31
3 32 47 46 43
3 33 14 82 85
3 34 46 38 41
4 5 56 11 47
4 6 90 10 32
4 7 81 41 8
4 8 42 72 33
4 9 69 33 14
4 10 2 24 49
4 11 9 85 70
4 12 73 22 44
4 13 80 76 58
4 14 67 80 13
4 15 31 34 45
4 16 27 15 94
4 17 22 20 66
4 18 19 64 62
4 19 23 35 37
4 20 86 72 78
4 21 55 79 76
4 22 97 26 58
4 23 33 81 49
4 24 96 70 48
4 25 92 10 58
4 26 21 50 56
4 27 3 61 38
4 28 73 78 75
4 29 29 17 28
4 30 2 61 54
4 31 25 34 59
4 32 95 57 33
4 33 44 79 13
4 34 23 84 42
5 6 46 21 64
5 7 38 40 60
5 8 41 15 22
5 9 1 98 20
5 10 15 52 72
5 11 3 34 52
5 12 95 20 66
5 13 86 40 22
5 14 25 63 74
5 15 93 25 16
5 16 36 33 16
5 17 87 42 53
5 18 16 37 50
5 19 12 48 29
5 20 73 34 68
5 21 77 74 13
5 22 36 85 92
5 23 74 64 54
5 24 75 72 68
5 25 83 37 65
5 26 83 3 14
5 27 57 72 46
5 28 38 75 74
5 29 56 37 76
5 30 52 73 52
5 31 20 38 51
5 32 99 4 51
5 33 63 40 12
5 34 21 78 22
6 7 12 89 40
6 8 49 59 43
6 9 30 45 28
6 10 32 86 82
6 11 9 68 53
6 12 14 86 67
6 13 57 23 58
6 14 4 51 19
6 15 34 41 66
6 16 93 44 46
6 17 78 83 39
6 18 10 81 94
6 19 85 13 11
6 20 99 65 7
6 21 62 31 43
6 22 72 6 69
6 23 10 39 83
6 24 55 82 47
6 25 73 62 64
6 26 21 56 29
6 27 82 36 27
6 28 26 44 84
6 29 85 29 24
6 30 97 66 41
6 31 67 45 47
6 32 50 30 41
6 33 14 29 80
6 34 9 79 91
7 8 28 62 75
7 9 64 62 63
7 10 40 89 54
7 11 96 24 58
7 12 61 79 10
7 13 37 31 82
7 14 37 91 19
7 15 48 67 70
7 16 82 62 15
7 17 54 23 40
7 18 7 25 23
7 19 74 34 51
7 20 2 74 50
7 21 18 38 70
7 22 94 15 49
7 23 34 91 89
7 24 17 37 19
7 25 35 60 53
7 26 35 26 78
7 27 87 47 21
7 28 47 11 76
7 29 18 31 74
7 30 52 29 61
7 31 43 49 90
7 32 4 33 87
7 33 27 29 19
7 34 14 51 17
8 9 79 62 61
8 10 90 11 4
8 11 6 47 40
8 12 25 72 20
8 13 14 39 78
8 14 31 36 53
8 15 41 63 25
8 16 74 21 51
8 17 50 49 76
8 18 45 17 88
8 19 68 49 13
8 20 63 18 12
8 21 73 40 31
8 22 77 40 55
8 23 27 88 28
8 24 51 21 24
8 25 63 20 41
8 26 49 72 66
8 27 43 86 11
8 28 21 24 28
8 29 4 80 93
8 30 19 79 26
8 31 23 85 45
8 32 89 66 17
8 33 3 82 77
8 34 56 79 30
9 10 46 52 40
9 11 91 15 45
9 12 39 77 25
9 13 87 39 62
9 14 68 61 28
9 15 83 66 36
9 16 4 81 56
9 17 81 54 64
9 18 37 63 52
9 19 92 39 27
9 20 53 13 87
9 21 33 84 38
9 22 95 23 42
9 23 51 47 80
9 24 58 22 41
9 25 64 45 16
9 26 39 69 46
9 27 37 88 31
9 28 26 73 30
9 29 52 12 48
9 30 70 53 46
9 31 34 21 79
9 32 53 85 51
9 33 4 85 79
9 34 17 32 93
10 11 21 50 86
10 12 15 93 63
10 13 94 47 43
10 14 82 76 34
10 15 88 65 70
10 16 7 94 44
10 17 82 21 44
10 18 30 88 72
10 19 3 52 95
10 20 22 62 25
10 21 40 31 71
10 22 21 48 26
10 23 55 24 12
10 24 65 45 72
10 25 49 17 20
10 26 70 15 8
10 27 50 85 39
10 28 37 64 38
10 29 2 71 67
10 30 20 79 23
10 31 22 40 40
10 32 11 68 81
10 33 21 90 39
10 34 11 82 59
11 12 96 34 36
11 13 35 37 80
11 14 20 38 64
11 15 81 5 66
11 16 54 11 64
11 17 34 18 14
11 18 90 25 49
11 19 49 76 35
11 20 35 31 26
11 21 75 58 71
11 22 90 80 15
11 23 35 61 59
11 24 16 60 63
11 25 28 77 16
11 26 93 39 38
11 27 69 19 83
11 28 34 60 85
11 29 84 83 79
11 30 15 55 87
11 31 20 22 75
11 32 76 13 36
11 33 86 25 64
11 34 35 33 60
12 13 28 88 37
12 14 76 19 72
12 15 41 42 20
12 16 71 65 78
12 17 69 58 81
12 18 84 12 42
12 19 97 56 76
12 20 82 29 28
12 21 4 74 63
12 22 14 52 76
12 23 92 7 60
12 24 73 6 29
12 25 98 40 27
12 26 91 78 15
12 27 30 32 30
12 28 63 24 28
12 29 6 91 22
12 30 28 93 60
12 31 38 26 76
12 32 96 8 17
12 33 47 85 15
12 34 46 78 35
13 14 17 58 56
13 15 97 14 61
13 16 81 73 13
13 17 37 50 40
13 18 64 67 73
13 19 37 41 53
13 20 66 41 37
13 21 14 77 31
13 22 3 19 62
13 23 73 65 59
13 24 81 43 82
13 25 65 8 77
13 26 0 59 72
13 27 25 54 58
13 28 65 18 22
13 29 80 75 36
13 30 12 32 39
13 31 59 41 76
13 32 92 28 12
13 33 63 46 86
13 34 10 89 20
14 15 39 65 14
14 16 50 52 32
14 17 52 58 61
14 18 95 75 19
14 19 58 78 26
14 20 73 11 66
14 21 79 38 47
14 22 8 74 88
14 23 83 24 29
14 24 76 82 55
14 25 49 57 17
14 26 73 65 25
14 27 2 42 79
14 28 51 45 65
14 29 85 46 10
14 30 42 84 80
14 31 11 95 62
14 32 76 40 69
14 33 60 7 66
14 34 48 79 31
15 16 12 48 25
15 17 3 23 59
15 18 62 82 35
15 19 0 46 34
15 20 95 77 10
15 21 38 40 51
15 22 77 25 26
15 23 27 51 90
15 24 8 93 73
15 25 18 27 60
15 26 35 19 36
15 27 58 82 18
15 28 87 2 16
15 29 42 79 19
15 30 59 24 70
15 31 97 62 47
15 32 64 21 33
15 33 5 19 96
15 34 74 69 39
16 17 26 86 28
16 18 58 38 49
16 19 81 15 78
16 20 87 5 23
16 21 26 33 35
16 22 48 39 21
16 23 41 87 63
16 24 54 82 87
16 25 87 46 3
16 26 96 1 1
16 27 47 72 66
16 28 4 42 82
16 29 13 94 20
16 30 21 83 40
16 31 64 7 67
16 32 96 2 16
16 33 92 10 24
16 34 18 19 23
17 18 50 27 79
17 19 46 38 78
17 20 68 71 24
17 21 12 67 34
17 22 86 42 23
17 23 43 51 67
17 24 83 48 55
17 25 87 80 42
17 26 64 15 68
17 27 34 46 72
17 28 73 64 41
17 29 96 77 18
17 30 33 36 46
17 31 73 46 66
17 32 2 75 35
17 33 92 40 10
17 34 49 59 72
18 19 33 83 89
18 20 30 26 55
18 21 87 27 48
18 22 90 61 11
18 23 8 94 70
18 24 67 52 23
18 25 71 65 65
18 26 40 55 71
18 27 13 95 91
18 28 10 89 29
18 29 53 86 79
18 30 24 41 56
18 31 91 52 19
18 32 77 31 8
18 33 82 78 22
18 34 73 7 26
19 20 64 52 26
19 21 88 16 33
19 22 67 58 68
19 23 87 57 66
19 24 27 78 21
19 25 11 85 74
19 26 16 75 67
19 27 98 36 24
19 28 29 32 43
19 29 9 57 85
19 30 60 77 11
19 31 55 80 63
19 32 22 57 84
19 33 30 18 66
19 34 28 79 65
20 21 89 11 26
20 22 45 45 79
20 23 3 58 19
20 24 38 68 82
20 25 12 75 52
20 26 76 77 49
20 27 9 57 65
20 28 41 79 31
20 29 39 61 36
20 30 22 37 45
20 31 20 16 25
20 32 11 55 89
20 33 17 53 91
20 34 26 62 48
21 22 69 74 15
21 23 11 80 25
21 24 81 66 60
21 25 33 85 19
21 26 61 12 78
21 27 75 29 81
21 28 52 59 71
21 29 2 30 22
21 30 50 77 41
21 31 9 53 25
21 32 96 55 49
21 33 13 49 78
21 34 10 64 69
22 23 73 70 84
22 24 56 64 47
22 25 59 65 58
22 26 22 23 34
22 27 2 54 69
22 28 65 35 20
22 29 56 51 48
22 30 4 20 57
22 31 98 56 10
22 32 66 29 37
22 33 96 1 12
22 34 22 55 77
23 24 67 41 34
23 25 12 60 66
23 26 10 68 76
23 27 1 64 84
23 28 34 57 32
23 29 80 34 41
23 30 80 49 34
23 31 43 50 56
23 32 23 47 51
23 33 65 57 84
23 34 88 57 24
24 25 87 82 17
24 26 5 54 92
24 27 34 88 58
24 28 0 30 62
24 29 83 66 18
24 30 52 78 88
24 31 17 24 20
24 32 41 84 68
24 33 65 44 56
24 34 19 89 26
25 26 89 18 77
25 27 19 21 91
25 28 84 69 54
25 29 56 69 25
25 30 93 59 64
25 31 70 50 40
25 32 84 79 7
25 33 77 80 66
25 34 78 17 39
26 27 95 48 57
26 28 77 62 28
26 29 1 83 40
26 30 71 9 61
26 31 79 43 42
26 32 57 28 11
26 33 63 8 21
26 34 36 50 19
27 28 45 19 88
27 29 25 91 70
27 30 30 23 28
27 31 79 48 49
27 32 3 72 89
27 33 98 26 47
27 34 18 95 77
28 29 93 29 55
28 30 66 34 65
28 31 92 26 20
28 32 50 30 52
28 33 23 38 89
28 34 58 62 77
29 30 87 80 56
29 31 30 73 63
29 32 96 59 62
29 33 1 84 86
29 34 66 26 59
30 31 35 49 43
30 32 82 13 72
30 33 7 36 85
30 34 81 35 78
31 32 77 72 12
31 33 38 31 57
31 34 83 75 80
32 33 3 79 38
32 34 25 30 37
33 34 29 15 17
