38
0 1 91 13 14
0 2 42 60 63
0 3 35 56 65
0 4 10 82 76
0 5 80 20 28
0 6 27 72 71
0 7 92 19 16
0 8 76 23 20
0 9 40 64 58
0 10 27 62 75
0 11 80 26 20
0 12 80 25 18
0 13 46 52 55
0 14 26 76 71
0 15 76 35 24
0 16 10 77 81
0 17 64 41 38
0 18 98 4 16
0 19 39 59 64
0 20 50 55 46
0 21 18 73 82
0 22 91 9 12
0 23 92 15 16
0 24 23 65 76
0 25 97 10 4
0 26 98 6 7
0 27 69 35 35
0 28 7 89 80
0 29 79 26 25
0 30 45 56 53
0 31 89 18 21
0 32 88 19 24
0 33 29 73 66
0 34 10 85 80
0 35 3 89 87
0 36 7 82 84
0 37 51 53 46
1 2 12 78 75
1 3 24 76 73
1 4 78 32 19
1 5 24 70 69
1 6 51 42 42
1 7 5 89 90
1 8 56 51 43
1 9 73 35 27
1 10 92 17 15
1 11 40 59 60
1 12 47 57 52
1 13 54 51 45
1 14 91 20 12
1 15 88 14 17
1 16 78 27 23
1 17 45 56 51
1 18 68 30 29
1 19 60 40 36
1 20 8 92 77
1 21 21 78 71
1 22 56 37 38
1 23 21 70 67
1 24 94 11 7
1 25 68 30 32
1 26 24 68 66
1 27 41 60 57
1 28 82 18 25
1 29 33 59 67
1 30 53 41 48
1 31 38 57 60
1 32 57 37 47
1 33 52 41 45
1 34 94 4 15
1 35 26 66 64
1 36 92 9 13
1 37 82 19 21
2 3 42 54 61
2 4 65 37 42
2 5 50 53 56
2 6 7 80 81
2 7 46 59 53
2 8 98 9 16
2 9 19 81 76
2 10 37 66 64
2 11 61 40 43
2 12 99 8 13
2 13 66 37 34
2 14 33 64 70
2 15 8 79 84
2 16 81 21 28
2 17 78 20 29
2 18 7 81 90
2 19 48 45 54
2 20 5 87 92
2 21 99 9 7
2 22 38 58 61
2 23 80 20 25
2 24 96 10 15
2 25 61 44 46
2 26 1 84 86
2 27 47 58 46
2 28 89 19 11
2 29 60 40 43
2 30 24 77 65
2 31 52 40 50
2 32 78 19 24
2 33 43 53 62
2 34 1 91 89
2 35 70 33 31
2 36 42 54 58
2 37 94 13 5
3 4 51 55 51
3 5 11 78 83
3 6 43 57 60
3 7 56 50 37
3 8 82 15 19
3 9 23 71 66
3 10 0 88 89
3 11 84 20 23
3 12 10 88 85
3 13 45 57 58
3 14 37 54 60
3 15 13 88 74
3 16 81 29 24
3 17 19 78 72
3 18 73 27 35
3 19 62 34 38
3 20 34 62 68
3 21 11 80 78
3 22 29 73 69
3 23 4 91 84
3 24 91 7 10
3 25 69 37 40
3 26 60 44 47
3 27 17 77 84
3 28 59 35 49
3 29 6 83 93
3 30 3 82 94
3 31 49 46 50
3 32 45 59 55
3 33 64 38 34
3 34 3 91 84
3 35 29 66 64
3 36 94 6 6
3 37 36 64 58
4 5 49 57 49
4 6 27 70 64
4 7 74 21 26
4 8 67 33 34
4 9 63 44 34
4 10 52 54 43
4 11 33 57 58
4 12 11 87 75
4 13 33 60 64
4 14 72 34 25
4 15 52 43 40
4 16 15 84 73
4 17 31 67 71
4 18 98 6 3
4 19 32 59 67
4 20 91 12 11
4 21 8 85 83
4 22 99 8 1
4 23 88 20 19
4 24 13 76 86
4 25 33 70 68
4 26 7 93 82
4 27 40 60 58
4 28 57 37 42
4 29 78 25 21
4 30 41 63 63
4 31 53 42 50
4 32 9 80 79
4 33 93 11 5
4 34 27 66 64
4 35 45 54 53
4 36 71 34 32
4 37 13 84 78
5 6 90 21 9
5 7 45 56 58
5 8 25 74 70
5 9 0 92 87
5 10 8 90 87
5 11 70 30 30
5 12 60 41 38
5 13 91 9 12
5 14 43 57 54
5 15 40 57 65
5 16 77 32 19
5 17 1 95 93
5 18 78 28 27
5 19 73 22 22
5 20 35 58 55
5 21 59 48 38
5 22 83 14 28
5 23 91 15 8
5 24 34 57 63
5 25 98 2 15
5 26 77 19 18
5 27 79 24 29
5 28 57 44 42
5 29 3 94 96
5 30 56 45 45
5 31 13 84 83
5 32 37 56 53
5 33 57 49 38
5 34 44 55 60
5 35 22 75 78
5 36 15 80 73
5 37 23 71 70
6 7 44 46 51
6 8 96 13 8
6 9 9 88 90
6 10 30 63 69
6 11 7 80 93
6 12 66 33 36
6 13 64 36 35
6 14 53 53 49
6 15 20 70 73
6 16 45 47 57
6 17 16 81 79
6 18 27 64 65
6 19 71 25 38
6 20 9 88 81
6 21 89 13 23
6 22 70 39 26
6 23 55 39 40
6 24 88 20 23
6 25 83 21 22
6 26 93 17 7
6 27 95 3 4
6 28 90 8 11
6 29 71 32 33
6 30 85 16 13
6 31 20 82 79
6 32 7 83 90
6 33 7 79 78
6 34 78 25 19
6 35 61 42 46
6 36 54 47 52
6 37 1 98 94
7 8 51 53 43
7 9 20 72 67
7 10 27 75 64
7 11 74 36 35
7 12 77 29 30
7 13 30 72 59
7 14 13 81 84
7 15 76 23 26
7 16 44 62 49
7 17 53 51 47
7 18 38 54 58
7 19 15 80 77
7 20 18 69 71
7 21 53 41 46
7 22 77 23 20
7 23 9 77 78
7 24 1 84 84
7 25 19 76 81
7 26 36 56 67
7 27 41 63 64
7 28 88 20 22
7 29 17 70 78
7 30 66 37 29
7 31 15 83 81
7 32 21 68 67
7 33 61 33 36
7 34 75 30 23
7 35 92 13 10
7 36 11 78 83
7 37 24 71 77
8 9 24 69 77
8 10 23 71 73
8 11 58 45 49
8 12 2 88 85
8 13 62 41 43
8 14 33 57 63
8 15 68 35 28
8 16 5 85 89
8 17 43 54 60
8 18 6 90 80
8 19 14 80 80
8 20 53 50 40
8 21 53 42 45
8 22 22 70 73
8 23 68 28 28
8 24 52 42 49
8 25 61 39 36
8 26 11 81 87
8 27 8 92 90
8 28 8 81 82
8 29 51 51 41
8 30 27 62 62
8 31 99 8 5
8 32 53 50 42
8 33 14 85 82
8 34 51 50 44
8 35 69 27 26
8 36 72 25 33
8 37 66 43 31
9 10 26 64 63
9 11 56 39 37
9 12 98 8 1
9 13 63 41 38
9 14 30 62 71
9 15 87 16 14
9 16 88 12 11
9 17 60 46 45
9 18 60 37 37
9 19 32 68 70
9 20 48 57 52
9 21 48 57 46
9 22 31 59 63
9 23 69 29 27
9 24 25 70 65
9 25 52 41 54
9 26 58 36 45
9 27 92 14 9
9 28 91 13 13
9 29 53 52 40
9 30 61 46 38
9 31 47 51 51
9 32 95 7 8
9 33 89 14 12
9 34 80 19 18
9 35 70 30 27
9 36 6 87 80
9 37 28 75 74
10 11 9 89 82
10 12 6 93 82
10 13 38 64 60
10 14 42 51 57
10 15 33 62 59
10 16 98 8 6
10 17 76 32 22
10 18 85 21 26
10 19 84 13 19
10 20 99 2 3
10 21 91 16 17
10 22 91 13 15
10 23 41 58 56
10 24 84 15 16
10 25 53 53 44
10 26 92 16 13
10 27 89 16 22
10 28 44 48 54
10 29 98 14 8
10 30 85 20 20
10 31 70 39 36
10 32 34 70 64
10 33 3 95 95
10 34 51 42 49
10 35 84 22 24
10 36 28 71 60
10 37 52 48 52
11 12 58 50 39
11 13 10 83 88
11 14 77 27 32
11 15 25 71 63
11 16 68 36 33
11 17 30 66 67
11 18 59 34 37
11 19 44 55 58
11 20 72 37 24
11 21 68 31 30
11 22 26 67 75
11 23 32 61 67
11 24 58 40 38
11 25 71 33 28
11 26 75 34 31
11 27 59 38 43
11 28 7 80 92
11 29 46 47 53
11 30 99 7 7
11 31 59 41 47
11 32 53 45 48
11 33 65 32 42
11 34 77 33 31
11 35 67 36 41
11 36 33 66 59
11 37 38 63 66
12 13 26 73 68
12 14 61 39 43
12 15 84 15 23
12 16 20 78 81
12 17 31 64 67
12 18 79 26 28
12 19 98 12 8
12 20 66 33 34
12 21 64 37 35
12 22 58 48 36
12 23 60 46 41
12 24 92 13 20
12 25 51 52 52
12 26 59 45 39
12 27 57 51 37
12 28 34 61 65
12 29 13 76 77
12 30 64 38 44
12 31 3 96 88
12 32 42 51 49
12 33 11 86 83
12 34 28 65 72
12 35 66 38 32
12 36 85 17 24
12 37 17 83 81
13 14 97 14 12
13 15 67 41 28
13 16 91 11 7
13 17 95 16 13
13 18 9 82 85
13 19 85 18 14
13 20 68 32 31
13 21 68 36 32
13 22 15 74 85
13 23 67 30 29
13 24 93 6 18
13 25 97 12 15
13 26 1 88 92
13 27 75 27 24
13 28 40 50 62
13 29 60 39 40
13 30 86 15 21
13 31 19 72 81
13 32 7 81 80
13 33 75 34 27
13 34 26 68 66
13 35 93 14 13
13 36 30 68 61
13 37 61 37 36
14 15 15 71 82
14 16 79 30 21
14 17 85 25 19
14 18 23 77 73
14 19 81 23 19
14 20 69 29 28
14 21 94 18 5
14 22 23 68 70
14 23 90 14 8
14 24 13 81 84
14 25 13 82 87
14 26 73 33 36
14 27 15 78 79
14 28 9 90 84
14 29 8 91 86
14 30 76 28 29
14 31 48 43 50
14 32 75 35 23
14 33 89 22 18
14 34 89 13 11
14 35 47 53 45
14 36 29 69 73
14 37 59 47 37
15 16 82 29 26
15 17 61 33 45
15 18 21 68 82
15 19 52 41 50
15 20 76 23 30
15 21 32 66 63
15 22 75 24 23
15 23 13 78 87
15 24 8 85 78
15 25 6 79 86
15 26 39 58 53
15 27 44 57 56
15 28 67 34 36
15 29 81 20 20
15 30 20 70 76
15 31 61 35 41
15 32 77 32 33
15 33 45 54 46
15 34 31 62 59
15 35 49 51 46
15 36 61 45 43
15 37 88 22 12
16 17 89 20 15
16 18 42 60 49
16 19 48 54 53
16 20 27 73 71
16 21 97 13 7
16 22 87 20 17
16 23 89 13 17
16 24 57 41 40
16 25 19 74 72
16 26 41 51 60
16 27 12 78 86
16 28 82 23 22
16 29 22 68 76
16 30 70 29 34
16 31 72 24 36
16 32 30 61 68
16 33 17 76 83
16 34 73 27 25
16 35 33 69 69
16 36 17 84 73
16 37 21 69 73
17 18 51 52 52
17 19 70 37 31
17 20 51 52 52
17 21 13 76 81
17 22 30 61 62
17 23 17 71 73
17 24 95 4 5
17 25 36 60 69
17 26 23 77 75
17 27 5 83 82
17 28 51 43 49
17 29 18 81 75
17 30 13 85 83
17 31 25 74 74
17 32 48 51 48
17 33 40 55 63
17 34 98 3 4
17 35 89 22 9
17 36 7 80 91
17 37 13 80 78
18 19 49 57 51
18 20 32 62 71
18 21 8 86 83
18 22 82 23 20
18 23 92 20 10
18 24 55 47 41
18 25 62 43 44
18 26 77 22 23
18 27 41 57 64
18 28 33 58 62
18 29 92 6 13
18 30 43 62 48
18 31 34 63 56
18 32 70 26 26
18 33 30 74 64
18 34 96 16 9
18 35 8 81 87
18 36 55 50 42
18 37 70 37 37
19 20 59 38 47
19 21 19 72 75
19 22 83 15 15
19 23 98 5 2
19 24 76 30 30
19 25 68 32 26
19 26 96 13 7
19 27 24 72 66
19 28 15 86 77
19 29 67 35 38
19 30 95 15 9
19 31 0 96 89
19 32 55 43 50
19 33 67 34 27
19 34 91 18 8
19 35 77 20 22
19 36 27 71 67
19 37 68 35 34
20 21 58 45 49
20 22 90 16 13
20 23 8 87 91
20 24 4 86 90
20 25 76 27 34
20 26 16 73 79
20 27 78 31 31
20 28 67 38 35
20 29 74 28 32
20 30 82 28 28
20 31 7 78 79
20 32 93 7 17
20 33 79 29 21
20 34 39 63 58
20 35 57 50 40
20 36 41 60 53
20 37 33 66 60
21 22 27 74 62
21 23 26 72 72
21 24 90 9 15
21 25 86 14 23
21 26 10 84 79
21 27 55 51 47
21 28 26 65 68
21 29 46 60 52
21 30 44 52 53
21 31 24 70 78
21 32 78 26 29
21 33 65 40 34
21 34 73 26 24
21 35 63 31 43
21 36 92 16 16
21 37 50 46 50
22 23 28 69 70
22 24 71 37 27
22 25 98 11 7
22 26 5 81 93
22 27 50 43 49
22 28 6 84 87
22 29 63 35 37
22 30 80 22 19
22 31 82 17 15
22 32 80 24 22
22 33 69 32 33
22 34 8 88 77
22 35 46 47 46
22 36 85 16 17
22 37 14 85 79
23 24 67 32 32
23 25 52 44 41
23 26 61 37 39
23 27 36 63 57
23 28 20 73 75
23 29 48 58 47
23 30 4 88 84
23 31 42 63 59
23 32 82 23 17
23 33 31 66 70
23 34 59 37 38
23 35 58 44 38
23 36 81 19 29
23 37 3 95 91
24 25 30 59 66
24 26 54 51 49
24 27 27 68 68
24 28 63 35 45
24 29 90 19 20
24 30 45 54 56
24 31 37 61 59
24 32 27 75 73
24 33 20 69 75
24 34 83 24 28
24 35 37 55 56
24 36 28 61 73
24 37 23 74 80
25 26 26 63 74
25 27 34 57 58
25 28 79 19 23
25 29 61 42 36
25 30 72 24 24
25 31 47 56 54
25 32 54 38 46
25 33 61 42 33
25 34 2 95 93
25 35 93 12 17
25 36 52 48 43
25 37 96 8 6
26 27 56 41 41
26 28 52 46 43
26 29 1 97 96
26 30 20 67 82
26 31 57 36 42
26 32 35 69 61
26 33 50 51 55
26 34 69 26 30
26 35 50 51 54
26 36 92 11 19
26 37 33 67 62
27 28 62 33 40
27 29 2 93 91
27 30 18 81 70
27 31 98 3 1
27 32 39 56 59
27 33 10 87 80
27 34 77 33 20
27 35 8 91 78
27 36 2 84 84
27 37 70 35 39
28 29 31 66 61
28 30 18 82 80
28 31 9 79 85
28 32 43 61 50
28 33 72 29 31
28 34 5 83 93
28 35 50 45 53
28 36 14 82 76
28 37 67 36 42
29 30 24 72 72
29 31 61 36 42
29 32 49 55 47
29 33 37 61 59
29 34 63 45 45
29 35 49 57 44
29 36 92 18 20
29 37 69 28 30
30 31 99 5 14
30 32 77 23 33
30 33 61 47 43
30 34 92 14 18
30 35 91 11 20
30 36 30 69 63
30 37 79 24 29
31 32 85 24 26
31 33 53 43 43
31 34 92 9 15
31 35 18 77 79
31 36 86 23 12
31 37 0 97 90
32 33 38 60 61
32 34 1 91 90
32 35 57 47 46
32 36 79 22 31
32 37 69 26 26
33 34 74 36 26
33 35 15 81 72
33 36 52 51 41
33 37 49 48 52
34 35 54 50 40
34 36 54 42 39
34 37 41 56 51
35 36 55 50 51
35 37 55 44 45
36 37 89 18 20
