40
0 1 55 44 40
0 2 24 78 75
0 3 40 64 61
0 4 35 63 55
0 5 72 35 37
0 6 13 85 82
0 7 9 83 81
0 8 70 27 29
0 9 16 81 79
0 10 81 27 26
0 11 38 60 53
0 12 3 94 86
0 13 82 19 29
0 14 71 29 32
0 15 75 27 24
0 16 23 78 72
0 17 21 79 75
0 18 53 50 47
0 19 84 15 28
0 20 66 40 33
0 21 73 23 36
0 22 43 62 61
0 23 90 8 9
0 24 20 73 78
0 25 22 70 69
0 26 35 58 58
0 27 85 22 16
0 28 17 81 73
0 29 31 58 70
0 30 71 37 31
0 31 17 74 78
0 32 9 79 91
0 33 36 57 62
0 34 0 88 98
0 35 88 10 18
0 36 51 44 45
0 37 74 33 29
0 38 68 27 27
0 39 83 18 25
1 2 61 43 33
1 3 23 78 67
1 4 85 21 26
1 5 65 33 33
1 6 47 58 49
1 7 72 29 35
1 8 66 35 41
1 9 90 10 17
1 10 39 51 66
1 11 91 13 18
1 12 72 27 28
1 13 74 25 32
1 14 17 77 73
1 15 84 15 26
1 16 13 82 77
1 17 19 82 78
1 18 32 66 59
1 19 40 65 55
1 20 31 58 63
1 21 53 44 52
1 22 13 86 85
1 23 23 68 65
1 24 90 14 15
1 25 84 16 18
1 26 92 10 10
1 27 79 19 19
1 28 51 50 43
1 29 74 30 32
1 30 17 84 75
1 31 98 3 15
1 32 13 81 78
1 33 57 49 39
1 34 48 58 51
1 35 63 41 43
1 36 98 16 6
1 37 23 75 69
1 38 41 63 62
1 39 17 79 75
2 3 79 23 25
2 4 24 75 69
2 5 23 74 76
2 6 57 47 40
2 7 82 18 14
2 8 25 63 76
2 9 34 64 55
2 10 22 75 76
2 11 62 37 38
2 12 81 18 26
2 13 99 15 2
2 14 88 12 15
2 15 34 65 57
2 16 39 55 62
2 17 8 88 83
2 18 57 48 46
2 19 20 71 80
2 20 22 76 66
2 21 63 37 33
2 22 88 20 15
2 23 86 14 12
2 24 87 10 18
2 25 36 60 54
2 26 84 27 27
2 27 90 16 23
2 28 72 33 27
2 29 62 46 37
2 30 73 31 35
2 31 18 73 70
2 32 43 47 51
2 33 87 15 21
2 34 39 56 64
2 35 62 45 44
2 36 8 91 78
2 37 45 53 47
2 38 94 4 6
2 39 48 49 45
3 4 51 51 47
3 5 17 73 70
3 6 20 73 77
3 7 11 88 85
3 8 48 45 51
3 9 57 49 50
3 10 53 45 47
3 11 29 70 68
3 12 35 62 62
3 13 38 56 65
3 14 82 16 22
3 15 87 18 11
3 16 87 19 19
3 17 15 77 80
3 18 27 67 65
3 19 24 72 77
3 20 88 14 16
3 21 47 50 50
3 22 12 77 84
3 23 64 31 29
3 24 93 6 9
3 25 41 59 58
3 26 13 85 79
3 27 71 25 35
3 28 7 79 83
3 29 26 64 69
3 30 73 31 28
3 31 76 31 32
3 32 63 38 44
3 33 15 73 72
3 34 28 67 72
3 35 37 66 63
3 36 95 14 15
3 37 48 56 51
3 38 24 70 65
3 39 92 7 16
4 5 82 19 21
4 6 93 8 15
4 7 96 8 17
4 8 76 34 21
4 9 91 18 8
4 10 37 62 55
4 11 64 32 30
4 12 82 24 17
4 13 54 42 41
4 14 37 57 53
4 15 31 70 63
4 16 47 54 48
4 17 1 95 94
4 18 43 52 48
4 19 2 89 83
4 20 87 21 18
4 21 41 59 53
4 22 57 38 41
4 23 4 93 83
4 24 8 84 89
4 25 0 86 98
4 26 71 37 28
4 27 81 23 18
4 28 60 40 44
4 29 35 65 68
4 30 3 83 85
4 31 42 63 59
4 32 84 17 20
4 33 92 8 9
4 34 33 62 70
4 35 73 31 35
4 36 4 82 91
4 37 46 49 56
4 38 90 18 21
4 39 51 50 46
5 6 67 35 42
5 7 96 15 4
5 8 58 43 42
5 9 38 62 56
5 10 85 24 21
5 11 47 48 52
5 12 87 13 19
5 13 56 50 44
5 14 57 45 40
5 15 35 58 55
5 16 79 30 18
5 17 91 19 10
5 18 60 33 42
5 19 12 80 81
5 20 16 70 77
5 21 42 55 60
5 22 93 12 13
5 23 94 11 4
5 24 59 40 39
5 25 46 52 57
5 26 16 79 79
5 27 14 72 83
5 28 53 46 41
5 29 13 78 82
5 30 29 65 65
5 31 64 30 33
5 32 47 49 52
5 33 49 45 56
5 34 6 87 81
5 35 77 28 29
5 36 41 56 64
5 37 36 68 60
5 38 52 40 45
5 39 4 81 94
6 7 85 13 26
6 8 53 48 52
6 9 49 49 43
6 10 8 87 87
6 11 40 65 61
6 12 26 64 70
6 13 57 50 36
6 14 75 32 22
6 15 34 70 55
6 16 91 21 19
6 17 17 76 77
6 18 57 40 38
6 19 59 36 44
6 20 72 32 31
6 21 3 92 88
6 22 42 50 57
6 23 33 58 69
6 24 80 23 21
6 25 78 23 28
6 26 59 45 46
6 27 65 34 29
6 28 45 47 47
6 29 0 88 92
6 30 12 80 75
6 31 48 46 47
6 32 4 95 87
6 33 48 50 48
6 34 6 93 89
6 35 82 15 17
6 36 91 17 10
6 37 15 83 80
6 38 24 66 67
6 39 84 26 23
7 8 16 83 85
7 9 98 15 10
7 10 61 44 46
7 11 18 78 69
7 12 53 40 45
7 13 38 66 52
7 14 18 76 73
7 15 1 93 96
7 16 48 48 54
7 17 25 75 70
7 18 47 53 50
7 19 40 59 51
7 20 17 75 78
7 21 62 45 37
7 22 57 38 46
7 23 12 87 88
7 24 76 20 23
7 25 9 86 80
7 26 9 92 89
7 27 16 85 85
7 28 5 89 92
7 29 77 33 30
7 30 78 21 24
7 31 11 78 82
7 32 11 86 87
7 33 21 79 71
7 34 53 46 39
7 35 72 36 31
7 36 27 66 70
7 37 50 56 52
7 38 96 4 8
7 39 48 47 45
8 9 88 17 21
8 10 91 13 12
8 11 24 65 78
8 12 96 17 9
8 13 27 71 66
8 14 51 49 44
8 15 85 22 26
8 16 85 23 23
8 17 81 26 17
8 18 28 61 64
8 19 96 12 14
8 20 64 37 31
8 21 68 29 31
8 22 52 47 54
8 23 60 40 38
8 24 92 13 17
8 25 52 55 40
8 26 49 44 51
8 27 49 45 52
8 28 7 85 90
8 29 96 14 4
8 30 94 13 18
8 31 64 41 39
8 32 56 50 49
8 33 1 84 84
8 34 9 89 84
8 35 35 55 60
8 36 69 31 27
8 37 6 84 88
8 38 64 39 33
8 39 90 17 14
9 10 24 71 71
9 11 2 89 89
9 12 42 63 53
9 13 70 25 29
9 14 1 96 92
9 15 9 79 91
9 16 85 13 15
9 17 82 15 16
9 18 92 16 14
9 19 71 37 35
9 20 21 72 81
9 21 35 62 64
9 22 96 3 15
9 23 43 51 59
9 24 33 63 63
9 25 14 75 72
9 26 12 77 89
9 27 47 58 56
9 28 15 74 80
9 29 24 65 76
9 30 43 48 49
9 31 89 14 20
9 32 18 83 83
9 33 80 19 29
9 34 28 66 75
9 35 51 52 55
9 36 13 80 79
9 37 90 22 12
9 38 49 57 50
9 39 87 15 12
10 11 11 77 87
10 12 58 47 41
10 13 55 45 46
10 14 26 69 74
10 15 45 46 61
10 16 0 91 86
10 17 88 20 10
10 18 9 79 85
10 19 95 13 18
10 20 39 62 61
10 21 11 82 79
10 22 99 12 4
10 23 37 66 56
10 24 67 30 30
10 25 77 26 28
10 26 94 7 18
10 27 94 5 7
10 28 16 73 77
10 29 4 88 88
10 30 53 47 54
10 31 75 26 35
10 32 60 37 39
10 33 31 70 66
10 34 28 69 69
10 35 14 77 86
10 36 31 62 72
10 37 36 55 68
10 38 83 17 18
10 39 75 24 33
11 12 64 37 32
11 13 11 87 83
11 14 48 45 50
11 15 62 38 32
11 16 4 87 93
11 17 60 39 34
11 18 80 27 19
11 19 20 71 72
11 20 45 53 55
11 21 4 84 86
11 22 40 53 51
11 23 12 79 79
11 24 13 80 74
11 25 66 29 41
11 26 9 83 78
11 27 27 64 66
11 28 84 16 26
11 29 49 57 44
11 30 29 61 63
11 31 66 39 34
11 32 23 66 67
11 33 44 48 52
11 34 15 82 76
11 35 24 77 71
11 36 59 34 34
11 37 55 45 49
11 38 19 76 80
11 39 74 28 26
12 13 49 52 47
12 14 47 57 48
12 15 74 22 31
12 16 83 24 18
12 17 89 21 9
12 18 20 73 73
12 19 66 28 42
12 20 44 54 50
12 21 52 51 52
12 22 82 16 23
12 23 14 81 79
12 24 14 85 82
12 25 5 89 95
12 26 3 87 94
12 27 96 6 9
12 28 12 84 78
12 29 50 54 43
12 30 65 30 39
12 31 15 76 75
12 32 40 65 61
12 33 62 38 38
12 34 21 70 76
12 35 0 89 86
12 36 21 79 69
12 37 90 16 19
12 38 69 40 30
12 39 36 60 64
13 14 32 59 62
13 15 97 6 12
13 16 14 85 76
13 17 35 56 54
13 18 27 63 75
13 19 15 77 79
13 20 68 39 37
13 21 1 89 86
13 22 70 34 34
13 23 81 30 21
13 24 91 11 14
13 25 39 54 59
13 26 55 40 50
13 27 13 82 86
13 28 86 17 15
13 29 46 54 56
13 30 48 49 44
13 31 35 67 55
13 32 76 29 22
13 33 2 90 97
13 34 68 34 33
13 35 58 42 48
13 36 56 45 46
13 37 99 12 6
13 38 59 46 48
13 39 31 68 65
14 15 47 53 59
14 16 24 73 78
14 17 99 9 13
14 18 51 49 54
14 19 19 77 80
14 20 10 79 80
14 21 61 43 35
14 22 37 54 62
14 23 76 28 22
14 24 95 16 16
14 25 48 48 58
14 26 2 89 93
14 27 55 48 38
14 28 5 94 88
14 29 17 82 72
14 30 34 64 65
14 31 84 24 22
14 32 50 50 43
14 33 39 51 57
14 34 90 20 21
14 35 65 39 39
14 36 95 15 16
14 37 92 11 15
14 38 56 41 48
14 39 29 72 61
15 16 91 20 7
15 17 40 50 61
15 18 26 71 63
15 19 91 8 16
15 20 99 7 5
15 21 69 36 32
15 22 19 77 81
15 23 23 71 71
15 24 53 52 49
15 25 51 49 42
15 26 36 66 66
15 27 4 85 93
15 28 57 50 39
15 29 78 31 23
15 30 82 16 22
15 31 5 92 90
15 32 53 42 47
15 33 39 61 54
15 34 93 10 10
15 35 78 22 22
15 36 66 42 28
15 37 90 15 19
15 38 35 64 60
15 39 28 72 66
16 17 19 69 78
16 18 11 82 89
16 19 56 42 40
16 20 21 82 67
16 21 63 38 34
16 22 36 68 67
16 23 22 71 69
16 24 64 31 42
16 25 68 40 29
16 26 37 60 57
16 27 93 19 19
16 28 47 59 50
16 29 65 39 32
16 30 92 19 15
16 31 40 53 60
16 32 24 67 78
16 33 89 23 17
16 34 81 18 17
16 35 77 29 24
16 36 98 2 2
16 37 9 86 87
16 38 62 31 40
16 39 97 6 16
17 18 55 46 40
17 19 89 9 8
17 20 25 71 78
17 21 85 18 26
17 22 54 51 39
17 23 87 11 14
17 24 83 19 14
17 25 78 31 26
17 26 74 25 28
17 27 38 62 65
17 28 8 88 80
17 29 36 62 54
17 30 59 36 40
17 31 60 41 38
17 32 27 72 62
17 33 44 58 58
17 34 29 62 72
17 35 26 68 73
17 36 16 73 71
17 37 79 21 31
17 38 81 30 16
17 39 86 12 16
18 19 47 51 55
18 20 71 27 37
18 21 6 92 86
18 22 56 40 41
18 23 36 57 61
18 24 40 53 62
18 25 96 13 4
18 26 76 29 32
18 27 5 80 86
18 28 94 7 14
18 29 98 7 7
18 30 19 73 78
18 31 93 12 6
18 32 93 18 16
18 33 44 60 55
18 34 94 9 18
18 35 81 18 22
18 36 74 29 29
18 37 27 75 67
18 38 66 38 39
18 39 63 44 37
19 20 80 20 30
19 21 22 69 73
19 22 51 46 43
19 23 28 63 69
19 24 91 11 13
19 25 79 31 23
19 26 0 87 96
19 27 57 48 47
19 28 70 31 32
19 29 73 23 32
19 30 98 7 4
19 31 14 82 75
19 32 54 38 42
19 33 53 46 53
19 34 66 33 42
19 35 41 58 50
19 36 44 56 59
19 37 72 25 35
19 38 36 56 55
19 39 13 84 80
20 21 32 71 59
20 22 76 29 24
20 23 10 88 89
20 24 25 74 71
20 25 17 82 72
20 26 41 61 55
20 27 57 41 50
20 28 94 12 11
20 29 36 57 56
20 30 27 73 70
20 31 72 35 37
20 32 31 71 71
20 33 5 87 80
20 34 94 13 15
20 35 29 62 69
20 36 22 68 79
20 37 87 12 10
20 38 55 39 50
20 39 49 49 55
21 22 3 96 92
21 23 32 59 63
21 24 5 89 86
21 25 6 81 86
21 26 62 46 34
21 27 54 45 49
21 28 82 28 15
21 29 22 76 73
21 30 65 38 42
21 31 31 67 60
21 32 27 70 61
21 33 91 8 11
21 34 21 74 79
21 35 92 19 15
21 36 75 30 35
21 37 89 9 14
21 38 69 39 29
21 39 83 23 27
22 23 57 49 50
22 24 34 62 57
22 25 40 52 52
22 26 73 28 24
22 27 36 61 62
22 28 59 41 36
22 29 85 14 11
22 30 54 42 38
22 31 38 54 65
22 32 54 44 50
22 33 91 7 16
22 34 10 85 86
22 35 3 95 85
22 36 78 22 18
22 37 43 56 62
22 38 82 15 24
22 39 44 51 61
23 24 61 44 44
23 25 92 9 9
23 26 9 78 78
23 27 74 33 30
23 28 39 65 64
23 29 29 61 67
23 30 75 24 27
23 31 7 84 92
23 32 74 26 27
23 33 23 70 73
23 34 47 46 54
23 35 48 51 53
23 36 14 85 82
23 37 86 15 21
23 38 46 53 50
23 39 35 66 55
24 25 68 41 30
24 26 37 58 59
24 27 59 40 43
24 28 47 59 50
24 29 33 70 67
24 30 17 81 74
24 31 38 63 66
24 32 3 83 87
24 33 97 16 10
24 34 8 83 90
24 35 36 60 55
24 36 48 55 52
24 37 95 15 5
24 38 52 44 42
24 39 74 24 32
25 26 72 31 25
25 27 70 33 37
25 28 91 7 17
25 29 17 83 71
25 30 46 50 48
25 31 18 69 78
25 32 38 67 56
25 33 65 42 43
25 34 35 64 61
25 35 56 40 47
25 36 48 56 56
25 37 29 70 73
25 38 71 34 32
25 39 88 18 17
26 27 17 71 79
26 28 90 8 17
26 29 18 69 70
26 30 67 28 32
26 31 84 13 24
26 32 5 93 93
26 33 85 26 26
26 34 21 81 74
26 35 15 71 78
26 36 83 23 28
26 37 60 46 34
26 38 16 78 85
26 39 84 18 17
27 28 27 75 76
27 29 93 11 16
27 30 34 64 59
27 31 15 80 73
27 32 4 91 81
27 33 34 57 67
27 34 14 76 81
27 35 47 55 45
27 36 96 15 15
27 37 17 71 79
27 38 60 39 44
27 39 18 79 77
28 29 97 8 8
28 30 28 67 63
28 31 4 82 81
28 32 39 61 57
28 33 58 47 36
28 34 6 85 80
28 35 32 57 71
28 36 12 75 85
28 37 50 47 49
28 38 24 78 65
28 39 9 89 92
29 30 53 54 45
29 31 92 9 17
29 32 48 52 53
29 33 71 36 32
29 34 64 32 44
29 35 59 42 39
29 36 99 7 3
29 37 26 74 63
29 38 16 72 73
29 39 19 79 75
30 31 58 40 35
30 32 10 78 84
30 33 92 21 13
30 34 57 43 44
30 35 85 23 25
30 36 16 85 84
30 37 93 11 8
30 38 23 69 76
30 39 62 35 34
31 32 63 38 34
31 33 13 87 82
31 34 60 42 37
31 35 96 5 15
31 36 24 79 74
31 37 39 59 65
31 38 78 26 23
31 39 55 51 49
32 33 1 93 87
32 34 77 33 29
32 35 50 56 52
32 36 8 80 79
32 37 62 42 44
32 38 60 45 36
32 39 18 71 81
33 34 12 76 87
33 35 12 85 89
33 36 85 26 21
33 37 60 40 34
33 38 73 28 37
33 39 90 17 15
34 35 88 14 12
34 36 10 84 88
34 37 13 75 88
34 38 82 23 18
34 39 7 87 79
35 36 2 93 84
35 37 57 46 49
35 38 15 74 83
35 39 29 67 64
36 37 97 16 4
36 38 49 48 46
36 39 23 67 79
37 38 45 55 51
37 39 2 92 87
38 39 88 10 10
