42
0 1 21 71 75
0 2 57 39 51
0 3 46 51 55
0 4 12 83 79
0 5 68 28 36
0 6 53 41 46
0 7 83 18 25
0 8 71 32 30
0 9 2 91 87
0 10 49 53 55
0 11 65 31 38
0 12 1 84 87
0 13 0 93 98
0 14 62 43 42
0 15 84 18 27
0 16 63 40 40
0 17 90 10 14
0 18 98 6 5
0 19 72 31 34
0 20 99 3 8
0 21 15 73 82
0 22 75 21 28
0 23 21 79 78
0 24 87 19 24
0 25 66 30 31
0 26 16 78 75
0 27 24 65 69
0 28 37 63 54
0 29 53 41 50
0 30 33 67 62
0 31 22 73 66
0 32 72 36 37
0 33 19 69 74
0 34 26 62 63
0 35 82 19 26
0 36 82 17 18
0 37 82 27 25
0 38 63 42 35
0 39 45 57 48
0 40 69 34 30
0 41 98 13 9
1 2 10 83 86
1 3 49 44 53
1 4 24 71 70
1 5 48 45 55
1 6 47 53 49
1 7 50 42 42
1 8 1 92 97
1 9 53 43 52
1 10 86 22 16
1 11 64 42 34
1 12 19 74 71
1 13 55 43 52
1 14 14 78 75
1 15 13 80 79
1 16 78 31 23
1 17 18 71 79
1 18 12 83 84
1 19 74 27 26
1 20 25 65 68
1 21 33 65 64
1 22 36 65 64
1 23 95 8 12
1 24 69 34 33
1 25 56 51 40
1 26 21 78 69
1 27 0 91 86
1 28 31 66 71
1 29 48 51 55
1 30 24 74 68
1 31 43 56 49
1 32 69 26 28
1 33 42 49 60
1 34 72 31 25
1 35 80 29 24
1 36 25 66 75
1 37 11 86 85
1 38 34 55 64
1 39 54 50 44
1 40 15 80 86
1 41 88 16 24
2 3 22 73 70
2 4 58 46 40
2 5 87 18 23
2 6 43 58 62
2 7 58 43 39
2 8 99 4 7
2 9 40 51 56
2 10 37 59 62
2 11 43 60 59
2 12 34 70 63
2 13 82 24 29
2 14 73 33 29
2 15 62 36 39
2 16 62 38 33
2 17 27 65 76
2 18 10 77 90
2 19 97 11 15
2 20 22 68 75
2 21 69 26 40
2 22 92 19 9
2 23 64 43 39
2 24 69 37 31
2 25 42 55 62
2 26 1 96 95
2 27 4 81 92
2 28 90 14 9
2 29 73 28 33
2 30 39 52 52
2 31 17 74 84
2 32 20 68 74
2 33 47 48 59
2 34 99 14 9
2 35 67 31 39
2 36 7 91 85
2 37 57 40 39
2 38 31 72 63
2 39 7 84 85
2 40 23 68 66
2 41 56 39 48
3 4 16 84 78
3 5 90 14 12
3 6 68 29 28
3 7 80 26 25
3 8 50 43 47
3 9 61 39 35
3 10 62 44 36
3 11 83 28 17
3 12 28 66 70
3 13 96 10 16
3 14 29 68 73
3 15 44 52 54
3 16 94 7 7
3 17 88 10 21
3 18 52 46 54
3 19 54 42 46
3 20 38 52 59
3 21 73 24 33
3 22 84 16 25
3 23 14 81 72
3 24 81 30 20
3 25 88 10 18
3 26 4 95 85
3 27 99 6 14
3 28 71 25 39
3 29 53 48 50
3 30 22 73 68
3 31 39 61 63
3 32 39 62 55
3 33 79 25 25
3 34 86 13 19
3 35 74 25 29
3 36 1 96 88
3 37 32 60 71
3 38 7 88 89
3 39 70 38 35
3 40 88 16 14
3 41 25 74 67
4 5 56 40 38
4 6 1 88 90
4 7 22 72 72
4 8 48 54 50
4 9 80 19 18
4 10 1 92 91
4 11 53 41 44
4 12 65 43 41
4 13 0 90 97
4 14 33 64 70
4 15 3 82 85
4 16 70 38 30
4 17 77 23 30
4 18 73 34 31
4 19 30 69 71
4 20 23 70 77
4 21 18 75 84
4 22 70 27 27
4 23 2 90 84
4 24 57 43 49
4 25 23 75 71
4 26 13 74 80
4 27 58 39 48
4 28 42 61 63
4 29 32 66 60
4 30 98 14 10
4 31 54 51 39
4 32 81 16 18
4 33 2 92 91
4 34 1 95 91
4 35 53 45 44
4 36 80 26 18
4 37 53 40 46
4 38 85 19 26
4 39 66 37 34
4 40 36 62 65
4 41 9 80 82
5 6 88 10 22
5 7 59 36 42
5 8 85 20 20
5 9 96 16 6
5 10 0 89 95
5 11 93 13 16
5 12 21 69 78
5 13 26 67 68
5 14 31 69 58
5 15 65 40 40
5 16 2 91 85
5 17 66 41 30
5 18 20 76 67
5 19 68 39 33
5 20 91 14 8
5 21 91 15 19
5 22 69 33 27
5 23 66 37 37
5 24 5 88 84
5 25 4 85 94
5 26 53 48 45
5 27 88 15 24
5 28 96 13 6
5 29 27 68 67
5 30 17 83 83
5 31 10 78 83
5 32 51 43 43
5 33 86 18 15
5 34 3 87 91
5 35 73 37 28
5 36 12 75 80
5 37 58 39 39
5 38 43 51 51
5 39 18 69 78
5 40 53 49 52
5 41 59 38 43
6 7 68 35 38
6 8 29 70 69
6 9 99 8 10
6 10 50 47 49
6 11 46 55 46
6 12 11 80 75
6 13 53 41 41
6 14 25 76 65
6 15 13 87 83
6 16 14 80 78
6 17 4 90 94
6 18 4 89 88
6 19 11 80 86
6 20 7 90 79
6 21 25 75 68
6 22 88 24 22
6 23 16 74 80
6 24 27 75 63
6 25 94 7 14
6 26 24 68 69
6 27 22 70 74
6 28 51 45 44
6 29 10 79 83
6 30 90 19 13
6 31 32 58 71
6 32 17 80 77
6 33 57 42 38
6 34 29 70 74
6 35 92 10 17
6 36 52 44 49
6 37 78 32 22
6 38 83 16 24
6 39 70 34 37
6 40 80 16 17
6 41 79 20 29
7 8 15 72 73
7 9 6 88 86
7 10 57 37 50
7 11 22 68 68
7 12 25 63 67
7 13 69 30 35
7 14 92 14 14
7 15 88 21 23
7 16 52 43 41
7 17 50 55 56
7 18 55 44 50
7 19 54 41 43
7 20 93 6 8
7 21 8 80 92
7 22 44 49 50
7 23 47 51 46
7 24 4 89 86
7 25 80 21 18
7 26 81 18 20
7 27 28 69 71
7 28 19 71 72
7 29 3 96 85
7 30 65 39 39
7 31 63 39 38
7 32 89 12 12
7 33 86 22 23
7 34 92 13 14
7 35 41 60 52
7 36 95 5 17
7 37 10 86 90
7 38 52 53 52
7 39 39 62 59
7 40 8 87 83
7 41 44 60 48
8 9 38 66 60
8 10 70 31 36
8 11 10 78 78
8 12 31 69 66
8 13 56 51 51
8 14 20 71 76
8 15 31 72 69
8 16 10 78 83
8 17 22 68 71
8 18 40 53 64
8 19 67 29 38
8 20 67 40 29
8 21 90 14 20
8 22 69 37 32
8 23 60 44 36
8 24 76 33 33
8 25 69 31 37
8 26 64 40 39
8 27 20 79 75
8 28 31 66 61
8 29 29 68 73
8 30 69 29 39
8 31 25 64 75
8 32 40 52 54
8 33 95 5 8
8 34 95 14 4
8 35 3 91 90
8 36 9 90 87
8 37 62 35 42
8 38 6 83 92
8 39 6 92 89
8 40 8 87 78
8 41 12 83 87
9 10 43 61 54
9 11 4 89 90
9 12 43 54 52
9 13 79 24 31
9 14 46 47 54
9 15 65 31 39
9 16 61 34 36
9 17 96 12 16
9 18 60 37 44
9 19 82 18 14
9 20 37 56 59
9 21 69 32 28
9 22 38 60 56
9 23 54 52 47
9 24 67 39 33
9 25 5 93 81
9 26 74 26 28
9 27 44 60 51
9 28 45 49 54
9 29 98 10 15
9 30 44 57 49
9 31 59 37 47
9 32 45 57 56
9 33 53 44 42
9 34 85 24 18
9 35 67 33 36
9 36 11 87 79
9 37 22 77 76
9 38 25 74 63
9 39 89 14 11
9 40 86 21 23
9 41 59 49 42
10 11 14 83 82
10 12 92 9 7
10 13 90 15 11
10 14 3 82 84
10 15 50 43 53
10 16 28 63 66
10 17 71 29 32
10 18 65 35 32
10 19 98 11 5
10 20 0 86 94
10 21 35 65 60
10 22 89 22 21
10 23 7 86 83
10 24 18 73 76
10 25 18 75 73
10 26 58 45 46
10 27 75 35 22
10 28 21 75 78
10 29 75 34 25
10 30 25 73 68
10 31 42 61 60
10 32 4 86 92
10 33 74 27 32
10 34 99 4 1
10 35 94 5 7
10 36 27 64 75
10 37 90 21 20
10 38 39 64 59
10 39 23 69 72
10 40 76 33 22
10 41 76 23 33
11 12 16 85 74
11 13 70 28 31
11 14 14 86 84
11 15 95 4 15
11 16 91 14 16
11 17 60 38 43
11 18 25 72 70
11 19 75 33 25
11 20 91 16 12
11 21 75 24 28
11 22 0 90 89
11 23 44 61 60
11 24 24 78 69
11 25 1 92 87
11 26 42 56 59
11 27 33 64 63
11 28 12 86 75
11 29 99 4 12
11 30 14 75 85
11 31 89 9 22
11 32 44 50 53
11 33 81 19 18
11 34 51 45 46
11 35 15 79 78
11 36 62 42 45
11 37 1 83 89
11 38 83 25 15
11 39 59 37 49
11 40 17 77 83
11 41 31 59 63
12 13 93 20 14
12 14 83 18 23
12 15 60 36 34
12 16 40 57 63
12 17 3 86 94
12 18 9 87 90
12 19 66 41 36
12 20 98 12 6
12 21 62 31 37
12 22 91 21 19
12 23 73 36 29
12 24 53 43 47
12 25 13 81 83
12 26 13 86 78
12 27 5 85 90
12 28 48 51 58
12 29 64 30 39
12 30 96 14 3
12 31 61 44 43
12 32 80 23 22
12 33 42 52 51
12 34 88 12 12
12 35 47 58 52
12 36 4 88 83
12 37 97 11 4
12 38 55 41 38
12 39 80 20 17
12 40 8 84 84
12 41 72 35 34
13 14 67 28 34
13 15 56 45 45
13 16 95 15 11
13 17 39 60 55
13 18 8 90 89
13 19 84 25 17
13 20 20 82 81
13 21 3 93 86
13 22 74 23 24
13 23 79 31 20
13 24 48 48 49
13 25 2 91 85
13 26 59 47 34
13 27 61 45 46
13 28 3 89 91
13 29 68 28 30
13 30 35 66 64
13 31 94 9 16
13 32 96 13 12
13 33 49 43 53
13 34 69 36 26
13 35 56 40 36
13 36 7 86 90
13 37 38 62 53
13 38 97 13 5
13 39 81 16 22
13 40 26 71 69
13 41 17 80 72
14 15 48 48 47
14 16 98 10 14
14 17 0 88 98
14 18 94 18 12
14 19 92 16 8
14 20 51 42 48
14 21 50 43 49
14 22 28 75 66
14 23 71 26 31
14 24 52 50 40
14 25 43 49 59
14 26 51 42 45
14 27 87 24 12
14 28 88 12 20
14 29 0 85 86
14 30 90 8 19
14 31 78 31 29
14 32 32 57 68
14 33 32 68 59
14 34 26 65 76
14 35 4 84 83
14 36 26 76 68
14 37 41 63 61
14 38 45 47 48
14 39 36 67 68
14 40 47 59 52
14 41 86 19 18
15 16 67 28 29
15 17 7 91 84
15 18 40 51 63
15 19 55 41 42
15 20 44 50 47
15 21 54 45 41
15 22 15 77 73
15 23 6 92 88
15 24 90 19 19
15 25 33 63 59
15 26 43 52 49
15 27 32 72 65
15 28 61 42 35
15 29 4 94 94
15 30 93 13 10
15 31 49 55 55
15 32 22 81 66
15 33 72 33 28
15 34 39 65 56
15 35 54 47 42
15 36 90 16 9
15 37 48 47 44
15 38 19 82 68
15 39 81 15 18
15 40 26 62 72
15 41 16 86 79
16 17 46 50 53
16 18 8 89 86
16 19 51 44 48
16 20 47 45 48
16 21 54 46 52
16 22 28 72 75
16 23 57 42 46
16 24 30 63 71
16 25 59 44 35
16 26 44 54 47
16 27 51 43 45
16 28 45 54 54
16 29 4 94 92
16 30 16 81 80
16 31 9 78 86
16 32 56 51 47
16 33 86 16 13
16 34 66 32 29
16 35 60 37 33
16 36 92 10 12
16 37 88 14 17
16 38 67 42 41
16 39 33 70 70
16 40 67 41 42
16 41 81 29 21
17 18 78 32 30
17 19 4 87 82
17 20 8 77 89
17 21 81 23 23
17 22 2 88 85
17 23 26 66 70
17 24 70 31 33
17 25 79 22 25
17 26 9 85 84
17 27 78 22 20
17 28 48 50 45
17 29 84 16 19
17 30 53 53 42
17 31 0 93 95
17 32 20 72 78
17 33 40 60 65
17 34 7 92 86
17 35 68 33 31
17 36 17 74 73
17 37 1 91 88
17 38 44 60 49
17 39 21 80 75
17 40 81 19 30
17 41 56 44 40
18 19 44 52 61
18 20 85 27 20
18 21 34 66 62
18 22 18 73 83
18 23 46 57 56
18 24 45 46 52
18 25 50 49 55
18 26 96 5 6
18 27 77 33 23
18 28 8 80 82
18 29 56 46 50
18 30 80 26 24
18 31 48 43 50
18 32 78 20 22
18 33 36 67 57
18 34 12 74 87
18 35 39 64 55
18 36 57 43 42
18 37 11 80 76
18 38 46 56 55
18 39 83 25 28
18 40 12 80 78
18 41 9 77 83
19 20 38 55 61
19 21 78 31 30
19 22 57 39 36
19 23 86 22 21
19 24 36 60 66
19 25 60 40 36
19 26 23 65 69
19 27 26 76 75
19 28 54 49 42
19 29 31 63 63
19 30 68 41 40
19 31 65 40 29
19 32 9 90 78
19 33 11 79 80
19 34 24 65 66
19 35 26 65 75
19 36 94 19 12
19 37 73 33 33
19 38 28 71 71
19 39 21 68 75
19 40 1 96 86
19 41 36 57 57
20 21 37 67 55
20 22 90 18 13
20 23 75 23 23
20 24 6 92 86
20 25 1 84 96
20 26 53 51 46
20 27 32 58 59
20 28 64 43 40
20 29 13 88 73
20 30 63 36 33
20 31 28 64 69
20 32 12 84 88
20 33 37 63 58
20 34 19 72 69
20 35 83 16 28
20 36 60 46 47
20 37 48 54 48
20 38 63 39 45
20 39 3 88 93
20 40 38 63 54
20 41 38 65 55
21 22 79 17 28
21 23 88 22 18
21 24 10 82 90
21 25 10 85 78
21 26 86 16 16
21 27 0 91 97
21 28 50 53 48
21 29 5 90 92
21 30 43 59 54
21 31 45 57 47
21 32 12 78 74
21 33 77 22 24
21 34 45 46 48
21 35 22 73 79
21 36 69 38 28
21 37 76 25 24
21 38 21 66 79
21 39 91 16 16
21 40 56 40 51
21 41 20 67 77
22 23 71 28 29
22 24 95 4 8
22 25 30 70 65
22 26 36 66 67
22 27 73 35 35
22 28 72 34 25
22 29 79 19 19
22 30 88 10 20
22 31 17 71 80
22 32 6 82 92
22 33 36 54 57
22 34 61 47 43
22 35 66 29 35
22 36 68 35 34
22 37 49 49 54
22 38 49 54 50
22 39 34 66 67
22 40 98 12 1
22 41 99 1 0
23 24 84 21 19
23 25 19 69 82
23 26 38 61 66
23 27 41 54 62
23 28 95 14 17
23 29 43 58 58
23 30 34 56 63
23 31 10 87 84
23 32 37 66 57
23 33 70 38 39
23 34 34 57 59
23 35 55 39 41
23 36 16 73 72
23 37 70 36 30
23 38 53 51 44
23 39 97 12 8
23 40 35 63 68
23 41 56 45 39
24 25 65 30 42
24 26 72 37 29
24 27 7 79 84
24 28 11 81 80
24 29 31 68 65
24 30 29 61 63
24 31 32 72 67
24 32 66 38 37
24 33 60 41 39
24 34 14 73 80
24 35 27 76 68
24 36 94 12 15
24 37 54 42 44
24 38 89 15 22
24 39 39 61 61
24 40 66 29 42
24 41 88 13 21
25 26 63 34 35
25 27 97 12 15
25 28 61 40 45
25 29 79 21 20
25 30 80 22 20
25 31 0 94 89
25 32 83 22 28
25 33 52 49 41
25 34 4 90 90
25 35 88 21 17
25 36 9 78 78
25 37 29 69 61
25 38 69 26 27
25 39 83 19 19
25 40 1 85 92
25 41 8 85 81
26 27 10 78 76
26 28 57 44 36
26 29 87 20 15
26 30 8 79 90
26 31 99 1 11
26 32 96 15 6
26 33 16 79 79
26 34 1 94 94
26 35 26 70 75
26 36 47 48 45
26 37 11 81 90
26 38 64 30 30
26 39 27 69 71
26 40 14 86 76
26 41 24 68 74
27 28 32 57 64
27 29 86 17 24
27 30 22 68 66
27 31 51 45 43
27 32 73 28 31
27 33 65 36 36
27 34 38 66 58
27 35 85 18 18
27 36 89 22 13
27 37 81 17 27
27 38 43 53 51
27 39 47 54 49
27 40 39 65 60
27 41 19 72 74
28 29 69 29 39
28 30 88 11 13
28 31 35 58 58
28 32 3 83 93
28 33 21 70 81
28 34 68 34 38
28 35 30 73 63
28 36 63 32 36
28 37 40 55 61
28 38 90 18 18
28 39 1 90 91
28 40 6 83 84
28 41 7 87 84
29 30 58 50 43
29 31 25 76 76
29 32 16 72 76
29 33 2 89 90
29 34 18 74 74
29 35 57 49 39
29 36 9 82 89
29 37 24 67 78
29 38 22 76 79
29 39 54 49 46
29 40 57 45 47
29 41 56 45 45
30 31 72 34 34
30 32 15 72 77
30 33 75 25 34
30 34 28 62 65
30 35 80 22 22
30 36 61 36 47
30 37 69 36 30
30 38 99 12 1
30 39 83 27 15
30 40 61 37 37
30 41 70 27 31
31 32 81 29 21
31 33 76 22 29
31 34 2 94 89
31 35 47 46 57
31 36 38 62 62
31 37 67 38 38
31 38 63 32 42
31 39 2 95 87
31 40 80 19 26
31 41 66 41 36
32 33 51 48 51
32 34 28 75 61
32 35 27 76 62
32 36 51 41 54
32 37 40 61 60
32 38 76 28 27
32 39 16 84 71
32 40 20 78 76
32 41 28 64 72
33 34 34 67 56
33 35 41 51 62
33 36 3 86 91
33 37 45 52 50
33 38 10 90 79
33 39 7 92 86
33 40 46 46 50
33 41 76 27 30
34 35 81 23 17
34 36 20 82 68
34 37 34 65 63
34 38 80 17 31
34 39 95 18 14
34 40 25 64 71
34 41 26 64 67
35 36 40 57 51
35 37 99 4 1
35 38 48 53 57
35 39 16 78 79
35 40 37 55 65
35 41 86 13 25
36 37 20 72 77
36 38 22 66 69
36 39 88 12 13
36 40 47 46 49
36 41 90 10 15
37 38 37 55 60
37 39 40 57 52
37 40 38 59 55
37 41 58 48 45
38 39 20 80 73
38 40 97 10 13
38 41 23 65 74
39 40 5 92 80
39 41 34 56 69
40 41 46 52 54
