45
0 1 85 14 17
0 2 88 19 20
0 3 51 48 43
0 4 36 58 63
0 5 58 38 43
0 6 87 14 21
0 7 47 49 52
0 8 61 37 33
0 9 74 23 31
0 10 46 49 53
0 11 67 27 41
0 12 14 82 84
0 13 70 38 33
0 14 92 15 18
0 15 6 85 92
0 16 43 62 56
0 17 8 81 79
0 18 37 54 67
0 19 44 61 58
0 20 12 82 79
0 21 65 39 38
0 22 9 87 84
0 23 51 44 46
0 24 31 62 65
0 25 29 70 74
0 26 79 24 30
0 27 48 52 52
0 28 42 53 49
0 29 40 57 60
0 30 38 54 63
0 31 75 29 31
0 32 3 84 95
0 33 36 59 64
0 34 49 47 56
0 35 35 60 60
0 36 65 40 42
0 37 96 3 8
0 38 22 72 75
0 39 1 97 96
0 40 34 68 68
0 41 61 47 44
0 42 19 72 82
0 43 15 79 84
0 44 36 67 60
1 2 13 83 87
1 3 14 75 79
1 4 35 61 65
1 5 70 40 34
1 6 87 11 20
1 7 60 45 47
1 8 70 28 37
1 9 44 54 55
1 10 11 87 88
1 11 1 93 91
1 12 51 45 42
1 13 69 32 30
1 14 2 89 90
1 15 73 31 29
1 16 33 59 64
1 17 42 55 63
1 18 20 80 79
1 19 56 49 40
1 20 7 82 84
1 21 53 45 52
1 22 38 63 59
1 23 67 35 36
1 24 97 12 5
1 25 2 96 82
1 26 38 64 66
1 27 92 8 15
1 28 39 56 63
1 29 35 69 59
1 30 12 78 82
1 31 96 13 12
1 32 41 64 56
1 33 76 31 25
1 34 69 28 39
1 35 28 64 62
1 36 82 21 29
1 37 22 69 66
1 38 68 32 33
1 39 26 68 76
1 40 33 69 67
1 41 61 45 35
1 42 52 48 48
1 43 94 14 8
1 44 25 74 65
2 3 73 29 33
2 4 93 19 14
2 5 37 65 63
2 6 28 70 66
2 7 36 60 66
2 8 66 41 38
2 9 49 49 43
2 10 50 49 51
2 11 38 63 66
2 12 95 6 6
2 13 95 18 9
2 14 54 45 46
2 15 45 46 51
2 16 84 13 23
2 17 12 80 78
2 18 18 82 83
2 19 32 61 71
2 20 70 37 32
2 21 67 28 40
2 22 29 61 70
2 23 15 85 79
2 24 13 86 78
2 25 54 44 43
2 26 4 89 84
2 27 15 72 79
2 28 56 40 40
2 29 0 98 98
2 30 89 19 10
2 31 75 21 29
2 32 24 65 76
2 33 38 60 55
2 34 9 77 83
2 35 46 57 56
2 36 34 60 56
2 37 6 94 90
2 38 3 87 85
2 39 0 91 95
2 40 57 45 49
2 41 28 71 70
2 42 89 20 23
2 43 32 62 63
2 44 74 26 28
3 4 96 7 9
3 5 84 18 20
3 6 11 75 81
3 7 27 71 63
3 8 18 84 79
3 9 20 70 72
3 10 75 32 32
3 11 61 38 40
3 12 18 79 71
3 13 55 46 43
3 14 79 27 29
3 15 75 21 23
3 16 24 73 69
3 17 80 25 22
3 18 31 68 63
3 19 92 19 14
3 20 4 87 84
3 21 76 31 31
3 22 18 71 81
3 23 95 4 12
3 24 16 80 80
3 25 62 35 36
3 26 64 36 31
3 27 82 23 20
3 28 66 35 28
3 29 67 36 31
3 30 35 63 64
3 31 30 62 71
3 32 0 90 89
3 33 5 94 91
3 34 7 86 87
3 35 0 95 94
3 36 0 90 90
3 37 37 56 59
3 38 18 81 75
3 39 91 16 10
3 40 74 32 29
3 41 51 42 55
3 42 25 66 70
3 43 73 26 24
3 44 61 46 46
4 5 97 10 2
4 6 67 40 29
4 7 78 29 21
4 8 53 42 44
4 9 59 43 42
4 10 89 13 23
4 11 17 78 71
4 12 99 14 7
4 13 65 32 38
4 14 10 83 90
4 15 39 63 57
4 16 63 32 38
4 17 75 23 32
4 18 55 49 40
4 19 54 44 43
4 20 33 64 69
4 21 87 18 20
4 22 31 71 67
4 23 78 29 20
4 24 96 14 6
4 25 13 85 82
4 26 86 21 18
4 27 21 80 76
4 28 18 80 71
4 29 59 47 43
4 30 50 51 53
4 31 61 36 36
4 32 70 32 39
4 33 13 75 76
4 34 4 86 87
4 35 98 14 7
4 36 92 13 11
4 37 54 42 52
4 38 96 17 4
4 39 86 18 20
4 40 74 26 28
4 41 44 56 49
4 42 24 64 73
4 43 18 69 83
4 44 81 17 18
5 6 57 36 41
5 7 5 94 84
5 8 99 5 7
5 9 99 6 13
5 10 47 48 47
5 11 50 46 42
5 12 4 92 84
5 13 72 30 33
5 14 43 53 49
5 15 31 66 70
5 16 92 8 10
5 17 43 60 57
5 18 60 41 35
5 19 58 48 46
5 20 12 82 87
5 21 80 19 21
5 22 21 76 77
5 23 68 37 35
5 24 68 34 33
5 25 76 34 20
5 26 39 51 66
5 27 77 21 28
5 28 91 13 18
5 29 61 34 41
5 30 0 93 95
5 31 23 66 74
5 32 69 26 33
5 33 90 13 9
5 34 51 46 53
5 35 83 25 18
5 36 71 31 26
5 37 57 47 41
5 38 74 22 23
5 39 87 16 16
5 40 93 17 15
5 41 32 70 71
5 42 1 87 94
5 43 18 73 76
5 44 79 25 25
6 7 81 19 18
6 8 76 25 26
6 9 67 37 39
6 10 12 81 78
6 11 53 45 50
6 12 21 68 70
6 13 88 17 17
6 14 70 39 27
6 15 16 75 78
6 16 99 4 9
6 17 86 19 13
6 18 46 48 56
6 19 3 94 84
6 20 73 36 35
6 21 63 34 40
6 22 56 51 45
6 23 17 70 83
6 24 54 45 39
6 25 62 38 38
6 26 86 12 13
6 27 74 24 25
6 28 97 13 3
6 29 76 32 29
6 30 44 47 52
6 31 95 14 8
6 32 51 44 42
6 33 18 78 73
6 34 78 23 31
6 35 9 91 79
6 36 15 72 84
6 37 11 77 84
6 38 23 71 69
6 39 98 3 3
6 40 12 85 78
6 41 17 81 75
6 42 25 68 73
6 43 0 88 86
6 44 61 35 45
7 8 11 87 82
7 9 26 70 72
7 10 46 46 45
7 11 4 89 91
7 12 41 62 55
7 13 31 67 64
7 14 98 8 14
7 15 5 93 83
7 16 6 90 82
7 17 39 52 56
7 18 19 81 81
7 19 96 11 11
7 20 37 62 66
7 21 7 81 82
7 22 23 71 78
7 23 74 34 24
7 24 8 81 89
7 25 21 69 74
7 26 78 27 24
7 27 6 82 80
7 28 15 73 74
7 29 57 49 39
7 30 34 59 60
7 31 94 11 15
7 32 8 83 88
7 33 29 71 68
7 34 35 62 59
7 35 74 32 29
7 36 3 86 84
7 37 66 30 28
7 38 17 74 76
7 39 80 28 20
7 40 68 29 28
7 41 86 22 19
7 42 48 44 57
7 43 57 42 45
7 44 9 84 91
8 9 21 77 70
8 10 95 9 9
8 11 95 17 6
8 12 78 19 20
8 13 63 41 34
8 14 63 38 41
8 15 90 20 10
8 16 18 75 82
8 17 38 60 54
8 18 72 35 34
8 19 44 60 54
8 20 37 54 59
8 21 15 79 74
8 22 74 29 31
8 23 82 27 25
8 24 41 59 54
8 25 91 18 16
8 26 60 35 37
8 27 91 8 17
8 28 62 42 44
8 29 64 44 41
8 30 30 65 60
8 31 42 58 58
8 32 61 37 40
8 33 97 14 7
8 34 99 0 8
8 35 59 47 44
8 36 6 80 84
8 37 74 28 24
8 38 30 67 66
8 39 28 65 63
8 40 57 43 45
8 41 25 69 66
8 42 44 51 55
8 43 85 14 21
8 44 31 71 58
9 10 87 22 12
9 11 18 71 79
9 12 94 15 15
9 13 7 83 78
9 14 46 51 54
9 15 34 60 63
9 16 25 64 72
9 17 65 37 34
9 18 33 70 67
9 19 24 72 74
9 20 0 96 93
9 21 88 22 11
9 22 77 32 23
9 23 3 92 94
9 24 70 25 34
9 25 41 57 59
9 26 40 54 62
9 27 68 33 32
9 28 81 17 29
9 29 10 82 78
9 30 82 22 16
9 31 27 73 74
9 32 89 15 22
9 33 71 25 28
9 34 5 92 86
9 35 47 58 49
9 36 54 50 48
9 37 36 58 63
9 38 14 87 79
9 39 78 24 19
9 40 57 47 47
9 41 68 31 36
9 42 77 20 31
9 43 0 87 86
9 44 84 17 27
10 11 53 40 45
10 12 66 42 39
10 13 29 66 64
10 14 40 61 51
10 15 15 84 74
10 16 23 74 75
10 17 17 70 84
10 18 17 78 71
10 19 53 51 39
10 20 96 7 9
10 21 24 74 69
10 22 2 97 95
10 23 32 57 60
10 24 76 25 31
10 25 2 84 89
10 26 79 26 17
10 27 31 69 63
10 28 85 16 19
10 29 7 89 82
10 30 3 96 84
10 31 42 56 49
10 32 8 81 83
10 33 50 44 47
10 34 95 18 6
10 35 94 18 15
10 36 22 74 67
10 37 75 27 21
10 38 93 6 13
10 39 8 80 85
10 40 76 34 27
10 41 61 43 40
10 42 78 21 19
10 43 32 62 68
10 44 16 81 84
11 12 39 64 52
11 13 71 27 34
11 14 60 41 35
11 15 9 82 79
11 16 9 81 82
11 17 86 14 23
11 18 37 65 56
11 19 57 41 46
11 20 68 39 28
11 21 35 66 58
11 22 30 63 68
11 23 80 29 29
11 24 40 54 50
11 25 93 8 6
11 26 12 86 86
11 27 39 62 52
11 28 86 23 11
11 29 80 28 28
11 30 30 69 67
11 31 30 60 60
11 32 67 40 27
11 33 33 65 59
11 34 96 3 17
11 35 89 16 23
11 36 64 30 40
11 37 11 83 80
11 38 84 16 13
11 39 43 50 50
11 40 22 74 72
11 41 15 83 76
11 42 45 55 46
11 43 61 41 43
11 44 62 40 39
12 13 0 85 91
12 14 60 46 48
12 15 75 35 29
12 16 46 53 51
12 17 96 15 3
12 18 17 80 70
12 19 48 55 45
12 20 64 42 31
12 21 61 33 42
12 22 6 79 81
12 23 12 82 79
12 24 97 8 7
12 25 14 84 82
12 26 38 56 54
12 27 26 65 72
12 28 96 7 12
12 29 11 79 89
12 30 71 38 35
12 31 13 84 86
12 32 74 29 30
12 33 62 44 42
12 34 7 91 84
12 35 1 89 97
12 36 18 82 76
12 37 39 59 65
12 38 73 22 34
12 39 4 89 94
12 40 55 52 42
12 41 15 72 84
12 42 60 46 46
12 43 79 31 19
12 44 77 24 23
13 14 89 21 11
13 15 38 63 65
13 16 80 24 17
13 17 69 38 39
13 18 29 72 68
13 19 29 72 72
13 20 0 88 89
13 21 1 97 88
13 22 62 45 31
13 23 84 18 14
13 24 3 88 82
13 25 21 67 70
13 26 58 49 37
13 27 27 74 64
13 28 12 87 78
13 29 79 30 27
13 30 59 42 47
13 31 95 17 17
13 32 19 80 79
13 33 30 62 62
13 34 3 86 90
13 35 75 28 23
13 36 36 55 55
13 37 57 38 45
13 38 52 52 43
13 39 10 75 79
13 40 50 54 53
13 41 85 21 20
13 42 87 16 22
13 43 3 89 85
13 44 21 74 70
14 15 62 39 43
14 16 57 45 50
14 17 76 23 27
14 18 61 42 43
14 19 95 5 16
14 20 31 72 65
14 21 42 56 52
14 22 60 46 43
14 23 61 37 44
14 24 39 56 54
14 25 86 22 23
14 26 10 77 81
14 27 84 23 27
14 28 85 12 17
14 29 21 81 76
14 30 50 50 54
14 31 63 36 41
14 32 91 17 13
14 33 62 34 42
14 34 57 50 46
14 35 18 79 78
14 36 75 30 32
14 37 99 9 4
14 38 61 45 33
14 39 97 13 13
14 40 86 20 24
14 41 54 49 46
14 42 76 22 23
14 43 19 68 73
14 44 51 52 41
15 16 50 54 43
15 17 1 90 87
15 18 82 18 28
15 19 52 51 48
15 20 10 85 77
15 21 56 37 50
15 22 86 17 23
15 23 97 6 14
15 24 99 11 9
15 25 25 69 68
15 26 31 70 73
15 27 46 48 54
15 28 45 60 58
15 29 48 51 55
15 30 74 25 26
15 31 64 40 39
15 32 60 39 46
15 33 17 72 77
15 34 95 13 5
15 35 90 13 14
15 36 87 16 24
15 37 54 43 39
15 38 65 36 30
15 39 67 38 29
15 40 49 43 49
15 41 75 31 23
15 42 72 28 32
15 43 24 69 68
15 44 15 72 77
16 17 66 36 33
16 18 91 9 11
16 19 78 25 20
16 20 65 32 30
16 21 92 11 7
16 22 69 34 29
16 23 28 65 71
16 24 65 44 34
16 25 36 54 58
16 26 64 35 37
16 27 21 76 71
16 28 12 75 87
16 29 35 62 54
16 30 48 53 56
16 31 57 49 45
16 32 5 85 91
16 33 32 60 63
16 34 3 86 96
16 35 17 73 70
16 36 53 44 48
16 37 7 86 92
16 38 32 63 62
16 39 49 56 54
16 40 94 10 5
16 41 24 73 66
16 42 15 75 77
16 43 71 26 28
16 44 55 48 40
17 18 54 51 47
17 19 23 69 76
17 20 36 61 57
17 21 78 31 27
17 22 5 94 81
17 23 32 57 71
17 24 68 41 30
17 25 19 69 77
17 26 45 59 49
17 27 39 60 63
17 28 45 49 61
17 29 37 59 58
17 30 6 90 89
17 31 2 90 84
17 32 12 87 75
17 33 20 76 70
17 34 75 35 29
17 35 94 18 11
17 36 16 85 76
17 37 36 65 65
17 38 25 63 74
17 39 76 20 31
17 40 49 54 50
17 41 65 31 32
17 42 73 24 27
17 43 4 81 92
17 44 54 53 40
18 19 42 63 55
18 20 52 53 49
18 21 88 12 16
18 22 17 71 78
18 23 15 78 75
18 24 61 42 41
18 25 4 91 87
18 26 51 48 44
18 27 24 70 65
18 28 26 71 62
18 29 29 67 64
18 30 51 49 43
18 31 22 78 79
18 32 86 21 22
18 33 82 27 29
18 34 60 40 43
18 35 3 94 94
18 36 96 6 13
18 37 25 69 64
18 38 3 82 84
18 39 41 51 58
18 40 73 27 34
18 41 68 39 27
18 42 29 70 65
18 43 73 33 29
18 44 36 55 58
19 20 35 57 55
19 21 72 35 35
19 22 22 70 73
19 23 22 75 72
19 24 51 46 46
19 25 38 57 54
19 26 64 34 41
19 27 32 61 65
19 28 2 83 91
19 29 88 20 15
19 30 52 43 53
19 31 88 16 20
19 32 80 30 24
19 33 48 44 55
19 34 3 94 86
19 35 82 22 15
19 36 25 74 66
19 37 21 67 67
19 38 22 78 70
19 39 72 37 26
19 40 45 57 58
19 41 80 26 22
19 42 26 63 76
19 43 47 47 49
19 44 52 44 43
20 21 79 22 29
20 22 76 30 30
20 23 2 92 84
20 24 50 56 52
20 25 81 19 21
20 26 81 17 24
20 27 38 59 54
20 28 79 32 29
20 29 30 71 61
20 30 45 52 58
20 31 75 25 23
20 32 60 45 38
20 33 78 28 22
20 34 15 74 72
20 35 33 65 63
20 36 77 25 32
20 37 73 22 29
20 38 54 45 45
20 39 42 62 50
20 40 13 76 81
20 41 50 46 50
20 42 52 52 44
20 43 30 63 61
20 44 35 65 55
21 22 45 60 58
21 23 69 38 31
21 24 66 39 39
21 25 61 46 37
21 26 34 57 68
21 27 44 50 51
21 28 40 60 54
21 29 0 98 90
21 30 16 71 75
21 31 40 57 54
21 32 45 46 55
21 33 61 38 36
21 34 69 39 27
21 35 33 58 58
21 36 87 25 18
21 37 33 61 67
21 38 68 34 32
21 39 38 53 57
21 40 46 46 50
21 41 55 48 38
21 42 1 88 83
21 43 30 68 61
21 44 73 34 36
22 23 73 30 36
22 24 36 59 58
22 25 52 47 54
22 26 89 16 10
22 27 0 92 92
22 28 83 18 27
22 29 16 79 84
22 30 91 21 8
22 31 28 64 71
22 32 46 49 49
22 33 32 70 70
22 34 87 23 23
22 35 50 43 53
22 36 63 39 42
22 37 93 15 12
22 38 75 25 24
22 39 69 25 33
22 40 72 33 35
22 41 3 96 92
22 42 49 57 50
22 43 55 38 45
22 44 99 1 2
23 24 36 58 65
23 25 30 59 70
23 26 53 43 42
23 27 92 13 9
23 28 13 79 79
23 29 22 67 75
23 30 49 52 56
23 31 88 10 22
23 32 43 52 61
23 33 94 18 17
23 34 43 54 54
23 35 36 62 61
23 36 47 48 55
23 37 40 62 62
23 38 20 68 79
23 39 76 31 32
23 40 13 75 86
23 41 89 20 22
23 42 49 52 47
23 43 74 28 22
23 44 55 41 45
24 25 19 71 81
24 26 14 74 80
24 27 43 60 49
24 28 42 53 52
24 29 65 43 42
24 30 66 34 30
24 31 23 65 72
24 32 71 25 25
24 33 86 23 12
24 34 40 56 64
24 35 77 24 27
24 36 4 86 92
24 37 98 1 10
24 38 2 92 91
24 39 5 88 89
24 40 98 10 14
24 41 97 7 3
24 42 24 71 67
24 43 63 38 35
24 44 32 64 61
25 26 18 75 74
25 27 44 56 58
25 28 6 91 80
25 29 37 62 60
25 30 77 30 31
25 31 97 7 4
25 32 77 24 23
25 33 55 51 44
25 34 30 60 65
25 35 65 41 42
25 36 62 33 42
25 37 53 51 48
25 38 28 65 63
25 39 85 27 27
25 40 5 94 81
25 41 2 91 92
25 42 93 5 16
25 43 43 59 56
25 44 72 24 23
26 27 33 64 68
26 28 4 85 87
26 29 33 68 59
26 30 94 19 10
26 31 30 62 69
26 32 69 28 28
26 33 62 44 38
26 34 20 71 79
26 35 63 34 42
26 36 23 79 71
26 37 19 79 74
26 38 84 27 13
26 39 59 36 48
26 40 77 22 27
26 41 24 73 72
26 42 68 32 32
26 43 41 61 61
26 44 91 14 12
27 28 89 13 11
27 29 30 67 62
27 30 25 67 63
27 31 57 42 37
27 32 30 71 65
27 33 15 85 84
27 34 16 78 73
27 35 73 22 23
27 36 55 52 41
27 37 90 20 11
27 38 36 67 63
27 39 93 13 10
27 40 74 26 24
27 41 94 8 8
27 42 30 62 69
27 43 3 88 88
27 44 52 44 40
28 29 66 36 35
28 30 34 63 65
28 31 66 42 40
28 32 27 68 74
28 33 47 58 55
28 34 96 14 7
28 35 47 48 46
28 36 66 38 31
28 37 59 43 46
28 38 71 31 28
28 39 75 25 22
28 40 84 26 27
28 41 15 79 81
28 42 81 21 21
28 43 81 27 22
28 44 10 76 80
29 30 43 50 59
29 31 32 64 71
29 32 2 84 90
29 33 17 81 70
29 34 61 35 38
29 35 82 29 25
29 36 34 66 70
29 37 82 26 19
29 38 60 36 48
29 39 72 37 31
29 40 76 29 20
29 41 46 50 59
29 42 64 39 32
29 43 12 89 87
29 44 34 67 57
30 31 54 48 39
30 32 33 69 59
30 33 70 26 29
30 34 78 27 30
30 35 86 21 25
30 36 1 92 90
30 37 87 11 22
30 38 86 14 17
30 39 15 77 77
30 40 62 33 44
30 41 33 69 60
30 42 51 53 50
30 43 82 18 27
30 44 92 15 15
31 32 38 56 65
31 33 77 23 33
31 34 5 83 92
31 35 12 79 88
31 36 54 49 49
31 37 16 86 82
31 38 21 72 71
31 39 78 29 26
31 40 50 49 49
31 41 61 38 40
31 42 23 77 69
31 43 0 94 90
31 44 72 31 38
32 33 40 61 51
32 34 61 40 44
32 35 5 81 87
32 36 91 10 16
32 37 92 13 18
32 38 35 68 56
32 39 73 33 35
32 40 26 68 73
32 41 78 31 20
32 42 87 20 17
32 43 55 50 49
32 44 26 73 72
33 34 27 71 69
33 35 97 2 7
33 36 34 58 67
33 37 37 62 57
33 38 31 71 59
33 39 26 63 67
33 40 28 69 63
33 41 10 78 88
33 42 0 87 88
33 43 22 70 78
33 44 74 21 23
34 35 80 23 27
34 36 35 66 66
34 37 22 80 69
34 38 60 46 36
34 39 21 79 68
34 40 36 56 67
34 41 30 70 72
34 42 0 86 92
34 43 22 68 68
34 44 18 71 76
35 36 24 74 77
35 37 29 68 63
35 38 91 19 11
35 39 48 50 58
35 40 32 69 69
35 41 35 58 60
35 42 43 52 56
35 43 20 77 74
35 44 98 10 14
36 37 71 30 34
36 38 8 79 87
36 39 48 54 50
36 40 65 39 35
36 41 47 55 56
36 42 43 62 59
36 43 52 42 45
36 44 6 91 91
37 38 76 32 25
37 39 73 24 36
37 40 88 15 14
37 41 81 25 20
37 42 81 28 16
37 43 97 5 13
37 44 10 77 86
38 39 17 80 81
38 40 25 71 77
38 41 52 42 40
38 42 5 89 86
38 43 0 87 90
38 44 14 76 83
39 40 90 22 15
39 41 47 46 45
39 42 71 33 24
39 43 21 70 76
39 44 68 41 41
40 41 17 82 73
40 42 10 88 77
40 43 69 31 33
40 44 22 71 69
41 42 9 84 84
41 43 26 67 65
41 44 37 61 60
42 43 70 36 30
42 44 33 69 67
43 44 74 33 26
