
47928.00
48047.80
47934.20
48084.00
48163.40
47759.00
48057.00
47875.00
47900.80
47969.40
47895.60
48136.20
48093.00
48106.60
48173.60
48047.80
47701.40
47963.60
48093.20
47875.80
48024.20
48117.60
48062.60
47936.00
47871.00
48065.80
48046.40
48120.00
47969.40
47868.40

48196.00
47936.80
47558.60
48081.00
47842.00
47459.00
48095.60
47647.40
47886.80
48029.60
47839.80
48015.60
48067.00
48029.60
48129.00
48058.20
47367.80
47485.80
47817.60
47324.60
47517.00
48101.80
47463.00
47823.00
47944.80
47679.20
47688.60
48024.60
48067.40
48120.40
