10 10
0 0 0.166667 0.166667 0.166667 0.166667 0.166667 0.166667 0 0 
0 1 28 47 6 78 11 39 41 48 54 15
0 2 93 81 44 46 46 62 84 44 50 23
0 3 17 51 19 25 30 59 68 69 7 24
0 4 47 83 44 16 27 13 57 75 18 10
0 5 43 75 34 64 29 28 79 80 66 55
0 6 92 50 48 97 21 25 51 35 77 74
0 7 47 77 37 62 82 34 77 43 66 69
0 8 31 56 31 56 27 77 53 69 30 25
0 9 50 37 17 47 71 28 82 38 64 41
1 2 28 9 43 52 34 72 49 50 31 46
1 3 32 67 19 80 35 75 66 62 7 76
1 4 61 38 28 19 67 19 32 88 46 61
1 5 13 60 42 73 63 6 28 17 55 23
1 6 1 66 72 28 19 2 63 33 58 32
1 7 86 19 94 77 95 33 24 60 25 19
1 8 50 66 31 14 32 79 58 73 63 30
1 9 87 45 47 75 27 79 87 52 86 54
2 3 35 30 55 67 22 19 75 62 78 22
2 4 12 7 4 80 9 49 40 55 4 16
2 5 75 36 28 94 42 77 19 87 85 35
2 6 82 63 63 26 70 74 74 37 28 21
2 7 75 29 19 50 58 60 26 25 32 37
2 8 6 46 28 62 22 25 79 2 31 25
2 9 94 70 52 38 86 93 64 47 78 52
3 4 26 30 72 44 20 52 53 33 8 13
3 5 81 21 50 90 30 67 31 49 43 45
3 6 0 18 34 2 39 69 13 66 74 32
3 7 28 67 41 37 28 14 23 55 47 19
3 8 49 70 81 87 70 54 45 60 29 85
3 9 77 73 31 74 84 88 56 91 30 47
4 5 8 41 30 64 9 80 7 46 58 77
4 6 28 62 53 8 72 39 71 81 45 28
4 7 54 31 70 36 19 80 54 54 19 45
4 8 87 29 61 87 50 96 44 54 46 49
4 9 89 18 93 50 47 37 24 54 91 32
5 6 82 72 62 79 78 82 26 86 26 33
5 7 72 75 36 93 64 17 29 43 80 55
5 8 87 92 69 41 57 91 92 52 72 60
5 9 88 93 82 69 96 21 90 22 27 27
6 7 79 19 52 78 91 28 22 90 57 93
6 8 93 94 72 69 61 29 25 87 72 60
6 9 54 90 64 24 69 26 25 62 63 21
7 8 54 20 15 71 53 55 66 47 17 39
7 9 4 1 9 66 38 37 60 62 43 29
8 9 68 59 43 64 47 42 47 37 36 71
