20 10
0 0 0 0 0.5 0.5 0 0 0 0 
0 1 45 53 43 49 33 25 71 56 44 60
0 2 30 59 30 21 37 42 32 44 26 51
0 3 99 72 87 85 63 92 52 57 79 90
0 4 44 34 27 24 52 64 58 29 59 28
0 5 33 50 39 63 44 54 55 34 36 65
0 6 16 22 8 53 27 43 17 41 16 18
0 7 45 64 37 57 41 28 66 32 46 57
0 8 77 81 81 84 64 49 87 57 47 72
0 9 35 20 65 49 47 43 45 50 54 39
0 10 53 36 58 43 38 27 42 70 66 32
0 11 12 33 36 7 17 27 6 23 29 19
0 12 55 41 59 57 44 42 30 57 57 27
0 13 71 71 75 44 48 40 54 50 48 84
0 14 48 31 66 71 33 56 69 48 70 57
0 15 74 62 83 43 62 50 45 78 80 50
0 16 59 69 65 51 52 31 72 64 71 79
0 17 94 67 87 60 84 60 52 86 91 91
0 18 23 54 46 60 19 47 51 15 54 23
0 19 96 56 68 92 76 56 92 89 75 51
1 2 87 82 78 59 73 93 67 59 79 61
1 3 16 12 10 47 45 48 46 55 14 27
1 4 98 82 51 69 96 70 54 49 76 79
1 5 63 35 46 41 63 47 65 37 44 70
1 6 80 69 70 68 49 84 43 47 71 46
1 7 60 57 75 40 36 73 77 44 31 55
1 8 14 26 53 50 26 15 17 33 11 36
1 9 41 38 33 22 44 53 46 52 50 29
1 10 76 46 78 52 41 60 47 55 83 45
1 11 71 75 74 50 46 66 70 38 72 66
1 12 10 19 30 16 7 49 31 35 50 17
1 13 63 54 40 38 63 40 49 33 73 55
1 14 97 64 60 73 61 89 85 71 56 74
1 15 21 30 44 22 59 27 39 44 54 12
1 16 54 33 59 57 65 52 55 33 57 39
1 17 48 31 52 49 30 55 57 37 27 30
1 18 26 21 57 34 57 20 17 62 13 22
1 19 47 38 41 56 42 38 38 32 58 28
2 3 87 72 81 57 53 76 46 52 73 45
2 4 91 72 86 47 66 89 75 75 59 75
2 5 93 86 47 75 74 96 77 67 78 58
2 6 56 73 74 59 34 48 68 39 76 53
2 7 52 43 44 47 54 49 51 39 32 64
2 8 78 69 68 41 81 45 72 63 59 64
2 9 60 43 65 40 36 48 58 69 71 30
2 10 36 63 63 44 41 31 21 56 28 45
2 11 42 57 44 40 63 45 52 58 22 56
2 12 81 49 46 77 66 73 77 81 60 54
2 13 84 59 53 67 44 84 87 42 62 53
2 14 47 64 67 26 56 62 25 50 25 27
2 15 97 52 96 72 91 63 91 52 56 84
2 16 5 40 27 27 20 45 51 3 31 44
2 17 6 5 43 39 31 17 33 26 45 48
2 18 74 42 85 44 54 48 38 39 73 84
2 19 92 72 66 71 73 89 81 88 82 85
3 4 34 30 24 23 63 44 38 22 64 53
3 5 12 27 30 22 42 28 34 44 43 12
3 6 9 5 43 52 43 20 53 34 17 25
3 7 20 11 28 32 32 16 52 55 36 14
3 8 35 26 56 38 33 54 64 30 66 36
3 9 70 82 46 36 48 52 51 83 51 66
3 10 3 3 36 22 2 38 47 30 9 31
3 11 6 23 16 32 42 49 14 8 24 22
3 12 1 17 46 10 35 9 34 44 19 3
3 13 63 66 38 50 80 58 66 69 67 68
3 14 35 61 28 63 23 57 24 43 47 31
3 15 65 78 59 49 55 63 59 51 78 80
3 16 16 33 52 38 9 13 34 39 13 31
3 17 37 63 45 21 67 60 65 22 56 22
3 18 33 47 17 22 41 57 18 20 48 30
3 19 60 58 67 54 71 31 77 73 65 74
4 5 61 47 57 67 35 71 47 46 35 71
4 6 15 37 46 18 31 40 17 36 43 41
4 7 37 41 54 51 43 38 49 64 64 20
4 8 13 55 49 11 19 37 46 54 52 8
4 9 64 57 32 54 42 74 59 44 64 65
4 10 14 18 41 12 51 47 39 50 8 25
4 11 73 56 64 86 81 79 50 44 77 46
4 12 93 77 80 59 88 72 67 74 89 57
4 13 35 21 34 34 44 64 65 19 21 66
4 14 91 81 70 83 75 57 55 55 71 95
4 15 3 50 10 36 17 51 31 8 24 10
4 16 21 58 28 46 39 54 47 38 26 16
4 17 93 70 88 71 63 52 80 93 57 83
4 18 45 70 65 24 66 27 41 62 26 42
4 19 28 30 35 47 57 28 48 41 22 25
5 6 46 70 67 36 56 53 32 25 61 48
5 7 59 77 42 30 32 56 52 46 57 33
5 8 47 43 39 50 36 69 43 38 33 54
5 9 20 56 35 20 26 55 31 25 34 57
5 10 28 52 43 45 63 45 37 40 18 15
5 11 16 18 46 48 48 30 10 32 57 40
5 12 53 55 27 36 37 52 36 54 29 46
5 13 78 84 63 81 45 42 59 60 49 79
5 14 63 58 45 56 50 67 39 49 80 49
5 15 3 3 45 40 30 19 7 46 44 15
5 16 26 47 33 54 23 25 54 59 13 41
5 17 91 64 49 82 58 67 82 78 73 91
5 18 58 42 32 62 37 70 48 55 70 77
5 19 32 44 55 49 59 35 41 40 39 51
6 7 72 43 76 56 71 43 57 72 83 37
6 8 76 53 54 68 51 76 87 78 40 49
6 9 56 62 45 68 49 72 46 41 76 41
6 10 35 24 35 37 41 31 60 18 24 27
6 11 46 51 65 69 32 47 44 27 31 42
6 12 57 64 50 65 50 40 37 75 33 35
6 13 99 88 74 63 56 83 56 64 74 69
6 14 7 38 38 10 52 16 43 23 18 27
6 15 25 32 21 25 20 22 52 44 22 61
6 16 87 81 91 50 51 70 58 44 58 55
6 17 50 48 61 41 71 48 28 58 45 74
6 18 34 38 64 37 56 61 39 37 62 55
6 19 58 67 66 31 69 60 42 36 45 52
7 8 21 19 11 44 11 11 16 36 39 44
7 9 96 84 57 90 93 89 68 61 62 87
7 10 55 33 34 55 28 57 46 33 30 48
7 11 23 33 44 44 23 35 29 58 60 13
7 12 71 55 79 57 83 56 54 56 37 49
7 13 71 65 65 60 67 47 78 50 44 42
7 14 16 53 12 57 37 47 48 53 53 42
7 15 88 78 87 77 85 44 74 73 83 57
7 16 60 64 55 35 63 56 42 56 63 49
7 17 48 42 44 43 73 64 39 69 74 40
7 18 79 41 43 53 57 63 57 84 89 40
7 19 35 23 25 66 60 50 24 17 35 41
8 9 21 57 42 37 13 28 46 20 30 28
8 10 72 67 75 73 47 36 86 49 85 53
8 11 2 16 17 4 30 6 46 8 3 34
8 12 47 45 26 44 57 72 44 46 28 57
8 13 79 76 51 87 68 41 57 50 63 87
8 14 37 44 24 24 60 24 34 56 52 65
8 15 59 38 44 71 71 72 57 70 41 50
8 16 41 63 32 45 44 66 21 31 49 41
8 17 16 55 13 17 23 28 47 40 29 52
8 18 18 30 25 53 19 23 36 50 43 49
8 19 74 81 76 48 60 68 40 87 63 79
9 10 94 56 60 48 89 53 70 71 64 85
9 11 16 27 40 36 33 23 30 41 47 22
9 12 68 40 59 62 38 49 43 44 55 55
9 13 46 40 37 72 26 28 42 47 34 28
9 14 56 59 52 32 75 44 64 61 66 60
9 15 27 17 60 23 56 56 56 56 28 26
9 16 3 14 37 15 20 38 20 36 50 3
9 17 82 67 82 89 76 42 75 56 46 60
9 18 55 57 49 56 33 28 30 71 32 61
9 19 20 17 54 47 14 23 56 40 39 34
10 11 69 62 57 39 48 52 81 72 83 47
10 12 13 11 20 48 17 24 17 49 11 32
10 13 62 38 32 53 42 55 51 77 34 68
10 14 52 59 33 38 53 47 27 72 57 27
10 15 72 61 85 55 60 52 76 39 57 37
10 16 56 60 53 53 51 47 78 51 49 29
10 17 0 27 47 5 28 38 38 34 15 19
10 18 25 50 18 55 44 42 59 29 49 38
10 19 22 60 42 39 17 30 55 23 18 60
11 12 55 31 66 60 28 29 28 52 44 31
11 13 94 63 66 75 82 54 63 66 57 62
11 14 47 52 24 60 70 60 30 46 72 48
11 15 64 77 57 47 64 52 45 78 54 49
11 16 8 26 44 22 11 5 50 15 43 13
11 17 81 49 47 70 90 79 75 75 63 70
11 18 77 53 47 57 51 40 47 82 80 42
11 19 22 32 40 30 24 16 34 38 45 35
12 13 59 33 31 42 50 40 64 58 71 65
12 14 24 55 56 56 51 32 56 49 14 57
12 15 61 79 58 71 43 78 69 39 34 45
12 16 69 73 75 37 43 57 49 50 50 53
12 17 64 71 60 72 39 61 60 41 77 34
12 18 91 87 69 64 53 73 63 83 59 82
12 19 16 10 43 21 30 34 38 16 50 45
13 14 8 26 39 42 22 16 26 12 35 52
13 15 33 46 21 41 26 48 61 36 45 28
13 16 8 17 44 40 28 29 30 24 45 18
13 17 16 37 25 27 56 35 21 10 47 19
13 18 84 60 53 84 47 58 54 57 88 62
13 19 35 56 59 31 39 44 21 18 46 51
14 15 87 50 60 86 63 68 45 45 46 88
14 16 47 68 67 44 40 48 53 38 58 45
14 17 7 11 33 20 29 27 45 44 50 18
14 18 58 71 62 37 47 43 57 56 43 41
14 19 50 32 36 67 35 37 46 32 37 60
15 16 29 28 46 63 58 41 61 15 48 37
15 17 56 69 29 59 66 59 54 62 43 35
15 18 72 63 38 47 52 55 73 64 65 41
15 19 80 79 74 70 75 82 57 70 72 81
16 17 17 19 11 18 48 10 47 57 14 54
16 18 51 61 54 37 71 61 51 49 30 50
16 19 81 85 67 62 41 50 76 61 46 70
17 18 9 29 35 40 40 38 30 35 27 6
17 19 12 52 23 40 8 20 25 28 41 26
18 19 68 48 58 61 65 79 66 58 76 48
