30 10
0 0 0 0 0.5 0.5 0 0 0 0 
0 1 56 41 55 34 63 68 54 56 77 68
0 2 68 61 40 53 39 44 43 77 49 43
0 3 41 26 46 66 25 23 58 33 45 62
0 4 26 19 40 42 31 17 62 54 29 16
0 5 52 35 33 35 65 44 28 27 56 74
0 6 99 62 62 71 87 58 49 74 58 76
0 7 83 49 42 61 76 60 77 46 58 57
0 8 46 26 43 47 41 58 60 48 45 27
0 9 3 20 35 23 50 15 4 22 14 26
0 10 70 43 44 54 41 68 70 38 43 80
0 11 84 60 89 82 71 64 47 89 68 63
0 12 69 45 70 68 43 37 82 41 67 80
0 13 38 67 50 66 28 40 59 53 54 19
0 14 72 61 49 59 64 64 42 40 73 57
0 15 59 56 53 73 46 36 77 46 59 69
0 16 42 22 38 65 70 64 25 40 21 54
0 17 38 56 58 23 21 40 55 55 23 63
0 18 99 75 67 92 86 86 76 82 68 50
0 19 17 34 36 55 46 52 51 25 39 30
0 20 73 42 51 83 37 50 53 61 66 48
0 21 76 58 71 74 71 83 53 68 85 74
0 22 59 40 55 57 68 67 53 48 33 54
0 23 49 66 26 68 65 44 55 66 56 40
0 24 26 54 33 46 45 54 55 62 40 19
0 25 26 48 56 20 60 13 32 15 45 47
0 26 76 49 58 49 69 68 40 73 78 66
0 27 2 28 21 23 16 8 29 19 6 29
0 28 95 92 54 73 76 69 89 63 68 53
0 29 24 41 57 24 15 51 43 57 37 26
1 2 12 28 6 24 19 32 47 21 7 33
1 3 3 36 11 49 26 51 24 12 9 12
1 4 2 1 25 20 19 29 20 44 33 45
1 5 69 77 80 68 62 41 58 76 45 69
1 6 1 11 48 5 9 25 45 29 20 4
1 7 58 32 36 75 55 71 43 53 58 64
1 8 84 54 88 60 47 90 68 55 49 72
1 9 10 14 52 28 46 48 28 44 29 24
1 10 4 44 18 2 29 21 7 3 12 10
1 11 50 72 69 60 26 56 63 71 42 38
1 12 13 36 55 33 46 54 27 35 23 11
1 13 66 51 63 80 51 43 50 35 63 77
1 14 6 17 46 41 4 52 15 26 22 36
1 15 27 25 61 42 52 57 48 20 61 17
1 16 76 81 61 81 80 87 56 48 87 56
1 17 82 51 59 85 58 74 55 88 81 43
1 18 73 39 83 81 54 83 46 57 64 38
1 19 14 16 46 31 37 15 41 32 41 53
1 20 83 83 67 80 55 59 46 41 74 73
1 21 79 41 54 88 74 49 60 42 62 54
1 22 27 40 63 32 42 38 47 47 20 19
1 23 14 34 38 11 36 40 37 48 54 31
1 24 88 83 71 74 88 71 70 53 58 53
1 25 57 39 36 74 66 76 69 50 36 35
1 26 13 14 23 22 45 8 22 12 14 34
1 27 5 48 41 14 2 46 18 37 50 51
1 28 90 89 47 91 60 65 55 61 90 71
1 29 48 56 63 69 43 52 65 25 68 56
2 3 44 26 47 25 23 52 51 55 61 52
2 4 55 28 61 65 51 42 33 57 75 59
2 5 27 62 23 26 52 60 53 20 48 58
2 6 69 56 77 84 53 72 55 72 41 57
2 7 65 61 82 43 58 57 73 33 60 75
2 8 99 59 58 89 83 94 99 59 50 72
2 9 67 58 53 60 48 34 54 40 76 65
2 10 86 52 75 84 70 74 60 73 88 69
2 11 98 68 63 73 76 58 89 50 94 97
2 12 72 47 81 46 82 39 50 56 76 72
2 13 75 57 63 84 65 75 52 48 87 63
2 14 99 63 68 76 81 74 64 97 92 57
2 15 67 68 80 67 64 81 50 76 47 65
2 16 88 92 54 83 73 63 45 76 46 82
2 17 33 20 27 53 52 20 61 58 34 48
2 18 77 77 66 64 48 51 57 63 74 87
2 19 72 82 52 52 68 62 71 63 51 50
2 20 78 73 56 68 66 77 71 86 51 70
2 21 50 72 59 29 32 25 74 61 62 60
2 22 80 65 71 77 60 50 77 73 84 86
2 23 21 34 46 26 28 60 18 53 25 48
2 24 52 39 68 37 52 67 37 28 41 48
2 25 30 40 18 28 22 54 50 57 27 36
2 26 50 38 64 52 69 59 30 27 39 64
2 27 1 36 37 35 36 46 35 26 23 9
2 28 57 57 72 66 52 47 77 55 53 29
2 29 16 54 10 20 13 57 38 17 19 16
3 4 21 20 29 36 38 40 30 11 47 17
3 5 39 53 32 48 26 61 21 45 30 55
3 6 83 55 87 51 88 91 55 43 79 66
3 7 60 37 72 40 56 48 55 78 76 72
3 8 62 37 55 40 55 69 74 37 45 72
3 9 14 11 55 43 10 21 8 39 54 27
3 10 90 62 85 65 69 90 50 82 65 53
3 11 4 26 9 35 40 40 31 26 44 46
3 12 11 19 11 35 41 45 19 27 18 37
3 13 49 62 57 52 42 40 72 36 55 50
3 14 50 61 43 71 31 37 29 36 38 74
3 15 80 46 49 49 52 42 74 40 74 56
3 16 78 47 79 53 73 54 46 65 49 77
3 17 76 52 42 44 70 47 40 70 42 78
3 18 99 87 63 83 77 80 92 73 82 77
3 19 10 24 49 6 38 51 50 41 42 44
3 20 1 13 15 45 10 18 21 1 30 3
3 21 22 54 44 33 54 47 51 16 53 19
3 22 15 13 23 54 10 43 25 19 36 20
3 23 92 73 72 88 55 92 58 70 93 49
3 24 22 59 53 24 50 41 22 32 35 21
3 25 83 43 87 71 56 88 74 61 78 56
3 26 65 32 59 79 69 55 75 33 68 42
3 27 31 23 44 64 17 21 38 32 20 20
3 28 3 44 17 7 6 46 13 29 6 43
3 29 13 34 40 47 28 18 19 48 27 42
4 5 53 35 59 76 29 38 74 68 74 40
4 6 58 76 31 30 53 39 36 55 34 29
4 7 21 16 18 28 48 31 16 56 34 14
4 8 58 29 71 37 71 78 71 65 34 36
4 9 15 55 47 20 19 16 35 42 18 57
4 10 31 30 30 50 27 16 31 43 36 36
4 11 58 36 71 51 57 56 54 40 59 36
4 12 8 51 20 45 5 24 39 8 33 47
4 13 21 46 12 39 17 33 47 28 21 31
4 14 99 75 89 57 76 77 76 81 95 87
4 15 28 17 18 54 18 56 35 39 21 39
4 16 15 54 40 36 40 26 25 49 19 26
4 17 67 68 37 71 80 65 69 40 60 79
4 18 61 76 74 42 75 66 37 45 53 40
4 19 95 94 89 72 49 74 55 87 91 75
4 20 17 29 21 11 33 53 57 46 40 28
4 21 66 51 45 75 45 38 42 39 75 60
4 22 57 51 46 29 48 70 76 70 76 61
4 23 99 55 92 74 59 77 67 94 72 91
4 24 92 48 82 95 81 89 49 58 84 54
4 25 98 64 78 52 82 54 52 51 81 64
4 26 39 38 23 20 64 50 33 24 22 34
4 27 85 59 88 55 82 79 72 73 56 61
4 28 81 46 50 84 85 43 53 78 78 49
4 29 26 28 44 45 16 16 23 15 22 47
5 6 2 1 23 40 40 18 16 10 4 16
5 7 36 47 38 50 52 37 19 26 49 32
5 8 87 54 92 49 69 49 43 53 69 82
5 9 16 44 22 19 39 26 50 26 56 48
5 10 50 56 34 52 37 65 43 63 32 56
5 11 84 65 44 64 83 58 53 80 62 90
5 12 42 47 37 38 47 67 23 36 45 42
5 13 20 39 35 37 50 42 52 20 10 36
5 14 88 71 62 48 93 88 67 76 55 50
5 15 6 27 33 52 39 10 6 42 51 39
5 16 57 46 38 75 78 53 64 71 76 33
5 17 68 39 49 57 64 71 74 34 42 78
5 18 59 58 53 61 65 49 76 79 68 46
5 19 51 59 37 52 72 28 42 71 56 45
5 20 3 36 28 16 39 9 38 31 29 13
5 21 62 49 73 38 42 31 80 52 78 39
5 22 96 88 90 67 59 48 97 63 91 69
5 23 25 35 45 39 28 17 60 54 47 58
5 24 25 41 47 30 23 57 31 17 54 24
5 25 10 17 22 14 30 13 23 5 21 50
5 26 16 52 22 41 46 28 35 47 52 16
5 27 72 44 40 70 49 84 38 60 59 56
5 28 33 37 25 17 48 36 30 56 40 47
5 29 85 43 62 79 49 74 89 70 55 76
6 7 68 60 44 60 67 42 35 72 80 65
6 8 8 48 30 34 28 42 19 18 48 20
6 9 92 60 50 78 74 90 76 75 96 91
6 10 15 20 38 54 36 17 46 55 13 21
6 11 12 16 11 10 21 12 54 48 52 44
6 12 52 54 57 49 28 38 74 27 33 66
6 13 64 46 65 32 57 73 65 73 39 43
6 14 89 78 54 62 67 77 53 66 50 70
6 15 81 87 65 88 48 64 53 51 43 61
6 16 44 52 62 51 25 53 66 66 66 50
6 17 46 30 70 68 49 40 52 59 69 46
6 18 61 55 53 71 79 76 77 35 65 50
6 19 84 90 75 58 67 66 46 69 75 76
6 20 18 53 11 21 33 50 16 38 33 27
6 21 78 52 73 62 65 56 78 60 63 66
6 22 73 38 62 58 48 74 37 68 66 82
6 23 68 53 34 56 69 81 82 70 40 70
6 24 97 58 63 65 82 80 79 84 95 83
6 25 99 88 70 59 93 91 82 94 91 78
6 26 34 24 64 53 38 27 50 40 52 62
6 27 0 21 12 49 33 42 0 29 30 24
6 28 52 60 70 42 27 60 31 28 46 40
6 29 48 47 44 61 32 38 43 46 60 66
7 8 28 50 27 47 21 19 64 34 22 23
7 9 98 65 89 72 52 61 55 74 92 93
7 10 10 37 28 39 19 16 30 19 32 42
7 11 78 40 75 78 69 82 73 70 84 80
7 12 7 12 27 31 26 40 53 42 48 49
7 13 26 36 49 20 20 45 24 13 30 31
7 14 79 52 56 79 82 59 48 79 60 56
7 15 88 48 70 58 54 85 82 77 49 59
7 16 65 76 82 44 56 72 43 63 48 61
7 17 37 21 44 55 47 47 65 35 28 36
7 18 18 58 29 36 40 33 13 41 40 42
7 19 65 72 67 46 53 68 63 68 48 60
7 20 78 78 48 64 58 79 40 67 85 69
7 21 56 59 58 58 65 68 43 57 41 48
7 22 36 54 51 52 47 41 23 27 44 18
7 23 69 74 54 56 56 82 83 39 35 52
7 24 45 60 66 39 50 36 45 30 53 35
7 25 60 53 58 50 32 52 71 72 61 44
7 26 59 34 60 53 60 40 76 74 43 39
7 27 35 61 20 42 55 27 63 62 19 19
7 28 83 71 50 48 55 73 79 46 44 41
7 29 47 54 66 67 72 53 62 50 30 32
8 9 19 14 50 23 42 52 14 48 39 50
8 10 72 52 73 61 40 77 84 67 38 39
8 11 40 49 48 30 23 53 57 66 34 55
8 12 97 69 98 96 86 54 79 60 54 96
8 13 48 32 26 69 64 37 44 45 48 30
8 14 26 23 41 55 42 32 13 19 51 52
8 15 26 18 24 58 59 63 40 42 15 58
8 16 60 62 49 44 53 78 49 43 54 74
8 17 74 47 38 49 42 59 62 84 74 68
8 18 49 55 72 73 39 71 67 68 45 73
8 19 29 31 60 57 44 16 57 22 42 41
8 20 48 48 66 63 52 28 47 38 70 53
8 21 59 45 65 71 49 48 48 61 66 59
8 22 90 94 74 89 82 60 64 69 90 59
8 23 95 67 85 97 74 53 81 78 71 95
8 24 65 71 67 67 70 69 61 53 63 48
8 25 99 53 50 59 66 62 82 93 89 55
8 26 99 98 74 70 86 94 83 57 63 56
8 27 65 47 67 66 54 40 80 78 38 70
8 28 92 48 77 66 80 91 77 57 61 89
8 29 51 67 57 73 26 49 65 40 33 38
9 10 62 53 51 66 37 56 63 60 73 66
9 11 81 63 70 57 65 72 49 80 52 76
9 12 23 30 41 53 11 33 41 24 36 45
9 13 61 46 72 60 56 61 31 37 51 33
9 14 54 57 36 40 40 59 54 55 56 56
9 15 45 25 63 63 47 33 38 50 57 59
9 16 49 73 69 57 49 48 26 48 69 56
9 17 12 33 12 42 42 21 39 9 35 41
9 18 9 7 27 21 19 29 23 11 13 20
9 19 47 53 61 43 33 42 36 27 55 25
9 20 40 43 63 37 39 59 35 26 61 57
9 21 2 48 47 14 50 36 30 50 21 47
9 22 60 74 53 46 66 53 54 75 36 75
9 23 48 35 47 58 41 57 46 25 71 33
9 24 68 43 45 75 34 72 81 68 39 56
9 25 84 83 81 91 69 50 80 57 47 44
9 26 11 23 9 39 6 38 55 12 37 27
9 27 77 39 72 47 82 83 77 40 80 50
9 28 89 52 74 46 89 59 94 91 59 68
9 29 15 21 52 13 28 11 42 22 36 45
10 11 4 44 7 40 25 27 24 41 4 5
10 12 63 48 44 45 50 32 40 45 41 73
10 13 25 22 29 47 56 25 61 60 57 14
10 14 70 47 76 73 53 53 51 47 41 59
10 15 66 67 72 47 76 61 82 54 75 55
10 16 81 59 78 52 59 71 41 81 85 51
10 17 32 61 33 29 51 20 65 60 64 55
10 18 96 95 50 62 97 84 59 63 84 60
10 19 92 55 68 67 88 78 72 68 92 53
10 20 37 19 56 67 57 45 51 25 62 38
10 21 66 50 64 36 42 66 55 66 37 36
10 22 71 55 47 49 75 75 82 63 39 78
10 23 22 25 47 14 25 53 46 23 19 51
10 24 90 91 60 68 83 46 66 86 57 55
10 25 31 47 18 44 19 52 22 32 28 48
10 26 98 68 93 49 71 89 54 98 71 50
10 27 52 70 26 49 69 42 64 57 67 40
10 28 10 53 19 6 44 30 15 38 18 15
10 29 78 60 49 64 67 51 83 52 47 75
11 12 6 41 21 14 11 18 49 17 14 52
11 13 40 29 65 41 68 58 67 22 59 31
11 14 14 47 56 19 22 19 43 7 46 45
11 15 83 76 49 82 73 52 58 56 61 76
11 16 62 44 39 78 48 56 49 60 55 50
11 17 59 65 41 44 38 76 61 67 35 47
11 18 41 63 58 26 60 41 35 39 56 45
11 19 42 62 28 35 54 60 30 53 26 24
11 20 48 32 66 62 32 72 39 41 41 46
11 21 47 40 45 57 50 30 64 33 55 68
11 22 19 54 35 16 13 21 47 27 41 57
11 23 70 61 66 59 83 73 48 72 38 69
11 24 19 24 45 55 23 9 14 44 21 41
11 25 37 29 25 62 26 22 64 54 23 54
11 26 53 38 49 72 66 66 70 62 58 62
11 27 47 50 55 66 37 49 49 58 71 58
11 28 41 26 41 31 48 48 52 60 59 53
11 29 25 17 18 36 27 59 28 51 29 60
12 13 94 90 90 81 88 52 76 52 61 84
12 14 60 66 35 39 59 45 79 36 62 46
12 15 59 47 44 55 77 74 57 33 39 61
12 16 96 79 95 50 78 62 92 94 79 68
12 17 43 64 31 45 35 49 62 70 67 68
12 18 46 46 72 29 24 51 58 69 24 65
12 19 39 54 24 33 20 21 26 22 37 54
12 20 11 21 51 45 19 40 54 44 22 53
12 21 10 25 40 20 16 31 10 23 44 14
12 22 25 41 54 40 24 57 51 52 56 62
12 23 6 11 52 49 15 35 12 36 15 38
12 24 75 41 71 85 61 74 81 80 51 79
12 25 67 57 37 78 34 45 60 65 78 71
12 26 75 67 81 80 81 46 83 75 67 77
12 27 33 63 26 33 55 55 19 34 39 61
12 28 54 27 41 38 67 47 53 49 51 45
12 29 90 60 54 89 79 67 80 67 83 73
13 14 47 27 68 50 27 25 49 35 52 42
13 15 8 32 21 21 26 38 36 31 10 27
13 16 62 52 55 54 72 48 63 54 37 36
13 17 16 18 55 21 55 33 12 31 10 22
13 18 43 30 25 51 35 34 49 68 45 43
13 19 2 18 40 3 13 4 20 11 42 21
13 20 55 56 58 57 75 30 45 44 51 47
13 21 69 58 36 68 51 58 73 76 66 79
13 22 39 43 65 25 59 27 31 66 58 33
13 23 6 39 28 32 42 13 7 18 20 6
13 24 49 67 52 29 58 53 60 55 65 32
13 25 30 43 36 31 38 46 36 56 55 37
13 26 58 42 55 45 64 67 46 48 41 40
13 27 7 34 23 49 11 9 29 34 27 31
13 28 34 45 57 36 25 43 62 53 27 18
13 29 45 57 54 53 43 32 63 58 29 29
14 15 57 42 72 78 44 54 54 70 33 65
14 16 29 20 54 40 62 17 47 41 34 63
14 17 41 33 21 70 26 64 43 46 62 70
14 18 69 77 59 61 83 69 76 51 60 57
14 19 67 36 36 46 35 68 37 73 78 71
14 20 87 87 78 60 54 53 69 82 72 44
14 21 7 26 36 34 19 15 6 12 40 41
14 22 21 14 26 37 44 45 27 45 32 35
14 23 3 25 11 42 29 36 33 38 38 21
14 24 34 31 17 29 29 24 59 27 43 63
14 25 31 64 47 20 32 43 56 16 60 62
14 26 17 20 52 41 22 11 49 39 53 28
14 27 54 64 42 41 41 54 42 73 54 66
14 28 42 23 24 66 22 60 41 60 65 39
14 29 14 19 43 19 28 41 32 48 51 36
15 16 86 88 74 46 48 80 88 82 69 81
15 17 37 40 34 26 31 38 36 32 58 28
15 18 43 40 39 60 48 54 46 28 53 57
15 19 31 18 41 63 16 18 17 20 31 51
15 20 22 34 49 47 15 40 37 31 51 48
15 21 9 54 7 32 10 15 47 22 31 46
15 22 31 30 53 39 39 38 21 27 48 19
15 23 3 35 38 30 19 24 14 36 47 29
15 24 51 70 62 51 59 62 41 36 46 54
15 25 91 62 92 78 48 66 87 52 84 77
15 26 59 70 76 35 79 53 33 43 33 49
15 27 14 41 35 22 39 35 46 36 16 21
15 28 4 36 34 25 23 25 28 45 37 45
15 29 26 20 54 33 60 38 59 21 49 13
16 17 20 12 44 48 42 56 29 17 20 14
16 18 44 62 50 63 57 29 39 39 43 44
16 19 23 34 50 37 59 42 34 27 41 32
16 20 97 80 57 84 77 78 93 81 66 96
16 21 55 65 45 31 49 41 27 66 60 55
16 22 28 22 50 34 46 29 38 57 33 55
16 23 83 49 48 90 74 57 81 64 64 73
16 24 85 48 42 72 52 68 61 90 72 79
16 25 47 68 57 37 60 25 57 36 30 68
16 26 44 42 44 71 71 62 30 41 26 70
16 27 27 27 59 61 28 24 36 49 52 24
16 28 57 72 60 70 30 57 74 61 55 77
16 29 37 29 60 52 37 20 31 57 43 34
17 18 54 74 70 76 70 54 62 46 45 34
17 19 36 27 18 44 23 55 27 43 40 50
17 20 14 23 34 11 34 38 20 42 42 10
17 21 93 95 82 92 95 67 70 57 90 76
17 22 9 22 24 10 16 34 33 38 53 39
17 23 38 52 41 39 62 19 45 48 28 49
17 24 25 28 15 61 40 42 44 58 42 38
17 25 85 91 88 61 77 91 71 91 60 55
17 26 55 62 54 32 64 55 31 42 74 76
17 27 85 88 75 73 53 86 65 56 77 83
17 28 27 22 63 48 43 59 40 63 15 36
17 29 20 19 21 27 48 33 11 55 49 17
18 19 0 1 9 35 48 10 11 41 42 45
18 20 66 69 55 66 40 64 35 67 67 62
18 21 0 37 16 42 11 16 24 45 16 22
18 22 28 39 48 33 56 35 55 31 59 62
18 23 78 56 70 73 67 70 63 58 78 84
18 24 30 29 23 17 47 49 52 26 54 40
18 25 62 74 48 58 47 74 32 41 50 64
18 26 22 34 31 59 31 18 33 12 37 33
18 27 61 37 60 33 52 44 47 67 40 34
18 28 34 33 30 61 53 39 53 35 51 58
18 29 14 50 45 8 56 33 10 28 13 14
19 20 13 45 16 21 12 10 55 27 20 20
19 21 47 49 48 70 69 29 67 49 60 59
19 22 33 47 46 45 25 56 39 45 21 29
19 23 99 76 83 58 94 84 63 64 83 55
19 24 68 68 51 59 61 46 80 75 75 65
19 25 4 36 14 41 38 15 42 11 27 5
19 26 45 29 28 40 52 24 23 26 66 22
19 27 65 34 65 77 48 58 50 33 58 69
19 28 47 59 54 65 70 66 49 29 45 24
19 29 7 48 50 20 35 19 49 33 20 6
20 21 42 39 38 21 58 37 51 52 66 61
20 22 65 81 49 53 33 53 34 54 82 56
20 23 6 33 17 37 10 28 49 21 52 29
20 24 51 35 72 41 34 39 40 73 70 45
20 25 49 40 41 47 52 34 35 69 37 34
20 26 47 24 64 57 43 26 64 68 54 43
20 27 82 72 57 67 64 55 41 49 65 72
20 28 58 43 37 62 49 66 44 71 54 32
20 29 14 22 24 56 24 31 46 57 8 41
21 22 43 23 30 31 42 24 27 58 26 54
21 23 77 56 45 66 41 44 77 69 47 65
21 24 0 41 5 15 5 23 48 35 49 46
21 25 68 35 48 48 83 65 61 42 40 50
21 26 98 87 99 81 79 57 97 75 67 95
21 27 94 48 59 68 72 79 94 50 67 78
21 28 57 66 38 52 33 49 46 39 49 38
21 29 36 30 67 65 34 39 27 41 50 20
22 23 92 64 47 51 71 74 62 73 53 49
22 24 56 30 63 63 64 29 38 69 58 65
22 25 71 49 80 76 40 70 38 76 46 60
22 26 3 43 2 21 2 6 23 49 47 11
22 27 69 36 54 66 48 35 37 63 74 57
22 28 23 24 57 38 20 26 22 41 40 59
22 29 95 91 48 58 60 60 62 70 55 86
23 24 38 55 60 25 27 66 23 52 52 35
23 25 45 60 46 67 38 25 25 39 70 58
23 26 75 54 78 62 87 39 42 41 52 48
23 27 54 50 51 35 36 34 60 41 62 27
23 28 37 52 66 61 66 30 60 57 60 62
23 29 5 19 33 41 12 33 36 4 47 19
24 25 54 64 39 71 58 38 39 43 29 30
24 26 54 32 59 37 72 44 75 37 73 71
24 27 89 74 69 65 69 60 53 52 75 68
24 28 47 58 30 45 57 46 69 56 51 37
24 29 44 33 69 66 62 38 60 48 29 57
25 26 3 36 47 32 13 23 6 13 25 17
25 27 58 64 78 77 60 63 70 53 31 54
25 28 1 34 6 18 44 25 2 38 18 6
25 29 29 49 48 58 59 23 56 34 34 36
26 27 47 37 43 28 42 43 38 38 55 28
26 28 63 44 59 74 32 73 47 70 81 74
26 29 75 82 68 40 55 58 43 47 49 81
27 28 79 48 44 69 41 57 41 54 83 45
27 29 44 69 47 46 29 38 55 51 69 23
28 29 24 33 56 38 37 57 43 55 55 58
