30 10
0 0 0 0.25 0.25 0.25 0.25 0 0 0 
0 1 34 62 56 26 34 51 16 53 21 76
0 2 86 18 79 45 40 18 67 22 33 42
0 3 52 36 64 18 56 42 63 85 68 75
0 4 79 76 19 50 80 58 44 69 55 27
0 5 53 57 30 25 82 65 15 13 24 82
0 6 44 70 61 42 19 52 20 24 39 46
0 7 60 46 64 81 25 14 85 51 29 72
0 8 21 71 4 43 77 16 9 46 8 67
0 9 15 81 35 57 36 42 37 28 20 23
0 10 18 14 63 62 60 68 22 82 21 4
0 11 74 19 29 41 73 84 51 27 21 37
0 12 36 14 18 60 9 66 23 15 44 19
0 13 5 16 50 35 14 50 28 4 14 65
0 14 36 66 52 36 29 77 31 17 59 34
0 15 23 54 35 61 10 28 62 81 15 67
0 16 66 16 76 72 33 21 93 56 46 88
0 17 33 8 8 32 18 82 77 38 83 72
0 18 25 61 11 84 79 23 25 72 84 21
0 19 88 85 53 53 83 23 46 29 29 43
0 20 60 72 80 45 41 71 49 73 36 14
0 21 71 93 16 36 29 85 24 73 72 56
0 22 83 47 32 32 52 50 27 57 87 85
0 23 43 82 12 87 67 83 58 78 58 42
0 24 39 54 55 32 41 26 24 76 61 77
0 25 72 48 66 45 16 51 89 64 38 22
0 26 61 90 58 28 64 44 25 60 63 72
0 27 32 7 71 22 56 45 21 86 66 31
0 28 37 35 82 25 56 73 41 75 14 41
0 29 72 60 20 50 32 39 15 45 52 51
1 2 11 78 47 80 19 56 21 77 42 27
1 3 86 95 50 40 38 80 33 39 52 45
1 4 95 55 27 39 94 44 44 51 28 58
1 5 15 62 47 71 60 41 10 76 78 18
1 6 55 46 29 30 47 84 68 75 72 86
1 7 8 70 7 50 15 46 67 57 79 38
1 8 68 68 56 15 91 68 76 75 67 89
1 9 2 0 40 62 31 51 32 13 27 13
1 10 1 46 31 5 56 6 50 52 63 77
1 11 97 42 78 80 73 82 25 52 67 54
1 12 97 45 35 74 20 24 21 72 79 88
1 13 62 30 38 59 79 36 37 57 39 29
1 14 22 65 67 39 71 9 54 6 23 19
1 15 3 41 73 46 64 67 68 68 3 4
1 16 84 77 66 92 65 79 38 92 40 58
1 17 36 67 48 63 9 82 54 32 86 15
1 18 18 52 51 30 20 29 39 39 33 65
1 19 96 23 55 83 97 83 28 20 52 93
1 20 24 68 11 78 10 53 47 57 67 24
1 21 2 44 44 63 54 69 79 72 71 22
1 22 70 75 22 70 32 34 15 59 91 47
1 23 99 23 38 34 39 93 64 40 60 41
1 24 12 58 69 24 81 74 28 39 14 14
1 25 3 35 58 45 29 39 30 46 26 53
1 26 17 16 69 37 39 15 8 6 19 78
1 27 52 50 58 41 45 16 80 54 89 85
1 28 69 82 55 76 39 48 81 44 22 72
1 29 12 41 45 29 62 30 2 38 65 79
2 3 53 47 62 61 10 52 57 69 20 69
2 4 92 28 52 88 63 20 92 63 71 26
2 5 87 23 71 32 64 60 69 73 17 46
2 6 24 68 58 36 84 58 60 70 21 82
2 7 41 35 28 34 53 51 25 47 75 87
2 8 14 63 33 13 33 21 13 23 78 20
2 9 81 92 30 66 66 51 59 85 89 43
2 10 69 79 55 28 29 28 67 50 74 35
2 11 17 27 45 8 45 27 59 43 31 53
2 12 82 87 63 69 69 89 57 48 28 64
2 13 46 85 45 43 11 68 59 10 22 47
2 14 92 93 49 42 67 54 36 71 95 36
2 15 3 80 9 41 78 7 64 5 22 10
2 16 87 24 75 26 25 74 87 71 26 45
2 17 51 88 71 74 13 41 13 69 78 23
2 18 49 65 51 12 33 89 41 75 47 43
2 19 49 41 81 87 48 43 44 53 85 10
2 20 29 18 33 78 27 38 30 78 42 46
2 21 35 20 75 33 12 7 68 68 83 22
2 22 88 77 38 71 19 46 25 31 96 83
2 23 76 20 48 70 63 50 62 42 74 31
2 24 78 56 60 70 50 46 51 81 84 65
2 25 41 69 52 68 10 73 17 25 12 56
2 26 67 32 42 35 74 92 29 41 39 28
2 27 78 79 74 63 47 72 86 93 47 61
2 28 13 56 76 28 44 36 62 31 19 38
2 29 63 44 63 52 78 21 38 58 81 86
3 4 86 79 89 62 96 27 43 68 22 40
3 5 5 66 69 69 60 4 52 77 8 57
3 6 89 63 58 48 22 35 63 19 51 30
3 7 99 63 28 23 86 34 85 51 84 39
3 8 91 34 94 21 29 24 55 78 61 22
3 9 74 80 80 15 33 77 35 80 52 20
3 10 94 21 38 61 19 95 94 38 63 69
3 11 98 93 44 31 71 75 31 55 60 82
3 12 5 69 2 58 76 50 63 1 3 73
3 13 94 36 88 93 89 20 21 61 19 45
3 14 45 85 21 59 26 87 54 86 61 35
3 15 16 34 56 49 44 44 66 55 32 64
3 16 92 87 86 76 71 25 95 23 64 50
3 17 52 37 32 56 42 30 36 68 29 78
3 18 14 24 30 74 25 35 24 4 15 35
3 19 43 72 17 17 55 69 66 36 30 56
3 20 62 57 83 54 28 75 59 66 35 16
3 21 65 45 64 39 51 65 69 66 44 64
3 22 92 56 47 52 44 21 67 76 85 87
3 23 28 66 32 43 37 22 38 67 30 79
3 24 2 56 56 27 39 77 29 51 54 3
3 25 2 32 3 69 43 30 45 27 9 23
3 26 60 35 23 73 75 61 88 80 28 42
3 27 5 27 38 14 18 54 39 24 40 44
3 28 1 1 50 77 23 38 16 0 29 62
3 29 65 92 54 64 30 29 40 28 75 32
4 5 49 51 27 21 29 48 24 51 54 86
4 6 56 43 41 33 54 66 71 76 86 20
4 7 43 78 81 69 48 84 56 53 19 16
4 8 60 20 39 63 65 60 75 18 83 75
4 9 62 60 46 12 23 87 39 39 14 76
4 10 89 88 59 60 40 62 76 49 38 19
4 11 73 82 89 45 67 87 57 26 22 64
4 12 70 50 74 47 32 67 39 61 31 44
4 13 75 38 74 68 28 44 21 54 66 88
4 14 99 41 84 59 93 59 46 80 59 69
4 15 20 59 20 34 80 50 64 36 79 9
4 16 67 35 92 62 25 34 34 65 83 46
4 17 33 74 39 15 44 63 33 31 58 36
4 18 78 76 87 38 92 30 75 86 45 86
4 19 62 35 91 38 83 73 35 73 59 57
4 20 27 34 65 5 75 55 10 8 34 33
4 21 62 14 34 74 49 33 52 33 67 89
4 22 66 46 73 44 13 48 58 62 93 85
4 23 96 37 23 46 77 83 44 81 55 80
4 24 52 49 16 43 34 23 44 19 61 87
4 25 63 78 58 19 40 41 34 19 23 63
4 26 79 74 80 21 64 28 25 25 79 89
4 27 29 76 10 63 33 73 84 48 18 57
4 28 6 57 1 49 34 61 45 10 58 46
4 29 14 55 6 6 14 67 16 60 23 67
5 6 22 61 75 33 36 22 10 18 14 68
5 7 71 61 27 20 64 82 32 65 64 75
5 8 80 46 41 63 25 93 82 33 46 23
5 9 32 52 25 66 83 71 23 19 47 42
5 10 2 38 4 19 12 74 43 66 40 65
5 11 81 41 28 60 21 51 50 57 78 81
5 12 1 25 77 54 62 77 48 62 5 69
5 13 24 10 30 46 40 40 69 40 27 11
5 14 2 31 28 35 38 24 31 14 34 14
5 15 53 60 31 44 36 56 75 34 26 78
5 16 47 76 76 22 70 88 35 33 58 43
5 17 81 85 23 46 20 54 68 66 32 90
5 18 91 85 91 83 59 37 32 22 20 23
5 19 17 15 14 37 52 48 69 12 18 37
5 20 88 57 58 35 46 51 30 91 56 55
5 21 99 90 52 96 21 30 42 64 84 44
5 22 54 15 43 50 69 87 50 62 43 53
5 23 10 17 73 59 78 14 18 49 4 54
5 24 97 72 30 95 40 87 52 65 66 77
5 25 8 21 25 62 58 54 24 43 31 33
5 26 24 55 29 31 26 74 68 62 34 9
5 27 84 42 84 29 61 52 49 32 71 37
5 28 91 18 40 79 96 40 84 50 62 78
5 29 83 75 38 94 88 61 65 46 53 40
6 7 96 51 35 26 86 27 29 85 44 33
6 8 42 86 34 55 46 64 39 74 79 65
6 9 58 65 36 39 83 64 54 66 81 83
6 10 34 44 46 83 11 53 35 19 75 8
6 11 75 30 94 74 67 19 78 61 73 44
6 12 11 3 15 67 78 46 38 22 15 15
6 13 1 76 65 26 7 49 76 40 31 8
6 14 56 45 49 37 68 22 51 50 16 60
6 15 64 52 67 70 49 27 61 55 18 62
6 16 39 38 13 33 41 62 82 31 49 55
6 17 41 14 34 13 86 20 53 30 61 73
6 18 19 77 34 34 62 4 16 24 13 19
6 19 14 57 70 55 73 76 76 52 79 68
6 20 56 15 54 90 63 46 16 62 38 52
6 21 45 75 12 87 84 45 31 65 25 10
6 22 14 70 33 77 32 31 16 5 71 78
6 23 86 88 89 75 65 49 64 91 28 69
6 24 23 64 83 57 41 57 8 75 62 31
6 25 68 38 39 69 52 29 39 86 63 46
6 26 14 33 40 47 42 10 53 13 56 64
6 27 54 25 77 33 17 32 83 40 74 34
6 28 40 87 15 56 63 82 51 25 82 75
6 29 33 60 30 32 65 42 32 11 32 77
7 8 90 45 40 95 32 79 52 31 70 69
7 9 99 69 51 85 65 68 96 52 52 84
7 10 16 59 21 19 23 45 6 43 65 69
7 11 64 26 77 28 62 68 15 64 58 62
7 12 35 40 51 77 49 18 8 31 45 64
7 13 83 48 54 23 25 63 69 63 80 75
7 14 72 86 53 19 31 68 83 62 29 23
7 15 96 89 64 84 27 79 20 57 92 70
7 16 22 51 28 49 79 82 73 28 51 24
7 17 46 78 70 80 54 33 82 71 56 27
7 18 78 67 16 24 20 21 72 51 29 48
7 19 23 12 58 27 47 59 28 7 72 8
7 20 8 76 49 43 14 36 78 14 24 80
7 21 34 70 46 64 42 81 56 12 11 37
7 22 20 6 71 61 60 71 52 5 41 59
7 23 98 37 62 82 20 62 33 54 36 77
7 24 95 45 91 31 39 29 88 76 25 65
7 25 77 30 39 25 43 33 43 52 25 79
7 26 52 36 49 48 77 78 77 69 63 39
7 27 85 32 89 43 90 36 32 25 84 19
7 28 13 75 26 72 41 67 6 6 23 68
7 29 36 77 42 25 57 16 61 48 17 84
8 9 61 13 85 88 44 75 22 28 37 45
8 10 26 29 28 29 8 83 15 12 58 10
8 11 8 31 13 78 15 52 19 33 77 2
8 12 33 51 75 15 80 55 38 7 14 78
8 13 9 44 59 8 50 66 38 29 33 47
8 14 73 65 26 55 41 27 18 62 24 50
8 15 42 14 40 70 36 21 68 76 63 67
8 16 6 29 65 42 60 65 32 59 73 73
8 17 30 69 50 20 67 7 43 57 47 80
8 18 82 30 33 57 51 72 61 77 49 85
8 19 96 88 54 45 83 95 50 63 40 85
8 20 47 30 50 86 77 43 47 55 34 62
8 21 77 84 95 32 32 52 35 27 63 67
8 22 75 40 38 48 70 74 67 37 56 32
8 23 12 18 49 57 61 49 29 47 65 57
8 24 11 6 15 67 49 21 73 28 15 28
8 25 54 87 76 86 31 37 73 80 88 82
8 26 5 58 5 42 33 67 50 23 49 7
8 27 99 71 59 36 58 30 36 70 90 52
8 28 99 24 52 50 63 73 77 69 39 73
8 29 28 11 84 80 22 74 71 72 68 66
9 10 22 5 78 42 38 36 78 58 57 74
9 11 55 35 44 76 65 76 68 85 34 53
9 12 50 75 86 48 35 51 13 29 27 16
9 13 38 45 16 24 27 12 28 55 56 57
9 14 46 73 43 13 77 41 15 73 15 31
9 15 48 66 55 22 53 48 63 87 41 80
9 16 83 47 27 60 19 74 39 24 49 76
9 17 54 65 57 25 27 74 24 28 30 81
9 18 84 86 19 69 18 38 58 24 75 66
9 19 57 54 71 89 67 23 39 15 43 15
9 20 96 42 40 88 56 93 28 74 78 94
9 21 54 64 78 71 60 77 78 28 58 16
9 22 47 51 33 36 78 14 35 87 52 54
9 23 67 87 92 51 27 32 82 31 53 38
9 24 77 48 28 54 61 47 86 50 94 48
9 25 50 66 82 75 57 22 33 79 32 46
9 26 5 48 68 52 37 59 10 69 63 23
9 27 90 60 34 43 36 34 91 24 29 73
9 28 53 25 43 80 58 21 59 22 37 56
9 29 66 91 38 64 17 52 75 89 56 64
10 11 96 83 65 41 35 61 41 31 52 59
10 12 39 46 74 35 42 11 33 47 24 67
10 13 44 60 42 61 66 63 13 67 66 72
10 14 0 0 63 27 56 24 25 48 78 46
10 15 82 82 89 94 89 42 41 40 59 32
10 16 66 32 55 86 82 45 77 30 37 83
10 17 70 59 67 31 85 72 66 90 28 46
10 18 89 18 41 83 42 54 28 68 71 43
10 19 4 80 2 37 67 14 15 8 17 54
10 20 56 35 87 77 88 88 52 40 33 76
10 21 33 32 43 53 73 35 33 63 84 21
10 22 9 17 12 61 48 64 30 36 76 60
10 23 75 64 88 58 76 86 59 24 94 80
10 24 98 36 46 74 65 37 99 92 52 64
10 25 41 54 50 31 64 56 32 24 50 61
10 26 51 72 58 68 26 66 48 85 65 76
10 27 19 46 66 38 61 19 72 30 59 53
10 28 42 13 39 42 42 38 77 83 62 58
10 29 50 68 71 37 88 19 45 47 69 46
11 12 58 76 88 26 34 44 71 46 31 88
11 13 35 71 66 32 19 26 30 62 70 82
11 14 39 83 14 68 8 36 33 68 48 82
11 15 56 23 22 21 35 18 22 44 83 19
11 16 79 23 74 30 29 46 47 64 91 58
11 17 99 44 60 91 76 30 75 60 89 63
11 18 71 25 39 60 44 17 55 82 80 29
11 19 83 47 39 90 59 82 68 91 20 41
11 20 48 32 34 52 62 13 26 56 28 10
11 21 98 37 20 65 63 86 81 22 54 60
11 22 21 13 18 53 25 21 14 43 58 65
11 23 21 67 62 69 41 13 5 78 39 31
11 24 92 54 52 23 49 60 76 44 38 20
11 25 87 29 82 52 26 29 50 65 79 78
11 26 72 23 14 86 77 86 47 64 92 16
11 27 44 41 81 27 49 50 16 62 37 32
11 28 61 24 79 23 80 17 57 18 36 85
11 29 39 84 16 19 61 75 71 65 69 19
12 13 45 33 75 13 81 20 21 27 19 82
12 14 86 25 71 40 41 60 73 36 87 81
12 15 26 8 64 7 16 32 66 31 56 25
12 16 6 23 31 51 64 73 30 45 46 34
12 17 15 76 80 26 61 42 12 59 27 36
12 18 13 35 41 65 15 75 76 14 48 71
12 19 43 32 68 72 46 41 53 64 47 73
12 20 13 54 57 49 25 48 12 64 34 10
12 21 11 11 2 30 5 33 60 75 46 19
12 22 18 79 66 45 9 11 58 26 67 81
12 23 97 70 91 97 64 35 49 36 82 84
12 24 67 88 82 56 17 72 78 57 74 22
12 25 16 9 18 73 16 26 3 50 52 20
12 26 37 38 41 23 75 43 58 60 74 15
12 27 86 62 41 25 32 17 41 73 76 23
12 28 73 93 70 89 66 59 38 45 77 73
12 29 14 62 49 25 37 74 16 5 48 29
13 14 85 22 33 50 18 50 21 94 68 75
13 15 83 41 19 71 35 59 42 26 61 37
13 16 92 49 41 67 53 50 72 19 55 44
13 17 94 24 42 37 81 65 81 47 34 93
13 18 96 74 64 71 87 65 46 96 63 25
13 19 25 65 75 21 74 63 38 5 40 19
13 20 23 44 24 47 70 21 28 43 47 27
13 21 13 17 24 19 47 35 79 12 37 57
13 22 56 29 40 69 82 66 77 85 23 83
13 23 15 22 63 81 72 56 69 17 56 53
13 24 62 84 77 61 80 58 49 53 68 37
13 25 66 72 66 57 90 30 50 13 29 41
13 26 7 50 68 36 69 48 34 64 12 52
13 27 70 83 19 44 19 66 18 68 48 62
13 28 84 86 76 73 52 26 90 52 45 71
13 29 15 35 80 5 35 4 6 37 10 57
14 15 87 37 34 60 39 82 79 17 45 20
14 16 61 12 25 89 86 16 77 81 78 37
14 17 36 17 61 32 58 30 58 38 61 78
14 18 17 22 35 37 60 3 37 22 78 23
14 19 22 51 56 58 57 19 9 19 12 47
14 20 72 88 53 44 48 68 40 21 25 41
14 21 23 45 72 62 77 39 5 14 59 7
14 22 91 56 35 86 42 32 85 27 95 18
14 23 25 35 59 16 8 80 45 9 30 5
14 24 74 37 71 80 81 21 87 19 81 91
14 25 78 95 21 37 66 57 33 83 61 79
14 26 33 52 51 26 39 42 85 43 85 44
14 27 70 89 29 35 38 60 91 49 23 79
14 28 77 23 69 15 70 34 81 42 35 21
14 29 81 37 60 32 34 44 51 17 19 56
15 16 35 8 68 76 46 22 48 59 14 71
15 17 3 2 57 4 44 45 48 37 70 72
15 18 59 50 30 89 54 29 20 77 41 53
15 19 64 17 90 91 58 81 64 91 15 69
15 20 77 62 24 62 59 49 58 57 93 23
15 21 96 79 68 56 71 50 28 95 63 47
15 22 52 21 45 77 75 37 27 13 83 62
15 23 1 28 69 17 33 19 32 33 15 62
15 24 80 62 56 85 96 29 33 79 39 40
15 25 5 38 29 43 47 23 21 76 43 27
15 26 98 95 22 72 49 52 28 30 71 75
15 27 75 58 19 64 61 39 65 69 16 45
15 28 49 10 79 22 44 69 79 73 28 43
15 29 29 28 77 74 70 6 38 12 12 67
16 17 29 24 35 63 53 46 55 77 49 19
16 18 25 31 84 32 60 62 62 63 28 19
16 19 26 21 56 22 76 21 82 14 73 25
16 20 52 75 73 54 38 80 19 71 88 25
16 21 2 52 64 27 24 13 18 19 77 64
16 22 95 63 26 74 21 29 45 25 39 69
16 23 87 68 71 22 44 75 87 58 63 90
16 24 50 56 33 55 68 62 29 49 55 13
16 25 1 68 42 7 4 40 59 75 50 6
16 26 51 69 28 25 49 65 19 76 74 47
16 27 68 52 25 75 62 15 40 32 66 22
16 28 88 79 77 25 80 48 61 31 21 71
16 29 47 43 66 57 76 30 66 9 28 69
17 18 67 16 33 58 21 66 73 41 59 58
17 19 9 67 78 66 71 33 75 34 18 76
17 20 75 19 61 23 43 66 54 52 28 63
17 21 58 36 56 87 13 32 42 24 77 47
17 22 13 43 72 36 68 79 58 51 6 46
17 23 20 67 37 51 39 8 5 34 4 22
17 24 78 70 86 75 95 38 31 29 16 75
17 25 81 69 23 18 28 43 28 80 16 19
17 26 99 47 78 50 69 84 58 61 60 33
17 27 6 18 30 17 68 30 64 78 36 31
17 28 26 27 77 49 53 53 52 63 65 38
17 29 37 16 48 35 62 79 75 50 19 74
18 19 53 82 75 89 72 18 83 31 40 81
18 20 19 36 76 7 62 61 38 6 76 11
18 21 88 68 64 21 80 76 71 37 37 47
18 22 38 82 9 46 13 79 76 85 30 35
18 23 7 22 3 32 34 6 37 29 68 2
18 24 57 83 84 77 14 17 45 79 68 88
18 25 90 84 63 38 30 87 28 39 30 88
18 26 48 16 43 81 22 34 44 39 57 65
18 27 62 29 37 61 34 85 35 50 16 31
18 28 74 24 42 47 22 32 54 23 80 31
18 29 47 29 80 51 22 16 76 10 83 10
19 20 39 61 12 57 76 16 34 16 43 75
19 21 92 83 34 46 54 76 36 42 59 29
19 22 71 77 24 19 30 43 90 18 65 15
19 23 84 60 42 40 51 35 62 75 27 36
19 24 29 25 56 36 48 31 59 50 44 47
19 25 80 75 87 42 44 82 41 68 92 62
19 26 6 14 73 37 15 13 78 34 25 65
19 27 63 79 16 89 13 16 88 20 71 69
19 28 38 25 41 74 17 53 75 48 42 83
19 29 33 75 54 82 83 13 76 82 64 26
20 21 78 78 74 62 65 33 81 21 88 86
20 22 82 61 26 19 28 56 62 87 32 45
20 23 8 17 57 30 36 13 78 39 8 61
20 24 47 14 82 24 53 24 61 10 37 58
20 25 55 38 62 65 18 41 78 44 23 82
20 26 29 6 18 78 55 81 19 14 24 58
20 27 85 77 50 17 42 77 18 51 77 84
20 28 18 11 48 30 59 6 15 34 6 75
20 29 26 64 81 20 59 27 57 79 36 74
21 22 11 19 59 75 37 44 41 26 13 59
21 23 75 77 45 42 66 38 29 31 76 34
21 24 17 54 7 44 48 37 23 37 68 42
21 25 70 76 42 44 89 84 16 82 79 46
21 26 94 96 29 40 51 22 27 89 79 53
21 27 38 11 37 12 48 8 66 40 81 49
21 28 72 58 53 21 22 25 83 87 87 24
21 29 79 67 92 91 69 26 74 75 78 19
22 23 32 55 43 71 79 70 56 80 37 9
22 24 31 19 33 69 54 39 27 32 63 52
22 25 34 71 74 56 82 40 16 27 64 30
22 26 25 67 82 76 22 68 67 58 60 73
22 27 91 65 20 50 88 59 22 86 89 54
22 28 5 53 40 54 55 63 16 31 15 5
22 29 4 20 36 77 12 18 11 46 75 13
23 24 20 28 60 62 15 9 38 39 7 48
23 25 72 23 52 49 19 47 62 92 92 70
23 26 62 32 64 41 19 15 89 24 43 65
23 27 41 35 74 53 29 71 76 33 71 29
23 28 98 86 89 56 90 32 30 76 42 77
23 29 2 20 29 4 25 67 22 60 31 22
24 25 69 84 15 48 21 40 30 84 52 57
24 26 68 76 45 86 38 21 23 29 78 42
24 27 2 6 48 36 66 77 72 52 60 79
24 28 21 45 22 71 81 33 57 43 28 12
24 29 34 83 80 69 12 65 57 12 75 85
25 26 87 45 87 71 44 47 61 56 65 94
25 27 36 7 63 87 25 83 70 15 37 50
25 28 3 73 75 67 52 65 31 49 16 38
25 29 87 26 79 46 54 25 79 18 40 77
26 27 32 61 28 53 73 52 72 66 16 75
26 28 10 32 39 24 17 79 34 61 17 29
26 29 27 41 24 20 37 80 64 51 12 13
27 28 86 83 30 18 57 46 23 40 80 21
27 29 60 41 39 61 56 35 89 28 26 79
28 29 80 46 24 50 41 71 68 35 51 57
