33 10
0 0 0 0.25 0.25 0.25 0.25 0 0 0 
0 1 42 46 44 48 50 49 41 44 47 38
0 2 98 87 92 95 97 86 92 91 92 89
0 3 57 49 53 53 59 59 49 61 56 60
0 4 46 49 47 48 46 41 47 45 52 52
0 5 26 35 29 32 26 31 36 27 26 29
0 6 63 56 59 55 67 60 55 63 60 55
0 7 72 70 72 66 76 65 73 64 63 74
0 8 37 40 44 35 36 31 36 40 44 43
0 9 42 47 44 39 36 36 49 49 50 49
0 10 89 86 83 85 91 86 81 83 80 90
0 11 12 15 13 18 19 18 11 15 18 10
0 12 39 34 45 42 36 46 36 47 42 35
0 13 51 45 51 46 49 55 53 43 52 51
0 14 81 81 79 76 69 75 71 80 78 84
0 15 71 61 70 74 67 72 61 74 61 65
0 16 12 13 11 21 13 20 14 21 25 14
0 17 36 34 31 35 32 32 34 33 43 38
0 18 99 98 90 84 85 90 94 99 86 97
0 19 33 35 37 42 37 30 40 36 32 29
0 20 20 17 19 22 28 25 22 26 21 22
0 21 13 25 18 17 17 23 12 11 22 24
0 22 12 22 18 15 20 16 24 21 16 10
0 23 42 48 44 48 43 46 41 46 44 49
0 24 46 42 50 52 45 52 44 40 40 40
0 25 5 12 9 8 17 12 11 13 14 9
0 26 25 30 35 34 34 26 34 23 27 24
0 27 88 80 85 76 75 83 85 79 76 81
0 28 59 64 54 52 51 59 51 62 54 62
0 29 4 17 12 12 7 15 7 7 16 13
0 30 88 81 79 81 76 83 87 81 83 83
0 31 69 66 62 70 65 68 64 69 60 63
0 32 93 87 82 94 82 86 81 82 90 82
1 2 44 52 41 45 42 49 51 52 42 39
1 3 30 39 27 30 38 37 34 31 30 26
1 4 39 35 45 36 38 41 44 48 48 39
1 5 26 36 26 25 29 22 26 35 31 22
1 6 65 63 56 56 65 60 63 66 62 59
1 7 68 69 59 63 63 72 64 63 61 70
1 8 24 24 33 29 30 34 34 25 25 33
1 9 94 89 92 83 89 83 85 90 84 95
1 10 58 57 49 57 53 52 59 59 52 62
1 11 39 47 48 46 34 42 36 34 43 42
1 12 58 61 61 57 56 52 57 62 61 62
1 13 86 87 77 79 75 84 82 77 82 83
1 14 10 9 19 13 9 22 23 12 9 17
1 15 46 52 51 51 45 43 46 43 48 48
1 16 21 27 33 22 18 30 32 19 26 23
1 17 22 29 23 30 27 24 33 30 22 24
1 18 10 11 10 17 14 20 12 23 9 21
1 19 88 79 87 77 80 77 79 80 81 80
1 20 82 72 83 82 74 84 81 73 84 81
1 21 11 9 11 19 12 24 15 21 23 19
1 22 59 57 59 64 55 53 65 51 60 59
1 23 48 44 41 44 45 45 41 53 55 45
1 24 59 55 62 51 59 63 52 50 62 62
1 25 28 31 25 28 27 25 37 34 30 37
1 26 65 69 64 61 57 69 61 65 55 65
1 27 46 42 53 40 44 40 42 47 54 49
1 28 14 18 25 18 17 22 24 21 20 24
1 29 31 30 27 27 32 30 35 29 39 37
1 30 62 64 61 59 54 55 56 60 57 54
1 31 42 37 51 36 44 49 42 50 41 46
1 32 49 54 47 43 50 45 44 55 49 53
2 3 72 69 67 62 66 61 73 66 75 64
2 4 22 32 32 32 26 28 22 21 25 20
2 5 18 30 16 17 26 30 16 28 18 27
2 6 13 15 24 16 19 20 14 25 15 14
2 7 71 66 74 64 75 63 66 61 71 62
2 8 78 75 79 69 69 75 68 76 66 67
2 9 45 53 45 41 50 39 53 50 42 42
2 10 27 34 31 35 34 30 31 32 25 37
2 11 79 67 75 78 81 75 72 80 73 71
2 12 59 58 53 55 59 50 64 64 64 65
2 13 51 58 44 56 51 47 54 47 47 48
2 14 26 33 34 37 36 32 28 36 35 34
2 15 35 34 33 43 37 33 41 44 30 42
2 16 44 48 39 41 48 49 49 48 47 46
2 17 36 35 45 36 32 45 44 45 43 45
2 18 10 15 9 18 14 22 9 23 15 18
2 19 89 88 82 78 89 80 86 76 81 81
2 20 79 68 78 82 69 72 75 80 72 78
2 21 46 41 43 44 48 48 43 45 50 48
2 22 79 72 67 72 74 79 73 76 81 70
2 23 35 35 44 41 30 35 43 35 38 39
2 24 70 74 68 72 69 73 74 66 68 60
2 25 45 52 53 46 41 52 39 51 51 51
2 26 24 31 20 30 22 21 35 32 33 34
2 27 7 6 8 9 6 11 19 15 10 13
2 28 58 61 50 54 59 62 57 58 55 62
2 29 73 68 64 74 65 67 64 72 71 65
2 30 65 67 66 69 69 58 69 68 61 58
2 31 9 9 8 9 9 16 10 8 21 8
2 32 42 43 51 48 50 40 50 46 38 43
3 4 92 84 87 82 92 91 90 92 86 84
3 5 89 82 80 83 85 78 78 86 78 82
3 6 67 67 65 69 60 59 69 58 72 58
3 7 60 63 61 53 52 60 65 59 54 51
3 8 54 57 49 60 53 55 50 57 47 50
3 9 70 71 71 63 61 73 62 65 67 61
3 10 48 53 51 49 43 43 53 44 42 49
3 11 61 59 64 67 64 61 63 59 60 62
3 12 7 15 6 14 17 18 8 18 12 12
3 13 96 90 91 83 96 86 89 85 87 89
3 14 88 82 78 84 75 86 81 84 79 80
3 15 83 80 85 82 79 78 84 76 73 82
3 16 83 85 77 74 74 77 85 77 85 72
3 17 38 46 34 44 40 38 40 37 37 47
3 18 74 70 71 76 69 65 77 76 72 63
3 19 26 28 37 35 34 23 22 33 30 34
3 20 31 33 29 31 36 39 39 37 33 34
3 21 47 45 41 43 54 52 54 51 41 49
3 22 20 19 26 24 18 28 29 25 21 21
3 23 74 71 65 76 64 64 64 77 70 65
3 24 77 80 72 66 77 69 72 72 69 70
3 25 81 84 76 81 81 74 73 74 71 80
3 26 93 92 90 87 82 80 89 80 92 81
3 27 63 63 65 65 63 66 59 65 67 56
3 28 46 44 41 54 53 46 49 41 42 53
3 29 45 44 43 43 46 43 50 45 46 51
3 30 58 60 56 63 56 59 64 56 60 53
3 31 34 32 40 36 36 39 41 34 38 37
3 32 8 19 14 17 19 8 13 20 21 21
4 5 46 46 52 54 46 54 45 54 46 47
4 6 30 40 30 37 40 40 39 26 37 28
4 7 47 42 48 52 53 44 41 52 41 44
4 8 97 83 95 84 87 92 96 97 89 96
4 9 7 10 11 14 11 18 13 18 20 18
4 10 49 42 49 42 56 42 50 50 55 54
4 11 72 63 65 73 75 74 68 65 73 74
4 12 53 48 46 46 50 56 49 59 58 50
4 13 90 76 83 85 89 78 81 82 76 79
4 14 98 94 88 95 96 83 90 91 87 84
4 15 99 96 90 98 88 89 87 96 92 87
4 16 32 28 37 29 39 32 37 27 38 29
4 17 83 74 74 84 80 73 80 72 77 75
4 18 34 41 31 42 43 39 36 38 34 37
4 19 41 42 47 48 35 40 41 48 41 37
4 20 79 81 77 81 73 74 69 77 70 71
4 21 4 8 16 5 8 8 16 4 7 4
4 22 0 7 6 14 5 8 4 7 4 4
4 23 10 14 22 20 22 12 8 21 13 22
4 24 87 79 85 76 83 80 82 74 88 83
4 25 59 56 54 60 59 62 53 59 51 59
4 26 58 59 50 63 56 50 54 61 58 52
4 27 40 44 35 38 46 35 34 41 34 37
4 28 85 77 80 82 87 81 72 80 85 83
4 29 82 84 74 72 73 78 73 81 71 83
4 30 36 40 43 34 37 44 36 34 45 44
4 31 47 51 48 45 50 43 43 46 45 42
4 32 8 13 12 12 11 15 9 10 13 19
5 6 62 67 60 54 56 55 62 57 66 57
5 7 59 63 55 64 64 53 62 60 61 53
5 8 82 70 81 69 75 83 74 81 80 84
5 9 26 22 26 27 27 34 24 23 24 27
5 10 66 56 56 68 66 59 65 61 70 61
5 11 76 73 71 75 72 78 77 70 65 78
5 12 38 34 37 42 39 36 40 36 45 46
5 13 66 71 60 60 71 66 70 59 59 64
5 14 34 34 37 33 31 31 44 32 41 30
5 15 29 34 34 25 37 27 25 31 30 30
5 16 76 68 66 68 66 72 75 72 78 66
5 17 64 65 66 58 61 62 57 55 61 66
5 18 68 60 72 66 58 65 69 66 67 67
5 19 90 85 91 83 90 84 78 91 83 90
5 20 10 12 13 10 22 24 17 17 19 17
5 21 4 13 4 13 4 6 15 12 4 15
5 22 48 54 49 56 42 56 46 46 46 43
5 23 10 15 23 14 13 18 11 10 18 16
5 24 47 45 44 54 46 44 45 47 41 50
5 25 86 77 82 77 79 76 79 85 77 84
5 26 32 40 33 30 36 34 33 34 31 40
5 27 33 39 33 29 35 37 41 33 42 36
5 28 5 9 14 14 18 14 12 12 19 18
5 29 92 84 88 80 83 88 90 90 83 78
5 30 66 59 69 68 60 66 60 60 67 61
5 31 29 26 40 27 34 39 27 27 38 35
5 32 53 46 51 45 59 53 58 53 58 52
6 7 39 39 48 38 46 39 45 47 38 37
6 8 0 1 6 14 7 8 1 5 14 12
6 9 56 60 49 61 61 62 56 57 57 63
6 10 54 57 54 50 49 58 47 47 56 56
6 11 8 11 14 21 9 15 18 15 15 10
6 12 44 38 47 49 43 47 45 38 43 39
6 13 38 34 45 43 37 43 33 46 33 44
6 14 11 20 16 13 13 13 17 17 15 23
6 15 96 92 94 95 86 96 82 92 94 94
6 16 67 62 59 60 71 65 70 63 60 71
6 17 11 22 10 12 22 18 24 23 19 21
6 18 2 6 15 2 10 5 15 14 7 12
6 19 54 57 51 56 50 52 48 50 61 48
6 20 95 91 83 95 82 85 94 93 84 82
6 21 66 60 59 65 71 68 65 64 71 68
6 22 17 17 15 16 29 16 21 24 29 23
6 23 99 90 85 98 85 92 99 93 98 94
6 24 48 54 50 52 41 42 44 51 48 42
6 25 3 14 12 3 3 11 8 10 3 11
6 26 42 47 50 47 42 43 39 48 44 47
6 27 51 48 52 52 52 50 55 46 45 49
6 28 98 85 97 84 83 87 87 98 86 92
6 29 84 77 84 72 75 80 82 74 86 81
6 30 44 43 49 48 39 39 38 44 44 40
6 31 63 62 60 68 63 66 63 61 61 56
6 32 38 46 44 45 36 35 36 37 38 38
7 8 92 87 86 85 80 80 82 88 93 82
7 9 60 61 63 56 57 58 61 54 62 58
7 10 49 51 51 44 53 52 48 47 52 54
7 11 41 43 50 36 46 47 49 47 47 36
7 12 6 16 6 11 12 15 12 19 7 16
7 13 26 36 29 31 36 29 36 28 35 34
7 14 94 90 83 89 95 93 87 90 91 86
7 15 13 18 24 20 16 24 26 17 21 16
7 16 69 67 65 72 68 62 68 70 59 61
7 17 79 80 81 75 69 80 67 78 78 74
7 18 84 81 82 73 77 83 75 74 80 71
7 19 24 26 27 30 23 26 32 28 23 31
7 20 69 65 71 71 62 63 65 60 62 64
7 21 3 16 13 14 9 11 3 14 5 16
7 22 88 78 82 78 77 88 83 76 88 76
7 23 29 32 28 29 40 30 33 30 40 26
7 24 74 77 64 64 72 64 77 69 65 63
7 25 91 84 79 83 89 83 78 86 78 87
7 26 66 70 59 59 66 68 62 60 60 68
7 27 46 52 42 41 47 54 49 49 40 43
7 28 52 47 59 46 51 52 47 56 58 52
7 29 60 64 53 66 66 57 56 66 64 56
7 30 8 11 9 12 12 18 20 14 11 12
7 31 49 48 46 54 50 51 47 44 43 56
7 32 8 13 10 16 16 8 12 9 10 19
8 9 97 83 86 87 96 89 93 96 96 89
8 10 51 44 54 48 53 52 45 45 45 54
8 11 7 8 18 10 21 7 20 13 13 9
8 12 12 21 21 22 20 20 14 21 22 16
8 13 86 77 84 77 76 74 75 85 73 76
8 14 23 27 20 22 29 20 26 34 20 25
8 15 52 58 51 45 56 47 51 52 46 49
8 16 24 32 26 23 32 24 29 22 25 31
8 17 6 10 5 15 11 7 16 12 6 10
8 18 0 0 10 13 12 11 9 4 9 10
8 19 30 29 29 37 37 29 36 27 32 28
8 20 26 23 34 37 29 37 25 35 34 29
8 21 36 42 37 33 44 45 39 40 45 32
8 22 97 89 84 90 89 91 89 95 95 94
8 23 68 61 59 58 69 61 72 68 60 72
8 24 16 25 24 15 25 27 23 26 21 27
8 25 14 25 19 24 24 15 23 27 18 15
8 26 33 37 37 33 37 36 32 30 28 29
8 27 54 54 56 47 51 59 50 54 47 60
8 28 63 58 55 64 60 54 68 61 62 61
8 29 38 39 34 47 40 36 36 38 47 35
8 30 43 45 46 43 43 39 39 46 42 50
8 31 25 33 24 22 30 28 26 35 33 23
8 32 74 69 69 70 74 69 75 64 74 68
9 10 50 51 43 57 48 53 51 51 54 55
9 11 97 90 96 83 83 86 90 93 94 94
9 12 7 13 11 6 13 12 17 19 16 9
9 13 97 89 85 90 95 82 94 87 87 90
9 14 67 69 61 68 59 68 70 67 60 61
9 15 49 50 54 54 43 54 45 53 55 42
9 16 93 81 92 84 80 91 83 84 90 91
9 17 31 30 28 36 37 26 26 35 34 26
9 18 7 7 12 17 16 9 13 13 11 17
9 19 64 65 62 69 55 63 62 67 61 63
9 20 80 83 75 75 74 73 76 68 68 80
9 21 25 33 28 32 31 35 27 32 30 22
9 22 37 42 37 34 40 34 33 41 40 35
9 23 87 82 85 74 79 78 77 77 77 87
9 24 82 74 73 81 73 82 74 74 76 77
9 25 9 13 12 10 8 21 15 16 17 15
9 26 16 26 18 25 19 26 15 17 20 14
9 27 7 14 7 9 8 9 13 10 14 16
9 28 92 85 87 82 87 86 80 87 85 84
9 29 8 15 8 17 14 8 11 18 9 11
9 30 50 50 45 55 47 47 43 54 52 56
9 31 56 58 56 49 50 48 55 55 55 58
9 32 0 9 12 1 12 14 2 13 2 1
10 11 36 41 39 44 36 37 45 44 31 38
10 12 4 12 18 14 5 10 6 11 8 16
10 13 55 50 51 48 48 56 48 62 50 56
10 14 34 33 36 31 43 41 31 34 43 37
10 15 16 28 17 29 19 20 14 15 16 22
10 16 78 75 71 80 73 77 73 80 68 71
10 17 15 13 17 12 17 21 16 15 18 26
10 18 87 76 77 86 80 82 79 85 79 87
10 19 63 58 62 56 67 59 66 64 59 56
10 20 75 65 64 65 64 65 77 64 66 72
10 21 48 48 46 45 42 49 51 46 45 49
10 22 88 84 76 84 78 77 80 89 78 86
10 23 46 45 40 46 53 52 49 48 47 48
10 24 89 84 87 76 87 76 82 81 81 78
10 25 48 48 53 51 45 56 50 42 46 54
10 26 64 59 69 55 61 62 67 69 60 63
10 27 0 11 3 3 11 1 12 12 13 7
10 28 89 86 90 88 77 83 90 87 79 80
10 29 14 16 23 25 20 18 22 15 20 12
10 30 90 78 88 91 81 83 78 86 83 80
10 31 25 28 23 24 34 36 34 26 36 34
10 32 93 89 85 82 93 81 94 90 94 79
11 12 30 27 35 28 33 28 37 33 35 32
11 13 75 65 69 65 70 67 64 65 74 64
11 14 15 24 20 14 25 21 14 17 19 20
11 15 85 74 76 84 87 76 78 77 86 73
11 16 84 79 83 86 77 81 71 78 77 72
11 17 55 61 48 61 53 57 58 61 48 57
11 18 84 74 82 85 85 73 83 73 81 74
11 19 46 45 39 48 45 40 40 48 51 53
11 20 25 36 32 25 26 30 31 30 27 31
11 21 16 24 14 28 19 28 27 21 22 19
11 22 47 48 41 41 43 48 46 44 50 49
11 23 43 38 36 51 42 39 48 40 40 42
11 24 63 63 65 62 55 56 55 55 65 60
11 25 48 47 56 54 49 46 55 44 45 54
11 26 38 38 46 35 38 39 35 44 44 42
11 27 7 18 7 11 14 10 13 13 11 18
11 28 99 86 88 87 98 95 89 85 85 91
11 29 22 32 24 26 19 24 24 24 26 26
11 30 6 15 6 8 9 11 8 11 13 9
11 31 42 49 39 45 39 39 40 50 50 46
11 32 74 65 74 66 76 76 71 64 73 69
12 13 21 21 27 18 31 32 30 26 28 24
12 14 5 5 10 8 17 10 18 7 10 15
12 15 49 52 45 52 45 51 43 45 53 57
12 16 62 65 59 65 60 59 58 60 59 62
12 17 86 73 78 78 77 82 77 88 74 73
12 18 53 47 54 50 59 55 55 60 54 58
12 19 3 14 14 3 12 10 11 3 16 8
12 20 8 9 8 12 17 19 11 19 11 9
12 21 1 6 9 14 6 8 13 6 3 6
12 22 45 40 53 52 53 48 48 39 48 46
12 23 34 41 38 38 34 29 34 38 30 35
12 24 49 46 50 49 48 48 44 43 49 51
12 25 59 58 57 60 51 51 63 53 59 53
12 26 17 15 16 23 26 16 16 22 24 16
12 27 73 69 67 63 67 69 67 63 70 75
12 28 75 64 71 65 72 68 78 65 78 69
12 29 69 64 59 68 65 67 65 60 68 70
12 30 28 26 29 28 31 25 32 36 26 31
12 31 40 38 40 47 43 45 38 45 38 46
12 32 62 53 64 58 53 57 63 57 54 66
13 14 81 70 77 74 79 81 74 70 79 77
13 15 54 54 60 58 56 56 51 60 48 60
13 16 24 24 25 34 24 31 33 23 27 29
13 17 52 57 47 48 48 47 48 45 56 52
13 18 86 79 74 77 78 75 82 82 74 76
13 19 38 46 47 38 36 36 35 46 35 42
13 20 36 31 34 41 37 32 43 34 35 45
13 21 19 29 24 20 22 19 28 20 23 23
13 22 85 77 76 81 85 74 85 78 78 86
13 23 16 21 17 23 18 25 23 26 27 21
13 24 96 93 82 89 83 96 85 93 91 92
13 25 18 30 23 23 25 19 29 30 29 18
13 26 7 21 18 7 9 11 11 21 13 14
13 27 83 78 83 76 73 70 77 80 74 70
13 28 58 56 54 57 61 53 64 61 62 54
13 29 41 45 45 44 38 45 40 47 35 45
13 30 22 23 25 31 22 28 20 29 32 23
13 31 42 42 43 40 37 37 47 39 48 50
13 32 45 48 42 45 44 40 48 40 44 42
14 15 97 96 89 92 85 95 87 96 85 92
14 16 55 55 49 49 58 59 48 61 47 61
14 17 69 60 63 62 67 65 60 70 73 61
14 18 37 43 33 33 39 32 35 34 41 36
14 19 53 48 55 59 50 53 54 48 48 52
14 20 26 37 36 29 27 27 23 32 35 26
14 21 64 63 69 66 57 65 64 67 64 57
14 22 81 69 78 79 73 76 71 77 69 70
14 23 42 43 49 42 37 48 46 47 47 50
14 24 95 95 84 89 96 88 92 95 82 92
14 25 29 32 26 33 26 37 36 36 32 27
14 26 67 70 65 59 68 63 58 65 64 57
14 27 41 38 37 46 47 40 41 50 46 47
14 28 44 47 49 45 38 38 50 48 38 46
14 29 19 18 27 24 30 19 24 18 18 18
14 30 32 27 39 31 32 39 38 32 33 35
14 31 52 57 55 54 49 52 50 53 55 59
14 32 56 57 60 61 49 55 58 59 51 61
15 16 70 72 60 71 71 72 71 73 63 63
15 17 43 48 43 40 48 52 39 37 41 44
15 18 46 46 45 47 44 42 47 44 54 46
15 19 63 60 54 63 63 53 59 57 54 57
15 20 92 84 89 84 80 86 92 86 81 91
15 21 61 55 54 57 58 61 59 52 58 65
15 22 91 92 78 89 86 91 92 81 79 90
15 23 92 92 87 93 83 84 86 85 86 81
15 24 95 81 87 82 92 81 93 87 84 94
15 25 69 72 61 67 61 60 68 69 64 72
15 26 0 11 7 5 1 6 13 5 4 2
15 27 27 30 33 32 29 24 27 34 36 25
15 28 89 89 77 90 83 87 78 90 88 77
15 29 18 25 24 28 22 24 21 28 20 20
15 30 69 72 67 70 65 66 68 69 69 74
15 31 4 8 9 5 10 10 4 13 13 8
15 32 27 34 30 26 38 34 38 33 38 37
16 17 88 83 77 84 76 88 88 88 77 87
16 18 14 16 23 23 24 26 17 24 25 16
16 19 69 59 63 65 60 71 65 73 63 68
16 20 18 28 19 30 25 19 25 18 24 23
16 21 39 48 35 41 33 47 35 34 37 36
16 22 49 48 43 45 47 49 48 51 56 47
16 23 49 43 52 52 50 51 46 42 51 56
16 24 90 79 77 83 86 89 80 86 87 87
16 25 76 74 76 76 79 78 67 76 75 78
16 26 53 46 53 52 57 52 51 54 49 57
16 27 88 86 79 84 88 84 83 86 89 81
16 28 20 20 28 24 32 28 27 23 21 22
16 29 31 28 38 37 34 27 29 40 41 27
16 30 58 54 55 56 63 53 63 50 49 64
16 31 91 87 78 87 90 83 91 92 85 92
16 32 36 41 32 35 44 35 36 39 39 36
17 18 91 88 83 84 84 78 81 82 86 90
17 19 91 85 86 80 88 83 90 86 84 77
17 20 18 24 25 27 23 20 28 29 22 18
17 21 29 35 34 35 39 39 36 32 38 33
17 22 41 35 45 37 37 45 50 47 41 48
17 23 64 61 66 55 59 61 55 65 60 65
17 24 50 51 57 44 55 52 45 55 48 49
17 25 86 86 80 74 77 85 85 80 88 84
17 26 49 46 48 46 46 48 55 52 42 54
17 27 51 45 54 49 57 56 56 56 45 57
17 28 52 57 52 48 51 49 59 49 49 51
17 29 89 80 90 82 86 88 80 90 83 79
17 30 38 32 40 44 33 37 33 36 45 35
17 31 41 38 49 41 35 41 46 45 37 48
17 32 13 24 20 20 17 19 15 20 24 22
18 19 66 68 67 66 60 65 63 64 58 58
18 20 36 33 43 37 34 46 44 45 42 45
18 21 38 34 34 39 42 36 40 45 39 34
18 22 91 91 90 78 85 81 79 80 80 82
18 23 39 42 35 38 35 37 39 38 35 41
18 24 26 26 24 35 34 23 36 29 26 23
18 25 3 8 5 6 15 17 14 11 4 9
18 26 18 19 16 17 16 26 25 22 25 20
18 27 35 33 38 40 41 33 36 37 34 38
18 28 53 49 51 48 48 52 54 56 56 58
18 29 64 55 68 67 65 60 57 68 57 64
18 30 4 12 18 15 18 11 7 7 11 8
18 31 94 92 83 82 80 87 84 89 94 88
18 32 36 38 39 33 34 41 33 34 38 42
19 20 52 44 59 56 59 46 45 51 55 52
19 21 11 23 16 17 19 13 22 23 20 11
19 22 62 63 62 55 55 59 59 63 56 55
19 23 20 19 19 23 29 20 23 20 25 27
19 24 36 41 36 32 37 34 41 43 41 35
19 25 86 80 87 83 80 84 75 85 78 73
19 26 8 13 15 16 21 9 11 11 14 17
19 27 49 44 48 56 54 55 52 42 48 51
19 28 85 85 86 85 80 79 81 80 80 80
19 29 75 68 78 77 65 74 66 65 76 79
19 30 89 78 85 89 82 90 78 79 84 90
19 31 92 79 88 84 92 85 80 89 83 89
19 32 71 65 63 62 66 72 73 75 69 69
20 21 41 35 44 38 43 43 38 35 44 35
20 22 52 57 54 51 47 58 58 47 48 46
20 23 23 22 26 26 29 27 33 27 23 28
20 24 73 66 76 76 66 64 65 63 72 70
20 25 33 32 40 31 37 37 30 28 34 36
20 26 69 62 65 71 65 67 64 62 68 65
20 27 94 87 90 83 87 82 90 82 91 91
20 28 52 48 44 50 53 50 49 54 57 51
20 29 12 23 20 16 25 24 20 24 23 25
20 30 23 24 27 22 26 31 31 20 20 31
20 31 2 12 6 14 12 4 14 15 6 16
20 32 84 77 84 72 78 75 72 71 86 82
21 22 23 21 29 24 31 26 21 23 31 28
21 23 4 18 8 9 16 4 13 11 4 17
21 24 71 74 65 62 73 65 70 62 66 68
21 25 59 59 62 58 50 56 53 62 54 60
21 26 39 37 35 35 45 40 44 34 40 40
21 27 71 74 68 60 67 74 61 74 71 66
21 28 87 80 75 78 86 75 83 86 80 82
21 29 88 79 86 79 76 75 76 85 90 81
21 30 53 58 50 57 45 45 46 49 56 60
21 31 95 81 82 87 91 88 92 85 95 83
21 32 86 84 83 74 86 85 83 75 80 83
22 23 7 17 9 19 13 16 9 15 21 15
22 24 83 83 78 72 76 79 85 77 82 72
22 25 51 47 57 48 47 48 49 47 57 55
22 26 51 48 55 56 49 56 56 55 47 58
22 27 54 56 55 47 50 51 53 51 58 55
22 28 26 26 35 24 36 29 23 29 35 25
22 29 41 41 43 36 36 36 37 48 40 46
22 30 64 56 59 61 67 59 60 59 67 56
22 31 0 5 13 10 13 4 10 8 12 5
22 32 19 25 29 25 21 30 18 27 24 23
23 24 52 46 49 53 55 50 45 58 55 47
23 25 63 58 66 55 55 64 58 56 54 64
23 26 37 40 46 42 43 32 43 36 41 44
23 27 30 29 34 30 34 29 38 28 38 28
23 28 43 48 47 51 36 40 40 42 50 39
23 29 60 52 52 51 64 57 58 59 65 61
23 30 78 69 68 74 71 67 78 80 80 78
23 31 31 33 39 34 39 40 39 39 29 34
23 32 57 63 57 60 54 53 62 56 54 53
24 25 3 8 4 4 17 12 11 17 7 9
24 26 43 39 48 47 50 50 39 42 47 47
24 27 87 88 81 78 77 78 83 85 86 78
24 28 12 16 23 21 20 15 23 23 13 19
24 29 51 50 52 43 54 47 46 51 58 51
24 30 1 15 9 2 11 13 2 4 10 14
24 31 90 81 86 89 88 83 79 80 81 78
24 32 19 22 24 30 17 29 16 31 26 25
25 26 56 49 57 48 59 49 51 51 57 54
25 27 96 87 89 94 84 89 93 95 95 90
25 28 50 46 48 46 47 47 45 44 43 57
25 29 88 75 77 86 87 88 88 84 76 78
25 30 54 51 53 59 56 46 50 51 57 47
25 31 96 88 91 92 90 95 94 96 87 87
25 32 26 23 25 22 24 33 33 24 28 33
26 27 62 56 64 65 67 63 62 68 61 57
26 28 92 93 82 89 81 92 84 80 84 84
26 29 61 60 52 55 66 61 55 57 55 63
26 30 80 74 78 72 68 76 73 73 82 70
26 31 85 82 74 78 87 75 84 77 82 74
26 32 41 39 47 46 49 46 45 42 47 46
27 28 64 64 60 63 64 59 68 58 67 54
27 29 64 59 68 63 61 56 59 62 67 55
27 30 28 34 34 26 26 29 24 31 29 29
27 31 18 23 18 19 22 29 19 25 18 17
27 32 64 62 68 64 63 67 68 66 64 64
28 29 5 16 11 13 13 13 9 5 14 8
28 30 10 14 11 12 21 14 22 12 19 22
28 31 91 89 87 82 87 84 80 78 85 78
28 32 25 34 34 34 31 24 29 24 26 32
29 30 65 56 59 64 62 59 67 68 70 68
29 31 19 18 27 16 29 28 23 24 17 22
29 32 38 43 45 38 47 44 42 43 36 40
30 31 54 57 55 50 57 53 49 46 49 48
30 32 96 95 85 84 86 90 94 82 87 87
31 32 55 58 57 56 48 51 48 56 60 53
