45 10
0 0 0 0.25 0.25 0.25 0.25 0 0 0 
0 1 82 70 49 80 84 54 76 45 60 46
0 2 19 55 21 9 33 28 13 52 44 33
0 3 33 50 27 54 47 64 65 20 53 63
0 4 51 28 36 63 55 64 56 65 48 65
0 5 50 42 64 41 53 40 58 28 74 35
0 6 25 25 36 29 56 61 60 21 35 54
0 7 52 63 75 43 28 63 64 75 42 35
0 8 98 76 92 62 65 67 76 88 68 66
0 9 11 16 10 52 20 19 24 27 15 46
0 10 98 79 60 87 67 61 52 77 57 83
0 11 45 62 30 67 47 72 57 69 48 51
0 12 15 9 8 45 26 41 16 27 49 24
0 13 52 32 32 75 69 68 46 71 52 60
0 14 15 46 20 21 13 52 16 12 17 36
0 15 19 38 20 35 29 35 29 37 44 30
0 16 10 22 26 11 33 7 16 41 34 18
0 17 56 67 38 64 40 52 29 28 59 38
0 18 23 60 26 18 36 53 47 38 42 24
0 19 93 63 71 73 69 46 58 54 58 81
0 20 38 37 26 62 62 28 67 31 43 67
0 21 3 32 41 30 38 38 25 29 36 47
0 22 16 53 52 14 18 31 53 14 20 8
0 23 79 48 43 88 84 84 51 53 67 66
0 24 37 22 51 53 56 28 61 40 31 20
0 25 43 39 52 32 44 25 47 47 70 25
0 26 1 7 43 32 15 9 30 40 13 49
0 27 16 18 49 17 30 42 18 49 26 20
0 28 8 35 9 29 50 49 12 39 52 21
0 29 57 76 55 66 36 73 33 42 51 68
0 30 51 52 63 36 61 73 51 34 52 62
0 31 79 70 65 42 81 55 52 56 81 73
0 32 56 74 59 66 75 77 64 38 33 76
0 33 27 61 52 58 33 62 38 28 20 37
0 34 59 37 40 46 50 75 44 29 36 76
0 35 60 47 49 54 34 31 46 69 37 48
0 36 85 77 91 46 45 59 63 66 73 48
0 37 84 80 65 90 47 75 55 79 69 68
0 38 3 11 3 36 14 17 37 47 10 22
0 39 26 58 23 20 50 29 60 40 27 54
0 40 45 41 63 36 25 52 38 69 55 64
0 41 35 55 39 47 26 44 45 29 40 51
0 42 55 63 56 41 34 48 50 74 30 76
0 43 6 12 23 42 45 6 23 15 25 19
0 44 11 32 19 30 7 45 7 44 47 46
1 2 38 37 19 38 52 23 54 24 36 26
1 3 64 42 36 38 42 73 78 45 71 49
1 4 6 44 52 46 47 10 11 27 40 46
1 5 83 62 75 68 64 84 84 65 90 74
1 6 69 50 67 61 35 82 69 38 49 82
1 7 23 23 27 60 17 24 22 25 20 35
1 8 2 40 21 51 6 3 9 31 32 39
1 9 67 48 50 44 34 51 52 43 82 63
1 10 99 59 76 54 53 92 56 94 81 85
1 11 3 43 8 28 24 3 27 48 35 9
1 12 64 75 48 49 65 33 73 46 46 57
1 13 80 64 45 65 41 84 64 74 67 47
1 14 29 31 62 63 61 58 34 16 14 16
1 15 63 63 43 60 39 38 70 74 37 75
1 16 15 29 42 29 38 39 51 21 14 39
1 17 65 44 36 63 35 61 52 76 59 52
1 18 37 35 31 23 38 26 49 42 20 65
1 19 47 70 64 41 45 59 29 65 53 42
1 20 13 11 19 55 47 49 22 23 39 40
1 21 63 39 79 37 35 65 59 79 77 35
1 22 38 25 69 63 40 62 61 48 48 31
1 23 77 75 79 75 76 75 80 59 38 50
1 24 31 54 18 48 40 22 47 65 18 19
1 25 42 42 58 23 32 22 51 62 38 32
1 26 38 45 33 35 26 69 61 26 29 56
1 27 23 46 40 22 14 54 30 24 37 55
1 28 46 23 50 61 54 56 38 51 62 50
1 29 39 20 42 26 59 34 38 36 46 38
1 30 86 58 68 83 60 44 82 77 51 78
1 31 26 43 26 54 34 57 52 18 36 47
1 32 22 23 42 17 55 31 19 27 57 35
1 33 62 37 65 67 57 39 74 79 38 39
1 34 31 43 65 62 44 36 33 18 28 45
1 35 62 73 72 36 65 40 76 53 46 60
1 36 75 83 67 61 41 69 58 81 67 57
1 37 80 83 51 43 85 51 66 85 84 65
1 38 83 81 88 83 71 86 83 63 88 91
1 39 54 45 41 68 45 47 58 73 30 51
1 40 48 70 43 34 33 73 49 70 70 67
1 41 6 24 45 34 46 24 12 43 31 40
1 42 49 26 40 71 50 59 29 72 62 56
1 43 7 17 48 25 4 15 9 19 45 32
1 44 89 91 73 73 87 78 51 59 74 72
2 3 57 43 31 43 42 38 29 66 50 43
2 4 18 32 54 11 14 15 51 41 36 29
2 5 38 37 29 19 56 38 52 68 22 25
2 6 10 52 41 29 38 23 17 10 9 43
2 7 93 88 62 66 92 68 76 60 68 73
2 8 89 64 91 58 63 86 75 80 83 84
2 9 90 53 50 52 48 63 88 66 83 61
2 10 18 17 11 32 40 15 47 21 14 27
2 11 6 26 24 4 46 32 11 46 33 14
2 12 53 46 33 45 45 65 48 66 27 40
2 13 25 60 31 56 35 53 49 16 33 62
2 14 40 44 53 64 60 54 69 69 24 48
2 15 81 64 57 43 59 85 77 71 41 60
2 16 90 47 69 91 63 56 81 81 56 89
2 17 75 40 73 66 82 61 62 39 60 59
2 18 7 8 41 48 25 51 26 9 42 47
2 19 23 14 13 45 32 54 24 39 44 59
2 20 27 45 49 30 14 30 35 54 33 19
2 21 11 36 29 46 10 44 25 6 42 50
2 22 68 76 61 52 66 65 75 51 60 61
2 23 20 34 50 14 17 58 10 30 42 27
2 24 99 95 63 69 51 94 63 73 81 50
2 25 85 74 55 67 61 85 74 58 55 49
2 26 22 59 55 53 49 39 56 16 51 51
2 27 27 16 16 38 21 36 20 30 23 27
2 28 39 34 63 59 64 60 32 50 64 32
2 29 5 51 40 52 37 41 51 22 13 26
2 30 15 39 46 50 38 38 47 48 11 15
2 31 68 52 45 58 42 54 40 34 35 65
2 32 75 82 79 70 60 79 83 64 39 65
2 33 70 41 44 67 61 70 84 63 61 67
2 34 40 56 34 56 35 63 46 39 37 51
2 35 92 59 67 53 61 90 75 67 90 54
2 36 26 37 31 21 40 31 60 57 33 60
2 37 46 32 41 63 49 68 31 67 26 56
2 38 40 38 50 64 53 50 56 23 47 52
2 39 48 32 60 26 49 47 44 64 54 65
2 40 17 49 41 37 51 55 16 50 32 57
2 41 27 20 46 30 18 22 55 36 38 43
2 42 18 23 13 49 29 23 10 13 15 18
2 43 65 60 59 58 36 64 51 69 80 34
2 44 37 28 66 49 65 56 28 58 39 68
3 4 32 39 33 58 25 51 65 37 37 40
3 5 89 94 68 82 55 69 69 85 83 62
3 6 35 20 45 41 58 67 44 58 57 43
3 7 20 53 26 23 26 58 25 22 51 29
3 8 88 79 85 79 44 56 74 86 52 91
3 9 66 82 48 60 44 65 73 53 35 80
3 10 21 14 19 33 47 16 47 27 11 32
3 11 89 91 45 57 93 48 85 52 65 57
3 12 52 58 66 29 31 35 32 30 71 61
3 13 98 94 71 83 95 59 76 59 86 68
3 14 41 48 47 67 64 51 62 70 61 67
3 15 47 59 34 25 27 61 28 53 31 30
3 16 56 63 76 46 68 61 43 30 49 62
3 17 33 61 32 52 53 56 58 27 49 59
3 18 24 52 19 41 48 62 53 53 22 60
3 19 14 33 10 29 27 29 15 45 30 43
3 20 69 79 37 82 83 79 76 83 50 73
3 21 81 41 85 72 89 44 64 61 84 82
3 22 26 33 25 51 44 35 56 18 57 61
3 23 5 20 6 8 26 10 7 50 8 18
3 24 22 42 15 44 51 34 33 16 44 56
3 25 34 34 64 49 19 28 34 55 32 18
3 26 96 72 87 86 77 84 77 80 86 85
3 27 31 26 55 30 52 26 59 28 45 33
3 28 55 56 73 36 65 65 64 66 43 72
3 29 46 62 56 32 45 59 58 34 50 49
3 30 21 41 26 22 33 28 44 46 47 34
3 31 26 16 30 13 21 57 30 14 51 25
3 32 41 34 29 67 50 24 30 47 48 53
3 33 1 35 43 49 7 34 4 8 45 36
3 34 85 48 90 80 50 60 83 78 92 76
3 35 65 77 54 61 63 49 77 46 35 57
3 36 84 82 54 57 83 66 68 87 67 72
3 37 83 63 56 70 76 83 44 67 49 55
3 38 59 34 78 67 32 48 63 49 45 71
3 39 24 54 13 39 52 43 45 58 33 49
3 40 92 72 54 67 94 71 91 79 58 91
3 41 49 36 34 25 72 45 51 38 39 39
3 42 28 63 29 18 51 55 60 18 19 53
3 43 27 20 38 34 37 29 60 27 24 13
3 44 31 48 15 36 21 54 47 38 35 18
4 5 67 70 49 63 71 58 56 79 40 64
4 6 53 46 55 45 47 53 49 64 43 43
4 7 12 28 10 53 37 48 34 14 16 20
4 8 81 87 74 44 62 82 57 52 86 57
4 9 51 73 61 34 56 44 51 64 28 70
4 10 71 60 58 50 80 69 41 58 79 46
4 11 87 89 70 84 48 64 74 52 45 68
4 12 56 59 30 46 76 56 76 61 67 70
4 13 18 39 17 29 35 26 51 41 34 11
4 14 98 49 56 88 50 80 81 95 50 52
4 15 27 13 47 54 30 61 22 32 59 30
4 16 86 57 86 58 58 90 53 62 82 47
4 17 21 23 47 28 57 14 11 20 18 47
4 18 28 19 38 30 53 44 42 60 62 53
4 19 62 73 57 66 37 57 46 80 35 78
4 20 9 50 37 48 23 33 23 17 27 26
4 21 77 57 60 79 59 51 49 41 80 48
4 22 81 59 88 89 70 79 45 79 51 72
4 23 64 75 47 69 53 60 81 81 60 79
4 24 52 73 51 63 42 31 33 60 38 59
4 25 76 51 48 65 53 61 44 67 82 54
4 26 35 52 21 48 19 20 30 61 52 54
4 27 94 55 51 54 66 50 51 96 96 66
4 28 20 59 42 56 14 28 39 60 18 58
4 29 64 46 50 41 63 65 77 46 39 37
4 30 75 63 63 41 72 51 58 80 73 55
4 31 66 36 76 48 73 56 36 68 38 39
4 32 82 59 58 76 64 65 53 72 41 43
4 33 15 33 55 7 13 56 48 51 26 40
4 34 29 35 54 53 43 59 57 42 46 16
4 35 61 38 49 68 50 60 57 72 55 32
4 36 89 82 56 68 66 86 94 88 52 68
4 37 70 80 39 52 67 81 66 78 81 59
4 38 51 59 53 36 29 27 75 69 48 46
4 39 58 41 57 72 36 35 52 57 77 33
4 40 77 60 69 87 40 47 79 79 46 44
4 41 51 42 72 48 33 61 70 66 50 61
4 42 99 62 93 79 71 54 65 80 95 93
4 43 83 85 87 65 67 70 67 43 80 88
4 44 97 91 74 55 91 50 63 68 75 91
5 6 53 71 47 38 63 55 50 52 42 66
5 7 66 62 51 77 64 53 48 38 56 42
5 8 20 53 25 52 19 21 16 25 51 38
5 9 9 5 35 26 41 44 40 9 29 42
5 10 46 33 36 58 65 26 45 67 39 62
5 11 37 62 25 28 43 47 41 40 65 30
5 12 77 77 39 44 61 41 75 73 69 64
5 13 79 80 67 73 43 82 63 87 86 54
5 14 61 69 63 56 67 48 54 52 56 65
5 15 25 54 40 59 46 53 46 45 21 14
5 16 34 47 36 56 50 48 63 51 45 25
5 17 12 20 35 29 48 50 29 51 51 38
5 18 16 11 35 43 46 21 16 49 33 20
5 19 45 53 66 28 46 31 30 52 50 61
5 20 58 52 36 30 50 33 44 75 71 45
5 21 26 60 50 14 55 53 22 30 18 22
5 22 13 45 12 55 45 12 54 51 43 49
5 23 19 54 42 11 32 18 55 41 48 16
5 24 18 43 17 10 36 13 49 48 29 43
5 25 81 64 86 59 82 58 41 47 84 88
5 26 19 42 56 12 25 45 57 15 26 49
5 27 41 56 28 66 55 57 26 31 33 61
5 28 93 89 56 93 47 71 56 71 70 75
5 29 50 68 48 35 55 46 75 64 66 44
5 30 0 35 43 16 15 29 47 18 23 37
5 31 71 47 80 37 82 74 74 46 48 83
5 32 23 44 50 26 40 50 32 31 29 60
5 33 67 71 77 83 43 81 41 36 47 70
5 34 26 61 62 31 35 16 45 53 44 50
5 35 54 75 72 42 35 73 55 54 54 57
5 36 24 57 26 22 52 53 28 37 56 42
5 37 48 50 60 61 46 68 27 45 35 62
5 38 54 42 75 55 38 65 61 31 44 58
5 39 87 47 56 87 85 89 48 83 53 72
5 40 51 49 33 28 55 36 52 44 46 39
5 41 79 46 86 56 79 44 53 85 75 74
5 42 96 86 94 66 80 71 79 61 58 78
5 43 6 24 20 43 26 37 52 3 44 8
5 44 76 68 79 49 54 66 58 80 63 80
6 7 13 49 50 23 25 40 50 37 53 35
6 8 97 66 59 93 87 60 96 49 88 93
6 9 35 23 19 66 38 64 62 27 30 58
6 10 75 73 84 59 82 50 60 71 70 80
6 11 50 37 40 43 46 48 36 56 65 73
6 12 43 30 70 54 33 40 50 64 65 67
6 13 74 78 86 48 86 42 76 48 59 41
6 14 43 34 47 47 41 66 59 29 24 24
6 15 11 31 11 31 27 45 15 41 41 22
6 16 22 38 45 60 59 59 61 14 49 13
6 17 86 69 82 45 44 71 82 76 47 81
6 18 91 59 54 86 78 95 71 78 74 81
6 19 17 14 28 14 9 21 46 57 9 58
6 20 49 45 72 52 68 54 60 73 42 38
6 21 83 65 85 82 44 65 69 69 82 50
6 22 84 44 61 63 67 55 60 53 78 62
6 23 13 11 54 54 43 39 21 32 15 45
6 24 80 89 42 40 86 78 78 44 53 81
6 25 50 45 41 43 25 69 67 37 52 26
6 26 52 42 67 66 66 46 66 39 32 68
6 27 14 18 19 29 37 13 14 44 7 42
6 28 47 36 55 50 62 66 24 69 53 73
6 29 18 38 24 26 17 39 14 20 45 20
6 30 17 24 43 47 27 40 9 43 57 29
6 31 80 77 89 71 48 68 42 51 47 56
6 32 95 75 81 92 49 71 85 86 48 93
6 33 46 34 30 25 42 53 63 30 65 63
6 34 47 40 27 61 59 42 72 27 59 60
6 35 71 63 64 54 74 44 70 73 66 49
6 36 63 80 59 71 45 49 74 54 81 78
6 37 87 88 54 45 64 56 88 54 80 63
6 38 44 52 25 33 33 28 57 52 30 69
6 39 75 63 57 77 51 69 75 40 63 82
6 40 96 65 52 53 90 60 67 88 64 74
6 41 12 27 17 44 8 37 17 6 42 30
6 42 50 37 50 53 45 51 64 61 38 62
6 43 91 68 86 91 92 79 90 81 51 48
6 44 39 36 28 35 23 48 64 55 25 64
7 8 39 45 65 31 29 35 62 23 35 31
7 9 44 56 71 65 44 58 69 70 43 43
7 10 39 33 22 57 37 56 52 39 46 28
7 11 46 44 56 54 30 72 68 40 43 50
7 12 92 47 56 83 65 68 69 71 92 76
7 13 10 14 46 40 29 19 43 31 11 41
7 14 51 51 40 46 49 64 47 73 50 66
7 15 99 80 86 90 91 54 97 70 93 92
7 16 18 15 49 35 36 55 32 57 17 38
7 17 16 19 20 41 8 56 26 23 54 31
7 18 38 40 42 33 63 26 50 32 30 29
7 19 20 18 20 25 11 42 51 30 17 26
7 20 72 49 63 73 36 47 67 67 62 41
7 21 3 25 32 50 11 47 35 37 24 33
7 22 70 52 77 42 83 65 79 80 75 60
7 23 0 9 28 45 5 42 41 15 38 11
7 24 49 57 64 47 53 73 67 69 55 41
7 25 76 70 79 56 83 87 71 79 75 65
7 26 87 49 69 46 44 54 46 53 48 52
7 27 86 80 51 50 88 69 69 84 91 49
7 28 70 37 49 71 63 73 56 53 47 42
7 29 82 88 83 46 46 77 56 55 42 62
7 30 95 83 68 64 57 61 88 68 97 64
7 31 32 41 29 48 39 37 36 57 58 41
7 32 10 9 27 9 30 40 34 38 10 24
7 33 71 48 60 71 69 83 66 56 39 45
7 34 15 21 56 10 45 57 42 37 52 15
7 35 45 28 32 45 67 36 50 69 45 34
7 36 35 47 25 39 63 63 33 35 59 22
7 37 43 27 59 22 33 68 57 39 33 24
7 38 44 26 41 39 71 26 37 33 58 54
7 39 84 76 65 80 81 62 55 60 70 66
7 40 65 32 63 46 41 63 39 64 50 33
7 41 64 82 55 37 51 35 43 63 70 45
7 42 33 32 47 61 27 27 60 54 35 50
7 43 63 50 68 77 35 65 39 74 34 54
7 44 38 48 20 40 56 55 43 47 40 53
8 9 85 49 64 46 50 50 70 91 66 72
8 10 52 66 46 67 55 56 67 57 54 34
8 11 98 64 78 94 59 51 84 84 85 73
8 12 75 42 44 37 55 46 59 73 66 47
8 13 24 49 29 26 29 55 53 41 53 21
8 14 62 37 79 63 38 62 39 35 53 63
8 15 81 61 75 77 77 69 46 44 90 74
8 16 32 60 21 31 49 50 33 61 20 32
8 17 38 55 38 59 36 23 67 33 46 21
8 18 71 70 82 46 73 52 80 68 43 84
8 19 78 77 76 41 64 83 46 56 42 54
8 20 52 70 43 42 72 45 30 59 65 59
8 21 45 40 28 53 27 48 62 71 27 67
8 22 45 68 50 29 49 54 67 65 69 53
8 23 93 79 53 82 62 74 89 46 58 68
8 24 97 62 70 82 68 59 69 54 52 59
8 25 48 69 44 47 71 70 35 61 66 53
8 26 50 59 41 45 66 31 37 50 74 54
8 27 16 52 21 19 30 17 15 49 12 57
8 28 94 96 73 84 59 87 56 83 85 67
8 29 44 57 43 61 25 22 37 67 26 61
8 30 90 69 81 56 62 87 57 92 88 66
8 31 52 65 70 59 50 31 49 34 51 54
8 32 90 66 67 66 64 70 60 46 53 75
8 33 22 26 50 50 35 50 47 28 27 41
8 34 36 45 57 51 33 32 48 18 19 23
8 35 18 26 49 58 55 12 51 36 19 24
8 36 11 40 17 8 51 6 29 7 30 11
8 37 91 73 85 50 49 76 84 86 53 95
8 38 22 15 52 21 19 43 49 48 46 32
8 39 9 15 20 17 25 35 18 53 6 35
8 40 51 71 72 34 33 33 55 60 45 51
8 41 22 42 55 17 43 49 41 26 57 19
8 42 24 55 30 55 27 33 33 20 23 27
8 43 25 39 42 56 45 45 59 19 36 51
8 44 72 49 48 77 53 48 49 41 70 36
9 10 94 57 81 71 79 90 51 79 78 64
9 11 40 32 22 47 50 27 34 25 33 63
9 12 54 31 61 51 43 66 69 47 70 70
9 13 39 49 31 50 37 30 38 66 32 58
9 14 11 9 45 43 34 6 46 29 9 55
9 15 18 51 34 56 45 22 46 54 58 16
9 16 75 39 53 61 71 65 60 63 60 82
9 17 0 28 15 4 5 11 11 14 13 33
9 18 89 76 53 67 76 55 74 73 60 57
9 19 54 45 50 56 50 63 39 35 61 37
9 20 3 46 18 12 41 33 38 18 3 8
9 21 38 35 58 28 53 37 43 63 21 38
9 22 41 41 55 59 49 24 24 52 59 38
9 23 79 57 52 48 89 40 89 73 81 69
9 24 41 61 47 39 41 56 61 64 34 37
9 25 69 81 52 83 46 75 60 50 38 73
9 26 14 41 20 45 15 25 14 54 47 25
9 27 26 61 38 54 44 44 54 42 56 18
9 28 91 90 91 84 50 82 81 71 51 95
9 29 13 43 7 16 40 38 38 9 9 56
9 30 59 50 61 75 32 49 73 63 64 36
9 31 51 52 72 29 69 53 58 27 37 56
9 32 80 44 72 76 81 68 74 75 85 41
9 33 55 35 58 28 41 68 45 40 44 71
9 34 98 89 74 49 71 70 66 93 96 51
9 35 1 36 48 8 25 35 24 36 27 22
9 36 48 26 63 56 54 53 53 35 41 62
9 37 64 42 55 56 38 35 71 77 32 69
9 38 34 58 33 19 57 45 20 61 30 65
9 39 98 74 72 67 94 95 59 50 84 75
9 40 28 45 52 18 39 21 46 63 14 50
9 41 85 50 84 47 57 59 79 50 61 86
9 42 55 53 71 48 39 58 53 68 46 66
9 43 85 86 85 89 64 62 84 44 48 64
9 44 43 54 64 53 44 53 56 37 39 58
10 11 70 74 45 83 54 40 63 77 65 58
10 12 57 68 35 44 67 71 63 68 54 59
10 13 52 73 62 71 71 47 66 39 50 30
10 14 13 18 55 37 26 40 11 40 9 9
10 15 0 1 26 14 24 49 10 15 46 7
10 16 36 67 67 39 21 59 43 60 66 27
10 17 45 49 44 55 49 68 61 66 39 57
10 18 59 44 52 57 69 56 42 61 44 60
10 19 94 62 92 75 78 70 71 71 58 82
10 20 33 31 47 58 21 52 40 52 48 17
10 21 82 56 72 57 84 84 71 79 41 59
10 22 44 56 54 54 54 50 56 63 48 31
10 23 33 29 64 63 34 64 48 66 30 52
10 24 20 59 59 38 19 51 47 53 43 46
10 25 75 69 55 83 78 79 50 62 53 38
10 26 95 76 78 74 67 82 69 95 82 57
10 27 67 80 56 77 63 69 60 66 42 40
10 28 56 50 73 52 54 57 50 65 45 47
10 29 42 37 52 53 44 58 58 23 57 58
10 30 19 57 13 48 47 39 42 33 47 46
10 31 4 16 35 23 35 38 47 45 15 45
10 32 79 48 89 58 68 52 84 62 73 53
10 33 64 55 60 75 56 72 57 66 78 62
10 34 89 94 73 80 71 74 59 84 53 63
10 35 51 62 45 25 39 74 32 34 36 36
10 36 82 57 41 52 73 66 84 66 83 44
10 37 26 56 53 54 23 54 39 50 36 22
10 38 65 36 55 54 46 72 59 58 54 34
10 39 35 39 37 40 35 67 64 22 26 59
10 40 76 75 68 85 84 80 54 40 39 75
10 41 67 41 48 54 61 73 72 52 75 79
10 42 88 90 58 77 83 80 93 88 62 88
10 43 47 63 43 62 51 42 46 67 40 49
10 44 66 66 43 57 34 75 38 50 49 68
11 12 78 48 76 39 75 59 40 84 72 67
11 13 67 47 78 70 61 73 73 63 74 74
11 14 86 91 88 48 67 50 48 82 54 52
11 15 65 47 69 48 74 71 36 64 40 75
11 16 28 18 48 58 20 58 15 59 43 53
11 17 79 79 44 58 74 57 71 87 85 89
11 18 76 70 48 57 52 57 59 48 49 83
11 19 65 76 69 47 50 80 57 71 38 76
11 20 16 30 39 36 13 12 42 24 50 16
11 21 8 6 6 26 18 22 31 37 47 14
11 22 54 59 28 66 75 35 42 65 46 39
11 23 70 70 57 48 36 35 79 80 68 78
11 24 61 55 79 70 36 79 69 39 79 55
11 25 35 36 27 60 39 64 58 64 37 55
11 26 69 51 66 72 49 58 79 43 42 39
11 27 12 10 14 25 39 10 34 25 33 37
11 28 1 8 50 21 10 18 26 32 7 31
11 29 28 23 62 16 26 45 38 51 57 32
11 30 35 47 42 60 48 17 61 39 18 23
11 31 9 48 23 31 7 13 33 19 35 16
11 32 49 49 58 63 65 59 35 53 48 50
11 33 74 41 62 77 82 62 70 71 67 53
11 34 70 39 57 83 51 54 78 64 61 78
11 35 44 32 38 55 65 27 53 23 64 40
11 36 97 67 76 67 71 85 92 83 93 87
11 37 46 50 44 68 66 35 60 55 57 71
11 38 64 50 60 71 51 77 77 79 58 34
11 39 13 42 32 54 46 45 55 52 31 17
11 40 52 28 30 45 31 75 61 49 27 75
11 41 25 43 41 54 32 56 42 55 54 18
11 42 36 43 65 50 54 19 55 58 60 19
11 43 63 71 37 62 48 35 62 58 33 77
11 44 89 72 77 80 91 51 51 80 58 60
12 13 91 76 86 49 69 65 53 70 59 94
12 14 37 42 35 23 20 67 47 30 47 63
12 15 86 54 92 63 86 54 68 86 59 90
12 16 9 33 47 15 23 34 15 44 24 8
12 17 17 21 40 14 48 46 28 49 49 12
12 18 82 52 59 59 85 83 83 68 52 70
12 19 54 59 36 76 31 57 63 57 69 33
12 20 55 46 71 39 60 63 37 72 58 68
12 21 48 42 69 45 44 58 39 45 42 52
12 22 13 36 52 28 19 7 52 22 9 15
12 23 89 81 65 49 57 79 64 90 55 92
12 24 21 29 29 41 50 52 35 17 37 37
12 25 37 47 26 55 39 39 50 36 55 26
12 26 8 49 35 12 31 15 32 38 22 21
12 27 79 74 88 59 67 79 84 79 44 59
12 28 77 87 80 86 40 44 63 47 78 67
12 29 84 87 61 67 70 71 82 74 58 88
12 30 36 41 57 23 44 30 37 42 39 61
12 31 96 59 70 52 75 93 86 73 89 85
12 32 85 89 60 59 47 44 55 65 47 79
12 33 24 53 43 40 58 46 21 32 17 28
12 34 12 52 14 50 55 6 52 29 16 30
12 35 86 88 57 50 56 44 84 50 86 80
12 36 46 46 60 28 68 27 42 32 38 52
12 37 99 57 64 49 73 70 70 90 56 64
12 38 28 58 35 40 51 61 28 30 60 30
12 39 95 71 79 63 51 62 81 73 95 86
12 40 72 37 64 60 79 57 81 64 57 69
12 41 3 16 38 31 20 40 47 44 31 14
12 42 68 49 81 77 63 68 82 80 57 73
12 43 56 71 38 49 52 42 52 75 57 69
12 44 18 20 15 30 12 39 15 30 49 35
13 14 95 82 65 56 63 80 48 86 65 55
13 15 87 90 76 71 81 73 51 44 62 86
13 16 44 34 66 39 47 56 35 33 32 62
13 17 4 36 32 22 30 12 48 17 31 4
13 18 53 63 65 55 40 58 31 39 46 46
13 19 36 27 30 34 40 24 45 30 48 39
13 20 33 18 66 56 60 66 45 56 46 29
13 21 9 29 37 42 31 23 28 26 32 37
13 22 54 53 38 47 43 45 40 30 72 31
13 23 63 42 63 56 64 62 72 40 66 48
13 24 52 34 52 59 39 72 70 72 54 34
13 25 53 32 60 67 37 73 65 66 47 68
13 26 8 49 17 8 22 9 16 11 52 52
13 27 92 94 55 48 51 48 75 65 85 94
13 28 91 93 46 63 53 50 73 84 68 50
13 29 29 62 35 47 35 44 60 40 45 59
13 30 90 95 50 75 70 78 55 89 63 73
13 31 67 59 61 61 48 44 52 63 45 62
13 32 83 77 62 59 88 48 61 67 88 61
13 33 0 38 37 33 7 49 9 32 13 27
13 34 38 28 49 22 20 47 62 28 21 28
13 35 56 64 76 32 76 39 36 37 77 36
13 36 20 45 21 16 48 20 40 19 19 49
13 37 87 90 83 73 59 86 59 56 85 57
13 38 86 70 59 64 66 84 51 54 46 75
13 39 10 42 17 53 16 47 42 33 25 28
13 40 15 10 28 30 49 52 30 43 52 11
13 41 80 76 44 74 86 74 48 85 64 80
13 42 74 76 62 41 49 81 73 42 51 69
13 43 39 24 33 61 44 28 33 48 62 66
13 44 17 45 18 20 55 36 43 57 31 13
14 15 38 31 42 25 68 43 59 51 67 42
14 16 33 43 46 43 26 56 27 65 45 33
14 17 39 63 27 26 67 49 69 43 55 32
14 18 58 37 68 47 75 64 74 77 78 30
14 19 95 87 67 82 72 91 82 67 60 50
14 20 97 81 62 90 82 89 89 95 72 77
14 21 30 64 40 65 65 56 51 44 31 53
14 22 69 55 37 55 46 66 73 44 41 75
14 23 95 70 51 59 80 65 86 72 53 70
14 24 55 45 76 66 41 67 59 55 41 43
14 25 43 52 27 61 62 32 69 71 25 53
14 26 45 33 55 31 65 45 60 54 68 28
14 27 63 53 48 59 37 60 67 41 37 59
14 28 20 40 30 43 12 23 15 56 23 38
14 29 80 62 81 75 66 47 56 56 68 40
14 30 58 58 71 59 29 44 42 60 71 33
14 31 96 48 48 88 73 63 65 69 74 87
14 32 58 59 59 53 51 48 36 30 56 29
14 33 41 28 52 50 36 32 24 49 24 67
14 34 29 25 17 24 57 42 42 30 23 43
14 35 9 20 46 23 30 44 19 16 19 15
14 36 23 30 32 55 29 60 49 16 28 27
14 37 12 19 31 38 10 39 8 14 56 31
14 38 55 42 33 48 52 69 36 30 72 36
14 39 28 47 38 49 25 20 14 15 61 22
14 40 50 55 43 73 44 25 25 44 34 75
14 41 28 28 53 37 17 47 27 20 28 25
14 42 63 50 75 51 76 44 54 61 55 61
14 43 51 46 52 51 44 62 48 48 49 29
14 44 3 10 5 26 6 43 41 31 21 16
15 16 4 48 4 47 11 20 49 23 31 16
15 17 23 25 18 37 47 54 44 19 18 51
15 18 69 70 40 52 77 39 41 74 52 43
15 19 19 12 13 52 10 31 32 34 39 25
15 20 10 7 25 18 24 40 5 10 37 15
15 21 82 91 79 56 61 87 49 77 64 64
15 22 87 47 64 50 51 45 89 61 58 74
15 23 94 92 68 54 70 55 89 96 69 89
15 24 7 11 9 6 19 39 34 19 25 10
15 25 74 75 37 52 58 81 47 74 61 51
15 26 6 46 51 40 52 25 37 34 52 24
15 27 92 88 60 94 50 47 70 71 64 71
15 28 58 38 38 37 73 61 40 70 46 49
15 29 26 41 39 23 55 13 26 30 51 18
15 30 35 32 41 56 38 27 39 30 53 18
15 31 46 69 47 39 36 64 53 31 68 58
15 32 52 44 46 38 70 43 60 66 34 55
15 33 1 27 42 14 29 1 5 47 1 36
15 34 62 64 35 41 42 65 49 76 45 66
15 35 74 45 82 75 72 85 60 66 82 47
15 36 24 16 42 28 39 39 24 33 34 18
15 37 79 59 88 47 56 65 45 84 48 83
15 38 63 43 44 56 63 64 80 62 48 66
15 39 46 71 68 72 46 34 42 57 47 24
15 40 68 62 76 48 40 70 64 57 63 75
15 41 78 71 46 42 52 75 78 78 84 89
15 42 72 80 75 47 78 72 73 76 61 78
15 43 5 42 27 43 46 21 24 40 22 5
15 44 89 84 83 86 92 62 52 74 46 48
16 17 52 44 29 62 70 30 37 57 65 65
16 18 70 55 39 82 63 50 51 53 69 45
16 19 72 55 59 76 78 76 39 73 78 42
16 20 71 75 73 46 63 71 44 83 83 81
16 21 22 11 54 18 54 21 38 38 20 55
16 22 43 64 69 27 31 60 23 57 29 58
16 23 89 90 82 84 66 86 86 83 89 77
16 24 60 55 31 51 73 38 74 30 60 76
16 25 82 68 43 76 57 76 46 49 43 62
16 26 30 40 27 57 40 29 58 16 30 23
16 27 87 90 50 74 51 67 57 89 46 72
16 28 35 41 55 36 44 47 30 58 17 42
16 29 40 48 65 66 44 39 46 39 55 44
16 30 84 83 45 60 89 89 50 68 49 43
16 31 34 59 22 54 28 44 60 48 39 41
16 32 64 64 61 46 54 36 69 38 64 71
16 33 31 51 24 56 63 33 49 34 22 49
16 34 95 61 82 79 72 88 51 73 80 94
16 35 22 50 35 33 16 23 15 51 42 14
16 36 36 33 39 27 56 33 48 66 29 64
16 37 85 50 47 62 71 43 47 77 85 79
16 38 91 60 84 90 62 62 76 48 91 91
16 39 25 44 23 56 14 22 27 17 29 50
16 40 79 86 88 60 48 58 71 83 73 59
16 41 31 22 36 23 60 49 20 44 38 43
16 42 91 68 80 95 50 71 54 90 47 77
16 43 90 76 70 80 70 80 60 63 87 83
16 44 86 90 80 51 70 64 54 83 89 73
17 18 4 9 4 46 43 8 18 29 44 4
17 19 94 58 71 48 94 62 51 52 71 69
17 20 18 19 15 37 38 45 14 17 39 13
17 21 89 84 87 59 89 59 85 57 86 51
17 22 51 63 32 53 47 54 56 36 64 27
17 23 5 37 9 18 13 44 13 48 27 44
17 24 43 47 52 57 28 25 46 48 56 67
17 25 59 32 79 41 54 77 79 37 45 79
17 26 19 11 43 52 24 23 52 38 36 46
17 27 86 68 59 91 53 68 55 54 67 61
17 28 40 54 41 20 44 22 68 58 21 29
17 29 4 51 45 45 25 45 23 9 7 27
17 30 6 29 36 13 45 19 43 35 33 38
17 31 46 52 44 27 57 64 31 37 29 41
17 32 60 34 45 43 59 43 59 73 43 50
17 33 34 63 22 30 37 25 63 33 46 35
17 34 88 45 81 86 80 76 56 56 55 93
17 35 78 59 82 58 42 43 71 67 72 72
17 36 55 65 43 37 40 74 29 69 72 37
17 37 82 66 85 54 42 63 75 85 70 86
17 38 0 49 44 1 18 29 11 47 39 43
17 39 46 61 37 38 51 73 34 26 47 57
17 40 48 51 26 61 71 24 62 46 35 61
17 41 78 65 65 65 89 46 79 53 80 82
17 42 44 27 34 61 37 63 69 24 26 28
17 43 75 84 84 57 44 53 70 55 42 69
17 44 43 56 24 25 46 39 36 62 29 48
18 19 95 95 65 88 96 76 93 56 72 54
18 20 79 74 82 42 48 75 77 80 79 53
18 21 16 11 33 44 18 17 27 15 40 27
18 22 64 77 78 48 53 65 59 45 53 35
18 23 80 56 62 65 41 56 89 65 73 55
18 24 82 58 68 73 45 47 60 64 81 49
18 25 46 72 69 55 72 52 36 31 29 25
18 26 30 48 56 26 35 50 24 60 18 21
18 27 73 71 62 75 73 81 77 44 69 66
18 28 3 18 33 14 37 6 23 13 41 41
18 29 28 16 33 20 35 36 41 56 58 37
18 30 84 56 72 72 82 71 65 69 61 45
18 31 11 53 32 49 16 40 22 29 13 36
18 32 45 23 37 32 43 46 23 24 68 25
18 33 57 43 50 42 34 74 39 77 65 33
18 34 95 56 77 93 52 70 78 69 54 88
18 35 93 90 57 51 59 85 77 47 49 73
18 36 99 92 72 91 71 73 83 62 68 97
18 37 79 60 49 65 81 69 42 53 80 81
18 38 83 68 73 80 79 80 51 82 79 66
18 39 9 6 18 50 50 21 37 43 32 48
18 40 85 82 45 60 72 53 45 70 48 43
18 41 70 71 65 38 83 42 39 52 57 73
18 42 61 47 33 67 46 77 79 74 33 34
18 43 64 36 61 43 35 81 50 74 43 79
18 44 50 54 36 51 47 29 36 31 62 38
19 20 97 76 56 89 53 80 90 95 72 77
19 21 35 44 41 29 56 49 42 38 48 57
19 22 61 75 57 46 69 80 74 37 59 68
19 23 97 60 97 54 61 90 88 51 70 51
19 24 7 22 14 31 53 46 34 28 13 34
19 25 74 57 65 73 54 54 78 51 82 42
19 26 12 29 7 43 50 43 9 25 47 49
19 27 65 64 43 53 43 45 60 47 35 47
19 28 85 80 55 90 84 86 73 83 51 77
19 29 67 67 47 61 49 42 36 66 42 61
19 30 32 58 59 37 39 19 54 62 52 61
19 31 35 22 31 39 19 53 40 24 55 34
19 32 84 63 72 85 75 74 80 43 77 50
19 33 17 44 48 44 50 57 52 37 12 38
19 34 89 78 75 73 80 89 88 81 91 89
19 35 19 52 19 15 57 48 21 46 11 11
19 36 10 42 7 35 46 39 37 33 46 35
19 37 39 24 29 60 47 32 28 31 50 25
19 38 62 34 34 55 42 71 57 41 75 40
19 39 88 64 66 87 58 79 83 68 51 84
19 40 74 69 74 49 71 64 65 67 55 69
19 41 88 75 53 65 80 89 84 77 67 81
19 42 16 51 34 42 22 25 19 9 42 8
19 43 1 4 31 15 14 18 40 42 16 19
19 44 58 76 37 69 60 44 78 51 74 48
20 21 40 28 21 21 48 50 68 39 24 55
20 22 44 37 51 37 51 68 62 45 68 53
20 23 46 63 27 68 41 67 45 48 25 40
20 24 21 48 12 59 46 27 29 43 20 53
20 25 69 68 41 55 51 56 51 56 44 50
20 26 57 50 63 70 62 66 29 63 61 69
20 27 4 44 6 6 17 32 26 4 35 41
20 28 1 4 8 27 19 2 35 11 2 15
20 29 88 48 87 68 87 45 78 65 75 92
20 30 34 34 41 51 34 46 46 28 20 34
20 31 49 33 39 50 28 62 66 46 68 43
20 32 32 27 62 56 41 59 16 65 34 29
20 33 81 85 82 66 74 81 63 70 80 60
20 34 94 54 77 59 69 68 87 62 88 48
20 35 43 28 27 26 56 25 55 39 70 60
20 36 12 38 48 37 10 53 39 44 52 25
20 37 81 50 73 55 89 51 53 46 75 65
20 38 46 24 56 59 65 43 45 60 53 43
20 39 83 80 46 64 46 74 89 85 62 48
20 40 3 27 12 30 3 38 21 44 10 9
20 41 24 41 45 27 27 39 52 33 28 13
20 42 40 53 55 62 40 66 30 46 27 32
20 43 78 66 48 48 76 61 74 44 44 88
20 44 88 62 58 71 69 52 84 83 90 66
21 22 65 60 62 62 39 66 79 82 49 41
21 23 84 79 76 49 53 62 61 48 65 62
21 24 3 23 42 20 12 15 37 8 43 10
21 25 60 61 55 37 43 31 35 75 68 65
21 26 12 6 47 9 22 35 34 25 44 47
21 27 27 48 17 41 28 26 58 59 25 44
21 28 88 49 84 54 47 55 78 46 82 87
21 29 21 45 26 21 21 25 11 21 50 50
21 30 44 30 27 65 63 68 59 28 65 29
21 31 91 50 63 62 50 62 81 72 83 68
21 32 20 26 36 45 59 53 36 21 21 53
21 33 39 26 32 34 31 60 47 20 33 58
21 34 23 19 49 31 33 28 40 21 13 29
21 35 49 54 70 37 38 65 45 67 72 40
21 36 94 74 84 90 75 92 76 87 94 92
21 37 71 42 50 79 35 46 45 72 44 76
21 38 71 53 54 47 80 40 64 67 76 66
21 39 71 83 72 50 71 44 41 51 80 39
21 40 66 51 54 40 81 72 57 57 54 40
21 41 10 49 29 36 8 35 12 54 53 6
21 42 36 36 53 28 58 44 63 39 44 64
21 43 45 25 53 59 68 33 67 47 40 54
21 44 75 38 71 42 53 67 53 59 86 50
22 23 15 55 41 47 23 49 17 18 7 38
22 24 47 45 73 58 36 70 61 26 68 69
22 25 14 15 46 44 49 44 7 33 38 31
22 26 38 34 42 61 40 30 60 60 46 68
22 27 21 46 22 36 35 39 19 47 42 51
22 28 23 34 24 44 41 34 21 51 42 28
22 29 82 50 63 61 70 42 49 88 42 85
22 30 11 26 55 52 27 45 53 28 11 32
22 31 30 52 46 22 24 21 21 55 26 19
22 32 16 56 9 22 14 24 21 40 31 22
22 33 19 32 48 47 55 46 41 20 57 46
22 34 92 86 47 69 91 89 79 62 61 50
22 35 48 71 33 72 45 65 68 43 31 52
22 36 98 67 85 87 96 50 84 59 59 66
22 37 80 61 51 70 88 69 41 73 44 60
22 38 57 51 67 65 31 76 74 61 63 41
22 39 22 25 29 55 35 48 32 44 13 32
22 40 5 22 6 7 35 38 16 34 5 12
22 41 46 43 25 40 47 48 54 56 62 49
22 42 77 70 50 84 49 51 68 73 65 75
22 43 28 56 17 38 43 24 48 27 60 27
22 44 66 53 81 66 44 57 74 76 74 58
23 24 89 84 69 89 84 53 77 75 77 88
23 25 61 51 61 66 75 40 80 65 65 48
23 26 87 91 69 46 86 90 88 53 61 90
23 27 21 60 60 41 24 16 48 19 15 58
23 28 7 26 26 28 19 31 41 22 20 41
23 29 70 64 70 67 44 85 64 75 43 56
23 30 37 32 47 23 51 29 64 68 27 59
23 31 71 78 79 52 61 37 70 76 83 44
23 32 27 57 56 40 61 32 28 44 32 49
23 33 65 46 49 48 74 71 71 55 55 46
23 34 77 59 66 49 46 74 75 78 40 73
23 35 86 50 57 48 52 62 50 61 45 60
23 36 20 32 51 29 51 50 35 16 37 40
23 37 60 57 72 40 42 35 37 32 30 40
23 38 18 16 38 22 37 56 37 44 29 20
23 39 14 31 45 26 33 55 22 40 26 48
23 40 14 27 44 45 25 30 53 11 40 32
23 41 73 56 67 79 41 77 64 46 67 77
23 42 12 39 30 31 7 42 29 36 39 42
23 43 87 59 67 75 83 83 84 82 48 89
23 44 67 54 42 54 82 42 67 77 65 56
24 25 90 85 71 63 68 61 51 67 87 71
24 26 52 64 35 41 70 66 66 39 63 59
24 27 8 19 11 16 29 32 11 43 28 21
24 28 38 68 45 34 28 38 21 35 62 22
24 29 51 49 37 51 66 36 61 28 28 70
24 30 39 28 45 28 67 66 23 65 67 57
24 31 3 41 22 37 36 39 43 47 42 50
24 32 0 31 22 18 9 38 19 7 1 31
24 33 99 61 81 77 61 63 93 56 52 52
24 34 82 64 51 62 62 42 67 90 58 49
24 35 40 55 39 61 63 25 36 28 66 66
24 36 12 53 45 27 44 11 9 15 11 21
24 37 74 39 59 41 37 81 81 43 49 37
24 38 6 17 16 17 27 50 52 36 17 20
24 39 20 59 45 56 51 56 45 37 19 53
24 40 72 85 81 37 49 79 46 81 79 71
24 41 87 49 47 89 81 76 73 63 56 86
24 42 61 58 46 72 50 74 50 66 36 76
24 43 71 68 52 78 67 78 40 57 78 40
24 44 90 65 53 84 79 87 67 82 66 90
25 26 69 59 53 78 59 64 68 60 82 74
25 27 0 1 25 37 29 12 17 25 26 13
25 28 43 69 65 25 52 42 27 27 47 70
25 29 56 67 53 31 69 29 62 78 38 74
25 30 34 58 50 55 19 65 38 30 18 40
25 31 0 25 22 5 33 17 7 46 22 44
25 32 20 26 37 33 53 12 34 15 34 16
25 33 8 32 46 34 27 8 16 23 31 10
25 34 65 38 52 45 77 62 42 73 48 52
25 35 90 83 59 51 88 61 82 75 94 56
25 36 1 27 17 47 8 14 21 15 35 10
25 37 2 36 42 23 50 48 23 41 27 31
25 38 1 14 5 37 38 8 48 12 38 34
25 39 39 56 66 69 22 26 45 30 56 68
25 40 69 38 79 52 84 42 55 80 35 71
25 41 42 58 56 25 44 50 70 24 61 30
25 42 92 60 94 88 73 67 72 69 92 69
25 43 84 58 85 45 84 71 57 85 49 84
25 44 43 37 46 45 30 28 65 47 50 31
26 27 75 60 71 80 50 52 41 48 40 51
26 28 99 83 65 71 52 92 73 60 76 92
26 29 15 29 51 20 42 41 41 38 22 38
26 30 77 76 81 57 49 56 75 74 48 76
26 31 96 50 56 81 63 67 85 70 68 66
26 32 41 32 33 59 47 53 49 58 27 25
26 33 60 69 73 63 53 66 77 33 51 59
26 34 6 36 41 17 50 48 47 34 44 51
26 35 48 58 67 33 71 61 28 58 72 64
26 36 96 53 83 55 69 72 94 85 77 62
26 37 76 68 80 80 68 42 78 79 38 64
26 38 68 69 48 56 57 42 57 76 34 84
26 39 2 10 6 37 40 11 22 24 16 50
26 40 32 47 18 49 25 49 49 34 42 57
26 41 47 51 66 49 50 51 29 42 60 50
26 42 6 37 49 11 50 42 33 44 35 19
26 43 4 7 3 10 18 47 31 7 47 33
26 44 91 45 94 72 83 82 60 54 62 65
27 28 55 45 76 61 51 46 55 60 67 36
27 29 18 34 57 33 59 53 10 20 27 50
27 30 3 5 17 49 39 32 9 31 31 17
27 31 77 44 84 41 39 73 68 74 42 73
27 32 52 74 52 50 75 29 51 49 60 62
27 33 73 76 69 47 68 59 84 47 62 43
27 34 26 14 26 54 24 30 19 23 46 27
27 35 6 7 35 32 39 29 17 31 11 33
27 36 23 42 51 22 56 23 12 34 25 43
27 37 29 50 50 26 51 23 28 17 17 53
27 38 4 37 4 9 39 47 15 31 14 36
27 39 9 15 34 28 54 53 5 5 15 36
27 40 53 40 38 40 33 70 50 36 39 72
27 41 58 73 50 58 47 44 48 54 37 54
27 42 38 68 27 32 63 21 30 33 60 50
27 43 76 39 88 55 43 40 73 43 58 87
27 44 46 25 53 70 61 67 39 29 42 68
28 29 20 56 21 19 16 38 41 52 11 48
28 30 56 50 63 39 76 51 77 38 44 35
28 31 71 73 51 46 70 64 59 61 65 36
28 32 33 23 37 47 22 57 34 17 56 59
28 33 61 50 58 69 39 71 58 47 61 73
28 34 0 17 18 3 6 0 26 9 18 15
28 35 38 40 40 43 63 31 38 64 58 62
28 36 78 67 79 41 39 68 78 50 42 48
28 37 34 63 40 38 66 50 30 21 45 46
28 38 40 53 55 38 57 26 33 21 35 33
28 39 26 33 19 36 15 22 53 27 40 27
28 40 2 11 49 24 35 50 43 25 6 35
28 41 36 28 26 26 32 32 61 32 37 28
28 42 12 31 48 28 30 21 37 31 15 53
28 43 72 77 48 73 39 51 40 73 85 60
28 44 69 82 75 61 69 81 48 37 59 61
29 30 95 91 57 88 60 80 65 61 77 83
29 31 81 62 71 60 70 75 61 65 61 70
29 32 27 58 22 41 26 22 35 40 59 38
29 33 98 68 73 50 97 89 83 96 65 71
29 34 39 54 35 28 52 46 56 58 23 65
29 35 89 46 94 75 77 91 94 89 52 86
29 36 10 26 7 5 43 40 49 36 36 43
29 37 14 34 37 23 30 26 35 54 14 39
29 38 16 37 41 12 38 30 39 13 29 48
29 39 10 45 14 26 28 29 29 42 39 40
29 40 94 84 79 47 47 47 77 67 85 90
29 41 4 42 36 23 20 19 38 22 32 14
29 42 33 57 29 46 52 57 23 60 40 17
29 43 92 82 61 67 81 83 88 84 92 66
29 44 53 29 28 30 40 54 31 73 47 48
30 31 71 73 56 75 65 59 85 54 80 85
30 32 48 27 30 39 66 59 42 40 28 47
30 33 53 39 48 62 67 57 33 64 58 33
30 34 89 63 51 69 44 86 60 56 82 80
30 35 84 51 74 82 84 91 47 83 82 70
30 36 71 84 66 79 67 41 63 52 43 80
30 37 47 31 67 41 33 34 33 32 24 67
30 38 70 60 36 37 67 60 62 41 63 40
30 39 52 33 64 30 43 47 63 53 41 29
30 40 67 47 73 57 57 44 76 73 81 43
30 41 9 39 22 12 50 43 11 26 45 18
30 42 96 57 58 96 77 71 49 68 87 95
30 43 93 48 85 85 70 80 75 76 88 56
30 44 82 78 52 70 81 85 49 76 69 84
31 32 82 89 82 59 46 55 84 88 83 85
31 33 41 32 34 65 36 21 64 47 65 41
31 34 66 60 49 64 69 44 49 38 82 66
31 35 87 75 81 93 93 85 79 75 45 87
31 36 15 15 51 26 18 45 35 37 23 9
31 37 90 87 79 65 86 52 76 73 70 65
31 38 54 62 35 28 40 50 47 50 35 76
31 39 27 37 32 44 31 25 19 61 15 57
31 40 75 64 56 65 63 49 61 61 78 56
31 41 0 13 21 5 26 13 13 3 40 14
31 42 91 66 66 50 65 86 59 94 82 51
31 43 55 40 50 62 45 50 30 74 41 56
31 44 71 75 79 77 60 82 42 68 55 64
32 33 16 36 26 46 42 28 15 30 26 14
32 34 94 49 95 48 62 85 64 55 81 74
32 35 48 51 64 53 28 27 58 59 25 52
32 36 20 27 11 14 30 27 51 26 10 22
32 37 69 36 71 73 71 35 77 81 67 52
32 38 92 82 46 56 83 59 78 49 49 61
32 39 80 42 70 61 63 50 75 44 58 71
32 40 62 35 46 69 31 67 50 63 63 59
32 41 40 29 35 52 28 40 50 25 20 24
32 42 26 43 31 18 27 49 25 42 60 18
32 43 14 22 11 8 55 19 36 56 16 15
32 44 17 15 44 37 15 12 39 57 19 45
33 34 17 23 38 34 44 48 11 11 11 50
33 35 52 32 60 47 63 72 73 59 39 66
33 36 66 50 46 76 41 69 62 55 41 75
33 37 95 82 85 70 52 91 67 54 86 78
33 38 87 47 46 53 82 69 74 53 67 66
33 39 89 53 73 87 79 50 66 57 74 68
33 40 16 25 26 14 20 53 51 27 51 34
33 41 59 46 51 38 32 52 54 60 44 78
33 42 30 59 18 56 60 45 63 44 18 63
33 43 44 27 58 31 22 36 55 29 61 44
33 44 66 69 37 42 41 43 35 68 44 56
34 35 24 34 35 27 59 60 53 25 55 32
34 36 72 77 57 72 60 78 67 54 39 69
34 37 64 50 41 45 68 34 80 50 43 74
34 38 7 12 27 43 8 29 25 39 35 25
34 39 32 32 30 57 28 26 34 62 55 57
34 40 85 71 85 81 43 55 64 79 85 42
34 41 43 42 57 59 34 45 23 39 38 55
34 42 47 52 32 55 64 70 59 28 36 72
34 43 77 63 86 53 44 44 58 69 39 74
34 44 9 40 47 30 23 49 37 24 18 43
35 36 66 64 57 76 74 76 78 45 45 38
35 37 2 34 46 34 6 19 14 12 30 10
35 38 41 54 25 69 22 62 57 48 42 31
35 39 20 26 54 51 17 44 41 18 12 43
35 40 21 54 48 31 48 27 23 46 51 20
35 41 95 62 66 62 71 91 86 69 97 57
35 42 56 76 29 70 43 69 46 42 31 52
35 43 77 54 76 63 54 64 49 41 41 60
35 44 26 26 55 51 46 33 41 57 16 21
36 37 54 35 76 39 35 48 67 45 64 53
36 38 59 65 36 58 48 50 68 40 50 70
36 39 99 74 80 50 79 63 73 57 87 50
36 40 96 98 63 80 55 90 62 63 82 60
36 41 83 42 55 68 45 57 53 87 60 43
36 42 20 26 46 36 26 55 28 14 46 19
36 43 57 58 65 74 44 37 60 37 49 59
36 44 98 90 58 54 85 67 94 67 83 89
37 38 64 39 72 57 62 73 61 54 57 38
37 39 43 46 32 32 31 27 61 24 64 24
37 40 97 75 59 72 79 91 61 98 55 92
37 41 54 70 67 41 47 42 48 56 53 73
37 42 73 84 46 45 76 70 38 60 52 79
37 43 86 90 84 87 48 74 82 54 80 84
37 44 5 27 49 22 32 33 38 8 16 16
38 39 26 45 32 28 16 19 15 50 41 51
38 40 2 28 14 28 20 50 45 1 5 8
38 41 60 69 51 70 76 57 36 43 52 52
38 42 34 26 64 65 24 25 51 18 55 34
38 43 16 34 17 55 54 35 24 19 28 17
38 44 4 36 24 25 16 14 46 8 17 4
39 40 51 27 42 28 25 72 53 75 66 27
39 41 70 73 39 84 68 64 38 63 82 69
39 42 76 75 62 68 52 81 49 39 47 45
39 43 25 35 17 13 49 48 53 30 16 26
39 44 87 76 87 58 53 93 60 58 58 50
40 41 39 30 60 60 33 23 54 50 20 54
40 42 68 70 58 53 71 39 59 79 52 71
40 43 20 60 26 28 43 51 59 31 44 14
40 44 78 75 81 60 56 76 79 83 57 88
41 42 87 62 62 91 48 77 70 66 57 88
41 43 93 67 88 63 59 87 59 89 81 95
41 44 77 58 71 41 41 87 71 85 76 62
42 43 96 90 89 90 78 66 94 63 65 94
42 44 71 66 56 73 67 42 36 61 46 67
43 44 93 80 86 66 75 86 66 64 64 61
