17 8
0 0 0.25 0.25 0.25 0.25 0 0 
0 1 32 35 32 31 39 37 34 32
0 2 72 71 66 67 69 74 64 65
0 3 56 53 60 51 49 49 58 55
0 4 71 64 69 67 62 72 62 62
0 5 20 26 22 23 25 24 25 30
0 6 13 22 19 20 19 17 15 25
0 7 9 10 10 14 22 8 15 18
0 8 81 79 81 70 71 82 79 82
0 9 30 40 28 40 29 40 27 30
0 10 20 28 24 23 17 19 29 24
0 11 43 48 41 37 51 42 51 51
0 12 21 20 18 31 30 19 29 30
0 13 59 57 60 57 50 52 51 60
0 14 73 64 66 68 63 70 72 68
0 15 93 86 86 82 92 88 93 88
0 16 18 30 24 28 17 19 21 25
1 2 46 43 52 47 40 40 44 45
1 3 43 51 38 51 39 44 41 51
1 4 71 73 65 62 73 66 74 67
1 5 0 15 10 6 9 13 6 4
1 6 3 8 11 10 17 15 12 15
1 7 38 35 43 39 39 35 44 39
1 8 0 7 4 2 7 8 14 6
1 9 45 51 47 53 39 42 53 48
1 10 5 11 10 10 11 6 19 7
1 11 17 25 22 21 27 22 18 24
1 12 91 82 85 89 90 81 78 92
1 13 49 49 53 51 49 44 51 48
1 14 51 52 49 55 55 46 46 47
1 15 63 63 55 67 59 61 68 63
1 16 93 90 92 89 83 90 94 83
2 3 42 40 40 45 40 49 48 38
2 4 91 88 90 92 81 91 88 78
2 5 4 16 5 17 12 16 7 15
2 6 24 29 32 21 34 28 27 23
2 7 1 2 7 3 3 9 4 13
2 8 9 22 20 16 14 9 9 21
2 9 43 47 39 51 48 38 51 42
2 10 72 68 74 67 70 61 64 68
2 11 36 45 34 35 32 45 43 38
2 12 92 82 83 92 87 78 85 79
2 13 15 20 26 15 27 19 21 14
2 14 13 15 13 25 15 14 18 19
2 15 92 78 85 89 92 88 83 92
2 16 10 21 15 20 17 17 20 13
3 4 47 45 47 47 46 55 40 54
3 5 76 68 64 78 78 68 68 65
3 6 97 90 95 84 94 84 93 83
3 7 34 35 30 41 42 40 38 36
3 8 20 28 27 26 26 31 20 19
3 9 40 41 37 49 38 38 48 41
3 10 99 93 90 98 95 88 84 98
3 11 58 61 57 53 54 52 58 52
3 12 25 24 22 36 27 35 36 24
3 13 79 82 75 78 68 70 79 75
3 14 23 24 30 23 25 33 32 21
3 15 21 27 19 24 20 24 20 27
3 16 76 70 65 66 79 74 72 68
4 5 97 97 88 94 89 85 85 89
4 6 81 76 73 81 79 75 78 81
4 7 67 59 60 61 60 66 72 70
4 8 9 15 10 14 20 9 13 14
4 9 88 86 80 87 90 86 87 82
4 10 46 52 41 39 41 50 50 42
4 11 73 71 71 72 67 72 73 67
4 12 52 57 58 56 48 55 45 46
4 13 38 38 47 42 44 36 37 45
4 14 67 66 70 64 71 71 61 66
4 15 20 31 29 23 23 21 21 20
4 16 14 19 19 17 18 15 22 15
5 6 60 54 52 55 57 63 60 55
5 7 82 84 74 82 76 83 71 83
5 8 34 37 39 34 43 39 37 33
5 9 56 59 53 51 60 50 57 52
5 10 9 16 9 16 14 19 18 16
5 11 89 88 89 80 77 90 86 83
5 12 80 81 80 72 81 81 76 83
5 13 27 32 34 24 33 37 28 35
5 14 35 38 37 43 35 44 43 35
5 15 79 77 77 74 69 68 68 75
5 16 51 50 46 52 56 51 47 56
6 7 80 68 71 83 78 74 79 78
6 8 55 47 53 61 53 60 55 61
6 9 74 65 67 63 77 71 73 68
6 10 78 80 81 72 77 76 70 78
6 11 51 56 44 53 54 58 46 52
6 12 85 82 86 84 72 75 81 84
6 13 76 67 78 78 75 69 67 67
6 14 95 96 93 93 88 86 82 94
6 15 45 43 40 52 48 52 44 40
6 16 5 18 18 18 6 19 8 17
7 8 25 36 32 35 32 31 22 24
7 9 76 71 76 79 70 74 66 79
7 10 43 46 50 45 50 39 48 40
7 11 18 24 16 21 21 27 27 26
7 12 60 54 57 55 52 64 56 57
7 13 88 79 76 89 84 79 88 80
7 14 13 20 22 11 13 20 16 25
7 15 42 39 40 41 40 40 46 37
7 16 75 68 64 68 65 67 76 74
8 9 60 53 60 62 63 58 62 57
8 10 29 35 30 36 34 27 30 26
8 11 61 59 59 64 53 57 57 61
8 12 40 38 47 43 43 37 39 42
8 13 8 7 19 17 10 19 21 10
8 14 24 23 27 25 33 35 25 35
8 15 52 54 55 48 55 52 57 59
8 16 19 25 31 25 29 23 24 30
9 10 91 86 89 84 89 78 90 81
9 11 48 54 44 42 50 53 50 43
9 12 2 4 15 16 8 6 3 16
9 13 39 36 39 48 42 35 44 44
9 14 12 25 17 18 22 16 14 19
9 15 38 34 45 36 40 33 36 34
9 16 83 83 76 74 72 83 80 80
10 11 43 38 39 43 46 39 37 48
10 12 71 61 74 70 64 65 67 71
10 13 42 37 46 50 39 39 46 40
10 14 89 80 89 83 79 82 89 78
10 15 19 17 17 18 19 16 18 31
10 16 16 23 21 16 20 16 21 23
11 12 70 60 73 72 62 60 62 60
11 13 62 60 62 60 58 61 58 63
11 14 54 54 56 55 49 49 49 52
11 15 33 29 41 31 34 42 30 40
11 16 15 17 19 18 20 18 23 26
12 13 46 42 42 42 46 40 44 39
12 14 81 72 76 77 75 74 81 74
12 15 45 42 42 47 45 52 47 50
12 16 11 15 19 20 23 21 24 22
13 14 16 27 27 17 19 19 26 23
13 15 17 20 20 28 28 21 18 17
13 16 21 22 31 24 27 33 21 32
14 15 88 85 83 86 80 78 76 84
14 16 49 46 47 50 46 56 54 43
15 16 46 50 42 50 52 50 53 50
