25 8
0 0 0.25 0.25 0.25 0.25 0 0 
0 1 13 13 20 12 12 26 13 13
0 2 95 83 82 93 89 82 95 85
0 3 27 31 28 36 37 38 37 33
0 4 58 56 63 51 60 50 57 59
0 5 49 51 49 55 43 46 54 45
0 6 13 19 20 16 17 11 18 25
0 7 30 39 34 31 38 39 27 32
0 8 28 24 24 30 30 31 35 32
0 9 30 37 34 33 38 37 38 26
0 10 82 82 77 70 70 72 75 75
0 11 35 31 41 41 40 39 33 40
0 12 54 54 49 47 55 57 47 53
0 13 3 7 9 15 13 16 9 14
0 14 46 49 45 41 44 42 53 41
0 15 89 89 81 84 78 82 86 77
0 16 4 16 10 13 6 5 15 16
0 17 24 35 34 28 29 33 35 25
0 18 73 70 65 71 70 73 71 73
0 19 81 76 73 76 69 76 73 71
0 20 76 78 74 73 71 70 80 66
0 21 45 45 47 43 46 48 53 47
0 22 58 50 55 51 53 54 63 54
0 23 63 67 64 59 61 62 65 54
0 24 60 61 58 62 65 52 52 52
1 2 15 15 20 26 27 14 20 21
1 3 0 3 10 7 11 1 4 14
1 4 22 27 20 33 21 24 20 31
1 5 82 82 73 78 84 82 72 73
1 6 59 61 59 64 62 65 65 58
1 7 67 66 65 67 61 60 66 65
1 8 75 68 76 74 66 72 77 74
1 9 84 79 79 72 81 74 83 80
1 10 59 57 64 54 61 60 52 54
1 11 17 23 22 24 26 24 19 21
1 12 60 65 61 54 65 51 61 61
1 13 85 78 79 78 78 80 80 77
1 14 17 16 16 26 29 24 27 17
1 15 97 94 94 86 89 87 88 86
1 16 51 55 46 53 56 56 50 55
1 17 74 70 66 63 68 65 69 73
1 18 83 85 73 84 84 76 81 71
1 19 7 17 16 20 12 17 13 7
1 20 36 35 38 32 39 40 39 43
1 21 7 20 13 10 10 12 9 8
1 22 53 49 46 52 54 50 49 51
1 23 17 22 29 21 15 23 17 19
1 24 47 48 46 46 43 44 41 50
2 3 13 12 19 17 20 12 21 16
2 4 74 66 77 76 69 75 72 75
2 5 56 60 61 54 47 53 61 52
2 6 12 20 18 23 21 18 13 21
2 7 19 22 22 18 17 29 20 28
2 8 86 88 84 85 74 81 73 82
2 9 48 48 53 52 44 47 44 42
2 10 18 19 28 21 22 21 29 17
2 11 5 16 14 10 7 10 13 10
2 12 95 93 88 85 83 91 92 87
2 13 27 24 28 31 31 34 27 24
2 14 69 72 66 60 67 59 64 61
2 15 43 51 40 48 37 42 38 51
2 16 68 70 60 63 66 59 72 63
2 17 44 46 52 49 47 44 39 47
2 18 77 68 73 66 65 78 66 72
2 19 15 26 18 14 19 18 24 19
2 20 73 64 71 64 70 70 65 72
2 21 69 69 68 65 70 67 71 67
2 22 78 66 79 72 76 75 73 72
2 23 37 37 32 42 44 42 33 42
2 24 82 83 74 69 77 71 71 76
3 4 99 97 99 98 98 93 93 94
3 5 56 56 59 48 55 62 57 61
3 6 36 39 31 43 41 37 43 42
3 7 90 82 86 88 87 83 81 77
3 8 19 28 29 26 21 30 21 29
3 9 79 79 78 68 67 77 70 72
3 10 63 54 63 55 61 64 57 64
3 11 30 38 29 39 33 39 39 31
3 12 7 12 11 19 13 11 9 14
3 13 97 87 91 84 94 95 88 95
3 14 47 42 51 47 46 41 44 50
3 15 58 53 55 57 60 50 51 59
3 16 37 44 41 38 36 43 44 44
3 17 7 15 8 13 17 16 10 19
3 18 70 70 62 62 69 73 66 59
3 19 80 71 78 72 74 82 80 81
3 20 26 28 32 25 32 35 24 37
3 21 60 64 63 63 55 60 55 62
3 22 16 17 26 22 15 20 27 24
3 23 80 76 71 71 68 75 78 83
3 24 88 74 82 80 82 77 77 89
4 5 98 89 85 97 92 88 91 86
4 6 2 7 9 4 6 7 2 14
4 7 86 87 88 81 81 86 84 79
4 8 7 20 19 7 11 11 9 9
4 9 5 9 10 15 10 16 4 15
4 10 25 28 32 27 26 34 28 22
4 11 68 66 65 69 60 65 61 63
4 12 95 91 92 89 96 90 90 94
4 13 18 29 24 18 25 21 18 25
4 14 94 84 81 80 83 84 83 89
4 15 22 25 27 20 19 25 23 19
4 16 69 71 66 68 63 59 71 70
4 17 86 78 86 83 79 76 84 79
4 18 35 44 29 33 30 36 30 40
4 19 46 46 52 44 44 48 54 47
4 20 19 17 24 25 24 28 23 31
4 21 44 49 39 48 43 50 39 44
4 22 80 76 74 72 70 72 80 80
4 23 51 56 47 48 55 47 50 51
4 24 13 25 23 20 20 13 17 20
5 6 87 83 88 74 85 76 87 84
5 7 85 76 80 74 77 82 74 82
5 8 4 10 18 18 12 7 6 6
5 9 95 84 95 84 95 82 94 94
5 10 16 19 27 19 20 23 20 14
5 11 74 70 69 76 75 75 70 77
5 12 89 80 76 86 83 80 82 84
5 13 4 18 15 11 17 4 18 18
5 14 82 72 77 73 82 78 84 72
5 15 3 3 8 9 5 3 14 15
5 16 46 50 46 42 47 47 48 43
5 17 93 91 86 83 89 88 93 88
5 18 58 50 55 62 61 57 50 62
5 19 31 28 32 26 26 27 29 27
5 20 89 90 86 89 83 90 82 80
5 21 75 77 70 69 67 68 68 72
5 22 25 32 22 26 36 30 25 35
5 23 2 9 6 4 7 9 13 2
5 24 62 67 53 67 65 67 54 53
6 7 62 53 62 67 62 60 53 65
6 8 85 77 82 85 85 80 73 80
6 9 90 88 84 82 78 83 79 80
6 10 28 37 36 24 30 28 30 39
6 11 28 28 33 27 28 38 32 35
6 12 56 57 58 57 52 54 50 57
6 13 55 49 57 50 56 52 57 49
6 14 94 90 85 84 89 94 91 91
6 15 84 79 80 82 76 76 85 78
6 16 34 35 38 41 37 34 37 41
6 17 53 57 54 60 54 53 52 47
6 18 30 29 26 33 31 35 34 36
6 19 65 70 66 55 67 57 70 66
6 20 63 66 56 55 61 67 57 66
6 21 90 79 77 83 87 84 86 84
6 22 87 83 75 82 77 88 79 85
6 23 4 11 12 15 16 4 12 4
6 24 20 19 29 27 26 19 21 27
7 8 94 92 93 81 95 85 84 89
7 9 42 45 42 38 47 39 50 46
7 10 28 26 24 36 36 28 35 35
7 11 72 67 72 76 75 62 75 72
7 12 31 36 34 32 33 30 41 37
7 13 48 43 54 50 50 47 52 42
7 14 82 70 79 80 72 73 76 78
7 15 46 54 42 45 44 53 51 52
7 16 36 39 40 40 38 35 38 45
7 17 27 37 30 38 28 25 30 34
7 18 79 70 67 77 78 73 68 76
7 19 80 76 69 76 71 76 71 79
7 20 2 7 16 7 12 4 3 3
7 21 2 6 9 11 15 14 10 7
7 22 67 66 70 64 61 65 65 70
7 23 90 82 91 81 87 84 85 85
7 24 43 41 39 50 46 47 47 45
8 9 16 28 25 25 20 20 14 19
8 10 10 15 19 10 11 12 13 20
8 11 50 57 53 48 53 56 55 57
8 12 87 87 84 87 84 82 85 87
8 13 7 19 17 10 20 12 15 17
8 14 15 17 16 20 14 28 17 16
8 15 12 13 14 25 24 13 24 24
8 16 35 41 44 33 41 41 34 38
8 17 96 84 83 94 89 83 85 93
8 18 35 41 32 31 35 42 31 32
8 19 76 67 67 77 74 77 75 76
8 20 93 91 83 81 83 83 80 89
8 21 47 45 44 51 46 53 53 45
8 22 44 52 40 48 50 49 46 48
8 23 37 41 45 35 45 40 43 46
8 24 82 78 80 78 76 72 85 77
9 10 36 32 32 34 39 38 38 37
9 11 95 92 90 82 83 90 84 90
9 12 61 62 57 61 55 60 55 58
9 13 65 58 61 63 62 55 63 59
9 14 30 33 38 26 32 32 33 29
9 15 22 31 29 30 19 28 19 22
9 16 41 47 39 48 40 36 44 35
9 17 82 75 83 79 79 70 76 83
9 18 57 59 50 60 54 60 55 50
9 19 5 17 10 11 18 17 6 6
9 20 53 59 57 45 54 52 45 58
9 21 72 72 72 68 67 63 62 63
9 22 62 61 68 62 60 68 58 61
9 23 7 16 12 13 12 16 14 11
9 24 81 74 72 71 75 78 71 77
10 11 86 74 82 73 78 85 79 73
10 12 49 43 46 50 48 43 46 50
10 13 56 61 51 58 52 60 52 49
10 14 42 41 44 38 37 40 45 45
10 15 29 37 26 33 27 32 27 34
10 16 38 44 41 43 46 45 40 41
10 17 29 36 30 33 37 32 35 33
10 18 64 62 67 68 63 65 62 66
10 19 19 18 30 22 20 31 28 26
10 20 75 69 70 71 73 78 64 70
10 21 58 57 51 60 63 50 61 58
10 22 83 79 79 76 75 75 77 78
10 23 44 45 48 48 53 51 52 41
10 24 99 98 89 88 93 91 84 91
11 12 98 98 89 99 92 96 84 89
11 13 52 55 56 55 48 57 49 57
11 14 37 43 33 43 42 33 35 35
11 15 73 70 64 62 75 63 76 66
11 16 72 70 62 68 75 70 72 66
11 17 3 5 6 18 7 18 14 15
11 18 88 84 89 83 77 80 80 79
11 19 72 75 68 63 69 62 73 61
11 20 17 17 19 26 18 21 21 27
11 21 67 60 69 65 59 68 66 57
11 22 16 20 26 20 15 25 17 24
11 23 16 26 27 19 25 22 25 28
11 24 45 44 43 47 53 47 39 38
12 13 38 41 35 41 40 33 45 34
12 14 71 66 65 73 68 64 68 75
12 15 0 13 14 10 8 0 1 9
12 16 51 43 48 48 51 46 46 50
12 17 57 56 62 52 55 62 60 49
12 18 72 71 75 67 64 73 62 74
12 19 90 87 82 77 88 87 82 91
12 20 7 14 16 13 15 18 7 15
12 21 66 65 66 67 65 65 66 67
12 22 21 32 32 24 31 21 24 32
12 23 36 40 39 32 44 42 35 41
12 24 76 78 70 71 68 67 69 69
13 14 24 32 34 28 27 32 33 25
13 15 94 90 84 90 80 90 87 92
13 16 48 42 45 53 47 47 46 53
13 17 72 70 65 64 70 62 71 70
13 18 91 84 88 82 85 91 89 85
13 19 7 20 20 13 16 14 8 12
13 20 82 82 76 81 77 80 83 83
13 21 86 76 79 79 73 77 75 77
13 22 82 71 83 81 73 71 79 83
13 23 95 83 89 81 89 82 81 92
13 24 39 43 45 41 37 44 35 47
14 15 47 44 46 40 53 47 43 40
14 16 98 90 87 95 98 95 93 93
14 17 13 12 24 18 17 13 15 20
14 18 44 49 49 42 40 45 38 43
14 19 8 22 8 15 11 8 11 17
14 20 54 57 50 53 54 55 60 56
14 21 20 18 23 17 29 27 21 30
14 22 85 75 82 83 86 79 73 81
14 23 32 31 32 41 27 30 34 36
14 24 90 80 86 87 86 79 81 81
15 16 67 60 57 57 63 61 66 58
15 17 46 41 40 40 46 51 51 46
15 18 92 79 92 87 90 80 86 90
15 19 98 91 95 84 89 96 87 98
15 20 67 59 60 67 67 62 65 66
15 21 78 68 75 68 69 73 73 77
15 22 0 3 14 9 14 5 2 11
15 23 88 89 82 88 81 75 77 76
15 24 5 10 17 7 14 9 17 19
16 17 24 27 23 29 20 22 22 20
16 18 55 54 54 60 50 56 49 61
16 19 61 52 62 52 66 59 65 67
16 20 82 80 77 81 78 85 70 75
16 21 91 89 85 82 81 91 92 83
16 22 90 80 86 90 86 90 81 91
16 23 67 62 68 64 65 66 64 68
16 24 31 41 31 36 34 35 27 38
17 18 95 89 86 85 93 81 84 96
17 19 9 15 14 17 19 14 16 14
17 20 73 71 72 65 77 72 70 77
17 21 6 10 13 16 6 18 18 13
17 22 75 71 67 68 78 74 73 70
17 23 14 19 24 26 16 19 14 21
17 24 86 87 77 79 85 78 77 76
18 19 64 61 61 55 68 68 67 68
18 20 93 89 90 88 93 93 80 92
18 21 42 46 49 41 39 44 44 43
18 22 85 84 84 80 74 74 87 86
18 23 66 57 67 67 65 57 60 61
18 24 49 50 49 48 54 42 52 42
19 20 18 23 27 27 26 24 24 25
19 21 39 40 42 39 40 41 39 34
19 22 16 25 26 15 22 28 25 14
19 23 77 72 80 80 69 65 73 72
19 24 95 83 84 84 92 93 88 92
20 21 0 14 2 9 14 3 11 8
20 22 57 60 56 51 59 58 60 55
20 23 7 6 16 7 15 17 8 9
20 24 84 80 72 76 84 73 84 77
21 22 84 84 77 76 75 85 74 79
21 23 18 18 17 19 30 29 23 22
21 24 39 43 38 47 34 36 45 39
22 23 76 76 66 78 69 74 76 65
22 24 51 54 45 46 47 49 50 53
23 24 32 29 33 33 30 40 41 33
