25 8
0 0.166667 0.166667 0.166667 0.166667 0.166667 0.166667 0 
0 1 92 67 64 75 77 83 48 89
0 2 53 71 50 75 30 60 63 43
0 3 3 22 20 37 26 13 10 48
0 4 38 37 62 67 23 36 55 55
0 5 80 81 89 54 73 63 88 71
0 6 76 69 69 54 80 38 71 45
0 7 80 53 59 75 45 67 51 51
0 8 84 83 47 65 69 59 48 80
0 9 45 66 24 56 31 48 47 64
0 10 59 43 68 50 45 64 62 62
0 11 86 87 81 84 66 67 43 49
0 12 66 63 80 50 67 65 66 81
0 13 64 70 54 60 80 57 50 56
0 14 99 58 55 98 60 55 72 86
0 15 4 50 23 11 46 15 40 7
0 16 53 40 74 69 59 46 48 46
0 17 57 30 77 40 63 49 55 38
0 18 86 59 78 81 64 77 44 85
0 19 13 33 46 36 46 41 20 42
0 20 7 44 12 46 25 29 23 3
0 21 90 71 74 93 51 45 63 85
0 22 67 35 82 66 39 46 35 39
0 23 92 49 84 54 81 71 57 49
0 24 12 41 37 15 55 31 36 26
1 2 96 92 51 51 51 95 91 69
1 3 60 58 40 46 30 71 75 78
1 4 99 54 90 71 70 95 96 63
1 5 1 25 30 12 47 47 13 34
1 6 44 42 58 24 38 61 49 65
1 7 55 74 67 48 38 68 40 50
1 8 84 85 88 46 48 86 76 48
1 9 7 33 5 29 51 31 53 12
1 10 4 20 38 3 6 39 52 38
1 11 73 83 84 78 84 50 64 77
1 12 78 65 57 67 43 41 78 68
1 13 0 27 39 41 3 5 10 45
1 14 21 28 17 55 16 14 12 21
1 15 8 24 21 32 4 42 20 46
1 16 15 42 17 32 32 32 44 41
1 17 2 45 21 50 27 17 44 8
1 18 43 44 55 70 43 42 68 43
1 19 20 39 13 34 16 15 52 13
1 20 39 25 64 49 33 62 32 50
1 21 62 77 75 61 42 33 58 34
1 22 92 91 59 51 79 95 50 55
1 23 4 16 4 11 27 26 41 14
1 24 44 59 64 69 32 64 40 45
2 3 87 73 80 57 64 61 58 77
2 4 91 61 55 79 56 88 57 51
2 5 59 62 51 76 33 53 62 53
2 6 63 47 37 54 68 54 34 59
2 7 64 80 32 75 41 79 37 61
2 8 83 80 87 71 78 81 47 62
2 9 88 79 71 47 75 79 63 61
2 10 38 40 49 50 21 44 51 19
2 11 46 45 61 41 48 25 32 33
2 12 94 57 83 74 66 61 84 74
2 13 48 68 50 69 31 69 43 31
2 14 83 72 55 60 75 79 48 78
2 15 82 82 68 43 65 47 70 72
2 16 90 54 63 88 54 69 91 66
2 17 31 24 45 57 57 23 52 50
2 18 72 55 83 72 62 79 66 82
2 19 35 53 64 24 60 47 22 35
2 20 19 33 15 58 20 41 35 13
2 21 85 86 47 44 64 43 66 66
2 22 33 30 31 33 52 48 36 38
2 23 9 5 40 17 38 5 5 32
2 24 99 73 55 90 94 74 93 66
3 4 88 81 64 85 62 76 77 61
3 5 41 62 28 69 32 35 26 25
3 6 9 33 7 41 28 43 5 45
3 7 27 16 57 28 15 28 51 51
3 8 35 29 63 65 67 41 51 32
3 9 95 89 78 83 76 87 90 53
3 10 20 35 10 39 30 13 17 41
3 11 10 16 55 24 19 11 5 33
3 12 73 76 51 77 49 81 62 48
3 13 25 20 28 23 35 38 37 30
3 14 12 7 18 23 55 54 34 36
3 15 68 79 34 61 79 44 57 80
3 16 36 58 32 25 49 54 52 40
3 17 61 48 38 39 33 31 63 56
3 18 15 51 50 11 53 33 25 55
3 19 39 39 56 69 27 58 36 27
3 20 33 40 61 36 45 60 50 57
3 21 27 22 35 29 44 14 56 23
3 22 38 59 26 39 44 68 31 64
3 23 13 25 33 9 44 18 53 51
3 24 45 58 46 58 48 63 42 55
4 5 4 49 26 10 38 27 10 33
4 6 45 70 58 48 54 39 48 23
4 7 35 36 21 49 37 60 61 39
4 8 99 87 56 97 55 94 74 59
4 9 99 69 85 87 58 84 74 92
4 10 14 46 33 46 32 34 43 16
4 11 5 48 36 36 51 12 35 15
4 12 4 11 37 4 11 19 45 7
4 13 34 64 40 31 43 51 23 48
4 14 28 39 48 23 48 34 15 49
4 15 76 68 53 41 46 57 78 82
4 16 88 82 64 61 72 70 59 74
4 17 79 75 75 58 48 71 40 43
4 18 75 65 79 58 65 46 47 58
4 19 83 91 45 64 48 67 51 44
4 20 43 30 44 25 39 60 49 47
4 21 32 63 48 23 62 38 29 17
4 22 36 61 59 35 44 54 57 23
4 23 60 76 60 49 67 65 79 62
4 24 91 60 63 81 84 76 67 55
5 6 92 84 93 49 54 76 47 46
5 7 22 29 54 19 32 18 30 39
5 8 81 51 53 63 79 47 87 42
5 9 86 68 55 84 44 58 64 79
5 10 30 44 21 32 39 55 24 28
5 11 54 42 40 44 50 29 74 51
5 12 31 29 34 44 41 30 15 38
5 13 45 37 44 66 71 30 40 71
5 14 31 48 32 16 42 23 55 51
5 15 67 83 82 35 71 46 78 77
5 16 72 76 82 75 50 40 59 40
5 17 52 75 55 67 36 51 42 29
5 18 11 5 16 13 13 11 23 53
5 19 8 28 6 52 36 12 45 32
5 20 56 69 31 42 61 36 38 76
5 21 51 57 51 68 67 63 59 40
5 22 46 34 40 55 23 68 66 33
5 23 62 70 44 57 40 61 59 64
5 24 52 53 54 38 48 49 54 43
6 7 72 67 53 85 83 58 43 45
6 8 2 42 46 38 31 4 13 27
6 9 82 77 67 84 69 52 48 77
6 10 33 46 32 60 51 30 48 47
6 11 34 17 62 27 41 37 65 21
6 12 38 47 49 28 35 68 36 25
6 13 53 64 62 38 28 68 48 52
6 14 95 79 58 58 84 79 55 90
6 15 46 40 33 39 31 31 37 71
6 16 45 25 27 42 31 40 51 58
6 17 84 54 78 88 72 64 44 51
6 18 81 75 48 69 80 51 48 43
6 19 10 20 47 12 13 33 11 22
6 20 37 36 29 67 65 31 34 48
6 21 25 55 59 49 37 48 60 32
6 22 19 35 42 23 27 53 54 11
6 23 95 77 97 69 57 58 80 66
6 24 49 29 53 46 58 27 45 55
7 8 8 44 37 21 28 44 29 32
7 9 24 17 60 41 50 48 22 35
7 10 82 48 41 90 78 59 82 90
7 11 74 71 48 74 53 57 52 52
7 12 48 47 47 54 58 47 68 71
7 13 74 53 87 52 46 51 75 78
7 14 93 63 84 73 61 83 73 66
7 15 93 55 74 65 74 78 54 81
7 16 34 24 23 42 42 49 19 60
7 17 8 46 43 20 20 12 53 40
7 18 38 39 35 34 64 24 66 32
7 19 60 74 67 58 51 62 58 60
7 20 55 75 72 34 36 38 69 49
7 21 13 9 41 38 38 31 38 10
7 22 45 61 58 63 60 30 65 60
7 23 86 53 58 72 80 66 67 83
7 24 87 75 65 87 89 67 60 90
8 9 85 77 77 57 57 66 58 87
8 10 99 88 83 51 85 65 67 81
8 11 17 55 8 42 11 26 39 34
8 12 1 50 49 19 14 9 20 39
8 13 45 50 30 31 35 28 35 60
8 14 54 56 37 73 52 38 47 36
8 15 70 41 74 82 71 40 64 65
8 16 68 53 67 84 76 72 76 59
8 17 32 46 46 28 16 29 46 40
8 18 44 25 42 34 37 52 58 31
8 19 45 48 56 59 55 69 53 58
8 20 25 57 32 30 32 13 53 29
8 21 27 24 52 52 58 50 54 56
8 22 4 33 26 6 22 25 38 13
8 23 77 52 56 57 38 80 47 66
8 24 37 42 47 45 32 18 33 37
9 10 95 67 58 82 81 94 52 66
9 11 95 87 60 69 54 52 70 76
9 12 32 32 55 39 22 49 51 44
9 13 65 57 60 32 59 37 47 55
9 14 57 47 72 74 35 48 58 58
9 15 29 47 27 59 24 35 21 47
9 16 81 78 62 86 62 51 49 42
9 17 82 70 57 53 69 66 80 43
9 18 89 71 84 51 73 70 65 58
9 19 7 16 43 51 4 35 19 46
9 20 25 44 33 24 30 55 46 14
9 21 78 54 59 65 66 67 40 58
9 22 66 33 56 77 60 64 49 41
9 23 28 23 55 55 16 56 42 26
9 24 38 50 37 58 21 42 33 62
10 11 12 33 21 17 42 10 18 52
10 12 99 79 56 87 62 51 60 50
10 13 28 55 33 35 41 45 59 18
10 14 65 61 81 65 61 35 66 47
10 15 29 62 36 64 62 62 63 16
10 16 80 81 59 44 67 56 63 75
10 17 48 45 71 35 63 73 66 44
10 18 59 68 36 33 46 41 31 46
10 19 35 36 54 62 41 30 63 67
10 20 2 7 27 16 26 5 35 23
10 21 66 63 42 56 76 38 62 48
10 22 14 36 38 40 34 23 54 49
10 23 1 46 18 3 47 13 5 18
10 24 21 59 19 51 56 26 19 13
11 12 33 48 29 26 64 65 37 40
11 13 45 27 38 31 36 65 64 49
11 14 55 61 32 43 57 75 35 30
11 15 71 81 36 85 66 58 53 67
11 16 35 18 45 30 37 23 23 38
11 17 66 75 41 39 52 61 35 57
11 18 15 40 43 11 55 18 36 35
11 19 32 34 27 56 56 34 38 37
11 20 12 8 40 52 37 38 42 35
11 21 56 48 33 33 52 46 56 63
11 22 25 55 14 26 46 23 24 34
11 23 70 37 70 44 56 75 36 40
11 24 36 35 40 46 41 50 39 27
12 13 27 34 49 15 59 19 25 41
12 14 35 45 39 20 62 62 57 65
12 15 18 44 23 58 10 22 38 23
12 16 29 27 41 54 63 16 51 24
12 17 35 63 43 27 27 22 50 45
12 18 71 48 77 39 48 77 48 83
12 19 12 17 37 25 15 19 8 41
12 20 1 43 43 26 42 34 48 37
12 21 79 88 87 89 67 88 65 56
12 22 45 28 38 33 49 25 32 43
12 23 9 32 53 35 33 17 6 53
12 24 22 56 40 23 22 37 12 30
13 14 13 52 51 24 48 41 18 13
13 15 45 65 61 59 32 63 36 56
13 16 69 57 83 67 36 76 55 74
13 17 86 65 91 78 50 58 50 46
13 18 5 41 29 26 9 36 20 12
13 19 90 76 93 86 84 60 53 49
13 20 51 41 58 36 30 59 69 33
13 21 33 39 27 61 32 27 49 20
13 22 14 31 52 56 50 49 31 50
13 23 71 68 69 40 57 48 83 82
13 24 78 80 52 59 84 71 64 87
14 15 75 45 82 86 67 81 44 74
14 16 60 65 48 39 63 45 31 32
14 17 88 46 63 84 61 74 57 87
14 18 92 76 51 66 46 93 67 90
14 19 5 4 20 44 20 10 28 38
14 20 79 88 54 51 59 67 86 41
14 21 66 75 50 76 36 82 70 40
14 22 92 91 51 54 91 50 94 66
14 23 85 81 43 80 87 84 91 86
14 24 67 45 58 42 74 46 48 54
15 16 60 69 34 30 60 38 41 56
15 17 28 43 58 43 18 62 46 58
15 18 46 47 49 34 51 27 64 36
15 19 71 80 72 62 60 50 66 66
15 20 97 70 78 95 69 86 52 82
15 21 33 17 22 58 40 59 56 36
15 22 81 74 88 63 73 45 73 41
15 23 64 78 54 55 67 45 41 57
15 24 80 88 85 47 80 70 85 66
16 17 79 63 83 58 41 41 84 76
16 18 80 57 52 79 64 71 51 46
16 19 61 32 68 75 68 44 52 80
16 20 58 45 73 55 52 66 63 43
16 21 14 40 24 13 47 53 49 39
16 22 66 66 46 79 68 41 65 35
16 23 73 47 67 39 85 67 76 41
16 24 87 59 53 75 57 78 82 72
17 18 44 39 59 68 32 25 31 65
17 19 44 54 60 29 56 34 52 58
17 20 35 20 54 36 61 45 26 40
17 21 36 32 44 28 63 64 26 51
17 22 13 12 34 22 17 26 13 43
17 23 84 84 44 60 79 57 75 57
17 24 65 79 51 39 66 38 57 68
18 19 49 33 65 72 50 74 67 36
18 20 11 49 41 54 14 19 9 7
18 21 27 45 42 50 17 49 62 34
18 22 48 46 54 42 66 60 57 33
18 23 24 52 25 25 17 25 34 46
18 24 27 22 34 62 37 30 18 57
19 20 45 55 57 67 65 52 26 32
19 21 22 49 60 17 34 50 30 36
19 22 99 52 52 73 79 67 99 91
19 23 59 48 60 73 57 73 48 57
19 24 25 13 44 25 24 41 36 13
20 21 71 52 40 65 47 71 60 67
20 22 11 37 29 7 8 25 23 26
20 23 23 14 60 38 29 26 58 46
20 24 12 38 15 55 53 6 54 21
21 22 11 39 28 48 41 49 49 23
21 23 13 53 34 51 31 8 12 24
21 24 17 13 9 55 33 52 36 24
22 23 40 43 43 63 39 57 27 44
22 24 2 26 26 8 43 29 14 3
23 24 84 81 44 69 78 76 54 73
