33 8
0 0 0 0.5 0.5 0 0 0 
0 1 9 9 18 12 21 13 22 14
0 2 23 27 29 27 33 20 20 22
0 3 36 33 43 40 39 32 36 33
0 4 36 40 40 44 37 41 32 37
0 5 45 42 51 43 44 45 39 39
0 6 53 59 54 50 55 55 57 53
0 7 82 82 71 80 74 81 82 82
0 8 59 61 52 53 55 63 53 53
0 9 73 67 67 75 69 72 66 70
0 10 8 7 12 7 7 8 21 20
0 11 60 53 54 65 52 62 63 62
0 12 61 61 56 62 61 54 65 54
0 13 49 42 50 53 49 55 54 52
0 14 12 21 22 23 15 16 18 13
0 15 72 63 63 70 74 73 74 76
0 16 17 15 17 19 27 25 17 28
0 17 31 32 39 41 32 36 36 26
0 18 34 39 31 44 34 37 39 36
0 19 8 12 13 12 7 7 13 16
0 20 12 14 11 14 14 20 21 16
0 21 47 46 48 52 43 53 41 43
0 22 5 10 15 16 18 6 7 12
0 23 73 63 72 72 72 73 71 70
0 24 78 73 80 74 78 78 72 76
0 25 35 44 43 36 37 37 41 43
0 26 53 53 59 54 55 45 45 52
0 27 25 21 35 31 21 26 35 27
0 28 59 56 58 62 56 64 50 60
0 29 7 7 16 20 9 6 7 21
0 30 9 19 15 12 21 10 11 11
0 31 93 92 81 91 92 91 89 90
0 32 24 22 21 29 24 21 23 21
1 2 15 16 22 27 21 21 19 21
1 3 54 58 51 54 60 51 59 51
1 4 70 62 60 61 73 70 63 66
1 5 72 74 71 69 71 69 73 72
1 6 85 76 87 76 79 84 81 80
1 7 27 30 33 23 24 32 24 24
1 8 40 38 40 44 42 34 41 36
1 9 6 17 15 16 14 17 10 10
1 10 15 13 14 13 27 15 16 13
1 11 32 37 41 42 34 28 30 33
1 12 90 83 77 84 82 78 78 80
1 13 73 71 74 63 65 74 65 64
1 14 74 78 70 63 76 71 63 77
1 15 47 43 42 54 41 49 54 53
1 16 45 45 42 48 43 42 50 47
1 17 38 34 45 41 34 32 36 33
1 18 27 33 25 26 28 23 28 28
1 19 40 39 35 38 38 34 39 39
1 20 26 34 37 25 31 27 24 34
1 21 1 5 9 7 11 1 10 4
1 22 44 43 42 46 39 39 49 40
1 23 28 26 37 32 28 36 26 36
1 24 19 26 22 29 27 16 28 29
1 25 17 21 27 18 29 23 23 18
1 26 84 73 76 74 74 75 80 77
1 27 81 75 69 83 72 73 74 80
1 28 79 78 70 79 67 73 68 71
1 29 6 7 12 12 14 17 15 11
1 30 88 78 85 84 80 81 78 77
1 31 1 2 6 6 2 2 10 13
1 32 32 37 39 33 40 28 28 27
2 3 65 62 63 59 57 62 55 55
2 4 51 53 48 56 55 51 50 45
2 5 17 25 23 27 15 22 15 23
2 6 96 84 92 82 84 87 82 94
2 7 86 79 87 85 87 74 75 87
2 8 88 79 75 86 77 78 89 78
2 9 58 58 52 57 52 63 64 55
2 10 84 78 78 86 86 72 83 86
2 11 9 13 13 18 15 18 12 20
2 12 64 63 65 67 56 55 61 58
2 13 3 3 17 11 6 9 10 11
2 14 58 54 50 63 49 54 58 53
2 15 81 76 81 76 75 70 79 83
2 16 57 55 57 60 52 60 53 58
2 17 82 73 80 84 78 71 75 72
2 18 24 26 22 25 26 21 33 24
2 19 92 85 78 92 80 92 92 93
2 20 63 54 67 61 61 68 55 60
2 21 25 27 27 33 28 28 29 29
2 22 6 17 10 8 16 9 16 13
2 23 63 57 55 62 67 54 62 56
2 24 23 25 27 26 33 25 33 32
2 25 90 81 82 82 90 80 90 79
2 26 40 36 47 41 44 39 39 39
2 27 6 18 18 8 11 19 12 9
2 28 76 69 77 74 65 67 74 76
2 29 48 54 45 41 47 44 49 54
2 30 49 44 56 42 49 43 48 44
2 31 69 71 61 60 63 72 65 61
2 32 77 66 71 80 74 74 79 79
3 4 52 54 49 55 55 59 58 50
3 5 38 36 42 38 47 42 39 42
3 6 99 90 85 93 88 89 91 88
3 7 21 24 33 22 32 29 29 24
3 8 73 63 63 73 68 63 66 76
3 9 0 5 14 1 10 1 14 11
3 10 14 18 27 26 17 23 25 19
3 11 54 52 51 54 50 59 57 57
3 12 98 95 97 89 98 97 85 94
3 13 79 77 74 76 80 69 82 76
3 14 45 39 43 42 42 45 53 45
3 15 28 29 26 30 27 35 29 36
3 16 45 52 39 47 51 52 43 52
3 17 46 42 52 49 46 41 49 47
3 18 96 83 82 96 90 89 94 96
3 19 58 57 62 53 62 50 59 52
3 20 30 35 41 40 30 29 33 39
3 21 91 90 84 90 87 86 78 88
3 22 48 52 55 54 45 54 43 51
3 23 45 48 40 42 39 52 53 41
3 24 35 34 31 41 35 31 37 30
3 25 40 48 42 42 49 44 40 44
3 26 81 80 80 81 82 69 75 76
3 27 8 7 15 11 11 12 21 20
3 28 31 30 30 34 26 33 37 40
3 29 56 53 56 52 51 61 51 55
3 30 35 36 31 32 44 44 33 37
3 31 48 46 51 49 49 44 51 43
3 32 35 32 39 40 42 43 30 43
4 5 7 18 10 21 8 15 7 11
4 6 56 49 52 55 55 61 55 48
4 7 74 76 72 68 77 68 68 66
4 8 71 64 67 72 72 62 70 66
4 9 26 22 36 32 33 28 27 22
4 10 87 76 76 83 89 88 80 78
4 11 39 47 37 35 33 47 47 36
4 12 95 95 85 85 82 85 90 82
4 13 59 56 54 61 55 60 54 62
4 14 7 19 7 17 19 7 7 14
4 15 78 75 72 68 80 66 77 77
4 16 2 15 6 15 8 9 3 10
4 17 86 75 87 75 77 85 74 74
4 18 31 37 28 28 29 33 28 39
4 19 87 78 88 86 87 84 86 85
4 20 51 55 47 56 58 44 58 44
4 21 63 67 59 58 63 68 64 55
4 22 88 81 75 77 76 90 88 88
4 23 72 66 64 70 66 69 67 63
4 24 5 18 5 11 8 13 5 14
4 25 55 47 53 58 50 55 54 56
4 26 91 80 79 88 77 90 82 83
4 27 71 75 67 65 73 70 71 66
4 28 66 68 62 68 64 68 58 67
4 29 95 83 86 87 86 85 83 90
4 30 87 86 87 76 84 75 86 88
4 31 2 6 13 13 12 6 13 14
4 32 65 65 67 63 66 70 60 56
5 6 23 30 25 23 30 23 23 28
5 7 22 27 32 30 19 28 24 22
5 8 16 21 17 18 21 15 29 25
5 9 14 19 21 20 14 25 27 25
5 10 40 47 36 36 39 40 40 36
5 11 67 67 59 69 62 71 60 65
5 12 31 32 39 36 32 35 41 28
5 13 69 65 72 71 72 72 59 61
5 14 94 81 92 88 80 92 94 92
5 15 65 67 60 68 56 55 61 64
5 16 82 71 84 79 73 81 80 83
5 17 95 89 82 89 85 88 94 91
5 18 87 80 88 84 82 79 81 74
5 19 83 71 77 82 76 76 76 73
5 20 70 60 62 60 72 61 72 61
5 21 61 56 63 61 66 66 52 61
5 22 58 56 63 58 61 50 49 58
5 23 70 73 72 72 63 63 73 72
5 24 3 5 13 17 8 7 17 5
5 25 5 5 13 9 8 8 10 9
5 26 84 80 75 80 78 84 85 72
5 27 47 48 52 41 47 43 47 41
5 28 37 37 37 38 46 46 44 37
5 29 68 72 69 72 62 61 61 71
5 30 41 39 37 40 49 49 48 38
5 31 10 11 15 20 19 16 9 21
5 32 73 64 74 65 70 77 73 75
6 7 98 91 84 97 89 87 93 84
6 8 4 4 13 11 13 7 11 10
6 9 68 58 70 59 62 59 66 63
6 10 98 87 91 87 85 92 92 89
6 11 22 24 30 25 29 24 23 30
6 12 67 59 62 72 72 69 65 62
6 13 29 34 32 29 30 27 33 32
6 14 64 65 56 60 66 58 59 57
6 15 78 69 77 80 67 78 79 77
6 16 81 78 83 76 69 80 80 77
6 17 31 33 28 28 31 27 33 40
6 18 64 60 68 69 59 60 59 68
6 19 47 52 49 40 40 44 50 43
6 20 11 18 16 21 22 23 23 24
6 21 73 71 68 74 68 66 66 71
6 22 12 15 16 15 15 12 16 21
6 23 15 21 25 15 23 15 25 16
6 24 78 71 79 78 77 74 76 68
6 25 67 66 70 65 65 68 67 64
6 26 81 73 69 70 77 80 73 74
6 27 14 15 17 18 25 24 19 18
6 28 10 22 8 20 13 16 21 20
6 29 3 9 16 3 5 12 16 8
6 30 87 80 88 85 88 83 76 83
6 31 27 25 35 25 35 28 36 31
6 32 12 21 13 20 24 11 19 25
7 8 45 46 44 40 44 43 45 41
7 9 18 27 27 29 20 24 18 16
7 10 65 57 62 65 55 64 64 67
7 11 87 74 80 87 78 86 85 81
7 12 40 49 47 41 49 37 38 46
7 13 16 20 19 16 19 20 14 22
7 14 92 87 87 79 92 82 78 83
7 15 46 46 49 52 49 47 53 47
7 16 11 17 22 18 21 20 13 17
7 17 78 75 77 75 77 75 67 71
7 18 90 86 88 86 88 89 91 87
7 19 87 83 76 85 87 84 84 74
7 20 76 73 73 66 70 71 74 65
7 21 61 64 52 61 57 62 66 65
7 22 89 76 87 88 86 78 89 87
7 23 64 58 64 67 67 67 65 54
7 24 37 43 35 43 37 41 43 47
7 25 10 20 9 22 11 20 10 15
7 26 76 67 78 70 68 70 68 66
7 27 56 58 52 54 55 62 56 60
7 28 26 31 36 28 27 34 26 26
7 29 27 27 23 29 31 24 25 37
7 30 32 38 34 31 33 35 32 42
7 31 85 85 84 80 84 75 78 78
7 32 20 20 25 31 24 21 17 19
8 9 96 86 96 88 93 89 88 92
8 10 47 48 50 53 43 50 41 42
8 11 46 50 54 41 45 40 44 53
8 12 72 66 64 63 75 70 73 67
8 13 34 32 33 37 40 33 31 40
8 14 36 37 40 41 37 34 40 40
8 15 54 47 52 57 56 58 58 57
8 16 17 15 20 21 21 15 26 16
8 17 90 86 89 77 90 81 77 80
8 18 37 40 42 42 39 45 37 39
8 19 5 17 19 18 7 11 4 18
8 20 54 60 58 53 59 57 53 61
8 21 5 10 13 11 13 17 7 14
8 22 50 45 56 55 53 43 51 56
8 23 10 10 10 20 9 20 16 14
8 24 37 36 41 35 40 36 39 38
8 25 85 81 73 83 74 83 87 75
8 26 25 25 22 29 33 25 31 32
8 27 38 32 33 36 36 45 35 37
8 28 23 25 32 30 22 33 20 31
8 29 21 32 25 26 26 30 22 29
8 30 88 79 81 80 75 79 90 75
8 31 50 54 55 50 50 53 57 57
8 32 35 35 31 38 37 38 32 43
9 10 75 69 78 65 77 71 66 79
9 11 65 57 63 59 68 64 64 69
9 12 91 88 92 84 83 91 78 84
9 13 93 83 85 88 92 90 92 92
9 14 60 61 53 55 59 52 58 54
9 15 21 20 27 26 30 22 21 30
9 16 28 32 25 24 36 38 24 32
9 17 49 43 55 48 45 43 42 50
9 18 59 51 60 61 65 56 61 63
9 19 53 46 46 55 57 46 46 47
9 20 99 94 91 86 86 87 87 90
9 21 28 37 37 37 36 31 25 32
9 22 47 44 42 50 47 47 47 53
9 23 12 20 18 22 20 15 12 15
9 24 78 75 71 69 77 81 77 75
9 25 6 5 19 17 19 18 9 9
9 26 65 63 65 67 65 56 66 62
9 27 54 54 58 49 57 51 59 58
9 28 21 20 25 32 28 31 28 29
9 29 34 43 38 39 42 35 36 41
9 30 69 73 70 61 61 63 68 62
9 31 82 75 74 78 80 72 84 74
9 32 55 49 61 56 50 48 56 58
10 11 89 88 87 77 83 79 87 79
10 12 2 9 5 3 4 3 8 6
10 13 73 72 71 64 65 70 66 74
10 14 97 95 92 90 89 92 89 89
10 15 58 58 62 63 53 50 53 58
10 16 10 23 14 16 19 16 16 14
10 17 12 15 13 12 21 12 24 23
10 18 4 4 13 10 16 14 9 4
10 19 54 58 47 52 47 59 47 53
10 20 42 40 38 38 50 40 43 39
10 21 92 85 84 93 90 92 82 86
10 22 58 62 59 61 55 59 50 58
10 23 43 48 37 48 44 50 47 40
10 24 49 45 42 54 49 48 46 55
10 25 65 64 56 57 64 67 57 64
10 26 27 31 24 25 25 29 31 25
10 27 93 87 89 89 90 88 85 86
10 28 39 37 41 45 36 44 48 38
10 29 59 62 53 62 55 56 57 60
10 30 4 6 14 18 14 11 8 9
10 31 84 85 81 75 80 85 77 85
10 32 66 59 67 56 57 56 64 57
11 12 46 50 41 43 50 47 48 54
11 13 93 80 88 90 91 82 86 79
11 14 95 86 84 88 90 82 92 84
11 15 54 50 57 49 53 53 61 50
11 16 93 82 91 87 85 94 91 94
11 17 6 6 9 10 13 9 20 15
11 18 40 37 45 39 37 48 38 41
11 19 43 44 44 48 40 39 39 41
11 20 13 13 19 13 12 25 12 18
11 21 95 92 88 92 95 87 90 89
11 22 64 63 57 67 67 56 61 69
11 23 20 19 29 22 26 27 29 22
11 24 90 82 89 81 82 78 89 90
11 25 63 57 55 60 63 59 66 63
11 26 89 88 83 83 79 88 86 82
11 27 20 26 27 31 24 29 18 22
11 28 30 31 30 34 38 38 34 27
11 29 24 23 21 25 30 22 22 30
11 30 19 20 23 29 23 23 17 29
11 31 58 56 50 59 52 51 61 55
11 32 88 80 84 81 86 79 89 88
12 13 75 72 72 66 73 72 77 67
12 14 6 10 5 7 16 10 19 10
12 15 68 64 72 59 72 59 73 60
12 16 54 56 55 57 57 55 53 53
12 17 36 37 43 46 34 34 31 39
12 18 62 67 67 62 60 57 57 57
12 19 45 44 42 41 48 43 49 43
12 20 72 71 63 63 74 74 68 73
12 21 50 47 49 54 49 56 56 45
12 22 6 9 7 8 15 16 11 13
12 23 80 80 81 82 78 78 72 72
12 24 18 20 27 16 29 20 22 18
12 25 15 25 15 17 26 25 13 18
12 26 28 28 31 24 31 31 38 33
12 27 54 48 53 59 46 52 60 59
12 28 9 14 16 18 15 9 14 12
12 29 28 26 34 34 30 37 38 35
12 30 66 70 65 56 64 61 65 66
12 31 47 51 43 54 48 50 45 52
12 32 83 74 83 73 74 72 81 78
13 14 85 74 76 81 77 78 82 72
13 15 99 97 92 91 90 88 90 97
13 16 28 31 30 29 37 25 34 35
13 17 26 22 25 33 35 31 33 28
13 18 24 35 33 33 24 33 25 31
13 19 87 77 79 75 87 86 88 84
13 20 98 91 96 91 86 97 85 94
13 21 28 27 38 24 25 33 36 36
13 22 99 92 92 97 91 97 97 93
13 23 3 9 6 6 15 8 16 10
13 24 36 37 31 38 40 39 37 40
13 25 20 24 28 27 23 27 17 21
13 26 98 94 84 92 90 92 92 91
13 27 45 52 52 46 48 44 40 40
13 28 19 26 22 24 24 18 27 28
13 29 36 31 31 42 45 40 34 41
13 30 30 36 27 38 32 33 40 40
13 31 40 38 48 40 43 38 40 37
13 32 53 58 58 48 56 53 57 58
14 15 55 50 60 56 61 54 53 52
14 16 62 56 54 53 55 61 66 54
14 17 57 54 58 52 63 48 49 58
14 18 13 19 18 25 20 16 21 18
14 19 19 20 17 20 25 30 27 25
14 20 77 80 69 78 81 73 74 69
14 21 22 25 27 24 30 27 31 26
14 22 87 89 83 76 74 86 82 79
14 23 62 67 65 67 63 63 65 61
14 24 79 71 69 77 72 77 74 81
14 25 46 52 53 45 45 48 45 52
14 26 25 23 32 32 28 29 22 34
14 27 66 69 71 68 59 57 58 58
14 28 43 47 51 39 38 42 44 36
14 29 74 75 69 71 76 76 67 75
14 30 7 6 13 10 11 17 20 8
14 31 92 82 91 87 81 89 80 79
14 32 49 44 53 52 53 50 46 52
15 16 13 14 15 16 20 13 20 14
15 17 5 16 8 7 12 6 13 12
15 18 55 46 61 58 52 55 57 50
15 19 0 3 9 2 7 15 1 7
15 20 86 84 74 78 75 81 77 83
15 21 1 2 8 3 15 4 13 8
15 22 67 70 64 61 58 71 63 62
15 23 52 46 44 55 48 54 55 53
15 24 49 52 43 43 43 52 53 56
15 25 89 86 87 81 77 87 78 82
15 26 3 17 5 16 16 10 11 3
15 27 16 22 20 15 25 19 14 28
15 28 22 24 30 32 28 19 33 33
15 29 88 85 88 86 83 80 83 85
15 30 4 15 6 12 14 11 17 15
15 31 74 63 65 77 68 74 73 70
15 32 73 74 63 73 74 74 67 65
16 17 95 85 85 83 84 90 82 92
16 18 92 85 89 90 84 80 79 88
16 19 41 39 35 43 41 49 38 36
16 20 11 17 17 18 14 24 15 18
16 21 52 54 51 45 45 58 56 55
16 22 33 35 41 42 28 38 32 30
16 23 60 58 59 59 60 60 53 62
16 24 14 20 23 17 25 24 21 15
16 25 93 80 89 86 86 83 83 86
16 26 95 87 84 93 95 87 91 85
16 27 8 7 16 20 8 19 15 11
16 28 17 28 21 29 19 21 24 15
16 29 68 66 61 71 70 66 58 61
16 30 38 44 45 44 42 36 42 40
16 31 19 29 23 29 27 28 17 30
16 32 32 36 34 30 30 30 38 27
17 18 52 48 54 55 48 56 47 56
17 19 44 41 50 50 47 44 42 50
17 20 39 46 37 38 43 34 34 43
17 21 48 49 52 44 47 44 53 54
17 22 37 32 38 36 40 42 45 42
17 23 25 30 24 31 36 28 34 26
17 24 50 45 48 56 52 54 57 44
17 25 26 26 29 29 33 24 33 32
17 26 78 71 71 75 70 72 75 76
17 27 97 83 96 85 93 89 85 95
17 28 96 84 83 90 87 93 84 94
17 29 99 92 91 84 85 84 96 96
17 30 25 21 36 35 33 34 23 35
17 31 37 43 42 36 36 34 36 40
17 32 96 84 93 85 83 85 93 97
18 19 36 35 37 34 39 32 41 37
18 20 41 48 42 48 39 35 43 46
18 21 4 11 6 10 6 12 10 16
18 22 22 32 34 25 22 25 21 19
18 23 15 14 26 23 15 19 17 23
18 24 16 19 18 14 14 19 14 18
18 25 88 87 80 81 85 77 87 87
18 26 94 86 84 89 87 92 86 89
18 27 44 49 46 42 49 47 44 50
18 28 84 79 86 83 73 81 85 71
18 29 18 26 30 26 30 21 25 23
18 30 97 97 91 94 91 92 95 97
18 31 63 67 54 66 63 58 68 55
18 32 98 91 97 84 98 87 95 93
19 20 43 49 37 45 44 46 38 42
19 21 60 59 58 52 60 59 59 52
19 22 37 45 37 34 41 44 38 34
19 23 38 33 44 38 46 43 39 36
19 24 0 4 14 4 15 6 5 0
19 25 0 15 7 2 6 2 3 9
19 26 10 17 21 18 12 22 22 17
19 27 82 72 70 74 75 74 74 71
19 28 66 68 69 69 60 62 70 65
19 29 1 6 3 13 15 15 14 11
19 30 66 69 70 59 61 58 62 68
19 31 51 54 48 52 53 44 55 47
19 32 94 84 81 81 82 92 82 89
20 21 34 43 34 30 33 40 34 35
20 22 83 73 74 83 85 73 71 74
20 23 13 12 14 15 22 23 22 25
20 24 60 64 59 64 54 58 60 54
20 25 64 65 64 57 65 57 61 68
20 26 5 8 19 11 14 13 5 8
20 27 51 46 46 57 55 47 52 54
20 28 91 86 81 92 91 83 90 88
20 29 13 15 22 23 16 22 23 15
20 30 9 14 15 18 16 17 13 11
20 31 59 57 51 58 64 63 59 58
20 32 59 52 52 55 63 61 58 51
21 22 48 48 46 48 45 43 45 44
21 23 50 50 52 58 51 49 45 48
21 24 69 62 68 62 67 64 66 61
21 25 60 60 55 54 58 57 56 55
21 26 57 57 54 63 51 51 63 60
21 27 60 63 51 57 61 57 55 60
21 28 92 80 88 82 80 84 86 85
21 29 57 59 52 57 63 63 51 62
21 30 91 77 88 80 82 84 90 80
21 31 75 73 78 74 74 74 75 66
21 32 24 27 22 24 30 32 25 32
22 23 95 85 87 81 85 94 93 95
22 24 42 50 38 36 37 36 49 38
22 25 46 42 50 49 49 53 51 50
22 26 41 49 45 49 49 38 41 42
22 27 84 82 85 81 77 73 84 83
22 28 11 20 17 22 16 11 14 17
22 29 45 38 48 40 52 47 38 38
22 30 51 56 51 45 56 48 55 55
22 31 70 65 75 64 69 72 60 64
22 32 91 88 85 83 83 90 82 83
23 24 94 91 83 81 88 91 83 89
23 25 0 5 15 1 9 9 3 9
23 26 91 86 78 91 92 78 89 91
23 27 77 75 66 69 70 67 68 71
23 28 81 69 71 71 80 73 76 76
23 29 94 83 81 84 85 88 91 82
23 30 76 72 76 75 74 65 69 68
23 31 34 35 36 40 34 33 37 39
23 32 74 77 72 66 65 74 67 66
24 25 92 83 87 87 86 81 78 83
24 26 26 30 28 25 30 33 36 25
24 27 31 39 41 35 28 29 27 34
24 28 27 26 38 36 35 36 34 24
24 29 3 4 5 16 4 8 16 17
24 30 96 95 84 87 92 92 95 84
24 31 79 70 80 77 74 74 70 78
24 32 59 52 61 60 57 54 63 60
25 26 41 42 48 44 41 44 38 43
25 27 5 4 18 15 4 16 5 17
25 28 10 9 22 9 11 18 14 10
25 29 40 43 35 47 43 36 43 43
25 30 95 96 95 92 94 95 89 89
25 31 89 84 83 83 85 81 83 88
25 32 22 29 29 18 27 27 33 29
26 27 95 88 86 82 82 93 95 83
26 28 50 49 51 48 54 43 55 43
26 29 4 10 5 12 5 7 12 12
26 30 93 87 93 91 88 82 80 86
26 31 73 64 73 68 71 75 66 69
26 32 63 60 54 55 60 67 63 54
27 28 30 35 34 28 31 37 29 27
27 29 65 58 60 57 64 60 66 58
27 30 42 44 36 46 38 40 47 41
27 31 34 36 39 32 40 30 30 40
27 32 46 44 50 53 47 44 53 43
28 29 16 22 22 17 26 17 14 14
28 30 44 51 43 44 38 50 40 46
28 31 21 22 20 26 28 22 28 26
28 32 32 27 39 32 36 41 30 36
29 30 72 74 66 63 62 69 62 63
29 31 92 81 92 86 85 89 85 91
29 32 40 37 47 35 40 44 42 36
30 31 80 79 83 81 79 78 83 71
30 32 66 61 63 62 66 68 68 70
31 32 31 34 27 35 41 38 36 29
