12
0 1 4 36 80 42
0 2 1 74 27 41
0 3 82 82 67 32
0 4 45 68 53 10
0 5 95 80 39 96
0 6 46 88 34 35
0 7 69 38 17 29
0 8 18 51 31 28
0 9 41 61 41 63
0 10 65 65 14 28
0 11 32 84 48 67
1 2 96 53 62 91
1 3 36 40 17 41
1 4 92 37 21 86
1 5 87 45 46 48
1 6 33 76 47 64
1 7 9 51 50 51
1 8 95 74 72 40
1 9 26 51 81 31
1 10 18 66 58 76
1 11 39 58 31 86
2 3 60 44 17 34
2 4 20 8 32 68
2 5 19 5 33 79
2 6 63 81 53 74
2 7 41 67 32 25
2 8 25 44 12 8
2 9 9 62 22 68
2 10 75 77 87 72
2 11 82 94 85 66
3 4 10 75 58 74
3 5 22 73 72 68
3 6 19 33 14 30
3 7 54 20 64 75
3 8 4 75 29 20
3 9 70 67 66 44
3 10 1 74 37 46
3 11 79 36 56 27
4 5 34 34 43 25
4 6 38 50 30 48
4 7 72 43 84 91
4 8 81 53 49 93
4 9 17 18 72 80
4 10 82 37 17 68
4 11 39 60 34 13
5 6 9 73 80 62
5 7 12 60 50 9
5 8 93 29 64 97
5 9 11 31 17 67
5 10 97 40 22 19
5 11 89 37 80 70
6 7 76 49 50 73
6 8 25 62 12 10
6 9 45 29 69 29
6 10 44 68 63 63
6 11 90 31 60 73
7 8 15 76 10 12
7 9 62 78 41 72
7 10 77 55 69 77
7 11 69 90 35 64
8 9 51 76 45 53
8 10 93 24 86 84
8 11 97 65 30 20
9 10 7 20 46 26
9 11 59 26 34 21
10 11 57 17 71 48
