20
0 1 42 49 43 47
0 2 50 51 47 51
0 3 63 66 61 63
0 4 15 25 15 22
0 5 49 50 56 42
0 6 1 5 13 7
0 7 5 9 7 11
0 8 65 64 68 67
0 9 36 45 35 44
0 10 42 38 37 36
0 11 48 49 43 47
0 12 32 37 38 41
0 13 5 14 12 9
0 14 57 56 56 59
0 15 84 76 83 85
0 16 23 26 19 23
0 17 34 34 32 30
0 18 65 63 61 64
0 19 17 27 27 25
1 2 25 30 30 29
1 3 20 20 30 17
1 4 27 36 26 32
1 5 72 71 75 61
1 6 59 56 62 60
1 7 77 75 68 69
1 8 30 37 37 37
1 9 3 15 10 15
1 10 89 79 81 86
1 11 76 77 71 76
1 12 69 67 60 71
1 13 32 35 29 34
1 14 78 68 81 75
1 15 17 26 18 18
1 16 64 54 60 59
1 17 6 6 11 7
1 18 99 98 97 88
1 19 64 57 61 68
2 3 61 58 64 64
2 4 74 63 76 69
2 5 0 14 13 13
2 6 45 44 48 52
2 7 51 45 53 48
2 8 84 72 82 82
2 9 15 25 26 22
2 10 52 58 57 52
2 11 21 18 25 32
2 12 36 36 43 44
2 13 12 19 25 21
2 14 73 74 75 71
2 15 60 56 64 63
2 16 78 77 78 71
2 17 28 30 31 26
2 18 2 8 5 9
2 19 36 37 46 32
3 4 70 65 73 63
3 5 33 43 37 35
3 6 32 40 40 34
3 7 27 30 37 26
3 8 82 74 83 78
3 9 50 45 57 54
3 10 21 21 27 18
3 11 98 98 96 98
3 12 52 47 54 45
3 13 12 24 15 21
3 14 20 31 24 31
3 15 31 27 39 38
3 16 35 41 41 39
3 17 83 77 72 73
3 18 99 92 98 96
3 19 86 85 81 77
4 5 74 70 71 63
4 6 60 57 55 61
4 7 24 21 21 31
4 8 81 77 80 70
4 9 47 50 45 50
4 10 41 40 39 39
4 11 97 83 91 93
4 12 16 14 28 26
4 13 29 28 27 25
4 14 85 77 78 82
4 15 63 55 68 67
4 16 12 16 20 16
4 17 10 23 10 17
4 18 34 35 41 33
4 19 80 70 77 76
5 6 6 19 16 16
5 7 69 72 63 68
5 8 19 21 19 18
5 9 17 23 14 19
5 10 11 14 13 14
5 11 94 81 93 91
5 12 24 23 23 20
5 13 9 9 11 13
5 14 45 50 47 51
5 15 73 68 76 67
5 16 70 61 59 70
5 17 54 50 46 46
5 18 41 41 37 46
5 19 99 93 95 89
6 7 33 41 43 43
6 8 98 93 88 92
6 9 31 34 39 38
6 10 43 44 37 45
6 11 37 43 45 44
6 12 87 87 76 84
6 13 8 19 10 16
6 14 25 34 34 29
6 15 76 70 77 79
6 16 45 50 52 44
6 17 66 59 62 62
6 18 78 72 78 80
6 19 31 40 28 35
7 8 36 38 39 40
7 9 4 8 14 14
7 10 61 55 54 63
7 11 23 28 21 22
7 12 55 48 53 60
7 13 24 34 32 35
7 14 94 91 89 95
7 15 89 80 90 88
7 16 67 62 59 66
7 17 91 91 79 88
7 18 21 29 27 20
7 19 34 41 43 39
8 9 89 83 80 89
8 10 11 24 13 16
8 11 23 22 32 22
8 12 89 80 90 86
8 13 89 90 90 81
8 14 22 25 21 23
8 15 26 34 24 22
8 16 38 36 39 44
8 17 12 25 17 12
8 18 2 10 16 14
8 19 56 62 51 52
9 10 15 18 27 26
9 11 12 20 12 15
9 12 86 82 87 82
9 13 69 61 66 66
9 14 58 53 50 54
9 15 84 78 81 77
9 16 4 7 4 17
9 17 76 65 69 67
9 18 60 52 63 51
9 19 53 51 56 55
10 11 80 71 71 81
10 12 52 56 55 57
10 13 2 13 14 15
10 14 24 34 25 27
10 15 97 86 91 95
10 16 63 64 55 65
10 17 32 36 29 27
10 18 40 35 45 44
10 19 3 6 16 4
11 12 80 72 73 71
11 13 10 16 19 22
11 14 15 15 28 22
11 15 50 55 54 54
11 16 28 34 35 35
11 17 82 76 74 75
11 18 88 81 79 87
11 19 38 46 36 43
12 13 4 18 11 14
12 14 54 61 47 51
12 15 28 27 37 30
12 16 19 17 24 20
12 17 63 54 55 61
12 18 81 73 79 71
12 19 16 21 27 26
13 14 54 47 52 51
13 15 35 43 40 42
13 16 19 19 30 27
13 17 17 21 15 28
13 18 72 72 66 69
13 19 60 56 61 51
14 15 67 69 67 71
14 16 16 19 27 16
14 17 78 70 77 68
14 18 80 70 75 73
14 19 40 39 41 48
15 16 36 31 33 44
15 17 43 40 43 49
15 18 47 43 48 53
15 19 23 28 22 22
16 17 64 67 66 66
16 18 14 22 18 13
16 19 18 19 29 30
17 18 97 95 96 96
17 19 38 44 37 40
18 19 99 87 94 86
