22
0 1 64 37 88 24
0 2 59 16 23 83
0 3 62 72 69 85
0 4 26 9 40 51
0 5 18 77 6 81
0 6 83 83 34 35
0 7 28 33 13 12
0 8 21 17 57 14
0 9 45 12 74 30
0 10 56 34 81 18
0 11 32 60 30 67
0 12 20 29 77 7
0 13 15 69 53 53
0 14 90 29 69 93
0 15 4 12 5 1
0 16 30 25 36 83
0 17 6 7 22 7
0 18 74 51 70 59
0 19 68 93 44 49
0 20 11 45 62 79
0 21 74 89 68 53
1 2 80 90 43 48
1 3 70 41 23 49
1 4 98 68 90 38
1 5 26 27 57 12
1 6 62 86 62 91
1 7 55 44 31 77
1 8 25 13 76 58
1 9 53 16 45 83
1 10 42 74 22 28
1 11 91 39 95 28
1 12 41 32 12 84
1 13 68 63 70 54
1 14 55 17 53 53
1 15 72 32 45 58
1 16 16 9 74 53
1 17 68 47 77 30
1 18 1 15 79 17
1 19 3 16 1 56
1 20 20 64 76 6
1 21 60 44 50 25
2 3 62 62 40 61
2 4 27 14 57 42
2 5 26 64 73 78
2 6 52 19 89 33
2 7 99 62 55 70
2 8 40 67 27 87
2 9 81 58 48 34
2 10 89 73 93 35
2 11 84 95 75 38
2 12 58 23 73 78
2 13 6 67 37 79
2 14 27 25 14 69
2 15 66 47 45 66
2 16 66 21 31 43
2 17 9 5 36 40
2 18 22 5 65 17
2 19 31 35 30 27
2 20 58 18 80 32
2 21 26 73 78 65
3 4 97 37 77 31
3 5 97 75 45 48
3 6 75 85 80 77
3 7 36 45 33 8
3 8 17 63 21 29
3 9 99 62 38 49
3 10 89 79 66 97
3 11 87 35 60 92
3 12 40 14 78 19
3 13 31 49 9 34
3 14 45 71 78 49
3 15 94 98 69 61
3 16 32 83 67 34
3 17 29 47 64 8
3 18 38 56 81 40
3 19 57 43 62 64
3 20 54 66 16 74
3 21 39 11 55 59
4 5 67 44 41 89
4 6 13 39 48 51
4 7 43 71 55 82
4 8 3 22 25 36
4 9 56 34 38 39
4 10 61 44 67 34
4 11 51 23 51 87
4 12 20 12 25 70
4 13 83 87 21 82
4 14 20 6 81 67
4 15 29 44 46 15
4 16 3 12 45 59
4 17 59 46 39 85
4 18 19 63 79 34
4 19 82 88 96 93
4 20 99 31 40 70
4 21 60 81 77 26
5 6 96 78 26 36
5 7 71 22 16 28
5 8 93 35 19 97
5 9 45 58 23 59
5 10 27 82 69 29
5 11 43 9 77 21
5 12 67 66 20 31
5 13 79 35 94 43
5 14 58 28 28 56
5 15 18 23 53 74
5 16 96 41 34 69
5 17 44 16 10 68
5 18 91 26 90 43
5 19 39 28 79 39
5 20 3 79 68 14
5 21 32 10 84 46
6 7 91 77 55 44
6 8 88 29 34 23
6 9 37 45 22 63
6 10 32 44 19 29
6 11 63 35 77 67
6 12 70 81 90 88
6 13 48 21 19 39
6 14 36 20 57 33
6 15 93 88 69 62
6 16 89 76 69 50
6 17 18 42 37 64
6 18 90 26 45 19
6 19 56 63 83 48
6 20 8 35 30 18
6 21 56 20 66 68
7 8 52 88 48 22
7 9 36 73 32 30
7 10 18 24 51 53
7 11 49 83 46 82
7 12 44 58 11 32
7 13 0 44 35 27
7 14 48 78 78 87
7 15 91 65 63 39
7 16 19 32 43 68
7 17 95 58 83 72
7 18 74 29 78 90
7 19 28 79 28 21
7 20 54 54 76 35
7 21 64 92 29 30
8 9 20 8 83 51
8 10 56 54 32 53
8 11 90 85 96 65
8 12 60 74 52 17
8 13 59 35 78 21
8 14 64 15 23 56
8 15 20 49 10 21
8 16 81 85 27 82
8 17 73 33 39 59
8 18 4 5 43 77
8 19 78 95 25 51
8 20 60 78 73 85
8 21 25 64 66 32
9 10 91 40 51 31
9 11 21 21 4 4
9 12 75 58 81 23
9 13 20 19 11 26
9 14 34 77 49 56
9 15 21 8 15 61
9 16 71 37 23 87
9 17 42 23 33 51
9 18 20 22 62 76
9 19 51 52 52 57
9 20 77 31 75 93
9 21 24 76 77 33
10 11 18 28 82 81
10 12 42 78 19 75
10 13 77 21 63 53
10 14 68 53 55 29
10 15 84 92 90 39
10 16 80 41 71 63
10 17 10 7 14 24
10 18 88 77 84 37
10 19 70 58 74 30
10 20 34 47 66 62
10 21 87 80 40 22
11 12 11 55 30 65
11 13 96 56 34 68
11 14 11 9 62 17
11 15 97 58 30 92
11 16 14 14 36 32
11 17 45 15 54 45
11 18 75 67 42 68
11 19 80 94 49 31
11 20 88 39 33 69
11 21 74 77 55 30
12 13 14 71 25 12
12 14 74 50 51 67
12 15 25 82 70 38
12 16 21 62 15 50
12 17 73 23 83 85
12 18 14 21 67 25
12 19 70 23 23 57
12 20 39 57 22 25
12 21 35 18 43 8
13 14 79 26 37 22
13 15 7 51 67 71
13 16 42 81 80 31
13 17 42 88 66 83
13 18 54 16 43 62
13 19 64 57 85 72
13 20 47 58 53 78
13 21 88 63 94 61
14 15 37 86 45 57
14 16 24 66 32 20
14 17 13 38 26 63
14 18 49 58 71 77
14 19 45 80 35 19
14 20 39 47 46 68
14 21 35 42 38 42
15 16 60 27 14 71
15 17 48 56 21 18
15 18 4 19 27 37
15 19 37 24 36 38
15 20 48 63 31 57
15 21 38 74 48 15
16 17 72 31 74 62
16 18 84 45 28 94
16 19 98 52 78 82
16 20 91 87 46 64
16 21 32 7 46 78
17 18 50 50 38 72
17 19 0 19 68 58
17 20 17 44 72 58
17 21 1 62 56 55
18 19 39 55 76 57
18 20 0 7 65 39
18 21 34 66 57 71
19 20 96 98 77 46
19 21 84 29 61 51
20 21 82 41 79 22
