25
0 1 29 53 46 30
0 2 35 62 54 70
0 3 56 75 28 61
0 4 8 37 21 28
0 5 22 43 13 67
0 6 78 18 46 87
0 7 40 63 57 28
0 8 80 26 29 77
0 9 16 9 40 6
0 10 84 37 85 88
0 11 93 82 50 46
0 12 43 80 31 53
0 13 11 16 68 69
0 14 71 30 72 46
0 15 17 4 33 25
0 16 45 79 70 44
0 17 98 69 38 44
0 18 17 41 11 25
0 19 26 71 36 23
0 20 47 49 18 82
0 21 31 84 28 62
0 22 97 28 81 58
0 23 34 65 54 44
0 24 41 23 10 81
1 2 72 28 82 40
1 3 14 13 80 53
1 4 48 38 82 32
1 5 1 59 16 27
1 6 55 45 48 63
1 7 76 28 64 54
1 8 16 32 54 24
1 9 10 78 49 63
1 10 79 21 48 30
1 11 25 7 35 82
1 12 45 10 87 38
1 13 23 74 39 26
1 14 30 86 67 63
1 15 70 51 81 93
1 16 91 94 83 98
1 17 57 40 87 45
1 18 2 64 69 57
1 19 24 79 58 81
1 20 2 76 18 53
1 21 18 56 74 66
1 22 68 25 42 55
1 23 98 78 74 52
1 24 71 50 45 27
2 3 77 15 74 84
2 4 25 56 25 18
2 5 75 26 65 93
2 6 62 58 85 49
2 7 4 71 42 72
2 8 50 70 88 22
2 9 42 63 54 85
2 10 40 12 80 63
2 11 62 33 74 72
2 12 57 63 54 17
2 13 1 62 22 65
2 14 60 73 42 54
2 15 5 58 9 55
2 16 34 81 41 46
2 17 19 77 20 18
2 18 2 29 29 66
2 19 53 78 80 40
2 20 54 26 44 18
2 21 28 78 22 18
2 22 14 29 28 11
2 23 63 35 79 22
2 24 41 48 59 14
3 4 44 74 77 57
3 5 28 9 39 21
3 6 51 34 39 62
3 7 92 55 49 70
3 8 52 44 82 78
3 9 51 87 35 41
3 10 52 17 13 43
3 11 17 23 42 25
3 12 25 75 29 75
3 13 18 61 81 23
3 14 32 17 58 10
3 15 22 41 77 24
3 16 84 18 89 91
3 17 20 69 55 47
3 18 25 21 17 61
3 19 0 27 65 65
3 20 44 43 53 64
3 21 94 69 75 37
3 22 70 28 36 33
3 23 14 5 26 27
3 24 3 40 64 9
4 5 72 60 56 87
4 6 46 34 36 53
4 7 75 29 25 56
4 8 15 26 61 69
4 9 6 24 74 59
4 10 88 68 43 37
4 11 66 78 19 65
4 12 60 66 25 14
4 13 14 19 12 42
4 14 60 33 78 18
4 15 1 54 39 44
4 16 86 73 59 65
4 17 74 48 24 50
4 18 51 54 66 74
4 19 6 23 68 72
4 20 69 18 93 54
4 21 4 50 16 13
4 22 36 78 83 47
4 23 30 21 75 27
4 24 41 39 23 74
5 6 59 24 69 34
5 7 7 37 57 28
5 8 31 33 38 86
5 9 93 40 25 77
5 10 44 44 42 76
5 11 62 48 91 57
5 12 37 30 81 60
5 13 5 53 67 54
5 14 49 17 40 89
5 15 39 74 32 19
5 16 36 13 50 64
5 17 93 29 30 19
5 18 36 34 36 79
5 19 50 18 79 13
5 20 12 67 49 33
5 21 26 19 14 53
5 22 46 42 38 76
5 23 53 31 76 88
5 24 37 13 11 86
6 7 9 33 13 19
6 8 46 18 21 19
6 9 95 41 57 80
6 10 68 72 89 75
6 11 79 34 87 45
6 12 48 82 16 14
6 13 52 75 11 11
6 14 1 60 32 70
6 15 8 54 47 72
6 16 93 57 51 73
6 17 0 50 0 40
6 18 95 19 20 85
6 19 16 60 76 38
6 20 97 23 66 46
6 21 34 18 57 11
6 22 25 9 77 52
6 23 79 89 90 63
6 24 69 40 77 30
7 8 76 91 15 37
7 9 24 32 27 16
7 10 26 9 63 45
7 11 32 38 47 18
7 12 60 41 90 33
7 13 94 95 42 31
7 14 83 72 36 62
7 15 95 52 57 46
7 16 4 40 13 40
7 17 63 72 41 21
7 18 68 35 57 28
7 19 59 20 58 18
7 20 19 49 51 79
7 21 88 21 21 61
7 22 18 8 62 59
7 23 54 50 38 78
7 24 47 28 48 85
8 9 22 75 34 69
8 10 15 72 7 51
8 11 35 70 50 45
8 12 41 19 44 25
8 13 11 23 71 24
8 14 98 56 58 40
8 15 91 30 70 51
8 16 40 55 58 19
8 17 35 58 50 79
8 18 81 46 93 18
8 19 94 41 38 54
8 20 80 44 67 54
8 21 52 80 73 64
8 22 64 59 23 42
8 23 66 61 86 71
8 24 32 23 51 32
9 10 40 63 18 80
9 11 29 52 10 30
9 12 63 78 70 89
9 13 27 60 54 16
9 14 34 50 53 74
9 15 90 78 86 63
9 16 61 73 23 74
9 17 16 62 63 45
9 18 72 23 28 21
9 19 81 35 20 93
9 20 61 54 24 32
9 21 41 46 80 49
9 22 31 49 38 50
9 23 84 93 58 41
9 24 94 46 64 27
10 11 84 68 27 90
10 12 54 85 41 14
10 13 42 48 27 11
10 14 56 64 84 48
10 15 97 93 97 62
10 16 68 90 40 50
10 17 55 90 29 61
10 18 5 33 52 36
10 19 11 50 46 78
10 20 6 79 67 2
10 21 98 62 43 80
10 22 93 89 20 83
10 23 24 15 68 27
10 24 71 40 46 75
11 12 85 76 23 41
11 13 23 8 19 51
11 14 57 82 55 58
11 15 70 29 36 46
11 16 63 81 35 66
11 17 26 16 31 72
11 18 95 92 96 45
11 19 2 61 16 46
11 20 4 27 27 34
11 21 75 35 55 75
11 22 34 38 41 80
11 23 5 48 8 8
11 24 41 9 11 43
12 13 25 56 70 46
12 14 64 74 86 41
12 15 98 64 41 54
12 16 27 83 11 40
12 17 77 45 31 53
12 18 22 41 58 10
12 19 20 50 50 35
12 20 61 66 76 29
12 21 45 20 66 38
12 22 3 53 75 46
12 23 23 4 30 19
12 24 50 83 49 49
13 14 61 29 23 64
13 15 15 20 11 24
13 16 66 77 62 66
13 17 58 13 58 43
13 18 18 52 24 78
13 19 21 51 30 21
13 20 12 41 76 69
13 21 9 42 80 11
13 22 12 81 12 37
13 23 24 5 42 11
13 24 39 63 68 35
14 15 37 8 37 41
14 16 20 80 15 70
14 17 45 18 46 55
14 18 11 2 8 41
14 19 34 60 80 39
14 20 8 55 52 16
14 21 97 48 68 53
14 22 28 33 75 9
14 23 57 13 69 25
14 24 27 79 81 19
15 16 15 54 19 20
15 17 82 84 39 35
15 18 15 25 5 69
15 19 38 35 56 48
15 20 12 15 11 25
15 21 36 86 42 59
15 22 52 17 89 67
15 23 91 61 68 97
15 24 48 89 14 85
16 17 64 40 47 44
16 18 23 24 71 26
16 19 64 18 45 18
16 20 44 15 83 27
16 21 74 38 59 38
16 22 25 69 5 55
16 23 64 24 13 18
16 24 16 72 9 64
17 18 71 51 90 19
17 19 2 51 31 71
17 20 20 45 60 49
17 21 39 7 80 54
17 22 65 81 80 86
17 23 58 23 32 16
17 24 70 28 20 83
18 19 24 80 16 37
18 20 51 35 14 71
18 21 58 66 47 20
18 22 59 25 16 44
18 23 71 16 69 77
18 24 9 10 55 72
19 20 23 57 42 4
19 21 17 74 74 45
19 22 64 42 81 65
19 23 9 5 12 9
19 24 7 18 44 35
20 21 12 47 54 40
20 22 7 36 43 44
20 23 77 71 78 57
20 24 33 12 13 75
21 22 89 23 22 70
21 23 18 28 33 82
21 24 30 48 62 8
22 23 0 0 69 70
22 24 56 70 27 70
23 24 46 81 39 13
