27
0 1 2 36 15 22
0 2 1 42 9 24
0 3 50 44 70 73
0 4 83 55 87 64
0 5 7 31 49 29
0 6 26 34 57 51
0 7 41 30 21 53
0 8 79 59 72 56
0 9 12 42 47 38
0 10 48 57 73 48
0 11 71 74 52 61
0 12 31 49 22 59
0 13 2 23 20 17
0 14 89 53 66 72
0 15 9 33 48 53
0 16 8 53 9 42
0 17 52 57 55 68
0 18 43 45 46 29
0 19 14 53 28 30
0 20 89 44 56 60
0 21 35 20 37 31
0 22 40 41 56 48
0 23 45 25 33 26
0 24 72 83 51 45
0 25 93 46 75 67
0 26 39 29 29 28
1 2 4 7 6 29
1 3 40 21 45 26
1 4 41 54 60 61
1 5 77 83 71 88
1 6 91 85 72 82
1 7 88 83 59 79
1 8 40 41 43 41
1 9 66 38 56 73
1 10 40 59 48 37
1 11 19 15 49 25
1 12 97 93 77 68
1 13 22 45 29 27
1 14 36 19 23 45
1 15 91 61 77 75
1 16 87 82 75 63
1 17 41 56 28 32
1 18 99 52 94 78
1 19 55 47 50 38
1 20 37 63 47 41
1 21 41 53 21 33
1 22 68 59 45 57
1 23 32 36 43 32
1 24 18 10 51 14
1 25 84 89 48 64
1 26 72 75 73 59
2 3 5 30 32 34
2 4 29 24 22 38
2 5 35 22 52 31
2 6 12 44 53 24
2 7 38 52 48 23
2 8 36 41 32 46
2 9 10 34 44 47
2 10 90 67 87 92
2 11 53 48 63 42
2 12 64 61 73 74
2 13 10 50 34 13
2 14 72 52 79 77
2 15 39 31 67 23
2 16 38 49 43 45
2 17 70 78 46 59
2 18 73 43 74 63
2 19 26 19 21 52
2 20 58 65 51 79
2 21 13 33 48 15
2 22 22 53 56 25
2 23 36 55 43 50
2 24 67 80 46 64
2 25 60 60 79 40
2 26 66 64 66 37
3 4 17 39 54 37
3 5 82 77 79 85
3 6 2 50 40 17
3 7 55 76 39 54
3 8 84 43 54 53
3 9 31 22 62 24
3 10 41 35 44 43
3 11 60 66 54 46
3 12 56 64 71 42
3 13 23 61 48 54
3 14 36 35 36 37
3 15 33 48 59 44
3 16 74 74 44 80
3 17 46 44 25 41
3 18 37 67 28 30
3 19 89 88 66 74
3 20 80 58 87 86
3 21 59 68 55 73
3 22 93 71 86 70
3 23 20 20 29 43
3 24 35 30 39 24
3 25 99 60 80 90
3 26 26 48 54 51
4 5 24 51 51 23
4 6 83 44 87 57
4 7 94 74 54 85
4 8 95 76 88 83
4 9 29 62 47 64
4 10 92 57 73 94
4 11 93 64 95 51
4 12 68 50 78 37
4 13 42 39 47 52
4 14 38 49 36 42
4 15 42 46 70 52
4 16 91 69 54 65
4 17 43 49 47 32
4 18 9 9 36 10
4 19 59 75 30 45
4 20 91 54 50 81
4 21 44 30 44 28
4 22 13 39 49 13
4 23 99 86 98 89
4 24 90 70 62 86
4 25 11 32 43 19
4 26 59 59 71 30
5 6 38 27 25 20
5 7 69 45 76 70
5 8 99 72 59 58
5 9 9 32 19 19
5 10 8 38 21 8
5 11 5 48 10 19
5 12 36 23 48 31
5 13 80 68 43 80
5 14 29 39 34 18
5 15 52 68 67 42
5 16 33 58 20 42
5 17 5 14 34 46
5 18 14 41 24 52
5 19 50 66 55 34
5 20 86 44 50 90
5 21 53 75 61 40
5 22 66 53 80 64
5 23 19 36 52 53
5 24 91 79 92 95
5 25 57 75 55 71
5 26 45 44 39 70
6 7 22 40 55 33
6 8 48 70 50 44
6 9 90 66 57 84
6 10 55 59 49 55
6 11 45 48 63 45
6 12 41 40 35 53
6 13 44 34 67 67
6 14 31 50 55 62
6 15 69 84 80 39
6 16 46 25 66 68
6 17 12 34 43 54
6 18 31 59 65 53
6 19 53 42 74 42
6 20 75 58 79 60
6 21 37 21 33 42
6 22 91 46 49 92
6 23 84 57 50 82
6 24 58 78 68 40
6 25 21 52 23 33
6 26 93 76 76 73
7 8 5 51 9 20
7 9 42 23 40 54
7 10 76 86 54 77
7 11 85 50 85 51
7 12 91 52 47 48
7 13 67 63 56 61
7 14 32 29 41 43
7 15 36 26 46 43
7 16 86 84 74 86
7 17 17 49 31 9
7 18 17 32 53 18
7 19 82 49 44 56
7 20 98 84 52 89
7 21 9 20 18 27
7 22 53 53 67 56
7 23 45 27 34 35
7 24 39 23 55 39
7 25 28 18 57 22
7 26 18 53 34 23
8 9 65 41 73 48
8 10 14 53 48 9
8 11 9 33 22 10
8 12 2 37 37 2
8 13 47 57 47 42
8 14 63 72 48 48
8 15 99 80 78 62
8 16 47 54 32 30
8 17 11 47 7 48
8 18 96 49 61 63
8 19 80 82 70 87
8 20 37 35 63 52
8 21 43 48 43 50
8 22 7 49 48 44
8 23 28 38 29 17
8 24 57 35 52 74
8 25 84 63 43 46
8 26 8 4 10 33
9 10 56 32 29 76
9 11 30 60 46 61
9 12 29 23 30 29
9 13 30 33 41 53
9 14 80 47 80 70
9 15 54 48 75 34
9 16 16 47 38 18
9 17 56 52 55 46
9 18 16 13 19 24
9 19 16 19 22 47
9 20 34 49 47 66
9 21 40 30 48 24
9 22 22 38 25 45
9 23 98 56 85 52
9 24 85 57 51 50
9 25 84 50 82 73
9 26 73 60 42 53
10 11 22 18 46 44
10 12 83 61 51 44
10 13 27 53 17 29
10 14 48 33 39 44
10 15 18 47 12 18
10 16 25 13 45 17
10 17 95 55 69 81
10 18 98 55 72 56
10 19 45 69 26 46
10 20 70 44 67 59
10 21 61 35 71 35
10 22 71 56 68 65
10 23 36 22 51 54
10 24 18 21 53 55
10 25 5 5 42 21
10 26 18 35 34 49
11 12 30 59 29 28
11 13 75 39 52 83
11 14 19 52 44 11
11 15 99 69 88 72
11 16 57 71 69 39
11 17 7 29 38 48
11 18 82 81 68 72
11 19 50 55 43 66
11 20 82 47 63 58
11 21 74 83 85 45
11 22 33 31 51 46
11 23 48 38 42 37
11 24 51 46 66 32
11 25 75 63 68 70
11 26 18 10 16 17
12 13 7 7 48 15
12 14 4 27 3 49
12 15 59 38 43 75
12 16 66 62 65 67
12 17 0 23 1 41
12 18 70 55 63 52
12 19 6 22 15 52
12 20 92 92 71 81
12 21 32 61 57 31
12 22 55 51 76 53
12 23 4 18 5 8
12 24 35 24 21 64
12 25 86 75 86 55
12 26 34 65 59 37
13 14 61 50 73 36
13 15 56 66 43 48
13 16 26 36 26 46
13 17 16 12 43 23
13 18 9 14 29 38
13 19 71 58 52 55
13 20 74 72 80 58
13 21 18 22 26 55
13 22 72 67 83 73
13 23 90 92 47 47
13 24 24 40 48 12
13 25 19 38 56 53
13 26 17 48 34 16
14 15 91 76 61 81
14 16 26 29 54 50
14 17 11 18 31 13
14 18 87 58 65 44
14 19 14 48 17 54
14 20 95 80 71 54
14 21 68 53 62 62
14 22 14 11 46 30
14 23 68 59 56 81
14 24 72 80 75 83
14 25 58 38 32 52
14 26 0 19 1 21
15 16 48 55 36 74
15 17 64 79 43 55
15 18 9 5 18 5
15 19 32 42 40 53
15 20 95 57 59 57
15 21 7 13 26 26
15 22 63 53 35 46
15 23 30 49 36 16
15 24 16 22 57 19
15 25 52 46 53 43
15 26 18 44 22 20
16 17 29 63 31 33
16 18 48 44 38 29
16 19 40 36 61 58
16 20 74 40 78 80
16 21 9 22 18 29
16 22 81 71 57 41
16 23 78 45 44 67
16 24 45 64 71 44
16 25 61 34 70 58
16 26 5 25 3 23
17 18 33 38 19 34
17 19 68 48 72 67
17 20 49 38 59 70
17 21 99 97 52 97
17 22 87 70 72 76
17 23 5 11 4 49
17 24 47 54 68 46
17 25 18 11 22 39
17 26 34 38 47 31
18 19 39 26 33 49
18 20 39 43 29 65
18 21 37 20 66 25
18 22 38 20 56 67
18 23 70 51 41 46
18 24 18 16 56 22
18 25 48 56 24 38
18 26 91 74 53 70
19 20 14 8 44 56
19 21 23 24 14 61
19 22 76 74 61 60
19 23 4 39 51 33
19 24 64 50 34 73
19 25 40 30 69 43
19 26 84 65 59 88
20 21 37 20 39 53
20 22 16 17 53 48
20 23 72 67 78 80
20 24 67 38 52 55
20 25 59 30 40 64
20 26 76 43 74 81
21 22 25 46 26 40
21 23 17 55 43 42
21 24 68 46 81 52
21 25 46 32 66 44
21 26 17 11 30 43
22 23 59 67 61 70
22 24 67 83 73 42
22 25 46 70 40 52
22 26 5 19 8 44
23 24 91 72 76 77
23 25 50 72 50 64
23 26 58 49 46 29
24 25 64 53 71 34
24 26 35 57 45 62
25 26 33 42 36 42
