27
0 1 80 23 57 39
0 2 92 77 91 20
0 3 1 5 3 71
0 4 71 25 68 26
0 5 37 81 62 8
0 6 42 63 14 51
0 7 67 52 22 55
0 8 70 86 49 60
0 9 47 14 86 48
0 10 30 85 7 43
0 11 82 50 95 63
0 12 74 64 52 89
0 13 17 44 62 23
0 14 40 68 87 65
0 15 94 79 61 48
0 16 2 22 75 31
0 17 92 54 71 88
0 18 81 46 82 93
0 19 62 66 58 65
0 20 20 20 56 43
0 21 19 34 25 35
0 22 78 16 36 88
0 23 12 71 52 54
0 24 40 74 30 81
0 25 77 21 56 51
0 26 47 62 16 15
1 2 29 19 26 52
1 3 75 74 38 24
1 4 87 33 84 32
1 5 69 25 88 36
1 6 69 42 87 70
1 7 32 69 79 36
1 8 24 84 67 75
1 9 24 60 24 49
1 10 39 26 29 44
1 11 29 26 42 74
1 12 90 20 45 47
1 13 89 56 35 54
1 14 8 33 15 19
1 15 11 67 54 43
1 16 40 77 61 66
1 17 66 24 46 24
1 18 72 86 81 65
1 19 33 80 34 80
1 20 61 87 84 65
1 21 15 74 6 28
1 22 7 38 24 65
1 23 11 77 17 6
1 24 93 88 26 35
1 25 62 16 30 28
1 26 45 10 29 61
2 3 92 95 90 78
2 4 44 64 78 86
2 5 54 30 49 89
2 6 56 73 37 73
2 7 83 91 75 24
2 8 29 34 41 50
2 9 85 58 81 33
2 10 63 31 56 43
2 11 44 18 42 50
2 12 64 19 52 25
2 13 12 11 68 27
2 14 25 83 59 41
2 15 47 61 42 57
2 16 34 37 42 84
2 17 12 18 42 51
2 18 65 28 28 21
2 19 98 24 85 74
2 20 84 80 18 49
2 21 8 37 38 60
2 22 10 70 29 15
2 23 92 40 97 43
2 24 62 22 83 78
2 25 73 88 52 53
2 26 14 22 72 82
3 4 6 15 24 5
3 5 38 58 84 66
3 6 67 59 33 44
3 7 55 61 74 88
3 8 32 83 67 62
3 9 93 46 55 45
3 10 99 27 22 63
3 11 43 36 82 76
3 12 42 73 61 54
3 13 84 78 24 52
3 14 88 75 96 35
3 15 91 32 53 72
3 16 97 60 94 53
3 17 20 31 30 76
3 18 14 5 46 78
3 19 6 23 73 54
3 20 93 31 36 70
3 21 42 30 71 21
3 22 92 38 47 54
3 23 36 7 63 63
3 24 21 73 66 41
3 25 11 27 22 35
3 26 7 8 34 39
4 5 45 55 70 39
4 6 93 32 63 70
4 7 67 39 90 66
4 8 42 67 52 28
4 9 28 23 29 23
4 10 94 91 76 60
4 11 55 37 25 50
4 12 56 37 13 70
4 13 6 2 73 37
4 14 20 70 40 42
4 15 53 48 81 37
4 16 40 61 68 86
4 17 44 66 23 14
4 18 44 87 56 16
4 19 28 79 44 82
4 20 80 46 40 48
4 21 90 52 88 92
4 22 41 19 11 27
4 23 12 55 26 51
4 24 43 54 64 30
4 25 80 30 66 58
4 26 2 77 26 28
5 6 28 78 20 13
5 7 2 38 23 12
5 8 82 49 34 70
5 9 81 39 94 67
5 10 31 22 33 46
5 11 93 91 95 41
5 12 34 41 22 79
5 13 17 49 72 10
5 14 69 58 89 78
5 15 18 68 72 46
5 16 63 72 40 59
5 17 91 97 55 54
5 18 80 92 32 35
5 19 46 44 14 18
5 20 59 85 68 60
5 21 71 69 91 83
5 22 1 7 46 27
5 23 74 88 75 89
5 24 38 73 80 39
5 25 23 27 10 67
5 26 79 43 81 80
6 7 79 18 30 86
6 8 14 17 26 22
6 9 22 72 19 60
6 10 47 88 45 46
6 11 72 26 65 56
6 12 91 91 52 81
6 13 55 54 31 41
6 14 11 16 8 8
6 15 94 95 45 51
6 16 62 42 26 75
6 17 80 49 65 61
6 18 72 39 16 71
6 19 80 66 79 39
6 20 92 34 57 55
6 21 69 80 70 88
6 22 64 53 48 44
6 23 6 66 38 65
6 24 64 53 18 57
6 25 89 50 71 54
6 26 76 17 85 24
7 8 87 18 27 89
7 9 82 39 33 57
7 10 42 53 27 84
7 11 86 17 91 55
7 12 62 19 62 34
7 13 1 50 76 52
7 14 47 62 56 40
7 15 69 48 92 61
7 16 82 66 17 17
7 17 23 28 55 41
7 18 18 27 62 21
7 19 65 84 92 90
7 20 94 53 62 67
7 21 8 34 29 64
7 22 57 77 26 68
7 23 9 81 80 37
7 24 94 57 29 85
7 25 83 91 18 65
7 26 24 76 7 68
8 9 54 50 39 66
8 10 24 24 63 41
8 11 20 14 52 6
8 12 15 35 30 52
8 13 24 77 82 62
8 14 21 77 68 70
8 15 7 11 63 29
8 16 75 65 25 42
8 17 7 19 75 45
8 18 78 77 94 37
8 19 57 46 29 14
8 20 10 51 59 11
8 21 18 39 57 20
8 22 18 70 50 5
8 23 13 60 53 57
8 24 83 44 26 24
8 25 18 20 81 68
8 26 28 37 33 27
9 10 45 65 22 36
9 11 94 31 91 87
9 12 57 31 30 56
9 13 46 79 46 40
9 14 35 20 10 63
9 15 58 23 38 64
9 16 13 43 7 23
9 17 40 23 33 73
9 18 42 14 42 24
9 19 6 1 62 48
9 20 84 76 76 84
9 21 37 40 20 73
9 22 2 51 21 49
9 23 62 19 61 66
9 24 75 76 80 78
9 25 11 53 66 53
9 26 26 82 60 15
10 11 86 18 19 64
10 12 18 64 48 65
10 13 74 60 80 69
10 14 24 69 49 12
10 15 50 71 52 15
10 16 1 41 75 34
10 17 0 12 69 64
10 18 37 86 42 52
10 19 23 82 79 49
10 20 93 19 47 53
10 21 17 54 34 6
10 22 94 80 58 21
10 23 13 39 51 47
10 24 10 51 62 81
10 25 78 51 22 61
10 26 4 44 35 28
11 12 14 53 33 17
11 13 45 18 13 25
11 14 37 70 29 42
11 15 28 57 28 32
11 16 55 77 56 90
11 17 35 22 73 32
11 18 52 12 26 53
11 19 5 49 29 13
11 20 71 55 89 93
11 21 99 97 24 66
11 22 52 29 63 88
11 23 91 56 66 45
11 24 49 50 25 69
11 25 48 68 62 83
11 26 18 43 7 13
12 13 21 15 44 48
12 14 21 27 74 7
12 15 36 31 40 60
12 16 46 56 58 64
12 17 12 36 14 61
12 18 70 77 79 29
12 19 37 26 12 24
12 20 2 3 43 34
12 21 28 24 84 76
12 22 65 62 59 42
12 23 78 19 46 91
12 24 10 22 48 17
12 25 23 75 75 7
12 26 71 26 34 24
13 14 64 52 75 29
13 15 78 35 84 54
13 16 89 83 21 83
13 17 66 76 25 83
13 18 17 63 81 53
13 19 50 84 19 57
13 20 47 41 79 69
13 21 64 58 92 25
13 22 67 70 45 26
13 23 15 5 75 5
13 24 57 46 33 34
13 25 20 7 27 38
13 26 39 80 77 11
14 15 94 82 35 28
14 16 40 75 64 46
14 17 87 75 68 94
14 18 69 51 59 60
14 19 89 54 46 95
14 20 86 29 38 67
14 21 89 46 44 91
14 22 61 21 33 67
14 23 61 74 19 38
14 24 10 30 22 52
14 25 96 39 35 84
14 26 93 40 82 24
15 16 5 31 11 34
15 17 55 71 80 76
15 18 21 8 51 45
15 19 78 81 83 45
15 20 26 50 60 6
15 21 11 48 65 28
15 22 30 6 35 74
15 23 46 78 31 10
15 24 12 51 8 13
15 25 23 72 79 43
15 26 44 63 9 37
16 17 25 6 26 6
16 18 91 95 33 75
16 19 46 43 40 47
16 20 8 44 49 53
16 21 18 21 3 49
16 22 47 44 35 66
16 23 94 93 87 63
16 24 94 52 37 36
16 25 74 89 35 40
16 26 47 28 41 62
17 18 54 81 87 86
17 19 63 53 33 28
17 20 2 47 36 12
17 21 58 54 68 11
17 22 61 39 89 26
17 23 83 34 70 54
17 24 83 83 63 82
17 25 27 32 31 9
17 26 77 91 47 77
18 19 13 34 40 24
18 20 41 68 51 53
18 21 25 75 81 60
18 22 26 33 63 63
18 23 66 13 21 84
18 24 85 48 69 36
18 25 40 22 12 40
18 26 81 32 18 61
19 20 40 25 25 82
19 21 36 73 77 27
19 22 7 41 60 36
19 23 36 60 68 37
19 24 47 64 13 11
19 25 47 16 37 51
19 26 5 19 77 16
20 21 37 18 57 83
20 22 76 62 85 50
20 23 66 56 54 14
20 24 31 45 73 26
20 25 58 55 64 79
20 26 56 75 84 74
21 22 60 24 18 36
21 23 85 42 57 78
21 24 70 52 57 64
21 25 39 85 81 59
21 26 67 87 26 75
22 23 50 87 89 28
22 24 1 37 13 40
22 25 75 44 48 59
22 26 0 55 44 1
23 24 78 75 61 29
23 25 13 35 60 77
23 26 11 7 18 41
24 25 75 59 50 72
24 26 22 28 68 56
25 26 73 92 56 56
