30
0 1 67 52 71 51
0 2 78 60 67 42
0 3 44 26 71 56
0 4 66 40 53 64
0 5 13 38 26 47
0 6 72 84 71 53
0 7 53 56 40 27
0 8 41 53 41 62
0 9 37 67 58 51
0 10 78 88 76 64
0 11 89 61 88 80
0 12 20 45 24 53
0 13 60 64 36 67
0 14 34 61 35 58
0 15 74 78 45 60
0 16 45 35 47 55
0 17 43 21 54 46
0 18 6 41 34 41
0 19 50 54 31 72
0 20 42 22 38 32
0 21 30 19 16 59
0 22 25 17 60 55
0 23 14 38 14 9
0 24 44 27 49 28
0 25 37 51 29 33
0 26 53 46 57 53
0 27 13 52 56 8
0 28 69 38 79 59
0 29 85 87 84 90
1 2 26 29 31 52
1 3 49 66 72 72
1 4 90 91 68 51
1 5 86 87 88 92
1 6 46 70 25 35
1 7 19 32 43 26
1 8 26 43 17 18
1 9 91 83 74 83
1 10 94 84 84 68
1 11 42 62 54 54
1 12 66 42 39 56
1 13 58 75 73 47
1 14 91 50 83 63
1 15 0 35 21 26
1 16 48 58 41 47
1 17 7 33 8 32
1 18 57 42 55 62
1 19 57 69 56 53
1 20 24 35 59 15
1 21 19 59 28 58
1 22 8 31 44 33
1 23 69 47 53 81
1 24 33 20 47 49
1 25 9 35 48 44
1 26 0 37 11 44
1 27 17 11 55 29
1 28 12 31 47 30
1 29 85 76 65 61
2 3 83 46 69 89
2 4 67 41 58 76
2 5 89 91 57 81
2 6 13 18 19 55
2 7 59 49 61 61
2 8 39 40 50 67
2 9 24 21 48 41
2 10 93 87 74 70
2 11 60 55 40 71
2 12 85 45 54 75
2 13 76 57 73 59
2 14 83 74 46 45
2 15 89 92 75 52
2 16 82 74 73 42
2 17 83 60 60 82
2 18 64 37 37 63
2 19 56 51 58 77
2 20 43 63 21 23
2 21 29 61 54 21
2 22 82 57 41 42
2 23 76 58 69 83
2 24 45 28 51 44
2 25 13 33 50 45
2 26 33 49 25 26
2 27 64 71 32 75
2 28 23 23 42 51
2 29 38 26 51 20
3 4 2 13 6 13
3 5 46 51 42 61
3 6 19 28 45 38
3 7 67 76 36 43
3 8 12 44 6 18
3 9 78 64 71 55
3 10 52 73 44 55
3 11 68 66 34 48
3 12 85 92 51 71
3 13 61 39 66 72
3 14 72 36 44 85
3 15 91 74 48 47
3 16 87 77 89 50
3 17 47 27 60 61
3 18 88 72 93 47
3 19 64 36 81 53
3 20 85 71 46 79
3 21 67 63 77 52
3 22 21 16 17 17
3 23 70 74 59 37
3 24 0 27 46 10
3 25 68 58 45 72
3 26 32 21 20 25
3 27 52 42 40 65
3 28 46 35 29 40
3 29 59 78 41 71
4 5 9 25 42 53
4 6 31 26 62 42
4 7 32 57 37 47
4 8 90 55 56 90
4 9 7 17 10 13
4 10 24 23 38 46
4 11 94 83 50 73
4 12 99 83 50 64
4 13 53 46 76 32
4 14 72 52 39 74
4 15 92 94 69 68
4 16 90 65 52 90
4 17 70 54 83 39
4 18 89 54 60 84
4 19 25 40 61 36
4 20 99 79 96 94
4 21 58 69 63 67
4 22 26 28 28 57
4 23 75 53 40 67
4 24 82 60 88 48
4 25 76 76 45 79
4 26 4 31 34 15
4 27 64 63 70 67
4 28 43 31 61 48
4 29 49 69 51 65
5 6 75 69 74 59
5 7 75 48 75 42
5 8 6 23 42 47
5 9 14 11 10 55
5 10 92 84 59 59
5 11 93 57 66 73
5 12 73 39 50 69
5 13 0 26 37 45
5 14 35 60 29 19
5 15 98 63 67 58
5 16 46 30 43 48
5 17 65 65 70 77
5 18 0 40 4 9
5 19 35 57 57 48
5 20 83 87 60 54
5 21 45 35 28 67
5 22 27 53 27 55
5 23 27 31 37 63
5 24 63 51 31 37
5 25 25 43 56 17
5 26 49 34 31 48
5 27 16 50 11 35
5 28 91 71 50 70
5 29 82 46 42 46
6 7 67 43 51 35
6 8 99 49 93 90
6 9 58 71 68 53
6 10 40 46 52 37
6 11 25 35 52 40
6 12 86 66 75 67
6 13 0 9 36 27
6 14 2 22 26 42
6 15 32 17 62 28
6 16 42 30 30 42
6 17 92 66 83 84
6 18 92 86 75 62
6 19 16 32 8 35
6 20 82 51 84 80
6 21 38 26 59 50
6 22 8 48 9 5
6 23 95 64 69 57
6 24 9 46 21 25
6 25 4 8 18 45
6 26 93 47 96 72
6 27 79 89 57 42
6 28 38 32 20 34
6 29 26 24 60 19
7 8 21 23 34 40
7 9 2 31 33 12
7 10 58 43 49 42
7 11 15 11 20 14
7 12 37 55 55 62
7 13 49 72 63 41
7 14 87 46 90 58
7 15 4 49 18 11
7 16 82 75 88 86
7 17 34 55 46 33
7 18 72 43 38 59
7 19 75 75 67 37
7 20 51 66 44 64
7 21 16 41 19 42
7 22 71 78 82 61
7 23 76 60 40 55
7 24 11 38 27 6
7 25 39 31 27 46
7 26 26 48 37 48
7 27 91 82 83 75
7 28 45 34 43 52
7 29 29 43 22 45
8 9 38 52 52 60
8 10 36 44 33 66
8 11 92 75 64 47
8 12 44 50 54 36
8 13 97 90 88 73
8 14 91 54 56 56
8 15 97 60 81 80
8 16 57 59 75 34
8 17 14 27 14 44
8 18 30 27 27 52
8 19 8 28 31 5
8 20 39 50 30 69
8 21 42 27 58 63
8 22 20 39 20 53
8 23 9 34 11 35
8 24 80 60 66 60
8 25 62 52 38 40
8 26 20 27 19 57
8 27 18 18 34 45
8 28 72 78 84 43
8 29 99 97 79 91
9 10 88 75 89 81
9 11 42 36 51 24
9 12 20 26 60 23
9 13 93 76 77 58
9 14 39 39 47 53
9 15 94 93 73 47
9 16 27 17 34 28
9 17 17 12 30 35
9 18 34 27 34 42
9 19 43 56 39 65
9 20 38 26 24 40
9 21 99 88 74 81
9 22 14 23 15 37
9 23 97 79 73 93
9 24 31 54 31 49
9 25 18 21 19 25
9 26 60 39 55 49
9 27 68 70 75 57
9 28 63 78 61 40
9 29 56 52 40 76
10 11 9 22 32 18
10 12 14 15 52 44
10 13 42 32 50 46
10 14 35 59 55 26
10 15 98 59 95 54
10 16 95 78 56 95
10 17 45 58 70 71
10 18 6 52 21 37
10 19 80 65 52 43
10 20 33 58 47 32
10 21 86 76 47 73
10 22 74 58 67 68
10 23 51 36 50 48
10 24 51 75 35 47
10 25 81 79 72 90
10 26 13 26 22 48
10 27 59 77 58 64
10 28 14 19 25 19
10 29 87 85 53 59
11 12 90 79 87 47
11 13 4 12 35 45
11 14 47 52 45 41
11 15 40 65 37 69
11 16 91 78 52 91
11 17 40 64 49 47
11 18 48 69 25 34
11 19 7 50 49 9
11 20 12 49 10 9
11 21 57 35 53 42
11 22 16 20 51 18
11 23 67 54 58 53
11 24 83 42 88 66
11 25 70 81 47 66
11 26 51 33 73 59
11 27 63 33 79 58
11 28 91 77 92 52
11 29 74 80 43 80
12 13 23 61 41 25
12 14 9 10 40 30
12 15 35 40 18 43
12 16 85 49 83 66
12 17 37 24 38 34
12 18 40 65 38 39
12 19 71 53 62 52
12 20 6 19 17 40
12 21 8 15 43 27
12 22 79 75 53 82
12 23 70 37 59 72
12 24 13 11 22 28
12 25 80 49 45 73
12 26 39 54 57 54
12 27 96 71 93 75
12 28 86 82 48 73
12 29 16 25 12 54
13 14 61 51 70 50
13 15 10 15 40 48
13 16 24 58 59 34
13 17 68 51 68 79
13 18 18 50 50 14
13 19 21 36 56 45
13 20 24 40 14 52
13 21 80 47 60 56
13 22 55 49 57 66
13 23 83 57 65 75
13 24 84 48 73 52
13 25 14 27 37 21
13 26 38 63 58 61
13 27 77 70 71 80
13 28 35 43 18 35
13 29 20 57 23 42
14 15 68 40 36 58
14 16 47 30 50 27
14 17 39 31 59 21
14 18 57 59 78 50
14 19 45 37 44 53
14 20 1 20 27 44
14 21 13 16 19 24
14 22 9 35 5 41
14 23 97 88 55 87
14 24 86 88 47 58
14 25 90 67 92 84
14 26 37 65 31 47
14 27 50 35 53 27
14 28 87 80 58 84
14 29 27 38 32 33
15 16 12 50 13 6
15 17 21 39 28 40
15 18 43 49 51 45
15 19 63 39 60 59
15 20 38 52 61 44
15 21 38 19 57 36
15 22 80 51 85 78
15 23 3 41 29 41
15 24 25 20 17 41
15 25 49 53 27 37
15 26 37 64 47 33
15 27 97 50 80 91
15 28 37 50 23 36
15 29 60 66 53 79
16 17 94 60 72 59
16 18 15 55 48 36
16 19 88 90 75 91
16 20 5 23 28 8
16 21 9 11 52 38
16 22 92 92 68 65
16 23 73 52 63 39
16 24 31 21 31 40
16 25 41 65 63 59
16 26 59 32 49 39
16 27 31 60 45 57
16 28 26 24 55 62
16 29 7 53 9 28
17 18 43 60 46 60
17 19 22 40 16 51
17 20 99 67 87 95
17 21 18 54 44 15
17 22 15 13 12 16
17 23 83 71 67 82
17 24 81 70 77 67
17 25 95 95 61 62
17 26 85 63 92 82
17 27 81 59 65 47
17 28 3 18 28 10
17 29 54 69 44 36
18 19 75 63 43 47
18 20 76 58 71 69
18 21 33 18 26 36
18 22 71 82 41 41
18 23 8 39 41 17
18 24 28 40 58 55
18 25 8 7 15 49
18 26 18 34 12 38
18 27 64 80 41 71
18 28 15 32 43 45
18 29 18 30 33 51
19 20 58 42 31 71
19 21 75 41 42 65
19 22 44 64 25 48
19 23 29 53 41 20
19 24 8 40 41 18
19 25 39 41 64 58
19 26 59 37 34 70
19 27 69 76 40 71
19 28 84 61 52 52
19 29 7 29 29 13
20 21 82 61 44 77
20 22 68 61 53 50
20 23 2 5 3 45
20 24 47 39 41 48
20 25 33 57 23 55
20 26 58 54 75 38
20 27 9 5 53 54
20 28 82 85 80 87
20 29 85 46 72 59
21 22 91 48 95 51
21 23 84 77 91 65
21 24 90 68 68 71
21 25 62 78 41 73
21 26 77 63 79 59
21 27 60 78 78 45
21 28 90 81 93 56
21 29 0 10 33 22
22 23 91 90 83 61
22 24 12 45 45 26
22 25 49 63 34 54
22 26 53 33 29 47
22 27 19 28 10 14
22 28 49 54 64 41
22 29 13 44 36 32
23 24 75 68 47 42
23 25 50 74 51 70
23 26 5 11 23 23
23 27 71 73 83 48
23 28 7 15 33 25
23 29 83 90 66 67
24 25 7 50 40 45
24 26 63 35 33 51
24 27 85 84 55 48
24 28 69 81 76 38
24 29 69 37 83 82
25 26 44 61 32 36
25 27 53 66 56 59
25 28 67 56 47 36
25 29 11 49 45 45
26 27 53 64 69 53
26 28 29 27 31 44
26 29 49 36 71 36
27 28 30 51 30 34
27 29 95 93 65 60
28 29 0 11 2 27
