30
0 1 88 80 76 82
0 2 87 75 89 85
0 3 92 87 79 89
0 4 76 79 71 71
0 5 31 30 38 28
0 6 52 57 50 46
0 7 22 25 22 31
0 8 43 43 46 39
0 9 42 36 44 50
0 10 81 72 71 82
0 11 2 13 3 12
0 12 40 41 46 42
0 13 92 80 91 86
0 14 95 88 90 89
0 15 5 5 18 14
0 16 64 57 62 55
0 17 66 57 62 57
0 18 4 11 15 5
0 19 80 69 71 83
0 20 46 49 47 48
0 21 3 9 4 12
0 22 5 13 13 11
0 23 62 67 53 58
0 24 62 58 56 62
0 25 51 53 53 53
0 26 5 8 11 14
0 27 29 30 30 30
0 28 32 39 37 34
0 29 88 80 89 89
1 2 15 19 24 18
1 3 66 59 59 70
1 4 91 87 77 83
1 5 35 39 36 33
1 6 7 18 14 16
1 7 65 57 63 61
1 8 61 58 58 65
1 9 20 32 25 30
1 10 31 38 28 30
1 11 91 85 88 92
1 12 36 37 41 42
1 13 56 57 56 58
1 14 21 25 25 19
1 15 85 84 83 77
1 16 72 67 64 68
1 17 94 83 83 85
1 18 63 57 57 64
1 19 68 63 72 67
1 20 34 31 44 38
1 21 56 57 56 55
1 22 68 67 72 64
1 23 47 43 48 53
1 24 96 90 87 86
1 25 24 31 35 25
1 26 10 18 13 15
1 27 27 32 28 37
1 28 28 26 35 27
1 29 82 84 84 83
2 3 89 81 90 88
2 4 29 26 27 35
2 5 98 89 97 95
2 6 28 31 26 33
2 7 69 66 60 70
2 8 72 66 62 73
2 9 63 68 64 68
2 10 11 13 13 13
2 11 18 18 23 27
2 12 86 81 86 76
2 13 57 54 63 49
2 14 33 30 37 42
2 15 63 58 60 56
2 16 22 24 31 21
2 17 34 38 35 35
2 18 17 29 28 29
2 19 8 20 11 10
2 20 63 63 68 68
2 21 58 52 58 50
2 22 43 37 44 43
2 23 91 84 88 79
2 24 91 86 83 87
2 25 8 17 10 10
2 26 82 74 75 71
2 27 32 42 28 33
2 28 37 46 32 33
2 29 8 12 19 8
3 4 29 36 35 30
3 5 67 67 60 67
3 6 51 47 50 50
3 7 7 14 10 11
3 8 15 22 18 25
3 9 72 62 74 72
3 10 30 28 38 38
3 11 88 76 84 81
3 12 74 67 78 73
3 13 30 40 28 36
3 14 37 45 43 35
3 15 27 29 32 29
3 16 56 57 56 57
3 17 13 23 15 15
3 18 12 11 14 17
3 19 8 19 7 18
3 20 20 19 32 25
3 21 16 18 27 15
3 22 29 34 38 39
3 23 32 34 36 29
3 24 9 13 11 15
3 25 63 59 63 60
3 26 15 26 25 13
3 27 50 44 49 52
3 28 25 29 32 34
3 29 97 84 90 93
4 5 34 32 31 29
4 6 35 31 33 32
4 7 67 57 66 62
4 8 52 44 55 51
4 9 49 45 42 46
4 10 53 55 58 58
4 11 29 29 31 25
4 12 38 41 35 43
4 13 9 11 18 12
4 14 27 36 33 25
4 15 4 7 17 13
4 16 0 6 13 10
4 17 26 35 27 37
4 18 78 71 72 67
4 19 57 60 54 63
4 20 7 11 12 17
4 21 90 78 80 80
4 22 89 80 76 89
4 23 18 18 22 20
4 24 39 38 42 36
4 25 40 41 41 45
4 26 54 53 54 53
4 27 94 81 85 81
4 28 44 47 38 47
4 29 5 5 9 6
5 6 39 39 41 44
5 7 1 4 7 8
5 8 45 53 41 40
5 9 47 47 47 48
5 10 40 47 37 47
5 11 54 52 52 57
5 12 27 26 23 25
5 13 53 56 58 57
5 14 69 62 65 59
5 15 68 61 71 60
5 16 87 79 85 75
5 17 43 47 46 36
5 18 94 83 92 81
5 19 80 80 69 70
5 20 58 61 54 52
5 21 90 87 85 86
5 22 52 49 53 51
5 23 81 83 74 76
5 24 22 32 20 24
5 25 15 27 27 17
5 26 11 12 19 18
5 27 42 41 48 49
5 28 12 10 16 19
5 29 92 83 88 85
6 7 20 28 25 32
6 8 28 31 24 24
6 9 74 77 64 72
6 10 2 12 14 9
6 11 4 10 5 15
6 12 82 81 77 71
6 13 6 7 14 18
6 14 3 16 3 2
6 15 68 65 67 73
6 16 95 92 83 82
6 17 80 81 80 81
6 18 80 78 72 82
6 19 36 32 34 33
6 20 80 82 69 80
6 21 67 61 65 62
6 22 68 65 70 63
6 23 7 12 15 17
6 24 88 80 83 79
6 25 1 9 3 7
6 26 87 77 80 81
6 27 82 80 83 75
6 28 94 81 83 84
6 29 71 75 72 71
7 8 36 43 31 32
7 9 14 26 14 13
7 10 42 41 46 44
7 11 1 3 12 5
7 12 2 3 10 14
7 13 9 12 18 17
7 14 10 15 17 23
7 15 57 55 61 59
7 16 8 8 12 10
7 17 35 36 31 43
7 18 19 31 22 18
7 19 48 53 42 53
7 20 39 48 42 36
7 21 43 45 40 46
7 22 43 51 49 37
7 23 95 82 86 84
7 24 93 86 79 93
7 25 15 17 23 18
7 26 94 83 92 87
7 27 23 34 29 22
7 28 46 48 51 52
7 29 46 50 48 45
8 9 59 62 59 51
8 10 74 63 69 69
8 11 52 57 57 55
8 12 28 30 35 28
8 13 78 78 74 67
8 14 22 32 24 19
8 15 49 50 47 50
8 16 4 8 4 11
8 17 42 40 50 39
8 18 88 86 77 83
8 19 89 83 77 80
8 20 9 19 21 12
8 21 69 62 71 64
8 22 47 41 49 51
8 23 85 75 87 78
8 24 83 82 73 78
8 25 50 46 52 52
8 26 91 80 86 79
8 27 26 31 36 36
8 28 91 84 85 89
8 29 75 77 68 68
9 10 74 64 67 70
9 11 49 55 48 55
9 12 6 18 11 18
9 13 22 29 19 28
9 14 38 35 46 34
9 15 25 35 28 32
9 16 21 22 21 27
9 17 73 77 71 62
9 18 10 14 23 20
9 19 78 71 71 68
9 20 41 41 48 50
9 21 20 23 20 31
9 22 78 80 74 71
9 23 2 2 11 3
9 24 63 66 65 56
9 25 21 21 28 23
9 26 94 89 91 92
9 27 50 42 42 52
9 28 22 25 26 19
9 29 60 63 61 56
10 11 68 61 72 62
10 12 32 27 42 37
10 13 92 91 88 85
10 14 38 32 43 33
10 15 84 78 84 77
10 16 54 57 56 48
10 17 29 32 29 35
10 18 79 78 77 76
10 19 85 73 84 78
10 20 18 26 23 27
10 21 34 34 43 43
10 22 34 35 31 39
10 23 4 15 16 16
10 24 22 33 34 25
10 25 1 3 13 8
10 26 45 52 48 38
10 27 9 13 20 15
10 28 32 30 30 28
10 29 58 58 50 50
11 12 42 51 41 48
11 13 63 57 56 55
11 14 28 39 26 30
11 15 37 40 33 35
11 16 70 71 74 67
11 17 20 19 22 28
11 18 0 4 14 14
11 19 57 55 55 63
11 20 93 83 82 81
11 21 52 58 59 48
11 22 25 28 22 33
11 23 72 72 61 67
11 24 9 13 13 20
11 25 78 77 72 73
11 26 15 24 23 15
11 27 39 39 44 44
11 28 34 32 37 40
11 29 24 29 27 25
12 13 41 45 39 50
12 14 94 83 88 84
12 15 44 38 39 47
12 16 86 86 74 82
12 17 12 14 19 17
12 18 68 65 69 58
12 19 66 67 65 56
12 20 5 10 9 11
12 21 30 31 33 40
12 22 27 30 27 26
12 23 92 90 89 91
12 24 70 62 65 72
12 25 66 58 66 67
12 26 33 38 35 40
12 27 42 42 39 36
12 28 97 85 90 93
12 29 41 43 38 42
13 14 81 73 74 70
13 15 34 34 42 35
13 16 27 31 37 37
13 17 3 13 17 14
13 18 40 37 42 44
13 19 27 30 30 28
13 20 84 82 78 81
13 21 1 10 9 4
13 22 93 87 84 91
13 23 38 47 43 42
13 24 48 43 45 51
13 25 45 52 39 49
13 26 95 88 94 86
13 27 18 29 21 21
13 28 76 76 70 67
13 29 59 58 65 54
14 15 86 80 85 86
14 16 40 34 36 40
14 17 9 12 17 16
14 18 45 40 42 46
14 19 40 36 44 42
14 20 96 95 95 97
14 21 59 59 51 62
14 22 15 25 24 15
14 23 96 83 85 84
14 24 87 76 76 80
14 25 53 54 58 59
14 26 61 62 57 62
14 27 88 82 85 81
14 28 89 77 84 78
14 29 92 79 84 90
15 16 91 88 86 87
15 17 53 58 51 54
15 18 61 56 54 58
15 19 88 76 76 84
15 20 9 21 15 11
15 21 26 23 22 28
15 22 17 18 28 24
15 23 44 49 46 44
15 24 96 86 96 90
15 25 96 84 84 89
15 26 60 60 56 54
15 27 97 96 97 95
15 28 4 18 12 11
15 29 2 10 8 10
16 17 77 71 74 74
16 18 39 35 47 46
16 19 80 71 82 81
16 20 10 23 14 17
16 21 40 44 41 46
16 22 19 29 25 16
16 23 6 18 13 18
16 24 8 18 17 17
16 25 71 71 65 65
16 26 38 34 38 41
16 27 52 53 52 48
16 28 11 15 10 14
16 29 29 27 38 33
17 18 14 16 18 20
17 19 52 49 45 47
17 20 85 80 83 78
17 21 32 39 33 39
17 22 95 94 86 83
17 23 48 54 46 48
17 24 11 12 11 24
17 25 19 23 24 25
17 26 18 29 25 21
17 27 57 62 57 55
17 28 45 44 45 49
17 29 83 81 83 74
18 19 64 67 61 54
18 20 39 42 35 41
18 21 88 81 80 75
18 22 41 39 47 44
18 23 30 40 39 27
18 24 79 80 74 75
18 25 73 71 64 62
18 26 2 16 14 14
18 27 22 34 32 30
18 28 39 38 38 43
18 29 32 38 34 29
19 20 70 72 64 66
19 21 4 4 11 5
19 22 70 65 60 65
19 23 21 20 30 21
19 24 58 59 51 57
19 25 30 32 32 29
19 26 13 22 15 26
19 27 38 38 46 40
19 28 51 57 58 48
19 29 71 71 66 71
20 21 34 36 41 34
20 22 6 10 16 12
20 23 44 46 48 44
20 24 27 34 25 30
20 25 93 84 89 81
20 26 86 79 80 83
20 27 53 50 51 46
20 28 59 57 60 64
20 29 8 8 22 17
21 22 25 30 25 29
21 23 53 55 49 52
21 24 55 62 47 54
21 25 26 23 22 27
21 26 93 82 92 84
21 27 18 20 26 17
21 28 74 77 70 74
21 29 92 82 89 90
22 23 33 29 36 32
22 24 76 78 74 67
22 25 61 56 55 54
22 26 55 54 47 49
22 27 36 36 45 31
22 28 5 15 12 6
22 29 26 26 27 27
23 24 87 88 79 74
23 25 28 35 28 28
23 26 39 38 46 39
23 27 68 66 69 59
23 28 77 73 68 73
23 29 86 88 84 75
24 25 89 84 81 78
24 26 95 88 86 83
24 27 72 71 62 67
24 28 48 47 46 52
24 29 74 68 72 78
25 26 47 43 49 47
25 27 47 52 50 53
25 28 21 19 32 25
25 29 16 17 21 17
26 27 21 29 27 24
26 28 41 44 38 42
26 29 91 91 82 91
27 28 26 23 22 27
27 29 94 81 92 94
28 29 81 69 73 77
