33
0 1 81 52 50 77
0 2 55 36 54 48
0 3 88 46 72 88
0 4 46 38 47 59
0 5 66 34 44 52
0 6 15 15 31 18
0 7 12 12 22 29
0 8 46 27 23 57
0 9 2 6 49 21
0 10 45 58 67 39
0 11 81 44 56 89
0 12 71 60 54 58
0 13 22 48 20 59
0 14 53 49 44 36
0 15 4 4 24 7
0 16 50 31 66 60
0 17 90 57 50 79
0 18 39 52 36 21
0 19 59 67 69 41
0 20 70 68 44 49
0 21 28 18 24 31
0 22 34 25 26 25
0 23 95 87 80 77
0 24 90 52 51 90
0 25 38 37 44 22
0 26 60 59 75 38
0 27 43 55 41 23
0 28 53 55 38 52
0 29 27 60 13 46
0 30 2 21 42 11
0 31 44 53 72 53
0 32 20 40 47 30
1 2 3 21 25 2
1 3 3 19 17 43
1 4 2 19 1 17
1 5 96 57 88 50
1 6 11 32 22 41
1 7 37 33 29 32
1 8 93 68 47 82
1 9 93 52 72 69
1 10 63 32 47 78
1 11 70 68 41 48
1 12 32 64 25 46
1 13 58 70 65 43
1 14 46 60 47 27
1 15 39 26 67 49
1 16 66 41 51 64
1 17 89 81 63 94
1 18 68 48 50 65
1 19 37 41 66 22
1 20 79 63 47 53
1 21 97 91 72 82
1 22 30 48 61 36
1 23 20 44 34 26
1 24 89 75 65 65
1 25 84 82 75 84
1 26 37 44 62 26
1 27 61 75 75 65
1 28 79 46 88 74
1 29 9 16 24 10
1 30 51 39 27 65
1 31 69 53 59 62
1 32 79 77 87 71
2 3 83 49 55 45
2 4 66 73 38 59
2 5 69 43 70 77
2 6 42 66 42 66
2 7 5 30 6 7
2 8 30 23 47 36
2 9 7 34 6 33
2 10 32 63 57 17
2 11 81 46 49 46
2 12 49 63 34 68
2 13 89 92 91 51
2 14 77 41 81 85
2 15 35 22 29 43
2 16 15 13 30 21
2 17 70 65 62 74
2 18 94 64 68 93
2 19 87 51 81 58
2 20 0 14 10 5
2 21 69 65 56 59
2 22 19 49 53 56
2 23 92 89 66 70
2 24 67 69 57 37
2 25 62 72 71 74
2 26 72 42 83 62
2 27 64 80 48 47
2 28 53 61 76 73
2 29 2 8 8 1
2 30 33 24 57 17
2 31 53 50 28 33
2 32 29 42 57 38
3 4 68 36 58 68
3 5 74 53 53 65
3 6 96 76 78 56
3 7 15 43 13 39
3 8 45 39 38 68
3 9 39 50 21 39
3 10 26 46 35 19
3 11 34 52 59 18
3 12 46 42 57 46
3 13 75 40 79 55
3 14 61 68 47 58
3 15 45 26 69 54
3 16 58 48 64 78
3 17 77 64 83 80
3 18 46 24 30 72
3 19 4 25 12 20
3 20 47 34 43 46
3 21 59 56 62 77
3 22 9 44 29 45
3 23 72 76 70 54
3 24 96 87 91 85
3 25 91 55 77 92
3 26 56 73 35 59
3 27 73 83 61 67
3 28 37 30 61 24
3 29 40 37 39 65
3 30 49 32 58 68
3 31 5 51 6 34
3 32 87 81 79 53
4 5 9 39 39 9
4 6 60 70 50 50
4 7 49 27 31 41
4 8 61 40 31 36
4 9 35 51 36 19
4 10 63 37 56 48
4 11 19 47 49 28
4 12 34 57 19 31
4 13 87 73 80 51
4 14 74 77 44 77
4 15 73 37 75 77
4 16 14 10 34 43
4 17 4 4 27 30
4 18 48 28 71 64
4 19 60 60 39 48
4 20 19 12 46 14
4 21 61 62 32 69
4 22 92 88 92 55
4 23 74 56 83 44
4 24 49 73 56 49
4 25 76 83 84 62
4 26 74 77 74 63
4 27 32 59 20 30
4 28 67 61 57 79
4 29 30 61 54 29
4 30 37 55 44 24
4 31 51 72 45 27
4 32 3 35 49 4
5 6 95 54 60 81
5 7 2 6 25 39
5 8 8 21 11 18
5 9 89 78 63 53
5 10 16 20 51 23
5 11 21 53 33 19
5 12 14 27 33 52
5 13 76 56 53 78
5 14 66 64 45 34
5 15 22 28 56 53
5 16 90 61 77 77
5 17 35 44 25 22
5 18 9 39 22 15
5 19 80 78 75 76
5 20 21 32 26 39
5 21 65 68 82 61
5 22 68 81 81 72
5 23 18 31 26 34
5 24 72 73 69 59
5 25 71 66 58 51
5 26 7 15 31 15
5 27 98 76 57 78
5 28 98 78 66 90
5 29 63 39 65 74
5 30 43 44 26 53
5 31 91 90 51 69
5 32 41 51 23 43
6 7 21 16 43 30
6 8 67 35 59 74
6 9 83 44 83 50
6 10 44 65 62 53
6 11 52 60 61 66
6 12 71 40 60 48
6 13 2 23 16 10
6 14 8 36 34 39
6 15 83 50 74 69
6 16 70 78 41 80
6 17 76 55 63 46
6 18 41 52 42 44
6 19 33 30 28 28
6 20 82 49 73 90
6 21 6 8 31 43
6 22 14 25 7 33
6 23 8 26 12 44
6 24 19 31 15 20
6 25 5 40 26 4
6 26 17 19 11 11
6 27 87 45 82 59
6 28 21 11 31 46
6 29 93 47 73 69
6 30 9 31 32 44
6 31 2 14 48 4
6 32 45 53 23 50
7 8 16 45 27 30
7 9 26 43 55 54
7 10 82 71 75 84
7 11 31 25 28 29
7 12 48 35 57 30
7 13 55 73 41 57
7 14 15 53 37 53
7 15 59 68 73 71
7 16 27 35 63 28
7 17 32 44 36 23
7 18 63 35 64 37
7 19 49 64 59 74
7 20 17 50 27 38
7 21 25 52 39 26
7 22 26 34 55 20
7 23 97 61 63 60
7 24 80 51 51 54
7 25 81 81 74 81
7 26 44 45 31 31
7 27 30 48 17 21
7 28 31 48 43 38
7 29 66 45 83 72
7 30 35 47 34 30
7 31 94 74 54 85
7 32 63 64 58 54
8 9 18 38 22 42
8 10 47 71 42 64
8 11 56 50 31 72
8 12 56 45 32 49
8 13 90 76 53 94
8 14 15 40 57 44
8 15 23 38 52 29
8 16 46 46 49 53
8 17 88 59 64 91
8 18 86 89 72 51
8 19 16 30 48 28
8 20 20 48 55 17
8 21 87 92 92 54
8 22 15 21 7 33
8 23 16 15 52 51
8 24 34 18 53 36
8 25 25 14 37 59
8 26 96 61 70 69
8 27 10 25 46 15
8 28 40 36 26 52
8 29 17 20 53 47
8 30 79 75 76 42
8 31 60 55 54 30
8 32 64 72 77 37
9 10 55 50 77 48
9 11 77 46 73 55
9 12 86 73 47 72
9 13 83 62 79 79
9 14 31 32 17 25
9 15 92 89 68 64
9 16 49 64 34 70
9 17 43 47 36 28
9 18 90 63 54 68
9 19 58 37 53 58
9 20 11 19 20 6
9 21 1 5 46 44
9 22 23 24 59 45
9 23 56 64 60 37
9 24 30 18 48 40
9 25 75 38 67 68
9 26 2 50 41 16
9 27 53 70 63 57
9 28 76 85 42 75
9 29 17 46 44 15
9 30 61 32 78 33
9 31 50 58 38 46
9 32 96 82 58 92
10 11 40 38 42 32
10 12 52 45 36 31
10 13 48 66 39 50
10 14 86 63 59 54
10 15 90 79 48 92
10 16 98 84 56 90
10 17 27 27 17 57
10 18 20 55 39 13
10 19 50 61 41 31
10 20 23 21 57 55
10 21 51 60 61 64
10 22 26 45 39 24
10 23 23 47 50 33
10 24 90 92 72 79
10 25 88 71 73 74
10 26 59 72 48 46
10 27 29 61 43 46
10 28 67 48 79 76
10 29 89 72 62 65
10 30 45 38 72 25
10 31 20 40 30 34
10 32 31 33 54 26
11 12 37 36 24 45
11 13 8 22 23 14
11 14 20 47 55 58
11 15 0 1 19 17
11 16 76 85 38 52
11 17 77 51 66 73
11 18 36 68 41 67
11 19 86 90 67 73
11 20 26 50 40 33
11 21 6 13 30 45
11 22 20 38 31 31
11 23 19 31 55 58
11 24 87 65 45 73
11 25 0 16 11 2
11 26 64 41 77 68
11 27 93 57 61 66
11 28 24 40 23 43
11 29 46 59 25 62
11 30 48 37 31 24
11 31 49 39 65 35
11 32 4 8 36 37
12 13 89 86 71 90
12 14 99 84 59 59
12 15 29 24 57 34
12 16 35 23 25 60
12 17 5 30 14 19
12 18 61 51 75 53
12 19 38 61 52 32
12 20 4 10 18 47
12 21 3 39 17 25
12 22 90 79 77 67
12 23 9 34 40 34
12 24 74 46 75 57
12 25 87 93 86 93
12 26 6 27 40 40
12 27 79 79 88 74
12 28 40 58 67 21
12 29 42 49 39 41
12 30 98 69 91 74
12 31 17 21 19 55
12 32 52 57 36 49
13 14 50 50 38 56
13 15 76 52 84 42
13 16 53 31 38 68
13 17 9 43 21 16
13 18 94 87 57 81
13 19 6 43 27 13
13 20 86 77 82 65
13 21 11 50 7 51
13 22 28 29 21 22
13 23 30 41 50 45
13 24 41 26 35 62
13 25 0 44 46 16
13 26 79 69 66 56
13 27 79 89 69 53
13 28 57 37 42 47
13 29 88 45 47 69
13 30 72 70 66 76
13 31 29 16 55 34
13 32 80 81 47 55
14 15 18 50 41 10
14 16 16 8 17 43
14 17 87 68 44 75
14 18 58 65 74 73
14 19 54 48 48 32
14 20 44 66 28 59
14 21 40 67 68 56
14 22 89 52 86 48
14 23 51 34 34 70
14 24 81 50 64 44
14 25 80 56 60 77
14 26 12 7 31 43
14 27 69 68 60 66
14 28 67 60 48 77
14 29 45 32 44 59
14 30 31 64 50 51
14 31 41 69 53 53
14 32 31 25 42 53
15 16 49 55 39 44
15 17 54 35 54 44
15 18 50 31 48 50
15 19 34 51 48 25
15 20 33 37 42 22
15 21 41 20 42 25
15 22 20 38 55 19
15 23 86 51 80 46
15 24 74 76 77 39
15 25 62 73 65 31
15 26 48 69 65 39
15 27 47 49 41 62
15 28 77 52 47 78
15 29 26 25 19 15
15 30 14 54 25 23
15 31 93 89 62 90
15 32 66 65 61 82
16 17 78 78 73 87
16 18 13 10 25 54
16 19 51 56 47 29
16 20 50 35 53 35
16 21 27 24 30 35
16 22 66 57 71 60
16 23 76 87 67 44
16 24 28 24 60 15
16 25 0 38 41 16
16 26 97 84 84 84
16 27 95 85 70 97
16 28 23 18 58 29
16 29 74 68 48 62
16 30 19 26 31 14
16 31 56 59 36 58
16 32 73 67 61 74
17 18 91 90 53 60
17 19 23 26 56 21
17 20 90 80 49 45
17 21 51 55 70 44
17 22 81 47 50 55
17 23 31 60 29 16
17 24 21 50 49 50
17 25 40 31 49 41
17 26 92 81 85 59
17 27 18 55 29 33
17 28 64 58 79 81
17 29 46 62 40 28
17 30 43 70 44 49
17 31 67 44 56 49
17 32 30 50 40 20
18 19 91 50 87 64
18 20 95 71 62 53
18 21 48 27 70 48
18 22 93 81 72 66
18 23 4 27 34 35
18 24 94 87 55 79
18 25 4 26 27 9
18 26 83 84 60 67
18 27 27 44 41 45
18 28 42 30 52 39
18 29 89 55 82 58
18 30 49 53 28 47
18 31 8 26 50 12
18 32 99 98 91 94
19 20 88 67 85 87
19 21 13 27 49 7
19 22 55 54 48 27
19 23 1 42 22 14
19 24 77 58 63 52
19 25 65 53 60 47
19 26 83 76 87 67
19 27 98 73 69 74
19 28 31 51 27 59
19 29 54 56 73 76
19 30 96 83 65 77
19 31 14 37 10 35
19 32 7 25 22 16
20 21 79 59 60 77
20 22 0 37 15 44
20 23 69 35 83 84
20 24 83 69 75 59
20 25 60 74 53 36
20 26 22 29 38 40
20 27 48 25 39 49
20 28 33 41 53 39
20 29 83 76 61 45
20 30 27 52 51 20
20 31 60 32 61 48
20 32 63 49 77 60
21 22 32 35 61 56
21 23 1 15 4 6
21 24 37 55 35 41
21 25 58 63 54 49
21 26 84 75 57 75
21 27 18 57 56 21
21 28 75 69 64 60
21 29 42 50 56 40
21 30 39 34 42 55
21 31 49 67 38 71
21 32 33 32 49 46
22 23 38 36 57 23
22 24 93 70 67 86
22 25 29 64 26 28
22 26 98 65 64 84
22 27 67 43 41 80
22 28 23 19 25 24
22 29 60 53 42 72
22 30 3 30 30 18
22 31 50 31 39 44
22 32 14 29 14 18
23 24 12 30 10 15
23 25 34 50 18 52
23 26 8 10 30 48
23 27 48 49 51 48
23 28 79 51 78 81
23 29 36 50 65 46
23 30 84 80 44 80
23 31 95 79 58 70
23 32 65 55 48 48
24 25 87 67 92 44
24 26 85 69 44 83
24 27 85 71 81 61
24 28 11 22 26 36
24 29 53 36 57 35
24 30 21 20 57 54
24 31 81 55 64 53
24 32 62 74 36 69
25 26 96 54 62 95
25 27 68 72 82 35
25 28 83 84 64 74
25 29 14 11 13 19
25 30 51 50 74 26
25 31 39 66 46 20
25 32 1 2 16 37
26 27 45 67 60 56
26 28 25 15 20 31
26 29 66 53 75 54
26 30 76 60 64 47
26 31 41 42 32 34
26 32 7 8 10 26
27 28 40 53 40 48
27 29 90 77 68 58
27 30 10 32 35 40
27 31 74 40 79 58
27 32 40 50 68 66
28 29 11 55 14 13
28 30 74 66 65 71
28 31 31 59 54 62
28 32 26 13 22 26
29 30 56 44 32 35
29 31 50 40 43 47
29 32 37 32 38 62
30 31 78 79 60 82
30 32 79 59 78 65
31 32 40 63 33 41
