35
0 1 75 85 20 91
0 2 24 24 15 80
0 3 36 53 10 24
0 4 70 70 34 83
0 5 55 68 11 65
0 6 84 67 72 37
0 7 12 27 33 37
0 8 12 70 75 33
0 9 32 8 83 54
0 10 91 80 28 92
0 11 12 29 21 71
0 12 74 20 45 26
0 13 8 78 5 53
0 14 83 76 91 36
0 15 61 38 71 91
0 16 2 68 63 66
0 17 81 42 25 68
0 18 65 77 70 43
0 19 29 75 46 71
0 20 50 74 44 61
0 21 69 91 14 70
0 22 74 83 83 19
0 23 14 48 21 29
0 24 55 12 80 27
0 25 86 22 26 54
0 26 76 74 28 18
0 27 39 15 11 9
0 28 45 61 17 51
0 29 52 24 20 88
0 30 53 49 32 18
0 31 13 13 33 39
0 32 15 45 31 68
0 33 6 69 21 2
0 34 25 8 35 48
1 2 69 18 61 39
1 3 42 30 72 56
1 4 87 24 37 36
1 5 98 79 90 58
1 6 99 55 92 39
1 7 1 4 12 41
1 8 28 54 73 41
1 9 17 18 61 59
1 10 21 27 9 8
1 11 69 36 56 59
1 12 77 61 36 64
1 13 15 30 42 23
1 14 46 13 27 84
1 15 41 16 62 80
1 16 43 86 55 37
1 17 63 32 89 57
1 18 93 34 26 55
1 19 34 8 19 12
1 20 3 13 59 68
1 21 62 14 61 54
1 22 14 49 45 62
1 23 86 80 53 18
1 24 78 89 65 43
1 25 70 14 19 30
1 26 9 15 70 28
1 27 76 88 90 88
1 28 97 27 67 82
1 29 43 13 36 67
1 30 18 40 35 64
1 31 90 24 53 70
1 32 99 65 20 30
1 33 18 56 74 13
1 34 9 32 75 63
2 3 2 42 18 64
2 4 66 89 28 78
2 5 59 66 76 67
2 6 38 41 84 77
2 7 73 42 27 82
2 8 23 32 11 67
2 9 44 40 38 16
2 10 85 48 61 85
2 11 2 59 57 19
2 12 10 51 56 32
2 13 19 12 43 16
2 14 26 64 77 30
2 15 92 55 89 87
2 16 19 54 60 69
2 17 79 21 24 30
2 18 81 44 47 47
2 19 2 63 61 76
2 20 31 71 66 13
2 21 92 76 42 87
2 22 19 57 69 47
2 23 85 68 20 23
2 24 44 19 20 37
2 25 22 48 68 9
2 26 0 63 73 48
2 27 46 37 48 57
2 28 93 57 20 52
2 29 68 70 39 56
2 30 95 97 23 53
2 31 72 40 52 75
2 32 7 69 15 56
2 33 62 73 77 61
2 34 98 48 39 95
3 4 38 45 37 35
3 5 31 13 56 62
3 6 91 89 27 24
3 7 39 45 76 35
3 8 20 35 58 72
3 9 62 52 80 66
3 10 94 88 33 74
3 11 40 38 52 40
3 12 81 36 65 80
3 13 60 64 76 58
3 14 30 66 66 50
3 15 15 63 17 57
3 16 74 32 27 78
3 17 92 66 87 28
3 18 33 9 7 82
3 19 50 10 30 58
3 20 11 65 30 59
3 21 98 59 21 77
3 22 67 45 31 27
3 23 53 72 61 78
3 24 74 91 43 26
3 25 57 45 18 70
3 26 76 91 53 73
3 27 58 47 83 45
3 28 6 7 31 68
3 29 52 34 14 23
3 30 71 48 53 90
3 31 4 55 25 11
3 32 18 79 56 41
3 33 55 21 19 58
3 34 69 88 40 18
4 5 33 78 38 47
4 6 58 21 81 52
4 7 6 38 79 69
4 8 75 19 77 20
4 9 89 27 26 82
4 10 97 84 73 72
4 11 11 55 61 10
4 12 42 28 43 73
4 13 70 34 89 20
4 14 65 35 32 60
4 15 87 36 77 50
4 16 97 98 78 82
4 17 61 60 51 15
4 18 89 87 87 50
4 19 24 60 72 40
4 20 19 54 42 20
4 21 53 44 26 69
4 22 61 36 52 49
4 23 73 44 77 51
4 24 26 52 57 19
4 25 36 55 63 49
4 26 1 60 72 34
4 27 80 64 41 76
4 28 92 82 84 85
4 29 95 71 22 50
4 30 32 36 71 8
4 31 43 52 77 79
4 32 8 53 7 33
4 33 48 84 84 19
4 34 78 94 32 73
5 6 21 27 16 8
5 7 41 22 25 68
5 8 41 19 29 61
5 9 34 50 65 37
5 10 4 12 53 76
5 11 2 9 58 78
5 12 0 58 48 52
5 13 66 79 32 58
5 14 98 74 53 70
5 15 47 42 16 12
5 16 26 80 14 17
5 17 96 59 69 84
5 18 78 86 45 87
5 19 40 51 65 63
5 20 24 57 21 76
5 21 34 28 45 9
5 22 28 22 67 79
5 23 81 82 85 60
5 24 16 24 49 80
5 25 73 83 34 70
5 26 53 38 81 14
5 27 33 16 17 60
5 28 46 30 52 50
5 29 23 83 73 46
5 30 22 61 24 21
5 31 26 26 79 74
5 32 58 55 79 24
5 33 77 83 64 16
5 34 94 57 66 95
6 7 68 33 20 75
6 8 69 65 21 41
6 9 50 89 67 38
6 10 66 64 81 22
6 11 90 29 96 36
6 12 80 52 71 86
6 13 18 40 14 4
6 14 18 54 38 25
6 15 84 66 32 43
6 16 57 87 65 86
6 17 73 80 47 30
6 18 91 81 35 95
6 19 70 38 44 66
6 20 84 31 28 24
6 21 5 68 77 69
6 22 9 29 7 38
6 23 44 47 42 20
6 24 39 47 23 74
6 25 33 65 17 39
6 26 64 18 74 22
6 27 40 14 14 47
6 28 98 31 74 84
6 29 99 71 82 88
6 30 28 10 30 72
6 31 90 74 57 64
6 32 83 63 75 65
6 33 83 89 19 62
6 34 49 84 18 21
7 8 15 58 60 28
7 9 44 28 57 44
7 10 68 41 58 39
7 11 5 21 46 28
7 12 93 57 33 64
7 13 5 21 52 10
7 14 51 85 41 21
7 15 33 48 22 84
7 16 74 65 53 85
7 17 65 17 15 60
7 18 22 5 48 7
7 19 32 72 61 48
7 20 96 98 52 74
7 21 19 49 33 21
7 22 18 73 9 37
7 23 95 61 34 96
7 24 97 99 85 85
7 25 81 58 25 21
7 26 2 57 68 65
7 27 54 20 32 20
7 28 6 69 2 80
7 29 60 77 16 34
7 30 66 65 47 17
7 31 84 77 26 21
7 32 21 17 17 31
7 33 63 64 22 79
7 34 63 56 74 92
8 9 68 89 13 90
8 10 75 87 88 64
8 11 51 28 13 65
8 12 66 55 35 77
8 13 97 34 86 67
8 14 67 58 79 37
8 15 49 23 38 55
8 16 20 65 78 50
8 17 28 77 57 82
8 18 96 63 25 62
8 19 50 31 74 49
8 20 87 63 42 95
8 21 23 49 4 76
8 22 28 73 36 10
8 23 6 3 32 18
8 24 83 33 92 25
8 25 27 16 17 47
8 26 68 87 51 62
8 27 27 41 28 8
8 28 65 33 51 61
8 29 93 19 68 29
8 30 93 89 71 34
8 31 37 15 27 7
8 32 93 95 76 55
8 33 49 61 62 24
8 34 55 36 29 56
9 10 86 28 93 21
9 11 41 84 63 10
9 12 83 55 27 86
9 13 3 24 17 37
9 14 12 34 15 32
9 15 56 57 86 64
9 16 27 34 49 28
9 17 80 48 66 38
9 18 82 77 67 18
9 19 92 66 54 77
9 20 99 92 50 75
9 21 33 13 49 7
9 22 32 63 8 50
9 23 22 46 31 70
9 24 42 43 9 76
9 25 23 48 63 16
9 26 56 23 73 49
9 27 52 44 22 14
9 28 2 18 37 5
9 29 6 64 13 6
9 30 16 66 21 18
9 31 11 69 24 57
9 32 15 31 22 17
9 33 59 31 45 90
9 34 84 24 42 86
10 11 90 43 60 31
10 12 51 52 13 84
10 13 45 68 77 77
10 14 86 83 24 28
10 15 16 24 65 46
10 16 62 82 84 85
10 17 72 81 67 63
10 18 2 2 32 64
10 19 1 27 78 49
10 20 52 63 27 38
10 21 36 42 48 57
10 22 33 27 49 36
10 23 28 11 50 64
10 24 8 69 16 72
10 25 21 46 84 17
10 26 1 3 76 69
10 27 97 20 94 81
10 28 98 60 98 32
10 29 61 70 17 68
10 30 85 54 32 47
10 31 51 12 59 79
10 32 10 53 13 35
10 33 69 20 84 48
10 34 61 73 70 66
11 12 8 65 81 38
11 13 23 77 53 61
11 14 93 81 42 95
11 15 15 40 22 53
11 16 96 83 27 33
11 17 79 27 64 41
11 18 42 79 47 88
11 19 41 85 28 34
11 20 0 16 71 40
11 21 57 77 57 35
11 22 36 77 25 53
11 23 55 45 23 29
11 24 18 78 18 49
11 25 39 54 49 34
11 26 19 73 40 58
11 27 62 31 15 58
11 28 62 25 20 92
11 29 41 53 22 16
11 30 69 58 66 35
11 31 39 15 32 55
11 32 32 33 76 16
11 33 53 20 72 81
11 34 18 22 31 12
12 13 61 61 86 53
12 14 25 36 60 65
12 15 11 53 46 66
12 16 62 38 48 25
12 17 40 66 45 46
12 18 94 56 62 28
12 19 46 60 34 58
12 20 46 15 68 13
12 21 56 75 77 51
12 22 73 56 36 89
12 23 53 76 58 27
12 24 56 18 49 46
12 25 51 51 12 47
12 26 60 54 35 51
12 27 85 21 35 72
12 28 73 16 17 67
12 29 98 78 69 83
12 30 19 18 11 49
12 31 23 38 5 63
12 32 53 16 49 73
12 33 98 95 19 40
12 34 25 42 84 55
13 14 81 71 65 50
13 15 21 19 50 45
13 16 20 67 79 50
13 17 88 32 86 81
13 18 71 20 86 31
13 19 2 68 26 1
13 20 50 49 45 14
13 21 0 37 78 40
13 22 67 77 84 17
13 23 57 32 68 85
13 24 75 22 68 93
13 25 44 14 27 35
13 26 49 36 50 27
13 27 78 74 56 17
13 28 44 81 75 30
13 29 99 42 24 24
13 30 43 57 82 52
13 31 85 30 92 57
13 32 90 96 68 36
13 33 92 58 24 44
13 34 73 64 92 50
14 15 80 47 36 68
14 16 37 35 42 22
14 17 38 54 64 56
14 18 26 22 59 52
14 19 30 56 34 76
14 20 78 58 70 72
14 21 49 47 23 42
14 22 8 57 44 27
14 23 41 26 51 15
14 24 36 23 22 35
14 25 98 30 85 73
14 26 31 24 27 15
14 27 52 55 79 24
14 28 82 75 85 69
14 29 33 21 17 78
14 30 38 53 40 51
14 31 63 87 74 48
14 32 28 75 48 34
14 33 79 31 55 73
14 34 74 45 24 21
15 16 92 20 31 29
15 17 22 11 61 69
15 18 49 13 45 32
15 19 13 7 58 41
15 20 15 77 21 17
15 21 22 29 29 83
15 22 79 32 80 32
15 23 74 55 87 24
15 24 21 75 63 26
15 25 3 44 41 69
15 26 39 75 27 29
15 27 14 44 10 73
15 28 61 31 14 60
15 29 41 22 34 19
15 30 35 29 85 84
15 31 46 33 42 29
15 32 96 48 77 75
15 33 39 72 48 58
15 34 36 7 58 28
16 17 23 28 7 57
16 18 10 9 73 15
16 19 23 41 82 62
16 20 97 31 98 61
16 21 26 24 19 37
16 22 56 31 11 80
16 23 76 39 65 30
16 24 21 46 48 65
16 25 7 64 63 75
16 26 17 42 73 26
16 27 74 48 44 34
16 28 51 44 44 13
16 29 23 26 28 18
16 30 94 39 52 24
16 31 91 69 95 65
16 32 17 15 4 26
16 33 11 55 3 68
16 34 38 35 9 65
17 18 9 28 26 14
17 19 31 12 47 39
17 20 1 64 55 21
17 21 36 52 26 50
17 22 47 70 71 26
17 23 94 69 80 29
17 24 57 88 50 22
17 25 40 40 41 68
17 26 69 77 93 24
17 27 54 37 32 21
17 28 99 79 46 66
17 29 36 11 32 25
17 30 52 48 57 34
17 31 16 37 73 51
17 32 20 6 73 13
17 33 9 4 12 32
17 34 9 72 29 75
18 19 49 40 58 35
18 20 95 36 94 44
18 21 62 47 81 45
18 22 45 65 16 55
18 23 12 43 25 53
18 24 65 27 71 83
18 25 33 41 22 19
18 26 32 80 56 33
18 27 5 21 24 73
18 28 84 53 72 52
18 29 84 21 32 63
18 30 21 10 69 57
18 31 88 31 72 62
18 32 78 92 73 60
18 33 83 47 31 21
18 34 23 43 28 84
19 20 2 28 60 6
19 21 87 18 89 45
19 22 24 28 20 75
19 23 22 19 78 80
19 24 24 8 42 52
19 25 54 52 38 54
19 26 10 26 9 24
19 27 40 55 55 51
19 28 2 40 79 19
19 29 1 11 51 80
19 30 58 55 79 53
19 31 48 30 78 28
19 32 89 33 19 65
19 33 92 29 83 79
19 34 90 78 18 50
20 21 66 44 67 51
20 22 7 64 7 5
20 23 81 53 43 83
20 24 93 66 40 72
20 25 42 69 64 58
20 26 75 43 21 23
20 27 68 26 20 63
20 28 14 5 74 5
20 29 24 34 52 75
20 30 58 11 11 45
20 31 82 95 63 57
20 32 0 29 1 49
20 33 76 49 46 27
20 34 40 30 18 34
21 22 73 74 20 57
21 23 2 37 61 33
21 24 48 33 13 60
21 25 11 4 50 22
21 26 93 91 80 67
21 27 41 36 12 29
21 28 40 73 59 53
21 29 18 59 18 10
21 30 81 42 79 72
21 31 13 17 31 82
21 32 16 24 44 24
21 33 30 22 14 77
21 34 40 23 43 9
22 23 68 38 77 68
22 24 87 71 66 81
22 25 23 42 41 45
22 26 87 89 56 77
22 27 12 24 61 17
22 28 7 1 11 80
22 29 97 82 62 29
22 30 16 12 81 56
22 31 96 91 74 95
22 32 85 36 19 21
22 33 70 19 52 18
22 34 11 67 27 29
23 24 30 20 85 60
23 25 36 57 13 53
23 26 78 54 62 49
23 27 19 45 26 67
23 28 78 18 54 70
23 29 2 69 70 64
23 30 59 82 54 17
23 31 22 45 42 15
23 32 47 36 17 34
23 33 85 27 24 46
23 34 57 86 60 73
24 25 28 29 40 8
24 26 18 70 54 80
24 27 7 29 39 74
24 28 88 61 19 82
24 29 17 50 42 5
24 30 16 78 21 42
24 31 80 18 87 23
24 32 82 31 25 49
24 33 72 23 65 68
24 34 30 33 68 13
25 26 9 75 52 10
25 27 2 64 51 17
25 28 4 11 14 67
25 29 94 59 98 30
25 30 54 72 41 72
25 31 49 36 55 64
25 32 42 86 42 58
25 33 81 93 83 56
25 34 66 24 22 87
26 27 1 55 70 41
26 28 89 41 91 90
26 29 0 42 31 16
26 30 88 34 51 27
26 31 93 34 51 77
26 32 94 39 73 52
26 33 22 5 34 42
26 34 47 23 84 85
27 28 4 14 36 3
27 29 31 30 85 49
27 30 36 57 46 80
27 31 26 9 54 41
27 32 12 2 55 48
27 33 44 44 41 48
27 34 17 47 50 48
28 29 17 81 9 36
28 30 7 51 36 26
28 31 45 28 15 75
28 32 3 66 19 70
28 33 69 88 25 41
28 34 55 70 49 84
29 30 16 35 79 22
29 31 73 61 73 93
29 32 0 69 67 62
29 33 38 12 51 70
29 34 11 57 45 77
30 31 98 75 33 39
30 32 13 23 80 9
30 33 60 36 42 15
30 34 31 26 75 74
31 32 82 32 25 77
31 33 42 47 12 20
31 34 84 35 77 74
32 33 74 69 88 74
32 34 58 59 44 59
33 34 95 88 46 21
