40
0 1 48 44 46 50
0 2 95 86 82 90
0 3 22 31 23 21
0 4 56 53 60 49
0 5 3 12 9 5
0 6 40 35 49 39
0 7 80 71 69 69
0 8 43 49 38 44
0 9 49 56 54 48
0 10 76 77 65 68
0 11 93 94 92 93
0 12 59 63 54 58
0 13 39 41 42 37
0 14 87 85 79 75
0 15 27 33 36 23
0 16 34 31 32 29
0 17 20 25 25 28
0 18 21 19 28 20
0 19 69 70 69 64
0 20 10 17 15 13
0 21 68 63 65 69
0 22 8 21 19 17
0 23 3 9 4 15
0 24 24 21 22 22
0 25 73 68 68 72
0 26 35 31 34 43
0 27 13 19 11 25
0 28 76 76 69 69
0 29 11 16 14 15
0 30 71 63 61 64
0 31 28 29 24 35
0 32 83 81 74 82
0 33 94 95 87 95
0 34 47 46 46 46
0 35 10 21 13 22
0 36 31 37 34 40
0 37 52 54 55 56
0 38 51 55 57 50
0 39 10 19 21 12
1 2 7 17 9 18
1 3 60 60 54 54
1 4 5 11 14 16
1 5 16 16 16 25
1 6 37 40 34 33
1 7 24 25 21 35
1 8 46 42 49 46
1 9 63 56 56 61
1 10 32 31 36 36
1 11 72 69 66 75
1 12 25 34 32 30
1 13 73 67 73 71
1 14 7 15 14 14
1 15 17 24 18 29
1 16 93 92 93 93
1 17 29 33 32 29
1 18 47 43 40 40
1 19 4 10 12 12
1 20 67 65 62 70
1 21 18 28 22 19
1 22 15 27 14 19
1 23 78 74 66 74
1 24 9 17 16 13
1 25 48 49 47 49
1 26 32 30 35 36
1 27 89 81 79 87
1 28 46 50 47 44
1 29 24 23 35 31
1 30 8 18 10 21
1 31 54 54 61 54
1 32 43 49 41 41
1 33 47 42 41 44
1 34 76 79 73 70
1 35 67 63 60 69
1 36 47 53 49 54
1 37 62 62 63 54
1 38 35 35 44 44
1 39 16 20 20 21
2 3 73 64 70 69
2 4 32 42 31 34
2 5 93 93 93 84
2 6 82 80 84 84
2 7 10 9 12 17
2 8 60 57 58 65
2 9 46 40 51 41
2 10 41 43 44 40
2 11 15 20 21 20
2 12 57 55 51 57
2 13 70 60 73 72
2 14 32 33 40 28
2 15 95 90 95 86
2 16 94 84 81 82
2 17 52 46 55 55
2 18 20 32 21 22
2 19 10 14 19 14
2 20 39 37 48 34
2 21 80 79 80 79
2 22 14 27 13 26
2 23 28 32 38 35
2 24 37 34 43 38
2 25 54 46 46 49
2 26 65 60 63 61
2 27 92 85 89 81
2 28 31 34 31 37
2 29 96 85 88 83
2 30 5 8 5 16
2 31 3 5 12 9
2 32 62 66 58 56
2 33 76 71 69 74
2 34 46 47 44 48
2 35 27 25 27 29
2 36 62 57 67 59
2 37 23 21 23 33
2 38 86 88 74 74
2 39 12 18 16 23
3 4 58 50 55 61
3 5 9 10 10 12
3 6 14 19 20 22
3 7 86 82 74 78
3 8 1 8 11 2
3 9 49 47 48 56
3 10 81 75 83 84
3 11 94 85 91 93
3 12 34 35 43 29
3 13 11 22 9 18
3 14 14 19 23 26
3 15 40 49 41 40
3 16 52 44 48 53
3 17 33 34 28 36
3 18 90 86 85 84
3 19 64 55 59 65
3 20 41 38 48 36
3 21 28 31 33 31
3 22 14 19 17 20
3 23 47 48 44 46
3 24 77 68 73 72
3 25 79 82 78 70
3 26 61 65 56 65
3 27 78 67 80 76
3 28 28 27 31 29
3 29 6 15 19 19
3 30 36 43 35 32
3 31 86 77 78 88
3 32 31 36 39 29
3 33 70 74 66 63
3 34 19 20 18 20
3 35 17 24 28 17
3 36 26 25 23 31
3 37 48 42 43 55
3 38 90 80 80 89
3 39 26 28 37 33
4 5 81 75 80 71
4 6 44 38 47 44
4 7 5 11 15 11
4 8 92 80 87 90
4 9 19 25 29 23
4 10 34 42 42 42
4 11 14 13 25 18
4 12 10 18 13 14
4 13 63 68 64 68
4 14 8 7 17 12
4 15 15 13 24 24
4 16 22 21 28 23
4 17 66 60 70 65
4 18 14 12 14 14
4 19 12 24 24 13
4 20 35 36 35 44
4 21 50 52 46 54
4 22 31 29 28 39
4 23 46 44 46 53
4 24 90 80 79 90
4 25 89 89 76 79
4 26 43 44 42 42
4 27 92 92 79 93
4 28 89 77 79 84
4 29 15 27 20 24
4 30 99 92 87 93
4 31 73 66 70 69
4 32 93 86 94 91
4 33 51 56 44 56
4 34 4 9 4 7
4 35 43 40 45 50
4 36 24 34 21 28
4 37 81 72 83 77
4 38 87 87 80 74
4 39 4 14 8 16
5 6 58 61 54 57
5 7 19 24 16 21
5 8 89 80 90 78
5 9 6 17 14 8
5 10 61 57 60 59
5 11 52 52 54 46
5 12 29 33 37 25
5 13 60 54 63 65
5 14 72 66 66 65
5 15 53 57 56 47
5 16 74 74 73 72
5 17 4 12 6 14
5 18 19 23 21 22
5 19 71 62 64 65
5 20 93 87 82 91
5 21 93 94 89 92
5 22 95 81 95 88
5 23 26 32 24 28
5 24 21 29 28 19
5 25 98 86 95 84
5 26 91 89 82 85
5 27 38 40 38 44
5 28 92 79 78 83
5 29 36 38 34 40
5 30 1 7 14 3
5 31 10 22 9 17
5 32 6 18 6 12
5 33 83 81 79 82
5 34 62 66 61 64
5 35 87 79 88 85
5 36 79 79 71 81
5 37 37 46 38 42
5 38 26 36 29 25
5 39 24 27 31 27
6 7 31 29 27 41
6 8 40 35 38 49
6 9 59 60 58 63
6 10 8 16 20 18
6 11 12 22 14 14
6 12 48 52 54 43
6 13 30 28 31 27
6 14 38 36 37 46
6 15 16 19 14 27
6 16 57 58 54 63
6 17 99 87 89 90
6 18 59 65 63 54
6 19 9 17 18 11
6 20 31 32 36 41
6 21 47 54 51 42
6 22 83 85 77 81
6 23 76 79 68 73
6 24 89 78 75 82
6 25 26 29 30 28
6 26 56 48 54 49
6 27 32 37 36 42
6 28 75 72 64 77
6 29 90 77 87 77
6 30 43 45 41 41
6 31 65 65 56 62
6 32 3 10 17 13
6 33 78 76 69 68
6 34 15 26 22 25
6 35 61 59 59 58
6 36 85 83 77 75
6 37 25 28 26 35
6 38 15 16 27 13
6 39 8 18 16 21
7 8 32 36 38 35
7 9 94 82 91 86
7 10 82 77 71 75
7 11 79 73 72 70
7 12 64 66 62 61
7 13 63 60 59 55
7 14 65 62 61 66
7 15 6 18 7 18
7 16 3 7 17 5
7 17 5 18 19 10
7 18 18 23 17 25
7 19 1 14 2 1
7 20 54 48 51 51
7 21 23 33 30 19
7 22 40 43 47 38
7 23 57 50 60 61
7 24 49 44 53 53
7 25 87 75 82 85
7 26 55 51 53 50
7 27 86 73 84 80
7 28 10 11 13 20
7 29 0 9 14 15
7 30 93 90 84 83
7 31 48 41 45 43
7 32 88 89 75 87
7 33 35 39 34 35
7 34 21 23 28 30
7 35 77 73 66 77
7 36 26 27 24 29
7 37 73 64 73 66
7 38 85 74 87 81
7 39 41 48 49 45
8 9 79 75 75 76
8 10 79 78 77 70
8 11 81 77 73 71
8 12 41 35 44 42
8 13 16 17 15 21
8 14 77 75 78 74
8 15 94 82 82 90
8 16 19 22 22 27
8 17 39 37 45 44
8 18 34 41 39 31
8 19 97 96 90 85
8 20 81 77 70 72
8 21 3 9 12 17
8 22 89 87 77 80
8 23 17 22 20 21
8 24 21 20 20 26
8 25 58 62 61 57
8 26 79 74 70 81
8 27 39 39 39 46
8 28 48 42 53 53
8 29 44 50 49 40
8 30 7 19 16 9
8 31 94 84 82 81
8 32 13 13 22 16
8 33 14 19 17 15
8 34 94 90 90 94
8 35 74 73 63 70
8 36 75 78 78 75
8 37 36 32 38 37
8 38 39 35 47 38
8 39 30 35 28 28
9 10 61 54 57 61
9 11 29 27 30 31
9 12 35 35 37 38
9 13 99 95 84 89
9 14 64 63 62 57
9 15 46 53 53 49
9 16 28 27 36 28
9 17 68 69 72 58
9 18 88 85 83 88
9 19 15 24 13 17
9 20 86 74 82 74
9 21 78 72 72 72
9 22 8 15 12 10
9 23 36 40 36 37
9 24 20 28 24 26
9 25 23 27 27 23
9 26 18 27 26 24
9 27 79 80 73 70
9 28 53 59 59 59
9 29 94 87 90 86
9 30 38 45 41 46
9 31 66 63 67 68
9 32 72 67 64 69
9 33 52 45 52 56
9 34 50 43 51 46
9 35 32 32 35 38
9 36 51 51 59 55
9 37 63 57 54 66
9 38 7 12 13 10
9 39 28 38 27 27
10 11 61 59 54 62
10 12 69 59 59 69
10 13 91 85 77 89
10 14 8 14 15 21
10 15 71 72 73 71
10 16 40 35 43 38
10 17 10 9 22 16
10 18 88 86 76 80
10 19 3 12 15 10
10 20 42 47 42 36
10 21 27 33 28 33
10 22 16 24 16 21
10 23 53 55 52 50
10 24 85 77 87 81
10 25 6 12 10 18
10 26 64 61 55 55
10 27 60 65 58 64
10 28 17 22 19 25
10 29 31 37 29 39
10 30 3 7 14 14
10 31 53 49 48 54
10 32 55 47 51 48
10 33 72 68 75 72
10 34 42 44 50 42
10 35 54 58 52 55
10 36 69 63 61 59
10 37 7 19 7 7
10 38 71 66 71 63
10 39 38 34 41 32
11 12 31 35 29 32
11 13 33 34 40 34
11 14 59 58 56 54
11 15 64 62 57 69
11 16 86 88 77 79
11 17 13 15 19 25
11 18 68 64 69 69
11 19 74 71 72 67
11 20 96 86 89 89
11 21 56 53 57 56
11 22 37 39 38 41
11 23 58 64 63 62
11 24 1 7 15 14
11 25 95 94 85 90
11 26 73 72 69 68
11 27 13 15 12 19
11 28 64 68 59 67
11 29 32 31 37 41
11 30 72 68 68 72
11 31 7 8 11 7
11 32 21 18 18 29
11 33 40 40 40 41
11 34 51 57 50 56
11 35 15 22 28 24
11 36 34 33 30 33
11 37 80 83 82 83
11 38 3 17 14 16
11 39 70 64 62 66
12 13 75 67 78 66
12 14 70 68 64 62
12 15 33 41 42 29
12 16 36 33 31 45
12 17 72 68 64 73
12 18 54 52 60 48
12 19 33 40 39 36
12 20 28 24 32 36
12 21 15 15 13 23
12 22 51 44 44 53
12 23 71 67 61 62
12 24 31 28 29 35
12 25 75 64 68 65
12 26 23 26 32 33
12 27 50 51 44 48
12 28 58 57 61 53
12 29 10 11 16 22
12 30 37 35 34 42
12 31 31 35 41 34
12 32 73 67 67 68
12 33 82 83 82 83
12 34 65 67 59 68
12 35 10 23 20 14
12 36 51 49 44 55
12 37 20 19 24 32
12 38 66 70 64 61
12 39 45 38 44 53
13 14 72 70 65 73
13 15 50 50 57 44
13 16 0 13 6 8
13 17 22 24 28 25
13 18 43 43 41 41
13 19 6 6 5 15
13 20 96 89 90 84
13 21 34 41 36 35
13 22 25 32 34 35
13 23 20 22 17 18
13 24 96 88 96 96
13 25 10 12 16 16
13 26 12 19 13 17
13 27 30 26 37 39
13 28 51 46 47 54
13 29 51 53 45 51
13 30 88 82 80 85
13 31 88 79 78 77
13 32 8 10 7 15
13 33 51 55 45 56
13 34 56 49 60 51
13 35 2 3 7 10
13 36 82 71 79 73
13 37 25 33 31 22
13 38 8 17 18 15
13 39 24 23 27 29
14 15 37 41 36 38
14 16 62 55 66 55
14 17 16 24 22 27
14 18 65 70 63 62
14 19 10 14 12 11
14 20 90 90 83 81
14 21 0 8 14 10
14 22 6 15 16 8
14 23 46 52 51 46
14 24 24 33 31 33
14 25 64 61 57 55
14 26 53 51 53 50
14 27 52 59 56 56
14 28 26 34 34 35
14 29 12 20 24 20
14 30 49 48 51 45
14 31 32 42 40 41
14 32 33 39 31 36
14 33 17 28 24 23
14 34 15 24 19 15
14 35 44 42 44 40
14 36 84 76 72 73
14 37 44 38 43 52
14 38 48 56 45 46
14 39 57 48 58 50
15 16 37 42 32 36
15 17 77 74 76 66
15 18 73 64 65 63
15 19 97 91 87 94
15 20 62 58 59 62
15 21 0 3 6 15
15 22 77 67 68 78
15 23 25 24 33 35
15 24 88 85 86 86
15 25 57 61 56 53
15 26 27 27 31 26
15 27 75 69 70 69
15 28 66 63 59 64
15 29 1 13 5 7
15 30 52 56 46 58
15 31 93 89 80 81
15 32 97 97 92 89
15 33 80 74 79 73
15 34 96 93 95 91
15 35 68 66 66 67
15 36 93 86 92 90
15 37 2 4 12 4
15 38 76 71 79 70
15 39 82 73 71 78
16 17 87 85 85 76
16 18 22 24 28 25
16 19 65 57 57 62
16 20 82 80 75 76
16 21 9 13 20 21
16 22 10 19 20 20
16 23 87 76 87 74
16 24 58 58 63 57
16 25 2 10 15 8
16 26 50 56 47 43
16 27 83 74 71 76
16 28 62 62 66 55
16 29 52 56 51 56
16 30 85 74 75 87
16 31 84 85 78 76
16 32 95 93 89 94
16 33 89 86 89 76
16 34 84 74 76 78
16 35 90 84 91 87
16 36 3 4 16 14
16 37 91 88 83 87
16 38 7 12 20 18
16 39 24 33 29 35
17 18 9 13 9 15
17 19 65 57 57 60
17 20 99 87 86 99
17 21 58 52 62 49
17 22 94 94 83 88
17 23 33 34 29 31
17 24 58 50 63 52
17 25 50 45 43 57
17 26 76 66 76 67
17 27 95 81 91 90
17 28 22 20 25 29
17 29 96 89 95 94
17 30 69 69 62 64
17 31 89 90 85 82
17 32 59 54 59 62
17 33 38 40 42 46
17 34 11 20 22 19
17 35 13 15 22 25
17 36 71 68 66 69
17 37 48 54 43 47
17 38 19 23 19 25
17 39 33 38 31 39
18 19 7 17 17 13
18 20 68 64 70 66
18 21 38 38 45 33
18 22 34 36 37 35
18 23 64 57 65 66
18 24 88 78 80 77
18 25 89 77 88 76
18 26 39 46 41 37
18 27 15 24 24 16
18 28 96 88 84 86
18 29 92 87 83 86
18 30 10 9 13 18
18 31 48 43 54 51
18 32 26 22 34 30
18 33 23 23 28 19
18 34 62 59 65 58
18 35 3 7 8 9
18 36 7 9 19 9
18 37 29 27 34 37
18 38 45 41 43 40
18 39 8 14 10 19
19 20 82 71 84 79
19 21 59 51 53 54
19 22 77 73 70 71
19 23 80 76 74 75
19 24 72 64 67 65
19 25 11 12 23 21
19 26 36 31 42 41
19 27 89 78 85 88
19 28 48 44 53 42
19 29 80 77 80 71
19 30 42 44 40 36
19 31 89 81 82 87
19 32 40 42 36 42
19 33 34 30 42 37
19 34 24 22 30 31
19 35 77 70 70 77
19 36 55 61 50 48
19 37 27 23 35 24
19 38 32 28 28 36
19 39 26 35 25 35
20 21 99 93 88 88
20 22 93 89 93 80
20 23 62 64 53 64
20 24 85 85 83 79
20 25 99 84 92 87
20 26 60 59 55 53
20 27 44 49 51 45
20 28 82 73 81 83
20 29 98 83 91 98
20 30 26 26 28 26
20 31 73 71 65 72
20 32 46 45 50 40
20 33 1 2 3 16
20 34 77 66 68 79
20 35 85 77 73 74
20 36 53 52 52 50
20 37 46 48 45 50
20 38 83 74 74 73
20 39 5 8 6 16
21 22 67 62 68 66
21 23 46 43 52 50
21 24 87 88 87 84
21 25 9 8 19 15
21 26 32 39 30 33
21 27 9 12 21 11
21 28 54 47 49 52
21 29 17 18 16 19
21 30 38 36 41 34
21 31 88 89 81 78
21 32 91 84 77 91
21 33 47 48 54 41
21 34 64 64 67 67
21 35 1 5 2 2
21 36 88 79 75 84
21 37 84 80 79 72
21 38 84 86 75 83
21 39 26 31 23 31
22 23 70 67 62 64
22 24 54 49 52 59
22 25 27 25 26 25
22 26 0 7 1 4
22 27 80 81 83 76
22 28 63 58 62 57
22 29 33 33 41 30
22 30 24 25 31 24
22 31 33 35 30 31
22 32 74 65 76 75
22 33 89 84 82 77
22 34 83 74 78 80
22 35 51 44 51 43
22 36 81 71 78 83
22 37 10 20 22 18
22 38 95 88 92 82
22 39 59 57 52 65
23 24 81 83 71 77
23 25 2 10 14 10
23 26 40 44 39 41
23 27 89 83 80 79
23 28 25 33 30 34
23 29 94 94 88 87
23 30 66 62 70 60
23 31 23 31 27 22
23 32 54 55 54 47
23 33 27 26 27 29
23 34 57 58 55 58
23 35 89 88 81 85
23 36 22 20 32 22
23 37 76 75 70 70
23 38 72 72 75 64
23 39 85 86 76 73
24 25 62 61 66 65
24 26 55 53 55 57
24 27 32 30 35 37
24 28 91 78 85 88
24 29 54 56 55 54
24 30 4 15 6 4
24 31 71 66 67 67
24 32 22 23 32 33
24 33 84 76 81 83
24 34 46 42 53 47
24 35 46 47 42 48
24 36 73 72 69 70
24 37 87 74 74 80
24 38 23 32 30 25
24 39 27 28 26 38
25 26 16 20 15 15
25 27 95 81 87 84
25 28 10 11 12 16
25 29 99 89 92 91
25 30 62 67 56 66
25 31 35 33 33 36
25 32 79 79 80 72
25 33 32 32 36 30
25 34 23 23 34 32
25 35 48 51 48 50
25 36 75 69 78 74
25 37 69 61 59 64
25 38 10 23 12 18
25 39 50 57 45 57
26 27 74 70 66 70
26 28 47 51 52 49
26 29 49 45 44 56
26 30 15 21 20 25
26 31 64 58 59 55
26 32 97 83 91 85
26 33 66 70 69 58
26 34 28 26 26 32
26 35 76 66 71 78
26 36 51 46 55 44
26 37 67 68 60 68
26 38 23 25 23 20
26 39 28 31 26 34
27 28 79 76 81 69
27 29 41 48 46 46
27 30 2 16 6 15
27 31 95 82 95 90
27 32 57 61 51 51
27 33 53 56 50 53
27 34 83 82 76 77
27 35 67 58 60 71
27 36 55 55 55 50
27 37 76 74 67 70
27 38 4 9 14 5
27 39 71 74 73 68
28 29 33 42 42 36
28 30 94 84 93 88
28 31 36 36 36 40
28 32 76 72 69 66
28 33 14 13 20 22
28 34 97 93 95 85
28 35 32 30 35 34
28 36 31 31 28 29
28 37 24 31 29 35
28 38 14 17 13 20
28 39 54 48 52 57
29 30 18 18 28 19
29 31 52 51 58 50
29 32 91 85 85 86
29 33 90 82 88 82
29 34 64 55 57 64
29 35 25 36 30 33
29 36 2 4 5 9
29 37 54 54 46 60
29 38 43 42 39 51
29 39 13 17 16 17
30 31 45 40 52 49
30 32 32 38 36 37
30 33 25 31 32 23
30 34 99 87 90 88
30 35 51 56 49 54
30 36 0 14 9 6
30 37 45 49 53 49
30 38 35 36 43 41
30 39 91 85 79 82
31 32 99 85 91 94
31 33 29 36 25 36
31 34 93 93 93 82
31 35 59 56 62 64
31 36 42 46 44 47
31 37 26 23 36 27
31 38 93 81 86 85
31 39 93 80 82 87
32 33 24 20 28 27
32 34 17 18 25 29
32 35 40 44 48 40
32 36 90 87 81 87
32 37 4 7 8 3
32 38 32 35 33 41
32 39 63 68 58 64
33 34 29 28 32 32
33 35 50 53 48 44
33 36 59 64 64 54
33 37 3 7 12 4
33 38 72 68 75 67
33 39 89 81 77 90
34 35 18 29 18 18
34 36 44 46 39 44
34 37 13 25 20 25
34 38 6 12 15 15
34 39 22 29 30 28
35 36 5 5 13 19
35 37 94 87 86 95
35 38 42 50 48 47
35 39 98 97 93 96
36 37 72 75 76 66
36 38 5 10 13 11
36 39 36 38 36 40
37 38 97 96 90 89
37 39 28 25 31 25
38 39 95 88 88 88
