50
0 1 51 68 33 19
0 2 65 47 62 65
0 3 55 85 73 40
0 4 46 54 20 30
0 5 98 89 74 43
0 6 79 62 69 83
0 7 57 51 55 50
0 8 65 64 80 33
0 9 41 86 73 84
0 10 99 47 88 50
0 11 4 3 43 70
0 12 14 73 14 6
0 13 38 64 35 39
0 14 92 53 97 29
0 15 68 91 28 67
0 16 69 50 79 28
0 17 35 68 63 69
0 18 69 23 70 75
0 19 39 37 54 79
0 20 80 62 93 42
0 21 58 90 52 24
0 22 41 57 80 77
0 23 21 55 51 16
0 24 34 27 79 20
0 25 76 95 93 66
0 26 97 20 98 79
0 27 78 46 51 31
0 28 28 57 15 14
0 29 58 33 40 23
0 30 24 5 81 69
0 31 88 62 40 84
0 32 54 39 87 69
0 33 67 43 22 29
0 34 5 28 63 62
0 35 48 55 68 48
0 36 91 29 38 69
0 37 41 78 11 34
0 38 68 91 87 55
0 39 42 71 15 59
0 40 31 33 71 18
0 41 12 3 19 67
0 42 48 11 66 85
0 43 29 83 16 20
0 44 58 14 43 46
0 45 82 89 67 75
0 46 85 61 47 37
0 47 66 37 46 80
0 48 91 45 55 74
0 49 27 66 74 47
1 2 1 61 66 48
1 3 88 29 30 37
1 4 85 49 47 46
1 5 31 73 53 18
1 6 92 88 86 26
1 7 35 46 72 15
1 8 31 58 38 8
1 9 45 40 76 63
1 10 87 54 31 87
1 11 35 25 46 9
1 12 64 24 55 47
1 13 25 41 63 25
1 14 15 8 55 76
1 15 95 81 92 59
1 16 85 94 19 38
1 17 99 35 66 21
1 18 64 71 43 19
1 19 54 24 11 82
1 20 81 88 55 63
1 21 95 32 63 67
1 22 28 39 46 74
1 23 25 23 52 33
1 24 16 39 73 69
1 25 77 88 51 82
1 26 20 79 74 61
1 27 78 61 80 22
1 28 79 61 68 93
1 29 7 64 73 64
1 30 90 68 85 33
1 31 43 47 82 59
1 32 45 45 18 40
1 33 8 36 65 42
1 34 40 24 50 65
1 35 72 52 48 69
1 36 99 85 53 88
1 37 92 22 75 65
1 38 1 47 3 10
1 39 97 52 36 24
1 40 73 44 32 47
1 41 72 18 77 80
1 42 0 73 14 22
1 43 56 58 36 60
1 44 96 55 94 76
1 45 44 74 83 16
1 46 44 30 40 67
1 47 84 20 59 18
1 48 45 41 47 44
1 49 91 80 23 36
2 3 73 68 52 29
2 4 25 41 27 65
2 5 50 31 27 35
2 6 59 31 74 86
2 7 44 32 87 34
2 8 1 0 11 25
2 9 13 7 49 18
2 10 72 93 90 21
2 11 47 21 18 45
2 12 74 73 36 56
2 13 17 59 19 81
2 14 78 33 78 22
2 15 46 75 27 83
2 16 33 7 32 12
2 17 83 21 39 69
2 18 3 52 34 54
2 19 70 47 70 58
2 20 97 20 31 43
2 21 5 50 52 77
2 22 71 45 92 31
2 23 8 78 72 2
2 24 17 46 48 61
2 25 80 22 72 85
2 26 70 79 30 60
2 27 52 20 80 66
2 28 51 65 76 16
2 29 76 43 77 71
2 30 96 65 43 62
2 31 97 69 56 63
2 32 82 77 71 55
2 33 1 75 4 26
2 34 43 18 68 46
2 35 88 52 73 71
2 36 46 67 49 24
2 37 36 73 38 41
2 38 11 23 3 4
2 39 46 49 84 57
2 40 26 67 9 44
2 41 88 83 22 32
2 42 10 10 21 11
2 43 49 78 75 62
2 44 51 71 34 30
2 45 28 66 41 62
2 46 98 62 48 47
2 47 81 59 31 66
2 48 26 22 61 22
2 49 79 58 68 65
3 4 42 75 57 28
3 5 51 17 77 25
3 6 30 81 55 60
3 7 62 16 83 72
3 8 7 71 54 77
3 9 55 67 80 67
3 10 41 49 16 36
3 11 3 15 1 37
3 12 75 31 59 42
3 13 43 57 84 51
3 14 61 33 14 22
3 15 75 56 89 73
3 16 83 35 26 72
3 17 84 85 49 45
3 18 7 27 24 70
3 19 36 28 79 10
3 20 64 38 37 50
3 21 13 61 24 53
3 22 64 30 81 69
3 23 13 48 38 67
3 24 90 36 69 59
3 25 68 49 19 21
3 26 30 49 9 73
3 27 62 56 65 62
3 28 42 83 86 84
3 29 25 82 38 14
3 30 0 17 24 29
3 31 28 7 11 72
3 32 17 80 48 81
3 33 8 8 64 30
3 34 74 53 38 57
3 35 79 69 33 55
3 36 43 21 23 40
3 37 76 61 30 47
3 38 20 62 66 71
3 39 97 89 75 25
3 40 97 93 29 60
3 41 38 38 27 7
3 42 14 50 38 54
3 43 67 92 65 36
3 44 71 65 44 50
3 45 98 54 91 80
3 46 29 24 50 14
3 47 22 47 22 66
3 48 86 18 33 68
3 49 84 41 58 48
4 5 82 27 31 78
4 6 72 68 68 20
4 7 89 73 66 44
4 8 82 31 95 76
4 9 0 68 55 1
4 10 98 39 33 86
4 11 0 19 68 66
4 12 92 58 92 74
4 13 81 20 51 82
4 14 49 25 21 57
4 15 36 81 57 36
4 16 95 21 80 34
4 17 37 46 54 46
4 18 30 72 68 34
4 19 27 26 30 44
4 20 62 63 91 34
4 21 49 53 79 47
4 22 90 54 35 57
4 23 12 30 25 44
4 24 80 53 23 56
4 25 78 37 25 49
4 26 47 40 76 73
4 27 24 20 40 75
4 28 53 83 19 19
4 29 59 20 19 78
4 30 55 18 67 67
4 31 8 41 24 69
4 32 55 70 43 68
4 33 97 51 42 21
4 34 24 21 5 11
4 35 40 38 15 80
4 36 25 66 59 9
4 37 55 37 31 47
4 38 92 60 28 97
4 39 74 22 34 29
4 40 31 28 52 31
4 41 51 39 38 25
4 42 77 27 28 20
4 43 42 81 30 36
4 44 94 96 20 92
4 45 10 33 27 69
4 46 64 41 63 48
4 47 95 19 53 81
4 48 59 17 56 84
4 49 8 67 65 9
5 6 95 39 39 59
5 7 76 49 33 51
5 8 69 27 69 87
5 9 52 25 28 82
5 10 14 18 64 71
5 11 2 69 12 20
5 12 24 69 82 54
5 13 33 49 41 27
5 14 67 42 58 16
5 15 64 27 16 34
5 16 60 13 60 20
5 17 12 41 67 29
5 18 75 86 84 65
5 19 86 50 57 49
5 20 91 32 43 43
5 21 57 44 50 58
5 22 64 33 55 85
5 23 80 59 70 48
5 24 36 62 57 14
5 25 62 60 20 88
5 26 82 53 90 22
5 27 90 30 66 73
5 28 58 28 55 42
5 29 33 48 22 52
5 30 40 50 55 20
5 31 2 62 61 65
5 32 74 55 94 66
5 33 8 21 20 26
5 34 12 21 60 72
5 35 62 69 37 29
5 36 91 49 50 97
5 37 18 33 58 70
5 38 89 55 64 79
5 39 61 41 85 87
5 40 21 62 8 75
5 41 9 72 12 63
5 42 9 50 48 1
5 43 34 25 7 55
5 44 81 59 46 49
5 45 13 4 37 22
5 46 86 55 34 19
5 47 75 92 40 52
5 48 34 36 80 54
5 49 6 55 46 58
6 7 27 8 14 41
6 8 36 45 78 38
6 9 15 31 73 16
6 10 59 17 19 85
6 11 96 47 80 74
6 12 32 65 64 78
6 13 22 43 83 79
6 14 74 32 23 15
6 15 59 18 46 20
6 16 67 60 74 26
6 17 97 39 32 82
6 18 65 72 81 23
6 19 47 78 51 74
6 20 18 27 42 9
6 21 55 72 66 21
6 22 6 28 25 36
6 23 8 76 31 66
6 24 30 55 12 32
6 25 85 64 38 94
6 26 84 29 68 31
6 27 69 84 78 40
6 28 87 18 71 31
6 29 18 83 40 61
6 30 53 66 77 39
6 31 95 96 94 42
6 32 49 80 71 71
6 33 89 65 25 62
6 34 90 80 46 25
6 35 93 54 62 36
6 36 96 98 56 92
6 37 61 66 34 28
6 38 25 16 49 21
6 39 39 31 57 38
6 40 32 77 33 76
6 41 40 70 8 68
6 42 43 52 56 82
6 43 31 28 58 48
6 44 52 39 90 44
6 45 31 10 59 75
6 46 33 56 12 28
6 47 5 28 31 44
6 48 52 56 48 86
6 49 2 42 27 38
7 8 66 21 21 83
7 9 64 43 74 56
7 10 76 62 92 41
7 11 97 49 49 72
7 12 58 35 78 41
7 13 47 49 25 82
7 14 12 78 45 35
7 15 1 60 34 0
7 16 40 35 61 38
7 17 99 79 55 83
7 18 70 70 74 25
7 19 58 87 19 28
7 20 97 82 69 74
7 21 56 75 30 49
7 22 62 27 40 59
7 23 79 20 24 95
7 24 60 74 37 89
7 25 61 64 26 82
7 26 15 74 20 47
7 27 86 68 24 59
7 28 60 53 46 21
7 29 51 21 19 37
7 30 41 50 9 34
7 31 53 32 78 53
7 32 50 54 16 37
7 33 98 63 78 85
7 34 23 6 12 35
7 35 76 32 50 83
7 36 79 86 82 39
7 37 50 79 20 10
7 38 19 18 24 40
7 39 27 33 26 32
7 40 58 50 25 24
7 41 32 50 72 59
7 42 37 34 58 7
7 43 75 52 62 58
7 44 65 36 59 78
7 45 81 43 91 95
7 46 52 62 13 31
7 47 21 62 48 44
7 48 28 42 39 38
7 49 30 13 38 56
8 9 6 31 76 60
8 10 80 17 83 56
8 11 79 55 90 54
8 12 1 48 18 22
8 13 71 82 23 69
8 14 64 87 29 33
8 15 27 64 38 39
8 16 3 33 47 55
8 17 71 21 78 62
8 18 38 70 10 66
8 19 52 12 30 15
8 20 67 54 33 22
8 21 68 48 93 20
8 22 60 50 90 51
8 23 88 38 69 66
8 24 78 52 23 48
8 25 32 84 81 62
8 26 87 48 78 39
8 27 46 68 84 80
8 28 18 83 32 60
8 29 10 66 22 24
8 30 36 80 73 18
8 31 16 50 37 82
8 32 3 70 41 47
8 33 29 21 45 12
8 34 49 39 34 45
8 35 2 73 58 72
8 36 60 83 41 86
8 37 27 44 42 84
8 38 9 74 66 24
8 39 98 81 73 52
8 40 79 16 57 54
8 41 31 10 70 39
8 42 68 59 36 67
8 43 2 8 31 39
8 44 57 59 55 20
8 45 14 75 30 40
8 46 89 66 50 43
8 47 59 23 37 77
8 48 59 78 74 73
8 49 66 65 51 42
9 10 34 59 29 80
9 11 61 44 60 18
9 12 58 32 41 65
9 13 80 91 58 44
9 14 9 20 36 69
9 15 56 72 62 35
9 16 49 59 10 39
9 17 23 20 10 24
9 18 92 26 18 39
9 19 12 36 65 77
9 20 86 46 18 39
9 21 96 30 55 49
9 22 94 88 38 23
9 23 49 35 47 37
9 24 65 45 75 17
9 25 53 64 43 22
9 26 27 82 52 41
9 27 68 92 57 21
9 28 17 48 44 29
9 29 60 61 82 26
9 30 93 72 98 76
9 31 16 22 51 44
9 32 29 12 17 33
9 33 73 80 51 73
9 34 83 51 53 96
9 35 7 24 13 37
9 36 89 52 71 31
9 37 2 2 49 36
9 38 30 22 7 82
9 39 5 5 77 56
9 40 62 71 22 80
9 41 8 56 21 6
9 42 73 94 72 61
9 43 41 44 66 72
9 44 38 8 71 26
9 45 34 56 22 25
9 46 12 59 7 77
9 47 31 48 57 38
9 48 73 22 36 49
9 49 4 67 52 73
10 11 89 43 40 92
10 12 29 76 38 59
10 13 45 27 43 36
10 14 58 69 38 52
10 15 61 86 71 31
10 16 90 42 50 25
10 17 36 53 85 47
10 18 9 28 46 29
10 19 46 62 83 73
10 20 33 41 31 64
10 21 56 61 77 81
10 22 62 83 57 68
10 23 24 72 74 13
10 24 59 36 75 44
10 25 98 84 88 40
10 26 38 38 32 18
10 27 49 44 88 67
10 28 69 44 56 45
10 29 67 38 60 61
10 30 88 30 51 68
10 31 53 50 49 20
10 32 98 68 26 21
10 33 88 64 50 66
10 34 35 63 29 26
10 35 59 20 13 45
10 36 97 96 94 34
10 37 69 77 79 48
10 38 84 42 21 74
10 39 32 8 10 48
10 40 86 48 39 25
10 41 33 29 81 22
10 42 51 80 44 27
10 43 3 40 71 29
10 44 66 40 62 38
10 45 68 47 91 55
10 46 80 29 74 29
10 47 59 61 35 12
10 48 17 33 79 58
10 49 13 72 12 8
11 12 70 18 60 20
11 13 61 72 32 86
11 14 92 91 51 96
11 15 6 28 71 40
11 16 52 84 30 21
11 17 65 75 64 33
11 18 78 69 86 88
11 19 94 89 95 50
11 20 67 44 58 36
11 21 62 59 58 30
11 22 43 50 72 11
11 23 37 17 14 33
11 24 74 32 25 29
11 25 87 59 28 88
11 26 87 44 27 36
11 27 33 64 32 47
11 28 18 28 55 29
11 29 4 1 64 24
11 30 31 39 54 65
11 31 95 59 31 98
11 32 5 42 26 34
11 33 66 32 52 77
11 34 61 51 83 57
11 35 99 35 85 69
11 36 32 36 16 22
11 37 11 11 81 61
11 38 0 43 28 61
11 39 7 68 40 42
11 40 66 42 92 67
11 41 72 15 37 30
11 42 39 44 78 48
11 43 4 63 65 33
11 44 65 61 69 65
11 45 39 74 77 86
11 46 17 20 57 82
11 47 10 81 36 52
11 48 74 73 43 83
11 49 71 54 59 63
12 13 87 64 83 82
12 14 99 36 50 69
12 15 38 27 11 26
12 16 20 34 75 43
12 17 91 48 67 91
12 18 88 40 34 97
12 19 83 47 28 42
12 20 61 87 66 81
12 21 13 12 54 76
12 22 53 24 26 63
12 23 18 31 14 52
12 24 43 25 8 82
12 25 34 70 84 25
12 26 23 29 15 36
12 27 33 26 57 25
12 28 0 9 64 59
12 29 61 65 65 34
12 30 26 84 67 55
12 31 30 27 24 39
12 32 81 84 60 66
12 33 71 25 76 65
12 34 90 87 66 84
12 35 77 18 36 84
12 36 0 5 36 14
12 37 19 8 11 34
12 38 37 68 73 65
12 39 87 53 55 86
12 40 51 67 79 36
12 41 83 96 21 18
12 42 69 46 61 67
12 43 84 88 20 42
12 44 96 55 71 98
12 45 3 53 69 4
12 46 60 85 23 37
12 47 88 29 30 75
12 48 59 19 40 52
12 49 58 52 40 70
13 14 99 44 25 24
13 15 56 61 12 58
13 16 64 78 18 21
13 17 15 10 74 57
13 18 7 74 7 67
13 19 71 32 82 25
13 20 67 16 63 75
13 21 12 56 28 41
13 22 14 58 50 54
13 23 2 77 5 40
13 24 58 22 53 28
13 25 30 41 38 17
13 26 54 21 75 14
13 27 79 48 24 78
13 28 66 75 18 73
13 29 92 55 63 31
13 30 32 61 35 68
13 31 88 39 80 77
13 32 35 49 31 36
13 33 25 14 79 28
13 34 99 63 32 67
13 35 94 88 25 38
13 36 41 47 74 79
13 37 3 42 65 60
13 38 47 13 23 18
13 39 32 7 43 42
13 40 92 33 27 62
13 41 43 83 31 18
13 42 3 30 54 1
13 43 1 70 14 15
13 44 72 83 67 15
13 45 10 39 70 42
13 46 12 11 66 16
13 47 96 84 46 71
13 48 97 22 39 45
13 49 83 69 18 75
14 15 66 72 62 15
14 16 84 80 39 25
14 17 77 51 82 73
14 18 18 12 19 5
14 19 57 34 17 50
14 20 8 80 23 71
14 21 90 78 73 74
14 22 6 6 51 30
14 23 86 48 66 84
14 24 8 13 72 37
14 25 21 11 45 76
14 26 41 39 26 19
14 27 79 94 74 51
14 28 69 22 70 15
14 29 17 45 59 22
14 30 43 61 55 61
14 31 70 52 40 60
14 32 78 45 54 45
14 33 44 40 76 49
14 34 8 20 27 56
14 35 52 77 11 21
14 36 30 81 82 69
14 37 95 25 86 58
14 38 35 46 30 85
14 39 77 68 26 34
14 40 71 64 35 58
14 41 38 75 65 77
14 42 11 72 75 5
14 43 24 9 17 57
14 44 41 14 9 54
14 45 43 59 69 42
14 46 94 23 58 80
14 47 84 39 28 61
14 48 39 29 78 10
14 49 72 51 28 15
15 16 15 48 12 49
15 17 77 82 58 26
15 18 79 22 94 95
15 19 72 17 15 79
15 20 62 28 78 87
15 21 40 47 29 80
15 22 53 29 60 30
15 23 22 24 53 60
15 24 19 44 12 67
15 25 42 66 54 47
15 26 59 19 91 70
15 27 24 5 31 61
15 28 55 83 37 28
15 29 12 35 9 27
15 30 95 74 69 31
15 31 25 39 35 6
15 32 58 36 72 15
15 33 85 76 76 35
15 34 30 82 61 78
15 35 64 33 54 68
15 36 29 31 31 44
15 37 86 19 96 29
15 38 45 39 63 48
15 39 72 20 16 64
15 40 99 86 88 52
15 41 7 50 68 68
15 42 64 67 78 18
15 43 97 23 67 62
15 44 13 55 43 59
15 45 75 30 84 86
15 46 40 65 68 42
15 47 15 42 50 76
15 48 36 82 19 72
15 49 71 55 61 65
16 17 90 60 75 43
16 18 94 38 28 68
16 19 93 61 60 90
16 20 72 71 69 18
16 21 54 58 28 80
16 22 99 64 55 58
16 23 87 46 36 62
16 24 57 87 69 21
16 25 80 81 91 87
16 26 45 70 83 33
16 27 98 76 75 86
16 28 91 26 46 90
16 29 73 33 86 19
16 30 68 26 49 76
16 31 97 20 54 26
16 32 52 30 46 87
16 33 39 18 48 74
16 34 82 34 37 30
16 35 56 42 64 71
16 36 46 35 22 32
16 37 78 41 49 68
16 38 17 4 10 63
16 39 28 39 37 29
16 40 53 13 44 90
16 41 82 39 67 24
16 42 42 52 59 24
16 43 9 37 57 32
16 44 60 77 59 46
16 45 33 41 8 15
16 46 20 21 34 34
16 47 50 83 34 10
16 48 78 64 89 76
16 49 2 13 29 61
17 18 21 55 72 46
17 19 93 47 70 60
17 20 69 52 43 18
17 21 11 25 65 62
17 22 85 58 66 76
17 23 93 80 30 71
17 24 0 54 40 47
17 25 27 42 13 66
17 26 37 48 64 35
17 27 66 21 31 34
17 28 24 13 40 6
17 29 11 36 34 73
17 30 0 52 49 64
17 31 66 89 23 90
17 32 29 30 37 14
17 33 31 75 10 13
17 34 9 18 73 60
17 35 2 36 65 39
17 36 36 9 76 39
17 37 93 98 23 31
17 38 75 75 83 93
17 39 49 67 40 41
17 40 84 66 48 91
17 41 93 62 56 53
17 42 93 90 40 80
17 43 16 63 27 50
17 44 62 36 14 25
17 45 16 21 29 4
17 46 40 52 25 49
17 47 0 64 64 6
17 48 0 40 59 43
17 49 44 18 15 77
18 19 17 71 70 80
18 20 23 83 8 61
18 21 53 60 79 43
18 22 20 33 15 33
18 23 53 90 62 39
18 24 97 68 66 77
18 25 10 7 25 35
18 26 12 55 44 81
18 27 75 45 93 55
18 28 24 56 60 62
18 29 56 15 68 39
18 30 84 75 68 44
18 31 33 35 47 62
18 32 96 43 85 42
18 33 4 75 6 29
18 34 29 69 63 41
18 35 71 71 64 60
18 36 26 66 5 27
18 37 65 87 21 40
18 38 64 29 54 49
18 39 47 57 52 39
18 40 34 31 24 80
18 41 53 39 68 86
18 42 21 36 29 12
18 43 42 83 55 44
18 44 26 58 45 36
18 45 55 48 32 62
18 46 88 64 72 96
18 47 74 23 59 57
18 48 29 39 62 39
18 49 42 33 80 45
19 20 26 31 35 34
19 21 60 61 54 72
19 22 16 66 58 44
19 23 80 63 71 47
19 24 19 55 75 68
19 25 3 6 42 0
19 26 9 21 71 70
19 27 13 13 43 49
19 28 40 32 27 50
19 29 30 72 64 85
19 30 50 10 78 15
19 31 45 72 33 70
19 32 42 76 77 65
19 33 25 25 47 8
19 34 50 14 38 25
19 35 1 21 1 37
19 36 38 23 70 72
19 37 31 43 40 41
19 38 20 45 29 15
19 39 66 66 44 47
19 40 19 52 49 28
19 41 71 53 75 78
19 42 67 24 65 76
19 43 65 41 32 53
19 44 71 60 46 73
19 45 33 12 33 43
19 46 85 29 35 40
19 47 83 17 22 24
19 48 35 79 35 86
19 49 47 68 71 14
20 21 87 95 62 67
20 22 67 27 61 93
20 23 4 9 8 21
20 24 10 23 78 26
20 25 46 60 31 46
20 26 57 38 87 21
20 27 10 12 20 64
20 28 35 45 75 48
20 29 63 35 26 69
20 30 10 22 74 5
20 31 71 81 69 93
20 32 92 37 54 29
20 33 81 25 75 78
20 34 13 81 7 79
20 35 67 19 51 61
20 36 43 41 84 23
20 37 97 74 45 49
20 38 82 24 67 48
20 39 15 38 63 52
20 40 55 68 34 36
20 41 28 85 70 43
20 42 95 71 93 29
20 43 15 80 46 37
20 44 59 37 31 46
20 45 91 78 87 39
20 46 34 68 61 43
20 47 22 12 12 71
20 48 88 24 91 32
20 49 35 77 62 28
21 22 12 80 66 11
21 23 96 25 49 81
21 24 4 50 49 24
21 25 6 42 50 69
21 26 62 45 20 44
21 27 40 9 11 25
21 28 17 38 9 48
21 29 7 63 13 18
21 30 92 47 42 46
21 31 21 64 50 83
21 32 8 63 12 60
21 33 58 75 32 84
21 34 17 28 45 69
21 35 47 11 23 37
21 36 81 68 64 62
21 37 91 83 80 64
21 38 3 79 43 53
21 39 13 81 47 54
21 40 76 31 44 35
21 41 46 74 39 13
21 42 79 53 21 57
21 43 91 71 42 84
21 44 51 88 73 84
21 45 84 70 63 28
21 46 40 71 77 48
21 47 57 49 48 73
21 48 46 57 13 39
21 49 47 44 44 75
22 23 29 59 73 81
22 24 41 84 58 29
22 25 31 47 44 76
22 26 93 58 55 28
22 27 20 28 46 52
22 28 74 58 64 48
22 29 49 74 38 26
22 30 32 60 56 19
22 31 32 63 43 47
22 32 13 33 34 41
22 33 46 56 38 18
22 34 56 37 64 57
22 35 58 18 29 69
22 36 63 71 27 78
22 37 84 29 42 46
22 38 61 53 57 55
22 39 45 58 43 11
22 40 67 38 70 50
22 41 3 11 65 48
22 42 95 41 96 28
22 43 5 7 3 62
22 44 6 21 60 43
22 45 89 52 70 25
22 46 91 18 37 40
22 47 44 40 18 49
22 48 69 76 64 34
22 49 73 76 80 32
23 24 96 74 91 89
23 25 33 54 75 35
23 26 48 38 27 12
23 27 82 73 24 48
23 28 46 79 57 37
23 29 2 38 28 45
23 30 1 23 45 12
23 31 68 78 35 56
23 32 26 35 16 51
23 33 92 40 82 70
23 34 89 75 40 74
23 35 55 46 56 80
23 36 59 84 85 74
23 37 55 79 44 68
23 38 76 84 37 78
23 39 88 97 33 84
23 40 73 71 80 47
23 41 48 19 63 70
23 42 50 87 37 13
23 43 77 35 21 59
23 44 44 80 66 28
23 45 6 68 12 64
23 46 6 37 62 74
23 47 86 26 35 68
23 48 38 32 60 48
23 49 75 34 22 40
24 25 53 12 29 43
24 26 5 41 72 63
24 27 32 80 16 24
24 28 8 19 10 67
24 29 58 50 16 80
24 30 40 12 43 63
24 31 90 95 84 95
24 32 42 28 30 62
24 33 21 4 29 7
24 34 25 19 44 40
24 35 13 22 44 53
24 36 72 63 43 28
24 37 70 93 20 83
24 38 21 18 4 49
24 39 0 30 32 47
24 40 25 27 61 49
24 41 68 83 57 66
24 42 95 60 87 84
24 43 70 23 24 87
24 44 94 59 95 52
24 45 33 57 66 63
24 46 59 81 32 22
24 47 19 58 27 68
24 48 16 61 7 55
24 49 81 75 54 63
25 26 53 74 72 77
25 27 2 56 18 35
25 28 97 88 61 69
25 29 94 36 82 22
25 30 64 49 31 40
25 31 8 2 45 55
25 32 64 71 55 22
25 33 10 41 43 9
25 34 63 81 67 70
25 35 91 27 39 62
25 36 56 33 63 17
25 37 34 71 27 66
25 38 52 38 83 33
25 39 19 8 56 48
25 40 78 46 77 78
25 41 84 40 84 82
25 42 17 48 78 77
25 43 69 42 42 53
25 44 57 46 61 23
25 45 81 45 30 90
25 46 32 66 32 54
25 47 23 47 23 11
25 48 79 88 40 84
25 49 65 70 68 58
26 27 1 40 37 74
26 28 44 51 40 72
26 29 74 38 56 18
26 30 43 23 69 25
26 31 90 86 52 68
26 32 23 39 29 30
26 33 58 14 20 17
26 34 82 87 87 70
26 35 31 83 55 51
26 36 38 31 71 59
26 37 95 33 99 93
26 38 78 26 35 20
26 39 29 55 60 13
26 40 61 13 59 76
26 41 75 91 78 65
26 42 58 56 52 90
26 43 52 84 60 33
26 44 63 62 54 62
26 45 21 78 26 16
26 46 2 2 56 79
26 47 41 10 37 18
26 48 54 57 46 68
26 49 15 70 36 56
27 28 61 51 76 62
27 29 0 31 1 25
27 30 24 48 78 83
27 31 96 75 71 39
27 32 46 82 86 78
27 33 53 89 86 88
27 34 84 44 70 92
27 35 19 77 29 32
27 36 66 22 15 61
27 37 86 94 70 19
27 38 22 8 25 50
27 39 81 57 67 62
27 40 65 35 70 71
27 41 37 74 61 21
27 42 69 77 29 14
27 43 6 35 53 5
27 44 58 49 44 28
27 45 61 50 76 61
27 46 94 23 26 80
27 47 40 26 22 33
27 48 95 68 96 90
27 49 10 27 20 13
28 29 13 80 26 13
28 30 21 33 34 48
28 31 89 39 44 73
28 32 27 52 13 41
28 33 34 14 49 69
28 34 46 38 14 36
28 35 10 25 75 76
28 36 17 33 67 76
28 37 40 85 10 57
28 38 0 72 43 33
28 39 94 77 19 56
28 40 81 20 70 74
28 41 95 70 35 54
28 42 54 36 31 52
28 43 56 43 15 29
28 44 88 81 70 29
28 45 66 47 64 14
28 46 87 53 82 96
28 47 9 41 77 34
28 48 77 84 72 69
28 49 72 52 75 54
29 30 80 95 45 59
29 31 88 60 50 83
29 32 5 73 47 60
29 33 56 84 21 24
29 34 27 72 74 75
29 35 99 93 71 93
29 36 46 69 60 62
29 37 43 81 79 37
29 38 52 12 76 15
29 39 38 22 49 57
29 40 35 50 30 60
29 41 69 80 85 59
29 42 56 34 22 15
29 43 38 78 60 53
29 44 38 32 59 25
29 45 72 89 94 76
29 46 79 83 47 73
29 47 92 71 77 61
29 48 80 47 72 93
29 49 71 35 59 20
30 31 12 26 5 31
30 32 12 71 69 27
30 33 15 25 70 49
30 34 7 44 53 32
30 35 42 51 17 67
30 36 69 84 84 18
30 37 43 58 77 70
30 38 39 75 70 37
30 39 84 37 64 89
30 40 96 47 34 39
30 41 38 62 43 31
30 42 81 18 80 84
30 43 15 81 72 32
30 44 93 62 61 81
30 45 67 55 14 18
30 46 7 53 29 46
30 47 90 90 45 60
30 48 6 54 50 5
30 49 29 27 36 47
31 32 22 7 6 36
31 33 24 32 59 53
31 34 69 42 57 23
31 35 33 73 80 22
31 36 9 67 18 17
31 37 51 82 41 13
31 38 59 57 56 53
31 39 23 76 40 52
31 40 94 90 68 44
31 41 81 94 86 59
31 42 98 59 65 25
31 43 27 81 20 48
31 44 71 65 23 25
31 45 0 42 59 46
31 46 23 35 15 76
31 47 86 83 95 82
31 48 56 79 68 89
31 49 20 17 22 42
32 33 1 32 17 58
32 34 30 35 47 58
32 35 99 97 30 94
32 36 16 75 70 19
32 37 22 69 5 25
32 38 55 13 87 50
32 39 95 72 82 79
32 40 31 31 69 80
32 41 26 27 10 74
32 42 84 48 62 46
32 43 4 29 21 78
32 44 6 59 74 76
32 45 40 77 75 54
32 46 54 85 44 82
32 47 29 48 69 32
32 48 8 29 7 62
32 49 68 69 77 23
33 34 27 9 22 53
33 35 72 54 57 40
33 36 68 81 68 17
33 37 23 27 31 45
33 38 93 27 47 59
33 39 84 47 44 33
33 40 39 85 19 14
33 41 9 71 56 52
33 42 70 65 53 87
33 43 29 11 53 74
33 44 50 38 24 11
33 45 35 79 67 15
33 46 87 55 88 48
33 47 79 53 51 46
33 48 28 83 60 73
33 49 0 66 27 72
34 35 82 80 87 45
34 36 55 70 38 68
34 37 40 21 27 67
34 38 88 50 68 67
34 39 59 49 38 47
34 40 10 57 33 2
34 41 52 33 12 25
34 42 46 44 30 39
34 43 74 35 38 85
34 44 74 20 73 75
34 45 68 33 78 59
34 46 57 20 78 66
34 47 14 18 31 52
34 48 69 14 86 42
34 49 28 14 33 53
35 36 92 45 50 36
35 37 86 20 51 21
35 38 41 53 37 69
35 39 10 8 45 56
35 40 38 26 52 80
35 41 30 31 84 39
35 42 8 38 60 17
35 43 73 48 43 63
35 44 37 24 27 50
35 45 61 88 90 55
35 46 89 68 43 77
35 47 80 52 90 40
35 48 14 67 75 54
35 49 32 61 35 80
36 37 23 6 46 40
36 38 39 71 52 77
36 39 97 54 53 85
36 40 97 96 50 50
36 41 51 54 47 85
36 42 11 2 74 14
36 43 92 40 49 57
36 44 37 73 57 73
36 45 47 84 32 79
36 46 50 75 39 45
36 47 8 74 62 5
36 48 75 91 47 36
36 49 42 43 49 84
37 38 46 23 88 25
37 39 23 72 39 31
37 40 66 62 79 74
37 41 83 56 91 63
37 42 88 59 61 70
37 43 6 5 76 65
37 44 1 78 77 43
37 45 59 77 51 24
37 46 87 23 21 61
37 47 98 76 83 73
37 48 46 87 47 42
37 49 97 49 74 59
38 39 40 76 59 46
38 40 19 38 47 34
38 41 68 30 22 78
38 42 80 24 35 70
38 43 90 43 39 81
38 44 74 30 59 50
38 45 19 30 37 42
38 46 92 32 23 79
38 47 39 82 30 71
38 48 87 64 20 35
38 49 4 67 73 45
39 40 96 53 73 34
39 41 22 38 14 80
39 42 18 63 66 16
39 43 50 59 11 81
39 44 76 19 89 79
39 45 19 34 39 45
39 46 86 94 82 61
39 47 20 12 22 34
39 48 49 51 14 89
39 49 74 30 21 69
40 41 93 74 82 24
40 42 24 6 10 38
40 43 40 32 17 41
40 44 64 59 39 66
40 45 16 70 76 79
40 46 43 78 55 53
40 47 3 30 30 26
40 48 1 61 22 37
40 49 77 40 53 57
41 42 89 19 35 57
41 43 72 59 89 46
41 44 15 65 37 9
41 45 57 87 59 39
41 46 26 58 25 25
41 47 5 21 57 19
41 48 30 75 44 21
41 49 18 25 49 39
42 43 34 31 7 15
42 44 50 60 50 63
42 45 42 83 63 55
42 46 41 80 60 34
42 47 43 30 38 64
42 48 26 38 20 57
42 49 63 78 30 21
43 44 92 19 59 21
43 45 31 34 20 67
43 46 91 20 50 20
43 47 81 45 86 76
43 48 31 34 25 23
43 49 54 30 48 26
44 45 71 59 59 86
44 46 32 16 76 70
44 47 51 53 37 52
44 48 84 81 30 66
44 49 71 20 37 52
45 46 55 16 61 50
45 47 2 15 62 25
45 48 86 40 86 53
45 49 38 34 44 26
46 47 50 73 40 12
46 48 49 88 21 47
46 49 24 62 60 77
47 48 12 78 45 18
47 49 13 48 19 14
48 49 79 30 45 88
