50
0 1 23 38 43 11
0 2 24 29 23 47
0 3 3 21 3 49
0 4 57 31 70 75
0 5 67 47 50 70
0 6 61 66 61 39
0 7 78 64 44 57
0 8 71 64 40 63
0 9 51 75 44 52
0 10 58 40 39 52
0 11 80 48 71 55
0 12 2 42 28 25
0 13 90 66 54 55
0 14 89 87 84 86
0 15 16 51 57 47
0 16 21 11 37 11
0 17 17 33 38 46
0 18 83 69 89 61
0 19 49 27 42 65
0 20 22 31 38 53
0 21 17 17 30 23
0 22 33 64 38 19
0 23 2 28 3 21
0 24 18 54 20 55
0 25 62 69 78 52
0 26 3 11 44 13
0 27 83 77 56 76
0 28 31 26 40 18
0 29 54 33 66 27
0 30 45 51 56 26
0 31 8 20 8 9
0 32 25 33 56 39
0 33 76 38 76 75
0 34 8 18 42 28
0 35 88 47 54 91
0 36 44 29 39 53
0 37 6 36 9 31
0 38 28 54 40 62
0 39 54 75 52 41
0 40 60 62 57 36
0 41 39 44 32 51
0 42 22 46 20 14
0 43 67 78 39 42
0 44 76 64 78 73
0 45 67 54 64 72
0 46 69 79 56 70
0 47 77 71 55 80
0 48 11 22 21 24
0 49 98 57 76 92
1 2 31 47 27 63
1 3 64 48 71 35
1 4 91 57 56 47
1 5 97 77 49 88
1 6 6 36 11 37
1 7 17 41 58 39
1 8 53 48 50 39
1 9 63 66 76 42
1 10 74 66 60 67
1 11 72 75 41 79
1 12 76 87 42 82
1 13 88 63 61 65
1 14 7 11 43 44
1 15 65 78 70 64
1 16 32 16 61 50
1 17 65 61 37 56
1 18 12 36 36 31
1 19 79 80 69 44
1 20 71 63 64 64
1 21 98 61 71 78
1 22 93 65 70 65
1 23 23 43 32 25
1 24 36 50 36 46
1 25 42 40 59 47
1 26 64 63 68 41
1 27 50 72 41 30
1 28 54 58 63 76
1 29 74 59 72 47
1 30 93 55 57 76
1 31 2 6 16 19
1 32 76 64 40 68
1 33 40 49 65 37
1 34 20 57 15 17
1 35 33 19 63 19
1 36 23 41 30 29
1 37 16 20 44 15
1 38 23 37 53 51
1 39 44 39 69 51
1 40 73 60 54 37
1 41 53 58 53 45
1 42 50 25 37 54
1 43 18 53 24 23
1 44 27 24 32 63
1 45 54 28 61 32
1 46 42 47 59 29
1 47 6 7 4 49
1 48 30 33 39 25
1 49 29 25 31 63
2 3 67 41 38 59
2 4 37 26 63 60
2 5 72 74 39 76
2 6 91 65 67 72
2 7 44 71 43 41
2 8 96 67 67 92
2 9 4 38 41 7
2 10 44 36 59 33
2 11 59 39 35 59
2 12 93 62 52 65
2 13 3 26 51 5
2 14 57 70 60 63
2 15 72 37 57 70
2 16 94 85 60 92
2 17 27 38 41 48
2 18 9 23 6 12
2 19 16 31 50 39
2 20 83 81 48 49
2 21 23 25 51 57
2 22 69 54 35 71
2 23 89 66 77 93
2 24 98 78 93 88
2 25 51 44 26 44
2 26 56 51 69 51
2 27 63 44 54 42
2 28 39 31 46 40
2 29 83 86 55 64
2 30 40 54 68 50
2 31 57 47 41 35
2 32 58 62 61 63
2 33 34 28 38 55
2 34 60 39 51 79
2 35 5 32 31 48
2 36 66 43 41 64
2 37 96 88 60 85
2 38 65 57 80 64
2 39 3 32 28 44
2 40 24 51 32 33
2 41 85 57 91 64
2 42 42 61 29 54
2 43 55 67 75 69
2 44 96 83 68 70
2 45 37 50 38 42
2 46 15 28 53 16
2 47 48 24 65 33
2 48 54 44 34 70
2 49 92 49 51 84
3 4 98 87 86 92
3 5 34 32 21 20
3 6 48 61 59 35
3 7 12 24 26 22
3 8 94 50 74 73
3 9 60 35 69 74
3 10 40 29 58 22
3 11 91 81 58 68
3 12 66 68 60 71
3 13 20 20 54 53
3 14 35 55 40 58
3 15 60 41 62 69
3 16 79 48 49 63
3 17 70 45 35 78
3 18 76 74 59 84
3 19 23 49 48 27
3 20 79 42 43 63
3 21 46 50 26 49
3 22 85 87 56 85
3 23 58 69 44 37
3 24 90 70 62 77
3 25 17 42 34 54
3 26 88 91 69 60
3 27 45 45 43 69
3 28 57 41 78 58
3 29 30 28 18 37
3 30 88 46 78 56
3 31 38 22 33 22
3 32 57 35 43 69
3 33 37 23 39 47
3 34 6 21 37 10
3 35 73 68 49 85
3 36 90 49 86 85
3 37 3 33 12 29
3 38 75 69 74 43
3 39 83 79 85 49
3 40 26 22 60 22
3 41 55 45 74 52
3 42 42 48 70 46
3 43 44 66 63 26
3 44 42 59 68 67
3 45 80 52 47 41
3 46 57 30 77 49
3 47 91 75 78 86
3 48 97 61 80 71
3 49 18 10 12 43
4 5 59 61 68 50
4 6 51 59 68 30
4 7 0 14 44 16
4 8 4 15 23 21
4 9 1 11 22 6
4 10 69 83 68 43
4 11 5 17 36 26
4 12 10 19 47 39
4 13 84 52 63 55
4 14 28 45 36 43
4 15 47 69 57 33
4 16 70 76 38 36
4 17 55 44 59 59
4 18 43 65 49 29
4 19 23 14 19 43
4 20 4 5 27 13
4 21 87 81 82 48
4 22 82 68 44 91
4 23 98 57 49 97
4 24 68 63 54 47
4 25 20 35 31 48
4 26 70 68 62 79
4 27 96 53 75 69
4 28 9 26 36 42
4 29 44 23 25 65
4 30 3 32 48 19
4 31 96 72 82 95
4 32 44 48 54 54
4 33 57 73 33 36
4 34 69 49 66 48
4 35 13 49 22 30
4 36 69 36 37 42
4 37 20 10 51 55
4 38 43 34 55 25
4 39 62 63 34 34
4 40 21 58 25 37
4 41 30 58 65 32
4 42 62 53 58 51
4 43 44 48 45 26
4 44 92 88 67 69
4 45 57 50 47 63
4 46 23 54 39 59
4 47 20 37 57 17
4 48 94 58 50 71
4 49 3 28 33 39
5 6 49 27 65 35
5 7 73 49 42 76
5 8 66 66 52 46
5 9 8 41 53 47
5 10 21 29 55 24
5 11 44 47 44 50
5 12 89 51 48 65
5 13 8 45 30 22
5 14 1 26 13 2
5 15 28 48 41 16
5 16 19 34 36 50
5 17 91 50 52 66
5 18 78 75 56 64
5 19 77 39 66 43
5 20 20 52 51 47
5 21 71 64 54 44
5 22 99 95 50 89
5 23 28 54 26 36
5 24 64 80 42 63
5 25 26 57 18 54
5 26 8 22 23 7
5 27 21 24 39 49
5 28 67 41 47 54
5 29 8 18 15 20
5 30 37 19 66 30
5 31 11 40 14 9
5 32 81 55 77 86
5 33 95 72 95 82
5 34 46 30 65 40
5 35 57 74 48 53
5 36 87 47 43 73
5 37 47 73 49 60
5 38 91 92 72 65
5 39 73 75 66 86
5 40 41 45 64 69
5 41 73 65 51 45
5 42 42 49 32 64
5 43 62 32 34 73
5 44 9 12 17 49
5 45 23 55 52 41
5 46 6 7 23 48
5 47 74 76 76 80
5 48 45 37 26 46
5 49 33 20 49 54
6 7 96 91 86 60
6 8 70 51 47 80
6 9 5 41 37 26
6 10 22 33 14 39
6 11 18 50 32 38
6 12 57 71 64 35
6 13 92 57 62 59
6 14 74 76 57 75
6 15 4 43 32 17
6 16 24 23 52 34
6 17 3 6 32 50
6 18 59 43 70 46
6 19 79 85 57 66
6 20 49 38 38 64
6 21 6 11 15 30
6 22 76 63 53 80
6 23 99 74 72 90
6 24 41 63 41 29
6 25 63 51 47 77
6 26 89 91 76 70
6 27 68 77 79 70
6 28 91 73 46 64
6 29 14 9 34 44
6 30 45 55 37 48
6 31 71 61 49 58
6 32 25 23 40 25
6 33 9 48 40 30
6 34 51 63 31 42
6 35 18 26 36 26
6 36 54 61 67 76
6 37 73 50 60 63
6 38 48 51 35 73
6 39 30 33 29 30
6 40 51 68 52 29
6 41 70 39 45 66
6 42 64 65 50 60
6 43 78 66 76 49
6 44 90 94 94 82
6 45 4 35 45 22
6 46 30 51 61 42
6 47 9 34 37 5
6 48 79 50 48 61
6 49 63 41 79 45
7 8 65 73 45 80
7 9 32 65 44 33
7 10 45 55 43 71
7 11 82 64 51 62
7 12 51 64 34 47
7 13 13 32 35 9
7 14 28 44 56 64
7 15 85 44 49 64
7 16 31 47 48 40
7 17 95 69 79 58
7 18 42 35 36 57
7 19 9 41 18 45
7 20 19 54 31 43
7 21 42 54 69 34
7 22 22 36 15 45
7 23 21 56 30 42
7 24 68 82 62 69
7 25 26 19 54 39
7 26 60 42 50 67
7 27 98 95 77 87
7 28 33 61 57 19
7 29 78 57 67 45
7 30 82 46 50 72
7 31 78 82 86 88
7 32 98 86 69 82
7 33 83 60 57 83
7 34 53 41 36 32
7 35 23 35 26 56
7 36 26 57 24 52
7 37 73 84 48 56
7 38 92 49 66 50
7 39 81 80 90 64
7 40 35 21 59 64
7 41 22 25 25 23
7 42 98 92 69 65
7 43 39 49 37 50
7 44 25 45 18 32
7 45 42 48 29 61
7 46 14 28 21 30
7 47 62 66 63 61
7 48 58 42 35 65
7 49 49 66 29 64
8 9 48 44 43 68
8 10 67 78 76 66
8 11 99 88 70 64
8 12 91 92 50 79
8 13 59 77 39 72
8 14 86 79 85 47
8 15 39 41 51 69
8 16 45 57 34 28
8 17 32 38 43 66
8 18 71 78 45 58
8 19 32 64 63 44
8 20 18 31 22 33
8 21 98 94 60 79
8 22 62 61 53 33
8 23 74 63 74 82
8 24 40 22 66 39
8 25 29 45 45 54
8 26 72 81 37 78
8 27 6 12 29 6
8 28 55 69 70 38
8 29 53 71 52 54
8 30 23 54 36 28
8 31 96 72 60 52
8 32 53 69 28 52
8 33 62 41 69 81
8 34 57 56 43 34
8 35 43 49 68 57
8 36 35 36 44 18
8 37 96 72 81 54
8 38 84 85 75 61
8 39 73 61 61 47
8 40 87 43 43 65
8 41 3 29 12 12
8 42 88 60 51 65
8 43 2 35 41 49
8 44 62 43 74 38
8 45 72 82 37 42
8 46 52 42 72 54
8 47 53 44 69 59
8 48 31 34 54 51
8 49 28 35 14 20
9 10 95 59 71 50
9 11 90 69 62 70
9 12 98 82 74 80
9 13 55 69 37 31
9 14 60 39 34 56
9 15 89 46 83 63
9 16 82 60 71 63
9 17 22 27 23 20
9 18 11 18 13 23
9 19 51 42 56 45
9 20 76 74 74 53
9 21 66 71 47 41
9 22 93 64 89 91
9 23 40 44 47 36
9 24 32 54 21 23
9 25 24 39 60 57
9 26 36 31 34 34
9 27 8 26 39 19
9 28 50 68 53 73
9 29 94 56 48 74
9 30 90 92 48 84
9 31 22 13 19 56
9 32 7 23 48 39
9 33 93 63 84 73
9 34 47 44 47 32
9 35 90 64 84 59
9 36 23 30 48 58
9 37 25 30 54 36
9 38 19 37 27 36
9 39 32 23 60 32
9 40 33 61 48 19
9 41 75 81 86 67
9 42 64 50 50 70
9 43 55 38 52 55
9 44 78 75 57 80
9 45 53 38 30 44
9 46 83 54 65 74
9 47 34 62 22 61
9 48 77 42 42 80
9 49 8 37 52 52
10 11 79 59 50 67
10 12 64 67 70 35
10 13 29 56 47 55
10 14 14 39 21 10
10 15 37 24 25 63
10 16 32 64 43 17
10 17 63 35 63 56
10 18 55 68 74 76
10 19 30 20 37 61
10 20 86 84 74 72
10 21 34 39 30 65
10 22 72 84 49 86
10 23 32 64 39 48
10 24 20 39 56 28
10 25 9 18 35 19
10 26 73 53 86 80
10 27 44 65 55 57
10 28 41 63 62 63
10 29 53 27 51 53
10 30 28 27 51 51
10 31 48 55 26 66
10 32 25 40 36 30
10 33 72 36 69 83
10 34 34 66 51 58
10 35 85 71 76 60
10 36 25 13 37 42
10 37 5 16 41 28
10 38 87 91 48 47
10 39 16 46 46 23
10 40 87 85 58 52
10 41 43 26 31 39
10 42 17 25 37 26
10 43 97 70 64 78
10 44 92 57 62 94
10 45 76 49 77 46
10 46 17 57 43 43
10 47 56 70 38 70
10 48 96 94 54 90
10 49 12 46 41 33
11 12 96 92 67 61
11 13 61 77 43 37
11 14 5 17 7 5
11 15 58 39 60 68
11 16 65 74 34 38
11 17 15 38 28 9
11 18 62 39 55 38
11 19 84 82 67 70
11 20 24 55 57 50
11 21 71 53 85 45
11 22 14 46 24 21
11 23 34 39 58 57
11 24 66 76 50 78
11 25 10 39 12 12
11 26 69 67 80 44
11 27 15 31 44 15
11 28 12 23 51 13
11 29 15 19 23 30
11 30 9 49 12 14
11 31 52 56 46 46
11 32 63 78 48 43
11 33 15 38 13 18
11 34 14 15 36 32
11 35 84 51 52 66
11 36 77 68 50 67
11 37 85 50 55 59
11 38 22 58 27 21
11 39 49 65 35 67
11 40 18 15 28 25
11 41 76 50 56 47
11 42 74 86 41 70
11 43 19 11 24 33
11 44 1 6 49 29
11 45 20 22 47 20
11 46 77 57 73 75
11 47 25 58 27 41
11 48 85 72 72 66
11 49 16 39 55 24
12 13 38 20 45 27
12 14 44 43 56 51
12 15 82 74 69 80
12 16 32 56 63 62
12 17 77 68 73 71
12 18 44 71 64 62
12 19 10 48 53 14
12 20 4 22 26 48
12 21 89 52 62 49
12 22 69 63 49 59
12 23 13 16 41 27
12 24 32 60 41 59
12 25 2 11 14 11
12 26 74 51 55 76
12 27 70 44 83 58
12 28 34 36 41 43
12 29 5 47 8 27
12 30 21 20 56 25
12 31 12 6 37 14
12 32 17 52 22 28
12 33 48 43 74 65
12 34 74 77 62 39
12 35 84 74 87 87
12 36 3 15 44 44
12 37 14 8 36 27
12 38 15 12 47 11
12 39 58 35 32 64
12 40 66 63 64 81
12 41 93 87 72 89
12 42 19 12 59 41
12 43 55 55 72 67
12 44 67 82 66 57
12 45 54 28 35 66
12 46 69 66 35 65
12 47 92 84 69 87
12 48 86 73 80 46
12 49 79 87 68 85
13 14 81 75 81 55
13 15 57 37 73 29
13 16 86 83 60 74
13 17 78 60 56 87
13 18 47 67 58 28
13 19 2 31 8 23
13 20 47 51 29 47
13 21 10 21 42 18
13 22 83 57 79 81
13 23 88 59 68 56
13 24 73 76 72 47
13 25 24 21 61 43
13 26 46 30 48 62
13 27 52 56 62 59
13 28 51 29 34 61
13 29 8 28 14 12
13 30 51 27 52 57
13 31 12 52 53 29
13 32 37 53 23 46
13 33 45 62 27 69
13 34 37 30 22 65
13 35 94 75 91 90
13 36 69 79 42 35
13 37 53 49 53 38
13 38 87 58 81 72
13 39 35 42 30 33
13 40 26 40 43 37
13 41 90 95 58 81
13 42 52 27 76 34
13 43 49 29 67 45
13 44 22 23 38 24
13 45 30 52 26 56
13 46 2 28 19 50
13 47 26 22 19 23
13 48 49 68 45 55
13 49 28 22 28 19
14 15 96 61 77 59
14 16 43 34 45 35
14 17 82 67 84 65
14 18 93 65 96 51
14 19 40 60 63 35
14 20 89 47 76 68
14 21 31 53 42 29
14 22 81 77 54 41
14 23 44 66 66 52
14 24 50 35 48 31
14 25 33 21 52 61
14 26 49 43 45 48
14 27 63 56 52 33
14 28 94 68 57 94
14 29 65 73 60 73
14 30 54 62 64 60
14 31 66 48 36 48
14 32 4 34 34 38
14 33 88 76 78 55
14 34 46 52 72 49
14 35 44 56 63 37
14 36 50 69 43 64
14 37 59 79 38 55
14 38 0 11 11 37
14 39 49 36 63 48
14 40 19 23 54 28
14 41 8 49 10 25
14 42 39 39 35 66
14 43 87 77 87 76
14 44 32 49 51 35
14 45 19 46 40 58
14 46 98 77 78 93
14 47 53 67 38 71
14 48 28 37 24 42
14 49 97 65 78 62
15 16 42 35 41 26
15 17 37 57 20 35
15 18 45 45 71 56
15 19 53 39 31 69
15 20 99 70 55 95
15 21 95 57 72 78
15 22 94 58 60 68
15 23 42 58 56 58
15 24 22 40 48 20
15 25 24 25 36 50
15 26 4 46 40 17
15 27 98 61 93 83
15 28 18 55 14 18
15 29 25 44 31 55
15 30 27 44 14 45
15 31 50 33 56 72
15 32 1 31 21 10
15 33 93 77 60 54
15 34 68 49 84 52
15 35 97 59 96 97
15 36 13 53 16 23
15 37 76 86 55 85
15 38 73 47 39 71
15 39 89 53 75 61
15 40 12 38 9 41
15 41 48 30 38 72
15 42 69 80 45 38
15 43 49 43 50 56
15 44 26 53 24 21
15 45 41 43 38 49
15 46 67 56 48 79
15 47 2 9 45 3
15 48 81 61 87 77
15 49 41 42 63 63
16 17 96 94 60 73
16 18 96 94 78 85
16 19 99 64 69 52
16 20 7 20 28 21
16 21 69 59 75 67
16 22 14 40 49 29
16 23 90 85 72 88
16 24 29 25 16 61
16 25 94 68 96 80
16 26 60 70 77 76
16 27 58 30 34 64
16 28 90 67 65 84
16 29 14 43 8 50
16 30 95 71 50 64
16 31 76 59 82 84
16 32 56 46 45 70
16 33 52 57 35 32
16 34 60 42 57 57
16 35 96 62 94 70
16 36 60 31 66 71
16 37 75 70 47 86
16 38 23 18 22 46
16 39 66 71 58 67
16 40 85 56 62 83
16 41 65 64 54 75
16 42 74 46 50 83
16 43 3 21 17 18
16 44 36 25 46 60
16 45 36 50 39 53
16 46 31 37 50 41
16 47 84 45 84 52
16 48 7 51 17 12
16 49 57 45 62 77
17 18 50 59 39 72
17 19 81 88 76 52
17 20 13 34 15 47
17 21 9 37 41 45
17 22 81 79 78 69
17 23 96 73 92 62
17 24 18 58 19 21
17 25 23 32 57 36
17 26 29 55 50 29
17 27 93 57 87 54
17 28 38 47 49 66
17 29 77 53 72 72
17 30 19 43 30 50
17 31 58 53 61 43
17 32 92 73 87 49
17 33 86 87 54 84
17 34 92 96 50 55
17 35 0 19 37 22
17 36 77 50 64 63
17 37 70 37 65 54
17 38 78 42 48 43
17 39 43 57 60 46
17 40 1 29 5 13
17 41 84 80 62 64
17 42 40 53 22 22
17 43 52 33 43 60
17 44 85 57 48 84
17 45 57 49 65 77
17 46 66 55 62 64
17 47 7 25 48 15
17 48 7 5 8 8
17 49 60 43 56 70
18 19 55 67 63 45
18 20 57 40 74 60
18 21 57 33 40 39
18 22 37 53 18 39
18 23 6 9 49 6
18 24 26 41 41 50
18 25 93 52 93 75
18 26 39 26 33 26
18 27 43 68 33 49
18 28 37 19 20 55
18 29 6 3 25 15
18 30 97 57 89 77
18 31 8 7 43 29
18 32 11 34 39 33
18 33 30 55 64 31
18 34 6 50 43 38
18 35 25 52 50 16
18 36 10 7 46 12
18 37 0 4 32 7
18 38 25 36 45 28
18 39 92 51 60 84
18 40 94 62 73 65
18 41 66 82 47 33
18 42 71 77 54 68
18 43 54 35 55 35
18 44 55 47 36 38
18 45 66 78 62 82
18 46 60 30 34 47
18 47 4 12 27 25
18 48 14 50 46 27
18 49 19 53 24 30
19 20 60 50 31 68
19 21 75 42 58 53
19 22 18 45 44 35
19 23 98 68 89 73
19 24 4 32 4 5
19 25 86 58 77 57
19 26 52 71 58 50
19 27 70 58 73 81
19 28 18 11 12 12
19 29 79 82 67 72
19 30 46 66 26 30
19 31 17 52 27 19
19 32 79 75 76 69
19 33 33 39 41 21
19 34 12 29 35 16
19 35 8 36 26 25
19 36 35 25 43 45
19 37 49 57 73 25
19 38 97 92 75 91
19 39 26 45 14 53
19 40 4 45 40 13
19 41 56 36 54 75
19 42 1 4 39 23
19 43 64 76 55 50
19 44 97 52 81 84
19 45 84 42 82 55
19 46 66 49 33 41
19 47 55 33 47 50
19 48 26 46 29 31
19 49 64 39 36 34
20 21 44 56 24 66
20 22 92 82 89 88
20 23 96 53 62 61
20 24 76 81 59 85
20 25 97 53 63 87
20 26 32 49 63 23
20 27 61 45 35 35
20 28 23 43 19 26
20 29 82 58 52 60
20 30 95 53 67 59
20 31 5 34 6 21
20 32 63 58 62 78
20 33 90 63 49 57
20 34 35 61 66 28
20 35 14 35 42 54
20 36 25 40 61 56
20 37 19 19 56 14
20 38 68 68 55 68
20 39 10 6 33 18
20 40 56 45 38 35
20 41 54 63 48 73
20 42 1 42 36 43
20 43 58 52 72 77
20 44 87 59 53 62
20 45 15 9 51 44
20 46 89 62 58 84
20 47 89 61 72 65
20 48 84 64 52 70
20 49 15 43 24 33
21 22 9 41 35 51
21 23 70 72 78 58
21 24 84 60 84 57
21 25 27 24 39 19
21 26 36 23 45 54
21 27 31 49 22 25
21 28 44 29 24 23
21 29 59 64 50 62
21 30 19 33 39 35
21 31 26 49 39 22
21 32 79 70 57 51
21 33 16 20 38 48
21 34 39 67 28 41
21 35 85 72 46 85
21 36 92 63 72 47
21 37 30 52 30 34
21 38 63 78 72 41
21 39 28 20 25 46
21 40 39 69 69 43
21 41 3 51 18 6
21 42 71 61 53 70
21 43 90 70 60 79
21 44 94 87 64 55
21 45 29 57 57 23
21 46 0 37 41 27
21 47 92 82 72 70
21 48 46 38 47 29
21 49 31 51 51 63
22 23 14 17 31 10
22 24 66 34 82 69
22 25 2 15 22 48
22 26 15 16 42 31
22 27 84 67 66 64
22 28 8 29 22 20
22 29 22 16 41 17
22 30 37 59 65 43
22 31 27 40 24 35
22 32 61 61 64 66
22 33 61 35 69 58
22 34 76 84 84 80
22 35 71 43 63 63
22 36 66 63 72 33
22 37 93 82 95 62
22 38 46 36 33 57
22 39 42 44 32 42
22 40 63 50 66 42
22 41 98 87 56 86
22 42 61 33 80 47
22 43 55 35 41 55
22 44 99 68 73 51
22 45 45 60 71 56
22 46 62 77 51 48
22 47 16 49 52 51
22 48 21 15 21 56
22 49 62 37 69 43
23 24 47 71 56 57
23 25 48 32 62 58
23 26 27 36 22 21
23 27 24 23 50 13
23 28 6 16 7 12
23 29 10 5 17 24
23 30 5 43 14 7
23 31 17 46 19 40
23 32 8 35 51 46
23 33 70 51 55 50
23 34 71 44 82 63
23 35 39 21 30 69
23 36 12 24 52 22
23 37 73 60 69 55
23 38 50 33 67 25
23 39 58 52 40 67
23 40 13 44 8 43
23 41 78 84 77 88
23 42 86 63 43 82
23 43 69 45 40 66
23 44 34 61 44 23
23 45 1 21 36 17
23 46 97 66 70 68
23 47 13 51 18 29
23 48 32 32 57 44
23 49 71 38 75 47
24 25 3 48 3 5
24 26 9 31 4 28
24 27 54 48 57 38
24 28 85 50 72 75
24 29 77 84 81 84
24 30 65 40 69 33
24 31 47 47 69 26
24 32 5 38 38 15
24 33 60 75 47 50
24 34 2 25 30 15
24 35 65 67 54 53
24 36 94 73 81 95
24 37 81 56 74 45
24 38 64 57 60 48
24 39 31 59 34 43
24 40 36 36 37 35
24 41 60 49 65 33
24 42 74 78 77 60
24 43 75 72 75 61
24 44 76 66 41 52
24 45 10 11 42 33
24 46 90 45 80 69
24 47 1 23 24 46
24 48 56 75 28 41
24 49 85 45 70 84
25 26 57 73 59 50
25 27 60 51 37 65
25 28 78 69 53 47
25 29 40 42 59 39
25 30 65 35 64 39
25 31 48 28 70 67
25 32 57 56 51 71
25 33 52 41 66 55
25 34 15 22 37 33
25 35 45 29 57 48
25 36 24 56 60 32
25 37 0 3 8 36
25 38 27 54 31 44
25 39 45 54 54 69
25 40 68 81 64 40
25 41 12 54 49 47
25 42 41 48 25 48
25 43 7 36 31 17
25 44 40 52 49 45
25 45 39 63 35 61
25 46 13 39 45 37
25 47 34 50 65 65
25 48 5 18 6 14
25 49 3 40 8 2
26 27 13 46 44 11
26 28 5 26 15 7
26 29 41 26 53 22
26 30 14 44 50 16
26 31 46 33 38 26
26 32 89 86 59 61
26 33 88 72 66 49
26 34 40 63 68 27
26 35 62 64 71 73
26 36 99 61 78 95
26 37 58 58 29 73
26 38 10 16 38 28
26 39 21 55 52 12
26 40 28 23 35 43
26 41 30 65 33 31
26 42 25 35 19 15
26 43 4 3 35 24
26 44 0 26 2 39
26 45 3 44 30 21
26 46 41 60 54 46
26 47 8 51 34 19
26 48 54 65 42 31
26 49 31 50 16 23
27 28 13 54 13 26
27 29 7 22 15 21
27 30 75 45 49 84
27 31 93 54 48 86
27 32 91 63 68 55
27 33 82 86 89 64
27 34 45 57 43 60
27 35 70 69 60 82
27 36 93 83 60 49
27 37 55 65 70 45
27 38 63 65 71 64
27 39 77 43 62 60
27 40 6 27 15 48
27 41 93 53 78 49
27 42 97 77 96 55
27 43 49 49 51 30
27 44 12 53 39 26
27 45 81 65 49 59
27 46 91 74 83 58
27 47 39 39 42 48
27 48 17 56 36 21
27 49 42 62 47 21
28 29 71 66 70 47
28 30 88 69 82 73
28 31 62 64 68 53
28 32 57 68 37 47
28 33 73 67 70 59
28 34 74 77 75 39
28 35 5 26 21 15
28 36 72 46 45 69
28 37 31 26 31 53
28 38 72 75 57 58
28 39 69 60 74 70
28 40 83 43 69 45
28 41 74 57 66 65
28 42 53 36 72 69
28 43 0 4 22 36
28 44 71 83 71 63
28 45 51 26 53 59
28 46 24 26 25 36
28 47 33 22 56 40
28 48 70 47 50 84
28 49 79 62 80 50
29 30 71 83 55 42
29 31 70 40 75 50
29 32 21 46 51 44
29 33 0 17 10 22
29 34 24 54 17 60
29 35 1 42 33 44
29 36 96 70 78 70
29 37 81 54 87 50
29 38 49 67 31 32
29 39 51 34 74 44
29 40 28 63 58 49
29 41 97 60 78 88
29 42 8 23 53 36
29 43 67 58 48 40
29 44 33 65 23 63
29 45 50 57 31 43
29 46 95 51 87 88
29 47 55 76 64 42
29 48 84 70 53 47
29 49 24 20 35 31
30 31 82 78 49 86
30 32 25 48 24 36
30 33 96 84 95 97
30 34 41 26 63 35
30 35 78 79 58 74
30 36 88 74 91 45
30 37 39 44 36 48
30 38 21 39 16 42
30 39 48 65 29 27
30 40 0 18 5 26
30 41 69 34 64 71
30 42 50 65 64 41
30 43 32 26 42 43
30 44 82 42 42 84
30 45 75 81 85 76
30 46 7 53 34 36
30 47 77 47 65 40
30 48 10 5 33 11
30 49 5 40 51 21
31 32 84 46 48 79
31 33 96 52 53 52
31 34 85 49 73 89
31 35 35 59 20 37
31 36 84 79 57 82
31 37 14 35 45 11
31 38 34 25 39 38
31 39 33 42 20 44
31 40 75 54 69 70
31 41 64 79 64 34
31 42 83 85 75 76
31 43 41 59 70 34
31 44 84 53 71 62
31 45 39 32 67 24
31 46 18 52 25 29
31 47 67 43 75 79
31 48 65 51 57 60
31 49 15 24 21 47
32 33 34 32 57 28
32 34 95 92 62 90
32 35 8 42 34 22
32 36 21 26 44 12
32 37 81 53 48 83
32 38 30 33 55 17
32 39 1 10 47 46
32 40 9 27 13 46
32 41 1 10 41 50
32 42 32 23 40 63
32 43 63 37 46 38
32 44 28 53 52 55
32 45 19 43 41 35
32 46 86 67 68 47
32 47 4 44 43 19
32 48 3 28 15 44
32 49 99 84 85 84
33 34 66 69 75 76
33 35 69 46 80 70
33 36 46 29 32 69
33 37 5 41 47 34
33 38 18 50 41 44
33 39 95 75 90 82
33 40 51 30 67 63
33 41 26 30 18 48
33 42 57 69 62 38
33 43 63 55 78 50
33 44 58 39 36 52
33 45 37 29 35 19
33 46 15 23 44 45
33 47 84 63 82 65
33 48 51 57 53 55
33 49 82 59 58 87
34 35 65 37 44 44
34 36 2 25 36 34
34 37 3 36 11 10
34 38 72 39 37 80
34 39 24 52 16 19
34 40 35 48 61 36
34 41 16 18 13 51
34 42 38 34 51 27
34 43 22 25 25 27
34 44 25 39 36 62
34 45 79 58 63 60
34 46 79 42 78 57
34 47 84 91 90 80
34 48 36 66 65 49
34 49 92 65 92 87
35 36 88 48 74 47
35 37 72 65 47 77
35 38 48 53 24 61
35 39 85 85 76 79
35 40 19 30 16 54
35 41 93 55 53 65
35 42 26 16 51 23
35 43 50 48 45 53
35 44 52 67 47 71
35 45 89 84 57 81
35 46 18 16 33 39
35 47 58 34 35 65
35 48 95 87 63 78
35 49 52 52 70 57
36 37 24 55 14 59
36 38 97 71 90 57
36 39 43 44 35 24
36 40 81 63 43 85
36 41 66 57 72 49
36 42 48 54 55 49
36 43 93 54 95 90
36 44 39 60 36 30
36 45 22 44 50 16
36 46 12 34 39 32
36 47 59 56 33 32
36 48 78 48 88 74
36 49 29 63 60 29
37 38 38 49 25 47
37 39 8 34 22 24
37 40 12 33 17 33
37 41 49 37 50 42
37 42 87 50 77 87
37 43 9 52 52 8
37 44 19 36 25 40
37 45 92 63 94 66
37 46 97 86 96 70
37 47 26 16 28 52
37 48 30 29 34 19
37 49 60 56 41 31
38 39 50 54 59 58
38 40 29 28 36 16
38 41 52 63 75 43
38 42 18 37 35 26
38 43 60 62 73 40
38 44 9 6 32 53
38 45 23 58 16 21
38 46 77 86 79 82
38 47 68 57 38 49
38 48 55 77 76 53
38 49 7 4 53 30
39 40 80 48 77 78
39 41 14 39 56 35
39 42 78 77 52 39
39 43 42 45 27 66
39 44 75 84 65 65
39 45 62 39 76 71
39 46 78 82 88 41
39 47 41 68 39 54
39 48 1 29 45 33
39 49 92 59 52 63
40 41 59 31 63 30
40 42 27 16 20 25
40 43 98 95 89 55
40 44 43 44 29 69
40 45 43 41 64 36
40 46 3 17 8 1
40 47 43 59 27 57
40 48 39 40 56 39
40 49 15 30 21 48
41 42 16 32 27 20
41 43 93 84 90 51
41 44 52 45 71 32
41 45 29 63 51 41
41 46 91 87 52 63
41 47 97 93 51 80
41 48 62 54 38 58
41 49 54 31 60 59
42 43 79 56 67 44
42 44 83 69 89 84
42 45 75 87 75 76
42 46 22 51 36 21
42 47 34 19 65 20
42 48 2 43 1 9
42 49 87 59 89 69
43 44 33 55 21 49
43 45 79 41 83 57
43 46 70 64 52 75
43 47 31 47 46 61
43 48 5 6 40 4
43 49 27 32 35 33
44 45 91 83 68 79
44 46 43 70 48 23
44 47 30 21 16 59
44 48 44 30 61 27
44 49 72 62 56 67
45 46 30 55 58 52
45 47 79 54 47 76
45 48 64 51 37 78
45 49 36 27 42 24
46 47 25 37 27 45
46 48 13 51 7 33
46 49 67 45 63 69
47 48 99 80 60 63
47 49 60 59 74 65
48 49 17 51 58 27
