15 4
0.333333 0.333333 0.333333 0.0 
0 1 98 12 14 9
0 2 25 65 75 70
0 3 23 77 69 75
0 4 80 23 20 24
0 5 46 58 56 55
0 6 23 69 70 65
0 7 88 17 19 12
0 8 66 28 32 37
0 9 86 21 21 25
0 10 80 25 20 27
0 11 68 30 33 39
0 12 31 63 62 62
0 13 89 21 22 15
0 14 14 73 84 87
1 2 7 82 81 83
1 3 63 38 31 45
1 4 35 65 54 62
1 5 81 24 20 16
1 6 1 97 84 84
1 7 38 61 58 52
1 8 5 94 89 92
1 9 16 73 81 85
1 10 85 26 26 27
1 11 68 40 39 33
1 12 83 22 15 23
1 13 96 3 14 11
1 14 10 83 81 89
2 3 11 76 76 76
2 4 60 48 34 38
2 5 66 31 37 29
2 6 81 16 17 29
2 7 91 9 11 8
2 8 40 63 64 61
2 9 67 29 30 27
2 10 82 16 23 18
2 11 87 21 15 12
2 12 92 18 20 11
2 13 66 29 30 30
2 14 23 67 65 77
3 4 7 88 81 80
3 5 1 95 95 93
3 6 52 43 51 44
3 7 9 85 90 81
3 8 68 35 36 39
3 9 95 8 11 4
3 10 70 31 27 29
3 11 12 88 81 77
3 12 82 29 25 24
3 13 70 40 37 37
3 14 62 35 43 34
4 5 17 70 72 81
4 6 61 39 39 33
4 7 48 49 55 57
4 8 13 84 88 80
4 9 48 56 50 58
4 10 78 29 21 19
4 11 72 36 25 33
4 12 28 70 74 67
4 13 70 34 29 26
4 14 62 33 39 45
5 6 62 44 43 43
5 7 22 65 77 66
5 8 32 65 59 63
5 9 11 83 76 81
5 10 81 16 22 17
5 11 57 46 46 45
5 12 99 6 11 10
5 13 16 74 71 78
5 14 73 31 35 22
6 7 77 32 21 25
6 8 11 78 89 85
6 9 47 57 46 44
6 10 68 41 38 41
6 11 20 67 81 77
6 12 60 37 39 35
6 13 27 66 63 71
6 14 43 52 58 51
7 8 89 12 12 15
7 9 46 49 52 58
7 10 32 60 60 67
7 11 27 63 66 75
7 12 76 24 22 33
7 13 27 62 72 62
7 14 56 39 45 40
8 9 68 27 34 29
8 10 47 48 52 45
8 11 74 24 30 23
8 12 66 40 36 37
8 13 13 76 76 86
8 14 68 31 40 37
9 10 78 23 20 29
9 11 78 23 27 30
9 12 27 75 73 67
9 13 10 83 76 90
9 14 67 37 37 27
10 11 2 94 83 88
10 12 23 79 66 79
10 13 36 60 68 63
10 14 91 15 15 14
11 12 52 47 43 45
11 13 63 42 39 41
11 14 4 90 85 82
12 13 38 60 61 66
12 14 44 61 61 58
13 14 60 34 41 41
