30 4
0.333333 0.333333 0.333333 0.0 
0 1 53 47 24 44
0 2 59 26 25 68
0 3 44 52 35 41
0 4 47 53 56 26
0 5 24 73 86 86
0 6 91 31 6 8
0 7 68 21 54 63
0 8 23 55 54 49
0 9 52 61 62 62
0 10 51 36 42 72
0 11 18 46 57 65
0 12 90 7 46 8
0 13 99 34 17 17
0 14 85 53 37 12
0 15 50 31 59 63
0 16 72 25 47 19
0 17 0 90 67 61
0 18 59 24 64 65
0 19 97 10 49 22
0 20 30 77 36 43
0 21 27 72 70 68
0 22 65 21 17 24
0 23 73 25 29 42
0 24 27 69 71 46
0 25 33 65 83 80
0 26 35 61 77 50
0 27 80 58 35 28
0 28 36 45 60 62
0 29 55 26 44 34
1 2 9 79 83 58
1 3 37 38 50 74
1 4 27 36 81 53
1 5 97 38 51 15
1 6 9 47 75 53
1 7 77 33 47 44
1 8 68 41 59 56
1 9 55 69 32 48
1 10 59 33 49 67
1 11 40 68 41 62
1 12 95 43 28 42
1 13 77 41 33 14
1 14 72 15 45 38
1 15 44 30 41 52
1 16 98 17 10 11
1 17 64 38 51 24
1 18 46 67 52 39
1 19 27 74 79 75
1 20 19 50 40 68
1 21 57 28 32 62
1 22 88 21 49 17
1 23 75 38 49 55
1 24 21 72 85 79
1 25 83 51 51 48
1 26 25 68 76 74
1 27 30 59 64 61
1 28 65 63 27 49
1 29 43 74 31 70
2 3 57 53 38 70
2 4 88 41 51 24
2 5 1 65 72 87
2 6 66 62 50 32
2 7 21 62 56 79
2 8 62 58 46 26
2 9 95 50 51 42
2 10 6 75 91 92
2 11 12 63 45 65
2 12 22 44 50 54
2 13 64 41 65 28
2 14 87 36 12 47
2 15 52 60 23 48
2 16 91 25 42 53
2 17 5 80 55 79
2 18 56 68 28 55
2 19 47 52 31 67
2 20 79 51 32 56
2 21 64 63 67 52
2 22 65 59 67 25
2 23 71 38 36 34
2 24 92 7 47 17
2 25 86 24 56 36
2 26 96 41 4 5
2 27 86 44 18 12
2 28 64 66 38 50
2 29 91 10 42 36
3 4 53 60 58 45
3 5 27 85 55 79
3 6 74 26 22 61
3 7 76 30 47 25
3 8 98 6 22 26
3 9 51 45 66 25
3 10 90 13 45 30
3 11 22 88 81 47
3 12 14 71 62 51
3 13 29 42 48 44
3 14 13 54 54 51
3 15 19 47 85 55
3 16 52 50 45 69
3 17 32 47 64 47
3 18 67 42 17 20
3 19 51 62 47 46
3 20 90 42 7 27
3 21 3 50 50 97
3 22 13 57 56 52
3 23 41 65 32 38
3 24 96 45 32 34
3 25 12 59 51 81
3 26 60 32 48 31
3 27 59 49 58 21
3 28 41 68 32 47
3 29 10 56 81 79
4 5 16 44 45 79
4 6 95 25 6 41
4 7 35 44 68 53
4 8 32 68 83 75
4 9 44 51 50 43
4 10 92 6 47 18
4 11 58 70 70 28
4 12 41 76 77 50
4 13 90 50 27 54
4 14 20 56 59 64
4 15 98 36 18 13
4 16 24 68 51 72
4 17 38 41 41 71
4 18 71 54 36 40
4 19 33 57 66 36
4 20 59 54 65 57
4 21 27 83 62 37
4 22 63 28 46 36
4 23 23 55 56 85
4 24 56 27 28 21
4 25 55 59 57 59
4 26 44 42 69 41
4 27 81 52 28 19
4 28 50 37 44 43
4 29 95 33 30 36
5 6 51 28 25 48
5 7 62 55 53 31
5 8 63 45 57 37
5 9 79 46 40 41
5 10 29 75 72 79
5 11 42 73 30 65
5 12 30 35 42 57
5 13 28 68 71 81
5 14 60 46 23 26
5 15 33 70 78 78
5 16 71 46 37 15
5 17 78 37 58 31
5 18 31 83 44 38
5 19 42 40 74 40
5 20 62 35 20 52
5 21 99 33 21 4
5 22 5 72 49 64
5 23 48 48 31 34
5 24 59 49 69 59
5 25 87 54 55 47
5 26 14 55 77 53
5 27 28 82 47 44
5 28 27 69 68 63
5 29 24 79 59 87
6 7 11 84 80 80
6 8 84 32 35 55
6 9 62 29 55 62
6 10 76 58 47 33
6 11 54 50 24 70
6 12 38 65 43 64
6 13 61 50 39 40
6 14 66 19 38 52
6 15 52 63 58 67
6 16 33 74 50 82
6 17 80 26 15 18
6 18 93 47 26 28
6 19 16 78 47 47
6 20 16 54 62 60
6 21 48 55 66 33
6 22 40 63 44 78
6 23 46 76 43 60
6 24 9 72 63 51
6 25 44 28 76 58
6 26 60 21 62 53
6 27 11 76 77 63
6 28 64 28 35 67
6 29 55 66 47 70
7 8 96 30 41 41
7 9 29 83 39 35
7 10 14 72 60 80
7 11 57 59 62 42
7 12 66 40 18 46
7 13 52 29 32 54
7 14 47 56 62 40
7 15 74 13 52 26
7 16 24 77 42 75
7 17 72 56 41 40
7 18 77 28 33 14
7 19 55 54 50 31
7 20 75 39 49 14
7 21 25 50 57 56
7 22 29 67 81 52
7 23 95 32 25 47
7 24 24 51 52 62
7 25 90 7 16 26
7 26 69 49 45 41
7 27 3 63 63 60
7 28 48 42 69 69
7 29 17 84 78 60
8 9 1 83 60 91
8 10 72 57 21 19
8 11 8 64 52 78
8 12 49 51 34 69
8 13 13 93 78 46
8 14 93 13 14 38
8 15 23 68 67 85
8 16 90 34 39 31
8 17 0 94 64 81
8 18 80 31 41 45
8 19 81 13 46 43
8 20 66 48 28 65
8 21 88 31 47 31
8 22 8 78 90 86
8 23 4 73 78 95
8 24 71 45 49 62
8 25 91 52 46 11
8 26 39 73 45 64
8 27 15 91 83 65
8 28 89 6 10 5
8 29 20 40 44 41
9 10 49 34 36 41
9 11 95 9 5 19
9 12 54 38 31 46
9 13 43 54 44 34
9 14 13 50 51 81
9 15 22 41 64 56
9 16 91 44 28 6
9 17 66 65 63 23
9 18 20 51 42 40
9 19 54 35 43 71
9 20 23 57 56 48
9 21 33 70 56 56
9 22 93 48 15 16
9 23 37 67 54 73
9 24 27 76 69 45
9 25 60 50 33 21
9 26 52 49 65 33
9 27 18 63 46 53
9 28 83 29 54 18
9 29 15 60 60 49
10 11 73 54 50 56
10 12 16 75 84 89
10 13 47 41 39 61
10 14 32 59 36 64
10 15 19 41 64 69
10 16 49 72 31 49
10 17 47 74 67 45
10 18 11 53 72 92
10 19 4 76 54 77
10 20 74 46 15 14
10 21 62 20 39 44
10 22 77 29 60 44
10 23 7 76 57 80
10 24 27 48 59 54
10 25 96 22 41 9
10 26 74 19 36 47
10 27 99 43 39 30
10 28 12 55 49 58
10 29 84 15 34 22
11 12 66 44 20 18
11 13 89 21 50 5
11 14 39 51 46 78
11 15 9 62 88 51
11 16 78 39 55 13
11 17 64 62 67 53
11 18 80 24 40 52
11 19 55 62 49 61
11 20 81 42 14 35
11 21 58 22 23 26
11 22 87 26 32 52
11 23 28 46 48 73
11 24 57 43 48 46
11 25 88 29 49 13
11 26 63 54 57 38
11 27 62 44 31 24
11 28 95 20 51 3
11 29 6 48 53 61
12 13 45 49 69 67
12 14 24 43 75 82
12 15 96 12 19 38
12 16 27 51 38 68
12 17 64 24 50 47
12 18 98 45 10 23
12 19 11 91 90 69
12 20 13 56 78 49
12 21 31 58 71 60
12 22 78 29 11 35
12 23 57 43 22 65
12 24 78 16 17 43
12 25 10 67 63 59
12 26 74 49 26 30
12 27 41 47 62 37
12 28 25 51 40 86
12 29 58 53 58 42
13 14 78 48 26 37
13 15 80 26 44 39
13 16 68 62 52 16
13 17 35 33 81 41
13 18 49 68 48 30
13 19 43 31 31 41
13 20 24 46 85 84
13 21 38 34 46 38
13 22 31 51 43 61
13 23 70 62 52 49
13 24 38 34 75 41
13 25 71 28 18 18
13 26 18 52 64 58
13 27 67 31 46 54
13 28 73 60 13 19
13 29 78 43 41 20
14 15 6 60 70 90
14 16 10 68 51 73
14 17 91 46 10 48
14 18 73 25 52 37
14 19 79 50 20 32
14 20 63 21 22 56
14 21 54 65 50 50
14 22 84 54 40 35
14 23 88 28 51 17
14 24 40 70 34 74
14 25 64 35 23 58
14 26 86 50 41 24
14 27 71 48 46 32
14 28 8 90 45 57
14 29 79 43 44 50
15 16 16 72 65 48
15 17 44 52 36 71
15 18 90 30 32 42
15 19 8 71 76 63
15 20 61 20 28 23
15 21 69 54 60 47
15 22 44 51 30 44
15 23 96 5 30 3
15 24 37 62 61 36
15 25 84 47 19 49
15 26 33 34 76 61
15 27 60 32 68 60
15 28 9 56 60 81
15 29 59 39 37 69
16 17 82 17 15 10
16 18 47 49 33 67
16 19 67 48 40 47
16 20 40 72 69 65
16 21 87 21 50 9
16 22 49 30 58 49
16 23 7 53 77 58
16 24 24 43 51 78
16 25 2 76 77 59
16 26 91 40 22 19
16 27 61 54 31 33
16 28 73 62 61 21
16 29 40 47 40 62
17 18 73 15 26 39
17 19 75 26 19 38
17 20 22 51 61 40
17 21 6 86 81 49
17 22 95 22 22 18
17 23 65 51 39 22
17 24 80 13 17 10
17 25 79 58 35 43
17 26 37 50 73 56
17 27 87 22 30 7
17 28 11 87 76 92
17 29 95 4 9 12
18 19 73 14 58 49
18 20 48 62 47 28
18 21 15 46 71 71
18 22 43 56 54 56
18 23 77 17 28 51
18 24 9 72 80 93
18 25 55 26 70 71
18 26 10 73 61 46
18 27 37 55 62 39
18 28 55 40 54 52
18 29 71 43 32 63
19 20 21 88 84 85
19 21 16 86 47 83
19 22 2 65 75 79
19 23 36 68 79 65
19 24 19 73 59 83
19 25 5 56 93 90
19 26 64 53 22 36
19 27 88 18 41 38
19 28 35 74 54 33
19 29 33 75 77 42
20 21 64 33 65 18
20 22 71 44 14 17
20 23 42 49 51 61
20 24 21 56 58 87
20 25 98 11 25 2
20 26 90 51 22 24
20 27 30 61 51 72
20 28 45 73 77 57
20 29 20 60 53 43
21 22 45 71 62 27
21 23 71 34 26 57
21 24 84 39 17 57
21 25 62 38 35 44
21 26 79 56 14 19
21 27 22 49 63 87
21 28 50 32 35 33
21 29 18 81 72 81
22 23 60 61 35 60
22 24 15 60 77 58
22 25 42 46 70 60
22 26 23 86 63 69
22 27 28 82 75 68
22 28 91 53 34 17
22 29 65 62 24 42
23 24 37 63 57 54
23 25 9 63 67 63
23 26 68 55 21 24
23 27 0 71 53 93
23 28 54 66 50 34
23 29 19 79 89 48
24 25 9 46 52 79
24 26 49 49 71 54
24 27 65 19 38 45
24 28 24 46 85 44
24 29 90 40 27 49
25 26 82 37 57 54
25 27 77 12 48 52
25 28 62 62 48 35
25 29 10 70 88 69
26 27 86 51 14 56
26 28 66 21 29 63
26 29 98 38 22 13
27 28 33 78 50 47
27 29 8 59 73 86
28 29 83 48 39 9
