12 4
0.5 0.5 0.0 0.0 
0 1 11 82 88 65
0 2 40 39 75 60
0 3 30 54 68 39
0 4 37 40 57 69
0 5 24 85 67 82
0 6 97 3 8 19
0 7 54 35 43 41
0 8 54 46 46 69
0 9 11 58 63 51
0 10 42 41 69 72
0 11 34 56 52 39
1 2 41 78 29 31
1 3 3 53 86 60
1 4 77 42 42 21
1 5 88 22 28 28
1 6 31 80 56 41
1 7 10 84 81 62
1 8 1 94 75 49
1 9 32 44 82 69
1 10 4 59 66 75
1 11 34 77 56 42
2 3 53 70 40 40
2 4 37 48 70 33
2 5 50 41 45 27
2 6 39 55 42 60
2 7 53 28 24 63
2 8 26 38 57 70
2 9 70 33 39 58
2 10 18 82 47 57
2 11 23 50 79 42
3 4 62 32 54 56
3 5 58 24 23 33
3 6 90 35 32 46
3 7 87 6 32 53
3 8 71 21 17 33
3 9 28 79 67 64
3 10 17 49 75 62
3 11 48 29 40 62
4 5 44 44 57 65
4 6 5 53 92 66
4 7 12 59 87 59
4 8 10 83 50 46
4 9 18 55 79 85
4 10 76 44 37 32
4 11 87 41 45 24
5 6 30 43 79 35
5 7 57 69 65 36
5 8 36 52 35 32
5 9 89 27 5 11
5 10 52 47 45 54
5 11 90 23 17 23
6 7 27 77 75 80
6 8 40 37 34 53
6 9 78 56 19 39
6 10 75 46 25 33
6 11 93 38 21 49
7 8 79 50 29 22
7 9 1 88 87 77
7 10 14 74 87 81
7 11 23 45 38 72
8 9 25 67 63 56
8 10 26 80 69 60
8 11 80 30 56 55
9 10 65 52 49 43
9 11 27 50 70 75
10 11 44 31 68 28
