15 4
0.333333 0.333333 0.333333 0.0 
0 1 76 44 14
29 0 2 66 39
34 41 0 3 24
82 50 81 0 4
19 44 42 83 0
5 28 75 47 51
0 6 40 71 76
53 0 7 14 66
70 58 0 8 61
42 52 29 0 9
27 53 76 76 0
10 12 44 56 53
0 11 35 72 47
79 0 12 49 56
28 27 0 13 21
77 66 63 0 14
70 23 25 48 1
2 6 47 90 48
1 3 12 48 87
50 1 4 60 61
29 37 1 5 72
30 58 32 1 6
36 41 79 35 1
7 64 61 53 32
1 8 15 70 68
53 1 9 66 63
41 21 1 10 80
32 13 19 1 11
75 26 48 41 1
12 85 17 21 12
1 13 47 59 62
64 1 14 46 43
67 62 2 3 45
51 62 37 2 4
83 13 20 15 2
5 93 16 41 14
2 6 97 24 15
8 2 7 4 68
96 90 2 8 36
49 47 34 2 9
87 16 20 25 2
10 96 45 48 36
2 11 30 56 62
38 2 12 8 56
74 86 2 13 55
61 55 53 2 14
77 24 38 18 3
4 97 23 35 42
3 5 47 39 75
51 3 6 12 85
88 66 3 7 12
60 83 84 3 8
69 31 37 16 3
9 46 36 49 64
3 10 6 84 46
49 3 11 77 60
15 56 3 12 40
65 51 74 3 13
23 44 41 46 3
14 95 23 40 21
4 5 49 47 57
45 4 6 11 44
81 53 4 7 62
33 54 57 4 8
26 56 39 67 4
9 39 67 32 59
4 10 23 54 64
85 4 11 52 61
25 48 4 12 37
41 69 34 4 13
39 52 50 72 4
14 13 89 48 86
5 6 80 49 27
46 5 7 22 51
64 57 5 8 54
50 49 65 5 9
26 51 85 80 5
10 74 49 62 15
5 11 25 53 59
64 5 12 16 58
88 83 5 13 91
38 17 43 5 14
42 45 66 71 6
7 50 64 49 43
6 8 13 60 87
67 6 9 65 25
24 61 6 10 19
56 88 84 6 11
44 40 62 70 6
12 39 79 77 76
6 13 69 19 16
63 6 14 69 57
30 27 7 8 33
50 52 39 7 9
60 33 68 58 7
10 85 23 17 9
7 11 53 27 41
51 7 12 67 25
35 61 7 13 45
38 37 53 7 14
57 60 44 21 8
9 66 63 21 31
8 10 9 84 52
50 8 11 95 12
47 15 8 12 41
41 67 43 8 13
63 53 40 31 8
14 96 49 21 47
9 10 92 13 46
21 9 11 52 30
59 25 9 12 96
18 35 4 9 13
46 61 51 63 9
14 21 56 54 64
10 11 13 60 58
83 10 12 81 21
18 43 10 13 95
33 42 5 10 14
63 35 25 18 11
12 14 42 83 44
11 13 2 60 89
58 11 14 26 86
49 77 12 13 12
56 90 83 12 14
60 30 45 45 13
14 65 18 37 55
