17 4
0.333333 0.333333 0.333333 0.0 
0 1 41 57 66
30 0 2 43 37
34 45 0 3 70
61 22 44 0 4
2 72 81 83 0
5 84 39 10 32
0 6 39 30 41
34 0 7 32 54
61 73 0 8 77
55 29 61 0 9
58 55 50 28 0
10 8 52 75 78
0 11 74 41 62
40 0 12 7 88
46 54 0 13 23
47 84 57 0 14
1 97 96 59 0
15 6 49 87 49
0 16 61 19 25
30 1 2 71 44
29 58 1 3 21
39 47 55 1 4
54 70 70 36 1
5 55 55 53 25
1 6 0 84 71
58 1 7 51 59
39 73 1 8 4
65 49 77 1 9
86 16 9 17 1
10 15 78 73 45
1 11 38 42 33
71 1 12 29 75
42 36 1 13 65
38 38 65 1 14
5 84 72 62 1
15 26 67 55 75
1 16 15 71 63
47 2 3 85 14
12 32 2 4 93
52 37 33 2 5
39 40 61 47 2
6 46 30 41 53
2 7 52 70 60
71 2 8 25 85
59 57 2 9 48
40 70 64 2 10
3 51 61 76 2
11 85 27 46 51
2 12 3 90 70
85 2 13 21 81
42 78 2 14 69
37 61 46 2 15
32 49 69 73 2
16 98 34 18 33
3 4 38 35 58
48 3 5 1 52
88 85 3 6 43
70 69 30 3 7
5 59 77 70 3
8 49 59 38 38
3 9 62 63 48
52 3 10 74 57
23 14 3 11 19
86 62 58 3 12
31 67 61 41 3
13 57 50 32 25
3 14 73 33 43
54 3 15 78 21
11 30 3 16 7
83 71 76 4 5
11 91 56 47 4
6 9 88 55 62
4 7 82 57 24
48 4 8 36 36
76 35 4 9 81
32 53 49 4 10
32 46 57 64 4
11 65 55 43 39
4 12 45 35 52
58 4 13 80 32
10 48 4 14 77
40 39 23 4 15
18 84 67 73 4
16 15 57 46 78
5 6 85 14 23
24 5 7 30 80
60 64 5 8 18
83 81 60 5 9
71 52 52 27 5
10 38 78 40 78
5 11 91 24 21
36 5 12 37 43
76 32 5 13 43
49 43 52 5 14
91 41 46 43 5
15 27 72 51 50
5 16 71 57 18
55 6 7 62 58
43 38 6 8 39
61 57 39 6 9
77 31 39 42 6
10 51 65 50 57
6 11 87 6 30
17 6 12 3 92
90 54 6 13 79
44 57 51 6 14
0 96 87 55 6
15 58 47 32 21
6 16 55 34 68
47 7 8 57 26
45 69 7 9 92
43 6 17 7 10
41 48 31 65 7
11 46 41 75 67
7 12 79 51 48
53 7 13 59 62
51 34 7 14 14
45 84 81 7 15
58 46 27 47 7
16 66 58 57 20
8 9 18 51 73
58 8 10 55 65
42 40 8 11 84
11 36 20 8 12
91 15 12 28 8
13 32 80 65 66
8 14 56 31 51
25 8 15 38 53
75 72 8 16 93
31 26 17 9 10
74 49 26 52 9
11 69 62 27 49
9 12 70 34 19
31 9 13 59 21
45 36 9 14 7
91 88 49 9 15
9 58 59 68 9
16 93 17 44 10
10 11 48 52 56
35 10 12 22 87
86 60 10 13 59
45 62 32 10 14
10 83 86 86 10
15 32 48 42 80
10 16 86 19 46
21 11 12 52 61
41 28 11 13 97
33 4 23 11 14
51 29 61 65 11
15 16 80 64 70
11 16 70 26 21
30 12 13 1 78
88 72 12 14 42
58 58 73 12 15
69 51 20 17 12
16 89 29 42 9
13 14 21 59 67
69 13 15 69 32
44 41 13 16 36
78 40 79 14 15
43 32 45 29 14
16 78 54 58 29
15 16 3 61 68
51 16 3 61 68
