20 4
0.5 0.5 0.0 0.0 
0 1 34 18 23 69
0 2 11 75 93 37
0 3 15 80 94 95
0 4 72 66 17 71
0 5 19 85 25 58
0 6 49 68 38 56
0 7 19 29 22 38
0 8 76 28 81 21
0 9 62 37 81 33
0 10 61 31 43 19
0 11 40 16 87 13
0 12 72 61 35 84
0 13 16 34 84 80
0 14 53 11 36 39
0 15 44 89 49 33
0 16 92 57 49 46
0 17 44 46 62 66
0 18 98 79 29 13
0 19 59 84 70 12
1 2 59 34 52 40
1 3 30 41 50 68
1 4 38 82 76 87
1 5 88 20 42 62
1 6 56 64 46 76
1 7 16 21 94 65
1 8 3 82 89 27
1 9 35 25 21 24
1 10 79 34 44 22
1 11 6 49 26 30
1 12 75 7 7 36
1 13 68 86 85 57
1 14 76 44 67 7
1 15 59 67 56 12
1 16 2 35 54 82
1 17 5 27 21 27
1 18 91 38 27 51
1 19 93 33 48 48
2 3 39 48 44 44
2 4 30 84 42 49
2 5 23 91 25 88
2 6 10 61 44 35
2 7 51 19 62 36
2 8 49 29 80 43
2 9 4 70 54 76
2 10 85 53 49 2
2 11 51 72 26 12
2 12 88 52 69 34
2 13 42 65 17 81
2 14 94 48 2 10
2 15 12 87 40 30
2 16 0 84 91 48
2 17 45 69 23 65
2 18 52 54 38 60
2 19 22 53 76 55
3 4 95 68 71 75
3 5 53 43 80 84
3 6 46 60 15 68
3 7 15 85 41 26
3 8 90 71 69 9
3 9 44 23 85 11
3 10 65 12 12 42
3 11 73 22 40 56
3 12 50 48 74 60
3 13 30 57 17 83
3 14 78 15 43 21
3 15 86 16 50 62
3 16 30 84 31 62
3 17 17 75 24 65
3 18 71 84 81 83
3 19 90 62 80 56
4 5 15 22 20 67
4 6 48 69 48 56
4 7 82 58 11 41
4 8 70 46 57 61
4 9 27 24 58 18
4 10 3 52 31 66
4 11 72 32 48 41
4 12 88 36 38 34
4 13 39 29 66 48
4 14 48 89 56 49
4 15 84 34 57 48
4 16 44 60 63 87
4 17 41 47 43 71
4 18 57 25 84 71
4 19 6 34 78 78
5 6 87 18 18 68
5 7 93 19 70 48
5 8 94 67 28 18
5 9 23 49 33 63
5 10 3 86 95 50
5 11 51 84 63 81
5 12 8 97 41 36
5 13 75 39 17 56
5 14 23 74 77 62
5 15 47 66 74 33
5 16 95 31 72 38
5 17 20 80 85 93
5 18 42 60 50 88
5 19 58 52 33 49
6 7 98 21 21 79
6 8 24 54 23 38
6 9 51 35 34 73
6 10 39 72 44 53
6 11 56 51 13 67
6 12 33 71 61 54
6 13 99 22 59 57
6 14 86 44 16 52
6 15 84 54 32 5
6 16 14 74 64 54
6 17 38 48 34 87
6 18 93 54 14 38
6 19 32 41 56 30
7 8 34 74 87 14
7 9 4 60 52 91
7 10 62 75 84 32
7 11 59 65 59 44
7 12 36 79 41 60
7 13 15 50 95 82
7 14 13 39 19 70
7 15 87 15 65 26
7 16 85 62 51 5
7 17 49 44 30 84
7 18 45 70 18 36
7 19 75 18 33 40
8 9 84 63 29 80
8 10 54 15 29 21
8 11 99 18 9 41
8 12 58 32 52 9
8 13 37 55 88 15
8 14 22 88 83 87
8 15 21 35 93 82
8 16 72 73 48 71
8 17 17 80 33 25
8 18 46 23 83 69
8 19 52 60 84 11
9 10 82 19 6 77
9 11 0 79 36 30
9 12 16 36 58 69
9 13 85 74 6 38
9 14 77 46 70 50
9 15 57 88 64 18
9 16 97 60 56 71
9 17 44 46 85 78
9 18 77 13 76 38
9 19 45 39 69 75
10 11 85 28 58 81
10 12 80 73 43 66
10 13 88 33 14 34
10 14 48 64 64 89
10 15 81 66 72 24
10 16 12 39 31 50
10 17 66 76 77 38
10 18 45 34 84 86
10 19 18 90 42 29
11 12 6 52 66 54
11 13 84 54 76 45
11 14 58 58 9 87
11 15 81 78 10 43
11 16 16 83 34 73
11 17 74 24 53 48
11 18 3 53 93 85
11 19 82 17 63 17
12 13 33 79 36 24
12 14 96 46 63 52
12 15 78 28 57 26
12 16 18 51 53 30
12 17 56 61 69 64
12 18 93 46 23 66
12 19 1 96 43 34
13 14 75 48 79 82
13 15 92 17 50 57
13 16 74 13 52 68
13 17 61 55 53 64
13 18 55 46 62 39
13 19 21 48 45 30
14 15 48 48 73 86
14 16 74 64 83 84
14 17 10 41 68 19
14 18 62 55 11 8
14 19 16 81 91 92
15 16 44 82 41 28
15 17 20 77 24 17
15 18 6 95 19 37
15 19 87 62 14 14
16 17 58 25 57 39
16 18 46 19 25 89
16 19 42 88 26 43
17 18 60 19 69 68
17 19 23 47 59 89
18 19 31 56 86 35
