20 4
0.333333 0.333333 0.333333 0.0 
0 1 56 35 61 62
0 2 70 24 45 42
0 3 14 91 88 65
0 4 84 13 37 18
0 5 89 5 36 27
0 6 83 51 27 17
0 7 43 34 53 70
0 8 86 11 46 12
0 9 77 44 38 39
0 10 31 52 62 76
0 11 31 51 65 67
0 12 29 61 48 38
0 13 5 88 85 84
0 14 59 60 45 43
0 15 14 49 75 62
0 16 55 33 25 47
0 17 30 37 37 64
0 18 42 70 73 30
0 19 81 33 31 44
1 2 40 39 78 34
1 3 78 14 40 24
1 4 12 52 87 54
1 5 54 60 68 55
1 6 94 9 25 20
1 7 3 76 80 49
1 8 52 58 72 43
1 9 68 59 64 55
1 10 79 12 36 37
1 11 17 76 52 65
1 12 86 55 27 32
1 13 9 64 53 69
1 14 64 27 40 38
1 15 16 73 62 80
1 16 75 22 53 36
1 17 82 32 39 51
1 18 92 10 13 29
1 19 69 35 40 44
2 3 20 83 72 79
2 4 99 10 6 43
2 5 99 13 18 37
2 6 88 43 22 41
2 7 34 41 65 44
2 8 63 41 29 32
2 9 33 63 50 64
2 10 61 63 36 46
2 11 64 55 39 29
2 12 41 55 60 37
2 13 82 36 28 21
2 14 54 66 27 64
2 15 10 88 52 51
2 16 79 42 10 28
2 17 23 86 54 58
2 18 55 29 38 53
2 19 14 90 84 67
3 4 34 38 66 48
3 5 31 74 80 74
3 6 19 85 40 44
3 7 33 55 35 76
3 8 55 65 61 45
3 9 89 40 52 49
3 10 73 28 33 55
3 11 14 54 84 91
3 12 58 63 53 44
3 13 84 34 22 56
3 14 30 41 61 84
3 15 23 79 62 85
3 16 73 58 49 49
3 17 73 25 59 46
3 18 28 53 45 45
3 19 67 26 29 34
4 5 51 45 43 35
4 6 68 39 29 40
4 7 32 50 64 63
4 8 83 12 53 43
4 9 28 78 58 62
4 10 35 72 48 68
4 11 80 23 27 53
4 12 53 24 45 25
4 13 90 37 51 5
4 14 96 26 44 35
4 15 3 93 61 97
4 16 77 53 23 53
4 17 61 58 29 62
4 18 43 36 34 71
4 19 44 54 36 44
5 6 12 61 75 63
5 7 78 13 34 58
5 8 64 58 36 31
5 9 1 69 84 98
5 10 4 79 64 70
5 11 59 52 39 26
5 12 30 76 58 59
5 13 33 70 73 78
5 14 1 55 71 80
5 15 42 45 58 63
5 16 42 49 40 70
5 17 59 27 64 52
5 18 38 53 76 44
5 19 92 11 17 38
6 7 65 61 53 62
6 8 95 39 3 15
6 9 70 58 46 27
6 10 8 94 83 79
6 11 99 43 31 7
6 12 68 27 34 35
6 13 20 81 79 89
6 14 85 20 55 8
6 15 46 44 34 49
6 16 95 48 28 34
6 17 28 48 76 70
6 18 21 74 85 64
6 19 76 12 45 19
7 8 4 92 50 56
7 9 93 51 37 45
7 10 0 72 78 82
7 11 96 34 10 2
7 12 99 41 47 24
7 13 79 18 34 59
7 14 39 71 69 39
7 15 68 18 56 50
7 16 26 70 36 54
7 17 88 22 41 41
7 18 42 62 38 59
7 19 15 46 66 54
8 9 64 64 51 46
8 10 36 67 43 33
8 11 94 19 37 32
8 12 98 36 13 50
8 13 53 59 70 45
8 14 25 68 78 40
8 15 20 84 71 77
8 16 65 24 27 61
8 17 8 52 61 90
8 18 24 40 61 65
8 19 73 38 46 36
9 10 61 28 65 66
9 11 42 70 31 50
9 12 23 39 58 38
9 13 23 60 42 40
9 14 16 91 43 65
9 15 79 11 46 16
9 16 34 79 41 55
9 17 83 35 48 32
9 18 40 31 62 63
9 19 25 52 75 69
10 11 98 25 49 2
10 12 60 69 37 57
10 13 85 45 46 52
10 14 88 34 53 25
10 15 44 41 33 71
10 16 71 56 39 57
10 17 27 54 85 70
10 18 56 52 61 32
10 19 51 68 68 39
11 12 53 44 50 62
11 13 7 79 65 58
11 14 22 41 78 58
11 15 16 87 57 82
11 16 15 66 81 90
11 17 65 54 55 40
11 18 77 50 17 55
11 19 32 58 57 62
12 13 43 72 46 46
12 14 86 37 31 38
12 15 55 38 71 55
12 16 72 41 62 25
12 17 99 7 15 25
12 18 66 34 33 42
12 19 34 65 38 51
13 14 74 51 14 24
13 15 87 32 12 38
13 16 14 75 82 58
13 17 92 18 19 24
13 18 14 77 90 58
13 19 83 55 22 18
14 15 19 87 64 60
14 16 60 57 69 24
14 17 35 81 81 47
14 18 86 50 56 21
14 19 42 54 45 29
15 16 33 54 33 46
15 17 96 33 22 6
15 18 12 74 93 51
15 19 96 29 32 26
16 17 55 23 51 68
16 18 15 75 60 78
16 19 44 46 65 66
17 18 48 44 49 29
17 19 28 39 74 79
18 19 72 24 22 14
