22 4
0.333333 0.333333 0.333333 0.0 
0 1 72 58 44
46 0 2 48 54
33 27 0 3 60
58 44 58 0 4
68 53 26 34 0
5 47 68 47 44
0 6 35 42 68
81 0 7 14 44
69 55 0 8 5
73 74 54 0 9
66 65 60 33 0
10 89 45 52 27
0 11 32 57 45
64 0 12 60 62
67 54 0 13 1
71 78 53 0 14
91 33 7 30 0
15 78 32 13 50
0 16 43 33 38
70 0 17 52 46
34 43 0 18 71
40 37 50 0 19
94 40 51 48 0
20 81 44 34 26
0 21 60 20 20
61 1 2 54 26
32 25 1 3 67
33 39 32 1 4
1 69 82 72 1
5 31 68 45 60
1 6 53 65 28
39 1 7 39 61
40 72 1 8 69
39 62 54 1 9
18 50 82 55 1
10 23 51 43 84
1 11 57 41 40
45 1 12 85 14
23 25 1 13 23
43 82 86 1 14
44 61 33 41 1
15 58 53 27 42
1 16 96 30 4
36 1 17 24 47
49 85 1 18 28
40 67 70 1 19
5 50 95 92 1
20 64 19 56 53
1 21 43 72 64
48 2 3 97 27
9 50 2 4 94
37 52 11 2 5
92 17 30 33 2
6 60 29 36 26
2 7 78 13 20
35 2 8 26 61
84 56 2 9 89
51 32 20 2 10
15 53 65 47 2
11 40 41 47 31
2 12 89 54 23
39 2 13 15 52
69 88 2 14 19
58 54 67 2 15
52 71 36 45 2
16 78 37 43 14
2 17 55 41 58
28 2 18 55 62
46 49 2 19 46
57 67 28 2 20
13 67 80 83 2
21 79 24 31 33
3 4 63 22 61
67 3 5 74 39
37 32 3 6 67
44 41 59 3 7
50 42 39 33 3
8 59 27 24 55
3 9 53 57 40
36 3 10 33 75
55 78 3 11 13
81 61 91 3 12
66 27 18 53 3
13 72 60 18 25
3 14 11 69 79
58 3 15 50 43
61 56 3 16 73
43 35 21 3 17
3 76 96 73 3
18 72 24 14 45
3 19 35 39 76
44 3 20 26 42
53 71 3 21 45
50 75 58 4 5
84 39 19 43 4
6 49 67 33 32
4 7 47 56 55
32 4 8 47 47
31 61 4 9 71
56 55 36 4 10
15 53 72 54 4
11 88 25 32 28
4 12 20 44 56
79 4 13 15 67
82 77 4 14 22
77 53 62 4 15
59 32 21 66 4
16 2 50 86 51
4 17 85 19 55
53 4 18 51 41
69 46 4 19 19
61 71 71 4 20
20 67 51 76 4
21 3 81 59 95
5 6 44 33 66
35 5 7 33 79
37 50 5 8 7
56 69 83 5 9
63 19 31 29 5
10 0 62 62 64
5 11 2 76 67
95 5 12 9 65
85 59 5 13 70
63 35 39 5 14
64 57 50 45 5
15 82 20 17 39
5 16 92 30 15
33 5 17 13 52
55 63 5 18 68
35 57 65 5 19
98 27 30 9 5
20 85 10 53 12
5 21 35 57 49
65 6 7 81 47
51 14 6 8 33
38 68 55 6 9
58 65 64 51 6
10 57 45 26 57
6 11 8 90 48
80 6 12 55 42
62 52 6 13 99
16 34 24 6 14
10 63 77 53 6
15 10 68 93 67
6 16 82 45 28
27 6 17 81 45
20 24 6 18 92
38 44 46 6 19
94 19 32 21 6
20 14 76 58 59
6 21 59 30 48
50 7 8 69 24
20 56 7 9 40
63 40 64 7 10
74 21 29 16 7
11 70 44 45 57
7 12 39 79 36
37 7 13 51 40
43 56 7 14 79
52 21 45 7 15
85 25 34 53 7
16 31 73 62 39
7 17 89 42 13
22 7 18 92 13
28 22 7 19 53
31 70 24 7 20
98 5 43 25 7
21 86 52 33 27
8 9 73 50 19
28 8 10 75 53
61 20 8 11 88
47 12 35 8 12
43 48 32 54 8
13 88 25 18 23
8 14 21 80 60
70 8 15 12 45
91 90 8 16 62
44 67 52 8 17
78 45 23 28 8
18 96 41 29 30
8 19 25 72 59
52 8 20 4 66
72 91 8 21 96
28 44 37 9 10
17 48 55 58 9
11 51 37 49 46
9 12 15 79 71
45 9 13 20 49
77 87 9 14 21
72 57 77 9 15
69 18 19 16 9
16 85 34 43 37
9 17 62 45 33
43 9 18 95 4
41 12 9 19 83
30 48 51 9 20
46 34 39 60 9
21 92 15 8 38
10 11 22 54 81
72 10 12 26 38
83 45 10 13 50
40 41 56 10 14
79 50 42 41 10
15 9 86 66 57
10 16 83 11 55
38 10 17 78 14
57 29 10 18 16
52 62 83 10 19
47 74 47 29 10
20 28 70 84 54
10 21 88 19 8
6 11 12 75 42
16 14 11 13 2
59 66 75 11 14
46 27 69 29 11
15 68 43 24 46
11 16 56 42 36
53 11 17 24 65
66 43 11 18 47
30 58 68 11 19
99 11 6 18 11
20 40 42 57 61
11 21 50 36 41
48 12 13 46 71
38 29 12 14 81
20 47 21 12 15
26 80 61 77 12
16 13 90 68 58
12 17 32 69 47
40 12 18 96 42
32 12 12 19 73
40 35 21 12 20
12 61 43 45 12
21 1 82 91 77
13 14 13 90 87
90 13 15 98 14
2 7 13 16 3
82 84 62 13 17
45 60 40 72 13
18 18 89 74 76
13 19 10 76 46
90 13 20 86 18
48 30 13 21 13
80 56 66 14 15
93 6 50 17 14
16 20 43 42 54
14 17 82 27 37
19 14 18 81 18
26 20 14 19 75
52 48 57 14 20
31 53 82 38 14
21 81 40 34 25
15 16 14 45 91
44 15 17 26 73
77 43 15 18 7
58 91 48 15 19
74 56 14 42 15
20 94 14 9 26
15 21 70 15 56
15 16 17 31 76
58 39 16 18 86
14 49 36 16 19
64 52 20 25 16
20 63 61 52 35
16 21 4 80 57
54 17 18 63 56
46 45 17 19 83
40 31 31 17 20
97 44 2 2 17
21 30 65 52 41
18 19 89 41 11
30 18 20 87 34
10 35 18 21 92
22 44 15 19 20
58 57 61 51 19
21 92 4 49 20
20 21 56 55 32
42 21 56 55 32
