25 4
0.5 0.5 0.0 0.0 
0 1 65 7 29
76 0 2 65 28
12 40 0 3 6
89 89 72 0 4
89 2 81 43 0
5 32 47 52 67
0 6 46 54 23
38 0 7 53 66
62 34 0 8 9
29 26 72 0 9
75 60 26 47 0
10 48 66 32 47
0 11 12 72 82
67 0 12 96 15
25 42 0 13 16
73 22 56 0 14
32 50 13 83 0
15 44 84 53 60
0 16 69 65 47
74 0 17 42 82
73 30 0 18 40
72 40 30 0 19
29 66 50 66 0
20 14 78 43 76
0 21 38 60 77
36 0 22 17 19
51 43 0 23 40
85 45 69 0 24
24 85 30 64 1
2 96 69 60 34
1 3 13 79 59
21 1 4 16 64
95 45 1 5 11
29 77 27 1 6
10 18 53 41 1
7 59 71 69 46
1 8 59 85 26
61 1 9 49 25
34 11 1 10 87
13 20 44 1 11
65 28 45 8 1
12 59 48 17 85
1 13 30 64 63
37 1 14 63 31
86 27 1 15 52
27 40 66 1 16
27 70 62 52 1
17 98 0 25 36
1 18 61 68 60
78 1 19 29 43
87 93 1 20 6
74 24 66 1 21
5 48 79 45 1
22 87 59 16 72
1 23 97 60 5
43 1 24 72 47
30 50 2 3 22
69 73 42 2 4
95 67 55 54 2
5 3 62 23 48
2 6 77 30 81
56 2 7 29 71
48 86 2 8 57
43 58 63 2 9
61 75 11 21 2
10 79 80 72 41
2 11 61 33 26
64 2 12 66 55
84 15 2 13 19
50 56 74 2 14
92 36 2 29 2
15 68 60 7 37
2 16 49 75 53
66 2 17 4 51
74 61 2 18 40
72 19 49 2 19
79 30 83 12 2
20 94 40 3 17
2 21 4 58 90
45 2 22 16 72
28 92 2 23 52
87 40 17 2 24
21 31 72 31 3
4 37 60 85 73
3 5 59 14 84
60 3 6 62 39
76 28 3 7 95
51 57 27 3 8
83 79 74 18 3
9 59 42 76 85
3 10 63 36 62
63 3 11 10 22
55 67 3 12 46
28 29 70 3 13
30 48 89 57 3
14 61 48 66 27
3 15 84 6 58
42 3 16 43 41
90 43 3 17 50
21 15 21 3 18
74 13 31 69 3
19 80 39 9 68
3 20 23 30 85
77 3 21 72 14
7 44 3 22 79
14 61 80 3 23
76 64 61 53 3
24 27 20 37 47
4 5 17 26 57
50 4 6 97 33
27 52 4 7 74
53 15 48 4 8
16 69 93 95 4
9 35 58 13 35
4 10 2 82 76
89 4 11 73 47
48 5 4 12 82
40 54 60 4 13
20 71 47 52 4
14 20 76 89 46
4 15 25 94 34
73 4 16 58 29
36 64 4 17 57
81 28 61 4 18
71 29 37 39 4
19 3 74 23 70
4 20 39 82 82
36 4 21 4 27
87 43 4 22 22
26 80 21 4 23
80 44 47 38 4
24 98 23 47 26
5 6 93 71 47
16 5 7 87 42
42 43 5 8 61
11 84 37 5 9
2 75 62 44 5
10 25 25 70 47
5 11 54 80 41
69 5 12 18 78
70 47 5 13 28
73 81 41 5 14
73 73 18 52 5
15 5 44 96 57
5 16 12 35 74
62 5 17 80 57
81 59 5 18 60
19 64 34 5 19
8 38 89 88 5
20 73 14 81 38
5 21 34 65 14
62 5 22 90 16
49 7 5 23 61
40 72 81 5 24
41 75 72 52 6
7 41 59 55 87
6 8 6 63 83
39 6 9 82 30
78 37 6 10 51
10 21 53 6 11
21 51 31 71 6
12 69 57 8 16
6 13 57 57 60
14 6 14 18 96
65 81 6 15 94
12 21 72 6 16
11 50 94 34 6
17 87 54 39 76
6 18 38 24 46
63 6 19 37 88
62 71 6 20 74
34 67 18 6 21
47 60 83 82 6
22 91 67 48 6
6 23 29 48 83
93 6 24 96 21
43 63 7 8 62
38 42 29 7 9
94 31 37 34 7
10 25 55 43 46
7 11 1 68 25
32 7 12 93 30
16 68 7 13 73
40 84 66 7 14
7 30 37 22 7
15 81 39 39 76
7 16 96 20 24
21 7 17 2 65
51 77 7 18 18
16 93 80 7 19
44 70 63 54 7
20 41 87 87 62
7 21 31 83 37
49 7 22 59 70
15 46 7 23 72
19 19 27 7 24
96 19 65 10 8
9 52 50 88 56
8 10 37 64 19
21 8 11 63 79
73 25 8 12 30
92 66 27 8 13
94 24 71 53 8
14 74 25 9 41
8 15 72 80 47
74 8 16 68 36
75 56 8 17 4
95 85 77 8 18
41 82 51 40 8
19 91 56 13 81
8 20 74 73 47
61 8 21 78 16
7 77 8 22 57
59 77 54 8 23
74 28 29 33 8
24 10 46 19 69
9 10 2 87 65
85 9 11 5 77
96 34 9 12 67
16 52 49 9 13
55 63 47 69 9
14 0 91 83 93
9 15 72 65 80
29 9 16 81 44
22 7 9 17 69
7 83 9 9 18
97 23 64 41 9
19 17 91 80 83
9 20 46 47 52
19 9 21 58 75
80 27 9 22 75
27 82 73 9 23
52 19 80 73 9
24 37 41 40 57
10 11 35 17 64
43 10 12 10 27
51 33 10 13 10
45 62 44 10 14
91 79 67 36 10
15 95 30 80 51
10 16 28 34 18
44 10 17 7 92
39 91 10 18 61
41 83 80 10 19
55 11 83 15 10
20 85 38 41 64
10 21 93 10 51
48 10 22 75 45
46 80 10 23 94
13 63 40 10 24
41 17 45 68 11
12 18 93 41 61
11 13 62 60 40
77 11 14 19 30
85 81 11 15 27
80 22 93 11 16
96 25 1 51 11
17 33 69 37 39
11 18 56 45 69
84 11 19 24 76
54 63 11 20 81
51 38 6 11 21
10 49 94 41 11
22 33 82 38 80
11 23 90 64 64
68 11 24 56 84
48 42 12 13 13
54 36 29 12 14
44 54 60 23 12
15 61 33 54 74
12 16 71 31 59
71 12 17 35 20
15 82 12 18 45
33 48 23 12 19
28 68 93 70 12
20 13 60 30 52
12 21 2 28 20
24 12 22 91 17
66 30 12 23 66
85 11 80 12 24
86 52 16 8 13
14 33 92 36 23
13 15 38 27 20
79 13 16 39 13
84 52 13 17 69
79 56 68 13 18
93 57 47 66 13
19 57 63 67 59
13 20 26 16 34
83 13 21 30 83
51 31 13 22 33
57 50 31 13 23
22 62 56 24 13
24 51 48 80 31
14 15 27 47 26
77 14 16 76 49
38 59 14 17 21
19 80 45 14 18
66 47 54 7 14
19 98 57 4 6
14 20 59 65 47
29 14 21 16 22
77 23 14 22 14
59 36 57 14 23
71 84 39 6 14
24 4 26 81 58
15 16 59 67 24
53 15 17 9 19
19 55 15 18 46
53 40 85 15 19
39 18 32 49 15
20 4 62 87 42
15 21 29 32 14
79 15 22 95 12
67 64 15 23 91
60 31 71 15 24
73 78 81 62 16
17 61 14 62 60
16 18 38 90 69
22 16 19 8 72
48 70 16 20 48
48 45 49 16 21
1 42 69 37 16
22 63 81 67 61
16 23 93 45 78
40 16 24 15 44
41 91 17 18 49
14 10 55 17 19
24 82 46 19 17
20 71 36 79 18
17 21 77 71 45
67 17 22 41 69
27 68 17 23 59
70 39 76 17 24
41 27 44 83 18
19 3 41 97 29
18 20 99 27 60
53 18 21 11 87
85 79 18 22 89
31 26 59 18 23
56 58 84 64 18
24 85 48 3 32
19 20 50 26 39
63 19 21 95 76
51 34 19 22 63
22 17 78 19 23
64 39 61 32 19
24 34 77 92 71
20 21 25 86 63
52 20 22 47 59
85 38 20 23 61
43 39 78 20 24
56 53 65 78 21
22 42 59 71 16
21 23 72 82 24
32 21 24 38 77
26 41 22 23 84
44 69 30 22 24
8 55 92 50 23
24 36 55 14 64
