27 4
0.25 0.25 0.25 0.25 
0 1 59 47 36 47
0 2 90 22 10 20
0 3 98 6 2 7
0 4 75 28 25 22
0 5 86 11 18 12
0 6 76 31 22 30
0 7 26 71 68 73
0 8 15 74 83 72
0 9 83 25 23 20
0 10 27 69 64 74
0 11 23 71 72 67
0 12 27 67 63 71
0 13 27 70 68 75
0 14 27 76 72 64
0 15 6 88 81 80
0 16 74 32 24 32
0 17 34 68 55 68
0 18 98 12 1 2
0 19 35 58 60 67
0 20 88 13 17 12
0 21 64 36 39 41
0 22 20 77 70 78
0 23 52 45 55 50
0 24 13 81 76 76
0 25 61 42 43 42
0 26 67 41 32 34
1 2 90 11 20 18
1 3 51 43 41 43
1 4 51 46 54 51
1 5 27 64 72 75
1 6 67 42 28 27
1 7 44 57 60 59
1 8 72 28 24 33
1 9 68 39 32 27
1 10 65 42 31 30
1 11 58 49 45 50
1 12 21 78 79 75
1 13 55 49 50 43
1 14 94 13 7 19
1 15 35 55 67 54
1 16 6 94 87 85
1 17 80 21 17 28
1 18 61 34 33 39
1 19 65 37 34 43
1 20 94 5 16 10
1 21 61 44 47 34
1 22 82 24 23 29
1 23 12 80 88 87
1 24 11 88 87 81
1 25 25 73 71 73
1 26 91 14 9 15
2 3 75 29 23 32
2 4 44 50 58 58
2 5 33 59 61 67
2 6 44 60 60 55
2 7 30 68 71 73
2 8 35 57 64 64
2 9 93 13 12 6
2 10 56 42 39 41
2 11 34 59 56 68
2 12 69 38 33 39
2 13 32 66 60 60
2 14 75 31 23 30
2 15 36 56 65 64
2 16 43 56 56 56
2 17 16 78 81 72
2 18 1 93 87 90
2 19 19 72 75 77
2 20 47 56 50 51
2 21 36 60 65 61
2 22 90 10 14 21
2 23 62 33 39 36
2 24 0 87 87 95
2 25 79 21 21 19
2 26 96 5 6 5
3 4 68 37 35 33
3 5 18 72 81 81
3 6 32 65 61 67
3 7 87 10 18 23
3 8 68 31 29 39
3 9 81 17 18 21
3 10 31 59 58 59
3 11 33 63 59 63
3 12 72 25 37 25
3 13 41 54 55 59
3 14 90 12 15 9
3 15 94 17 17 16
3 16 23 68 70 69
3 17 8 86 90 91
3 18 99 0 5 8
3 19 38 52 66 54
3 20 53 46 40 41
3 21 17 78 74 71
3 22 12 78 85 81
3 23 91 13 18 9
3 24 35 64 55 57
3 25 81 25 16 21
3 26 35 69 65 66
4 5 97 5 4 11
4 6 12 75 77 84
4 7 54 46 49 49
4 8 28 63 64 69
4 9 92 19 7 19
4 10 59 49 41 43
4 11 65 41 38 32
4 12 65 43 30 40
4 13 34 68 64 64
4 14 8 91 77 87
4 15 3 93 93 95
4 16 89 13 21 12
4 17 54 46 53 45
4 18 12 84 82 88
4 19 5 90 95 82
4 20 54 41 40 53
4 21 47 48 49 58
4 22 29 68 63 72
4 23 64 41 44 43
4 24 76 31 33 22
4 25 51 43 42 48
4 26 14 87 81 74
5 6 68 38 34 34
5 7 85 25 15 12
5 8 29 72 74 61
5 9 76 21 24 25
5 10 46 51 53 56
5 11 15 83 75 84
5 12 6 83 85 88
5 13 19 68 74 82
5 14 57 42 46 42
5 15 44 59 49 59
5 16 21 75 74 78
5 17 31 59 69 61
5 18 81 20 22 20
5 19 45 49 47 50
5 20 61 40 33 40
5 21 90 9 15 9
5 22 70 30 25 39
5 23 3 86 82 86
5 24 83 27 25 23
5 25 44 57 51 50
5 26 47 54 59 46
6 7 89 11 15 13
6 8 1 97 90 93
6 9 69 37 40 29
6 10 28 69 74 61
6 11 79 19 32 19
6 12 8 84 84 78
6 13 15 77 80 86
6 14 6 90 79 86
6 15 76 27 34 25
6 16 92 20 13 13
6 17 19 76 73 77
6 18 47 53 59 58
6 19 96 2 12 8
6 20 19 79 70 74
6 21 77 28 25 24
6 22 48 47 45 55
6 23 75 31 23 25
6 24 96 16 9 8
6 25 77 23 25 30
6 26 32 58 68 70
7 8 26 72 66 64
7 9 18 75 79 74
7 10 56 40 44 37
7 11 19 72 71 78
7 12 8 84 90 88
7 13 15 80 79 83
7 14 45 47 57 51
7 15 51 50 48 46
7 16 64 41 34 38
7 17 14 83 80 85
7 18 4 89 88 92
7 19 48 44 45 45
7 20 86 12 24 17
7 21 15 77 81 83
7 22 25 72 71 76
7 23 3 86 84 93
7 24 43 57 56 61
7 25 76 27 34 29
7 26 18 82 74 82
8 9 33 59 69 70
8 10 33 67 66 64
8 11 43 61 50 54
8 12 62 37 37 37
8 13 60 48 36 43
8 14 21 76 71 76
8 15 77 29 28 29
8 16 91 10 17 12
8 17 71 27 31 29
8 18 64 32 33 34
8 19 95 6 17 4
8 20 4 91 92 92
8 21 95 17 5 18
8 22 81 21 24 25
8 23 70 27 31 35
8 24 88 14 24 10
8 25 51 51 46 47
8 26 96 9 4 8
9 10 91 10 8 12
9 11 95 6 8 17
9 12 31 60 64 63
9 13 47 55 59 53
9 14 70 29 34 34
9 15 6 90 87 93
9 16 43 60 49 51
9 17 99 14 3 15
9 18 60 42 47 34
9 19 6 87 93 87
9 20 1 91 98 92
9 21 74 23 30 30
9 22 91 15 8 21
9 23 72 25 33 37
9 24 38 60 57 66
9 25 31 65 70 59
9 26 95 11 7 8
10 11 26 68 68 75
10 12 65 42 39 40
10 13 71 34 36 32
10 14 31 59 70 66
10 15 97 5 6 11
10 16 61 40 44 38
10 17 82 27 18 17
10 18 7 80 89 80
10 19 0 85 95 93
10 20 90 18 10 9
10 21 19 76 81 80
10 22 20 73 75 69
10 23 56 47 50 49
10 24 31 71 61 71
10 25 26 65 62 66
10 26 70 32 31 34
11 12 31 72 68 68
11 13 15 79 85 84
11 14 40 61 63 57
11 15 66 31 43 38
11 16 14 83 73 77
11 17 20 80 67 68
11 18 78 21 21 19
11 19 31 73 62 63
11 20 41 52 55 57
11 21 4 85 88 93
11 22 93 16 8 5
11 23 8 90 78 82
11 24 35 67 67 59
11 25 85 17 26 18
11 26 88 22 22 21
12 13 28 71 69 62
12 14 5 89 90 89
12 15 5 83 82 81
12 16 56 37 41 42
12 17 22 67 74 80
12 18 35 57 58 56
12 19 90 22 22 21
12 20 61 45 32 35
12 21 40 65 55 59
12 22 53 47 43 45
12 23 9 83 82 91
12 24 12 75 89 88
12 25 94 7 16 4
12 26 92 13 12 11
13 14 80 28 21 30
13 15 47 45 48 54
13 16 38 62 56 65
13 17 98 3 12 11
13 18 75 22 33 31
13 19 99 5 14 8
13 20 21 71 72 67
13 21 61 45 34 36
13 22 36 54 68 55
13 23 62 40 45 39
13 24 69 34 28 37
13 25 89 12 22 15
13 26 69 37 30 34
14 15 23 78 65 75
14 16 77 30 28 29
14 17 1 97 86 87
14 18 48 55 56 49
14 19 92 10 18 13
14 20 56 40 51 50
14 21 22 74 72 74
14 22 80 20 29 20
14 23 31 71 59 62
14 24 54 49 39 49
14 25 76 29 21 25
14 26 1 94 84 90
15 16 57 39 46 44
15 17 23 68 65 66
15 18 77 24 33 22
15 19 76 22 23 32
15 20 40 63 56 51
15 21 58 35 50 47
15 22 89 12 13 17
15 23 27 74 72 75
15 24 90 12 21 17
15 25 4 87 95 85
15 26 84 20 22 23
16 17 51 44 44 55
16 18 2 95 94 92
16 19 36 65 65 61
16 20 33 67 60 56
16 21 63 36 40 45
16 22 93 18 11 19
16 23 73 30 26 33
16 24 0 88 92 96
16 25 58 39 47 45
16 26 84 18 20 26
17 18 20 79 68 74
17 19 38 63 55 65
17 20 70 34 37 36
17 21 22 79 74 66
17 22 17 73 72 79
17 23 49 53 49 52
17 24 82 30 21 28
17 25 79 27 27 25
17 26 54 38 41 45
18 19 20 71 70 70
18 20 80 17 29 23
18 21 80 17 24 19
18 22 41 62 63 62
18 23 34 56 56 64
18 24 46 59 48 59
18 25 36 61 65 67
18 26 63 41 33 39
19 20 49 55 57 47
19 21 83 26 16 26
19 22 41 60 61 64
19 23 26 64 64 77
19 24 43 62 62 49
19 25 95 12 18 12
19 26 61 45 43 46
20 21 9 89 83 82
20 22 78 24 19 24
20 23 80 30 31 28
20 24 83 16 22 24
20 25 63 41 45 39
20 26 95 8 12 18
21 22 95 12 15 15
21 23 45 53 53 59
21 24 22 74 74 68
21 25 14 74 78 73
21 26 28 73 69 60
22 23 75 32 28 31
22 24 13 78 81 79
22 25 37 66 55 65
22 26 75 24 27 25
23 24 35 64 63 60
23 25 29 61 71 61
23 26 70 32 36 36
24 25 17 79 71 85
24 26 94 10 13 15
25 26 42 51 61 55
