35 4
0.25 0.25 0.25 0.25 
0 1 33 75 62
33 0 2 12 87
74 54 0 3 35
62 57 49 0 4
13 81 91 89 0
5 35 77 74 51
0 6 84 37 51
9 0 7 99 36
38 18 0 8 51
63 64 42 0 9
54 45 49 62 0
10 73 18 50 52
0 11 25 50 82
47 0 12 31 80
66 46 0 13 87
49 7 23 0 14
1 51 77 66 0
15 63 21 26 46
0 16 47 69 28
66 0 17 16 63
51 54 0 18 57
66 56 54 0 19
54 31 50 49 0
20 79 30 30 33
0 21 8 53 56
62 0 22 18 85
57 57 0 23 75
20 54 48 0 24
80 48 15 56 0
25 97 2 30 18
0 26 74 22 34
20 0 27 47 51
45 64 0 28 92
29 6 20 0 29
65 37 19 59 0
30 9 70 75 51
0 31 34 68 57
59 0 32 24 77
67 40 0 33 6
77 82 63 0 34
32 57 65 64 1
2 51 48 31 32
1 3 73 19 40
34 1 4 27 62
58 62 1 5 52
38 53 41 1 6
48 64 55 29 1
7 91 15 53 44
1 8 4 53 57
89 1 9 74 20
55 34 1 10 90
39 30 39 1 11
21 70 51 44 1
12 43 43 71 72
1 13 38 44 56
65 1 14 72 25
19 39 1 15 80
45 43 38 1 16
84 55 19 13 1
17 28 46 50 80
1 18 42 59 45
73 1 19 11 89
54 45 1 20 91
31 21 30 1 21
84 12 13 12 1
22 18 80 77 84
1 23 83 46 26
11 1 24 81 13
23 21 1 25 71
25 44 21 1 26
0 62 72 94 1
27 57 59 33 55
1 28 74 31 13
30 1 29 37 76
78 72 1 30 10
61 58 77 1 31
54 49 25 61 1
32 36 79 60 40
1 33 9 46 75
84 1 34 6 77
92 78 2 3 29
74 51 84 2 4
24 75 37 80 2
5 12 59 48 51
2 6 0 68 69
68 2 7 5 84
83 67 2 8 83
29 33 15 2 9
0 64 92 83 2
10 51 48 42 34
2 11 46 72 31
73 2 12 26 63
64 66 2 13 12
90 69 62 2 14
72 23 44 19 2
15 48 59 33 39
2 16 50 58 72
27 2 17 3 71
59 66 2 18 57
32 37 59 2 19
56 39 28 22 2
20 42 42 62 35
2 21 27 75 82
72 2 22 40 35
74 47 2 23 13
47 73 86 2 24
95 9 44 35 2
25 2 73 78 89
2 26 4 75 93
61 2 27 61 62
30 55 2 28 78
40 48 32 2 29
19 54 66 51 2
30 24 58 55 81
2 31 10 65 64
58 2 32 79 13
30 27 2 33 72
49 39 42 2 34
9 87 60 85 3
4 66 50 46 53
3 5 40 31 31
74 3 6 10 67
90 88 3 7 88
8 12 38 3 8
7 47 58 83 3
9 67 66 34 34
3 10 18 64 81
62 3 11 48 72
49 41 3 12 76
19 56 51 3 13
27 63 42 61 3
14 1 66 93 61
3 15 40 39 50
61 3 16 22 48
79 84 3 17 41
64 33 70 3 18
56 63 30 66 3
19 41 47 74 36
3 20 97 50 9
21 3 21 30 60
79 70 3 22 59
46 29 63 3 23
28 73 85 47 3
24 78 29 37 59
3 25 73 34 22
19 3 26 41 50
37 50 3 27 30
36 74 67 3 28
59 66 69 49 3
29 2 76 74 53
3 30 64 56 39
40 3 31 78 41
57 52 3 32 48
25 28 39 3 33
83 48 36 48 3
34 12 58 79 89
4 5 55 24 62
36 4 6 50 46
73 51 4 7 81
47 13 46 4 8
94 25 7 49 4
9 23 80 59 66
4 10 77 21 37
29 4 11 97 17
6 15 4 12 60
21 65 60 4 13
62 55 43 60 4
14 18 46 78 60
4 15 53 60 26
55 4 16 66 23
25 62 4 17 49
61 56 74 4 18
29 76 39 49 4
19 32 75 38 49
4 20 68 58 57
25 4 21 36 46
77 81 4 22 7
94 49 50 4 23
70 46 58 62 4
24 53 55 45 34
4 25 78 40 48
11 4 26 32 82
65 77 4 27 14
83 79 46 4 28
19 46 42 41 4
29 0 87 63 51
4 30 95 50 8
10 4 31 3 84
80 72 4 32 75
59 56 20 4 33
65 57 61 53 4
34 19 55 67 54
5 6 84 30 32
34 5 7 30 57
46 59 5 8 27
78 71 46 5 9
14 66 72 79 5
10 25 84 38 37
5 11 98 24 22
34 5 12 66 33
22 20 5 13 14
79 84 83 5 14
85 35 49 27 5
15 67 46 27 65
5 16 68 48 29
33 5 17 21 67
39 80 5 18 65
49 43 26 5 19
75 57 47 35 5
20 95 26 41 3
5 21 1 80 91
88 5 22 66 47
39 20 5 23 13
79 61 76 5 24
69 30 27 47 5
25 6 78 90 63
5 26 44 29 30
63 5 27 95 20
41 51 5 28 86
24 38 26 5 29
76 49 57 13 5
30 59 39 41 41
5 31 4 57 48
75 5 32 54 45
62 72 5 33 86
36 33 43 5 34
91 39 46 15 6
7 86 49 28 8
6 8 8 70 90
69 6 9 39 55
45 33 6 10 48
41 59 27 6 11
4 84 77 51 6
12 29 78 77 59
6 13 49 51 44
53 6 14 62 42
48 56 6 15 54
36 34 35 6 16
74 29 53 27 6
17 30 70 75 76
6 18 85 53 10
47 6 19 7 74
60 66 6 20 97
8 11 45 6 21
19 60 40 57 6
22 59 44 61 21
6 23 52 35 73
54 6 24 40 65
37 57 6 25 29
80 68 60 6 26
30 52 43 68 6
27 32 51 37 69
6 28 84 49 14
48 6 29 43 70
64 47 6 30 76
30 33 12 6 31
80 26 34 10 6
32 88 19 6 6
6 33 66 27 31
20 6 34 83 34
41 16 7 8 48
67 68 40 7 9
74 47 39 46 7
10 99 16 23 6
7 11 48 65 50
27 7 12 37 40
75 52 7 13 50
63 70 27 7 14
88 25 14 44 7
15 74 30 20 23
7 16 71 27 27
63 7 17 26 59
47 62 7 18 42
75 44 49 7 19
2 55 69 73 7
20 86 17 42 48
7 21 90 45 41
6 7 22 8 94
46 50 7 23 33
83 42 61 7 24
81 37 50 40 7
25 5 95 93 75
7 26 37 58 40
80 7 27 63 23
23 51 7 28 41
65 59 76 7 29
83 37 33 54 7
30 89 30 53 48
7 31 57 63 23
50 7 32 70 27
58 31 7 33 94
21 48 44 7 34
84 19 29 7 8
9 7 89 89 92
8 10 62 43 40
32 8 11 84 52
32 18 8 12 83
26 58 43 8 13
15 57 42 89 8
14 69 22 50 56
8 15 51 46 31
53 8 16 69 21
51 45 8 17 44
68 56 32 8 18
15 50 50 62 8
19 8 50 79 95
8 20 3 70 92
66 8 21 22 51
46 70 8 22 84
30 39 11 8 23
95 26 34 43 8
24 62 59 58 34
8 25 34 41 46
51 8 26 14 54
59 92 8 27 60
23 30 59 8 28
83 39 45 36 8
29 3 85 77 49
8 30 66 46 29
21 8 31 81 14
16 9 8 32 25
47 67 75 8 33
68 56 47 43 8
34 45 50 38 28
9 10 3 55 65
79 9 11 99 31
8 33 9 12 87
53 22 23 9 13
59 35 20 49 9
14 53 50 65 37
9 15 98 43 13
31 9 16 15 81
77 52 9 17 75
59 19 27 9 18
68 55 52 21 9
19 16 72 88 69
9 20 34 66 72
43 9 21 3 76
62 76 9 22 11
82 71 69 9 23
54 27 40 68 9
24 12 92 87 93
9 25 35 44 73
52 9 26 7 63
70 95 9 27 10
69 51 60 9 28
99 20 7 10 9
29 46 37 32 46
9 30 41 63 65
37 9 31 49 33
62 56 9 32 19
50 72 72 9 33
1 51 62 66 9
34 23 76 54 59
10 11 79 55 38
57 10 12 61 47
28 19 10 13 91
36 42 39 10 14
1 56 80 51 10
15 57 47 64 29
10 16 85 18 19
25 10 17 14 74
92 43 10 18 50
39 61 69 10 19
70 56 51 23 10
20 21 72 41 50
10 21 43 73 78
37 10 22 96 42
15 2 10 23 92
10 41 6 10 24
99 39 7 32 10
25 62 23 52 27
10 26 34 64 67
38 10 27 85 51
34 22 10 28 57
54 44 27 10 29
76 35 22 25 10
30 93 30 23 13
10 31 59 35 41
50 10 32 23 47
48 72 10 33 64
39 58 22 10 34
22 69 51 52 11
12 71 40 16 19
11 13 6 47 77
74 11 14 81 45
43 12 11 15 2
90 53 63 11 16
33 79 80 48 11
17 78 38 12 39
11 18 13 74 75
57 11 19 65 49
39 19 11 20 93
36 26 20 11 21
94 45 17 13 11
22 31 40 76 69
11 23 94 7 28
34 11 24 12 63
46 60 11 25 93
44 8 12 11 26
20 69 60 88 11
27 84 42 47 42
11 28 63 60 35
63 11 29 20 60
68 65 11 30 92
44 39 45 11 31
58 61 63 40 11
32 31 43 71 41
11 33 80 47 48
30 11 34 70 35
57 58 12 13 12
79 79 65 12 14
14 59 61 57 12
15 74 34 26 51
12 16 0 56 95
83 12 17 53 50
57 57 12 18 81
21 18 44 12 19
89 10 28 25 12
20 51 68 71 44
12 21 68 26 37
62 12 22 48 56
32 43 12 23 34
40 47 35 12 24
49 48 74 37 12
25 81 15 15 15
12 26 86 16 33
15 12 27 78 58
39 44 12 28 58
39 33 43 12 29
45 37 66 71 12
30 30 47 73 72
12 31 62 48 57
57 12 32 73 61
58 28 12 33 30
47 77 60 12 34
26 41 63 80 13
14 62 50 54 27
13 15 95 32 20
26 13 16 4 82
51 75 13 17 54
44 37 57 13 18
48 53 33 59 13
19 9 70 79 51
13 20 61 63 27
44 13 21 49 53
50 71 13 22 43
59 65 53 13 23
16 57 52 74 13
24 94 26 3 33
13 25 63 49 43
39 13 26 2 73
94 83 13 27 28
51 70 43 13 28
94 26 46 16 13
29 73 55 16 50
13 30 89 46 51
21 13 31 66 60
55 32 13 32 92
31 30 9 13 33
83 38 37 9 13
34 4 83 73 51
14 15 89 24 47
42 14 16 24 85
62 62 14 17 7
91 80 83 14 18
51 59 66 37 14
19 73 29 21 42
14 20 36 73 41
75 14 21 63 63
26 58 14 22 1
76 61 76 14 23
21 49 69 78 14
24 90 48 29 7
14 25 65 26 55
17 14 26 19 50
49 47 14 27 16
46 54 75 14 28
71 62 59 17 14
29 81 53 37 53
14 30 67 59 19
39 14 31 52 68
53 47 14 32 66
52 48 66 14 33
7 49 75 79 14
34 31 61 37 38
15 16 75 60 32
13 15 17 36 55
48 46 15 18 59
35 66 58 15 19
1 96 97 81 15
20 83 29 8 11
15 21 17 86 69
51 15 22 45 76
55 70 15 23 94
20 41 20 15 24
52 63 73 24 15
25 98 46 8 8
15 26 81 41 14
26 15 27 90 30
37 50 15 28 87
34 14 12 15 29
65 24 51 22 15
30 4 85 56 75
15 31 44 64 35
58 15 32 98 24
18 18 15 33 96
27 36 33 15 34
76 35 26 19 16
17 6 91 61 50
16 18 8 72 57
47 16 19 81 39
31 44 16 20 51
65 42 46 16 21
66 60 25 47 16
22 3 71 86 78
16 23 4 69 84
56 16 24 58 44
32 36 16 25 77
48 53 31 16 26
33 47 73 70 16
27 13 85 46 69
16 28 33 41 40
58 16 29 21 53
84 53 16 30 52
33 73 43 16 31
58 63 50 23 16
32 6 48 79 63
16 33 0 66 56
69 16 34 55 31
68 70 17 18 80
39 56 37 17 19
3 73 61 60 17
20 79 14 56 34
17 21 59 50 60
39 17 22 46 55
63 68 17 23 30
78 72 48 17 24
97 49 19 40 17
25 13 53 45 46
17 26 54 44 68
40 17 27 28 37
40 83 17 28 28
51 55 61 17 29
46 66 50 43 17
30 95 32 10 14
17 31 49 30 45
40 17 32 95 19
49 14 17 33 9
57 71 74 17 34
10 57 76 83 18
19 94 25 43 33
18 20 79 20 34
60 18 21 91 16
14 43 18 22 64
61 32 63 18 23
67 50 16 39 18
24 62 50 20 39
18 25 95 23 36
4 18 26 95 15
8 36 18 27 16
62 76 55 18 28
39 67 64 66 18
29 32 43 70 62
18 30 86 30 33
21 18 31 81 53
29 54 18 32 57
39 60 46 18 33
96 15 33 12 18
34 75 18 43 48
19 20 30 81 58
62 19 21 23 40
59 43 19 22 73
18 23 37 19 23
86 46 28 37 19
24 37 39 45 76
19 25 49 73 69
36 19 26 94 35
28 37 19 27 64
32 26 39 19 28
78 45 25 14 19
29 86 15 13 34
19 30 52 33 36
44 19 31 53 61
37 65 19 32 8
50 64 70 19 33
65 63 61 64 19
34 51 73 36 36
20 21 1 90 90
55 20 22 6 60
68 71 20 23 34
58 74 70 20 24
46 61 64 51 20
25 5 85 59 87
20 26 15 58 53
58 20 27 68 31
53 39 20 28 20
50 46 81 20 29
24 46 55 53 20
30 79 10 16 39
20 31 31 72 63
59 20 32 70 38
55 54 20 33 34
63 80 80 20 34
17 60 56 43 21
22 13 70 85 56
21 23 87 19 10
43 21 24 44 53
33 43 21 25 63
49 47 62 21 26
57 28 53 50 21
27 98 10 48 36
21 28 73 60 58
62 21 29 56 38
38 47 21 30 53
68 27 68 21 31
14 43 84 92 21
32 57 56 37 34
21 33 16 54 54
43 21 34 81 10
20 22 22 23 39
62 67 71 22 24
16 82 81 67 22
25 93 14 43 49
22 26 9 51 63
76 22 27 80 16
17 16 22 28 17
56 70 64 22 29
74 41 49 57 22
30 9 85 57 72
22 31 78 44 22
55 22 32 18 52
75 83 22 33 54
67 50 23 22 34
57 27 38 67 23
24 81 10 14 39
23 25 29 60 47
81 23 26 88 44
42 12 23 27 59
62 67 24 23 28
16 84 78 81 23
29 24 43 72 62
23 30 87 9 51
26 23 31 31 81
59 57 23 32 89
53 11 31 23 33
21 80 70 39 23
34 60 69 58 38
24 25 38 66 55
70 24 26 3 56
96 97 24 27 68
41 28 49 24 28
71 47 31 59 24
29 86 30 20 55
24 30 46 66 31
41 24 31 73 28
40 46 24 32 56
63 50 31 24 33
45 42 39 38 24
34 98 12 45 2
25 26 60 35 50
25 25 27 29 57
66 63 25 28 38
37 52 52 25 29
66 59 55 44 25
30 34 58 74 50
25 31 87 32 23
30 25 32 54 43
65 66 25 33 83
55 48 29 25 34
14 61 71 78 26
27 80 16 55 55
26 28 12 46 90
83 26 29 56 38
22 24 26 30 57
47 29 41 26 31
81 50 28 26 26
32 3 69 70 93
26 33 97 36 27
49 26 34 98 4
46 18 27 28 49
62 67 73 27 29
90 23 12 32 27
30 79 58 22 42
27 31 54 41 49
45 27 32 88 39
28 12 27 33 76
52 23 21 27 34
20 46 82 83 28
29 24 60 63 54
28 30 9 80 77
60 28 31 38 57
39 35 28 32 17
77 88 75 28 33
61 47 25 60 28
34 79 10 56 12
29 30 18 72 44
83 29 31 50 35
32 48 29 32 56
35 23 45 29 33
70 57 32 49 29
34 16 59 74 44
30 31 16 82 42
57 30 32 63 32
35 52 30 33 26
72 67 73 30 34
50 27 26 49 31
32 25 39 77 60
31 33 56 57 68
56 31 34 19 84
69 75 32 33 37
33 60 42 32 34
10 55 85 50 33
34 22 85 45 88
