38 4
0.333333 0.333333 0.333333 0.0 
0 1 76 29 60 27
0 2 30 29 68 84
0 3 80 60 33 40
0 4 33 33 19 29
0 5 20 25 58 66
0 6 45 22 90 59
0 7 35 91 22 78
0 8 3 30 89 73
0 9 61 9 20 79
0 10 74 42 63 6
0 11 43 43 64 89
0 12 8 81 62 38
0 13 86 8 10 30
0 14 49 46 64 32
0 15 81 59 82 41
0 16 29 54 42 33
0 17 37 92 67 23
0 18 19 56 49 19
0 19 52 35 42 25
0 20 14 31 59 89
0 21 33 40 48 91
0 22 49 76 18 35
0 23 94 29 39 73
0 24 20 40 84 24
0 25 77 20 7 77
0 26 2 90 44 51
0 27 15 79 21 34
0 28 92 26 5 22
0 29 61 57 67 28
0 30 40 39 90 89
0 31 33 47 27 29
0 32 54 55 52 73
0 33 98 42 36 0
0 34 58 67 12 31
0 35 87 27 59 14
0 36 5 70 92 61
0 37 93 14 50 20
1 2 33 73 45 89
1 3 9 44 31 65
1 4 7 22 38 87
1 5 34 20 29 44
1 6 82 14 53 46
1 7 44 90 50 71
1 8 67 74 34 11
1 9 78 68 28 60
1 10 96 15 44 78
1 11 34 54 86 40
1 12 85 9 58 53
1 13 69 52 81 21
1 14 26 53 58 55
1 15 17 94 31 44
1 16 47 75 64 84
1 17 75 40 48 81
1 18 97 19 49 59
1 19 31 72 44 54
1 20 86 30 59 16
1 21 77 24 59 83
1 22 47 85 88 23
1 23 16 50 64 95
1 24 42 11 31 76
1 25 91 29 67 33
1 26 1 52 73 97
1 27 27 29 36 91
1 28 65 83 27 62
1 29 98 40 57 17
1 30 6 90 36 81
1 31 89 62 22 67
1 32 95 63 53 13
1 33 79 41 66 17
1 34 97 30 20 35
1 35 6 31 57 64
1 36 52 80 57 53
1 37 51 18 43 53
2 3 69 76 58 17
2 4 80 77 41 76
2 5 9 96 98 62
2 6 20 63 89 54
2 7 98 34 69 54
2 8 4 56 19 30
2 9 6 36 63 27
2 10 10 22 69 59
2 11 13 54 22 25
2 12 62 41 49 26
2 13 4 68 37 48
2 14 64 49 24 44
2 15 85 38 46 38
2 16 97 76 61 30
2 17 57 79 64 77
2 18 95 41 47 55
2 19 71 28 47 22
2 20 13 84 52 85
2 21 65 8 84 13
2 22 35 29 77 89
2 23 77 55 71 41
2 24 72 19 6 84
2 25 8 30 35 96
2 26 52 16 57 56
2 27 82 47 70 47
2 28 34 46 41 90
2 29 24 91 57 51
2 30 63 45 73 48
2 31 86 51 32 54
2 32 92 56 13 27
2 33 99 28 59 63
2 34 55 22 46 34
2 35 72 29 78 56
2 36 9 80 35 46
2 37 28 29 20 75
3 4 33 57 90 50
3 5 99 57 41 52
3 6 86 66 29 3
3 7 91 52 63 22
3 8 39 52 89 76
3 9 85 15 29 20
3 10 35 17 67 46
3 11 70 51 18 12
3 12 23 67 60 41
3 13 4 97 48 29
3 14 60 60 20 54
3 15 4 45 68 44
3 16 92 49 33 10
3 17 32 58 62 64
3 18 50 50 31 52
3 19 13 66 62 94
3 20 38 39 90 33
3 21 15 66 90 23
3 22 7 53 52 86
3 23 60 77 85 10
3 24 8 23 33 89
3 25 55 39 19 41
3 26 56 50 37 57
3 27 44 87 22 83
3 28 66 17 38 37
3 29 81 3 24 40
3 30 20 44 78 72
3 31 85 68 13 28
3 32 44 57 85 16
3 33 6 61 46 68
3 34 78 30 43 75
3 35 59 55 32 17
3 36 11 62 79 30
3 37 41 30 79 65
4 5 99 64 40 9
4 6 4 37 79 55
4 7 88 76 6 19
4 8 44 60 33 64
4 9 13 85 61 93
4 10 11 30 24 25
4 11 33 88 33 44
4 12 39 83 12 23
4 13 42 49 42 23
4 14 33 29 40 29
4 15 14 73 37 28
4 16 0 97 90 50
4 17 73 7 68 16
4 18 82 59 11 19
4 19 10 49 24 28
4 20 32 70 90 82
4 21 69 84 80 69
4 22 43 39 25 34
4 23 44 50 50 83
4 24 83 21 72 63
4 25 68 55 28 14
4 26 28 39 53 14
4 27 66 30 43 20
4 28 8 39 38 54
4 29 24 31 69 43
4 30 80 47 39 76
4 31 13 89 36 93
4 32 60 24 35 72
4 33 81 15 47 83
4 34 44 39 46 37
4 35 24 61 54 62
4 36 53 45 82 82
4 37 13 74 24 57
5 6 89 2 19 65
5 7 68 83 67 34
5 8 53 29 40 40
5 9 5 57 98 53
5 10 81 37 40 45
5 11 63 21 50 57
5 12 59 26 19 56
5 13 93 24 76 33
5 14 88 55 65 58
5 15 65 28 45 71
5 16 10 91 70 24
5 17 3 60 61 97
5 18 94 35 6 19
5 19 44 88 28 35
5 20 59 47 54 32
5 21 49 41 22 69
5 22 74 62 20 24
5 23 47 48 49 51
5 24 58 31 13 83
5 25 4 47 36 61
5 26 24 76 73 27
5 27 7 66 32 77
5 28 66 67 72 63
5 29 52 61 77 45
5 30 24 48 21 74
5 31 30 47 65 91
5 32 93 58 5 74
5 33 53 59 60 74
5 34 96 11 50 68
5 35 7 65 71 28
5 36 60 20 61 42
5 37 24 93 92 21
6 7 20 36 18 40
6 8 17 59 86 31
6 9 6 43 46 50
6 10 64 60 38 73
6 11 14 36 70 36
6 12 26 90 67 82
6 13 7 71 26 90
6 14 9 57 20 33
6 15 16 45 49 30
6 16 50 56 10 58
6 17 31 16 62 31
6 18 1 45 31 93
6 19 64 65 32 42
6 20 54 80 61 15
6 21 29 51 52 53
6 22 25 77 49 40
6 23 84 34 82 55
6 24 35 35 14 14
6 25 26 86 61 47
6 26 19 48 55 27
6 27 16 60 93 76
6 28 91 73 57 48
6 29 36 47 29 60
6 30 75 29 22 28
6 31 59 43 9 17
6 32 90 31 22 45
6 33 88 32 13 77
6 34 29 57 52 53
6 35 60 63 61 85
6 36 32 25 61 55
6 37 69 51 34 79
7 8 99 68 41 26
7 9 8 72 46 22
7 10 63 13 7 55
7 11 19 66 77 75
7 12 82 56 65 39
7 13 59 29 51 63
7 14 38 63 18 91
7 15 82 50 50 80
7 16 71 61 70 59
7 17 16 37 81 38
7 18 72 12 58 50
7 19 15 60 21 57
7 20 7 95 80 44
7 21 16 28 22 52
7 22 47 72 16 38
7 23 15 40 84 44
7 24 58 60 26 66
7 25 9 90 31 34
7 26 51 77 79 57
7 27 58 28 51 45
7 28 76 59 34 44
7 29 79 62 64 38
7 30 16 85 72 29
7 31 15 22 46 37
7 32 32 75 24 71
7 33 96 58 60 14
7 34 0 91 22 25
7 35 34 31 76 43
7 36 82 72 45 53
7 37 76 72 14 64
8 9 25 49 64 71
8 10 17 67 42 55
8 11 93 51 80 78
8 12 3 65 77 80
8 13 21 56 53 26
8 14 28 60 34 15
8 15 86 82 62 65
8 16 47 70 71 37
8 17 97 74 20 66
8 18 54 64 52 37
8 19 59 58 38 58
8 20 72 78 76 74
8 21 28 53 73 72
8 22 98 35 70 54
8 23 84 17 41 7
8 24 27 48 80 62
8 25 42 87 41 90
8 26 74 62 23 55
8 27 28 78 50 76
8 28 12 39 46 73
8 29 92 65 76 43
8 30 13 58 66 81
8 31 76 78 45 51
8 32 12 87 25 31
8 33 6 56 74 72
8 34 26 70 78 43
8 35 83 8 77 17
8 36 89 9 9 31
8 37 60 84 24 74
9 10 97 40 9 65
9 11 38 16 24 19
9 12 57 67 73 29
9 13 42 21 76 79
9 14 20 41 44 39
9 15 6 57 83 84
9 16 32 34 47 39
9 17 77 11 47 34
9 18 69 8 82 48
9 19 17 75 75 83
9 20 9 71 63 45
9 21 30 80 15 42
9 22 1 80 45 35
9 23 25 81 74 81
9 24 95 55 44 59
9 25 23 23 45 79
9 26 20 20 53 18
9 27 41 73 25 47
9 28 13 26 57 51
9 29 10 82 72 93
9 30 61 27 13 49
9 31 91 2 14 41
9 32 32 57 56 75
9 33 9 30 92 36
9 34 22 38 79 29
9 35 45 22 46 22
9 36 77 16 81 22
9 37 0 55 31 47
10 11 58 82 13 74
10 12 46 38 30 61
10 13 61 87 12 67
10 14 80 42 51 7
10 15 91 49 37 53
10 16 96 78 19 54
10 17 3 34 97 60
10 18 84 63 74 24
10 19 99 54 12 24
10 20 80 71 6 52
10 21 47 72 42 43
10 22 16 48 59 30
10 23 87 37 43 11
10 24 71 39 71 57
10 25 59 67 65 24
10 26 64 77 7 14
10 27 7 39 97 90
10 28 97 17 45 48
10 29 76 64 39 62
10 30 58 47 58 49
10 31 24 20 71 44
10 32 38 49 52 50
10 33 13 47 56 68
10 34 15 85 25 18
10 35 3 19 48 83
10 36 68 11 51 63
10 37 14 76 56 64
11 12 2 41 68 23
11 13 1 24 42 72
11 14 69 83 9 64
11 15 4 94 73 40
11 16 35 26 29 30
11 17 82 62 37 79
11 18 58 56 11 21
11 19 82 38 71 45
11 20 3 38 77 28
11 21 4 72 37 30
11 22 70 22 59 68
11 23 25 45 91 92
11 24 59 48 20 46
11 25 15 89 96 59
11 26 53 18 51 27
11 27 40 47 46 22
11 28 3 31 58 48
11 29 72 57 7 42
11 30 93 47 34 69
11 31 24 45 37 67
11 32 58 46 64 58
11 33 43 30 25 49
11 34 57 43 42 9
11 35 31 25 35 45
11 36 89 21 42 46
11 37 42 65 24 51
12 13 31 51 76 37
12 14 72 60 21 69
12 15 3 26 71 75
12 16 33 32 58 29
12 17 80 19 27 43
12 18 97 56 30 70
12 19 84 57 77 75
12 20 16 65 70 66
12 21 48 16 63 66
12 22 73 28 83 29
12 23 21 49 73 17
12 24 29 23 48 16
12 25 49 42 63 60
12 26 67 73 72 50
12 27 61 68 26 83
12 28 96 7 73 12
12 29 97 13 53 58
12 30 65 75 29 76
12 31 7 92 74 37
12 32 92 25 33 35
12 33 2 24 75 78
12 34 72 82 57 17
12 35 73 27 24 25
12 36 93 40 68 10
12 37 87 6 23 6
13 14 88 27 70 2
13 15 0 87 21 38
13 16 48 48 53 38
13 17 76 46 39 22
13 18 59 65 46 51
13 19 73 41 45 64
13 20 95 40 54 6
13 21 43 57 29 85
13 22 66 30 10 76
13 23 93 75 70 24
13 24 73 10 70 50
13 25 97 0 41 64
13 26 57 67 68 28
13 27 39 42 66 12
13 28 9 41 29 78
13 29 33 27 48 81
13 30 13 70 62 19
13 31 62 65 33 61
13 32 71 31 77 70
13 33 51 55 58 43
13 34 33 18 60 60
13 35 31 58 79 15
13 36 99 28 39 19
13 37 82 37 61 36
14 15 67 60 26 27
14 16 68 19 29 8
14 17 6 94 81 89
14 18 59 36 58 78
14 19 69 8 79 61
14 20 32 18 92 52
14 21 39 90 77 72
14 22 20 67 91 64
14 23 13 95 88 48
14 24 59 72 76 10
14 25 67 84 33 25
14 26 95 39 9 2
14 27 67 40 9 20
14 28 70 80 53 37
14 29 90 47 79 15
14 30 26 61 25 39
14 31 51 62 66 9
14 32 35 78 77 38
14 33 81 66 7 31
14 34 84 5 73 56
14 35 49 21 16 57
14 36 26 47 49 81
14 37 74 46 57 56
15 16 19 78 59 62
15 17 85 62 5 28
15 18 78 22 74 71
15 19 88 28 78 34
15 20 21 74 66 37
15 21 35 28 45 30
15 22 12 94 37 19
15 23 25 29 85 86
15 24 68 7 32 58
15 25 60 78 49 40
15 26 21 85 26 45
15 27 24 63 69 29
15 28 12 40 50 29
15 29 51 50 62 53
15 30 34 42 77 17
15 31 34 58 19 56
15 32 19 26 96 50
15 33 17 90 72 88
15 34 72 81 77 20
15 35 39 30 17 39
15 36 71 29 54 54
15 37 21 41 20 52
16 17 27 19 25 51
16 18 51 21 45 75
16 19 96 1 2 17
16 20 17 23 90 25
16 21 71 80 26 85
16 22 19 53 73 31
16 23 52 38 88 42
16 24 92 72 48 61
16 25 0 48 52 31
16 26 65 18 31 24
16 27 81 51 68 10
16 28 57 48 34 72
16 29 51 46 55 59
16 30 31 15 68 86
16 31 73 30 43 80
16 32 64 18 17 18
16 33 8 45 93 63
16 34 0 74 49 71
16 35 61 52 66 11
16 36 51 18 52 34
16 37 81 47 14 63
17 18 60 73 24 85
17 19 84 52 57 75
17 20 83 71 78 64
17 21 94 4 32 14
17 22 94 34 51 47
17 23 85 46 37 49
17 24 49 11 30 77
17 25 35 61 48 55
17 26 31 82 76 85
17 27 82 82 62 58
17 28 61 25 44 65
17 29 55 54 37 57
17 30 39 63 28 90
17 31 14 25 34 30
17 32 3 57 68 29
17 33 29 46 43 84
17 34 55 88 53 75
17 35 69 20 40 13
17 36 70 65 6 30
17 37 22 60 46 40
18 19 49 44 37 10
18 20 42 25 77 90
18 21 79 12 79 53
18 22 86 18 79 18
18 23 15 96 29 29
18 24 99 67 66 18
18 25 30 33 40 30
18 26 22 88 69 62
18 27 28 22 46 57
18 28 88 73 49 30
18 29 83 77 25 52
18 30 78 77 53 40
18 31 57 37 39 60
18 32 40 36 82 44
18 33 94 60 57 77
18 34 85 48 56 68
18 35 57 19 75 48
18 36 87 54 5 19
18 37 68 76 64 30
19 20 88 29 52 57
19 21 59 48 47 35
19 22 66 33 79 13
19 23 75 61 51 41
19 24 62 66 85 37
19 25 19 31 82 94
19 26 65 58 41 81
19 27 96 68 17 47
19 28 74 35 71 9
19 29 60 52 18 71
19 30 39 74 82 66
19 31 88 51 13 64
19 32 30 82 66 70
19 33 97 28 47 24
19 34 90 2 64 28
19 35 31 25 88 52
19 36 58 24 11 85
19 37 24 69 93 87
20 21 11 50 69 44
20 22 85 69 37 57
20 23 98 24 48 58
20 24 14 73 81 33
20 25 56 32 70 76
20 26 83 41 62 77
20 27 61 55 64 55
20 28 62 73 85 53
20 29 57 18 38 81
20 30 79 22 63 31
20 31 98 33 54 48
20 32 75 60 20 39
20 33 56 37 85 37
20 34 15 60 21 80
20 35 36 16 70 90
20 36 80 50 61 81
20 37 3 56 86 88
21 22 58 48 69 20
21 23 40 62 88 46
21 24 38 49 25 82
21 25 9 85 43 86
21 26 5 76 77 74
21 27 0 56 48 52
21 28 21 68 26 24
21 29 40 30 35 26
21 30 77 30 42 63
21 31 51 84 81 86
21 32 8 53 90 93
21 33 54 75 66 30
21 34 84 46 56 61
21 35 38 89 33 69
21 36 27 40 54 28
21 37 80 65 73 56
22 23 17 86 88 82
22 24 14 60 36 39
22 25 98 6 60 15
22 26 52 60 26 22
22 27 30 14 72 73
22 28 26 60 89 17
22 29 38 66 53 77
22 30 55 38 45 32
22 31 66 50 29 28
22 32 88 3 25 64
22 33 28 34 77 52
22 34 62 74 28 57
22 35 56 75 84 40
22 36 32 80 79 39
22 37 5 95 56 58
23 24 66 44 58 27
23 25 77 15 52 22
23 26 9 88 96 33
23 27 58 87 79 9
23 28 85 82 21 10
23 29 82 54 23 6
23 30 69 66 24 54
23 31 47 17 20 78
23 32 52 22 89 85
23 33 52 21 28 87
23 34 0 24 43 79
23 35 92 68 55 60
23 36 8 65 56 98
23 37 3 95 49 96
24 25 76 79 68 26
24 26 0 22 27 73
24 27 14 89 75 90
24 28 51 83 65 54
24 29 64 48 8 54
24 30 56 23 82 68
24 31 64 81 60 47
24 32 80 78 23 78
24 33 89 2 10 4
24 34 75 40 19 9
24 35 48 34 29 86
24 36 86 79 65 3
24 37 7 92 95 78
25 26 72 27 78 13
25 27 46 78 25 53
25 28 15 95 46 84
25 29 81 71 49 77
25 30 7 72 47 47
25 31 10 61 31 37
25 32 29 30 62 35
25 33 46 44 56 57
25 34 30 55 85 46
25 35 6 77 36 88
25 36 20 45 48 93
25 37 40 35 87 57
26 27 2 72 26 87
26 28 62 11 10 82
26 29 46 75 59 57
26 30 41 56 46 79
26 31 1 92 37 44
26 32 37 49 61 24
26 33 14 34 65 46
26 34 43 33 20 24
26 35 89 28 49 80
26 36 71 32 12 41
26 37 4 91 30 91
27 28 93 44 16 50
27 29 36 16 47 59
27 30 29 59 84 50
27 31 58 40 38 81
27 32 96 65 2 51
27 33 56 68 37 40
27 34 39 37 54 24
27 35 81 75 11 42
27 36 6 24 74 95
27 37 35 60 69 87
28 29 68 44 17 16
28 30 77 62 78 5
28 31 66 47 36 16
28 32 65 19 25 9
28 33 94 9 67 13
28 34 38 33 45 82
28 35 1 30 43 43
28 36 64 54 85 35
28 37 49 59 36 52
29 30 2 90 63 81
29 31 27 66 43 93
29 32 68 31 30 71
29 33 34 16 45 41
29 34 53 63 48 87
29 35 13 77 38 85
29 36 75 71 19 14
29 37 1 44 61 67
30 31 22 74 30 68
30 32 64 57 36 54
30 33 73 9 63 8
30 34 7 86 67 76
30 35 25 29 22 64
30 36 43 73 16 16
30 37 14 55 65 41
31 32 65 34 43 79
31 33 30 64 71 52
31 34 26 43 15 23
31 35 85 68 52 7
31 36 44 61 54 17
31 37 17 30 82 54
32 33 9 54 92 60
32 34 83 9 9 71
32 35 8 34 89 32
32 36 87 61 43 20
32 37 67 22 10 41
33 34 75 37 34 33
33 35 11 18 29 28
33 36 48 64 85 67
33 37 90 3 43 55
34 35 92 22 28 52
34 36 59 25 38 12
34 37 94 66 18 9
35 36 43 42 18 87
35 37 85 53 3 24
36 37 31 24 48 29
