38 4
0.5 0.5 0.0 0.0 
0 1 98 37 32
22 0 2 89 10
25 8 0 3 79
28 51 53 0 4
44 71 72 27 0
5 40 42 53 34
0 6 29 84 82
77 0 7 9 56
81 92 0 8 10
85 46 82 0 9
76 23 25 50 0
10 46 61 74 27
0 11 79 19 51
16 0 12 8 54
49 89 0 13 78
29 50 17 0 14
1 81 93 80 0
15 66 46 38 33
0 16 76 39 37
37 0 17 87 11
50 25 0 18 34
81 71 36 0 19
32 60 36 69 0
20 2 53 76 89
0 21 15 83 86
49 0 22 55 70
53 41 0 23 80
36 58 37 0 24
83 47 46 49 0
25 64 50 67 63
0 26 77 49 57
30 0 27 10 81
60 71 0 28 30
64 63 59 0 29
67 24 30 44 0
30 43 29 45 39
0 31 17 85 60
61 0 32 59 39
31 44 0 33 70
40 48 22 0 34
80 55 49 46 0
35 88 5 26 22
0 36 40 68 75
32 0 37 37 79
45 45 1 2 80
38 26 13 1 3
89 23 6 9 1
4 13 72 69 81
1 5 87 20 49
39 1 6 18 46
90 80 1 7 31
47 73 83 1 8
52 27 46 53 1
9 12 87 74 74
1 10 98 39 47
21 1 11 88 11
33 41 1 12 68
50 40 62 1 13
8 72 46 65 1
14 20 53 50 55
1 15 44 66 67
65 1 16 69 16
27 24 1 17 52
36 28 28 1 18
75 36 47 33 1
19 96 39 46 8
1 20 36 62 79
67 1 21 43 52
55 39 1 22 87
21 19 16 1 23
87 49 23 24 1
24 7 95 88 58
1 25 60 20 67
19 1 26 1 59
57 60 1 27 13
64 73 46 1 28
50 52 62 49 1
29 19 79 83 44
1 30 65 63 39
56 1 31 76 34
18 59 1 32 93
9 35 28 1 33
77 34 42 55 1
34 97 10 9 33
1 35 76 58 42
47 1 36 95 35
35 18 1 37 60
53 21 36 2 3
18 63 62 85 2
4 78 38 34 33
2 5 27 48 65
58 2 6 46 40
74 62 2 7 84
13 27 28 2 8
34 33 37 74 2
9 85 13 57 23
2 10 14 55 66
50 2 11 97 22
1 5 2 12 20
65 52 81 2 13
27 70 64 54 2
14 11 84 55 90
2 15 58 31 66
36 2 16 82 39
44 19 2 17 90
23 22 37 2 18
43 38 48 73 2
19 72 56 28 16
2 20 24 69 49
65 2 21 98 8
1 27 2 22 26
71 71 68 2 23
59 47 32 29 2
24 92 41 52 22
2 25 50 57 73
40 2 26 88 19
16 51 2 27 95
29 51 5 2 28
49 62 27 64 2
29 88 10 55 52
2 30 90 23 27
53 2 31 67 60
33 45 2 32 29
60 83 65 2 33
85 52 26 35 2
34 22 88 86 86
2 35 2 94 62
81 2 36 78 48
23 57 2 37 41
56 68 54 3 4
84 35 39 27 3
5 17 63 73 88
3 6 74 43 36
22 3 7 55 34
56 40 3 8 95
20 50 49 3 9
20 62 85 79 3
10 9 82 88 79
3 11 80 10 15
26 3 12 15 82
79 90 3 13 42
73 36 53 3 14
48 65 55 61 3
15 95 47 19 30
3 16 8 82 77
79 3 17 76 43
39 57 3 18 77
57 11 57 3 19
20 57 73 87 3
20 66 40 45 66
3 21 41 62 42
63 3 22 56 41
32 61 3 23 57
57 45 22 3 24
39 76 72 75 3
25 83 53 8 44
3 26 45 72 41
43 3 27 2 50
58 83 3 28 63
51 66 40 3 29
64 19 28 23 3
30 55 42 30 48
3 31 9 60 73
88 3 32 74 35
16 48 3 33 79
22 55 12 3 34
34 74 56 35 3
35 72 15 15 62
3 36 6 55 62
66 3 37 21 79
85 53 4 5 64
52 24 64 4 6
80 15 15 43 4
7 70 46 22 25
4 8 7 90 94
64 4 9 76 55
38 26 4 10 81
41 32 38 4 11
84 45 53 40 4
12 53 25 59 70
4 13 34 53 72
44 4 14 65 19
37 40 4 15 26
67 61 78 4 16
86 56 38 32 4
17 69 17 24 36
4 18 20 48 63
72 4 19 26 51
37 77 4 20 1
67 51 67 4 21
15 74 84 89 4
22 32 57 51 49
4 23 36 39 55
52 4 24 3 93
75 50 4 25 99
20 13 0 4 26
17 44 42 66 4
27 24 72 39 68
4 28 97 16 3
25 4 29 0 50
59 70 4 30 7
75 63 89 4 31
25 43 77 59 4
32 55 38 36 34
4 33 33 72 52
49 4 34 83 45
41 36 4 35 66
19 58 31 4 36
28 47 59 69 4
37 46 29 67 55
5 6 88 18 48
14 5 7 7 90
79 87 5 8 99
26 27 28 5 9
14 79 63 77 5
10 82 47 54 23
5 11 56 48 29
56 5 12 2 74
94 66 5 13 94
38 22 45 5 14
37 59 54 33 5
15 93 36 8 24
5 16 45 39 71
64 5 17 58 25
37 29 5 18 51
40 59 47 5 19
48 74 29 27 5
20 61 45 67 30
5 21 68 39 22
20 5 22 3 84
78 62 5 23 59
32 36 32 5 24
18 76 53 87 5
25 41 43 51 44
5 26 83 37 43
43 5 27 61 22
58 36 5 28 92
48 44 5 5 29
12 48 87 52 5
30 87 31 32 16
5 31 46 51 47
59 5 32 76 22
35 17 5 33 70
57 31 49 5 34
7 71 60 87 5
35 48 44 51 51
5 36 22 71 55
46 5 37 40 66
32 31 6 7 24
54 73 56 6 8
84 8 16 39 6
9 69 32 25 63
6 10 91 14 8
39 6 11 73 28
15 45 6 12 31
44 70 71 6 13
9 89 74 52 6
14 77 20 43 36
6 15 9 59 81
49 6 16 37 53
70 77 6 17 0
83 97 96 6 18
10 54 45 83 6
19 25 47 78 66
6 20 12 68 77
63 6 21 89 29
55 55 6 22 91
6 9 6 6 23
78 47 33 25 6
24 75 22 14 46
6 25 25 47 75
63 6 26 51 50
63 37 6 27 39
64 53 49 6 28
18 81 90 44 6
29 89 35 43 22
6 30 5 63 60
72 6 31 4 60
55 57 6 32 77
15 50 58 6 33
57 64 58 61 6
34 3 50 77 89
6 35 63 26 65
46 6 36 58 27
29 53 6 37 25
68 44 69 7 8
22 86 80 72 7
9 83 32 49 36
7 10 56 53 25
59 7 11 50 70
65 64 7 12 35
78 33 35 7 13
61 39 60 21 7
14 33 56 39 59
7 15 59 58 68
23 7 16 56 35
58 33 7 17 41
63 71 66 7 18
36 46 74 42 7
19 46 67 47 47
7 20 9 70 95
55 7 21 45 54
73 74 7 22 56
37 66 62 7 23
47 56 52 51 7
24 23 59 48 38
7 25 57 31 36
23 7 26 26 41
64 42 7 27 91
38 35 37 7 28
30 67 70 37 7
29 1 52 81 58
7 30 71 52 33
59 7 31 38 41
43 73 7 32 72
39 15 24 7 33
39 66 68 55 7
34 81 49 11 21
7 35 13 59 93
47 7 36 48 38
40 44 7 37 34
78 74 53 8 9
19 69 56 51 8
10 24 64 52 40
8 11 41 72 58
51 8 12 55 56
61 31 8 13 24
82 63 73 8 14
40 79 38 53 8
15 7 94 89 61
8 16 90 42 15
38 8 17 15 67
80 88 8 18 56
39 34 30 8 19
13 51 48 85 8
20 52 46 45 26
8 21 74 31 24
45 8 22 6 75
51 56 8 23 28
54 62 76 8 24
82 42 54 53 8
25 98 9 12 41
8 26 9 93 65
90 8 27 1 84
78 92 8 28 22
55 66 54 8 29
93 24 24 44 8
30 68 47 61 17
8 31 5 90 90
81 8 32 90 27
37 25 8 33 42
67 57 46 8 34
32 35 64 78 8
35 6 89 55 76
8 36 38 69 47
66 8 37 65 57
39 53 9 10 28
42 50 76 9 11
60 34 52 64 9
12 97 50 22 9
9 13 46 49 46
56 9 14 31 43
77 54 9 15 9
90 93 60 9 16
25 58 39 47 9
17 5 78 51 55
9 18 3 52 52
49 9 19 54 44
71 39 9 20 89
48 44 39 9 21
47 26 67 49 9
22 49 68 63 72
9 23 37 35 32
70 9 24 89 7
26 6 9 25 70
31 51 21 9 26
13 87 66 72 9
27 60 45 47 22
9 28 7 60 51
52 9 29 92 45
39 7 9 30 89
43 9 13 9 31
89 9 8 18 9
32 0 83 61 76
9 33 29 80 62
81 9 34 52 31
28 59 9 35 67
39 51 43 9 36
26 48 50 53 9
37 95 36 48 39
10 11 94 36 22
49 10 12 4 80
52 66 10 13 19
73 63 83 10 14
49 48 38 67 10
15 31 63 67 41
10 16 51 34 29
42 10 17 58 59
29 39 10 18 69
16 26 56 10 19
0 82 76 60 10
20 40 47 68 66
10 21 31 40 55
42 10 22 76 59
60 52 10 23 48
58 41 71 10 24
46 41 55 71 10
25 69 33 30 63
10 26 53 33 35
29 10 27 44 41
60 41 10 28 68
34 53 40 10 29
65 21 65 33 10
30 34 50 46 53
10 31 95 3 7
18 10 32 11 88
58 45 10 33 94
51 27 3 10 34
95 19 26 31 10
35 49 59 28 28
10 36 67 45 21
55 10 37 24 76
46 82 11 12 65
23 36 19 11 13
27 63 64 55 11
14 1 76 86 86
11 15 25 63 56
45 11 16 86 19
21 28 11 17 64
41 66 59 11 18
9 47 79 50 11
19 82 26 46 18
11 20 74 30 36
34 11 21 46 58
44 52 11 22 24
80 61 51 11 23
41 60 31 62 11
24 44 75 33 73
11 25 82 10 10
23 11 26 21 53
89 44 11 27 3
67 83 55 11 28
34 57 78 33 11
29 59 64 46 27
11 30 97 23 14
42 11 31 48 61
62 26 11 32 90
46 26 30 11 33
94 27 46 3 11
34 78 19 47 59
11 35 97 40 1
1 11 36 46 75
73 36 11 37 97
10 49 14 12 13
66 31 17 36 12
14 45 48 56 74
12 15 15 45 79
42 12 16 31 73
40 64 12 17 66
58 33 22 12 18
29 85 59 64 12
19 21 66 80 88
12 20 11 45 64
87 12 21 89 53
46 7 12 22 96
43 49 26 12 23
97 30 8 39 12
24 36 70 33 79
12 25 9 86 90
56 12 26 44 64
28 36 12 27 89
13 14 31 12 28
33 73 50 53 12
29 21 66 47 71
12 30 44 31 38
60 12 31 55 71
52 55 12 32 84
41 47 10 12 33
87 32 12 21 12
34 38 38 61 73
12 35 82 33 39
12 12 36 48 47
52 38 12 37 64
52 27 27 13 14
37 56 68 71 13
15 75 45 35 61
13 16 34 37 36
53 13 17 91 12
4 31 13 18 62
26 46 62 13 19
63 51 26 67 13
20 74 61 44 60
13 21 11 71 73
84 13 22 15 84
59 47 13 23 46
38 40 39 13 24
12 57 82 45 13
25 77 14 15 59
13 26 98 38 14
2 13 27 79 17
20 44 13 28 6
50 88 72 13 29
21 63 42 86 13
30 69 20 28 19
13 31 91 47 29
4 13 32 63 34
63 65 13 33 50
25 43 67 13 34
11 54 84 81 13
35 8 63 65 52
13 36 24 80 58
48 13 37 97 14
44 21 14 15 97
3 32 3 14 16
87 21 46 55 14
17 83 16 39 57
14 18 40 41 39
33 14 19 33 59
79 68 14 20 11
60 59 92 14 21
0 51 69 51 14
22 44 31 43 58
14 23 95 24 48
42 14 24 75 38
51 15 14 25 95
47 14 7 14 26
71 56 31 39 14
27 64 49 33 20
14 28 26 48 75
83 14 29 13 49
43 69 14 30 49
28 66 59 14 31
92 18 31 24 14
32 49 51 39 30
14 33 99 8 24
30 14 34 2 80
81 92 14 35 95
30 48 38 14 36
97 10 29 32 14
37 54 47 58 30
15 16 47 28 54
51 15 17 43 34
54 46 15 18 89
11 43 21 15 19
62 29 52 61 15
20 77 45 46 54
15 21 51 30 28
40 15 22 84 17
51 48 15 23 28
36 80 58 15 24
13 48 78 64 15
25 81 11 58 26
15 26 75 21 23
28 15 27 31 35
50 71 15 28 12
53 83 64 15 29
0 82 73 78 15
30 99 14 24 16
15 31 58 63 21
58 15 32 31 59
57 41 15 33 64
64 29 54 15 34
58 61 39 37 15
35 27 78 73 80
15 36 48 57 67
56 15 37 72 14
17 39 16 17 38
68 65 41 16 18
65 64 51 22 16
19 88 16 32 35
16 20 72 49 61
58 16 21 77 15
30 39 16 22 63
26 59 49 16 23
2 73 70 80 16
24 21 75 52 54
16 25 42 48 65
45 16 26 70 27
60 55 16 27 47
72 74 61 16 28
7 54 93 65 16
29 35 73 50 81
16 30 75 28 43
57 16 31 9 80
88 71 16 32 63
54 27 68 16 33
50 44 42 65 16
34 56 62 31 27
16 35 88 15 12
16 16 36 43 37
64 33 16 37 9
89 82 81 17 18
78 38 50 19 17
19 21 75 55 62
17 20 8 86 80
85 17 21 82 42
19 20 17 22 6
46 73 66 17 23
66 20 52 17 17
24 76 37 26 45
17 25 78 59 42
49 17 26 84 31
49 51 17 27 72
14 16 45 17 28
28 66 48 83 17
29 91 35 51 21
17 30 17 87 67
43 17 31 71 21
37 18 17 32 93
30 12 35 17 33
13 72 54 87 17
34 46 53 46 68
17 35 27 46 42
72 17 36 79 28
45 11 17 37 6
66 79 65 18 19
87 31 43 55 18
20 72 54 19 13
18 21 52 38 37
47 18 22 86 31
12 28 18 23 6
62 60 78 18 24
96 33 16 9 18
25 19 82 50 64
18 26 0 71 95
54 18 27 60 68
69 59 18 28 43
74 49 50 18 29
56 27 44 58 18
30 66 55 33 55
18 31 18 56 62
54 18 32 9 68
62 93 18 33 45
52 50 71 18 34
14 61 47 79 18
35 14 68 72 70
18 36 30 45 52
83 18 37 60 23
60 42 19 20 68
62 64 24 19 21
76 34 44 43 19
22 50 59 44 54
19 23 48 54 46
46 19 24 80 28
49 26 19 25 54
23 50 42 19 26
42 42 71 35 19
27 91 5 19 16
19 28 56 30 22
24 19 29 57 51
41 57 19 30 30
43 70 43 19 31
14 77 49 79 19
32 13 44 80 70
19 33 48 27 38
55 19 34 68 56
28 58 19 35 92
38 20 32 19 36
8 85 57 93 19
37 5 97 89 87
20 21 16 86 57
87 20 22 87 45
32 52 20 23 38
80 34 72 20 24
40 69 62 54 20
25 99 10 9 24
20 26 0 53 85
91 20 27 49 64
48 58 20 28 93
28 21 7 20 29
56 66 27 64 20
30 38 37 40 62
20 31 2 97 83
83 20 32 46 69
48 32 20 33 39
68 69 68 20 34
34 63 72 54 20
35 18 55 81 47
20 36 98 28 3
47 20 37 1 58
49 64 21 22 56
23 54 30 21 23
91 9 47 21 21
24 34 58 67 77
21 25 24 46 78
45 21 26 61 45
68 46 21 27 27
42 68 68 21 28
1 59 68 57 21
29 60 56 24 47
21 30 44 33 33
46 21 31 73 29
14 32 21 32 22
51 71 48 21 33
53 41 61 72 21
34 33 55 52 79
21 35 1 72 88
93 21 36 50 74
47 25 21 37 39
41 62 57 22 23
81 32 22 11 22
24 69 21 59 51
22 25 33 64 40
44 22 26 79 48
40 37 22 27 52
44 63 36 22 28
3 83 84 62 22
29 21 41 57 73
22 30 97 2 26
50 22 31 23 61
48 65 22 32 14
52 89 44 22 33
32 67 64 56 22
34 47 63 69 56
22 35 74 42 24
56 22 36 10 90
69 80 22 37 89
21 46 11 23 24
85 11 41 13 23
25 11 44 85 48
23 26 17 51 43
79 23 27 91 4
21 30 23 28 93
8 28 31 23 29
40 32 71 64 23
30 33 52 68 77
23 31 32 66 56
60 23 32 38 58
71 58 23 33 65
48 30 56 23 34
17 42 90 66 23
35 40 74 49 79
23 36 31 60 83
59 23 37 59 48
31 37 24 25 6
93 82 90 24 26
42 72 54 67 24
27 26 75 61 54
24 28 97 18 44
46 24 29 31 56
66 43 24 30 75
28 59 37 24 31
91 15 37 48 24
32 32 57 68 80
24 33 12 85 85
89 24 34 99 14
10 48 24 35 49
73 65 65 24 36
92 37 21 42 24
37 66 51 25 47
25 26 31 60 74
57 25 27 23 38
69 59 25 28 88
12 31 32 25 29
32 73 51 39 25
30 92 28 5 42
25 31 56 31 70
33 25 32 22 47
87 41 25 33 98
1 1 18 25 34
27 63 44 72 25
35 62 68 64 19
25 36 78 48 18
38 25 37 62 44
46 20 26 27 8
65 75 56 26 28
86 6 47 48 26
29 48 34 32 57
26 30 40 64 29
38 26 31 8 56
70 57 26 32 20
66 77 78 26 33
14 73 52 90 26
34 32 63 70 39
26 35 46 61 41
69 26 36 43 47
32 35 26 37 31
52 70 57 27 28
6 47 85 68 27
29 1 96 91 73
27 30 11 50 94
64 27 31 80 57
53 49 27 32 21
47 60 80 27 33
70 59 27 34 27
34 20 58 69 86
27 35 19 64 73
62 27 36 9 87
92 55 27 37 5
66 52 60 28 29
29 77 44 40 28
30 84 16 10 33
28 31 23 67 42
79 28 32 72 33
34 52 28 33 95
26 31 8 28 34
80 48 22 17 28
35 36 38 40 79
28 36 48 64 28
75 28 37 6 58
53 65 29 30 89
30 49 21 29 31
25 63 81 57 29
32 42 50 45 50
29 33 21 66 46
71 29 34 44 38
61 54 29 35 12
79 44 93 29 36
75 32 58 34 29
37 16 61 54 49
30 31 20 40 63
39 30 32 38 54
62 33 30 33 25
40 64 67 30 34
93 35 38 40 30
35 89 34 48 49
30 36 75 18 56
53 30 37 6 58
74 80 31 32 21
77 85 70 31 33
24 44 59 68 31
34 82 58 51 51
31 35 47 60 32
29 31 36 84 27
13 27 31 37 61
32 66 44 32 33
0 68 78 84 32
34 84 35 44 54
32 35 18 47 47
64 32 36 49 57
44 25 32 37 11
44 67 92 33 34
22 72 73 53 33
35 84 26 23 31
33 36 9 73 84
52 33 37 79 52
31 35 34 35 21
88 72 77 34 36
72 15 19 23 34
37 13 84 70 88
35 36 65 28 33
51 35 37 49 40
30 53 36 37 10
53 82 59 37 10
