42 4
0.333333 0.333333 0.333333 0.0 
0 1 56 49 72 79
0 2 84 47 75 78
0 3 20 59 59 73
0 4 97 2 63 57
0 5 80 69 55 3
0 6 88 12 75 10
0 7 63 20 20 28
0 8 73 8 25 83
0 9 7 74 32 48
0 10 91 51 80 62
0 11 79 31 43 54
0 12 68 16 22 40
0 13 7 54 79 56
0 14 17 45 66 21
0 15 20 72 38 72
0 16 45 23 68 28
0 17 3 87 84 69
0 18 17 44 22 39
0 19 7 71 31 47
0 20 10 29 64 30
0 21 59 57 83 77
0 22 53 89 48 51
0 23 87 23 42 52
0 24 68 25 85 33
0 25 12 58 74 43
0 26 32 56 15 30
0 27 97 15 30 72
0 28 27 52 37 83
0 29 39 49 35 42
0 30 85 66 20 44
0 31 49 25 44 37
0 32 41 56 42 26
0 33 64 32 25 24
0 34 97 72 75 39
0 35 42 54 85 67
0 36 99 11 49 43
0 37 45 22 81 56
0 38 30 26 52 58
0 39 89 47 3 51
0 40 81 68 74 52
0 41 99 52 47 61
1 2 95 67 66 62
1 3 66 73 16 81
1 4 72 49 79 59
1 5 62 70 57 50
1 6 43 75 53 25
1 7 69 38 66 9
1 8 26 23 28 75
1 9 49 85 22 20
1 10 91 73 53 12
1 11 35 68 67 36
1 12 88 55 46 36
1 13 75 18 19 29
1 14 30 49 38 30
1 15 67 59 44 43
1 16 40 70 82 34
1 17 87 19 79 7
1 18 54 59 81 51
1 19 18 30 81 91
1 20 68 7 85 30
1 21 72 78 51 54
1 22 5 54 76 76
1 23 25 75 52 42
1 24 69 38 77 26
1 25 76 79 12 48
1 26 95 53 70 65
1 27 17 58 33 22
1 28 63 53 13 18
1 29 64 54 50 11
1 30 89 2 74 7
1 31 55 30 26 54
1 32 13 57 25 61
1 33 65 14 48 75
1 34 11 82 25 92
1 35 61 76 21 11
1 36 22 53 87 60
1 37 60 56 78 70
1 38 79 55 40 81
1 39 88 10 25 15
1 40 7 81 75 84
1 41 21 86 18 52
2 3 68 20 43 62
2 4 14 69 68 78
2 5 70 54 32 49
2 6 75 74 49 76
2 7 3 24 80 67
2 8 59 72 40 17
2 9 49 62 23 89
2 10 1 62 29 89
2 11 85 64 76 18
2 12 36 85 41 80
2 13 48 31 67 57
2 14 10 64 83 93
2 15 37 77 66 57
2 16 18 86 73 77
2 17 71 54 61 38
2 18 81 58 11 45
2 19 42 88 20 52
2 20 12 63 67 92
2 21 68 61 26 70
2 22 89 73 73 67
2 23 58 75 64 80
2 24 18 90 90 81
2 25 12 77 73 48
2 26 88 9 9 22
2 27 59 42 66 40
2 28 86 82 20 56
2 29 41 12 21 37
2 30 13 80 91 89
2 31 66 34 14 64
2 32 24 30 81 61
2 33 22 35 44 62
2 34 1 80 72 53
2 35 17 17 76 52
2 36 29 33 14 27
2 37 66 14 53 67
2 38 44 79 81 26
2 39 9 27 26 62
2 40 30 46 23 59
2 41 75 12 21 32
3 4 77 11 74 72
3 5 51 61 47 84
3 6 86 3 76 11
3 7 61 10 77 16
3 8 34 49 42 66
3 9 99 38 32 35
3 10 25 94 45 66
3 11 7 55 58 55
3 12 75 78 43 36
3 13 30 75 65 86
3 14 47 13 62 16
3 15 53 43 88 36
3 16 97 55 76 73
3 17 94 42 41 19
3 18 28 40 51 73
3 19 37 65 51 73
3 20 99 6 5 67
3 21 75 24 21 82
3 22 58 67 59 22
3 23 33 57 42 77
3 24 29 59 31 64
3 25 43 13 27 15
3 26 19 89 61 30
3 27 41 40 62 33
3 28 54 45 79 54
3 29 33 69 68 91
3 30 98 73 73 78
3 31 95 16 35 36
3 32 40 75 58 20
3 33 91 4 45 41
3 34 46 88 31 75
3 35 29 77 71 78
3 36 58 77 64 10
3 37 55 19 83 77
3 38 94 69 66 6
3 39 9 77 94 83
3 40 35 42 38 90
3 41 75 79 56 14
4 5 16 37 65 36
4 6 83 28 31 29
4 7 20 95 63 35
4 8 54 32 26 24
4 9 87 57 47 36
4 10 34 79 18 48
4 11 16 74 88 19
4 12 96 58 3 8
4 13 51 66 51 66
4 14 17 33 82 84
4 15 52 16 54 52
4 16 90 2 26 27
4 17 32 60 35 62
4 18 50 23 89 42
4 19 65 11 75 81
4 20 82 80 70 67
4 21 6 19 85 67
4 22 11 39 53 69
4 23 10 77 24 20
4 24 53 17 51 45
4 25 72 17 46 52
4 26 69 62 67 63
4 27 63 18 61 27
4 28 18 73 82 53
4 29 71 52 70 55
4 30 65 63 59 40
4 31 85 66 15 33
4 32 5 87 63 96
4 33 78 43 30 81
4 34 96 47 16 1
4 35 91 47 45 52
4 36 80 24 19 47
4 37 73 46 15 45
4 38 7 96 72 85
4 39 93 15 37 16
4 40 19 20 80 21
4 41 23 17 94 74
5 6 71 25 33 12
5 7 64 67 56 29
5 8 33 55 73 74
5 9 11 42 19 44
5 10 91 9 28 58
5 11 62 57 59 81
5 12 54 37 13 32
5 13 38 14 27 86
5 14 56 41 11 44
5 15 24 76 53 49
5 16 35 13 33 84
5 17 37 44 88 63
5 18 51 44 45 71
5 19 3 32 35 53
5 20 64 58 25 83
5 21 3 86 65 51
5 22 4 40 40 84
5 23 55 56 57 83
5 24 81 42 45 61
5 25 58 62 42 49
5 26 29 45 89 90
5 27 34 74 61 72
5 28 41 65 26 79
5 29 67 52 57 81
5 30 42 15 35 54
5 31 30 14 49 32
5 32 30 52 88 15
5 33 49 24 68 67
5 34 73 57 13 80
5 35 19 17 49 61
5 36 27 26 25 66
5 37 57 38 13 39
5 38 33 26 15 62
5 39 74 40 23 27
5 40 70 22 27 23
5 41 17 21 52 24
6 7 98 42 11 56
6 8 66 20 12 60
6 9 39 20 85 55
6 10 29 28 80 45
6 11 76 45 17 41
6 12 39 71 33 71
6 13 31 86 25 85
6 14 55 83 75 36
6 15 31 74 27 20
6 16 34 16 38 84
6 17 82 54 28 9
6 18 9 32 87 38
6 19 38 84 50 83
6 20 70 21 63 15
6 21 81 66 27 12
6 22 79 68 17 22
6 23 38 50 21 71
6 24 81 54 45 66
6 25 48 36 62 88
6 26 72 74 18 61
6 27 33 91 68 33
6 28 15 95 58 37
6 29 7 56 38 93
6 30 81 10 45 46
6 31 71 26 65 76
6 32 87 52 54 42
6 33 34 72 32 92
6 34 2 93 68 43
6 35 26 72 59 55
6 36 63 78 78 25
6 37 8 80 31 24
6 38 18 22 76 53
6 39 74 63 69 6
6 40 73 45 38 80
6 41 96 23 38 21
7 8 72 32 21 50
7 9 10 50 67 23
7 10 85 76 28 81
7 11 54 82 66 71
7 12 49 52 41 44
7 13 81 33 61 12
7 14 68 71 71 51
7 15 0 63 95 57
7 16 33 28 68 55
7 17 60 40 72 61
7 18 5 54 19 70
7 19 63 64 66 40
7 20 36 62 29 74
7 21 95 64 64 1
7 22 20 42 60 56
7 23 9 70 72 72
7 24 82 65 68 79
7 25 20 73 62 84
7 26 76 16 84 54
7 27 9 68 84 95
7 28 2 71 79 57
7 29 12 20 46 38
7 30 44 43 57 44
7 31 14 40 74 39
7 32 10 43 38 96
7 33 99 39 35 57
7 34 38 15 80 51
7 35 84 35 82 52
7 36 43 24 31 25
7 37 98 15 47 43
7 38 30 75 90 33
7 39 61 26 22 65
7 40 61 20 72 24
7 41 10 67 53 55
8 9 28 60 49 43
8 10 3 27 30 63
8 11 32 30 70 14
8 12 3 81 58 68
8 13 12 46 50 57
8 14 28 42 63 15
8 15 93 44 60 33
8 16 90 34 21 45
8 17 53 61 41 46
8 18 37 55 48 92
8 19 33 14 20 32
8 20 30 24 29 47
8 21 11 66 49 45
8 22 41 66 56 69
8 23 22 73 63 88
8 24 3 45 52 37
8 25 76 72 71 65
8 26 86 9 19 45
8 27 69 66 29 64
8 28 61 59 81 87
8 29 2 38 88 32
8 30 37 44 27 73
8 31 20 79 22 23
8 32 24 43 73 34
8 33 30 34 91 49
8 34 66 78 64 35
8 35 6 90 67 52
8 36 4 98 36 52
8 37 1 33 56 85
8 38 2 90 41 88
8 39 88 42 63 33
8 40 74 30 18 41
8 41 21 45 36 77
9 10 56 56 38 59
9 11 70 85 43 24
9 12 59 17 9 53
9 13 63 38 52 43
9 14 59 22 31 77
9 15 66 45 34 85
9 16 37 73 20 64
9 17 76 61 80 55
9 18 1 45 42 28
9 19 84 64 19 7
9 20 90 76 64 32
9 21 35 74 55 74
9 22 95 72 14 64
9 23 7 73 22 75
9 24 50 62 10 22
9 25 55 11 41 50
9 26 25 77 94 46
9 27 63 15 71 21
9 28 50 47 70 66
9 29 50 54 45 88
9 30 30 93 17 22
9 31 88 81 57 32
9 32 98 75 40 60
9 33 52 12 14 52
9 34 98 42 62 74
9 35 45 25 71 16
9 36 89 37 55 27
9 37 34 87 43 88
9 38 13 18 92 40
9 39 42 62 24 60
9 40 17 60 94 94
9 41 27 67 59 74
10 11 36 68 21 27
10 12 66 45 27 85
10 13 13 49 25 41
10 14 72 59 73 70
10 15 80 48 10 70
10 16 62 58 36 62
10 17 73 59 80 37
10 18 65 23 60 32
10 19 2 19 42 19
10 20 25 28 35 48
10 21 74 23 80 59
10 22 75 66 34 76
10 23 60 41 23 66
10 24 2 41 24 65
10 25 34 40 41 30
10 26 18 93 61 42
10 27 40 57 27 26
10 28 20 52 28 76
10 29 56 74 75 88
10 30 95 18 60 37
10 31 64 30 67 45
10 32 12 84 68 35
10 33 97 37 76 22
10 34 57 30 30 21
10 35 95 10 57 66
10 36 93 13 17 25
10 37 86 4 27 58
10 38 29 87 69 37
10 39 84 46 12 27
10 40 19 54 85 48
10 41 32 30 45 55
11 12 58 65 58 78
11 13 64 40 80 35
11 14 61 75 45 85
11 15 81 38 65 30
11 16 73 30 14 53
11 17 2 97 85 53
11 18 47 67 34 14
11 19 47 17 62 33
11 20 84 12 6 78
11 21 67 50 45 61
11 22 66 67 67 37
11 23 92 46 78 69
11 24 22 59 78 29
11 25 48 28 88 84
11 26 97 31 74 9
11 27 35 53 82 25
11 28 67 61 46 8
11 29 58 24 62 39
11 30 29 57 71 90
11 31 28 26 25 91
11 32 48 74 87 48
11 33 92 41 9 64
11 34 13 89 77 29
11 35 96 16 30 76
11 36 98 73 73 15
11 37 76 71 78 52
11 38 61 16 48 39
11 39 55 84 76 18
11 40 95 13 73 57
11 41 64 45 59 50
12 13 13 69 30 36
12 14 69 74 39 15
12 15 85 64 5 73
12 16 73 52 70 13
12 17 92 5 53 74
12 18 95 53 3 77
12 19 9 31 88 27
12 20 68 25 41 14
12 21 74 68 78 74
12 22 14 35 94 87
12 23 87 16 20 5
12 24 29 81 92 38
12 25 10 66 91 36
12 26 68 56 7 9
12 27 90 69 18 11
12 28 13 83 47 40
12 29 20 88 37 62
12 30 30 81 58 21
12 31 8 28 40 89
12 32 2 80 41 35
12 33 69 46 48 54
12 34 52 35 75 82
12 35 77 69 74 78
12 36 17 81 79 71
12 37 3 20 92 34
12 38 87 75 17 51
12 39 29 52 45 90
12 40 96 71 74 27
12 41 41 79 84 59
13 14 63 14 64 10
13 15 5 53 61 75
13 16 29 67 18 69
13 17 71 74 6 22
13 18 79 13 15 81
13 19 13 23 59 35
13 20 14 18 57 29
13 21 89 38 77 12
13 22 87 55 29 46
13 23 3 61 22 73
13 24 99 76 37 17
13 25 7 69 82 35
13 26 50 63 32 47
13 27 75 38 64 5
13 28 40 65 11 30
13 29 5 63 72 55
13 30 94 68 78 7
13 31 35 88 34 16
13 32 94 5 26 71
13 33 35 41 78 31
13 34 96 15 20 26
13 35 43 43 51 14
13 36 46 83 35 80
13 37 74 65 27 24
13 38 6 56 20 20
13 39 46 63 37 78
13 40 33 28 81 61
13 41 7 97 53 21
14 15 55 66 30 75
14 16 41 27 44 20
14 17 52 30 89 76
14 18 69 81 16 22
14 19 84 63 19 44
14 20 4 86 83 72
14 21 79 48 69 51
14 22 63 80 57 42
14 23 99 68 75 30
14 24 47 39 74 89
14 25 20 68 74 43
14 26 11 37 87 53
14 27 1 68 84 93
14 28 49 46 37 69
14 29 91 60 64 46
14 30 5 41 49 95
14 31 99 39 53 40
14 32 94 74 29 24
14 33 61 11 72 21
14 34 19 25 41 39
14 35 60 34 30 71
14 36 76 68 73 38
14 37 2 36 31 66
14 38 31 20 54 23
14 39 37 59 91 75
14 40 39 59 70 17
14 41 20 57 30 90
15 16 33 51 91 59
15 17 97 3 29 53
15 18 24 91 33 22
15 19 0 86 65 42
15 20 77 32 61 74
15 21 37 88 80 24
15 22 97 39 16 5
15 23 12 30 19 70
15 24 8 27 43 19
15 25 80 14 70 65
15 26 35 62 69 30
15 27 2 76 69 48
15 28 19 31 35 50
15 29 89 37 6 77
15 30 55 65 11 39
15 31 37 84 48 74
15 32 36 20 20 19
15 33 31 14 43 17
15 34 15 25 72 31
15 35 32 88 83 57
15 36 86 67 32 74
15 37 6 33 31 34
15 38 93 61 17 73
15 39 97 57 26 40
15 40 10 61 93 65
15 41 15 96 55 32
16 17 70 38 9 75
16 18 50 28 69 81
16 19 85 74 52 80
16 20 12 63 26 77
16 21 81 47 4 50
16 22 87 6 3 76
16 23 47 75 77 62
16 24 89 51 78 30
16 25 69 14 36 45
16 26 21 48 48 37
16 27 15 44 19 95
16 28 59 37 76 68
16 29 61 15 61 15
16 30 58 81 21 12
16 31 84 57 17 68
16 32 56 25 47 22
16 33 72 52 51 19
16 34 49 31 46 85
16 35 77 14 62 68
16 36 8 48 41 91
16 37 45 31 12 71
16 38 13 63 47 85
16 39 34 76 63 82
16 40 69 32 56 63
16 41 68 56 48 58
17 18 1 92 61 28
17 19 28 34 75 24
17 20 78 25 80 34
17 21 15 29 87 96
17 22 80 55 41 5
17 23 10 87 87 58
17 24 26 23 85 75
17 25 65 15 63 20
17 26 18 30 53 24
17 27 14 88 64 83
17 28 92 14 37 51
17 29 86 73 13 56
17 30 14 17 73 69
17 31 47 45 25 85
17 32 82 64 51 81
17 33 32 61 40 82
17 34 3 61 39 39
17 35 90 9 52 81
17 36 90 76 52 22
17 37 47 33 58 90
17 38 51 78 53 20
17 39 60 57 26 12
17 40 79 9 11 27
17 41 8 94 85 72
18 19 88 56 19 3
18 20 67 18 19 78
18 21 19 28 95 83
18 22 80 39 60 25
18 23 9 25 71 73
18 24 90 28 39 76
18 25 73 72 5 82
18 26 98 16 31 12
18 27 62 42 50 19
18 28 39 49 39 87
18 29 38 22 33 50
18 30 45 12 78 60
18 31 89 79 3 51
18 32 4 22 63 29
18 33 43 75 86 88
18 34 34 14 74 63
18 35 22 75 85 80
18 36 72 10 25 37
18 37 60 10 55 81
18 38 8 27 85 67
18 39 21 74 49 33
18 40 90 49 6 58
18 41 37 27 77 51
19 20 81 78 3 30
19 21 66 68 44 34
19 22 22 20 39 86
19 23 28 61 16 28
19 24 57 75 65 36
19 25 41 76 28 89
19 26 64 36 55 46
19 27 61 78 34 24
19 28 27 63 51 44
19 29 49 71 25 89
19 30 21 93 76 85
19 31 74 15 22 55
19 32 88 8 49 42
19 33 23 65 70 29
19 34 1 34 49 56
19 35 78 11 51 8
19 36 74 38 65 13
19 37 67 78 47 20
19 38 40 63 21 25
19 39 3 29 72 73
19 40 49 40 57 84
19 41 67 20 28 56
20 21 45 14 37 39
20 22 9 20 82 95
20 23 93 53 56 68
20 24 55 70 37 72
20 25 72 79 51 47
20 26 47 63 52 22
20 27 64 21 37 47
20 28 62 74 32 64
20 29 65 86 44 23
20 30 20 31 35 45
20 31 55 86 40 17
20 32 44 19 90 60
20 33 34 79 49 37
20 34 15 95 53 54
20 35 58 36 17 61
20 36 97 35 25 59
20 37 34 82 55 24
20 38 15 60 78 29
20 39 60 18 40 61
20 40 96 67 36 26
20 41 47 84 53 70
21 22 13 65 56 33
21 23 54 37 47 35
21 24 24 28 42 61
21 25 41 31 18 23
21 26 90 33 5 55
21 27 91 79 36 65
21 28 17 18 45 81
21 29 56 79 51 83
21 30 90 18 19 8
21 31 47 57 88 16
21 32 9 39 80 30
21 33 81 30 4 58
21 34 5 68 58 89
21 35 58 24 81 66
21 36 79 56 52 50
21 37 75 10 36 6
21 38 18 43 82 64
21 39 66 84 6 59
21 40 82 12 51 63
21 41 39 79 54 23
22 23 26 81 54 82
22 24 65 82 8 69
22 25 96 76 11 24
22 26 93 78 15 60
22 27 69 38 80 29
22 28 86 37 60 76
22 29 40 68 62 45
22 30 99 17 9 29
22 31 39 22 42 54
22 32 11 38 84 37
22 33 10 71 38 92
22 34 74 46 48 71
22 35 83 80 35 56
22 36 43 35 35 72
22 37 4 60 62 85
22 38 56 26 58 46
22 39 32 81 64 68
22 40 46 78 15 32
22 41 25 15 38 73
23 24 51 54 72 65
23 25 82 26 60 30
23 26 71 17 43 49
23 27 93 19 24 60
23 28 84 81 81 60
23 29 54 81 49 70
23 30 44 17 44 37
23 31 23 72 71 69
23 32 83 77 40 45
23 33 4 39 84 20
23 34 64 27 8 36
23 35 13 33 24 78
23 36 22 91 35 25
23 37 57 80 31 56
23 38 5 52 65 90
23 39 12 59 93 32
23 40 70 39 72 5
23 41 18 86 43 71
24 25 75 67 62 65
24 26 60 60 31 87
24 27 30 29 25 91
24 28 37 14 27 40
24 29 94 14 44 20
24 30 53 48 33 14
24 31 80 9 72 39
24 32 41 49 48 38
24 33 69 71 8 60
24 34 3 24 37 30
24 35 93 64 5 75
24 36 61 9 55 80
24 37 26 48 25 30
24 38 68 7 73 34
24 39 22 55 91 91
24 40 80 73 82 61
24 41 15 46 26 72
25 26 49 49 37 86
25 27 0 67 79 75
25 28 41 63 19 77
25 29 78 40 62 58
25 30 20 86 93 21
25 31 27 85 33 74
25 32 3 95 21 85
25 33 76 57 7 25
25 34 37 18 71 41
25 35 43 56 55 12
25 36 64 27 45 42
25 37 98 8 71 28
25 38 69 77 55 71
25 39 71 9 70 11
25 40 74 78 11 47
25 41 86 34 32 18
26 27 2 95 36 28
26 28 80 60 21 17
26 29 19 76 68 69
26 30 14 73 42 22
26 31 60 66 74 33
26 32 23 60 41 32
26 33 90 51 32 43
26 34 54 64 18 77
26 35 11 34 19 43
26 36 62 75 64 83
26 37 76 26 35 75
26 38 46 17 28 78
26 39 32 70 38 60
26 40 32 32 36 85
26 41 85 14 60 31
27 28 69 43 32 53
27 29 90 77 45 68
27 30 45 83 37 80
27 31 77 66 70 54
27 32 10 36 71 96
27 33 67 51 23 78
27 34 66 65 71 10
27 35 95 15 31 26
27 36 88 66 6 11
27 37 21 26 63 36
27 38 76 33 38 22
27 39 76 63 17 26
27 40 91 9 71 73
27 41 62 69 37 76
28 29 44 42 11 76
28 30 14 49 67 32
28 31 95 43 42 67
28 32 77 26 11 34
28 33 6 98 41 29
28 34 42 37 87 32
28 35 17 60 94 16
28 36 98 66 52 33
28 37 12 74 75 85
28 38 87 59 55 7
28 39 22 69 34 76
28 40 47 71 25 59
28 41 94 25 23 51
29 30 88 3 77 44
29 31 18 19 34 24
29 32 8 45 46 57
29 33 93 50 54 3
29 34 76 35 71 60
29 35 54 67 81 43
29 36 36 90 67 53
29 37 66 45 41 66
29 38 45 33 63 85
29 39 0 70 40 71
29 40 30 37 23 49
29 41 13 51 27 73
30 31 87 77 29 20
30 32 64 30 80 39
30 33 32 34 32 65
30 34 28 71 18 45
30 35 63 22 41 13
30 36 47 66 19 19
30 37 63 86 11 23
30 38 42 86 76 46
30 39 50 63 73 76
30 40 74 24 54 58
30 41 1 55 50 35
31 32 14 49 91 46
31 33 48 65 60 45
31 34 83 11 39 11
31 35 32 48 15 93
31 36 18 80 24 91
31 37 67 52 36 40
31 38 51 60 87 12
31 39 2 88 36 87
31 40 51 21 36 50
31 41 14 20 96 18
32 33 24 50 18 59
32 34 84 44 75 34
32 35 37 89 26 28
32 36 98 15 40 77
32 37 98 3 29 0
32 38 18 59 22 92
32 39 66 51 65 84
32 40 11 36 35 48
32 41 57 42 33 80
33 34 64 16 27 12
33 35 34 83 87 54
33 36 32 14 31 31
33 37 11 88 41 67
33 38 77 46 47 54
33 39 56 44 75 85
33 40 53 11 23 36
33 41 21 89 60 54
34 35 53 38 28 20
34 36 59 9 82 45
34 37 52 10 21 86
34 38 35 43 40 88
34 39 44 13 59 39
34 40 73 85 17 25
34 41 55 71 48 43
35 36 71 43 31 20
35 37 66 25 43 43
35 38 29 68 63 68
35 39 92 75 57 19
35 40 40 79 35 44
35 41 76 77 62 23
36 37 53 74 29 83
36 38 72 37 17 40
36 39 9 85 73 82
36 40 80 12 52 43
36 41 68 67 15 44
37 38 27 19 75 28
37 39 22 86 32 87
37 40 96 57 41 26
37 41 25 68 84 61
38 39 52 42 58 81
38 40 75 27 56 33
38 41 85 38 20 66
39 40 59 10 68 16
39 41 26 17 45 78
40 41 45 65 64 58
