48 4
0.333333 0.333333 0.333333 0.0 
0 1 44 54 37
57 0 2 77 58
55 40 0 3 9
49 95 71 0 4
6 58 51 81 0
5 72 15 32 23
0 6 84 52 18
41 0 7 31 46
69 72 0 8 42
68 55 36 0 9
88 33 38 50 0
10 53 58 24 48
0 11 52 57 58
42 0 12 81 14
32 52 0 13 14
56 43 51 0 14
25 73 77 66 0
15 57 41 69 69
0 16 31 54 44
68 0 17 64 45
20 22 0 18 83
45 49 10 0 19
28 58 80 84 0
20 71 61 43 43
0 21 73 51 27
42 0 22 33 33
63 51 0 23 87
35 27 30 0 24
92 3 34 45 0
25 40 75 53 41
0 26 51 32 51
50 0 27 30 67
46 51 0 28 66
32 45 47 0 29
38 78 49 32 0
30 29 71 62 43
0 31 18 82 41
82 0 32 46 26
54 33 0 33 25
86 38 51 0 34
19 74 84 57 0
35 85 7 50 18
0 36 66 36 40
48 0 37 17 41
73 64 0 38 24
75 50 86 0 39
27 55 47 56 0
40 29 78 72 58
0 41 52 39 66
51 0 42 97 21
30 42 0 43 68
55 36 43 0 44
74 30 17 12 0
45 28 58 62 73
0 46 75 53 40
61 0 47 31 74
57 83 1 2 23
64 87 63 1 3
78 35 41 13 1
4 29 50 69 79
1 5 50 67 40
28 1 6 43 33
41 69 1 7 42
70 65 60 1 8
71 43 29 40 1
9 75 57 26 35
1 10 80 57 26
57 1 11 79 20
17 24 1 12 18
47 85 42 1 13
16 42 91 71 1
14 40 47 50 66
1 15 49 40 61
62 1 16 14 43
62 73 1 17 97
22 3 27 1 18
91 35 23 15 1
19 38 55 41 60
1 20 3 55 87
86 1 21 74 18
58 59 1 22 77
59 58 35 1 23
12 82 59 59 1
24 97 40 18 21
1 25 88 48 25
39 1 26 4 77
82 85 1 27 30
46 35 83 1 28
32 50 75 66 1
29 96 39 27 38
1 30 25 83 64
65 1 31 46 67
40 56 1 32 38
59 80 56 1 33
62 51 56 54 1
34 53 25 30 46
1 35 78 30 58
35 1 36 34 52
65 47 1 37 29
49 55 73 1 38
68 16 54 40 1
39 27 58 70 53
1 40 28 68 56
51 1 41 49 69
30 32 1 42 98
31 13 48 1 43
6 94 88 61 1
44 3 91 83 49
1 45 59 37 31
23 1 46 33 73
64 82 1 47 76
58 38 40 2 3
71 25 40 40 2
4 46 52 75 48
2 5 48 51 32
47 2 6 1 71
85 59 2 7 51
29 63 24 2 8
61 45 21 41 2
9 86 38 11 35
2 10 56 39 37
37 2 11 82 57
40 19 2 12 82
47 50 46 2 13
61 28 42 64 2
14 88 55 27 31
2 15 47 41 55
67 2 16 44 47
56 70 2 17 83
38 34 9 2 18
9 51 46 59 2
19 6 60 52 92
2 20 96 38 19
9 2 21 45 43
32 70 2 22 84
16 37 55 2 23
13 59 62 49 2
24 0 60 97 84
2 25 21 63 68
40 2 26 99 7
14 44 2 27 62
25 19 19 2 28
17 83 50 62 2
29 53 35 46 58
2 30 23 54 62
64 2 31 46 30
56 30 2 32 15
87 81 54 2 33
18 82 63 53 2
34 15 45 47 82
2 35 81 51 16
24 2 36 92 34
47 18 2 37 31
82 67 53 2 38
44 70 66 77 2
39 35 72 54 46
2 40 84 53 56
53 2 41 70 46
57 26 2 42 3
92 87 75 2 43
14 66 46 84 2
44 98 23 5 40
2 45 76 26 34
24 2 46 78 36
53 28 2 47 26
70 55 84 3 4
10 83 67 92 3
5 90 17 44 32
3 6 66 26 55
35 3 7 23 77
77 86 3 8 83
53 45 32 3 9
57 23 30 49 3
10 19 71 64 57
3 11 58 60 24
37 3 12 43 47
42 48 3 13 90
35 17 6 3 14
12 66 93 64 3
15 2 61 90 62
3 16 53 67 54
54 3 17 67 30
28 42 3 18 1
49 63 62 3 19
40 71 39 53 3
20 30 71 48 39
3 21 68 41 48
64 3 22 81 59
58 58 3 23 37
45 68 61 3 24
11 63 80 75 3
25 88 28 34 54
3 26 46 73 70
54 3 27 68 39
63 19 3 28 41
53 74 30 3 29
26 56 37 79 3
30 12 85 44 90
3 31 69 16 46
51 3 32 18 58
63 68 3 33 89
28 14 38 3 34
59 46 21 37 3
35 91 33 46 54
3 36 93 39 12
46 3 37 70 18
56 20 3 38 33
55 76 74 3 39
66 17 38 46 3
40 79 39 27 14
3 41 92 42 39
22 3 42 11 69
80 78 3 43 17
67 63 77 3 44
26 77 55 42 3
45 56 30 66 43
3 46 22 73 43
83 3 47 27 65
42 68 4 5 89
47 24 24 4 6
49 50 64 36 4
7 37 39 65 79
4 8 21 46 40
87 4 9 72 44
45 58 4 10 49
50 40 49 4 11
95 42 39 3 4
12 85 53 11 45
4 13 76 24 51
34 4 14 82 11
55 25 4 15 25
71 76 48 4 16
4 84 57 48 4
17 40 67 64 71
4 18 98 6 17
29 4 19 20 53
76 48 4 20 3
78 98 97 4 21
59 69 68 41 4
22 35 36 52 60
4 23 53 55 68
43 4 24 27 82
54 51 4 25 26
70 80 40 4 26
71 38 32 49 4
27 47 65 69 32
4 28 51 72 51
46 4 29 35 45
73 45 4 30 39
46 32 59 4 31
18 80 49 49 4
32 38 66 42 38
4 33 64 23 41
27 4 34 68 38
46 35 4 35 13
58 93 43 4 36
67 25 43 17 4
37 65 26 56 49
4 38 61 66 24
54 4 39 1 88
69 62 4 40 19
76 66 42 4 41
13 90 55 66 4
42 6 81 55 96
4 43 43 62 70
38 4 44 87 33
10 54 4 45 86
10 13 12 4 46
21 42 68 40 4
47 81 11 54 51
5 6 47 43 54
40 5 7 96 18
13 47 5 8 23
78 60 44 5 9
29 77 53 69 5
10 5 73 75 94
5 11 25 54 78
63 5 12 19 87
46 43 5 13 86
47 14 25 5 14
97 11 6 40 5
15 90 41 48 39
5 16 43 64 60
54 5 17 0 51
94 75 5 18 49
56 68 62 5 19
51 51 62 63 5
20 30 83 78 68
5 21 0 85 62
53 5 22 29 37
42 66 5 23 44
72 66 62 5 24
9 93 52 73 5
25 44 65 52 64
5 26 52 40 45
64 5 27 84 10
23 26 5 28 93
12 51 17 5 29
62 29 24 56 5
30 80 58 29 30
5 31 35 37 36
45 5 32 21 82
86 69 5 33 79
50 45 23 5 34
18 41 72 58 5
35 47 62 34 50
5 36 50 62 56
27 5 37 16 65
54 76 5 38 89
9 34 29 5 39
40 45 30 37 5
40 65 23 43 20
5 41 32 77 60
47 5 42 57 66
54 32 5 43 49
35 44 31 5 44
22 76 41 64 5
45 94 4 3 8
5 46 5 77 49
69 5 47 25 46
66 46 6 7 41
64 53 66 6 8
92 42 13 24 6
9 57 68 59 39
6 10 45 42 31
63 6 11 97 23
37 25 6 12 46
38 65 45 6 13
14 78 83 76 6
14 17 50 80 57
6 15 37 35 62
74 6 16 68 21
62 54 6 17 39
35 32 61 6 18
55 62 23 56 6
19 54 30 42 54
6 20 44 52 74
59 6 21 70 59
52 23 6 22 44
30 61 34 6 23
33 60 81 38 6
24 15 69 85 49
6 25 56 46 46
37 6 26 53 48
54 23 6 27 60
26 47 65 6 28
6 87 50 51 6
29 54 61 64 57
6 30 67 59 60
46 6 31 3 68
74 88 6 32 16
76 72 55 6 33
8 77 58 52 6
34 14 64 50 68
6 35 49 56 57
54 6 36 32 77
58 76 6 37 24
58 84 38 6 38
35 74 71 48 6
39 28 51 53 53
6 40 57 34 54
56 6 41 35 53
70 34 6 42 41
32 30 47 6 43
54 62 46 62 6
44 35 34 72 36
6 45 95 33 50
4 6 46 46 31
41 35 6 47 38
78 39 74 7 8
73 29 37 37 7
9 65 63 46 65
7 10 11 89 65
80 7 11 56 44
63 68 7 12 35
41 57 61 7 13
5 67 93 63 7
14 5 65 56 90
7 15 76 42 33
43 7 16 80 31
14 28 7 17 83
22 57 48 7 18
85 9 12 34 7
19 40 75 29 66
7 20 11 50 52
71 7 21 48 42
60 56 7 22 35
77 57 60 7 23
79 40 30 25 7
24 17 87 54 60
7 25 9 62 66
92 7 26 51 51
66 51 7 27 69
45 25 22 7 28
77 38 50 42 7
29 98 37 26 9
7 30 17 52 83
80 7 31 39 71
60 69 7 32 81
27 51 47 7 33
21 83 43 71 7
34 85 8 40 50
7 35 2 80 92
86 7 36 95 29
2 35 7 37 64
64 42 41 7 38
82 25 12 51 7
39 18 76 41 50
7 40 71 42 47
50 7 41 28 40
51 40 7 42 34
35 62 36 7 43
6 58 63 60 7
44 31 60 53 41
7 45 53 51 47
67 7 46 39 68
32 78 7 47 12
49 72 57 8 9
49 72 72 71 8
10 9 56 85 81
8 11 65 47 37
22 8 12 12 86
48 57 8 13 95
5 26 33 8 14
90 32 51 14 8
15 47 49 75 47
8 16 16 42 71
80 8 17 96 2
49 35 8 18 95
43 35 48 8 19
18 54 84 45 8
20 72 62 19 43
8 21 95 45 7
6 8 22 71 33
43 26 8 23 47
42 50 59 8 24
82 31 30 44 8
25 89 45 45 49
8 26 39 39 40
74 8 27 72 31
47 60 8 28 40
50 75 74 8 29
92 34 37 12 8
30 95 38 22 16
8 31 78 30 50
17 8 32 93 42
43 42 8 33 43
44 62 57 8 34
69 61 55 15 8
35 83 44 28 36
8 36 77 57 27
37 8 37 96 11
31 45 8 38 52
71 73 70 8 39
59 23 52 46 8
40 49 54 46 25
8 41 47 50 36
72 8 42 75 52
41 25 8 43 15
58 60 71 8 44
58 51 33 54 8
45 62 35 65 30
8 46 45 43 36
64 8 47 79 10
52 52 9 10 98
47 27 42 9 11
53 73 24 42 9
12 83 53 16 45
9 13 31 83 72
57 9 14 25 43
41 82 9 15 87
42 24 17 9 16
22 83 74 54 9
17 12 47 47 82
9 18 38 40 54
77 9 19 87 48
50 35 9 20 4
54 80 64 9 21
75 54 15 45 9
22 71 61 36 20
9 23 15 51 44
48 9 24 69 16
15 40 9 25 28
51 68 37 9 26
19 59 87 64 9
27 97 44 12 29
9 28 46 28 53
29 9 29 4 49
55 63 9 30 1
67 95 77 9 31
71 42 31 59 9
32 86 7 55 44
9 33 0 65 67
65 9 34 97 7
4 31 9 35 71
47 46 42 9 36
59 69 30 25 9
37 52 42 32 34
9 38 91 5 15
7 9 39 40 52
64 40 9 40 65
25 37 59 9 41
79 47 24 14 9
42 5 61 80 50
9 43 87 49 53
20 9 44 27 85
59 65 9 45 26
83 41 52 9 46
24 57 74 69 9
47 82 30 36 9
10 11 1 84 97
79 10 12 2 83
68 65 10 13 4
54 55 57 10 14
17 44 80 48 10
15 67 23 56 65
10 16 57 51 36
68 10 17 62 38
54 67 10 18 13
82 77 60 10 19
93 3 19 36 10
20 97 19 31 23
10 21 59 45 22
22 10 22 32 36
82 77 10 23 34
56 50 35 10 24
65 46 54 46 10
25 70 31 40 26
10 26 90 40 12
46 10 27 63 54
58 37 10 28 90
33 21 34 10 29
82 42 52 54 10
30 78 44 48 58
10 31 18 50 85
45 10 32 39 56
59 33 10 33 47
50 43 30 10 34
6 54 69 57 10
35 58 57 68 30
10 36 70 30 59
30 10 37 93 22
30 10 10 38 39
69 35 47 10 39
86 10 30 37 10
40 97 46 42 7
10 41 42 57 48
34 10 42 29 71
70 63 10 43 21
52 51 77 10 44
56 65 42 41 10
45 81 58 43 19
10 46 58 54 52
60 10 47 68 58
38 16 11 12 57
33 41 63 11 13
37 34 41 45 11
14 95 27 13 37
11 15 80 59 32
44 11 16 16 57
77 88 11 17 61
58 19 40 11 18
57 31 53 44 11
19 82 21 39 36
11 20 30 72 61
64 11 21 46 53
28 53 11 22 93
33 19 29 11 23
61 41 32 45 11
24 69 45 34 52
11 25 31 42 68
80 11 26 32 81
68 39 11 27 75
16 47 16 11 28
86 9 17 45 11
29 83 33 23 10
11 30 76 16 16
45 11 31 23 59
83 72 11 32 20
59 73 48 11 33
95 22 51 3 11
34 33 79 66 53
11 35 15 52 71
57 11 36 99 6
37 18 11 37 88
8 34 46 11 38
11 55 73 55 11
39 52 67 37 50
11 40 62 32 26
22 11 41 18 68
69 43 11 42 31
45 68 37 11 43
55 57 31 27 11
44 3 52 59 65
11 45 20 67 81
76 11 46 80 25
43 20 11 47 71
28 51 48 12 13
10 66 55 90 12
14 11 66 49 51
12 15 44 56 35
61 12 16 4 96
82 72 12 17 87
21 23 28 12 18
89 7 49 22 12
19 56 47 64 40
12 20 39 39 57
50 12 21 47 57
47 59 12 22 47
40 67 60 12 23
42 36 38 53 12
24 28 67 76 57
12 25 73 30 48
24 12 26 57 67
54 35 12 27 95
7 27 17 12 28
59 35 49 59 12
29 83 16 32 52
12 30 42 61 36
52 12 31 97 38
23 34 12 32 12
85 69 83 12 33
23 67 69 79 12
34 28 50 69 78
12 35 0 55 85
97 12 36 55 41
54 57 12 37 35
57 74 40 12 38
94 35 5 4 12
39 21 47 54 59
12 40 83 31 27
31 12 41 53 36
43 36 12 42 88
33 11 32 12 43
64 42 27 44 12
44 99 18 5 19
12 45 1 66 51
84 12 46 10 47
69 49 12 47 79
13 50 27 13 14
18 55 48 65 13
15 47 45 33 52
13 16 59 56 29
27 13 17 65 55
64 64 13 18 46
46 30 72 13 19
54 68 40 60 13
20 97 40 3 33
13 21 53 72 27
32 13 22 68 27
45 60 13 23 4
88 86 57 13 24
84 29 29 42 13
25 4 56 75 53
13 26 94 37 27
47 13 27 18 80
41 45 13 28 53
59 53 43 13 29
35 42 81 81 13
30 7 52 70 87
13 31 1 84 91
63 13 32 66 48
64 56 13 33 10
50 57 48 13 34
44 73 65 39 13
35 52 43 29 67
13 36 46 46 72
59 13 37 71 61
48 46 13 38 87
28 47 10 13 39
16 76 72 72 13
40 1 99 54 89
13 41 61 67 25
47 13 42 12 78
81 76 13 43 16
63 67 67 13 44
26 55 68 43 13
45 4 63 72 97
13 46 77 32 51
58 13 47 13 62
54 52 14 15 57
62 70 43 14 16
20 86 49 87 14
17 63 65 27 35
14 18 27 55 76
43 14 19 15 58
50 53 14 20 60
27 47 45 14 21
71 63 32 20 14
22 92 30 19 43
14 23 97 34 13
47 14 24 15 56
83 52 14 25 75
21 28 17 14 26
64 57 36 62 14
27 63 52 59 24
14 28 15 51 65
69 14 29 72 22
19 62 14 30 12
87 76 77 14 31
54 50 24 67 14
32 57 32 60 45
14 33 67 38 49
19 14 34 9 90
46 45 14 35 22
55 41 87 14 36
81 15 31 31 14
37 69 36 56 20
14 38 0 91 71
82 14 39 6 64
47 70 14 40 85
31 55 33 14 41
2 78 87 76 14
42 20 42 81 57
14 43 81 19 32
38 14 44 2 67
86 59 14 45 43
68 56 48 14 46
65 35 61 43 14
47 44 43 35 56
15 16 74 45 47
21 15 17 89 35
50 50 15 18 93
3 9 39 15 19
50 62 47 55 15
20 76 45 55 29
15 21 14 91 91
76 15 22 77 32
51 43 15 23 33
76 38 77 15 24
85 57 33 35 15
25 80 24 30 59
15 26 11 77 82
84 15 27 12 91
44 61 15 28 74
39 40 43 15 29
14 77 57 90 15
30 57 68 28 60
15 31 26 66 69
83 15 32 28 57
77 76 15 33 78
13 16 13 15 34
17 85 60 77 15
35 98 26 39 41
15 36 85 43 32
27 15 37 69 60
35 29 15 38 94
20 52 49 15 39
23 70 49 74 15
40 11 71 88 72
15 41 76 29 36
60 15 42 19 74
47 71 15 43 70
42 29 43 15 44
98 40 20 23 15
45 96 22 36 21
15 46 40 58 63
36 15 47 6 46
49 53 16 17 28
39 54 69 16 18
46 40 42 56 16
19 75 28 20 18
16 20 1 61 78
52 16 21 2 87
76 58 16 22 37
32 56 49 16 23
36 45 59 63 16
24 78 35 27 57
16 25 50 31 34
28 16 26 73 49
52 14 16 27 58
51 66 47 16 28
95 35 7 13 16
29 15 56 45 72
16 30 50 50 45
58 16 31 75 29
20 30 16 32 51
58 32 44 16 33
50 31 26 41 16
34 83 20 52 47
16 35 95 50 50
28 16 36 58 37
69 31 16 37 65
61 52 21 16 38
35 61 32 44 16
39 75 34 31 47
16 40 14 79 92
47 16 41 92 38
8 9 16 42 22
78 71 44 16 43
30 66 45 40 16
44 81 29 19 16
16 45 54 60 69
49 16 46 67 20
59 28 16 47 5
78 84 61 17 18
5 77 65 51 17
19 83 46 44 12
17 20 30 37 58
82 17 21 77 27
31 41 17 22 66
26 42 56 17 23
29 49 54 72 17
24 64 33 18 19
17 25 1 54 72
89 17 26 25 82
38 78 17 27 99
19 35 35 17 28
61 67 60 49 17
29 61 47 57 33
17 30 59 44 21
64 17 31 87 20
19 27 17 32 88
16 55 49 17 33
61 19 35 65 17
34 88 37 26 22
17 35 7 68 61
91 17 36 87 7
17 25 17 37 53
48 69 57 17 38
19 71 67 79 17
39 25 39 37 55
17 40 39 57 74
55 17 41 34 64
41 58 17 42 50
60 41 69 17 43
43 61 52 52 17
44 4 80 93 90
17 45 64 61 44
64 17 46 72 60
24 15 17 47 89
12 25 29 18 19
22 64 48 81 18
20 45 63 46 50
18 21 28 37 73
54 18 22 7 66
68 78 18 23 29
52 67 40 18 24
87 18 43 20 18
25 70 52 48 40
18 26 85 38 22
54 18 27 51 54
55 57 18 28 54
44 32 29 18 29
11 73 50 89 18
30 11 49 78 91
18 31 77 56 16
38 18 32 4 83
62 72 18 33 5
53 92 96 18 34
57 26 63 62 18
35 7 85 69 67
18 36 85 26 10
44 18 37 30 72
70 72 18 38 23
50 44 50 18 39
45 48 41 61 18
40 52 35 59 55
18 41 31 78 42
34 18 42 8 58
53 74 18 43 44
36 54 63 18 44
54 68 62 59 18
45 2 92 60 49
18 46 20 88 56
80 18 47 2 54
91 83 19 20 78
55 17 45 19 21
33 79 59 40 19
22 58 62 22 43
19 23 26 79 73
80 19 24 15 70
70 74 19 25 84
49 44 19 19 26
51 55 55 71 19
27 17 42 53 48
19 28 98 14 25
23 19 29 11 60
68 65 19 30 51
66 64 52 19 31
86 56 23 43 19
32 85 27 50 56
19 33 75 35 55
58 19 34 78 11
57 43 19 35 51
38 38 39 19 36
76 14 36 24 19
37 76 25 59 27
19 38 66 47 48
60 19 39 17 64
54 67 19 40 89
18 20 37 19 41
40 35 56 71 19
42 0 72 90 71
19 43 92 6 37
48 19 44 80 56
46 44 19 45 86
48 29 42 19 46
16 69 77 87 19
47 5 47 96 74
20 21 30 81 52
80 20 22 75 32
56 15 20 23 85
24 56 37 20 24
39 56 57 66 20
25 7 84 55 59
20 26 91 21 22
36 20 27 2 77
57 96 20 28 63
45 57 55 20 29
68 17 65 44 20
30 60 29 46 49
20 31 32 70 40
64 20 32 40 58
53 53 20 33 64
56 55 40 20 34
46 46 73 66 20
35 93 48 25 43
20 36 87 10 30
39 20 37 11 59
82 71 20 38 2
69 63 87 20 39
28 56 37 49 20
40 4 74 75 67
20 41 16 53 65
65 20 42 57 49
38 48 20 43 72
22 60 44 20 44
76 19 60 18 20
45 8 94 58 57
20 46 54 33 42
65 20 47 51 69
65 55 21 22 48
62 49 52 21 23
99 5 11 33 21
24 4 93 59 90
21 25 74 48 39
24 21 26 72 20
38 50 21 27 3
59 78 75 21 28
76 26 42 46 21
29 73 40 57 19
21 30 86 38 18
11 21 31 54 54
61 63 21 32 78
17 39 44 21 33
33 76 54 72 21
34 91 21 34 19
21 35 76 41 17
14 21 36 34 44
49 74 21 37 46
51 29 29 21 38
1 63 73 56 21
39 24 65 40 55
21 40 70 45 63
44 21 41 29 81
71 74 21 42 30
48 65 65 21 43
22 39 39 52 21
44 89 49 31 14
21 45 98 5 43
24 21 46 14 52
69 48 21 47 27
36 46 36 22 23
56 36 54 45 22
24 33 75 81 73
22 25 65 26 27
36 22 26 66 66
47 52 22 27 79
24 58 14 22 28
24 83 69 39 22
29 20 77 67 81
22 30 72 16 21
30 22 31 89 10
9 29 22 32 77
57 32 20 22 33
39 42 48 43 22
34 40 57 69 41
22 35 26 40 41
83 22 36 65 19
19 53 22 37 5
74 90 70 22 38
0 61 95 88 22
39 41 52 39 33
22 40 41 37 66
66 22 41 42 30
74 77 22 42 55
22 53 23 22 43
8 57 91 75 22
44 41 53 58 76
22 45 64 33 27
56 22 46 43 64
28 39 22 47 24
50 65 42 23 24
90 29 25 33 23
25 31 60 59 58
23 26 61 29 47
42 23 27 11 54
80 86 23 28 51
36 67 67 23 29
90 52 36 25 23
30 27 66 58 84
23 31 25 37 55
80 23 32 72 48
18 22 23 33 55
36 22 64 23 34
25 40 46 72 23
35 73 47 55 47
23 36 96 28 42
49 23 37 45 37
71 64 23 38 77
32 22 50 23 39
14 92 44 89 23
40 61 39 26 37
23 41 34 62 56
78 23 42 85 39
30 15 23 43 60
38 59 60 23 44
51 37 40 66 23
45 4 48 56 77
23 46 70 40 22
35 23 47 75 58
43 39 24 25 81
52 11 22 24 26
26 57 40 43 24
27 48 28 45 69
24 28 91 5 4
30 24 29 22 67
59 73 24 30 11
89 68 51 24 31
85 42 22 45 24
32 62 37 33 49
24 33 40 61 76
71 24 34 7 72
81 57 24 35 42
60 77 38 24 36
33 61 53 45 24
37 62 25 59 60
24 38 50 57 33
30 24 39 7 79
70 90 24 40 94
37 20 21 24 41
48 69 65 54 24
42 19 84 44 58
24 43 48 51 35
52 24 44 62 22
50 22 24 45 56
49 64 50 24 46
28 67 42 65 24
47 55 35 62 32
25 26 20 48 43
74 25 27 11 62
81 87 25 28 19
86 78 89 25 29
27 64 70 82 25
30 98 13 49 24
25 31 79 45 43
20 25 32 82 41
40 46 25 33 80
46 20 57 25 34
97 45 17 30 25
35 31 54 84 58
25 36 32 74 67
54 25 37 64 60
55 56 25 38 7
82 69 71 25 39
41 58 75 75 25
40 82 12 41 41
25 41 67 28 27
60 25 42 3 80
69 77 25 43 23
59 52 72 25 44
28 55 42 54 25
45 3 59 49 72
25 46 49 30 65
34 25 47 76 17
16 20 26 27 25
63 62 46 26 28
72 61 59 50 26
29 79 22 54 14
26 30 36 68 51
60 26 31 2 53
84 53 26 32 46
63 60 75 26 33
20 75 73 72 26
34 12 71 83 53
26 35 82 14 10
37 26 36 37 32
45 56 26 37 76
61 21 61 26 38
98 32 39 40 26
39 14 73 50 88
26 40 61 68 23
23 26 41 26 40
58 86 26 42 75
61 23 16 26 43
10 81 82 64 26
44 19 63 69 85
26 45 2 58 66
81 26 46 43 60
66 30 26 47 11
49 66 80 27 28
61 61 58 29 27
29 73 27 19 39
27 30 3 81 93
89 27 31 38 70
45 37 27 32 52
53 35 25 27 33
9 84 79 55 27
34 10 85 56 54
27 35 34 50 43
63 27 36 98 2
46 9 27 37 36
71 42 49 27 38
94 49 30 32 27
39 64 22 46 24
27 40 69 16 45
35 27 41 5 93
47 50 27 42 55
51 29 33 27 43
83 14 34 44 27
44 20 59 48 79
27 45 84 12 32
24 27 46 99 30
8 26 27 47 37
71 55 73 28 29
10 74 55 75 28
30 22 83 76 88
28 31 51 41 41
47 28 32 95 24
36 41 28 33 39
61 54 75 28 34
62 43 49 20 28
35 74 14 21 18
28 36 91 50 46
34 28 37 4 91
93 49 28 38 87
13 35 22 28 39
41 61 29 64 28
40 60 39 49 34
28 41 88 15 50
21 28 42 60 52
26 69 28 43 91
21 38 17 28 44
34 34 64 45 28
45 46 73 45 44
28 46 1 90 70
76 28 47 90 31
49 33 29 30 16
50 87 78 29 31
10 46 91 92 29
32 12 74 71 50
29 33 25 41 41
86 29 34 62 46
51 51 29 35 16
85 66 87 29 36
88 11 50 27 29
37 87 53 47 23
29 38 47 44 27
28 29 39 26 56
73 79 29 40 47
65 48 60 29 41
90 17 33 52 29
42 78 30 54 44
29 43 71 45 38
28 29 44 50 46
49 58 29 45 12
51 76 89 29 46
44 34 34 65 29
47 49 28 41 55
30 31 36 41 80
78 30 32 95 31
38 24 30 33 76
13 53 25 30 34
40 30 56 51 30
35 41 46 67 70
30 36 48 62 46
63 30 37 61 28
59 59 30 38 28
60 83 46 30 39
0 56 55 79 30
40 29 81 42 65
30 41 86 50 19
53 30 42 9 81
63 71 30 43 18
49 71 80 30 44
1 94 84 72 30
45 12 76 91 80
30 46 39 63 66
33 30 47 71 16
56 36 31 32 92
11 38 34 31 33
80 43 36 12 31
34 98 35 29 47
31 35 58 63 61
40 31 36 30 67
64 55 31 37 58
35 29 53 31 38
73 43 39 40 31
39 21 88 81 66
31 40 32 66 72
80 31 41 76 36
33 55 31 42 77
34 21 41 31 43
64 50 39 25 31
44 81 15 27 14
31 45 83 17 40
9 31 46 39 38
62 37 31 47 89
7 51 20 32 33
99 27 12 1 32
34 78 53 21 30
32 35 85 36 36
43 32 36 46 48
66 74 32 37 44
45 74 58 32 38
39 50 52 35 32
39 68 41 32 20
32 40 46 46 35
58 32 41 21 68
82 66 32 42 62
52 41 38 32 43
18 65 47 76 32
44 5 67 65 61
32 45 91 10 33
49 32 46 92 51
35 14 32 47 35
76 51 67 33 34
97 5 27 39 33
35 32 33 64 49
33 36 42 49 55
76 33 37 38 44
58 63 33 38 32
76 79 66 33 39
87 9 30 20 33
40 29 80 67 62
33 41 37 80 46
68 33 42 45 71
33 50 33 43 57
56 61 62 33 44
66 39 60 24 33
45 2 93 49 77
33 46 33 74 34
44 33 47 71 23
63 21 34 35 57
37 35 41 34 36
18 43 59 81 34
37 21 83 46 72
34 38 67 63 20
24 34 39 77 46
58 21 34 40 31
39 44 76 34 41
83 24 53 18 34
42 52 71 59 34
34 43 25 55 38
53 34 44 83 57
49 49 34 45 22
72 83 66 34 46
60 26 35 36 34
47 79 12 56 37
35 36 80 23 41
15 35 37 89 19
44 35 35 38 33
65 65 55 35 39
63 53 46 31 35
40 99 11 16 14
35 41 59 50 32
29 35 42 6 52
49 80 35 43 17
55 46 60 35 44
92 46 10 11 35
45 6 74 87 75
35 46 12 49 78
54 35 47 29 83
41 53 36 37 54
60 37 57 36 38
13 65 49 46 36
39 34 57 71 74
36 40 93 34 3
45 36 41 76 61
17 17 36 42 17
61 71 79 36 43
94 17 25 8 36
44 61 54 58 63
36 45 54 36 38
63 36 46 11 59
51 84 36 47 93
31 19 24 37 38
41 30 57 68 37
39 70 30 19 53
37 40 15 63 73
53 37 41 95 31
27 46 37 42 35
80 37 37 37 43
96 36 22 49 37
44 96 15 47 17
37 45 8 46 61
47 37 46 38 38
63 42 37 47 11
77 87 88 38 39
87 48 55 55 38
40 82 25 34 10
38 41 38 77 33
68 38 42 17 65
47 75 38 43 46
54 40 47 38 44
45 49 34 47 38
45 71 42 43 61
38 46 4 82 50
59 38 47 64 20
62 54 39 40 26
46 44 86 39 41
42 58 29 47 39
42 13 65 43 78
39 43 86 8 15
16 39 44 45 50
67 41 39 45 33
68 73 35 39 46
58 42 38 23 39
47 26 53 78 45
40 41 33 64 35
71 40 42 52 72
38 33 40 43 3
85 95 64 40 44
17 60 82 51 40
45 32 64 36 47
40 46 78 12 55
31 40 47 18 85
60 86 41 42 12
64 89 87 41 43
48 42 70 62 41
44 66 19 61 22
41 45 56 70 71
71 41 46 21 84
40 48 41 47 79
45 25 33 42 43
19 79 71 57 42
44 2 75 72 65
42 45 1 66 92
88 42 46 70 34
53 20 42 47 95
5 40 27 43 44
77 44 32 26 43
45 19 83 61 54
43 46 89 29 37
27 43 47 85 10
29 8 44 45 65
66 42 36 44 46
16 82 69 52 44
47 25 62 47 43
45 46 88 9 32
17 45 47 18 78
51 59 46 47 59
57 34 42 47 59
