30 3
0.333333 0.333333 0.333333 
0 1 10 76 78
0 2 22 70 71
0 3 16 80 79
0 4 86 14 24
0 5 42 57 57
0 6 14 81 77
0 7 19 82 71
0 8 68 30 40
0 9 74 23 26
0 10 86 18 20
0 11 88 11 22
0 12 92 16 15
0 13 60 39 44
0 14 80 16 21
0 15 78 21 33
0 16 89 22 22
0 17 94 17 18
0 18 37 67 66
0 19 5 86 93
0 20 63 38 35
0 21 40 56 51
0 22 20 77 67
0 23 17 71 72
0 24 66 38 28
0 25 7 84 92
0 26 3 89 92
0 27 33 58 60
0 28 65 40 30
0 29 41 51 57
1 2 45 51 50
1 3 27 67 68
1 4 13 74 76
1 5 26 70 70
1 6 62 45 34
1 7 72 36 36
1 8 85 24 14
1 9 18 73 84
1 10 56 47 49
1 11 9 85 89
1 12 29 64 74
1 13 4 92 92
1 14 19 78 82
1 15 9 81 87
1 16 32 58 69
1 17 60 43 40
1 18 3 82 86
1 19 82 20 24
1 20 64 37 39
1 21 92 17 20
1 22 78 32 28
1 23 61 37 40
1 24 40 59 61
1 25 49 57 47
1 26 20 81 72
1 27 21 78 77
1 28 30 66 67
1 29 45 51 60
2 3 50 56 46
2 4 24 76 64
2 5 4 90 84
2 6 67 40 40
2 7 15 78 85
2 8 17 82 80
2 9 54 50 40
2 10 6 79 80
2 11 87 18 12
2 12 66 29 36
2 13 53 42 41
2 14 32 67 67
2 15 77 30 19
2 16 22 68 72
2 17 34 56 64
2 18 54 45 49
2 19 6 86 83
2 20 75 30 21
2 21 72 26 32
2 22 47 56 56
2 23 80 18 30
2 24 89 23 11
2 25 46 56 57
2 26 1 95 94
2 27 46 50 50
2 28 52 42 43
2 29 28 61 63
3 4 80 30 17
3 5 50 55 54
3 6 39 59 56
3 7 38 56 62
3 8 71 37 34
3 9 38 56 54
3 10 8 81 78
3 11 30 67 70
3 12 92 9 16
3 13 87 23 25
3 14 16 77 75
3 15 52 48 41
3 16 77 20 26
3 17 81 19 28
3 18 4 87 95
3 19 59 40 47
3 20 13 87 85
3 21 24 78 76
3 22 69 38 29
3 23 76 27 24
3 24 71 34 25
3 25 17 75 84
3 26 7 88 91
3 27 99 12 4
3 28 29 62 69
3 29 8 80 84
4 5 2 93 84
4 6 32 63 58
4 7 10 80 78
4 8 7 91 90
4 9 24 72 64
4 10 36 67 60
4 11 86 12 21
4 12 63 44 36
4 13 71 24 35
4 14 59 42 47
4 15 53 42 43
4 16 63 42 38
4 17 54 46 41
4 18 39 59 51
4 19 43 62 55
4 20 45 52 51
4 21 87 24 22
4 22 38 65 55
4 23 74 22 35
4 24 40 65 61
4 25 91 18 18
4 26 46 56 59
4 27 78 19 25
4 28 55 47 52
4 29 79 27 19
5 6 13 87 75
5 7 43 50 49
5 8 7 87 93
5 9 97 6 16
5 10 42 55 61
5 11 97 4 9
5 12 48 50 47
5 13 72 34 36
5 14 34 62 55
5 15 2 88 88
5 16 24 77 68
5 17 36 68 66
5 18 98 1 1
5 19 47 59 53
5 20 65 41 30
5 21 56 41 45
5 22 63 37 35
5 23 54 50 51
5 24 21 72 78
5 25 24 74 76
5 26 54 38 41
5 27 76 24 23
5 28 52 52 47
5 29 98 3 13
6 7 50 50 49
6 8 59 47 40
6 9 31 73 61
6 10 48 48 50
6 11 97 3 16
6 12 88 16 15
6 13 63 38 31
6 14 8 78 87
6 15 6 92 89
6 16 43 53 53
6 17 45 58 57
6 18 52 55 54
6 19 17 70 84
6 20 87 17 19
6 21 40 57 52
6 22 50 52 46
6 23 62 41 43
6 24 65 42 38
6 25 55 49 45
6 26 39 61 60
6 27 44 55 54
6 28 88 22 10
6 29 12 83 80
7 8 85 25 24
7 9 16 75 83
7 10 52 48 52
7 11 22 77 66
7 12 69 33 30
7 13 1 92 97
7 14 28 60 73
7 15 61 33 32
7 16 57 43 39
7 17 67 29 34
7 18 75 30 30
7 19 61 33 40
7 20 75 30 30
7 21 1 95 94
7 22 50 49 50
7 23 54 38 49
7 24 9 87 77
7 25 76 32 33
7 26 86 25 18
7 27 15 76 79
7 28 80 28 29
7 29 67 42 29
8 9 44 47 53
8 10 83 22 23
8 11 86 24 14
8 12 73 35 34
8 13 77 20 20
8 14 55 46 39
8 15 94 14 18
8 16 51 52 51
8 17 76 32 25
8 18 29 68 69
8 19 75 26 29
8 20 98 7 13
8 21 78 30 33
8 22 47 47 54
8 23 90 20 14
8 24 93 14 5
8 25 57 38 40
8 26 84 16 27
8 27 19 76 83
8 28 99 3 9
8 29 92 13 12
9 10 15 78 73
9 11 2 93 96
9 12 91 10 10
9 13 49 52 46
9 14 24 77 70
9 15 2 95 93
9 16 87 18 22
9 17 73 25 35
9 18 50 52 45
9 19 90 13 16
9 20 68 29 31
9 21 80 25 27
9 22 62 44 36
9 23 33 66 58
9 24 11 76 78
9 25 41 56 61
9 26 28 67 62
9 27 39 57 57
9 28 73 34 36
9 29 1 88 96
10 11 95 13 18
10 12 90 18 21
10 13 92 12 11
10 14 93 13 6
10 15 29 66 69
10 16 97 10 7
10 17 85 13 11
10 18 81 24 21
10 19 0 87 92
10 20 81 26 25
10 21 33 65 63
10 22 50 50 44
10 23 42 49 51
10 24 88 22 18
10 25 81 20 24
10 26 38 62 59
10 27 61 38 44
10 28 25 77 63
10 29 63 40 38
11 12 94 11 16
11 13 38 55 53
11 14 80 30 17
11 15 90 15 11
11 16 59 35 36
11 17 75 31 33
11 18 45 52 58
11 19 63 37 33
11 20 83 15 22
11 21 69 40 38
11 22 49 50 43
11 23 69 34 35
11 24 83 20 22
11 25 88 16 11
11 26 81 16 18
11 27 98 9 8
11 28 90 18 21
11 29 26 77 75
12 13 10 81 82
12 14 43 61 56
12 15 60 33 48
12 16 50 47 51
12 17 34 68 58
12 18 53 45 44
12 19 88 13 23
12 20 69 32 32
12 21 26 74 74
12 22 56 37 47
12 23 28 67 75
12 24 55 51 45
12 25 25 67 65
12 26 42 53 49
12 27 58 43 42
12 28 56 49 39
12 29 16 72 71
13 14 74 25 25
13 15 44 55 49
13 16 86 20 26
13 17 11 88 90
13 18 70 27 34
13 19 29 68 61
13 20 89 12 20
13 21 3 92 94
13 22 10 82 85
13 23 11 81 86
13 24 7 87 78
13 25 50 53 47
13 26 38 60 65
13 27 51 44 49
13 28 30 66 68
13 29 31 70 62
14 15 20 82 76
14 16 90 12 11
14 17 51 41 54
14 18 75 22 35
14 19 90 16 16
14 20 31 60 60
14 21 10 81 88
14 22 45 58 57
14 23 17 75 83
14 24 11 75 83
14 25 86 24 12
14 26 87 18 16
14 27 80 26 29
14 28 3 94 91
14 29 13 85 81
15 16 39 51 55
15 17 13 78 80
15 18 9 82 81
15 19 41 57 64
15 20 78 29 22
15 21 68 36 34
15 22 37 56 54
15 23 8 84 82
15 24 10 82 78
15 25 57 49 47
15 26 67 37 41
15 27 84 17 21
15 28 54 51 40
15 29 61 38 45
16 17 68 35 33
16 18 77 33 26
16 19 37 63 62
16 20 37 61 55
16 21 12 79 77
16 22 20 69 75
16 23 39 65 59
16 24 99 3 13
16 25 59 48 35
16 26 12 78 79
16 27 29 62 66
16 28 26 65 72
16 29 67 39 42
17 18 61 41 36
17 19 94 17 6
17 20 58 40 41
17 21 56 47 44
17 22 58 49 38
17 23 21 73 76
17 24 99 0 3
17 25 32 66 71
17 26 5 80 92
17 27 1 90 90
17 28 10 89 85
17 29 30 66 59
18 19 37 58 64
18 20 85 14 14
18 21 67 35 31
18 22 79 21 24
18 23 52 47 40
18 24 26 70 63
18 25 8 87 92
18 26 82 26 25
18 27 17 73 83
18 28 4 85 80
18 29 41 50 58
19 20 88 22 16
19 21 61 44 35
19 22 62 45 41
19 23 19 79 80
19 24 25 77 72
19 25 79 26 21
19 26 33 61 58
19 27 32 70 68
19 28 27 70 75
19 29 49 48 50
20 21 89 22 22
20 22 8 78 83
20 23 41 64 52
20 24 52 45 47
20 25 87 13 23
20 26 48 58 55
20 27 97 4 7
20 28 63 32 39
20 29 3 84 85
21 22 39 63 64
21 23 70 30 27
21 24 91 17 18
21 25 92 14 9
21 26 39 54 52
21 27 71 37 32
21 28 41 61 61
21 29 27 70 68
22 23 89 16 14
22 24 53 45 53
22 25 76 29 25
22 26 9 88 81
22 27 56 41 41
22 28 96 9 3
22 29 33 67 62
23 24 72 34 26
23 25 30 71 59
23 26 78 32 21
23 27 47 57 58
23 28 16 76 71
23 29 26 69 69
24 25 27 62 71
24 26 39 52 62
24 27 79 25 32
24 28 64 32 38
24 29 70 25 39
25 26 88 21 10
25 27 60 38 47
25 28 62 45 45
25 29 37 64 60
26 27 57 46 39
26 28 39 57 59
26 29 11 80 82
27 28 33 65 70
27 29 8 80 79
28 29 51 47 42
