45 3
0.5 0.5 0.0 
0 1 42 12 74
0 2 50 76 55
0 3 97 59 7
0 4 3 27 34
0 5 31 22 83
0 6 47 43 57
0 7 3 22 57
0 8 50 80 71
0 9 90 29 54
0 10 11 64 34
0 11 79 13 74
0 12 49 63 74
0 13 50 73 78
0 14 64 38 42
0 15 76 34 16
0 16 59 42 43
0 17 72 31 50
0 18 11 64 31
0 19 78 58 59
0 20 7 45 41
0 21 42 21 57
0 22 46 63 52
0 23 44 26 83
0 24 75 76 31
0 25 44 39 54
0 26 65 41 54
0 27 56 58 45
0 28 39 37 36
0 29 42 23 13
0 30 52 15 20
0 31 17 73 33
0 32 53 30 46
0 33 65 65 68
0 34 55 61 49
0 35 69 38 61
0 36 13 64 67
0 37 89 41 66
0 38 60 76 27
0 39 78 73 18
0 40 26 92 25
0 41 96 43 67
0 42 46 27 61
0 43 84 26 8
0 44 3 30 80
1 2 23 44 86
1 3 89 18 73
1 4 32 51 15
1 5 71 55 25
1 6 50 48 50
1 7 89 61 13
1 8 2 50 27
1 9 1 60 60
1 10 82 10 57
1 11 76 53 8
1 12 72 48 27
1 13 7 75 48
1 14 12 61 92
1 15 90 39 2
1 16 8 21 83
1 17 27 63 27
1 18 13 65 18
1 19 64 71 13
1 20 87 25 64
1 21 30 91 86
1 22 91 19 55
1 23 18 57 80
1 24 69 78 75
1 25 77 43 68
1 26 86 10 52
1 27 34 48 91
1 28 91 57 43
1 29 75 38 47
1 30 77 69 29
1 31 36 89 22
1 32 52 48 28
1 33 25 59 16
1 34 8 52 27
1 35 18 72 55
1 36 48 31 78
1 37 84 40 76
1 38 81 47 19
1 39 62 36 65
1 40 21 85 43
1 41 51 27 85
1 42 55 49 69
1 43 72 6 70
1 44 82 7 25
2 3 50 28 61
2 4 99 44 26
2 5 43 86 43
2 6 78 69 20
2 7 13 38 70
2 8 9 95 91
2 9 38 67 41
2 10 67 56 19
2 11 59 85 38
2 12 13 25 59
2 13 37 28 92
2 14 92 4 3
2 15 78 62 37
2 16 73 41 19
2 17 76 80 41
2 18 13 43 80
2 19 40 70 46
2 20 47 53 18
2 21 2 61 44
2 22 21 46 47
2 23 87 10 73
2 24 88 18 9
2 25 19 51 30
2 26 25 32 32
2 27 35 82 19
2 28 11 56 94
2 29 25 15 15
2 30 76 8 37
2 31 72 13 36
2 32 43 36 67
2 33 91 72 11
2 34 58 63 43
2 35 29 41 16
2 36 30 90 70
2 37 8 96 88
2 38 19 21 43
2 39 27 27 49
2 40 42 87 61
2 41 2 64 74
2 42 7 42 24
2 43 82 74 5
2 44 54 37 70
3 4 60 47 19
3 5 14 44 37
3 6 56 71 32
3 7 95 43 70
3 8 92 73 2
3 9 76 6 70
3 10 48 63 87
3 11 4 34 86
3 12 11 87 32
3 13 16 40 57
3 14 14 65 22
3 15 17 60 26
3 16 76 28 41
3 17 32 25 73
3 18 39 69 82
3 19 7 75 36
3 20 43 23 74
3 21 55 37 85
3 22 4 38 38
3 23 60 21 19
3 24 15 88 22
3 25 54 42 42
3 26 69 15 47
3 27 34 86 28
3 28 75 46 39
3 29 54 12 56
3 30 62 83 9
3 31 75 69 8
3 32 77 56 44
3 33 34 15 74
3 34 55 40 56
3 35 35 50 65
3 36 25 28 66
3 37 59 38 15
3 38 16 39 78
3 39 42 69 11
3 40 96 4 20
3 41 10 82 89
3 42 93 68 17
3 43 98 20 24
3 44 31 37 88
4 5 94 68 62
4 6 68 27 24
4 7 97 43 5
4 8 87 30 37
4 9 89 54 72
4 10 71 52 27
4 11 4 33 41
4 12 17 88 57
4 13 34 24 61
4 14 59 78 14
4 15 87 27 34
4 16 15 20 57
4 17 37 56 56
4 18 54 70 81
4 19 55 31 53
4 20 64 62 78
4 21 23 32 37
4 22 76 30 40
4 23 38 71 49
4 24 58 57 33
4 25 4 56 96
4 26 15 24 77
4 27 58 17 31
4 28 23 62 30
4 29 28 27 72
4 30 72 26 63
4 31 85 47 23
4 32 6 34 83
4 33 10 41 83
4 34 81 66 15
4 35 17 28 55
4 36 15 71 35
4 37 80 22 59
4 38 2 40 24
4 39 8 44 82
4 40 97 69 28
4 41 43 28 73
4 42 60 42 10
4 43 67 29 18
4 44 82 71 78
5 6 56 24 13
5 7 20 48 73
5 8 48 56 70
5 9 70 14 71
5 10 72 28 75
5 11 11 97 46
5 12 85 16 31
5 13 52 56 25
5 14 61 8 57
5 15 47 87 37
5 16 55 82 42
5 17 57 43 84
5 18 39 41 16
5 19 56 26 37
5 20 14 76 51
5 21 72 69 10
5 22 92 75 47
5 23 1 69 96
5 24 13 70 80
5 25 21 62 85
5 26 44 47 51
5 27 24 30 44
5 28 47 31 72
5 29 62 83 27
5 30 81 44 27
5 31 60 32 52
5 32 12 56 53
5 33 4 29 46
5 34 2 55 78
5 35 64 14 8
5 36 30 15 33
5 37 37 17 24
5 38 99 4 35
5 39 1 36 31
5 40 88 8 52
5 41 31 68 60
5 42 34 32 22
5 43 3 87 77
5 44 40 65 88
6 7 44 11 54
6 8 69 11 10
6 9 13 36 96
6 10 69 29 52
6 11 19 21 49
6 12 31 51 28
6 13 97 78 45
6 14 4 60 51
6 15 93 40 64
6 16 0 42 74
6 17 60 22 26
6 18 78 78 26
6 19 49 71 80
6 20 66 30 63
6 21 59 67 44
6 22 4 68 56
6 23 61 20 25
6 24 23 68 20
6 25 76 72 42
6 26 45 28 77
6 27 96 52 37
6 28 38 80 90
6 29 76 46 26
6 30 58 28 80
6 31 36 36 92
6 32 44 12 66
6 33 63 13 31
6 34 91 6 78
6 35 83 37 9
6 36 61 69 32
6 37 33 51 32
6 38 4 57 52
6 39 40 56 74
6 40 50 84 80
6 41 79 37 40
6 42 0 38 32
6 43 90 47 17
6 44 67 77 47
7 8 93 15 26
7 9 21 34 18
7 10 29 48 20
7 11 22 71 95
7 12 8 23 83
7 13 47 75 25
7 14 64 17 56
7 15 9 89 82
7 16 72 65 59
7 17 34 20 18
7 18 81 64 46
7 19 13 17 73
7 20 60 71 76
7 21 82 53 45
7 22 85 81 33
7 23 33 40 34
7 24 17 68 82
7 25 36 19 28
7 26 22 56 43
7 27 74 74 34
7 28 79 69 36
7 29 85 6 32
7 30 36 43 50
7 31 88 77 57
7 32 47 63 20
7 33 63 31 38
7 34 67 44 84
7 35 25 53 41
7 36 30 81 46
7 37 72 36 41
7 38 60 49 71
7 39 78 77 82
7 40 4 64 52
7 41 7 46 79
7 42 63 48 85
7 43 22 69 29
7 44 47 79 11
8 9 30 76 34
8 10 51 36 38
8 11 47 24 84
8 12 15 67 86
8 13 22 86 90
8 14 41 88 74
8 15 89 76 64
8 16 32 23 78
8 17 3 73 22
8 18 19 42 56
8 19 6 41 46
8 20 30 39 68
8 21 92 74 18
8 22 39 29 82
8 23 17 92 22
8 24 82 70 35
8 25 67 10 43
8 26 19 68 81
8 27 68 15 57
8 28 34 68 51
8 29 15 65 32
8 30 5 45 60
8 31 52 38 28
8 32 33 91 45
8 33 58 75 81
8 34 93 70 64
8 35 76 18 66
8 36 25 71 85
8 37 46 57 29
8 38 67 52 74
8 39 34 51 30
8 40 85 52 32
8 41 83 73 55
8 42 27 40 67
8 43 10 40 22
8 44 97 79 18
9 10 67 76 26
9 11 31 71 48
9 12 71 64 9
9 13 76 70 62
9 14 97 16 21
9 15 49 33 71
9 16 96 40 73
9 17 49 34 25
9 18 50 49 54
9 19 90 76 7
9 20 29 51 91
9 21 54 35 15
9 22 85 81 16
9 23 79 71 32
9 24 30 91 80
9 25 5 74 89
9 26 24 43 58
9 27 23 36 22
9 28 30 83 65
9 29 39 26 61
9 30 93 3 69
9 31 59 84 82
9 32 67 48 68
9 33 14 40 26
9 34 23 47 62
9 35 47 40 68
9 36 49 84 87
9 37 54 13 48
9 38 73 54 41
9 39 78 55 22
9 40 5 77 42
9 41 64 78 80
9 42 25 18 21
9 43 84 9 38
9 44 85 52 52
10 11 34 60 49
10 12 72 66 82
10 13 94 15 70
10 14 49 45 54
10 15 95 10 79
10 16 86 59 12
10 17 67 20 43
10 18 72 14 75
10 19 68 70 83
10 20 33 90 62
10 21 2 77 50
10 22 42 16 81
10 23 62 55 32
10 24 27 16 64
10 25 71 63 43
10 26 37 87 56
10 27 11 78 62
10 28 73 75 11
10 29 50 65 30
10 30 75 64 44
10 31 73 16 15
10 32 78 29 9
10 33 48 58 64
10 34 31 39 40
10 35 21 78 45
10 36 6 49 61
10 37 23 35 74
10 38 22 54 38
10 39 90 33 38
10 40 57 81 29
10 41 15 59 26
10 42 32 58 40
10 43 17 81 26
10 44 10 77 38
11 12 92 64 35
11 13 66 24 21
11 14 4 90 44
11 15 54 54 88
11 16 47 80 30
11 17 50 65 63
11 18 88 57 39
11 19 52 18 24
11 20 40 62 61
11 21 61 21 63
11 22 62 38 34
11 23 71 24 9
11 24 87 75 61
11 25 89 66 76
11 26 22 55 44
11 27 23 15 20
11 28 38 55 88
11 29 41 19 69
11 30 69 63 49
11 31 90 77 45
11 32 75 38 35
11 33 41 38 86
11 34 19 71 72
11 35 28 24 28
11 36 17 76 68
11 37 58 77 48
11 38 80 73 4
11 39 97 1 71
11 40 84 65 11
11 41 97 59 64
11 42 13 72 38
11 43 66 86 73
11 44 0 24 54
12 13 87 62 41
12 14 26 75 17
12 15 29 72 33
12 16 5 74 79
12 17 88 71 61
12 18 39 78 27
12 19 80 29 43
12 20 37 80 36
12 21 64 55 8
12 22 73 79 68
12 23 38 24 87
12 24 15 26 88
12 25 38 91 15
12 26 98 20 40
12 27 90 49 24
12 28 16 81 17
12 29 19 96 77
12 30 88 40 76
12 31 84 23 12
12 32 41 17 71
12 33 86 75 5
12 34 27 86 43
12 35 77 71 6
12 36 22 95 67
12 37 85 55 5
12 38 7 29 85
12 39 20 36 21
12 40 41 55 44
12 41 37 63 82
12 42 22 72 33
12 43 71 19 62
12 44 58 55 46
13 14 85 76 64
13 15 72 11 84
13 16 2 97 69
13 17 70 67 75
13 18 9 90 93
13 19 23 95 29
13 20 3 53 84
13 21 67 61 63
13 22 34 78 19
13 23 89 55 47
13 24 7 97 47
13 25 85 18 21
13 26 24 22 86
13 27 44 66 74
13 28 81 48 61
13 29 96 59 71
13 30 58 35 37
13 31 58 32 59
13 32 93 34 74
13 33 93 5 40
13 34 48 57 26
13 35 65 9 11
13 36 71 56 56
13 37 54 76 81
13 38 94 51 15
13 39 9 24 72
13 40 87 62 46
13 41 8 31 25
13 42 57 69 18
13 43 78 58 58
13 44 17 47 77
14 15 86 64 22
14 16 91 1 15
14 17 9 43 78
14 18 19 65 48
14 19 98 16 78
14 20 92 56 3
14 21 88 61 12
14 22 98 53 9
14 23 97 50 74
14 24 75 37 55
14 25 37 82 38
14 26 72 10 43
14 27 82 40 26
14 28 79 12 54
14 29 54 62 31
14 30 18 95 34
14 31 23 33 26
14 32 87 66 75
14 33 65 78 12
14 34 22 60 30
14 35 39 23 65
14 36 15 20 45
14 37 45 52 36
14 38 74 48 21
14 39 89 48 71
14 40 0 50 22
14 41 87 23 53
14 42 83 35 7
14 43 47 40 43
14 44 61 46 23
15 16 63 22 35
15 17 33 44 90
15 18 15 38 59
15 19 74 12 37
15 20 70 30 9
15 21 56 55 37
15 22 77 9 43
15 23 15 24 69
15 24 73 75 38
15 25 82 18 7
15 26 82 31 56
15 27 21 19 40
15 28 17 32 34
15 29 61 36 25
15 30 59 44 62
15 31 25 42 21
15 32 19 48 92
15 33 52 22 53
15 34 5 47 33
15 35 83 75 16
15 36 38 85 48
15 37 19 67 80
15 38 12 70 49
15 39 22 19 65
15 40 0 25 84
15 41 47 85 40
15 42 55 87 42
15 43 5 94 61
15 44 50 19 18
16 17 95 65 2
16 18 88 78 36
16 19 51 60 69
16 20 50 42 36
16 21 33 17 87
16 22 97 52 62
16 23 7 82 35
16 24 54 66 36
16 25 57 27 34
16 26 1 71 91
16 27 63 59 17
16 28 15 76 67
16 29 2 97 68
16 30 52 17 73
16 31 10 81 72
16 32 94 68 74
16 33 49 35 67
16 34 11 20 74
16 35 19 93 65
16 36 16 72 82
16 37 1 66 87
16 38 51 62 81
16 39 15 83 76
16 40 9 39 67
16 41 86 7 57
16 42 11 60 94
16 43 69 6 51
16 44 67 72 69
17 18 44 62 78
17 19 78 57 53
17 20 55 30 12
17 21 83 78 41
17 22 81 20 60
17 23 70 77 65
17 24 37 77 15
17 25 31 48 26
17 26 36 84 28
17 27 70 39 24
17 28 20 51 64
17 29 54 21 83
17 30 16 29 42
17 31 58 80 77
17 32 47 13 86
17 33 53 27 27
17 34 6 96 31
17 35 16 64 54
17 36 4 89 91
17 37 13 94 58
17 38 68 42 19
17 39 98 14 73
17 40 19 26 25
17 41 42 31 45
17 42 55 55 64
17 43 99 67 55
17 44 69 78 55
18 19 48 65 62
18 20 21 91 74
18 21 65 77 86
18 22 92 15 40
18 23 3 39 60
18 24 88 68 50
18 25 87 81 30
18 26 28 79 37
18 27 9 26 97
18 28 78 17 8
18 29 70 6 38
18 30 1 83 28
18 31 80 5 75
18 32 25 44 45
18 33 67 44 80
18 34 3 34 87
18 35 52 56 74
18 36 36 80 60
18 37 46 80 72
18 38 52 25 71
18 39 84 64 5
18 40 36 60 78
18 41 90 44 43
18 42 68 68 30
18 43 74 38 34
18 44 70 8 78
19 20 49 61 48
19 21 20 16 71
19 22 62 83 32
19 23 93 8 71
19 24 22 79 84
19 25 87 12 26
19 26 54 71 61
19 27 60 76 65
19 28 10 87 94
19 29 13 45 74
19 30 6 31 36
19 31 40 26 66
19 32 4 32 80
19 33 98 62 71
19 34 99 40 7
19 35 91 72 74
19 36 20 55 18
19 37 56 29 66
19 38 84 48 76
19 39 66 48 54
19 40 82 3 81
19 41 80 76 5
19 42 63 38 73
19 43 16 19 72
19 44 37 78 52
20 21 48 30 34
20 22 68 22 39
20 23 52 13 47
20 24 85 9 67
20 25 47 18 14
20 26 20 72 68
20 27 41 32 86
20 28 86 33 31
20 29 38 21 39
20 30 81 55 52
20 31 90 23 63
20 32 37 39 22
20 33 62 51 51
20 34 96 68 58
20 35 98 57 74
20 36 75 44 37
20 37 23 67 81
20 38 84 20 8
20 39 31 51 17
20 40 15 21 34
20 41 32 58 76
20 42 98 34 17
20 43 33 32 91
20 44 17 55 82
21 22 88 24 60
21 23 34 86 14
21 24 40 20 64
21 25 38 19 72
21 26 37 81 73
21 27 67 46 14
21 28 65 80 68
21 29 30 79 27
21 30 59 57 51
21 31 52 26 37
21 32 8 64 81
21 33 66 20 54
21 34 43 19 34
21 35 33 18 82
21 36 53 37 87
21 37 37 81 77
21 38 1 46 25
21 39 90 56 62
21 40 57 81 38
21 41 25 88 27
21 42 58 38 32
21 43 20 82 47
21 44 28 64 49
22 23 12 96 54
22 24 47 48 67
22 25 32 47 80
22 26 83 56 68
22 27 71 9 54
22 28 10 64 69
22 29 27 22 15
22 30 87 41 41
22 31 46 27 33
22 32 26 47 33
22 33 82 76 15
22 34 2 74 51
22 35 65 19 18
22 36 65 30 57
22 37 44 30 82
22 38 93 50 5
22 39 75 52 71
22 40 88 23 10
22 41 66 36 31
22 42 95 12 68
22 43 95 74 6
22 44 62 54 26
23 24 6 40 66
23 25 12 25 41
23 26 59 60 72
23 27 68 21 39
23 28 31 53 86
23 29 87 33 68
23 30 74 34 59
23 31 45 70 13
23 32 89 33 14
23 33 83 23 54
23 34 66 22 9
23 35 41 22 75
23 36 36 24 76
23 37 4 22 72
23 38 86 35 17
23 39 87 63 57
23 40 79 39 72
23 41 5 68 40
23 42 83 10 12
23 43 42 17 56
23 44 18 33 44
24 25 20 63 31
24 26 55 74 85
24 27 33 82 32
24 28 18 82 18
24 29 42 71 20
24 30 63 7 80
24 31 28 57 49
24 32 67 20 17
24 33 55 30 40
24 34 96 15 60
24 35 55 86 35
24 36 72 76 80
24 37 62 36 27
24 38 39 31 24
24 39 24 67 90
24 40 53 63 37
24 41 86 56 74
24 42 66 27 36
24 43 37 41 83
24 44 75 50 41
25 26 82 16 52
25 27 56 13 14
25 28 17 78 80
25 29 34 58 77
25 30 39 24 17
25 31 46 87 22
25 32 1 69 83
25 33 45 39 58
25 34 12 17 56
25 35 59 56 13
25 36 83 46 11
25 37 94 32 16
25 38 92 43 64
25 39 65 80 8
25 40 4 77 89
25 41 50 18 35
25 42 65 27 49
25 43 26 52 77
25 44 67 28 24
26 27 2 65 46
26 28 10 73 95
26 29 14 80 25
26 30 93 28 54
26 31 39 52 58
26 32 58 70 13
26 33 11 67 20
26 34 58 82 87
26 35 79 42 42
26 36 83 18 71
26 37 95 25 40
26 38 54 54 72
26 39 0 85 80
26 40 55 84 16
26 41 86 79 64
26 42 95 6 4
26 43 55 67 68
26 44 47 52 74
27 28 61 80 82
27 29 32 81 45
27 30 50 65 10
27 31 95 11 3
27 32 64 28 35
27 33 97 71 33
27 34 36 21 87
27 35 65 74 75
27 36 89 74 52
27 37 79 18 42
27 38 58 64 37
27 39 68 12 48
27 40 2 32 58
27 41 56 27 81
27 42 25 28 71
27 43 92 14 56
27 44 70 67 54
28 29 80 53 53
28 30 30 50 73
28 31 10 95 26
28 32 74 82 82
28 33 35 84 16
28 34 15 54 24
28 35 27 30 60
28 36 85 75 75
28 37 29 39 81
28 38 15 80 41
28 39 51 79 67
28 40 63 54 53
28 41 99 13 20
28 42 81 57 28
28 43 14 74 50
28 44 12 51 27
29 30 55 41 27
29 31 64 86 22
29 32 14 80 41
29 33 10 24 47
29 34 22 47 51
29 35 36 82 32
29 36 50 78 64
29 37 24 67 49
29 38 92 79 49
29 39 36 19 50
29 40 8 84 54
29 41 74 9 52
29 42 38 41 24
29 43 63 46 70
29 44 18 18 72
30 31 14 56 85
30 32 7 64 45
30 33 24 94 93
30 34 15 18 31
30 35 66 85 7
30 36 55 15 49
30 37 23 76 80
30 38 23 27 53
30 39 2 80 90
30 40 48 61 27
30 41 92 16 9
30 42 59 21 9
30 43 69 71 9
30 44 26 64 87
31 32 31 71 92
31 33 21 50 87
31 34 70 9 32
31 35 71 13 59
31 36 76 45 32
31 37 95 70 15
31 38 55 73 63
31 39 58 76 19
31 40 48 56 19
31 41 48 23 30
31 42 3 82 77
31 43 87 37 33
31 44 76 75 38
32 33 13 72 85
32 34 10 52 29
32 35 89 9 40
32 36 30 57 80
32 37 54 76 63
32 38 92 62 74
32 39 68 77 72
32 40 48 89 67
32 41 68 39 43
32 42 19 83 83
32 43 36 34 32
32 44 80 82 71
33 34 77 24 47
33 35 16 46 30
33 36 68 39 33
33 37 24 59 42
33 38 80 37 29
33 39 65 32 62
33 40 4 42 20
33 41 49 49 84
33 42 66 73 35
33 43 97 53 41
33 44 64 33 52
34 35 70 37 48
34 36 58 66 75
34 37 41 66 60
34 38 23 28 92
34 39 93 41 2
34 40 3 24 31
34 41 1 65 53
34 42 22 45 23
34 43 93 30 62
34 44 50 74 31
35 36 53 36 63
35 37 30 43 16
35 38 96 41 57
35 39 16 48 57
35 40 0 54 33
35 41 65 55 8
35 42 66 44 32
35 43 42 88 70
35 44 86 69 73
36 37 8 63 76
36 38 15 24 79
36 39 48 36 58
36 40 30 53 68
36 41 35 26 71
36 42 14 62 57
36 43 91 39 34
36 44 50 30 68
37 38 5 75 79
37 39 60 12 51
37 40 24 89 64
37 41 34 38 18
37 42 38 22 35
37 43 93 16 31
37 44 7 61 23
38 39 57 25 20
38 40 66 73 22
38 41 90 16 56
38 42 49 80 53
38 43 17 55 32
38 44 28 52 68
39 40 92 24 26
39 41 13 59 28
39 42 65 22 7
39 43 96 15 42
39 44 72 54 18
40 41 82 65 58
40 42 89 29 54
40 43 67 26 56
40 44 21 94 27
41 42 93 21 61
41 43 54 32 46
41 44 9 62 38
42 43 47 38 85
42 44 62 60 55
43 44 59 71 54
