27 3
0.333333 0.333333 0.333333 
0 1 23 61 56
0 2 45 53 47
0 3 9 71 74
0 4 19 41 77
0 5 84 21 12
0 6 81 38 26
0 7 27 45 38
0 8 90 20 22
0 9 51 38 52
0 10 59 58 57
0 11 0 57 92
0 12 48 67 51
0 13 0 73 81
0 14 95 28 14
0 15 36 71 47
0 16 72 41 15
0 17 56 37 28
0 18 8 46 61
0 19 1 81 63
0 20 56 71 54
0 21 49 53 30
0 22 47 55 49
0 23 10 77 60
0 24 2 76 81
0 25 47 48 52
0 26 52 50 72
1 2 37 80 54
1 3 72 61 25
1 4 97 43 37
1 5 4 48 80
1 6 29 51 50
1 7 40 73 44
1 8 70 50 31
1 9 51 56 42
1 10 81 40 51
1 11 67 65 24
1 12 30 52 50
1 13 69 47 27
1 14 70 48 59
1 15 67 36 39
1 16 43 64 60
1 17 14 87 67
1 18 46 27 53
1 19 31 56 81
1 20 62 42 32
1 21 83 35 17
1 22 13 78 65
1 23 66 53 19
1 24 47 59 68
1 25 38 52 64
1 26 4 88 70
2 3 6 91 94
2 4 40 63 76
2 5 45 36 75
2 6 49 71 29
2 7 54 33 65
2 8 90 50 9
2 9 94 45 46
2 10 62 44 20
2 11 91 19 37
2 12 33 76 79
2 13 55 47 57
2 14 71 42 24
2 15 94 32 22
2 16 95 19 33
2 17 25 45 73
2 18 1 62 69
2 19 28 82 49
2 20 30 48 73
2 21 4 71 73
2 22 24 70 58
2 23 56 48 34
2 24 51 60 48
2 25 62 35 58
2 26 75 22 44
3 4 14 84 55
3 5 68 23 65
3 6 87 10 51
3 7 28 58 49
3 8 9 52 48
3 9 28 42 51
3 10 97 9 20
3 11 14 51 59
3 12 62 66 27
3 13 72 35 27
3 14 58 24 53
3 15 72 50 27
3 16 84 44 33
3 17 69 31 28
3 18 69 45 49
3 19 87 34 34
3 20 57 45 68
3 21 32 46 44
3 22 94 2 24
3 23 4 53 83
3 24 25 71 44
3 25 75 36 45
3 26 14 90 88
4 5 82 9 26
4 6 56 23 29
4 7 5 52 72
4 8 23 60 76
4 9 82 11 27
4 10 21 81 60
4 11 51 32 42
4 12 93 41 12
4 13 19 71 84
4 14 24 83 42
4 15 38 50 55
4 16 44 52 68
4 17 19 50 68
4 18 86 26 47
4 19 83 19 47
4 20 30 40 75
4 21 60 23 24
4 22 87 37 22
4 23 87 31 54
4 24 14 50 50
4 25 35 50 51
4 26 83 20 42
5 6 18 43 66
5 7 68 47 20
5 8 66 64 49
5 9 83 48 29
5 10 32 50 38
5 11 56 47 47
5 12 41 47 46
5 13 29 54 36
5 14 2 93 96
5 15 7 89 79
5 16 88 36 46
5 17 5 73 50
5 18 9 66 91
5 19 46 30 57
5 20 80 22 50
5 21 40 64 45
5 22 70 30 45
5 23 99 25 27
5 24 87 16 43
5 25 43 49 57
5 26 39 77 72
6 7 51 40 38
6 8 71 28 25
6 9 66 29 45
6 10 58 38 31
6 11 79 33 12
6 12 25 62 68
6 13 68 27 54
6 14 94 31 49
6 15 67 64 58
6 16 10 76 93
6 17 82 48 30
6 18 48 38 58
6 19 71 62 44
6 20 49 26 36
6 21 82 18 20
6 22 31 66 66
6 23 24 74 70
6 24 60 33 25
6 25 74 61 36
6 26 17 71 87
7 8 78 39 17
7 9 67 26 48
7 10 88 13 31
7 11 95 35 28
7 12 11 47 48
7 13 89 29 39
7 14 85 41 25
7 15 10 45 53
7 16 25 83 86
7 17 85 55 24
7 18 96 37 36
7 19 27 45 40
7 20 3 92 77
7 21 3 52 78
7 22 47 72 46
7 23 80 36 43
7 24 35 40 69
7 25 3 79 82
7 26 7 84 73
8 9 68 26 18
8 10 81 38 26
8 11 35 68 52
8 12 82 11 19
8 13 38 72 51
8 14 2 95 86
8 15 97 35 44
8 16 26 80 62
8 17 4 85 67
8 18 68 41 61
8 19 59 53 31
8 20 50 56 70
8 21 78 34 12
8 22 80 26 13
8 23 35 73 54
8 24 86 20 29
8 25 25 61 80
8 26 60 69 32
9 10 82 54 54
9 11 77 29 30
9 12 13 47 75
9 13 90 50 42
9 14 94 27 23
9 15 72 45 50
9 16 73 41 48
9 17 94 25 39
9 18 32 81 54
9 19 22 83 53
9 20 34 33 57
9 21 16 81 46
9 22 3 81 91
9 23 76 34 29
9 24 54 31 56
9 25 80 24 53
9 26 78 55 28
10 11 77 45 27
10 12 17 79 52
10 13 24 78 58
10 14 95 35 18
10 15 67 41 40
10 16 77 60 20
10 17 29 46 77
10 18 91 26 37
10 19 64 58 43
10 20 76 59 15
10 21 24 55 84
10 22 31 41 74
10 23 32 35 65
10 24 61 46 38
10 25 45 74 67
10 26 92 50 4
11 12 73 19 46
11 13 60 35 60
11 14 97 32 38
11 15 50 57 55
11 16 52 33 44
11 17 21 63 68
11 18 97 32 5
11 19 60 40 60
11 20 81 27 12
11 21 78 25 31
11 22 63 49 41
11 23 40 44 67
11 24 60 53 41
11 25 19 53 76
11 26 10 80 75
12 13 30 39 53
12 14 97 48 12
12 15 93 3 29
12 16 53 37 69
12 17 57 53 57
12 18 76 20 23
12 19 86 49 26
12 20 95 13 48
12 21 11 56 72
12 22 55 48 60
12 23 89 45 14
12 24 6 90 75
12 25 30 76 65
12 26 88 9 10
13 14 71 24 55
13 15 68 32 60
13 16 85 41 10
13 17 0 95 80
13 18 97 46 24
13 19 2 72 49
13 20 83 20 53
13 21 20 50 44
13 22 37 68 77
13 23 32 48 71
13 24 64 27 62
13 25 69 47 49
13 26 27 85 85
14 15 77 37 23
14 16 86 54 19
14 17 76 30 16
14 18 79 58 41
14 19 70 57 60
14 20 8 80 68
14 21 35 55 52
14 22 61 20 29
14 23 43 59 42
14 24 7 77 93
14 25 50 50 31
14 26 84 32 41
15 16 9 66 94
15 17 34 52 66
15 18 81 18 44
15 19 5 94 67
15 20 81 56 33
15 21 60 53 67
15 22 68 53 17
15 23 49 68 38
15 24 4 68 88
15 25 57 65 45
15 26 93 49 25
16 17 87 11 30
16 18 72 19 57
16 19 66 18 53
16 20 39 54 52
16 21 62 63 59
16 22 82 56 30
16 23 5 58 90
16 24 58 29 66
16 25 40 69 45
16 26 4 52 64
17 18 87 19 29
17 19 9 60 74
17 20 52 31 25
17 21 45 39 77
17 22 36 31 35
17 23 36 71 57
17 24 88 48 48
17 25 79 40 23
17 26 39 41 74
18 19 47 62 35
18 20 42 50 61
18 21 98 33 49
18 22 35 81 76
18 23 69 34 38
18 24 68 21 51
18 25 54 23 30
18 26 60 46 24
19 20 37 41 63
19 21 52 29 52
19 22 56 47 50
19 23 6 60 54
19 24 86 41 40
19 25 7 52 66
19 26 55 70 52
20 21 25 56 58
20 22 37 46 46
20 23 49 29 57
20 24 53 32 64
20 25 99 23 22
20 26 25 46 51
21 22 83 30 21
21 23 25 61 40
21 24 40 62 52
21 25 57 68 63
21 26 50 66 73
22 23 80 41 35
22 24 68 52 31
22 25 93 49 11
22 26 67 60 25
23 24 85 21 51
23 25 10 94 49
23 26 96 10 27
24 25 66 33 58
24 26 67 23 42
25 26 39 65 51
