38 3
0.333333 0.333333 0.333333 
0 1 47 71 60
0 2 3 93 54
0 3 31 64 14
0 4 76 46 53
0 5 51 24 45
0 6 84 49 21
0 7 45 36 44
0 8 61 83 69
0 9 1 95 60
0 10 87 67 33
0 11 82 6 55
0 12 4 62 51
0 13 62 70 73
0 14 74 71 47
0 15 21 21 93
0 16 88 42 6
0 17 23 41 24
0 18 63 45 29
0 19 25 58 67
0 20 74 81 36
0 21 97 5 11
0 22 83 14 51
0 23 63 26 57
0 24 28 73 67
0 25 90 14 25
0 26 99 80 33
0 27 21 24 28
0 28 52 65 81
0 29 59 82 13
0 30 11 38 28
0 31 79 31 24
0 32 73 35 30
0 33 40 42 54
0 34 91 41 2
0 35 80 78 44
0 36 71 61 30
0 37 13 91 39
1 2 36 16 89
1 3 27 19 62
1 4 94 78 70
1 5 90 16 58
1 6 64 55 73
1 7 58 22 22
1 8 9 25 41
1 9 75 27 13
1 10 63 38 25
1 11 93 52 32
1 12 71 17 35
1 13 35 70 91
1 14 6 89 55
1 15 19 71 67
1 16 17 91 89
1 17 39 63 16
1 18 49 53 63
1 19 33 19 74
1 20 80 68 72
1 21 71 60 61
1 22 64 72 21
1 23 46 12 74
1 24 84 82 60
1 25 32 14 52
1 26 51 15 71
1 27 57 35 10
1 28 72 37 49
1 29 85 43 20
1 30 59 15 71
1 31 23 89 51
1 32 88 44 8
1 33 61 75 37
1 34 64 13 45
1 35 94 76 62
1 36 45 58 56
1 37 78 46 72
2 3 14 74 67
2 4 28 77 84
2 5 82 60 63
2 6 48 41 27
2 7 74 49 48
2 8 25 32 69
2 9 27 89 28
2 10 13 76 18
2 11 23 80 63
2 12 12 90 37
2 13 38 39 53
2 14 40 81 49
2 15 9 37 96
2 16 16 19 24
2 17 91 54 20
2 18 52 76 89
2 19 19 53 47
2 20 8 19 22
2 21 2 65 95
2 22 9 58 71
2 23 81 35 24
2 24 73 50 5
2 25 13 28 62
2 26 92 43 45
2 27 94 42 58
2 28 92 35 32
2 29 47 57 15
2 30 64 69 79
2 31 54 31 44
2 32 55 64 51
2 33 50 11 75
2 34 40 84 67
2 35 2 53 31
2 36 3 62 84
2 37 91 20 26
3 4 65 24 66
3 5 63 48 51
3 6 66 69 68
3 7 96 63 68
3 8 25 76 84
3 9 16 91 33
3 10 24 35 72
3 11 97 80 38
3 12 9 56 52
3 13 59 74 18
3 14 36 88 82
3 15 63 47 78
3 16 59 53 70
3 17 57 48 46
3 18 5 88 46
3 19 88 80 76
3 20 70 57 78
3 21 3 94 88
3 22 66 65 17
3 23 2 28 21
3 24 82 68 50
3 25 94 6 1
3 26 74 80 37
3 27 70 28 49
3 28 14 86 53
3 29 45 69 77
3 30 42 21 27
3 31 91 40 76
3 32 1 78 37
3 33 67 22 54
3 34 69 27 11
3 35 54 29 44
3 36 16 62 37
3 37 75 26 69
4 5 34 59 24
4 6 70 59 69
4 7 53 15 66
4 8 69 33 24
4 9 43 11 40
4 10 46 47 55
4 11 70 8 49
4 12 66 23 11
4 13 15 92 78
4 14 33 56 88
4 15 63 56 74
4 16 50 49 49
4 17 14 45 62
4 18 37 80 22
4 19 58 59 51
4 20 83 12 24
4 21 66 69 40
4 22 23 65 15
4 23 26 43 74
4 24 41 41 86
4 25 0 21 52
4 26 6 18 57
4 27 46 27 67
4 28 74 77 24
4 29 80 7 11
4 30 39 22 27
4 31 61 34 10
4 32 51 47 30
4 33 9 18 18
4 34 39 41 35
4 35 77 72 41
4 36 52 26 78
4 37 20 41 74
5 6 30 58 75
5 7 58 27 53
5 8 51 27 42
5 9 98 48 30
5 10 28 67 35
5 11 4 45 82
5 12 81 69 46
5 13 17 77 52
5 14 65 49 86
5 15 24 77 90
5 16 78 41 67
5 17 55 74 26
5 18 24 44 80
5 19 33 59 23
5 20 23 94 26
5 21 96 3 79
5 22 81 15 27
5 23 27 32 40
5 24 10 55 59
5 25 69 42 24
5 26 84 45 28
5 27 79 79 31
5 28 87 66 60
5 29 1 23 29
5 30 24 92 54
5 31 97 69 7
5 32 27 90 83
5 33 26 34 89
5 34 79 60 67
5 35 86 25 82
5 36 20 29 67
5 37 68 34 39
6 7 12 60 57
6 8 77 38 62
6 9 1 78 78
6 10 7 94 60
6 11 87 40 8
6 12 35 90 28
6 13 10 69 90
6 14 30 49 62
6 15 55 60 84
6 16 76 36 68
6 17 25 67 57
6 18 15 45 43
6 19 90 46 56
6 20 91 28 79
6 21 54 65 73
6 22 29 25 64
6 23 32 85 50
6 24 88 13 6
6 25 5 55 48
6 26 46 80 54
6 27 69 18 39
6 28 29 22 89
6 29 5 33 19
6 30 70 14 9
6 31 67 6 72
6 32 25 84 54
6 33 84 29 10
6 34 52 57 83
6 35 10 50 48
6 36 17 95 92
6 37 90 26 57
7 8 4 84 52
7 9 65 82 53
7 10 68 85 12
7 11 83 35 13
7 12 42 43 58
7 13 8 26 50
7 14 19 41 68
7 15 51 12 30
7 16 10 58 97
7 17 85 3 81
7 18 72 38 80
7 19 32 45 33
7 20 39 52 58
7 21 31 79 80
7 22 12 87 39
7 23 74 60 46
7 24 33 74 38
7 25 40 67 13
7 26 87 31 72
7 27 43 50 69
7 28 69 78 59
7 29 27 41 17
7 30 37 67 32
7 31 74 58 81
7 32 28 90 18
7 33 66 43 49
7 34 55 38 15
7 35 61 48 36
7 36 94 29 49
7 37 77 24 52
8 9 41 60 89
8 10 10 20 84
8 11 1 61 64
8 12 87 12 76
8 13 5 52 65
8 14 35 43 44
8 15 43 75 74
8 16 54 26 11
8 17 23 27 23
8 18 81 15 45
8 19 53 13 10
8 20 6 55 94
8 21 29 61 38
8 22 76 50 81
8 23 9 75 24
8 24 22 95 62
8 25 5 26 64
8 26 77 52 31
8 27 9 55 57
8 28 46 68 35
8 29 37 14 72
8 30 79 39 6
8 31 29 37 85
8 32 55 81 20
8 33 14 91 61
8 34 87 36 54
8 35 53 49 28
8 36 50 71 52
8 37 48 86 50
9 10 69 11 38
9 11 59 49 13
9 12 15 79 83
9 13 84 28 30
9 14 87 18 4
9 15 65 81 14
9 16 86 32 12
9 17 45 34 19
9 18 29 49 16
9 19 75 76 23
9 20 10 93 74
9 21 84 29 6
9 22 13 50 45
9 23 92 67 28
9 24 41 12 71
9 25 91 34 25
9 26 72 29 25
9 27 83 77 37
9 28 74 73 17
9 29 1 80 66
9 30 85 75 18
9 31 31 88 70
9 32 28 63 87
9 33 71 56 73
9 34 40 12 60
9 35 68 48 78
9 36 22 20 19
9 37 46 75 85
10 11 5 62 45
10 12 90 76 64
10 13 55 13 76
10 14 8 91 76
10 15 62 68 31
10 16 41 82 64
10 17 63 9 62
10 18 28 70 22
10 19 95 25 30
10 20 7 78 56
10 21 94 24 39
10 22 82 43 6
10 23 31 51 91
10 24 43 74 78
10 25 36 36 77
10 26 65 25 18
10 27 59 37 25
10 28 29 36 37
10 29 38 78 86
10 30 59 64 19
10 31 9 77 69
10 32 12 54 46
10 33 80 28 33
10 34 93 37 15
10 35 50 39 41
10 36 12 60 94
10 37 79 62 49
11 12 74 55 42
11 13 55 61 77
11 14 58 50 38
11 15 71 44 58
11 16 23 58 80
11 17 0 70 76
11 18 39 19 53
11 19 88 69 36
11 20 38 52 33
11 21 25 29 60
11 22 95 31 74
11 23 88 80 22
11 24 34 81 62
11 25 74 62 54
11 26 58 46 37
11 27 49 67 54
11 28 58 23 52
11 29 46 55 86
11 30 62 29 84
11 31 66 84 26
11 32 19 43 44
11 33 58 53 14
11 34 23 91 72
11 35 1 66 89
11 36 4 78 55
11 37 40 58 62
12 13 65 85 78
12 14 24 75 78
12 15 35 45 71
12 16 62 15 64
12 17 54 42 35
12 18 25 35 22
12 19 76 59 46
12 20 15 33 43
12 21 16 94 45
12 22 41 29 82
12 23 97 15 73
12 24 94 30 8
12 25 8 22 21
12 26 92 5 30
12 27 24 67 56
12 28 58 49 15
12 29 79 20 55
12 30 40 24 83
12 31 50 9 41
12 32 92 8 8
12 33 10 37 68
12 34 54 14 43
12 35 68 36 76
12 36 53 54 63
12 37 92 36 46
13 14 33 70 80
13 15 26 24 81
13 16 1 33 95
13 17 79 53 77
13 18 0 38 28
13 19 88 62 81
13 20 62 80 67
13 21 50 18 45
13 22 45 33 44
13 23 30 25 92
13 24 55 27 76
13 25 32 23 92
13 26 72 58 66
13 27 82 9 55
13 28 96 64 48
13 29 73 48 35
13 30 5 26 55
13 31 50 51 19
13 32 0 69 39
13 33 76 67 14
13 34 87 75 3
13 35 0 32 33
13 36 92 15 71
13 37 74 71 25
14 15 41 33 56
14 16 96 51 39
14 17 2 34 94
14 18 59 51 9
14 19 72 49 8
14 20 85 36 6
14 21 63 75 69
14 22 82 4 20
14 23 99 0 1
14 24 85 76 61
14 25 79 70 42
14 26 58 40 59
14 27 10 50 39
14 28 74 65 74
14 29 7 93 45
14 30 84 64 76
14 31 0 79 44
14 32 54 42 9
14 33 42 37 25
14 34 80 32 40
14 35 3 90 77
14 36 11 43 40
14 37 20 19 68
15 16 29 76 93
15 17 53 16 68
15 18 47 84 10
15 19 92 56 13
15 20 81 25 25
15 21 87 46 46
15 22 40 37 72
15 23 33 68 37
15 24 86 45 59
15 25 6 49 72
15 26 93 34 23
15 27 61 80 45
15 28 92 46 38
15 29 62 24 78
15 30 95 57 64
15 31 82 34 21
15 32 55 17 34
15 33 23 29 57
15 34 67 39 57
15 35 24 90 38
15 36 65 58 79
15 37 87 6 4
16 17 43 88 37
16 18 30 27 32
16 19 71 24 29
16 20 80 77 82
16 21 25 25 71
16 22 54 36 69
16 23 26 60 59
16 24 47 26 32
16 25 13 60 86
16 26 48 15 56
16 27 83 63 47
16 28 90 63 64
16 29 2 41 32
16 30 56 55 79
16 31 62 22 8
16 32 37 34 72
16 33 61 50 73
16 34 17 86 65
16 35 32 81 89
16 36 37 73 72
16 37 30 21 88
17 18 77 43 66
17 19 52 74 10
17 20 28 14 73
17 21 22 46 60
17 22 12 38 23
17 23 97 40 76
17 24 86 33 74
17 25 78 70 43
17 26 62 15 77
17 27 28 49 85
17 28 25 57 43
17 29 91 31 22
17 30 17 55 28
17 31 82 48 68
17 32 14 70 28
17 33 8 79 87
17 34 30 68 61
17 35 65 11 38
17 36 36 52 72
17 37 69 73 73
18 19 28 85 17
18 20 47 45 86
18 21 87 28 14
18 22 54 9 16
18 23 19 92 64
18 24 39 35 24
18 25 10 31 96
18 26 56 21 33
18 27 56 76 16
18 28 39 23 16
18 29 52 21 19
18 30 90 16 78
18 31 34 63 65
18 32 24 81 66
18 33 4 24 43
18 34 66 12 66
18 35 74 47 58
18 36 83 50 70
18 37 7 54 91
19 20 41 67 31
19 21 67 85 80
19 22 36 13 75
19 23 49 69 33
19 24 81 13 8
19 25 42 23 34
19 26 51 50 48
19 27 51 55 54
19 28 0 46 62
19 29 90 43 39
19 30 44 32 43
19 31 33 63 47
19 32 68 42 28
19 33 12 59 85
19 34 17 34 67
19 35 62 16 16
19 36 83 82 55
19 37 17 19 30
20 21 8 50 91
20 22 65 45 69
20 23 73 79 60
20 24 12 26 80
20 25 56 21 49
20 26 97 66 33
20 27 30 42 60
20 28 11 76 23
20 29 3 88 66
20 30 11 61 94
20 31 68 72 46
20 32 67 17 56
20 33 89 50 47
20 34 37 40 70
20 35 15 70 26
20 36 53 80 85
20 37 68 32 19
21 22 36 51 39
21 23 25 15 61
21 24 11 76 29
21 25 93 18 22
21 26 32 72 34
21 27 37 20 47
21 28 47 55 57
21 29 45 44 41
21 30 33 50 14
21 31 77 22 42
21 32 1 94 28
21 33 33 75 77
21 34 67 18 50
21 35 89 8 15
21 36 7 49 50
21 37 18 17 67
22 23 0 21 69
22 24 72 50 59
22 25 73 7 15
22 26 4 59 74
22 27 67 77 51
22 28 99 42 7
22 29 32 76 20
22 30 82 41 55
22 31 38 41 47
22 32 2 40 48
22 33 85 33 19
22 34 34 26 29
22 35 49 71 50
22 36 36 53 18
22 37 32 32 58
23 24 66 66 21
23 25 75 31 19
23 26 91 52 70
23 27 85 24 48
23 28 46 48 44
23 29 88 79 58
23 30 5 58 49
23 31 64 55 58
23 32 85 18 61
23 33 34 31 38
23 34 69 50 76
23 35 26 77 56
23 36 98 45 72
23 37 36 56 28
24 25 38 71 29
24 26 94 19 34
24 27 91 24 78
24 28 20 33 76
24 29 59 17 17
24 30 56 64 76
24 31 0 54 62
24 32 71 29 82
24 33 56 53 57
24 34 4 79 19
24 35 1 89 97
24 36 51 51 49
24 37 74 42 29
25 26 12 91 92
25 27 76 42 40
25 28 26 42 33
25 29 30 82 30
25 30 66 9 26
25 31 93 24 27
25 32 81 81 69
25 33 80 73 31
25 34 85 52 7
25 35 77 72 22
25 36 26 49 19
25 37 62 60 52
26 27 65 56 26
26 28 89 79 52
26 29 24 69 81
26 30 26 60 85
26 31 68 83 29
26 32 79 65 63
26 33 67 33 60
26 34 84 73 25
26 35 0 21 39
26 36 61 78 71
26 37 52 82 39
27 28 24 82 69
27 29 16 61 41
27 30 48 43 45
27 31 63 41 22
27 32 64 36 8
27 33 85 26 27
27 34 67 71 75
27 35 97 33 38
27 36 54 64 82
27 37 50 53 87
28 29 70 40 18
28 30 10 32 38
28 31 0 76 82
28 32 13 61 85
28 33 13 69 34
28 34 13 19 83
28 35 88 4 7
28 36 63 74 73
28 37 18 22 92
29 30 38 32 54
29 31 21 19 60
29 32 47 56 16
29 33 80 74 31
29 34 64 64 73
29 35 9 21 63
29 36 81 78 75
29 37 91 25 39
30 31 52 21 77
30 32 55 88 57
30 33 30 78 66
30 34 26 88 85
30 35 97 43 28
30 36 87 75 19
30 37 87 76 61
31 32 55 86 67
31 33 17 38 80
31 34 76 63 53
31 35 23 63 37
31 36 52 41 30
31 37 78 55 11
32 33 77 82 14
32 34 40 27 24
32 35 21 26 46
32 36 95 73 50
32 37 24 72 53
33 34 92 30 5
33 35 8 62 86
33 36 86 67 53
33 37 28 18 68
34 35 10 46 63
34 36 52 16 24
34 37 86 77 46
35 36 76 41 34
35 37 79 16 52
36 37 96 4 68
