17
0 1 13 82 78 75
0 2 52 45 52 51
0 3 17 79 76 74
0 4 63 32 44 36
0 5 53 47 41 47
0 6 19 70 72 77
0 7 1 85 85 96
0 8 80 23 26 24
0 9 12 84 87 79
0 10 60 38 37 45
0 11 91 20 15 13
0 12 81 16 22 23
0 13 49 51 57 48
0 14 65 32 32 36
0 15 7 81 87 79
0 16 29 67 65 72
1 2 28 73 61 70
1 3 69 27 30 37
1 4 99 2 10 7
1 5 58 35 39 35
1 6 52 42 54 52
1 7 76 27 20 21
1 8 33 67 62 66
1 9 59 38 48 41
1 10 28 69 64 63
1 11 45 52 59 48
1 12 68 37 40 31
1 13 16 73 81 71
1 14 22 73 72 75
1 15 70 25 30 29
1 16 91 15 17 19
2 3 28 61 65 70
2 4 77 27 21 30
2 5 90 9 15 10
2 6 24 70 74 66
2 7 73 27 32 27
2 8 69 28 32 36
2 9 82 15 21 19
2 10 25 70 67 66
2 11 88 20 19 12
2 12 49 50 47 55
2 13 43 54 52 63
2 14 63 35 42 41
2 15 1 91 92 94
2 16 45 54 56 52
3 4 71 38 35 35
3 5 93 15 12 16
3 6 54 39 40 42
3 7 1 98 86 87
3 8 95 15 9 5
3 9 72 32 34 32
3 10 51 43 45 53
3 11 22 74 79 79
3 12 27 68 72 75
3 13 74 34 25 27
3 14 98 6 3 13
3 15 16 76 70 73
3 16 71 29 27 29
4 5 98 9 6 6
4 6 81 25 24 25
4 7 1 84 88 86
4 8 31 66 70 65
4 9 15 81 77 72
4 10 51 47 55 49
4 11 21 70 80 70
4 12 19 68 71 80
4 13 32 69 70 69
4 14 91 18 17 8
4 15 39 65 59 52
4 16 0 93 84 97
5 6 64 39 39 34
5 7 87 17 24 19
5 8 29 59 65 69
5 9 34 62 56 67
5 10 84 22 21 17
5 11 28 74 60 75
5 12 86 20 24 12
5 13 92 12 16 8
5 14 19 74 79 79
5 15 60 48 43 40
5 16 27 69 72 67
6 7 13 82 77 78
6 8 78 32 22 25
6 9 94 8 8 15
6 10 76 24 29 26
6 11 66 39 35 29
6 12 52 49 52 45
6 13 15 81 85 84
6 14 30 65 60 66
6 15 5 85 93 91
6 16 81 26 20 28
7 8 4 81 95 90
7 9 81 15 19 24
7 10 29 69 71 67
7 11 40 62 52 62
7 12 5 89 89 85
7 13 26 65 73 71
7 14 2 93 89 95
7 15 83 26 25 17
7 16 26 69 76 73
8 9 12 76 87 85
8 10 26 74 66 65
8 11 67 37 34 29
8 12 66 37 30 34
8 13 54 41 52 45
8 14 53 42 42 47
8 15 13 85 81 78
8 16 22 73 76 79
9 10 7 85 93 88
9 11 72 28 37 31
9 12 53 47 50 50
9 13 60 34 34 35
9 14 23 68 77 79
9 15 63 37 42 34
9 16 39 53 54 63
10 11 4 89 92 85
10 12 37 59 53 67
10 13 67 28 29 29
10 14 23 74 71 76
10 15 65 38 40 39
10 16 0 85 99 84
11 12 97 2 10 16
11 13 90 10 12 21
11 14 49 52 55 43
11 15 18 75 69 81
11 16 94 8 18 16
12 13 3 93 90 89
12 14 47 45 59 53
12 15 67 28 31 35
12 16 40 63 60 56
13 14 8 91 91 84
13 15 93 14 17 10
13 16 58 38 48 43
14 15 28 69 73 68
14 16 99 5 3 9
15 16 51 50 40 54
