22
0 1 93 19 8 12
0 2 7 83 82 85
0 3 59 35 35 43
0 4 80 26 24 19
0 5 16 81 77 75
0 6 67 32 41 27
0 7 37 53 62 62
0 8 14 83 82 77
0 9 29 67 70 71
0 10 54 39 39 53
0 11 68 27 36 34
0 12 61 38 43 45
0 13 72 30 28 27
0 14 73 29 26 33
0 15 26 73 71 70
0 16 59 41 34 49
0 17 44 59 57 52
0 18 65 42 40 32
0 19 89 18 9 17
0 20 21 73 72 74
0 21 25 78 73 77
1 2 76 27 25 21
1 3 75 24 29 22
1 4 19 69 78 77
1 5 63 39 42 33
1 6 98 4 6 7
1 7 52 40 41 54
1 8 97 4 12 14
1 9 77 32 32 23
1 10 39 65 58 57
1 11 31 63 67 66
1 12 94 12 6 13
1 13 25 76 70 67
1 14 87 23 23 23
1 15 75 34 21 35
1 16 10 83 82 75
1 17 97 9 7 7
1 18 33 58 59 67
1 19 34 62 61 64
1 20 9 84 80 82
1 21 62 40 39 32
2 3 30 66 68 73
2 4 82 20 25 20
2 5 57 39 39 36
2 6 96 11 4 12
2 7 81 22 27 28
2 8 80 19 25 29
2 9 64 37 32 44
2 10 26 63 74 75
2 11 39 59 66 56
2 12 58 43 43 42
2 13 36 55 54 63
2 14 75 29 25 30
2 15 98 9 9 13
2 16 7 79 83 86
2 17 49 49 48 43
2 18 23 72 71 72
2 19 53 49 54 53
2 20 9 87 88 77
2 21 99 1 7 10
3 4 32 63 69 69
3 5 78 30 20 32
3 6 64 43 42 30
3 7 28 62 76 62
3 8 5 87 91 95
3 9 6 90 85 85
3 10 89 16 15 18
3 11 67 33 39 33
3 12 54 53 46 53
3 13 59 48 40 38
3 14 35 67 63 68
3 15 23 72 69 78
3 16 93 12 7 12
3 17 95 11 6 13
3 18 80 18 19 20
3 19 89 15 20 16
3 20 90 22 21 13
3 21 59 45 39 41
4 5 98 6 3 16
4 6 39 56 55 56
4 7 7 82 89 92
4 8 23 71 68 75
4 9 79 21 28 20
4 10 12 78 80 88
4 11 80 22 21 17
4 12 74 34 32 35
4 13 88 18 14 20
4 14 78 25 23 22
4 15 50 47 42 50
4 16 15 80 78 73
4 17 50 44 41 48
4 18 34 58 70 63
4 19 21 77 70 73
4 20 33 62 65 61
4 21 28 70 62 69
5 6 65 34 39 37
5 7 32 63 61 66
5 8 92 11 10 7
5 9 63 39 31 43
5 10 66 43 37 33
5 11 51 45 46 45
5 12 77 21 31 33
5 13 11 77 85 87
5 14 39 61 63 56
5 15 70 38 29 33
5 16 78 22 24 23
5 17 79 23 29 29
5 18 99 9 0 4
5 19 52 54 44 51
5 20 93 16 16 15
5 21 61 35 39 37
6 7 65 44 33 37
6 8 44 50 54 55
6 9 51 43 52 49
6 10 0 95 92 91
6 11 14 82 83 76
6 12 92 9 18 16
6 13 69 29 32 38
6 14 68 40 37 36
6 15 45 50 53 50
6 16 47 58 47 46
6 17 35 63 67 64
6 18 87 24 19 19
6 19 56 48 42 39
6 20 28 68 63 67
6 21 38 53 65 66
7 8 37 60 55 66
7 9 80 24 29 27
7 10 97 9 8 9
7 11 88 16 19 17
7 12 94 6 5 8
7 13 51 46 45 54
7 14 16 79 73 81
7 15 84 17 19 13
7 16 45 46 47 59
7 17 70 30 30 36
7 18 82 23 23 21
7 19 85 15 24 22
7 20 78 28 26 20
7 21 92 10 19 20
8 9 15 81 75 71
8 10 65 36 34 38
8 11 91 19 14 7
8 12 15 83 74 84
8 13 47 47 45 56
8 14 36 66 58 65
8 15 72 36 24 33
8 16 95 9 4 10
8 17 61 46 36 34
8 18 35 65 69 57
8 19 32 62 64 69
8 20 96 10 16 10
8 21 75 29 28 31
9 10 50 51 42 45
9 11 89 18 14 14
9 12 23 65 79 73
9 13 75 27 23 34
9 14 66 38 36 35
9 15 4 93 93 87
9 16 79 28 25 26
9 17 95 14 17 9
9 18 41 56 55 59
9 19 36 59 62 64
9 20 73 26 31 25
9 21 27 63 75 62
10 11 63 39 41 39
10 12 68 37 28 37
10 13 92 19 11 12
10 14 60 46 46 42
10 15 46 52 51 51
10 16 55 47 43 47
10 17 3 95 96 94
10 18 23 66 72 66
10 19 72 36 25 32
10 20 82 25 25 17
10 21 76 20 33 21
11 12 63 35 45 32
11 13 4 92 83 96
11 14 45 55 52 58
11 15 67 33 28 37
11 16 63 31 45 37
11 17 88 23 19 11
11 18 10 78 88 77
11 19 80 20 23 17
11 20 1 92 96 98
11 21 69 32 33 29
12 13 41 55 62 56
12 14 45 61 50 59
12 15 59 37 40 40
12 16 96 9 7 8
12 17 59 47 45 38
12 18 22 78 78 80
12 19 10 88 82 81
12 20 39 54 59 59
12 21 53 45 48 46
13 14 58 48 36 46
13 15 46 55 46 50
13 16 99 11 11 2
13 17 51 43 43 47
13 18 95 13 11 8
13 19 85 13 19 13
13 20 87 19 23 20
13 21 12 81 86 86
14 15 43 49 49 62
14 16 85 21 17 19
14 17 43 48 60 54
14 18 25 73 66 70
14 19 19 80 82 75
14 20 82 29 16 25
14 21 15 82 75 72
15 16 17 77 76 71
15 17 71 25 30 27
15 18 14 84 85 84
15 19 56 44 51 42
15 20 55 43 46 46
15 21 31 58 60 73
16 17 86 15 15 11
16 18 16 73 76 74
16 19 25 76 64 74
16 20 3 84 96 86
16 21 69 35 39 37
17 18 16 74 81 79
17 19 69 29 40 38
17 20 84 22 17 18
17 21 42 51 55 61
18 19 82 24 27 25
18 20 99 10 14 2
18 21 86 16 16 14
19 20 86 25 17 16
19 21 35 61 62 63
20 21 62 43 41 41
