22
0 1 0 87 26 57
0 2 38 90 17 85
0 3 11 85 33 21
0 4 6 69 82 72
0 5 27 72 80 83
0 6 49 18 29 89
0 7 38 85 86 24
0 8 47 74 34 29
0 9 99 4 58 61
0 10 11 47 92 77
0 11 38 71 59 62
0 12 5 20 37 61
0 13 92 18 45 49
0 14 54 78 39 38
0 15 11 27 92 46
0 16 6 37 75 33
0 17 95 13 58 72
0 18 52 88 28 78
0 19 77 84 75 28
0 20 66 73 69 80
0 21 99 20 11 73
1 2 16 31 48 86
1 3 74 26 43 28
1 4 83 75 52 52
1 5 80 46 57 74
1 6 6 81 50 95
1 7 42 25 46 78
1 8 17 52 23 76
1 9 3 88 19 33
1 10 32 37 49 77
1 11 32 32 92 90
1 12 10 81 21 69
1 13 71 14 9 69
1 14 88 32 15 18
1 15 78 52 75 78
1 16 74 75 36 40
1 17 11 74 33 81
1 18 50 56 48 74
1 19 69 54 71 22
1 20 40 34 54 91
1 21 28 59 30 44
2 3 19 89 38 52
2 4 46 79 32 76
2 5 8 49 37 32
2 6 59 73 64 36
2 7 99 61 39 4
2 8 44 11 20 54
2 9 22 84 15 87
2 10 51 67 68 9
2 11 89 53 46 45
2 12 11 96 79 76
2 13 31 75 41 19
2 14 30 28 19 16
2 15 33 90 14 48
2 16 7 66 49 88
2 17 75 54 12 20
2 18 13 75 45 67
2 19 15 49 43 28
2 20 30 20 38 76
2 21 58 61 62 32
3 4 17 56 73 27
3 5 72 5 16 59
3 6 4 56 84 88
3 7 1 47 64 21
3 8 47 64 73 88
3 9 99 12 54 16
3 10 8 20 51 77
3 11 81 52 77 25
3 12 97 55 25 36
3 13 94 38 5 67
3 14 25 45 67 36
3 15 48 12 45 55
3 16 96 17 74 56
3 17 23 35 23 60
3 18 68 77 15 57
3 19 8 28 42 93
3 20 50 50 28 66
3 21 38 84 63 84
4 5 6 96 50 86
4 6 97 78 76 15
4 7 29 34 63 43
4 8 76 18 72 13
4 9 97 16 13 8
4 10 87 23 80 78
4 11 86 21 63 80
4 12 74 36 72 18
4 13 37 69 47 36
4 14 79 51 12 64
4 15 74 28 54 75
4 16 75 73 66 45
4 17 21 28 61 17
4 18 27 68 82 24
4 19 48 39 61 16
4 20 52 25 74 81
4 21 15 89 56 18
5 6 15 93 86 36
5 7 44 61 12 44
5 8 26 94 21 51
5 9 44 85 55 89
5 10 12 95 87 86
5 11 50 41 86 14
5 12 88 43 49 79
5 13 99 40 19 41
5 14 61 48 74 48
5 15 43 80 88 15
5 16 83 73 59 8
5 17 57 16 66 47
5 18 94 38 48 53
5 19 86 55 8 52
5 20 78 39 26 58
5 21 85 34 22 42
6 7 94 42 23 23
6 8 63 77 38 15
6 9 6 57 65 77
6 10 62 80 18 10
6 11 21 92 22 57
6 12 28 73 46 71
6 13 41 60 32 37
6 14 64 14 28 77
6 15 17 29 85 78
6 16 54 72 26 79
6 17 76 52 19 17
6 18 10 57 62 58
6 19 56 79 55 53
6 20 87 68 19 32
6 21 12 56 81 60
7 8 24 24 67 58
7 9 40 56 48 79
7 10 25 87 40 76
7 11 93 9 40 79
7 12 62 49 22 55
7 13 93 53 33 53
7 14 27 54 80 80
7 15 1 67 60 60
7 16 3 98 25 38
7 17 47 21 34 20
7 18 58 50 18 32
7 19 39 49 43 37
7 20 22 40 52 92
7 21 91 23 50 73
8 9 61 69 74 50
8 10 41 33 75 60
8 11 79 67 45 55
8 12 11 66 86 41
8 13 93 32 39 71
8 14 70 13 47 7
8 15 63 40 69 65
8 16 58 77 51 19
8 17 80 49 61 31
8 18 48 52 68 63
8 19 50 39 87 72
8 20 49 50 11 18
8 21 4 79 46 82
9 10 74 80 47 61
9 11 52 19 89 55
9 12 93 69 68 20
9 13 62 59 40 68
9 14 48 45 66 68
9 15 47 86 82 49
9 16 77 37 40 38
9 17 76 18 41 47
9 18 25 31 61 15
9 19 57 31 74 50
9 20 44 48 27 88
9 21 69 43 16 12
10 11 82 7 59 76
10 12 56 17 13 56
10 13 52 58 28 57
10 14 11 62 84 68
10 15 41 47 74 39
10 16 96 35 68 13
10 17 56 14 20 51
10 18 21 65 92 50
10 19 59 32 66 57
10 20 2 37 58 80
10 21 72 53 15 60
11 12 44 69 30 90
11 13 44 46 25 53
11 14 10 69 36 52
11 15 57 74 43 24
11 16 86 3 40 3
11 17 56 10 57 46
11 18 86 38 66 38
11 19 12 66 88 57
11 20 91 65 67 37
11 21 69 48 40 57
12 13 36 39 78 45
12 14 23 67 50 58
12 15 90 38 35 17
12 16 80 71 33 74
12 17 39 53 86 12
12 18 49 57 77 46
12 19 80 37 60 65
12 20 56 42 42 13
12 21 40 27 36 29
13 14 22 34 21 37
13 15 55 70 42 52
13 16 57 73 83 27
13 17 2 44 51 68
13 18 58 79 76 69
13 19 56 9 56 29
13 20 35 75 61 49
13 21 7 82 36 79
14 15 75 74 71 50
14 16 35 26 86 54
14 17 1 80 76 71
14 18 61 32 55 15
14 19 74 32 7 11
14 20 58 8 31 82
14 21 25 18 36 80
15 16 86 80 12 36
15 17 95 79 31 32
15 18 16 58 94 84
15 19 36 29 14 17
15 20 40 31 67 81
15 21 15 20 58 24
16 17 27 55 75 46
16 18 46 14 20 68
16 19 71 59 12 30
16 20 23 49 52 75
16 21 12 45 53 23
17 18 61 49 66 11
17 19 23 70 41 58
17 20 18 37 21 24
17 21 95 28 17 21
18 19 67 59 59 61
18 20 81 55 15 83
18 21 6 61 21 31
19 20 81 62 13 9
19 21 35 65 39 40
20 21 65 19 59 26
