25
0 1 94 16 11 12
0 2 62 32 40 35
0 3 2 85 85 95
0 4 41 63 50 57
0 5 78 20 30 20
0 6 75 22 31 32
0 7 56 44 50 43
0 8 43 61 59 48
0 9 42 49 60 63
0 10 21 78 71 76
0 11 70 40 37 39
0 12 36 61 55 56
0 13 33 68 56 56
0 14 53 53 52 52
0 15 14 80 87 79
0 16 59 34 46 36
0 17 44 57 50 58
0 18 46 49 50 47
0 19 23 68 79 70
0 20 85 22 15 23
0 21 34 62 64 67
0 22 63 39 45 39
0 23 37 54 60 68
0 24 99 6 12 5
1 2 27 64 68 66
1 3 24 64 72 64
1 4 8 84 78 85
1 5 91 15 16 20
1 6 85 19 24 14
1 7 75 29 27 35
1 8 26 63 77 64
1 9 80 17 25 28
1 10 42 59 56 53
1 11 67 36 29 32
1 12 99 5 3 3
1 13 60 37 47 41
1 14 8 91 88 91
1 15 44 52 60 50
1 16 64 44 36 30
1 17 69 37 30 39
1 18 32 71 68 57
1 19 87 12 15 14
1 20 20 82 81 78
1 21 98 5 13 1
1 22 97 4 9 4
1 23 51 53 56 43
1 24 36 60 65 64
2 3 47 59 50 53
2 4 81 22 22 24
2 5 15 73 83 79
2 6 46 58 52 50
2 7 58 36 43 46
2 8 36 66 59 54
2 9 41 57 64 59
2 10 36 58 60 66
2 11 5 87 95 82
2 12 9 85 79 79
2 13 1 95 90 98
2 14 0 93 86 93
2 15 73 36 34 33
2 16 51 49 51 47
2 17 10 88 77 79
2 18 95 7 8 9
2 19 8 80 78 89
2 20 39 59 59 54
2 21 53 51 41 52
2 22 53 44 43 50
2 23 88 23 24 11
2 24 78 22 25 24
3 4 20 80 76 78
3 5 85 20 20 26
3 6 62 41 46 35
3 7 81 25 21 17
3 8 26 76 75 71
3 9 84 24 22 21
3 10 37 67 63 56
3 11 29 74 61 72
3 12 3 86 89 95
3 13 74 36 24 26
3 14 86 16 16 21
3 15 74 23 28 27
3 16 93 19 20 15
3 17 94 12 16 9
3 18 20 79 80 72
3 19 9 88 83 77
3 20 12 81 81 81
3 21 94 10 4 7
3 22 57 50 49 37
3 23 56 45 50 48
3 24 87 15 18 18
4 5 4 88 93 82
4 6 54 49 53 52
4 7 78 20 23 25
4 8 10 87 87 76
4 9 61 39 44 35
4 10 21 69 72 67
4 11 13 86 79 78
4 12 43 53 56 51
4 13 69 37 33 26
4 14 64 42 38 32
4 15 33 60 60 67
4 16 63 33 41 43
4 17 47 50 48 55
4 18 39 55 52 52
4 19 1 87 94 97
4 20 85 21 17 23
4 21 70 33 28 35
4 22 90 21 16 13
4 23 96 12 5 12
4 24 0 90 94 89
5 6 60 33 40 37
5 7 52 41 45 53
5 8 46 52 49 49
5 9 3 84 97 96
5 10 27 67 65 70
5 11 45 48 48 56
5 12 4 89 86 81
5 13 65 39 41 31
5 14 62 34 41 45
5 15 66 28 32 36
5 16 7 89 82 81
5 17 72 26 28 30
5 18 1 96 91 86
5 19 29 70 70 67
5 20 79 23 26 32
5 21 65 41 35 31
5 22 59 35 43 43
5 23 31 60 68 70
5 24 78 20 28 28
6 7 55 48 51 49
6 8 11 80 86 85
6 9 72 35 24 35
6 10 20 73 68 79
6 11 25 71 69 71
6 12 14 84 86 72
6 13 33 61 70 64
6 14 72 25 25 37
6 15 57 47 39 48
6 16 72 35 35 29
6 17 42 57 59 50
6 18 25 77 74 63
6 19 18 70 73 72
6 20 85 21 13 16
6 21 40 62 54 53
6 22 79 28 22 25
6 23 83 14 25 15
6 24 94 14 4 14
7 8 80 30 29 24
7 9 16 73 80 78
7 10 54 45 48 49
7 11 95 10 4 6
7 12 85 20 14 26
7 13 46 60 49 57
7 14 64 33 37 41
7 15 38 67 57 58
7 16 27 62 76 75
7 17 68 39 32 40
7 18 73 32 24 25
7 19 74 28 27 25
7 20 53 52 47 54
7 21 98 3 4 2
7 22 89 12 15 16
7 23 82 27 19 27
7 24 55 44 46 38
8 9 17 83 76 83
8 10 74 24 22 31
8 11 92 11 13 11
8 12 41 57 60 57
8 13 58 50 46 49
8 14 61 45 38 32
8 15 7 83 91 91
8 16 78 25 25 27
8 17 45 55 51 47
8 18 71 26 29 26
8 19 48 56 55 55
8 20 26 72 77 68
8 21 94 9 7 9
8 22 92 15 8 6
8 23 96 15 12 10
8 24 81 19 29 24
9 10 75 25 22 27
9 11 42 60 55 64
9 12 83 14 23 23
9 13 50 47 51 52
9 14 15 83 86 74
9 15 69 38 26 29
9 16 10 86 77 88
9 17 94 5 13 6
9 18 43 54 61 59
9 19 69 32 31 36
9 20 15 86 79 77
9 21 78 32 33 27
9 22 9 77 83 83
9 23 92 9 11 13
9 24 51 45 45 55
10 11 55 44 38 45
10 12 83 23 22 25
10 13 33 67 63 57
10 14 41 64 54 61
10 15 88 21 24 23
10 16 72 37 25 27
10 17 88 23 21 13
10 18 63 41 42 45
10 19 86 23 23 20
10 20 50 56 45 43
10 21 22 71 72 76
10 22 71 25 33 28
10 23 82 19 21 25
10 24 80 19 30 20
11 12 25 72 72 74
11 13 43 62 51 51
11 14 78 32 22 27
11 15 62 33 41 44
11 16 3 87 92 95
11 17 57 46 36 44
11 18 44 49 54 48
11 19 48 52 52 55
11 20 35 64 63 56
11 21 43 52 58 55
11 22 31 64 66 58
11 23 21 67 71 79
11 24 44 57 54 53
12 13 19 82 73 71
12 14 63 43 40 33
12 15 45 48 52 50
12 16 54 44 43 39
12 17 44 62 52 52
12 18 60 47 38 39
12 19 60 47 42 35
12 20 38 61 65 67
12 21 8 79 77 84
12 22 30 69 60 67
12 23 7 83 83 91
12 24 52 44 47 41
13 14 75 33 22 31
13 15 75 24 33 35
13 16 44 53 56 55
13 17 57 50 48 43
13 18 69 26 40 30
13 19 67 39 36 31
13 20 91 10 18 7
13 21 71 31 25 29
13 22 52 50 44 42
13 23 37 68 54 57
13 24 5 95 87 90
14 15 48 49 49 54
14 16 5 81 82 94
14 17 19 71 73 70
14 18 12 82 88 80
14 19 90 11 11 10
14 20 73 29 27 27
14 21 8 84 90 79
14 22 96 13 9 12
14 23 7 83 87 89
14 24 68 26 39 32
15 16 97 14 8 12
15 17 90 16 11 22
15 18 62 41 32 34
15 19 96 10 9 10
15 20 85 21 20 13
15 21 31 64 72 65
15 22 41 57 55 51
15 23 9 87 79 78
15 24 78 31 21 22
16 17 68 36 30 35
16 18 41 59 57 50
16 19 26 65 75 66
16 20 24 72 71 66
16 21 60 40 47 43
16 22 30 62 58 70
16 23 99 4 0 12
16 24 59 41 37 35
17 18 57 47 43 40
17 19 89 10 17 9
17 20 17 73 79 74
17 21 23 72 72 77
17 22 57 39 46 41
17 23 44 60 61 58
17 24 7 89 92 89
18 19 18 70 83 78
18 20 82 29 20 26
18 21 72 24 32 34
18 22 14 80 86 83
18 23 80 30 26 20
18 24 16 83 73 81
19 20 5 94 83 80
19 21 77 22 22 25
19 22 47 56 55 49
19 23 86 13 11 19
19 24 68 31 27 30
20 21 39 62 62 59
20 22 97 11 13 14
20 23 3 89 94 82
20 24 63 31 31 39
21 22 77 22 21 24
21 23 8 82 89 81
21 24 3 91 97 82
22 23 62 32 39 34
22 24 91 19 20 8
23 24 37 62 58 64
