30
0 1 81 6 40 81
0 2 49 47 68 83
0 3 46 56 62 39
0 4 36 65 61 76
0 5 4 65 78 74
0 6 57 61 68 83
0 7 95 68 56 35
0 8 66 63 19 62
0 9 89 81 8 10
0 10 32 45 88 92
0 11 35 87 75 81
0 12 95 6 40 14
0 13 66 44 21 26
0 14 45 62 33 78
0 15 28 27 91 16
0 16 51 22 30 53
0 17 48 20 16 21
0 18 47 58 90 79
0 19 42 67 50 37
0 20 95 52 13 78
0 21 16 54 43 88
0 22 17 36 39 80
0 23 42 63 60 73
0 24 24 19 39 82
0 25 7 33 31 94
0 26 99 67 36 7
0 27 51 33 55 18
0 28 37 39 44 19
0 29 60 27 24 84
1 2 26 86 42 71
1 3 39 42 27 18
1 4 75 70 13 15
1 5 0 82 84 48
1 6 21 63 56 25
1 7 33 46 46 28
1 8 78 63 26 17
1 9 23 71 65 21
1 10 88 36 52 18
1 11 29 67 87 67
1 12 1 20 99 73
1 13 42 50 77 87
1 14 90 11 61 6
1 15 74 25 22 18
1 16 40 51 60 42
1 17 21 32 56 67
1 18 66 54 28 61
1 19 93 31 38 12
1 20 65 62 12 27
1 21 7 87 90 21
1 22 81 34 81 45
1 23 40 68 42 53
1 24 31 23 90 52
1 25 77 65 9 50
1 26 66 49 64 7
1 27 39 51 57 57
1 28 36 59 34 78
1 29 39 25 74 53
2 3 42 58 91 74
2 4 44 72 38 25
2 5 44 19 53 31
2 6 52 55 11 52
2 7 49 54 68 49
2 8 44 74 46 21
2 9 43 67 78 23
2 10 72 38 47 38
2 11 98 50 33 24
2 12 61 63 39 9
2 13 31 82 85 78
2 14 47 62 32 68
2 15 49 74 87 88
2 16 9 43 93 26
2 17 6 88 93 63
2 18 68 16 80 60
2 19 29 86 67 42
2 20 26 44 33 57
2 21 39 17 46 18
2 22 2 98 34 25
2 23 46 42 61 73
2 24 58 14 18 39
2 25 24 42 58 50
2 26 24 92 89 93
2 27 46 17 36 78
2 28 60 37 27 50
2 29 24 43 19 50
3 4 99 49 62 60
3 5 40 70 24 84
3 6 2 79 75 25
3 7 91 5 38 67
3 8 96 71 62 32
3 9 9 29 47 42
3 10 94 33 8 65
3 11 24 73 41 68
3 12 40 13 40 38
3 13 82 65 5 26
3 14 20 88 19 60
3 15 72 16 39 50
3 16 48 68 51 60
3 17 31 29 90 51
3 18 87 62 75 33
3 19 71 32 84 62
3 20 11 79 87 77
3 21 78 13 68 34
3 22 52 61 12 68
3 23 73 17 30 81
3 24 33 66 39 55
3 25 9 35 69 19
3 26 87 51 51 10
3 27 15 46 41 70
3 28 76 54 40 23
3 29 45 27 39 33
4 5 56 65 41 81
4 6 40 27 70 69
4 7 85 74 8 71
4 8 98 30 41 40
4 9 30 71 71 42
4 10 62 42 22 23
4 11 7 56 78 37
4 12 36 43 72 84
4 13 50 17 38 76
4 14 74 6 23 28
4 15 16 96 75 50
4 16 96 68 9 67
4 17 26 73 84 31
4 18 3 49 82 65
4 19 13 35 62 78
4 20 60 19 27 11
4 21 27 77 23 67
4 22 49 13 83 37
4 23 42 32 79 85
4 24 83 59 36 42
4 25 66 83 13 27
4 26 59 15 12 22
4 27 71 83 35 17
4 28 94 63 80 32
4 29 15 66 78 26
5 6 38 62 60 49
5 7 7 86 31 96
5 8 92 67 60 67
5 9 46 15 59 68
5 10 76 36 7 49
5 11 11 49 44 97
5 12 99 2 64 8
5 13 7 77 21 65
5 14 14 81 27 54
5 15 66 38 79 7
5 16 13 18 91 55
5 17 45 85 60 48
5 18 16 47 51 47
5 19 88 53 80 29
5 20 75 56 51 43
5 21 2 62 34 58
5 22 85 46 6 55
5 23 5 37 25 78
5 24 76 12 51 61
5 25 35 35 73 18
5 26 13 22 28 57
5 27 63 60 30 72
5 28 25 59 94 76
5 29 17 18 72 92
6 7 92 72 56 39
6 8 9 56 92 41
6 9 29 51 91 31
6 10 93 36 47 66
6 11 55 27 32 70
6 12 78 21 65 19
6 13 39 53 42 61
6 14 18 23 71 46
6 15 52 14 68 71
6 16 87 45 16 64
6 17 16 50 67 66
6 18 51 29 71 82
6 19 92 39 32 20
6 20 69 42 47 36
6 21 67 77 49 62
6 22 35 26 37 29
6 23 93 25 69 28
6 24 93 75 12 33
6 25 74 27 80 55
6 26 97 67 31 32
6 27 62 79 85 30
6 28 66 76 48 37
6 29 74 27 68 8
7 8 48 43 42 82
7 9 41 51 25 27
7 10 61 48 22 82
7 11 66 42 13 82
7 12 43 18 32 36
7 13 65 40 86 51
7 14 65 18 84 24
7 15 58 31 80 74
7 16 64 69 67 7
7 17 97 55 48 68
7 18 19 88 83 60
7 19 62 74 19 29
7 20 49 45 79 58
7 21 23 47 38 88
7 22 61 68 80 21
7 23 48 81 47 37
7 24 76 75 52 28
7 25 94 16 17 26
7 26 0 51 40 42
7 27 29 57 17 18
7 28 99 48 75 41
7 29 9 41 41 66
8 9 99 16 49 64
8 10 72 43 70 13
8 11 54 76 34 61
8 12 25 41 85 39
8 13 17 32 30 63
8 14 87 10 63 67
8 15 14 40 56 66
8 16 37 30 15 91
8 17 68 31 63 45
8 18 5 66 65 37
8 19 69 39 79 24
8 20 85 12 14 77
8 21 62 81 15 40
8 22 22 63 40 64
8 23 53 18 39 46
8 24 7 83 51 51
8 25 87 41 77 10
8 26 68 85 33 38
8 27 68 29 84 64
8 28 19 34 79 64
8 29 74 30 54 40
9 10 11 95 41 29
9 11 71 81 71 20
9 12 60 44 25 50
9 13 13 46 44 77
9 14 56 73 60 29
9 15 70 53 68 13
9 16 21 73 89 80
9 17 41 24 90 69
9 18 28 91 31 32
9 19 88 43 67 42
9 20 19 89 30 64
9 21 49 16 10 68
9 22 95 76 80 44
9 23 55 23 71 50
9 24 19 57 61 87
9 25 77 45 5 37
9 26 97 14 9 47
9 27 74 55 13 74
9 28 36 83 35 14
9 29 54 19 82 25
10 11 81 74 81 72
10 12 71 80 32 76
10 13 12 78 32 59
10 14 3 19 26 23
10 15 64 66 42 57
10 16 6 97 82 48
10 17 92 40 43 19
10 18 65 70 85 35
10 19 76 52 78 9
10 20 95 36 18 72
10 21 16 55 20 62
10 22 94 69 58 29
10 23 40 75 42 74
10 24 7 76 44 56
10 25 91 8 19 34
10 26 45 63 72 50
10 27 98 52 31 18
10 28 44 56 54 29
10 29 44 74 82 68
11 12 33 29 44 61
11 13 76 36 33 39
11 14 49 77 52 68
11 15 14 17 77 94
11 16 28 69 65 70
11 17 49 74 84 49
11 18 13 63 29 34
11 19 75 44 44 64
11 20 53 66 27 67
11 21 82 77 70 66
11 22 52 25 25 60
11 23 29 20 62 92
11 24 22 73 72 32
11 25 98 39 58 45
11 26 12 85 82 70
11 27 21 79 31 78
11 28 80 64 36 12
11 29 61 33 68 63
12 13 97 60 16 70
12 14 21 58 33 93
12 15 14 77 74 17
12 16 62 78 13 80
12 17 38 61 83 70
12 18 36 61 34 52
12 19 99 77 43 44
12 20 52 45 30 65
12 21 32 62 32 56
12 22 28 75 48 63
12 23 58 57 87 77
12 24 5 92 62 29
12 25 55 43 16 25
12 26 31 27 13 43
12 27 13 76 20 69
12 28 89 43 61 63
12 29 56 38 24 88
13 14 39 28 75 64
13 15 57 25 61 31
13 16 24 84 30 51
13 17 8 33 76 88
13 18 6 28 56 51
13 19 62 27 87 83
13 20 30 67 87 81
13 21 45 19 70 58
13 22 96 78 63 60
13 23 60 21 22 65
13 24 62 61 61 27
13 25 19 63 32 48
13 26 9 42 82 54
13 27 17 33 51 55
13 28 76 26 69 57
13 29 96 73 31 8
14 15 81 43 32 82
14 16 90 44 9 7
14 17 93 6 51 38
14 18 88 58 18 42
14 19 80 11 37 22
14 20 45 30 12 67
14 21 75 33 42 29
14 22 30 35 31 52
14 23 15 55 44 80
14 24 48 45 15 61
14 25 80 72 28 53
14 26 44 25 27 13
14 27 14 17 59 67
14 28 38 86 31 20
14 29 37 55 20 22
15 16 20 55 19 39
15 17 48 64 22 12
15 18 76 36 36 44
15 19 73 77 71 56
15 20 45 49 31 38
15 21 38 81 36 72
15 22 10 39 88 57
15 23 98 41 10 7
15 24 38 47 69 32
15 25 91 74 76 34
15 26 27 27 55 64
15 27 79 33 24 64
15 28 24 68 89 36
15 29 29 93 85 74
16 17 64 20 84 59
16 18 96 62 29 19
16 19 76 43 35 70
16 20 7 53 43 81
16 21 15 59 48 85
16 22 15 57 33 91
16 23 84 26 24 67
16 24 69 35 22 40
16 25 98 68 26 2
16 26 57 75 73 82
16 27 19 84 81 30
16 28 11 46 42 80
16 29 98 11 25 35
17 18 72 47 74 46
17 19 35 88 80 29
17 20 33 62 65 42
17 21 69 12 9 72
17 22 29 23 62 67
17 23 93 26 2 74
17 24 66 30 23 65
17 25 88 71 49 31
17 26 9 94 53 41
17 27 31 83 54 75
17 28 99 55 32 13
17 29 76 40 68 35
18 19 76 64 23 34
18 20 63 74 25 55
18 21 57 78 84 57
18 22 8 23 43 38
18 23 96 69 31 64
18 24 73 11 18 32
18 25 21 34 35 41
18 26 38 29 39 65
18 27 68 12 36 30
18 28 46 11 66 27
18 29 5 94 47 56
19 20 78 27 41 18
19 21 38 13 86 23
19 22 10 62 51 26
19 23 53 34 59 14
19 24 54 86 63 28
19 25 42 57 21 86
19 26 60 23 60 36
19 27 46 53 22 74
19 28 95 22 55 74
19 29 70 59 44 83
20 21 78 76 67 40
20 22 90 56 78 56
20 23 62 86 26 50
20 24 88 78 62 71
20 25 55 75 33 77
20 26 97 8 40 50
20 27 92 66 23 36
20 28 98 31 7 59
20 29 33 45 47 44
21 22 53 11 40 64
21 23 21 81 35 27
21 24 96 73 76 73
21 25 70 33 68 83
21 26 71 39 17 76
21 27 92 35 12 52
21 28 24 15 92 48
21 29 83 83 42 66
22 23 58 68 55 70
22 24 87 30 65 5
22 25 30 45 68 84
22 26 30 16 20 80
22 27 84 32 41 72
22 28 21 44 63 20
22 29 75 77 31 69
23 24 69 62 38 40
23 25 3 91 38 46
23 26 57 50 59 13
23 27 46 80 12 62
23 28 29 90 85 93
23 29 97 35 78 4
24 25 46 59 17 83
24 26 9 30 76 26
24 27 42 48 73 80
24 28 31 81 91 65
24 29 89 34 12 58
25 26 55 57 57 40
25 27 69 86 33 79
25 28 87 64 28 23
25 29 29 85 86 32
26 27 53 11 51 79
26 28 29 15 71 58
26 29 76 81 47 11
27 28 42 64 83 15
27 29 59 66 28 38
28 29 56 9 75 82
