33
0 1 67 19 27 49
0 2 85 13 38 14
0 3 89 28 9 39
0 4 29 53 59 76
0 5 27 46 41 62
0 6 34 66 71 56
0 7 78 55 11 35
0 8 80 44 49 42
0 9 65 19 64 20
0 10 68 17 45 35
0 11 72 46 27 34
0 12 43 48 43 45
0 13 98 40 34 39
0 14 27 72 60 86
0 15 22 58 62 52
0 16 50 65 36 54
0 17 91 16 13 15
0 18 1 71 93 80
0 19 78 41 49 12
0 20 59 55 33 44
0 21 99 19 17 45
0 22 94 19 14 33
0 23 27 73 38 62
0 24 44 52 52 56
0 25 48 55 59 60
0 26 68 45 16 26
0 27 52 27 24 26
0 28 86 8 34 23
0 29 13 56 46 65
0 30 23 51 58 76
0 31 20 67 60 51
0 32 11 79 76 76
1 2 38 40 73 59
1 3 56 52 25 64
1 4 7 64 58 71
1 5 67 26 56 60
1 6 88 29 14 50
1 7 35 34 72 75
1 8 45 41 57 72
1 9 73 58 27 32
1 10 5 47 54 66
1 11 34 57 70 72
1 12 12 76 91 71
1 13 13 91 81 61
1 14 96 39 13 2
1 15 22 67 57 56
1 16 76 14 40 48
1 17 9 55 59 67
1 18 96 17 38 3
1 19 99 48 47 5
1 20 10 71 60 88
1 21 54 54 43 26
1 22 58 21 28 33
1 23 16 77 52 76
1 24 44 48 35 63
1 25 7 75 81 64
1 26 55 44 30 64
1 27 37 52 40 39
1 28 21 65 55 69
1 29 5 87 54 90
1 30 10 69 82 49
1 31 18 52 49 67
1 32 27 80 56 65
2 3 55 55 32 28
2 4 29 48 60 58
2 5 51 71 28 55
2 6 45 43 60 57
2 7 54 56 49 65
2 8 64 31 54 51
2 9 45 41 50 35
2 10 90 52 10 32
2 11 10 77 59 50
2 12 45 40 49 51
2 13 54 38 56 72
2 14 44 68 33 34
2 15 52 28 41 41
2 16 68 41 35 46
2 17 30 52 69 38
2 18 75 16 24 51
2 19 26 54 85 50
2 20 24 80 61 61
2 21 25 54 81 51
2 22 15 74 83 70
2 23 17 83 83 60
2 24 62 60 50 63
2 25 31 37 48 56
2 26 18 79 65 59
2 27 66 32 54 48
2 28 19 52 65 82
2 29 28 73 43 65
2 30 10 62 61 85
2 31 32 81 44 79
2 32 8 73 64 73
3 4 26 42 53 65
3 5 2 81 69 84
3 6 49 51 47 70
3 7 66 57 29 42
3 8 74 40 41 23
3 9 50 32 69 33
3 10 98 23 23 33
3 11 16 63 75 81
3 12 83 48 11 47
3 13 1 70 54 72
3 14 59 27 32 43
3 15 55 56 44 33
3 16 46 47 33 73
3 17 56 58 49 49
3 18 89 26 38 32
3 19 81 30 17 36
3 20 80 51 29 20
3 21 93 39 27 26
3 22 13 63 67 81
3 23 36 72 79 70
3 24 57 61 38 62
3 25 51 43 33 25
3 26 67 42 46 20
3 27 22 54 82 82
3 28 65 50 41 57
3 29 30 66 51 66
3 30 97 21 5 15
3 31 3 80 72 51
3 32 76 20 45 52
4 5 38 62 59 68
4 6 47 70 45 49
4 7 8 84 88 60
4 8 71 45 36 61
4 9 49 36 32 36
4 10 85 30 42 13
4 11 66 63 43 63
4 12 77 29 18 60
4 13 83 11 38 38
4 14 91 10 13 27
4 15 5 93 85 60
4 16 59 53 37 23
4 17 2 94 61 69
4 18 68 50 51 49
4 19 6 60 54 92
4 20 21 56 61 59
4 21 41 53 62 61
4 22 83 21 14 30
4 23 19 53 63 55
4 24 73 32 43 19
4 25 33 34 48 62
4 26 75 49 25 39
4 27 25 56 84 44
4 28 93 30 8 43
4 29 4 63 72 69
4 30 42 61 49 72
4 31 67 62 56 50
4 32 50 46 57 46
5 6 13 49 58 82
5 7 41 71 73 54
5 8 93 8 13 41
5 9 21 87 53 68
5 10 74 30 58 36
5 11 21 80 50 75
5 12 31 47 63 37
5 13 77 25 49 54
5 14 96 48 43 11
5 15 49 33 56 41
5 16 82 53 9 43
5 17 15 61 58 44
5 18 89 14 41 16
5 19 12 73 49 60
5 20 5 56 53 72
5 21 72 48 43 18
5 22 53 66 39 55
5 23 80 13 46 21
5 24 26 39 37 66
5 25 72 33 21 30
5 26 86 35 16 11
5 27 98 23 27 8
5 28 52 42 27 45
5 29 82 26 18 33
5 30 28 68 49 74
5 31 4 82 59 92
5 32 57 58 57 23
6 7 31 59 46 42
6 8 13 85 93 54
6 9 41 50 33 41
6 10 36 49 44 58
6 11 95 51 16 17
6 12 96 29 30 13
6 13 14 70 75 68
6 14 15 54 85 78
6 15 22 50 58 74
6 16 63 21 24 25
6 17 90 35 15 45
6 18 87 15 24 44
6 19 99 25 39 35
6 20 73 59 49 62
6 21 19 82 75 62
6 22 97 7 8 4
6 23 94 38 38 23
6 24 98 11 49 23
6 25 39 53 75 72
6 26 23 42 43 61
6 27 48 74 61 41
6 28 84 46 52 46
6 29 74 22 54 19
6 30 49 40 50 73
6 31 79 34 52 17
6 32 10 71 65 50
7 8 96 34 21 5
7 9 90 15 28 26
7 10 6 69 95 75
7 11 64 63 32 60
7 12 58 57 51 39
7 13 44 50 62 71
7 14 44 30 32 43
7 15 76 49 39 32
7 16 50 71 30 33
7 17 0 52 52 94
7 18 26 75 68 56
7 19 8 86 60 64
7 20 52 59 30 46
7 21 54 66 66 48
7 22 61 64 37 59
7 23 55 27 42 35
7 24 61 62 44 48
7 25 76 29 37 58
7 26 78 13 43 42
7 27 58 67 23 64
7 28 6 65 88 51
7 29 67 16 55 60
7 30 61 28 68 24
7 31 28 58 66 60
7 32 11 49 50 90
8 9 41 37 50 41
8 10 73 31 32 19
8 11 22 49 77 73
8 12 80 24 40 37
8 13 1 98 67 61
8 14 42 54 47 40
8 15 49 56 35 44
8 16 15 51 68 89
8 17 30 84 48 41
8 18 73 44 60 30
8 19 14 88 47 76
8 20 41 69 63 67
8 21 44 42 65 54
8 22 96 6 3 48
8 23 80 29 58 20
8 24 76 60 35 18
8 25 45 59 51 68
8 26 52 66 59 43
8 27 32 57 37 56
8 28 80 17 45 53
8 29 49 62 73 29
8 30 96 15 13 2
8 31 93 32 23 37
8 32 5 60 91 83
9 10 20 69 87 80
9 11 85 20 10 25
9 12 39 62 36 40
9 13 94 3 31 5
9 14 94 19 35 48
9 15 24 50 77 40
9 16 43 58 52 56
9 17 77 17 50 17
9 18 76 51 18 58
9 19 3 91 86 63
9 20 10 76 67 79
9 21 9 83 91 85
9 22 45 43 49 75
9 23 83 53 38 37
9 24 75 24 60 27
9 25 98 6 20 49
9 26 5 85 59 53
9 27 63 59 59 51
9 28 88 43 49 18
9 29 64 64 41 25
9 30 24 46 74 83
9 31 0 61 97 72
9 32 58 56 27 48
10 11 44 67 70 70
10 12 76 26 37 29
10 13 52 46 39 53
10 14 31 65 73 49
10 15 30 47 74 39
10 16 31 45 75 61
10 17 67 31 49 59
10 18 71 61 41 15
10 19 66 49 27 59
10 20 15 80 57 53
10 21 2 57 75 51
10 22 40 39 72 51
10 23 76 38 50 46
10 24 12 65 67 49
10 25 42 45 34 57
10 26 86 30 18 22
10 27 22 76 84 53
10 28 39 75 50 35
10 29 22 78 71 61
10 30 9 75 48 64
10 31 37 71 58 71
10 32 89 30 11 50
11 12 92 13 20 48
11 13 63 21 19 60
11 14 80 11 27 54
11 15 36 47 45 42
11 16 17 75 90 60
11 17 27 60 54 45
11 18 22 55 52 58
11 19 74 62 50 47
11 20 95 4 4 21
11 21 86 43 43 32
11 22 73 55 25 13
11 23 95 21 23 6
11 24 64 37 48 60
11 25 14 44 50 71
11 26 15 71 57 46
11 27 90 8 34 43
11 28 31 49 40 73
11 29 97 33 29 29
11 30 82 40 48 12
11 31 95 9 22 45
11 32 38 62 35 39
12 13 54 42 72 31
12 14 9 51 79 48
12 15 93 46 48 46
12 16 0 86 60 76
12 17 34 38 74 47
12 18 65 43 36 58
12 19 59 31 54 34
12 20 17 61 48 52
12 21 25 45 83 49
12 22 53 25 25 71
12 23 14 53 51 60
12 24 0 92 78 83
12 25 85 9 8 50
12 26 78 40 24 22
12 27 37 67 35 62
12 28 46 65 66 67
12 29 71 63 54 56
12 30 57 36 32 63
12 31 2 78 92 50
12 32 57 41 67 33
13 14 42 57 55 36
13 15 69 49 55 56
13 16 16 58 68 81
13 17 83 20 55 22
13 18 72 14 48 31
13 19 44 52 45 42
13 20 88 31 44 24
13 21 65 21 39 19
13 22 99 33 37 47
13 23 86 36 46 43
13 24 89 51 49 51
13 25 34 55 52 70
13 26 33 48 50 59
13 27 79 11 44 59
13 28 97 16 48 42
13 29 66 53 53 41
13 30 69 52 21 49
13 31 3 84 57 85
13 32 0 85 95 53
14 15 72 26 31 48
14 16 77 46 36 23
14 17 73 16 27 23
14 18 5 70 78 71
14 19 8 93 57 65
14 20 80 50 11 33
14 21 92 42 47 39
14 22 17 65 53 73
14 23 75 29 38 20
14 24 55 68 71 23
14 25 91 53 40 41
14 26 20 87 45 79
14 27 26 84 42 83
14 28 81 21 35 52
14 29 3 89 63 93
14 30 86 39 35 20
14 31 91 27 36 34
14 32 6 73 86 77
15 16 61 68 66 29
15 17 28 50 71 55
15 18 60 61 41 62
15 19 44 75 73 43
15 20 41 38 67 71
15 21 41 47 42 32
15 22 92 30 36 27
15 23 46 32 46 41
15 24 3 93 77 61
15 25 69 36 35 60
15 26 67 24 54 44
15 27 84 27 32 26
15 28 20 80 59 47
15 29 37 60 35 51
15 30 3 98 50 81
15 31 45 63 74 67
15 32 89 8 35 21
16 17 42 54 34 31
16 18 60 45 36 36
16 19 28 44 59 59
16 20 94 10 36 51
16 21 57 38 69 25
16 22 70 57 41 16
16 23 42 60 42 64
16 24 48 62 70 43
16 25 17 60 83 47
16 26 61 58 35 59
16 27 44 38 34 38
16 28 16 66 45 64
16 29 64 51 33 28
16 30 4 81 96 48
16 31 31 44 63 75
16 32 89 25 11 12
17 18 61 24 33 46
17 19 81 17 12 21
17 20 81 46 31 11
17 21 24 75 68 67
17 22 2 96 55 96
17 23 18 90 50 87
17 24 47 41 37 41
17 25 63 51 49 43
17 26 47 46 65 48
17 27 28 60 76 49
17 28 22 55 57 88
17 29 80 24 20 27
17 30 78 43 38 16
17 31 64 20 52 52
17 32 0 53 88 51
18 19 80 12 23 33
18 20 3 64 59 75
18 21 64 21 62 37
18 22 19 80 51 54
18 23 9 79 83 82
18 24 2 87 59 51
18 25 12 44 87 70
18 26 57 39 50 70
18 27 71 29 38 21
18 28 59 50 30 28
18 29 18 79 59 63
18 30 0 70 96 66
18 31 1 66 56 60
18 32 76 30 23 61
19 20 11 52 91 84
19 21 13 50 67 50
19 22 90 31 46 46
19 23 36 61 42 69
19 24 8 82 66 57
19 25 7 68 73 80
19 26 11 67 69 92
19 27 65 27 27 38
19 28 17 50 70 78
19 29 35 32 72 73
19 30 65 66 59 61
19 31 69 22 56 31
19 32 24 75 54 79
20 21 50 53 35 56
20 22 15 89 72 81
20 23 90 20 28 6
20 24 71 31 27 48
20 25 78 37 27 31
20 26 87 20 45 52
20 27 79 24 39 27
20 28 21 58 70 41
20 29 71 45 29 59
20 30 70 16 18 55
20 31 42 65 78 76
20 32 14 73 53 60
21 22 84 27 42 30
21 23 77 15 44 35
21 24 15 50 43 47
21 25 93 10 10 39
21 26 32 76 49 77
21 27 76 57 33 36
21 28 44 51 69 57
21 29 61 20 66 29
21 30 60 43 19 41
21 31 37 77 57 73
21 32 17 49 46 61
22 23 45 62 45 37
22 24 15 72 51 84
22 25 64 22 60 38
22 26 74 17 22 51
22 27 39 73 71 78
22 28 91 42 42 8
22 29 18 52 66 44
22 30 74 37 43 27
22 31 86 8 19 34
22 32 13 68 60 65
23 24 83 9 26 11
23 25 30 77 77 73
23 26 98 2 46 28
23 27 31 64 49 47
23 28 67 56 41 27
23 29 28 70 41 44
23 30 49 45 58 58
23 31 15 56 82 44
23 32 96 36 41 30
24 25 60 27 57 56
24 26 28 57 35 66
24 27 33 43 70 34
24 28 6 93 83 54
24 29 6 50 91 57
24 30 32 57 79 49
24 31 80 18 57 18
24 32 39 69 76 67
25 26 30 64 84 60
25 27 78 20 31 18
25 28 99 27 31 1
25 29 17 80 61 67
25 30 0 61 83 57
25 31 31 41 50 54
25 32 51 71 67 57
26 27 0 67 56 93
26 28 88 50 15 35
26 29 96 4 5 17
26 30 15 81 45 71
26 31 61 31 37 24
26 32 98 11 8 44
27 28 29 36 41 73
27 29 59 68 36 34
27 30 20 49 52 75
27 31 77 30 21 52
27 32 25 72 41 82
28 29 59 54 30 21
28 30 92 38 47 52
28 31 26 52 59 41
28 32 69 29 27 52
29 30 35 65 47 53
29 31 96 24 44 27
29 32 46 75 66 32
30 31 70 25 31 31
30 32 84 11 34 36
31 32 44 59 71 60
