35
0 1 61 70 36 78
0 2 3 35 95 76
0 3 35 20 48 58
0 4 0 29 78 76
0 5 63 49 19 52
0 6 97 5 28 4
0 7 19 69 25 38
0 8 86 19 9 81
0 9 28 70 27 61
0 10 34 65 40 66
0 11 62 56 74 32
0 12 44 83 53 58
0 13 89 48 57 46
0 14 5 70 56 30
0 15 38 50 69 18
0 16 9 66 80 92
0 17 64 48 52 76
0 18 51 83 80 10
0 19 83 70 62 52
0 20 89 39 8 20
0 21 39 36 79 28
0 22 81 31 28 7
0 23 14 22 18 49
0 24 44 68 39 37
0 25 10 92 59 35
0 26 73 40 33 80
0 27 66 77 13 15
0 28 80 83 63 67
0 29 77 6 18 60
0 30 70 83 75 85
0 31 3 93 62 38
0 32 91 53 61 80
0 33 99 63 16 66
0 34 25 56 70 70
1 2 13 72 34 92
1 3 64 62 40 58
1 4 65 57 20 63
1 5 25 57 27 36
1 6 8 23 65 74
1 7 73 34 59 7
1 8 51 41 36 16
1 9 0 50 86 29
1 10 35 61 31 79
1 11 69 43 13 13
1 12 17 86 71 21
1 13 71 18 75 84
1 14 41 22 77 42
1 15 17 20 72 44
1 16 21 51 43 52
1 17 68 8 35 41
1 18 2 56 91 68
1 19 44 33 84 70
1 20 22 24 79 88
1 21 90 5 18 2
1 22 85 46 39 30
1 23 87 64 73 5
1 24 60 31 72 58
1 25 21 59 22 27
1 26 39 79 35 46
1 27 48 68 88 23
1 28 72 21 58 51
1 29 94 58 31 52
1 30 6 19 40 30
1 31 85 76 60 70
1 32 37 37 40 69
1 33 61 71 53 18
1 34 40 51 56 14
2 3 55 23 54 18
2 4 57 29 52 46
2 5 40 32 83 75
2 6 94 28 15 73
2 7 74 15 5 73
2 8 13 38 84 30
2 9 79 14 67 35
2 10 38 20 67 79
2 11 0 79 88 58
2 12 71 76 65 23
2 13 18 46 17 49
2 14 55 32 68 38
2 15 85 80 13 18
2 16 45 24 38 51
2 17 80 20 77 82
2 18 79 37 4 32
2 19 47 28 53 58
2 20 80 11 69 27
2 21 93 23 62 11
2 22 37 24 27 73
2 23 61 79 55 64
2 24 25 79 21 42
2 25 46 80 18 44
2 26 33 88 53 88
2 27 63 62 82 60
2 28 6 89 41 73
2 29 26 26 83 49
2 30 52 60 17 26
2 31 82 25 52 72
2 32 9 56 34 77
2 33 1 94 61 60
2 34 76 38 69 50
3 4 43 22 64 22
3 5 55 66 49 16
3 6 59 36 68 83
3 7 53 13 78 72
3 8 36 82 50 50
3 9 38 21 76 28
3 10 61 63 87 80
3 11 48 22 72 63
3 12 30 90 56 35
3 13 12 78 29 39
3 14 30 55 60 58
3 15 15 94 95 30
3 16 52 10 82 29
3 17 89 80 66 63
3 18 32 14 43 31
3 19 41 25 73 59
3 20 49 84 66 16
3 21 22 68 45 50
3 22 87 68 63 75
3 23 75 30 42 15
3 24 58 86 81 52
3 25 24 17 70 78
3 26 64 76 34 75
3 27 82 64 68 73
3 28 66 26 67 33
3 29 36 35 15 49
3 30 32 80 61 72
3 31 51 57 19 12
3 32 37 25 73 64
3 33 5 33 95 58
3 34 83 39 39 38
4 5 29 30 17 60
4 6 67 49 51 50
4 7 63 62 24 51
4 8 47 55 29 69
4 9 61 71 42 18
4 10 3 24 78 28
4 11 59 14 22 84
4 12 20 55 68 15
4 13 84 61 55 57
4 14 44 47 59 43
4 15 69 84 21 25
4 16 24 72 65 49
4 17 58 53 85 83
4 18 26 65 90 61
4 19 9 43 48 55
4 20 84 19 48 21
4 21 40 78 54 68
4 22 1 72 61 20
4 23 92 35 51 73
4 24 48 14 88 66
4 25 8 96 19 39
4 26 3 95 26 46
4 27 85 54 71 10
4 28 97 15 73 72
4 29 77 36 26 58
4 30 42 84 44 31
4 31 99 7 68 65
4 32 43 33 29 16
4 33 36 26 30 12
4 34 1 45 29 23
5 6 94 57 74 9
5 7 53 32 85 34
5 8 46 60 30 89
5 9 6 20 88 79
5 10 50 32 64 34
5 11 19 62 72 84
5 12 32 56 38 77
5 13 89 64 4 40
5 14 68 23 33 20
5 15 67 47 82 22
5 16 30 65 62 37
5 17 58 47 13 30
5 18 82 63 82 15
5 19 27 68 90 21
5 20 80 60 31 13
5 21 51 56 19 26
5 22 62 49 84 9
5 23 88 68 69 46
5 24 59 10 85 69
5 25 22 44 60 21
5 26 86 59 59 5
5 27 32 89 28 38
5 28 30 34 91 41
5 29 87 9 74 76
5 30 90 14 34 31
5 31 58 40 24 43
5 32 22 36 64 73
5 33 16 26 52 50
5 34 89 2 32 18
6 7 41 18 36 15
6 8 98 41 9 10
6 9 99 33 6 48
6 10 94 26 32 67
6 11 45 60 17 16
6 12 22 86 64 72
6 13 0 53 91 53
6 14 62 33 78 64
6 15 98 37 44 27
6 16 93 48 21 56
6 17 71 77 47 16
6 18 83 78 21 44
6 19 32 71 54 83
6 20 11 55 65 66
6 21 69 69 9 51
6 22 96 74 65 30
6 23 16 45 20 88
6 24 92 19 37 45
6 25 29 66 52 69
6 26 94 20 65 69
6 27 20 17 57 21
6 28 95 67 30 78
6 29 34 54 80 78
6 30 72 46 66 68
6 31 11 69 58 29
6 32 6 80 78 22
6 33 74 11 34 74
6 34 95 55 22 54
7 8 96 77 7 57
7 9 84 38 4 80
7 10 45 17 62 39
7 11 55 49 19 56
7 12 17 34 83 65
7 13 50 75 44 39
7 14 10 50 68 88
7 15 55 50 40 23
7 16 94 74 49 51
7 17 86 62 20 13
7 18 68 46 34 60
7 19 55 44 85 39
7 20 12 22 29 49
7 21 88 60 80 47
7 22 49 15 50 10
7 23 30 67 41 15
7 24 21 63 20 38
7 25 55 24 83 40
7 26 81 56 37 63
7 27 15 76 63 69
7 28 46 39 14 49
7 29 77 62 30 75
7 30 20 94 62 42
7 31 30 87 77 17
7 32 75 36 28 9
7 33 31 90 31 70
7 34 89 34 20 36
8 9 69 27 85 64
8 10 59 62 17 25
8 11 17 38 58 79
8 12 59 48 42 71
8 13 68 17 12 31
8 14 85 9 47 74
8 15 88 56 10 20
8 16 83 38 7 7
8 17 3 39 87 55
8 18 55 68 13 83
8 19 0 33 68 97
8 20 99 59 78 50
8 21 85 36 40 18
8 22 75 73 34 73
8 23 13 80 18 55
8 24 18 17 57 56
8 25 97 50 73 69
8 26 87 28 78 4
8 27 15 30 86 74
8 28 72 26 17 48
8 29 70 49 45 25
8 30 81 34 76 56
8 31 73 34 10 37
8 32 62 72 74 57
8 33 35 66 34 22
8 34 46 61 28 89
9 10 37 65 80 52
9 11 57 40 78 26
9 12 40 20 33 18
9 13 92 64 54 14
9 14 87 16 25 56
9 15 13 71 52 93
9 16 85 25 54 43
9 17 73 11 81 42
9 18 22 26 81 41
9 19 8 86 95 95
9 20 4 92 97 53
9 21 23 48 90 29
9 22 77 72 74 40
9 23 39 33 59 23
9 24 12 31 89 59
9 25 76 36 56 5
9 26 17 81 22 17
9 27 60 50 71 67
9 28 76 36 79 42
9 29 67 41 42 64
9 30 39 35 56 30
9 31 95 60 45 63
9 32 68 47 15 60
9 33 64 30 62 16
9 34 48 42 27 31
10 11 66 7 47 53
10 12 13 86 50 68
10 13 93 16 39 77
10 14 44 24 34 18
10 15 97 29 46 30
10 16 16 73 89 51
10 17 98 56 75 60
10 18 95 56 16 54
10 19 2 53 44 84
10 20 51 14 67 88
10 21 26 58 40 61
10 22 24 81 78 78
10 23 20 92 56 46
10 24 38 17 58 75
10 25 59 70 68 43
10 26 87 31 14 54
10 27 29 90 59 24
10 28 13 18 42 40
10 29 52 49 77 10
10 30 21 59 71 63
10 31 10 78 44 21
10 32 46 24 55 45
10 33 47 72 55 55
10 34 81 39 57 39
11 12 73 32 8 35
11 13 24 61 36 67
11 14 58 30 85 50
11 15 5 66 84 94
11 16 96 40 44 18
11 17 99 72 24 78
11 18 86 53 34 63
11 19 15 80 65 54
11 20 83 81 20 63
11 21 66 44 28 10
11 22 85 77 19 35
11 23 80 16 64 50
11 24 71 36 50 59
11 25 70 80 27 44
11 26 90 4 18 22
11 27 18 82 26 93
11 28 25 58 28 33
11 29 79 8 70 79
11 30 10 21 74 27
11 31 0 69 38 66
11 32 26 50 19 35
11 33 54 49 48 15
11 34 67 17 57 77
12 13 68 24 50 81
12 14 63 45 9 63
12 15 83 79 7 14
12 16 91 64 58 26
12 17 70 40 63 42
12 18 53 88 57 51
12 19 15 38 79 42
12 20 46 53 46 11
12 21 53 63 85 74
12 22 31 81 26 54
12 23 87 39 78 42
12 24 46 65 58 38
12 25 28 65 52 51
12 26 93 14 53 45
12 27 99 35 70 75
12 28 65 10 22 44
12 29 81 58 11 6
12 30 86 81 25 44
12 31 74 38 40 20
12 32 86 62 49 16
12 33 78 72 60 72
12 34 22 30 54 90
13 14 45 13 39 88
13 15 39 74 84 83
13 16 97 23 47 26
13 17 57 46 11 12
13 18 94 72 21 17
13 19 78 22 37 26
13 20 98 30 13 69
13 21 83 40 83 35
13 22 91 37 40 51
13 23 52 15 33 29
13 24 57 85 21 69
13 25 34 63 78 76
13 26 62 78 56 63
13 27 25 80 68 58
13 28 75 22 29 80
13 29 6 75 38 35
13 30 14 63 75 44
13 31 67 18 22 18
13 32 94 9 13 40
13 33 7 21 80 36
13 34 5 53 59 20
14 15 47 61 54 47
14 16 69 77 51 59
14 17 83 28 75 41
14 18 35 76 79 28
14 19 68 69 34 58
14 20 40 36 45 81
14 21 29 57 82 55
14 22 50 46 65 38
14 23 4 94 77 94
14 24 76 52 50 34
14 25 29 54 75 82
14 26 22 85 42 79
14 27 69 11 8 27
14 28 38 38 31 64
14 29 65 23 10 68
14 30 43 61 61 67
14 31 57 88 34 49
14 32 27 35 86 22
14 33 31 48 32 90
14 34 44 69 90 72
15 16 24 17 33 51
15 17 87 38 26 74
15 18 19 31 88 75
15 19 35 68 24 79
15 20 70 54 56 76
15 21 79 9 77 11
15 22 22 80 55 17
15 23 82 60 27 82
15 24 12 83 49 88
15 25 46 73 48 13
15 26 88 12 2 63
15 27 98 21 63 80
15 28 98 79 25 77
15 29 56 77 67 37
15 30 51 58 44 69
15 31 11 59 20 21
15 32 51 13 45 73
15 33 46 29 11 53
15 34 44 36 41 36
16 17 37 17 86 29
16 18 77 64 11 13
16 19 92 56 9 58
16 20 77 63 16 37
16 21 94 63 4 9
16 22 75 60 14 12
16 23 58 72 24 84
16 24 38 65 54 36
16 25 74 67 46 45
16 26 95 73 5 50
16 27 65 44 31 77
16 28 97 66 19 61
16 29 58 11 31 49
16 30 45 49 56 45
16 31 3 44 63 22
16 32 48 23 20 17
16 33 26 40 51 47
16 34 50 41 36 34
17 18 49 70 53 41
17 19 17 62 40 51
17 20 13 18 38 67
17 21 54 31 62 48
17 22 66 61 8 74
17 23 1 22 62 93
17 24 46 11 52 50
17 25 51 38 83 53
17 26 15 52 67 16
17 27 21 27 50 38
17 28 20 44 32 67
17 29 63 35 65 38
17 30 30 66 80 65
17 31 94 29 52 57
17 32 41 18 40 63
17 33 87 65 66 15
17 34 7 23 29 92
18 19 40 57 72 72
18 20 78 7 43 77
18 21 30 59 65 81
18 22 88 56 43 55
18 23 76 51 45 23
18 24 51 47 43 29
18 25 17 42 82 82
18 26 91 55 72 71
18 27 81 47 30 13
18 28 34 64 39 46
18 29 50 23 45 56
18 30 74 77 18 27
18 31 45 42 81 84
18 32 8 34 51 69
18 33 50 67 73 22
18 34 69 12 21 42
19 20 28 76 28 14
19 21 39 18 27 16
19 22 78 51 20 56
19 23 18 95 90 43
19 24 47 67 39 70
19 25 90 22 72 11
19 26 39 78 47 33
19 27 69 76 37 15
19 28 7 62 60 46
19 29 31 22 44 32
19 30 99 51 25 62
19 31 48 51 38 53
19 32 50 16 45 44
19 33 14 74 18 29
19 34 19 64 51 32
20 21 47 44 39 44
20 22 55 40 28 22
20 23 60 79 66 56
20 24 44 15 89 84
20 25 7 42 59 37
20 26 29 80 81 90
20 27 18 33 92 34
20 28 37 82 55 34
20 29 3 48 72 85
20 30 35 45 90 73
20 31 62 30 71 71
20 32 49 55 10 22
20 33 4 64 70 51
20 34 60 82 37 23
21 22 20 60 33 81
21 23 14 66 19 36
21 24 92 34 74 43
21 25 10 48 88 31
21 26 2 70 98 57
21 27 52 21 28 61
21 28 46 83 75 64
21 29 44 67 90 61
21 30 74 8 78 44
21 31 80 46 65 43
21 32 7 46 60 21
21 33 67 35 30 72
21 34 40 15 51 14
22 23 85 80 19 82
22 24 14 17 76 26
22 25 53 77 70 36
22 26 93 2 79 60
22 27 98 23 12 60
22 28 28 74 58 28
22 29 57 32 57 60
22 30 74 20 15 45
22 31 69 66 51 66
22 32 82 43 67 22
22 33 69 38 14 31
22 34 1 32 29 42
23 24 49 68 36 15
23 25 47 35 55 34
23 26 73 82 9 72
23 27 69 43 30 64
23 28 16 92 93 90
23 29 25 25 47 56
23 30 31 36 38 72
23 31 28 60 46 27
23 32 58 54 8 64
23 33 91 31 69 5
23 34 87 5 19 33
24 25 96 12 49 31
24 26 41 15 50 21
24 27 0 66 40 56
24 28 18 95 35 65
24 29 9 39 59 45
24 30 24 33 51 28
24 31 10 41 81 56
24 32 8 63 40 45
24 33 95 18 53 36
24 34 33 69 61 63
25 26 28 90 89 34
25 27 48 71 88 83
25 28 39 46 83 68
25 29 10 37 94 57
25 30 11 47 46 89
25 31 16 45 74 47
25 32 39 50 43 57
25 33 1 81 83 81
25 34 50 27 15 50
26 27 13 89 35 95
26 28 98 33 54 47
26 29 58 61 59 76
26 30 88 31 78 42
26 31 76 44 72 52
26 32 22 62 23 79
26 33 16 87 18 42
26 34 24 52 19 34
27 28 78 23 76 62
27 29 49 23 40 87
27 30 3 80 87 97
27 31 67 34 60 44
27 32 23 77 88 77
27 33 63 48 84 13
27 34 16 25 82 72
28 29 36 66 53 14
28 30 37 92 79 77
28 31 49 57 41 39
28 32 13 61 41 36
28 33 3 22 25 41
28 34 85 58 6 76
29 30 58 29 25 56
29 31 78 62 13 53
29 32 15 27 29 32
29 33 51 47 16 73
29 34 74 63 77 61
30 31 38 77 32 55
30 32 26 67 50 30
30 33 79 35 69 71
30 34 46 62 73 72
31 32 37 90 41 89
31 33 76 45 56 62
31 34 41 54 55 72
32 33 72 53 55 60
32 34 82 80 80 5
33 34 19 20 53 56
