40
0 1 91 69 41 37
0 2 7 62 44 81
0 3 25 54 18 34
0 4 65 37 37 77
0 5 76 26 81 29
0 6 92 60 15 42
0 7 99 63 31 52
0 8 13 24 83 83
0 9 87 59 49 54
0 10 10 30 96 56
0 11 61 45 56 13
0 12 44 44 33 36
0 13 9 56 40 82
0 14 62 83 32 77
0 15 32 84 31 31
0 16 76 60 71 12
0 17 12 64 33 64
0 18 4 28 59 74
0 19 38 46 50 26
0 20 60 40 39 24
0 21 89 57 13 51
0 22 31 37 37 52
0 23 43 35 57 30
0 24 20 48 64 62
0 25 41 21 57 38
0 26 86 64 59 21
0 27 82 65 44 46
0 28 17 32 17 63
0 29 17 70 62 92
0 30 28 45 18 67
0 31 31 19 17 69
0 32 93 60 76 60
0 33 83 69 42 67
0 34 16 77 41 33
0 35 27 17 65 25
0 36 18 51 77 65
0 37 40 79 72 62
0 38 54 83 28 55
0 39 88 12 68 12
1 2 92 60 17 32
1 3 13 74 90 88
1 4 34 54 17 76
1 5 39 82 67 69
1 6 4 51 82 56
1 7 18 44 73 90
1 8 25 80 70 74
1 9 26 51 88 92
1 10 25 70 74 44
1 11 8 72 78 34
1 12 92 23 51 72
1 13 63 36 33 24
1 14 19 76 33 26
1 15 4 59 87 43
1 16 20 95 41 68
1 17 62 44 36 53
1 18 62 18 9 58
1 19 49 49 74 77
1 20 31 50 38 79
1 21 75 82 45 19
1 22 28 22 49 83
1 23 7 59 93 53
1 24 47 82 68 38
1 25 84 5 25 82
1 26 43 27 64 25
1 27 45 35 77 55
1 28 54 58 69 81
1 29 95 35 75 24
1 30 28 39 18 36
1 31 21 52 44 63
1 32 95 28 29 20
1 33 79 30 63 22
1 34 33 15 33 39
1 35 38 84 25 41
1 36 95 59 49 57
1 37 51 12 15 47
1 38 33 77 43 41
1 39 72 71 38 16
2 3 82 82 71 15
2 4 91 37 21 70
2 5 35 21 53 67
2 6 24 81 22 58
2 7 97 8 43 17
2 8 76 56 63 48
2 9 97 73 69 41
2 10 72 60 82 83
2 11 74 44 48 24
2 12 15 52 22 80
2 13 33 81 61 78
2 14 92 67 36 16
2 15 4 81 74 38
2 16 47 49 52 72
2 17 92 47 53 63
2 18 49 42 69 53
2 19 59 19 85 65
2 20 33 16 66 36
2 21 37 13 75 30
2 22 87 38 30 10
2 23 76 9 84 4
2 24 92 24 72 44
2 25 8 38 43 28
2 26 95 52 61 33
2 27 81 83 75 81
2 28 79 6 58 83
2 29 11 55 56 31
2 30 39 35 76 59
2 31 12 72 88 78
2 32 57 67 77 44
2 33 6 55 39 43
2 34 50 48 77 59
2 35 29 36 44 39
2 36 1 23 42 21
2 37 13 59 36 72
2 38 99 9 2 24
2 39 64 72 63 61
3 4 65 17 44 36
3 5 47 59 20 82
3 6 26 62 82 85
3 7 64 40 48 37
3 8 43 26 82 20
3 9 82 42 4 6
3 10 72 16 84 55
3 11 66 47 21 22
3 12 66 80 82 39
3 13 66 8 15 14
3 14 75 16 13 63
3 15 75 16 35 74
3 16 87 56 4 17
3 17 83 10 25 82
3 18 22 23 16 73
3 19 75 81 31 82
3 20 56 75 61 9
3 21 26 30 20 78
3 22 29 77 91 34
3 23 92 3 7 33
3 24 18 50 90 64
3 25 19 49 54 78
3 26 88 48 59 70
3 27 36 44 54 91
3 28 89 35 61 8
3 29 34 51 90 13
3 30 97 18 31 38
3 31 64 17 71 59
3 32 65 35 49 72
3 33 53 30 14 65
3 34 80 27 72 18
3 35 94 68 34 65
3 36 77 80 27 5
3 37 49 74 34 86
3 38 25 68 42 21
3 39 4 78 74 82
4 5 54 56 9 19
4 6 41 80 88 89
4 7 29 20 54 78
4 8 32 35 28 68
4 9 1 98 88 94
4 10 69 21 25 46
4 11 43 89 54 39
4 12 7 22 94 27
4 13 52 43 64 45
4 14 9 18 37 94
4 15 3 96 83 50
4 16 68 65 19 39
4 17 57 86 88 22
4 18 37 82 71 41
4 19 98 33 53 20
4 20 93 13 14 56
4 21 33 30 65 52
4 22 29 81 86 48
4 23 29 70 32 66
4 24 87 10 16 59
4 25 30 20 43 75
4 26 56 25 28 70
4 27 31 81 88 89
4 28 42 58 66 55
4 29 1 38 65 21
4 30 42 30 77 17
4 31 13 41 56 54
4 32 89 4 76 66
4 33 21 27 78 77
4 34 73 66 59 50
4 35 0 20 40 35
4 36 50 76 74 20
4 37 47 63 16 87
4 38 43 70 14 38
4 39 28 35 61 36
5 6 67 47 34 22
5 7 91 29 39 38
5 8 92 40 41 20
5 9 92 7 63 61
5 10 75 7 69 20
5 11 91 33 2 33
5 12 4 71 24 45
5 13 86 8 29 3
5 14 89 22 8 44
5 15 45 77 53 58
5 16 5 75 80 56
5 17 39 35 17 50
5 18 19 57 57 85
5 19 87 74 57 70
5 20 43 87 79 75
5 21 25 28 52 91
5 22 92 3 54 33
5 23 36 15 72 75
5 24 85 53 21 74
5 25 25 70 75 61
5 26 56 51 30 24
5 27 77 77 66 29
5 28 4 97 32 51
5 29 20 95 20 17
5 30 38 46 31 69
5 31 97 42 29 76
5 32 82 32 39 12
5 33 77 6 9 26
5 34 76 61 73 40
5 35 24 33 94 93
5 36 26 88 57 16
5 37 17 85 23 19
5 38 69 60 83 22
5 39 65 74 49 51
6 7 5 61 47 75
6 8 36 38 67 33
6 9 19 39 72 69
6 10 34 90 18 17
6 11 92 40 70 29
6 12 0 31 58 23
6 13 42 35 88 30
6 14 33 18 47 80
6 15 99 16 53 76
6 16 5 50 86 41
6 17 74 59 51 77
6 18 9 45 51 62
6 19 30 85 72 62
6 20 79 49 70 7
6 21 34 67 42 42
6 22 41 48 48 89
6 23 26 56 77 89
6 24 3 62 53 86
6 25 79 19 11 34
6 26 7 78 49 58
6 27 31 91 75 59
6 28 12 56 18 97
6 29 12 85 22 59
6 30 69 34 45 56
6 31 23 65 40 50
6 32 90 52 80 49
6 33 94 49 70 1
6 34 60 45 28 44
6 35 48 36 72 60
6 36 90 26 2 7
6 37 94 43 26 79
6 38 9 20 71 58
6 39 79 40 24 4
7 8 4 48 91 89
7 9 78 68 55 19
7 10 64 70 45 64
7 11 37 70 17 34
7 12 37 70 90 66
7 13 75 40 17 55
7 14 96 4 28 54
7 15 34 21 31 16
7 16 41 65 79 59
7 17 63 24 82 10
7 18 57 40 80 42
7 19 9 78 35 51
7 20 11 60 46 70
7 21 98 19 10 40
7 22 63 9 39 77
7 23 98 4 8 19
7 24 36 80 42 53
7 25 53 62 65 43
7 26 17 62 28 55
7 27 89 11 24 80
7 28 22 36 23 58
7 29 4 61 63 55
7 30 52 59 42 29
7 31 88 63 69 15
7 32 10 33 55 21
7 33 86 3 49 23
7 34 27 78 27 34
7 35 86 43 15 21
7 36 35 60 85 21
7 37 87 71 36 68
7 38 32 48 46 37
7 39 86 79 11 61
8 9 45 50 39 39
8 10 8 61 21 85
8 11 7 45 49 58
8 12 39 35 82 12
8 13 53 31 76 81
8 14 96 37 68 40
8 15 60 20 64 51
8 16 62 51 19 36
8 17 45 60 47 11
8 18 78 13 77 76
8 19 51 17 87 17
8 20 36 88 53 92
8 21 71 35 30 51
8 22 48 45 35 50
8 23 20 88 24 22
8 24 74 19 69 48
8 25 64 50 44 26
8 26 46 23 54 42
8 27 47 41 70 34
8 28 28 44 84 48
8 29 36 42 91 67
8 30 3 95 82 41
8 31 67 19 50 13
8 32 59 57 71 11
8 33 32 55 83 81
8 34 71 48 59 35
8 35 91 13 79 12
8 36 3 81 67 79
8 37 78 27 21 76
8 38 32 74 36 84
8 39 76 43 39 34
9 10 5 98 43 30
9 11 59 39 25 67
9 12 13 69 21 37
9 13 32 42 14 84
9 14 10 56 65 68
9 15 57 87 12 25
9 16 45 48 89 49
9 17 85 21 66 31
9 18 57 47 41 14
9 19 36 57 26 57
9 20 54 21 44 72
9 21 8 33 69 53
9 22 87 58 46 47
9 23 27 15 78 78
9 24 24 26 36 23
9 25 59 33 38 23
9 26 52 79 54 15
9 27 22 16 58 61
9 28 66 17 55 74
9 29 67 27 7 8
9 30 21 78 56 61
9 31 14 96 58 91
9 32 10 57 21 84
9 33 13 42 97 54
9 34 97 39 62 77
9 35 56 45 62 52
9 36 38 14 16 62
9 37 82 80 77 12
9 38 83 76 9 3
9 39 37 15 38 26
10 11 71 16 49 22
10 12 99 7 52 71
10 13 15 35 49 24
10 14 1 91 87 73
10 15 5 19 91 93
10 16 91 24 39 70
10 17 36 72 49 32
10 18 26 42 29 27
10 19 34 52 77 59
10 20 43 49 44 41
10 21 21 16 24 51
10 22 84 18 78 58
10 23 53 47 12 60
10 24 52 31 82 37
10 25 99 62 12 71
10 26 46 15 69 67
10 27 35 84 71 83
10 28 39 54 52 17
10 29 83 50 80 41
10 30 62 14 37 63
10 31 71 13 20 84
10 32 10 87 71 74
10 33 34 41 43 53
10 34 17 54 74 21
10 35 70 35 15 65
10 36 39 70 49 12
10 37 40 35 61 14
10 38 49 12 64 68
10 39 81 30 27 81
11 12 16 73 44 58
11 13 36 50 51 31
11 14 28 36 66 36
11 15 64 11 39 86
11 16 58 12 28 60
11 17 79 58 54 7
11 18 30 35 53 68
11 19 31 21 27 70
11 20 84 58 73 50
11 21 26 34 21 63
11 22 8 52 51 97
11 23 18 69 24 37
11 24 45 16 20 21
11 25 53 12 56 14
11 26 99 37 16 58
11 27 76 62 32 62
11 28 10 94 29 92
11 29 48 26 26 83
11 30 76 16 34 78
11 31 84 55 11 20
11 32 9 57 41 88
11 33 12 32 86 82
11 34 32 72 25 87
11 35 94 69 77 25
11 36 68 84 57 85
11 37 67 76 68 30
11 38 28 52 39 26
11 39 6 36 35 90
12 13 47 42 49 12
12 14 29 16 15 23
12 15 50 56 21 34
12 16 7 55 43 64
12 17 94 78 35 64
12 18 16 35 42 73
12 19 32 60 64 78
12 20 97 40 51 33
12 21 64 34 23 47
12 22 74 69 72 59
12 23 4 27 91 51
12 24 8 26 93 62
12 25 15 45 81 41
12 26 22 39 67 20
12 27 96 50 8 55
12 28 61 25 35 17
12 29 18 21 53 61
12 30 68 25 19 11
12 31 97 10 36 78
12 32 90 54 81 50
12 33 30 14 37 20
12 34 48 11 18 53
12 35 47 12 37 66
12 36 43 37 23 16
12 37 68 43 77 65
12 38 19 43 92 89
12 39 71 82 39 20
13 14 50 50 60 38
13 15 96 46 63 66
13 16 33 58 45 61
13 17 10 59 39 97
13 18 63 72 30 50
13 19 67 60 44 57
13 20 60 84 47 66
13 21 20 82 63 60
13 22 65 51 66 29
13 23 90 62 24 50
13 24 46 71 46 50
13 25 13 75 19 82
13 26 13 87 76 53
13 27 98 61 40 59
13 28 42 23 39 13
13 29 40 13 56 17
13 30 5 78 43 19
13 31 85 45 13 72
13 32 72 53 66 43
13 33 81 44 13 13
13 34 86 18 80 38
13 35 31 49 34 54
13 36 21 86 71 51
13 37 91 47 2 79
13 38 73 16 24 24
13 39 47 25 18 89
14 15 30 14 80 35
14 16 4 80 35 30
14 17 57 21 9 12
14 18 49 67 55 19
14 19 95 69 12 9
14 20 36 61 45 37
14 21 74 48 32 19
14 22 27 75 87 84
14 23 98 60 73 48
14 24 54 10 32 36
14 25 57 76 31 22
14 26 73 56 73 13
14 27 53 70 81 67
14 28 64 73 38 43
14 29 62 64 14 26
14 30 24 61 35 94
14 31 18 25 56 46
14 32 81 15 18 69
14 33 84 72 78 69
14 34 69 38 36 9
14 35 72 9 5 71
14 36 99 4 53 50
14 37 95 4 41 30
14 38 87 4 47 62
14 39 37 68 43 53
15 16 21 82 17 54
15 17 28 42 59 55
15 18 12 45 28 80
15 19 85 39 10 56
15 20 4 72 28 39
15 21 71 65 17 36
15 22 82 54 8 81
15 23 60 26 41 20
15 24 99 40 4 27
15 25 64 78 83 32
15 26 61 24 44 63
15 27 97 54 49 39
15 28 39 23 75 34
15 29 46 80 68 32
15 30 36 85 88 35
15 31 97 7 13 61
15 32 88 19 63 15
15 33 12 61 54 29
15 34 51 56 55 15
15 35 4 70 33 97
15 36 30 73 41 73
15 37 85 36 30 65
15 38 39 41 69 83
15 39 59 22 16 74
16 17 44 76 39 88
16 18 60 64 27 29
16 19 82 42 6 38
16 20 35 89 58 76
16 21 93 51 20 46
16 22 81 46 51 8
16 23 69 32 10 75
16 24 81 9 58 39
16 25 50 77 83 82
16 26 36 90 19 28
16 27 3 78 35 49
16 28 48 11 16 31
16 29 21 32 17 62
16 30 79 83 46 30
16 31 90 79 60 68
16 32 6 95 76 24
16 33 28 66 40 63
16 34 30 69 70 43
16 35 47 74 62 63
16 36 77 84 52 59
16 37 65 37 68 29
16 38 88 15 17 53
16 39 2 37 27 94
17 18 9 66 33 86
17 19 81 47 7 59
17 20 44 85 38 30
17 21 92 9 44 59
17 22 88 28 47 7
17 23 73 22 78 45
17 24 72 28 11 25
17 25 14 57 73 58
17 26 48 69 76 64
17 27 79 52 40 47
17 28 92 37 25 74
17 29 24 41 32 73
17 30 97 60 54 73
17 31 2 67 52 45
17 32 28 71 29 19
17 33 3 87 91 86
17 34 37 58 29 19
17 35 92 15 59 11
17 36 63 43 65 41
17 37 9 57 55 74
17 38 86 45 47 18
17 39 68 63 65 68
18 19 93 28 32 21
18 20 68 20 7 10
18 21 4 71 54 65
18 22 24 24 37 77
18 23 92 46 49 58
18 24 41 88 83 86
18 25 77 75 68 15
18 26 72 9 48 81
18 27 50 68 53 38
18 28 29 25 18 21
18 29 67 18 28 35
18 30 4 59 60 88
18 31 10 84 72 59
18 32 45 37 79 69
18 33 59 36 11 77
18 34 34 52 52 46
18 35 6 22 40 27
18 36 81 10 28 42
18 37 10 37 93 18
18 38 80 15 52 65
18 39 23 27 29 36
19 20 8 68 91 65
19 21 21 47 74 56
19 22 35 13 42 65
19 23 46 84 44 10
19 24 78 63 56 13
19 25 14 18 61 29
19 26 56 76 64 51
19 27 63 62 79 79
19 28 96 8 77 15
19 29 23 71 89 85
19 30 96 23 58 58
19 31 81 64 35 65
19 32 0 73 96 31
19 33 84 56 25 61
19 34 29 62 80 23
19 35 8 49 80 72
19 36 75 81 13 15
19 37 72 63 13 19
19 38 23 50 29 86
19 39 30 31 25 65
20 21 26 29 47 85
20 22 97 20 33 51
20 23 98 3 29 10
20 24 91 20 55 65
20 25 4 23 42 72
20 26 58 53 13 38
20 27 4 38 72 49
20 28 60 7 13 77
20 29 20 42 76 78
20 30 92 77 7 44
20 31 70 32 36 76
20 32 55 48 80 76
20 33 65 30 54 50
20 34 71 72 76 51
20 35 61 56 38 50
20 36 46 83 78 43
20 37 49 15 33 90
20 38 60 51 50 9
20 39 83 38 79 74
21 22 13 23 44 81
21 23 1 27 74 85
21 24 77 70 84 72
21 25 5 32 91 45
21 26 72 40 47 27
21 27 37 49 47 16
21 28 49 28 31 76
21 29 45 65 68 35
21 30 27 84 93 20
21 31 4 71 76 26
21 32 55 77 18 61
21 33 21 94 39 62
21 34 85 20 34 37
21 35 19 95 94 82
21 36 39 33 88 12
21 37 67 34 11 24
21 38 28 25 94 64
21 39 21 40 85 30
22 23 71 34 31 43
22 24 28 56 41 87
22 25 19 40 45 31
22 26 26 19 16 89
22 27 70 25 58 67
22 28 69 22 64 9
22 29 77 14 70 62
22 30 89 39 17 67
22 31 56 68 82 20
22 32 16 47 41 90
22 33 83 73 23 19
22 34 12 58 93 50
22 35 50 17 59 63
22 36 7 56 65 62
22 37 56 85 72 49
22 38 8 34 93 67
22 39 77 27 13 30
23 24 0 32 23 72
23 25 9 74 63 60
23 26 74 48 34 46
23 27 14 68 60 65
23 28 85 20 63 80
23 29 42 41 52 59
23 30 16 67 58 27
23 31 30 22 38 68
23 32 46 73 22 57
23 33 22 51 71 48
23 34 40 66 52 32
23 35 6 66 57 25
23 36 41 43 83 43
23 37 51 35 37 65
23 38 68 23 79 72
23 39 84 48 21 32
24 25 56 52 62 14
24 26 16 58 95 40
24 27 27 22 82 52
24 28 53 20 84 60
24 29 41 73 72 13
24 30 86 75 43 70
24 31 0 55 66 69
24 32 87 30 67 11
24 33 49 52 52 85
24 34 56 14 39 67
24 35 25 61 87 33
24 36 98 9 61 51
24 37 14 55 20 78
24 38 98 57 79 1
24 39 21 38 73 84
25 26 27 64 50 59
25 27 63 63 42 30
25 28 5 21 48 82
25 29 25 32 77 92
25 30 1 33 40 38
25 31 59 21 86 48
25 32 9 41 56 65
25 33 31 84 68 51
25 34 92 80 5 50
25 35 39 21 68 42
25 36 37 42 12 77
25 37 4 90 28 96
25 38 13 96 64 17
25 39 9 49 54 77
26 27 49 21 14 36
26 28 88 4 15 30
26 29 44 60 43 25
26 30 37 78 23 14
26 31 80 61 33 50
26 32 13 36 88 95
26 33 45 60 72 31
26 34 72 50 78 67
26 35 55 28 67 75
26 36 70 79 33 11
26 37 8 25 55 75
26 38 60 11 40 31
26 39 0 20 75 23
27 28 85 66 17 58
27 29 93 30 16 19
27 30 67 6 20 70
27 31 82 42 72 27
27 32 12 70 96 35
27 33 61 10 43 70
27 34 72 40 62 72
27 35 5 70 20 29
27 36 66 51 14 16
27 37 79 56 70 82
27 38 77 64 14 8
27 39 15 33 27 52
28 29 69 79 26 51
28 30 31 17 23 33
28 31 41 33 15 23
28 32 65 71 59 47
28 33 6 53 69 63
28 34 76 54 32 51
28 35 4 31 91 85
28 36 73 31 17 52
28 37 0 51 69 26
28 38 50 12 42 63
28 39 47 71 78 10
29 30 52 23 68 75
29 31 15 89 51 47
29 32 37 55 77 58
29 33 81 63 23 11
29 34 21 23 31 95
29 35 6 83 76 43
29 36 57 23 82 15
29 37 48 11 15 27
29 38 37 68 81 65
29 39 30 65 48 77
30 31 57 87 13 52
30 32 71 9 85 65
30 33 84 40 75 10
30 34 52 44 35 41
30 35 49 82 20 58
30 36 59 60 20 28
30 37 68 6 29 15
30 38 24 77 63 30
30 39 56 81 67 53
31 32 19 70 23 60
31 33 51 25 88 20
31 34 39 32 45 35
31 35 37 53 17 52
31 36 33 58 89 65
31 37 70 62 45 29
31 38 97 46 30 40
31 39 40 34 70 80
32 33 34 82 84 61
32 34 67 67 27 70
32 35 48 49 71 17
32 36 77 10 66 5
32 37 3 87 57 57
32 38 82 33 68 78
32 39 9 39 32 59
33 34 17 21 76 50
33 35 4 63 30 77
33 36 75 24 65 42
33 37 14 95 65 24
33 38 85 77 65 3
33 39 6 63 40 66
34 35 17 82 44 76
34 36 80 66 61 51
34 37 65 45 81 25
34 38 43 72 46 26
34 39 57 15 10 76
35 36 24 63 76 55
35 37 97 48 30 46
35 38 11 30 88 54
35 39 88 69 10 33
36 37 74 8 68 43
36 38 12 55 49 86
36 39 44 86 27 46
37 38 37 60 25 23
37 39 45 13 36 43
38 39 95 49 7 48
