42
0 1 13 45 90 46
0 2 23 54 55 64
0 3 68 24 24 45
0 4 40 53 68 68
0 5 10 69 45 78
0 6 88 26 13 48
0 7 97 45 2 11
0 8 61 63 25 68
0 9 29 72 77 43
0 10 66 66 45 58
0 11 82 43 26 22
0 12 24 64 62 84
0 13 78 56 16 23
0 14 47 47 44 34
0 15 43 44 51 51
0 16 33 71 47 47
0 17 47 58 48 59
0 18 90 8 20 16
0 19 64 47 52 51
0 20 45 62 57 43
0 21 66 21 17 31
0 22 11 50 88 79
0 23 13 45 84 89
0 24 6 76 72 79
0 25 24 80 66 61
0 26 12 79 46 61
0 27 66 25 50 27
0 28 2 62 83 58
0 29 41 31 32 40
0 30 2 88 91 63
0 31 60 61 45 46
0 32 40 38 69 41
0 33 98 29 24 27
0 34 93 13 47 25
0 35 51 62 61 58
0 36 52 60 38 57
0 37 98 3 2 16
0 38 99 15 5 3
0 39 57 46 56 51
0 40 91 14 24 19
0 41 59 27 52 58
1 2 24 39 44 58
1 3 48 52 63 54
1 4 94 37 35 35
1 5 49 33 53 67
1 6 43 58 38 76
1 7 29 58 41 81
1 8 26 62 41 63
1 9 12 78 60 86
1 10 45 42 61 66
1 11 98 38 20 27
1 12 96 49 2 15
1 13 79 22 50 48
1 14 96 20 18 18
1 15 71 16 39 14
1 16 23 62 81 73
1 17 71 17 42 28
1 18 77 11 32 40
1 19 46 63 55 73
1 20 18 44 46 81
1 21 52 50 65 29
1 22 80 39 21 26
1 23 66 29 48 49
1 24 43 48 56 52
1 25 91 12 11 12
1 26 36 67 34 75
1 27 41 52 48 59
1 28 48 63 28 37
1 29 2 87 57 83
1 30 35 55 43 79
1 31 44 69 29 76
1 32 14 71 47 53
1 33 69 42 42 23
1 34 74 39 17 17
1 35 33 40 77 74
1 36 72 53 47 51
1 37 14 66 87 53
1 38 87 24 14 49
1 39 45 38 50 66
1 40 86 36 15 20
1 41 99 49 47 49
2 3 69 54 65 45
2 4 64 65 56 19
2 5 62 31 51 41
2 6 95 13 2 29
2 7 89 27 49 26
2 8 75 28 51 24
2 9 10 80 59 75
2 10 72 46 39 54
2 11 1 92 98 86
2 12 74 21 61 15
2 13 50 59 49 41
2 14 44 66 46 74
2 15 30 72 56 65
2 16 9 88 55 61
2 17 53 53 65 32
2 18 72 63 35 47
2 19 41 49 50 55
2 20 27 67 60 66
2 21 61 30 64 39
2 22 52 69 69 58
2 23 97 7 46 23
2 24 96 30 41 42
2 25 60 65 65 54
2 26 66 55 28 30
2 27 36 35 41 38
2 28 42 75 58 69
2 29 77 42 58 51
2 30 72 63 53 23
2 31 10 70 73 90
2 32 78 21 37 20
2 33 28 55 38 49
2 34 77 35 60 14
2 35 53 60 36 45
2 36 66 18 65 58
2 37 1 67 65 65
2 38 25 42 50 75
2 39 41 64 44 68
2 40 90 12 9 30
2 41 75 54 38 39
3 4 42 64 63 36
3 5 82 39 56 28
3 6 32 39 35 78
3 7 73 58 43 31
3 8 28 52 82 50
3 9 26 59 62 53
3 10 95 40 16 40
3 11 36 64 77 41
3 12 7 92 68 69
3 13 0 86 51 83
3 14 94 9 7 32
3 15 24 45 56 44
3 16 9 78 90 57
3 17 93 43 20 33
3 18 22 78 51 61
3 19 29 66 59 56
3 20 25 40 65 74
3 21 96 28 45 5
3 22 5 70 81 60
3 23 86 18 42 14
3 24 45 73 70 50
3 25 86 45 23 13
3 26 6 85 96 61
3 27 36 35 51 66
3 28 65 39 19 21
3 29 64 64 58 51
3 30 94 25 19 30
3 31 34 71 71 81
3 32 75 44 60 50
3 33 85 23 31 31
3 34 67 32 22 57
3 35 9 89 61 73
3 36 89 32 41 28
3 37 38 70 58 74
3 38 17 46 87 54
3 39 59 42 61 48
3 40 99 31 46 11
3 41 29 44 47 83
4 5 63 60 50 26
4 6 15 64 62 78
4 7 83 47 26 51
4 8 11 75 91 71
4 9 36 55 61 77
4 10 51 61 29 38
4 11 96 5 50 10
4 12 20 55 55 46
4 13 23 83 76 78
4 14 75 26 18 60
4 15 54 38 38 40
4 16 31 82 80 80
4 17 22 77 53 61
4 18 94 11 7 52
4 19 56 69 33 61
4 20 89 7 27 12
4 21 96 12 28 43
4 22 45 34 70 54
4 23 55 45 34 53
4 24 2 52 92 76
4 25 87 10 11 32
4 26 83 15 32 50
4 27 74 57 29 27
4 28 80 18 37 53
4 29 88 52 8 45
4 30 65 26 27 22
4 31 61 32 57 27
4 32 84 34 57 20
4 33 11 63 56 50
4 34 36 48 78 43
4 35 48 58 50 39
4 36 54 50 42 46
4 37 20 77 69 56
4 38 66 43 57 40
4 39 48 64 67 52
4 40 68 26 58 56
4 41 92 11 49 17
5 6 2 92 54 91
5 7 36 37 40 36
5 8 33 35 79 64
5 9 55 69 46 31
5 10 85 33 49 17
5 11 46 59 28 68
5 12 59 32 31 69
5 13 37 61 32 45
5 14 97 27 14 44
5 15 16 59 81 55
5 16 54 51 72 49
5 17 50 50 27 29
5 18 84 38 30 16
5 19 53 39 55 40
5 20 88 11 10 16
5 21 79 19 49 39
5 22 46 51 43 48
5 23 39 75 77 39
5 24 16 90 65 54
5 25 86 30 28 7
5 26 73 42 30 25
5 27 60 60 68 67
5 28 82 20 44 34
5 29 44 65 73 76
5 30 98 2 40 3
5 31 88 41 47 43
5 32 61 34 41 33
5 33 54 59 63 55
5 34 47 57 70 46
5 35 35 54 70 75
5 36 20 70 68 71
5 37 28 43 61 81
5 38 68 43 56 24
5 39 41 34 76 29
5 40 41 36 53 65
5 41 18 83 62 73
6 7 18 68 81 64
6 8 26 78 68 50
6 9 13 57 48 72
6 10 80 49 51 45
6 11 82 52 38 56
6 12 78 12 55 53
6 13 3 69 83 91
6 14 19 87 43 89
6 15 54 36 36 57
6 16 62 50 39 31
6 17 96 21 48 30
6 18 28 82 79 72
6 19 63 55 44 56
6 20 51 72 45 35
6 21 34 58 53 65
6 22 4 84 87 93
6 23 34 65 66 54
6 24 40 37 35 56
6 25 94 12 23 13
6 26 37 34 68 74
6 27 6 85 90 61
6 28 11 82 76 58
6 29 5 84 55 65
6 30 87 9 14 47
6 31 12 78 49 53
6 32 50 74 40 46
6 33 65 27 25 59
6 34 32 82 34 47
6 35 60 41 60 67
6 36 39 41 48 68
6 37 67 24 62 42
6 38 49 31 63 49
6 39 46 63 48 31
6 40 77 17 52 37
6 41 93 42 50 51
7 8 74 13 58 36
7 9 31 61 34 80
7 10 11 52 60 67
7 11 99 22 39 12
7 12 43 41 64 42
7 13 25 73 47 70
7 14 58 51 37 31
7 15 66 58 41 27
7 16 57 49 35 41
7 17 91 44 24 10
7 18 79 32 54 37
7 19 8 53 58 80
7 20 52 24 62 51
7 21 1 81 91 76
7 22 89 9 14 28
7 23 39 51 45 61
7 24 90 45 24 42
7 25 75 21 46 54
7 26 6 91 91 88
7 27 42 35 73 61
7 28 19 78 44 52
7 29 1 73 62 61
7 30 84 27 22 10
7 31 22 50 58 52
7 32 99 5 47 17
7 33 69 60 46 52
7 34 72 38 35 26
7 35 53 39 71 38
7 36 12 46 59 60
7 37 22 79 52 48
7 38 68 38 60 65
7 39 92 40 13 33
7 40 51 34 72 30
7 41 25 64 59 52
8 9 52 48 38 32
8 10 19 49 78 51
8 11 12 49 84 61
8 12 54 48 48 54
8 13 10 86 47 48
8 14 29 72 84 44
8 15 52 53 46 41
8 16 73 52 32 40
8 17 23 54 77 39
8 18 46 72 39 45
8 19 48 72 65 67
8 20 69 16 48 22
8 21 57 66 24 42
8 22 41 56 76 38
8 23 37 78 40 78
8 24 22 77 83 55
8 25 15 65 64 80
8 26 99 8 29 17
8 27 3 96 50 66
8 28 53 44 58 31
8 29 20 65 60 62
8 30 29 44 83 42
8 31 10 69 88 83
8 32 63 22 33 20
8 33 79 50 15 26
8 34 96 37 10 13
8 35 58 39 37 66
8 36 8 80 45 49
8 37 38 75 36 60
8 38 57 33 63 26
8 39 34 49 49 42
8 40 67 30 38 29
8 41 9 78 66 53
9 10 91 8 42 29
9 11 22 84 72 51
9 12 64 45 25 44
9 13 76 23 28 28
9 14 46 51 38 73
9 15 7 93 84 49
9 16 84 41 48 53
9 17 30 82 51 36
9 18 65 48 51 54
9 19 91 38 21 36
9 20 81 30 13 38
9 21 45 76 76 31
9 22 28 79 44 58
9 23 2 59 63 96
9 24 70 45 42 34
9 25 93 37 49 32
9 26 79 10 21 34
9 27 24 65 65 68
9 28 49 53 69 68
9 29 89 6 15 24
9 30 44 43 30 60
9 31 46 43 74 27
9 32 0 70 92 92
9 33 46 62 62 56
9 34 2 63 65 91
9 35 21 64 56 54
9 36 21 73 86 46
9 37 56 57 31 56
9 38 1 88 97 61
9 39 23 57 87 66
9 40 26 48 70 44
9 41 23 73 72 84
10 11 95 21 3 27
10 12 86 19 46 17
10 13 55 29 34 39
10 14 87 56 16 53
10 15 97 44 49 48
10 16 88 53 44 52
10 17 13 58 66 55
10 18 61 64 56 59
10 19 7 83 60 46
10 20 37 33 33 56
10 21 47 72 42 58
10 22 46 31 34 65
10 23 14 71 83 74
10 24 5 79 73 89
10 25 96 44 31 25
10 26 56 55 50 49
10 27 82 50 37 38
10 28 77 24 28 30
10 29 33 34 36 76
10 30 6 52 96 55
10 31 13 49 93 91
10 32 14 64 51 49
10 33 96 51 20 42
10 34 12 77 49 48
10 35 75 49 49 16
10 36 47 70 72 64
10 37 52 41 69 29
10 38 8 60 90 60
10 39 56 52 43 41
10 40 60 43 30 27
10 41 43 47 48 64
11 12 2 67 48 65
11 13 79 53 29 52
11 14 35 79 72 56
11 15 15 85 77 80
11 16 61 69 50 63
11 17 25 60 67 52
11 18 45 54 41 71
11 19 2 53 58 93
11 20 1 82 98 81
11 21 21 64 74 77
11 22 61 67 26 66
11 23 16 82 45 76
11 24 44 48 62 50
11 25 37 47 47 57
11 26 76 51 25 48
11 27 17 58 78 79
11 28 35 34 64 63
11 29 69 31 49 23
11 30 72 20 23 60
11 31 7 63 63 86
11 32 82 30 56 58
11 33 19 59 48 89
11 34 2 57 62 79
11 35 4 75 60 81
11 36 78 59 20 15
11 37 50 30 43 34
11 38 90 15 53 12
11 39 38 32 61 69
11 40 67 64 28 43
11 41 7 49 74 63
12 13 36 78 64 51
12 14 26 84 56 60
12 15 42 38 46 68
12 16 79 19 24 46
12 17 55 28 26 42
12 18 16 76 48 65
12 19 92 32 4 17
12 20 26 61 42 38
12 21 19 55 74 48
12 22 21 85 85 44
12 23 55 68 31 67
12 24 56 39 44 24
12 25 85 11 35 52
12 26 50 37 52 46
12 27 95 50 26 52
12 28 66 62 56 43
12 29 66 64 50 56
12 30 51 58 41 30
12 31 42 75 36 31
12 32 74 15 46 53
12 33 93 45 34 25
12 34 59 27 36 48
12 35 64 20 44 53
12 36 77 28 33 13
12 37 45 37 33 76
12 38 95 24 21 43
12 39 58 66 24 53
12 40 92 47 28 23
12 41 10 73 65 93
13 14 90 53 50 39
13 15 8 69 91 48
13 16 66 37 40 48
13 17 3 60 66 90
13 18 44 36 60 47
13 19 15 51 81 44
13 20 38 75 52 39
13 21 15 43 45 58
13 22 13 69 56 91
13 23 76 33 60 40
13 24 51 47 24 72
13 25 9 84 87 81
13 26 57 26 45 38
13 27 48 45 30 54
13 28 76 44 22 41
13 29 52 45 48 26
13 30 72 30 43 38
13 31 24 70 74 87
13 32 27 64 60 69
13 33 58 59 44 64
13 34 10 54 53 66
13 35 85 35 56 53
13 36 45 72 75 32
13 37 95 24 34 43
13 38 36 65 39 63
13 39 35 46 33 49
13 40 93 31 29 25
13 41 96 49 17 38
14 15 67 43 65 28
14 16 66 21 50 47
14 17 28 46 81 76
14 18 85 50 16 50
14 19 99 30 17 42
14 20 25 67 57 85
14 21 53 52 47 49
14 22 84 49 30 19
14 23 70 32 22 30
14 24 97 24 13 22
14 25 72 40 24 36
14 26 58 42 55 41
14 27 48 67 45 28
14 28 90 36 25 27
14 29 71 33 63 22
14 30 54 67 61 62
14 31 94 10 50 12
14 32 11 82 87 46
14 33 92 53 8 26
14 34 78 54 39 24
14 35 68 40 44 38
14 36 4 55 61 68
14 37 18 67 69 47
14 38 95 47 5 28
14 39 99 12 11 17
14 40 71 48 29 62
14 41 81 31 27 36
15 16 42 74 40 56
15 17 40 59 64 56
15 18 94 18 40 38
15 19 87 39 33 13
15 20 37 75 33 60
15 21 42 61 39 59
15 22 93 21 38 41
15 23 91 5 36 17
15 24 37 60 47 70
15 25 25 43 38 75
15 26 48 69 68 43
15 27 11 48 73 89
15 28 42 46 33 40
15 29 18 63 64 68
15 30 98 41 35 47
15 31 11 64 72 63
15 32 29 62 39 73
15 33 66 40 49 34
15 34 34 68 35 37
15 35 28 78 83 76
15 36 3 51 89 72
15 37 50 35 53 50
15 38 43 61 34 55
15 39 61 67 51 51
15 40 19 88 74 79
15 41 4 57 74 90
16 17 21 82 52 75
16 18 23 49 47 81
16 19 94 28 42 18
16 20 96 3 14 40
16 21 55 54 57 57
16 22 90 8 7 4
16 23 53 29 72 63
16 24 53 72 60 35
16 25 0 73 72 82
16 26 51 68 38 63
16 27 31 45 80 67
16 28 83 9 12 55
16 29 34 48 64 80
16 30 38 62 58 63
16 31 54 26 32 30
16 32 50 48 70 32
16 33 66 27 61 33
16 34 4 65 75 64
16 35 22 47 67 79
16 36 77 27 53 51
16 37 50 41 42 45
16 38 4 86 76 60
16 39 26 82 39 68
16 40 2 95 50 75
16 41 60 61 68 51
17 18 23 52 46 72
17 19 81 12 30 19
17 20 0 54 78 54
17 21 6 49 84 52
17 22 45 50 40 27
17 23 11 61 61 69
17 24 43 38 54 64
17 25 21 57 63 40
17 26 54 66 38 30
17 27 82 50 54 12
17 28 12 46 70 68
17 29 16 78 66 50
17 30 4 87 91 87
17 31 12 61 79 46
17 32 25 81 59 38
17 33 20 40 64 45
17 34 2 83 70 57
17 35 89 24 19 6
17 36 84 53 42 20
17 37 51 38 58 46
17 38 37 77 80 67
17 39 10 66 82 70
17 40 93 3 19 6
17 41 75 28 21 12
18 19 1 76 51 93
18 20 88 36 39 5
18 21 88 30 15 15
18 22 96 14 31 1
18 23 86 56 51 25
18 24 70 41 43 54
18 25 51 34 39 55
18 26 99 46 34 42
18 27 57 29 25 54
18 28 60 59 62 67
18 29 84 45 18 13
18 30 94 52 33 5
18 31 58 31 55 60
18 32 19 42 80 62
18 33 29 60 60 47
18 34 57 52 51 57
18 35 41 45 47 58
18 36 63 24 41 27
18 37 67 59 46 38
18 38 20 79 83 57
18 39 95 8 22 36
18 40 46 38 45 28
18 41 32 72 58 34
19 20 21 66 69 69
19 21 96 13 9 19
19 22 89 47 41 41
19 23 69 30 31 40
19 24 35 57 62 32
19 25 40 59 64 62
19 26 5 57 63 79
19 27 81 15 12 21
19 28 22 49 70 59
19 29 47 47 63 57
19 30 83 47 34 54
19 31 41 57 33 72
19 32 73 31 41 51
19 33 40 37 55 35
19 34 50 49 56 44
19 35 31 57 62 35
19 36 95 10 23 43
19 37 29 64 63 74
19 38 17 58 43 66
19 39 17 60 51 71
19 40 69 36 55 32
19 41 75 12 50 18
20 21 65 33 23 54
20 22 64 55 64 50
20 23 46 64 65 71
20 24 14 64 60 91
20 25 81 16 27 41
20 26 2 53 90 61
20 27 55 26 50 51
20 28 67 65 27 23
20 29 82 17 21 30
20 30 76 47 34 48
20 31 75 13 53 45
20 32 76 24 33 43
20 33 66 17 62 45
20 34 30 53 69 81
20 35 47 43 40 37
20 36 7 49 74 78
20 37 23 76 51 53
20 38 29 47 63 43
20 39 52 35 56 42
20 40 74 56 39 54
20 41 18 89 87 57
21 22 34 75 59 63
21 23 21 41 54 82
21 24 69 64 46 46
21 25 34 81 48 34
21 26 26 68 68 55
21 27 36 44 60 64
21 28 55 49 72 29
21 29 26 37 57 65
21 30 55 45 44 36
21 31 37 38 68 47
21 32 65 25 50 30
21 33 32 62 43 63
21 34 77 44 16 32
21 35 88 16 29 30
21 36 55 38 22 37
21 37 32 81 44 52
21 38 16 55 71 59
21 39 99 35 1 28
21 40 97 21 43 44
21 41 67 45 33 57
22 23 87 53 37 55
22 24 46 45 44 60
22 25 19 77 42 47
22 26 60 56 26 37
22 27 5 95 90 96
22 28 99 49 19 48
22 29 51 56 36 26
22 30 44 68 70 61
22 31 43 38 46 63
22 32 2 83 61 61
22 33 71 29 29 62
22 34 93 7 52 38
22 35 62 61 47 29
22 36 43 29 48 65
22 37 66 17 46 56
22 38 59 59 32 67
22 39 45 44 44 48
22 40 44 69 46 44
22 41 42 33 37 65
23 24 81 36 29 10
23 25 68 61 19 46
23 26 14 58 81 56
23 27 80 55 51 26
23 28 28 40 46 73
23 29 72 27 25 24
23 30 38 36 40 52
23 31 17 80 43 61
23 32 58 59 35 70
23 33 96 38 7 24
23 34 29 76 44 54
23 35 24 71 84 53
23 36 76 51 29 42
23 37 72 43 56 48
23 38 44 40 73 42
23 39 47 35 45 54
23 40 6 58 67 76
23 41 44 62 70 74
24 25 38 61 32 69
24 26 77 11 48 60
24 27 70 42 50 55
24 28 56 66 70 51
24 29 65 43 45 20
24 30 7 60 49 69
24 31 35 58 41 78
24 32 2 84 85 88
24 33 44 72 60 56
24 34 43 53 50 44
24 35 99 36 2 14
24 36 51 42 38 45
24 37 90 11 19 40
24 38 70 54 51 55
24 39 59 20 22 68
24 40 81 25 20 56
24 41 98 25 32 31
25 26 67 58 57 28
25 27 12 72 89 60
25 28 75 43 49 15
25 29 4 53 59 49
25 30 78 31 15 56
25 31 47 42 73 59
25 32 73 22 43 39
25 33 67 18 23 60
25 34 24 79 62 74
25 35 83 41 50 10
25 36 59 39 66 25
25 37 3 94 66 62
25 38 99 20 49 18
25 39 98 6 33 29
25 40 3 74 73 96
25 41 83 14 9 18
26 27 21 89 41 75
26 28 87 12 48 14
26 29 3 93 62 55
26 30 44 36 60 56
26 31 27 43 50 78
26 32 35 61 34 59
26 33 61 63 42 26
26 34 51 60 33 55
26 35 96 36 12 44
26 36 1 85 56 59
26 37 63 60 66 65
26 38 99 9 39 13
26 39 17 48 82 56
26 40 22 61 65 78
26 41 77 40 51 19
27 28 55 33 57 48
27 29 96 13 16 33
27 30 5 88 58 59
27 31 58 42 57 26
27 32 9 59 56 75
27 33 97 32 15 24
27 34 83 24 40 37
27 35 80 17 39 53
27 36 64 29 50 52
27 37 83 47 37 51
27 38 58 24 58 53
27 39 79 47 32 59
27 40 27 79 60 77
27 41 32 59 53 82
28 29 36 74 56 66
28 30 53 65 23 24
28 31 8 47 63 77
28 32 31 82 63 38
28 33 40 35 55 72
28 34 5 74 53 95
28 35 71 17 32 43
28 36 56 57 35 60
28 37 63 34 19 22
28 38 0 60 60 91
28 39 29 75 49 80
28 40 70 63 59 43
28 41 20 81 68 86
29 30 9 52 87 74
29 31 25 83 71 48
29 32 78 26 30 16
29 33 97 3 13 25
29 34 64 20 25 21
29 35 39 54 36 50
29 36 13 86 73 78
29 37 42 49 50 68
29 38 65 27 36 41
29 39 93 6 52 4
29 40 74 42 40 58
29 41 30 54 71 62
30 31 60 61 46 58
30 32 31 74 36 73
30 33 87 17 26 43
30 34 28 68 77 68
30 35 12 79 60 93
30 36 41 68 59 30
30 37 11 56 67 84
30 38 28 63 71 64
30 39 8 82 90 94
30 40 11 92 58 62
30 41 62 49 35 25
31 32 40 62 39 61
31 33 5 82 89 64
31 34 48 44 31 54
31 35 18 75 74 52
31 36 65 48 36 61
31 37 85 32 51 33
31 38 47 42 52 37
31 39 81 51 21 54
31 40 84 24 31 19
31 41 29 52 56 61
32 33 91 31 54 20
32 34 4 95 96 94
32 35 46 68 43 31
32 36 40 63 73 76
32 37 90 52 13 24
32 38 63 56 58 56
32 39 58 55 28 36
32 40 0 78 90 71
32 41 41 30 52 51
33 34 74 46 26 36
33 35 7 86 62 53
33 36 3 74 75 84
33 37 74 23 60 25
33 38 99 40 34 28
33 39 81 30 39 20
33 40 54 54 27 63
33 41 91 31 36 8
34 35 18 73 50 42
34 36 99 24 42 42
34 37 88 24 49 30
34 38 56 62 37 43
34 39 65 65 27 42
34 40 18 42 65 40
34 41 69 57 43 39
35 36 87 31 37 8
35 37 60 46 25 47
35 38 32 62 69 76
35 39 41 71 58 37
35 40 30 77 42 75
35 41 92 41 48 8
36 37 55 24 25 56
36 38 26 59 58 42
36 39 30 71 70 39
36 40 11 58 61 83
36 41 12 59 65 82
37 38 97 50 15 3
37 39 54 65 23 59
37 40 39 48 62 68
37 41 62 46 47 54
38 39 30 60 57 72
38 40 50 38 71 27
38 41 85 22 14 13
39 40 99 32 49 15
39 41 15 46 50 48
40 41 75 30 15 44
