45
0 1 28 42 73 60
0 2 49 71 56 41
0 3 62 25 51 40
0 4 21 83 86 46
0 5 64 25 34 19
0 6 83 9 41 58
0 7 59 36 54 26
0 8 68 61 26 46
0 9 49 27 47 52
0 10 44 52 50 68
0 11 39 70 68 49
0 12 88 55 33 18
0 13 70 22 24 48
0 14 73 48 44 26
0 15 32 61 54 41
0 16 70 63 56 36
0 17 78 51 40 18
0 18 79 34 31 17
0 19 42 58 59 42
0 20 41 58 38 36
0 21 28 82 78 74
0 22 87 24 50 36
0 23 93 5 42 30
0 24 79 21 27 43
0 25 95 26 7 35
0 26 50 27 54 48
0 27 95 33 30 33
0 28 70 48 55 22
0 29 92 27 16 25
0 30 28 71 52 56
0 31 52 42 70 58
0 32 1 90 96 79
0 33 49 73 35 42
0 34 6 61 47 75
0 35 30 52 44 67
0 36 49 32 66 55
0 37 54 37 41 36
0 38 84 13 24 39
0 39 29 70 55 71
0 40 81 53 28 14
0 41 90 30 26 17
0 42 40 31 57 50
0 43 44 42 30 43
0 44 9 50 89 64
1 2 1 74 94 65
1 3 94 48 18 12
1 4 47 70 42 34
1 5 24 62 49 56
1 6 29 71 68 54
1 7 13 83 70 79
1 8 42 52 36 33
1 9 4 60 73 88
1 10 55 25 31 51
1 11 95 17 36 23
1 12 43 38 37 34
1 13 34 72 69 40
1 14 47 43 72 73
1 15 50 50 40 36
1 16 73 20 18 37
1 17 43 73 63 57
1 18 85 11 32 23
1 19 89 24 7 9
1 20 28 70 61 65
1 21 84 26 23 34
1 22 76 42 15 60
1 23 86 24 47 35
1 24 54 47 35 26
1 25 52 47 25 32
1 26 31 76 41 76
1 27 57 61 39 51
1 28 88 39 37 24
1 29 74 40 30 53
1 30 21 57 84 49
1 31 53 41 70 34
1 32 14 48 75 56
1 33 60 62 39 60
1 34 46 58 39 56
1 35 29 40 50 36
1 36 29 72 38 72
1 37 19 42 84 69
1 38 97 6 38 29
1 39 97 34 24 28
1 40 47 50 45 56
1 41 8 87 68 72
1 42 87 37 48 23
1 43 19 55 81 54
1 44 73 51 36 62
2 3 29 55 38 43
2 4 96 7 9 44
2 5 39 30 58 74
2 6 78 30 60 53
2 7 5 89 81 53
2 8 24 72 67 61
2 9 89 11 25 52
2 10 33 73 51 74
2 11 23 72 83 47
2 12 18 75 47 81
2 13 92 11 30 26
2 14 28 84 67 42
2 15 52 39 71 50
2 16 70 22 19 32
2 17 53 24 67 41
2 18 85 23 27 51
2 19 48 38 58 31
2 20 18 44 53 46
2 21 28 62 48 53
2 22 24 76 44 68
2 23 91 4 33 18
2 24 47 55 76 64
2 25 47 59 55 36
2 26 64 64 44 18
2 27 79 40 51 38
2 28 83 20 34 57
2 29 5 59 65 79
2 30 43 31 37 77
2 31 72 14 53 32
2 32 22 55 65 54
2 33 13 76 74 86
2 34 52 49 27 48
2 35 52 24 27 29
2 36 43 77 65 35
2 37 57 48 64 68
2 38 97 41 3 14
2 39 76 48 41 50
2 40 4 80 86 69
2 41 3 94 93 81
2 42 51 54 34 24
2 43 46 63 28 39
2 44 11 70 89 52
3 4 36 76 63 56
3 5 7 79 48 73
3 6 49 48 31 54
3 7 67 58 20 17
3 8 67 56 59 30
3 9 1 63 89 91
3 10 55 66 33 47
3 11 31 54 40 39
3 12 60 63 26 52
3 13 46 32 70 65
3 14 40 48 59 54
3 15 76 37 39 35
3 16 88 52 12 49
3 17 45 53 34 41
3 18 45 76 75 31
3 19 12 88 68 92
3 20 14 67 71 55
3 21 87 24 20 37
3 22 11 85 64 58
3 23 12 74 66 65
3 24 10 66 46 62
3 25 7 90 57 64
3 26 96 12 41 43
3 27 79 37 54 39
3 28 84 25 25 27
3 29 23 51 47 56
3 30 15 80 48 72
3 31 36 34 61 58
3 32 93 34 9 46
3 33 2 50 87 59
3 34 17 86 41 55
3 35 73 21 57 44
3 36 94 35 6 10
3 37 55 37 49 26
3 38 65 52 33 46
3 39 35 42 57 52
3 40 78 24 43 20
3 41 15 74 79 74
3 42 57 43 27 44
3 43 11 64 62 83
3 44 30 40 81 39
4 5 19 75 74 63
4 6 85 23 42 48
4 7 14 50 50 49
4 8 99 32 45 15
4 9 67 46 34 35
4 10 65 49 60 65
4 11 14 82 70 53
4 12 80 28 58 32
4 13 73 50 60 45
4 14 16 54 83 58
4 15 39 48 42 34
4 16 62 52 33 49
4 17 32 67 38 70
4 18 68 59 61 24
4 19 46 76 62 61
4 20 98 20 33 27
4 21 66 34 30 40
4 22 25 49 85 42
4 23 74 26 23 39
4 24 1 86 53 89
4 25 12 52 54 49
4 26 2 94 98 68
4 27 90 5 34 51
4 28 72 61 23 20
4 29 43 61 63 62
4 30 97 22 37 33
4 31 41 41 29 30
4 32 15 47 88 52
4 33 42 45 59 43
4 34 63 62 29 58
4 35 0 97 69 56
4 36 21 81 84 70
4 37 64 21 52 19
4 38 59 53 31 24
4 39 9 58 47 56
4 40 13 74 53 86
4 41 42 78 36 50
4 42 8 71 93 47
4 43 47 70 39 34
4 44 39 60 61 77
5 6 86 46 53 23
5 7 58 57 34 36
5 8 37 63 46 45
5 9 87 33 50 51
5 10 1 91 77 70
5 11 1 86 67 67
5 12 70 55 30 16
5 13 76 45 32 14
5 14 92 46 17 8
5 15 60 69 31 50
5 16 79 22 59 20
5 17 33 70 33 39
5 18 16 82 91 65
5 19 45 73 61 35
5 20 91 7 48 24
5 21 71 58 53 42
5 22 57 24 35 25
5 23 40 76 41 77
5 24 92 14 8 42
5 25 60 26 35 54
5 26 97 39 3 33
5 27 32 61 77 43
5 28 29 47 54 61
5 29 7 85 81 96
5 30 82 42 49 42
5 31 55 31 41 62
5 32 97 21 14 38
5 33 72 25 47 50
5 34 78 47 29 25
5 35 87 50 30 23
5 36 26 38 38 74
5 37 42 29 68 77
5 38 95 16 27 36
5 39 25 81 74 76
5 40 53 26 46 48
5 41 1 87 55 89
5 42 33 72 43 58
5 43 59 35 28 20
5 44 15 53 80 79
6 7 61 57 47 46
6 8 85 49 45 20
6 9 13 80 64 53
6 10 78 49 20 20
6 11 16 69 85 56
6 12 86 44 37 9
6 13 77 45 52 52
6 14 77 30 17 48
6 15 35 54 46 49
6 16 18 47 51 84
6 17 78 18 14 47
6 18 48 53 33 71
6 19 39 63 53 48
6 20 52 63 34 67
6 21 14 80 91 80
6 22 78 60 31 49
6 23 85 23 17 32
6 24 68 47 18 63
6 25 47 34 67 64
6 26 60 45 60 28
6 27 81 39 48 11
6 28 17 89 77 64
6 29 33 33 62 47
6 30 83 8 28 12
6 31 81 46 29 26
6 32 73 43 50 18
6 33 96 47 17 29
6 34 53 34 54 68
6 35 44 36 36 75
6 36 80 30 33 46
6 37 57 40 24 67
6 38 22 39 56 67
6 39 54 71 62 54
6 40 23 67 78 48
6 41 65 41 49 23
6 42 14 52 63 71
6 43 44 60 54 28
6 44 66 35 58 18
7 8 25 74 74 65
7 9 76 14 34 44
7 10 22 52 65 46
7 11 14 84 45 85
7 12 55 63 48 65
7 13 51 70 37 44
7 14 55 35 39 36
7 15 41 57 70 45
7 16 53 50 72 26
7 17 99 9 11 5
7 18 2 98 60 64
7 19 86 11 32 52
7 20 67 46 32 34
7 21 33 62 79 37
7 22 38 71 42 31
7 23 6 63 60 76
7 24 50 49 69 59
7 25 16 49 55 87
7 26 26 44 84 60
7 27 45 53 52 41
7 28 50 33 33 54
7 29 45 66 60 55
7 30 77 60 55 53
7 31 69 21 18 57
7 32 91 26 48 40
7 33 42 69 47 40
7 34 59 29 59 55
7 35 33 60 54 62
7 36 2 94 52 82
7 37 63 63 45 67
7 38 32 47 56 65
7 39 64 60 21 42
7 40 0 70 67 98
7 41 16 74 83 88
7 42 72 58 35 14
7 43 18 59 40 85
7 44 85 11 42 10
8 9 69 61 15 56
8 10 65 55 23 31
8 11 86 22 54 9
8 12 90 47 21 14
8 13 72 26 52 31
8 14 54 24 65 62
8 15 46 51 42 41
8 16 25 69 46 39
8 17 97 39 26 23
8 18 54 57 68 40
8 19 54 25 33 38
8 20 90 47 37 21
8 21 95 33 16 11
8 22 45 70 54 54
8 23 92 18 35 16
8 24 83 53 23 55
8 25 70 34 53 25
8 26 99 30 1 14
8 27 4 59 58 62
8 28 85 9 40 21
8 29 73 29 16 36
8 30 43 70 57 75
8 31 12 60 45 72
8 32 50 63 48 48
8 33 38 68 70 69
8 34 45 35 61 59
8 35 57 50 45 67
8 36 96 2 21 6
8 37 26 83 68 80
8 38 84 40 48 28
8 39 1 61 86 67
8 40 50 46 35 26
8 41 81 53 16 15
8 42 99 12 18 22
8 43 89 38 31 17
8 44 53 67 30 60
9 10 28 49 79 65
9 11 45 29 28 59
9 12 20 75 65 65
9 13 8 57 72 54
9 14 76 32 43 32
9 15 0 65 91 51
9 16 62 48 20 67
9 17 97 50 3 9
9 18 97 34 2 46
9 19 22 39 87 81
9 20 64 58 35 45
9 21 22 64 83 70
9 22 69 16 35 50
9 23 14 62 43 52
9 24 88 22 28 50
9 25 35 79 52 37
9 26 98 24 16 34
9 27 55 28 44 45
9 28 6 89 55 83
9 29 72 45 21 55
9 30 89 18 31 44
9 31 40 77 34 37
9 32 93 9 48 52
9 33 46 40 41 58
9 34 11 92 70 47
9 35 7 60 81 60
9 36 21 61 80 67
9 37 47 48 31 54
9 38 19 75 60 73
9 39 21 59 79 83
9 40 2 68 48 63
9 41 66 27 54 43
9 42 31 64 71 38
9 43 68 37 24 45
9 44 28 84 37 74
10 11 94 4 9 46
10 12 24 83 52 60
10 13 89 52 14 42
10 14 28 44 68 38
10 15 24 51 70 82
10 16 2 87 72 94
10 17 45 29 54 28
10 18 73 48 34 53
10 19 44 40 64 74
10 20 78 52 40 33
10 21 25 39 60 60
10 22 18 40 54 42
10 23 58 31 49 63
10 24 62 58 49 38
10 25 43 60 56 63
10 26 19 53 82 72
10 27 12 62 60 87
10 28 46 63 70 39
10 29 0 92 52 77
10 30 99 38 33 39
10 31 0 96 82 53
10 32 61 28 61 48
10 33 46 34 38 74
10 34 40 55 37 40
10 35 2 69 73 77
10 36 30 59 59 59
10 37 72 43 60 22
10 38 39 40 37 60
10 39 42 34 72 42
10 40 76 20 38 36
10 41 10 70 45 69
10 42 84 50 24 34
10 43 5 66 69 49
10 44 85 41 55 14
11 12 2 55 49 49
11 13 92 53 4 28
11 14 32 57 37 37
11 15 95 46 19 16
11 16 23 59 84 72
11 17 81 25 21 21
11 18 48 38 74 55
11 19 80 33 31 48
11 20 43 52 57 29
11 21 2 65 58 59
11 22 8 72 70 80
11 23 97 40 3 12
11 24 6 68 82 67
11 25 58 48 52 57
11 26 87 32 35 18
11 27 17 43 47 42
11 28 69 28 54 46
11 29 97 15 26 30
11 30 29 44 63 63
11 31 30 43 71 75
11 32 21 78 67 47
11 33 69 16 31 45
11 34 36 66 33 35
11 35 9 46 82 92
11 36 92 16 23 29
11 37 34 39 39 39
11 38 9 46 93 73
11 39 89 6 28 20
11 40 57 39 28 62
11 41 88 47 7 37
11 42 66 41 40 47
11 43 0 83 92 96
11 44 79 28 16 13
12 13 41 41 51 40
12 14 3 52 56 61
12 15 71 22 36 23
12 16 79 23 22 11
12 17 26 82 48 86
12 18 65 29 37 51
12 19 84 11 57 39
12 20 6 49 49 82
12 21 39 45 65 63
12 22 95 35 32 19
12 23 37 39 46 75
12 24 37 54 41 48
12 25 45 33 40 39
12 26 87 10 30 19
12 27 22 81 69 42
12 28 61 28 68 54
12 29 56 28 71 25
12 30 46 60 50 56
12 31 11 53 78 45
12 32 59 64 27 40
12 33 67 25 23 47
12 34 68 37 52 28
12 35 56 63 47 47
12 36 41 29 64 48
12 37 10 59 74 69
12 38 89 23 24 48
12 39 73 32 23 13
12 40 62 43 64 42
12 41 21 70 42 66
12 42 3 76 69 60
12 43 38 49 38 44
12 44 27 71 47 37
13 14 35 82 60 34
13 15 0 50 92 99
13 16 85 20 24 23
13 17 2 93 87 78
13 18 11 72 71 67
13 19 23 86 72 56
13 20 9 63 84 65
13 21 90 15 46 23
13 22 25 50 56 83
13 23 32 36 54 78
13 24 54 49 26 62
13 25 42 72 67 60
13 26 23 50 57 41
13 27 47 33 58 42
13 28 45 55 58 35
13 29 10 63 85 47
13 30 18 61 40 88
13 31 22 43 59 75
13 32 47 72 35 27
13 33 87 46 12 18
13 34 40 44 58 54
13 35 15 43 88 65
13 36 2 88 63 84
13 37 1 84 89 52
13 38 38 46 72 46
13 39 82 43 20 42
13 40 38 44 47 78
13 41 73 29 17 22
13 42 44 65 66 68
13 43 19 40 65 40
13 44 55 38 26 38
14 15 14 74 61 83
14 16 7 64 69 62
14 17 60 20 36 24
14 18 32 78 56 37
14 19 89 25 49 53
14 20 2 87 84 58
14 21 49 73 45 72
14 22 51 66 54 67
14 23 29 46 76 65
14 24 40 58 47 67
14 25 70 36 40 47
14 26 23 68 84 78
14 27 6 80 69 85
14 28 71 58 17 53
14 29 14 69 66 66
14 30 9 61 77 72
14 31 13 85 46 81
14 32 97 28 11 46
14 33 44 43 60 63
14 34 38 68 79 76
14 35 21 86 86 50
14 36 78 33 50 24
14 37 15 73 48 72
14 38 9 54 52 94
14 39 61 24 54 39
14 40 31 77 82 38
14 41 48 43 50 56
14 42 79 24 40 44
14 43 89 38 25 21
14 44 61 57 41 43
15 16 0 96 76 77
15 17 7 79 93 90
15 18 9 74 71 82
15 19 22 84 52 44
15 20 51 68 65 49
15 21 71 42 53 55
15 22 44 41 50 39
15 23 11 68 51 64
15 24 14 91 46 62
15 25 48 45 43 25
15 26 84 49 31 53
15 27 15 58 47 51
15 28 51 69 61 40
15 29 31 72 83 59
15 30 26 61 84 51
15 31 97 32 38 16
15 32 27 61 55 49
15 33 72 19 34 17
15 34 14 88 64 80
15 35 4 95 65 68
15 36 75 23 54 16
15 37 95 34 27 45
15 38 17 52 77 48
15 39 61 50 62 61
15 40 3 52 72 93
15 41 75 21 45 27
15 42 35 55 67 35
15 43 86 46 25 28
15 44 0 54 82 95
16 17 34 74 33 77
16 18 30 55 54 54
16 19 60 45 21 68
16 20 17 64 77 71
16 21 74 39 51 42
16 22 53 73 54 35
16 23 43 70 44 65
16 24 24 51 42 47
16 25 26 41 85 64
16 26 52 55 64 26
16 27 83 42 54 25
16 28 20 44 69 42
16 29 0 62 79 68
16 30 15 57 87 48
16 31 40 70 63 67
16 32 24 41 86 40
16 33 11 88 86 78
16 34 90 13 49 48
16 35 55 35 31 52
16 36 96 45 20 42
16 37 16 52 70 76
16 38 87 11 27 52
16 39 91 43 33 40
16 40 75 53 30 13
16 41 49 64 44 73
16 42 39 63 53 56
16 43 21 85 62 49
16 44 20 63 49 47
17 18 86 15 33 30
17 19 31 35 80 34
17 20 90 29 29 23
17 21 7 49 90 77
17 22 37 79 73 40
17 23 77 52 40 56
17 24 99 5 15 24
17 25 38 62 80 36
17 26 75 37 52 46
17 27 29 35 52 56
17 28 45 27 55 42
17 29 51 59 44 40
17 30 19 62 85 67
17 31 41 65 68 34
17 32 87 54 39 50
17 33 46 55 56 29
17 34 39 61 55 41
17 35 83 17 19 9
17 36 12 87 85 60
17 37 98 22 32 14
17 38 44 60 50 41
17 39 8 95 59 66
17 40 98 29 33 28
17 41 97 15 21 36
17 42 46 30 69 32
17 43 80 39 17 14
17 44 13 92 81 62
18 19 82 25 18 52
18 20 81 39 40 39
18 21 97 2 50 42
18 22 69 52 42 16
18 23 60 49 29 50
18 24 20 89 48 57
18 25 88 18 19 14
18 26 44 60 31 77
18 27 94 4 48 3
18 28 43 48 31 69
18 29 52 25 63 55
18 30 4 50 63 88
18 31 24 78 69 81
18 32 9 52 76 74
18 33 14 87 79 69
18 34 6 80 46 56
18 35 38 61 43 76
18 36 74 23 39 47
18 37 32 72 66 62
18 38 77 30 29 59
18 39 24 76 55 69
18 40 78 38 34 45
18 41 11 87 65 46
18 42 42 55 35 54
18 43 95 26 44 6
18 44 98 23 25 32
19 20 7 87 52 87
19 21 89 16 23 43
19 22 98 10 6 29
19 23 45 76 65 46
19 24 55 34 44 67
19 25 88 41 25 27
19 26 48 34 37 61
19 27 29 74 59 55
19 28 53 58 25 30
19 29 3 60 88 91
19 30 81 13 19 53
19 31 12 73 55 64
19 32 54 56 23 43
19 33 89 52 10 51
19 34 37 70 47 44
19 35 95 34 13 15
19 36 12 85 54 87
19 37 55 23 60 37
19 38 29 54 75 81
19 39 96 18 24 2
19 40 65 54 33 53
19 41 90 34 30 52
19 42 56 39 42 33
19 43 79 25 49 52
19 44 66 24 52 39
20 21 74 51 24 34
20 22 54 47 69 71
20 23 4 60 65 87
20 24 87 38 9 53
20 25 31 35 49 77
20 26 91 8 33 15
20 27 4 85 75 96
20 28 40 68 45 75
20 29 28 77 38 44
20 30 30 69 48 42
20 31 63 49 50 24
20 32 40 72 68 56
20 33 94 49 49 48
20 34 78 23 45 28
20 35 84 57 29 28
20 36 42 30 36 69
20 37 25 80 87 51
20 38 88 24 20 11
20 39 80 33 18 37
20 40 78 42 40 34
20 41 91 12 10 20
20 42 73 18 33 45
20 43 59 44 55 46
20 44 6 67 81 70
21 22 62 41 56 26
21 23 25 63 57 77
21 24 34 80 38 48
21 25 17 55 70 63
21 26 59 41 26 26
21 27 25 73 67 74
21 28 36 53 66 40
21 29 15 67 92 81
21 30 18 82 63 65
21 31 81 53 30 19
21 32 34 60 62 46
21 33 55 49 51 48
21 34 19 50 52 69
21 35 60 40 39 56
21 36 36 58 78 67
21 37 6 50 56 63
21 38 81 24 20 43
21 39 8 84 60 68
21 40 64 57 23 24
21 41 65 45 36 50
21 42 83 15 57 16
21 43 54 46 38 39
21 44 77 25 12 46
22 23 69 36 27 42
22 24 71 50 45 44
22 25 25 83 68 73
22 26 61 25 24 23
22 27 72 32 59 58
22 28 33 79 57 73
22 29 29 80 46 51
22 30 81 14 32 13
22 31 87 47 10 31
22 32 68 21 65 42
22 33 2 90 80 52
22 34 82 28 15 31
22 35 80 12 30 41
22 36 0 67 56 92
22 37 71 19 53 40
22 38 81 11 35 26
22 39 80 44 48 27
22 40 71 25 45 28
22 41 97 23 40 36
22 42 13 79 75 83
22 43 37 33 42 75
22 44 12 67 78 82
23 24 63 18 52 35
23 25 96 8 17 28
23 26 66 58 39 47
23 27 63 43 33 58
23 28 77 32 41 36
23 29 59 37 39 62
23 30 58 64 24 38
23 31 89 17 9 37
23 32 22 85 55 53
23 33 55 36 38 29
23 34 57 36 47 35
23 35 89 48 42 38
23 36 33 73 48 72
23 37 75 12 53 48
23 38 2 69 74 54
23 39 8 66 75 51
23 40 69 42 17 54
23 41 32 62 76 48
23 42 38 34 74 55
23 43 77 55 30 14
23 44 40 39 78 57
24 25 88 48 15 38
24 26 34 40 71 61
24 27 28 57 64 84
24 28 35 37 73 35
24 29 63 18 29 24
24 30 17 67 53 72
24 31 3 82 94 63
24 32 99 17 31 22
24 33 92 53 44 26
24 34 18 86 61 87
24 35 68 37 63 41
24 36 76 26 47 34
24 37 68 46 49 45
24 38 96 20 6 13
24 39 97 36 40 16
24 40 46 41 49 26
24 41 50 52 60 29
24 42 74 61 54 15
24 43 48 60 57 53
24 44 84 20 43 19
25 26 49 37 41 55
25 27 75 61 48 31
25 28 16 69 54 69
25 29 75 43 20 14
25 30 9 81 59 55
25 31 78 55 22 34
25 32 3 80 51 94
25 33 35 81 52 39
25 34 86 46 17 45
25 35 1 70 58 65
25 36 19 74 55 54
25 37 23 56 85 45
25 38 9 80 78 47
25 39 89 18 33 12
25 40 75 36 41 41
25 41 55 62 49 56
25 42 0 72 62 76
25 43 79 10 20 50
25 44 69 32 54 29
26 27 76 51 57 39
26 28 92 41 33 27
26 29 66 39 26 45
26 30 17 84 80 74
26 31 14 86 70 61
26 32 93 19 12 8
26 33 83 12 46 57
26 34 11 66 57 64
26 35 4 85 78 70
26 36 34 65 61 54
26 37 81 11 10 30
26 38 49 47 65 27
26 39 10 72 47 61
26 40 14 78 79 48
26 41 60 21 20 43
26 42 94 32 34 26
26 43 88 55 43 27
26 44 43 64 66 52
27 28 95 6 25 3
27 29 6 72 76 60
27 30 43 40 52 45
27 31 54 58 52 33
27 32 70 24 50 34
27 33 53 53 67 63
27 34 93 29 3 10
27 35 2 74 59 87
27 36 79 37 38 31
27 37 56 37 38 64
27 38 7 78 77 61
27 39 25 60 86 83
27 40 54 38 69 27
27 41 99 50 16 9
27 42 67 33 23 60
27 43 96 23 48 14
27 44 81 42 55 17
28 29 70 52 50 33
28 30 79 57 15 40
28 31 48 74 70 67
28 32 66 37 58 21
28 33 48 63 62 72
28 34 89 27 20 34
28 35 17 75 64 63
28 36 87 11 51 31
28 37 44 73 69 55
28 38 12 69 91 51
28 39 29 38 69 63
28 40 45 45 52 73
28 41 81 12 44 39
28 42 8 62 81 65
28 43 31 82 74 61
28 44 99 30 39 44
29 30 59 29 33 62
29 31 89 52 24 25
29 32 64 53 43 28
29 33 62 27 40 42
29 34 69 19 20 57
29 35 29 69 55 64
29 36 41 45 54 54
29 37 1 60 69 67
29 38 30 67 50 66
29 39 20 89 48 81
29 40 83 54 31 25
29 41 7 63 46 89
29 42 18 41 70 53
29 43 55 66 50 40
29 44 81 11 51 11
30 31 77 41 58 59
30 32 87 47 18 44
30 33 67 42 30 16
30 34 61 50 28 42
30 35 34 82 35 33
30 36 77 13 38 18
30 37 59 38 50 57
30 38 65 54 58 59
30 39 28 41 82 42
30 40 75 19 52 41
30 41 71 16 28 53
30 42 62 41 29 29
30 43 22 57 68 67
30 44 5 50 90 81
31 32 34 71 47 48
31 33 84 9 34 14
31 34 65 50 20 51
31 35 5 85 82 95
31 36 11 75 64 82
31 37 62 21 65 20
31 38 92 45 39 17
31 39 28 39 56 71
31 40 57 54 65 42
31 41 98 9 41 24
31 42 48 25 45 26
31 43 66 53 35 48
31 44 44 70 63 70
32 33 19 43 67 84
32 34 71 18 28 24
32 35 67 55 46 48
32 36 48 64 26 26
32 37 38 73 56 37
32 38 9 57 73 45
32 39 57 61 26 60
32 40 99 47 11 14
32 41 49 60 51 39
32 42 7 66 88 95
32 43 81 10 25 50
32 44 12 74 92 83
33 34 50 48 56 71
33 35 31 51 61 45
33 36 77 23 45 11
33 37 72 23 58 63
33 38 77 21 48 43
33 39 77 39 22 48
33 40 62 42 38 19
33 41 60 68 42 40
33 42 88 34 21 54
33 43 90 23 39 9
33 44 93 21 49 52
34 35 6 48 94 46
34 36 96 30 3 13
34 37 30 48 48 82
34 38 86 14 8 40
34 39 74 30 41 49
34 40 1 62 90 95
34 41 54 39 49 49
34 42 51 73 35 53
34 43 44 66 74 28
34 44 98 14 33 1
35 36 92 8 15 20
35 37 59 54 55 57
35 38 95 44 12 12
35 39 43 67 58 42
35 40 48 41 63 28
35 41 5 77 79 53
35 42 70 45 17 41
35 43 46 67 56 43
35 44 39 36 50 62
36 37 69 35 23 49
36 38 95 23 6 35
36 39 72 29 28 41
36 40 60 55 55 22
36 41 64 38 27 45
36 42 28 72 45 83
36 43 46 57 43 61
36 44 71 26 60 47
37 38 29 54 50 67
37 39 0 83 63 87
37 40 7 82 58 89
37 41 82 30 55 55
37 42 71 44 23 63
37 43 1 80 60 82
37 44 0 96 50 59
38 39 49 58 54 28
38 40 5 54 87 91
38 41 23 81 58 56
38 42 73 23 36 17
38 43 4 61 88 51
38 44 82 51 26 17
39 40 90 19 11 20
39 41 91 45 11 39
39 42 79 40 25 25
39 43 3 67 88 55
39 44 92 38 8 52
40 41 54 39 45 50
40 42 81 21 11 23
40 43 32 79 77 64
40 44 39 31 67 51
41 42 27 58 62 68
41 43 14 57 49 53
41 44 64 43 17 34
42 43 76 23 12 48
42 44 46 36 28 65
43 44 97 4 9 28
