10 8
0.166667 0.166667 0.166667 0.166667 0.166667 0.166667 0.0 0.0 
0 1 65 81 40 37 69 60 56 57
0 2 52 76 36 55 53 66 46 45
0 3 72 54 78 79 58 49 77 56
0 4 69 50 43 79 69 82 40 38
0 5 0 16 38 30 12 14 10 12
0 6 75 76 74 61 61 58 73 64
0 7 27 61 44 55 55 19 34 43
0 8 67 34 52 69 41 76 46 78
0 9 56 72 54 30 63 30 36 68
1 2 85 86 91 73 74 45 87 63
1 3 58 39 64 62 63 31 78 62
1 4 57 55 60 61 64 43 39 71
1 5 73 45 58 37 71 67 76 38
1 6 91 80 72 45 74 95 89 50
1 7 42 61 30 43 52 22 25 62
1 8 77 73 74 83 86 84 77 52
1 9 34 23 40 59 41 60 32 28
2 3 0 25 38 2 3 18 8 17
2 4 14 24 35 24 17 50 39 55
2 5 79 72 78 58 69 58 43 58
2 6 16 43 58 55 24 48 54 27
2 7 78 73 76 88 72 43 50 50
2 8 82 50 74 46 89 48 72 56
2 9 47 47 37 66 42 36 32 29
3 4 18 49 30 46 30 32 57 44
3 5 33 60 26 64 56 32 36 38
3 6 95 73 73 60 74 95 85 84
3 7 93 78 85 49 66 55 84 57
3 8 67 77 50 80 65 71 61 59
3 9 56 48 68 34 47 29 66 36
4 5 10 41 51 14 46 13 28 26
4 6 5 25 31 52 33 7 29 11
4 7 75 83 70 63 52 83 42 82
4 8 98 71 69 93 76 83 78 81
4 9 83 85 77 75 67 62 86 85
5 6 59 36 55 78 52 75 29 78
5 7 30 36 53 44 38 55 43 35
5 8 88 73 86 56 67 85 71 91
5 9 1 44 27 6 28 14 23 28
6 7 31 38 39 58 50 36 24 58
6 8 56 70 42 38 28 51 63 77
6 9 50 60 75 41 51 61 70 39
7 8 52 34 26 27 60 58 60 36
7 9 36 40 63 49 63 19 55 51
8 9 92 71 58 52 56 81 58 56
