17 8
0.25 0.25 0.25 0.25 0.0 0.0 0.0 0.0 
0 1 39 60 73 24 33 59 28 31
0 2 88 48 64 35 79 45 44 47
0 3 60 89 29 71 13 12 88 52
0 4 32 50 43 80 67 30 20 40
0 5 92 22 68 41 82 34 82 57
0 6 60 67 67 91 48 77 39 61
0 7 46 26 51 16 71 82 10 22
0 8 0 60 70 6 34 50 56 42
0 9 63 41 37 51 85 28 23 56
0 10 39 53 86 16 74 19 20 67
0 11 75 76 16 40 50 32 88 43
0 12 93 93 35 18 33 46 81 39
0 13 7 31 10 61 48 54 28 42
0 14 59 80 45 39 79 19 40 91
0 15 78 26 52 65 28 47 50 49
0 16 15 53 66 36 66 76 9 11
1 2 81 45 18 53 18 33 85 29
1 3 88 89 87 35 68 27 36 66
1 4 33 41 8 7 37 77 49 25
1 5 73 39 75 91 56 62 43 37
1 6 50 83 23 22 17 72 21 46
1 7 23 63 9 75 46 84 70 83
1 8 6 42 57 69 55 41 45 61
1 9 19 78 67 69 22 36 7 12
1 10 89 80 89 32 60 58 92 89
1 11 39 17 8 87 18 59 45 17
1 12 85 31 55 72 94 31 77 59
1 13 31 30 52 28 7 74 42 65
1 14 85 33 58 19 68 92 89 39
1 15 88 43 26 32 84 41 23 63
1 16 34 77 81 24 55 19 16 27
2 3 20 51 18 46 52 79 38 48
2 4 27 27 46 78 40 28 39 34
2 5 62 26 91 20 75 21 28 44
2 6 70 43 62 34 18 57 69 75
2 7 67 91 26 79 91 35 80 27
2 8 87 24 19 75 53 56 30 74
2 9 21 55 26 41 27 56 74 6
2 10 38 19 46 57 44 81 68 26
2 11 93 33 94 52 64 19 41 77
2 12 37 61 34 76 81 10 10 39
2 13 46 86 72 42 17 36 17 68
2 14 26 21 53 6 25 75 65 79
2 15 71 64 63 35 31 82 54 79
2 16 49 80 35 49 85 56 13 62
3 4 77 73 54 89 58 25 42 43
3 5 95 56 44 32 27 93 67 34
3 6 52 50 27 23 72 16 72 47
3 7 85 42 90 71 60 54 53 27
3 8 72 66 23 85 42 46 79 40
3 9 70 72 33 85 87 52 87 47
3 10 59 13 75 83 58 78 42 55
3 11 58 78 53 66 53 23 55 43
3 12 24 42 47 8 44 7 61 83
3 13 49 11 82 63 16 34 68 54
3 14 69 64 91 37 46 16 57 65
3 15 4 38 41 40 44 70 25 79
3 16 50 77 24 45 30 31 66 80
4 5 69 29 30 28 16 71 45 18
4 6 16 12 47 23 23 22 28 22
4 7 13 47 57 56 29 72 81 66
4 8 85 94 95 54 67 73 77 84
4 9 2 28 13 6 68 52 3 25
4 10 52 30 19 30 86 64 29 45
4 11 21 45 43 36 15 42 30 32
4 12 71 71 92 27 54 62 90 44
4 13 0 35 21 10 41 62 59 42
4 14 77 77 88 71 93 53 24 90
4 15 1 8 40 51 3 31 55 55
4 16 43 48 20 28 35 27 72 34
5 6 46 36 67 70 52 50 87 47
5 7 34 67 13 39 60 78 82 40
5 8 25 26 40 80 18 41 32 49
5 9 34 84 17 50 51 30 35 35
5 10 43 43 54 81 82 47 55 88
5 11 26 30 66 5 45 42 44 15
5 12 29 58 18 71 65 84 28 79
5 13 43 28 23 84 76 19 61 53
5 14 6 77 59 7 37 18 7 32
5 15 68 28 43 44 19 54 80 40
5 16 79 41 88 43 91 95 75 75
6 7 68 16 25 31 66 19 93 81
6 8 31 41 44 27 68 16 78 29
6 9 27 7 36 30 21 52 47 46
6 10 73 40 60 24 24 92 19 25
6 11 30 72 36 9 72 59 6 46
6 12 0 20 78 9 29 41 41 78
6 13 78 55 74 69 90 91 21 78
6 14 86 84 47 57 43 79 76 70
6 15 45 26 15 77 66 56 79 40
6 16 32 50 35 71 31 68 61 25
7 8 71 91 16 66 16 62 51 46
7 9 27 49 57 16 19 8 44 55
7 10 55 80 62 41 37 64 65 30
7 11 53 83 52 90 52 84 16 61
7 12 8 30 5 21 34 26 25 4
7 13 92 34 23 92 74 37 92 64
7 14 11 19 31 3 16 16 16 12
7 15 56 51 22 83 20 69 70 78
7 16 62 57 85 79 60 15 38 17
8 9 11 8 54 41 47 56 38 78
8 10 75 68 81 43 17 81 68 73
8 11 20 67 34 69 42 45 58 35
8 12 27 18 14 76 19 23 21 32
8 13 4 22 47 63 1 18 80 34
8 14 20 45 11 35 8 56 51 30
8 15 52 33 26 78 35 80 22 84
8 16 85 59 23 28 76 94 58 28
9 10 37 20 22 31 65 48 18 85
9 11 57 15 32 72 83 82 83 18
9 12 51 31 10 69 67 57 44 56
9 13 10 71 37 72 27 16 31 4
9 14 8 46 48 66 21 65 22 18
9 15 63 51 18 74 84 46 53 16
9 16 96 94 60 66 31 31 44 58
10 11 92 93 65 62 71 83 45 24
10 12 23 31 17 38 44 22 50 80
10 13 16 71 75 13 19 11 22 9
10 14 38 29 28 50 8 27 15 29
10 15 69 42 20 65 93 79 56 91
10 16 91 46 48 77 41 75 58 35
11 12 44 34 35 16 17 68 25 71
11 13 51 54 17 73 77 81 12 36
11 14 50 38 87 53 60 28 60 37
11 15 84 25 38 44 20 54 52 75
11 16 47 77 64 33 65 37 64 46
12 13 68 81 39 56 61 27 81 63
12 14 16 13 42 23 65 45 76 25
12 15 88 23 34 87 93 84 65 44
12 16 44 25 34 36 49 78 78 69
13 14 18 18 46 54 7 13 15 7
13 15 4 57 63 30 66 70 55 79
13 16 87 74 85 27 45 52 64 96
14 15 8 27 20 31 73 44 52 43
14 16 23 73 77 38 60 52 24 59
15 16 47 60 11 19 25 45 44 44
