40 8
0.5 0.5 0.0 0.0 0.0 0.0 0.0 0.0 
0 1 18 55 13 34 32 13 27 57
0 2 4 25 25 45 42 29 10 15
0 3 84 65 87 52 57 81 51 54
0 4 56 36 60 68 47 68 56 39
0 5 60 78 34 70 68 52 48 32
0 6 77 44 39 67 65 44 80 39
0 7 20 33 39 13 44 15 23 28
0 8 37 29 37 39 41 24 21 26
0 9 84 71 47 45 71 66 48 68
0 10 0 3 25 22 11 36 25 44
0 11 71 70 62 67 81 55 70 70
0 12 46 40 34 35 35 69 57 41
0 13 14 42 20 50 43 27 42 48
0 14 81 50 75 76 86 41 44 78
0 15 10 28 28 29 23 38 26 29
0 16 80 63 48 80 74 65 68 47
0 17 65 52 45 51 56 81 81 60
0 18 98 90 83 88 84 63 81 80
0 19 99 80 98 86 79 57 96 81
0 20 95 77 54 49 85 67 91 60
0 21 1 8 43 48 45 9 19 29
0 22 52 71 48 44 71 41 32 63
0 23 25 12 28 51 16 47 15 38
0 24 4 39 49 37 11 2 21 24
0 25 70 53 36 69 83 81 78 36
0 26 76 59 46 41 58 56 75 40
0 27 61 33 77 68 48 45 73 33
0 28 68 76 64 80 69 73 53 56
0 29 13 38 45 52 40 43 23 55
0 30 23 58 54 29 33 22 45 55
0 31 45 36 23 69 48 23 23 30
0 32 92 57 82 50 51 81 87 75
0 33 40 48 69 66 23 45 34 47
0 34 10 45 12 8 10 17 30 5
0 35 16 39 43 42 8 37 32 58
0 36 14 9 23 12 28 54 12 51
0 37 80 73 57 70 65 88 60 45
0 38 20 47 13 52 33 41 23 14
0 39 25 16 15 46 15 30 51 56
1 2 33 63 21 58 32 51 58 58
1 3 49 36 67 35 62 59 55 58
1 4 98 72 77 88 62 61 58 91
1 5 29 60 40 46 54 40 23 63
1 6 99 68 72 98 70 91 80 53
1 7 94 59 62 64 68 60 50 61
1 8 83 50 63 55 56 80 73 75
1 9 12 54 43 36 55 14 44 18
1 10 94 57 60 64 50 59 52 67
1 11 14 9 17 23 36 35 51 40
1 12 27 21 43 23 40 45 59 28
1 13 0 33 18 18 7 1 18 37
1 14 58 51 75 65 33 76 57 58
1 15 52 60 67 31 57 42 42 28
1 16 84 90 79 74 61 78 72 45
1 17 36 58 18 51 47 49 62 46
1 18 69 67 70 49 77 79 79 78
1 19 67 79 56 71 72 83 63 48
1 20 32 62 43 52 65 37 49 22
1 21 7 24 6 10 45 25 26 38
1 22 48 28 56 34 59 27 57 37
1 23 9 27 34 17 19 33 10 50
1 24 17 22 32 10 22 39 12 46
1 25 32 21 19 31 62 54 33 35
1 26 12 55 19 23 48 49 33 19
1 27 57 50 46 61 44 41 58 58
1 28 41 29 32 35 58 61 46 65
1 29 50 66 65 65 67 47 72 50
1 30 7 52 30 7 19 13 14 44
1 31 33 19 23 17 52 50 20 62
1 32 86 55 69 77 66 73 51 75
1 33 30 30 37 57 28 21 22 38
1 34 50 60 42 34 57 41 41 57
1 35 60 65 42 53 40 46 64 32
1 36 44 55 33 54 39 68 49 62
1 37 40 21 25 52 60 54 39 45
1 38 11 44 29 27 23 7 29 22
1 39 64 59 62 82 39 46 42 78
2 3 59 56 49 49 44 37 39 63
2 4 90 51 93 48 57 84 87 57
2 5 56 59 75 34 72 38 41 58
2 6 83 52 63 81 55 52 67 70
2 7 53 74 39 45 29 42 39 69
2 8 66 78 66 39 81 33 53 78
2 9 33 25 33 42 50 56 31 27
2 10 10 23 6 8 41 52 37 19
2 11 10 54 46 8 8 44 7 42
2 12 46 42 23 40 26 64 43 27
2 13 65 51 77 35 70 79 62 56
2 14 68 62 83 61 83 60 40 72
2 15 56 37 66 36 55 49 45 35
2 16 36 67 66 57 48 67 46 55
2 17 70 70 58 78 68 35 79 38
2 18 47 26 45 58 27 55 27 35
2 19 34 62 53 58 25 18 54 66
2 20 33 26 58 43 53 26 23 45
2 21 28 45 53 39 18 45 47 25
2 22 28 20 46 54 27 45 18 53
2 23 95 82 62 95 77 70 87 69
2 24 15 28 17 24 13 24 54 33
2 25 44 39 54 27 49 23 57 61
2 26 56 60 69 57 55 72 52 66
2 27 3 11 3 27 23 8 34 43
2 28 90 79 58 68 45 86 55 80
2 29 14 19 33 14 36 37 9 30
2 30 57 34 38 30 31 76 36 48
2 31 12 53 21 33 31 7 35 12
2 32 24 41 27 30 23 44 18 14
2 33 95 86 53 52 74 75 71 93
2 34 78 71 78 44 63 63 45 71
2 35 68 69 44 64 34 55 66 49
2 36 12 53 6 28 23 34 20 34
2 37 70 81 39 53 39 53 51 65
2 38 73 66 64 64 85 69 43 38
2 39 88 56 55 64 61 68 93 65
3 4 19 55 54 21 37 27 48 31
3 5 46 61 31 41 26 26 52 41
3 6 34 31 31 39 43 30 26 52
3 7 77 54 74 73 41 56 66 48
3 8 41 29 21 45 47 53 33 59
3 9 88 68 69 62 73 85 91 91
3 10 49 67 50 55 30 52 72 49
3 11 45 30 65 71 44 50 34 33
3 12 45 27 63 68 26 53 31 61
3 13 66 57 56 55 40 54 60 37
3 14 67 66 66 51 80 77 56 53
3 15 64 37 68 46 79 78 33 76
3 16 75 39 64 63 73 73 38 77
3 17 18 51 13 55 52 43 13 46
3 18 59 57 57 34 43 53 65 44
3 19 1 40 29 4 9 44 30 34
3 20 67 68 77 35 75 77 66 41
3 21 74 84 40 43 64 71 74 51
3 22 81 80 40 83 44 74 67 85
3 23 77 39 45 81 79 87 79 76
3 24 5 46 16 52 10 14 38 44
3 25 22 35 34 35 43 21 19 18
3 26 18 57 10 51 48 15 44 52
3 27 4 30 12 48 3 19 37 45
3 28 8 28 31 40 7 25 25 49
3 29 89 75 87 65 58 51 86 87
3 30 40 24 39 35 27 27 66 34
3 31 65 57 38 40 65 59 80 55
3 32 61 63 69 65 60 51 32 37
3 33 36 55 56 40 38 33 33 43
3 34 50 46 59 42 35 29 59 31
3 35 12 20 17 9 25 32 40 54
3 36 35 21 23 46 42 28 55 57
3 37 28 20 21 56 16 22 53 51
3 38 51 39 71 34 58 69 62 71
3 39 7 51 35 30 33 51 28 49
4 5 47 43 38 45 46 32 56 45
4 6 16 51 33 50 33 31 14 44
4 7 59 66 66 32 33 53 74 38
4 8 93 92 88 55 94 77 86 69
4 9 4 43 37 18 8 32 45 32
4 10 39 63 29 46 25 21 44 19
4 11 9 14 31 8 22 45 20 42
4 12 57 66 54 35 63 56 67 33
4 13 52 41 28 53 29 42 30 28
4 14 37 26 59 19 23 66 27 42
4 15 48 42 46 40 25 62 30 50
4 16 66 49 74 56 48 34 78 38
4 17 85 87 43 75 65 81 82 66
4 18 61 76 64 31 57 62 38 39
4 19 49 31 48 54 49 34 26 27
4 20 97 51 54 80 90 72 65 75
4 21 98 74 88 84 63 73 75 67
4 22 94 69 91 70 57 63 56 83
4 23 68 41 49 40 57 65 51 57
4 24 59 55 56 68 33 75 33 75
4 25 27 25 16 45 20 59 49 45
4 26 52 64 62 60 69 47 42 49
4 27 20 29 28 19 53 13 43 16
4 28 60 67 45 73 31 79 55 57
4 29 6 19 34 18 30 33 11 21
4 30 39 47 51 24 51 33 23 31
4 31 92 69 90 91 67 65 93 48
4 32 14 30 27 49 23 13 36 37
4 33 70 78 80 59 77 73 45 39
4 34 50 47 69 73 58 61 48 33
4 35 29 44 37 25 24 30 43 53
4 36 97 75 74 83 82 67 92 84
4 37 44 28 62 64 47 37 36 54
4 38 96 54 88 50 91 54 70 65
4 39 52 73 66 54 67 64 63 34
5 6 80 60 40 73 86 60 66 63
5 7 33 41 39 23 19 32 53 51
5 8 13 39 38 28 26 48 17 48
5 9 63 45 50 62 38 47 70 81
5 10 93 54 79 57 58 83 74 50
5 11 78 85 56 46 61 47 51 56
5 12 50 57 40 52 48 32 69 35
5 13 62 49 36 40 59 33 60 80
5 14 47 50 52 57 58 70 72 71
5 15 54 65 72 42 30 48 45 45
5 16 22 41 21 16 21 27 43 32
5 17 20 46 19 33 51 47 16 31
5 18 0 49 18 11 36 31 9 23
5 19 75 85 50 52 76 49 84 82
5 20 3 7 39 40 30 21 7 3
5 21 82 83 47 59 84 60 87 51
5 22 66 36 54 45 47 74 59 47
5 23 95 73 48 52 96 71 93 65
5 24 41 34 46 29 39 41 27 37
5 25 17 19 14 33 53 30 30 15
5 26 44 39 64 35 25 58 30 41
5 27 2 16 13 30 7 38 7 47
5 28 48 54 24 46 43 54 49 28
5 29 26 42 25 58 33 22 49 29
5 30 29 28 56 28 17 20 47 63
5 31 14 54 50 8 29 35 54 35
5 32 23 12 46 38 47 48 36 37
5 33 97 76 67 67 83 63 71 75
5 34 22 59 40 57 33 41 22 45
5 35 55 44 53 40 33 69 62 41
5 36 47 23 43 66 37 39 59 71
5 37 79 67 67 81 52 76 49 86
5 38 5 49 46 33 30 19 36 17
5 39 26 59 54 52 24 56 34 61
6 7 3 19 16 51 13 34 11 12
6 8 0 22 33 44 26 2 15 22
6 9 30 27 64 24 26 38 63 27
6 10 52 39 38 60 34 35 55 37
6 11 30 55 17 57 52 55 41 45
6 12 58 32 36 33 70 66 29 61
6 13 52 66 70 69 75 68 71 48
6 14 99 70 83 79 51 90 77 76
6 15 39 46 51 56 38 50 20 27
6 16 10 30 51 26 43 8 42 49
6 17 58 76 44 42 50 61 37 62
6 18 38 36 60 62 48 67 54 46
6 19 18 21 50 28 52 11 52 42
6 20 5 45 18 40 33 18 8 41
6 21 86 82 69 62 77 84 43 90
6 22 31 19 20 51 33 41 60 28
6 23 33 30 42 45 22 47 62 21
6 24 70 53 74 40 69 75 79 54
6 25 26 15 54 31 33 29 50 53
6 26 32 37 51 25 23 34 30 22
6 27 64 45 56 45 34 48 59 45
6 28 70 68 41 45 35 70 44 52
6 29 37 59 43 67 67 39 48 47
6 30 65 65 36 77 47 76 58 42
6 31 33 43 56 25 56 30 65 40
6 32 9 54 22 18 23 9 12 39
6 33 30 37 43 28 33 30 61 49
6 34 85 51 46 84 69 73 44 50
6 35 31 18 55 44 20 43 36 26
6 36 52 50 34 46 56 58 49 59
6 37 77 77 88 47 58 77 80 71
6 38 20 38 46 38 39 14 16 52
6 39 8 22 37 47 38 39 21 44
7 8 59 33 66 41 76 31 58 40
7 9 85 74 77 76 81 69 83 68
7 10 22 28 19 45 46 59 59 36
7 11 49 68 50 57 42 50 70 68
7 12 87 86 92 93 84 81 51 83
7 13 71 73 77 45 82 82 53 75
7 14 2 14 7 29 8 29 33 9
7 15 88 84 69 46 62 55 52 47
7 16 25 26 52 34 61 24 34 15
7 17 80 55 67 47 63 83 68 53
7 18 98 65 64 58 92 84 58 75
7 19 52 32 70 60 71 62 48 26
7 20 61 39 80 32 41 50 33 43
7 21 95 51 80 58 71 67 48 71
7 22 93 56 94 55 66 83 76 78
7 23 68 75 60 56 42 34 75 63
7 24 68 56 47 80 80 67 46 76
7 25 77 63 81 53 47 39 40 48
7 26 10 41 44 35 29 17 40 51
7 27 9 28 35 25 44 46 18 33
7 28 2 37 2 15 14 20 5 27
7 29 67 37 38 46 41 39 74 33
7 30 78 46 82 57 43 48 44 81
7 31 84 77 88 47 71 57 46 62
7 32 83 56 66 61 73 68 65 75
7 33 73 72 51 53 76 78 49 85
7 34 66 39 36 63 56 60 68 57
7 35 76 81 63 50 54 41 65 50
7 36 4 5 29 41 47 7 7 28
7 37 79 41 59 82 71 44 62 52
7 38 61 42 37 60 78 33 32 79
7 39 98 50 74 95 52 93 80 88
8 9 75 75 86 84 49 58 50 65
8 10 43 60 46 59 39 70 47 69
8 11 61 46 62 46 68 78 64 36
8 12 44 69 51 32 28 48 24 23
8 13 83 43 87 52 74 70 85 81
8 14 52 40 75 43 58 40 31 40
8 15 76 66 53 85 68 63 73 83
8 16 1 6 42 25 32 27 41 24
8 17 3 31 18 29 40 15 43 35
8 18 48 34 41 24 41 33 25 55
8 19 99 52 85 94 87 52 98 95
8 20 28 56 32 34 30 25 18 44
8 21 8 41 46 35 16 7 46 52
8 22 49 25 74 54 62 33 37 62
8 23 69 59 46 56 65 72 61 82
8 24 98 73 52 78 69 88 56 81
8 25 22 14 60 60 41 17 29 13
8 26 18 19 52 39 21 20 39 29
8 27 49 74 31 30 48 72 33 66
8 28 54 63 66 37 54 48 58 74
8 29 44 56 42 56 27 24 54 69
8 30 92 77 77 85 57 47 78 73
8 31 15 55 34 17 30 10 30 19
8 32 97 89 61 98 56 90 80 94
8 33 32 30 26 51 17 57 53 41
8 34 1 22 48 38 40 14 45 20
8 35 62 63 63 41 52 52 66 68
8 36 41 40 52 43 44 21 70 50
8 37 20 30 23 24 31 51 43 58
8 38 84 53 42 72 52 47 84 76
8 39 86 49 80 54 76 55 43 68
9 10 90 81 51 76 57 66 59 71
9 11 78 65 44 84 52 65 62 84
9 12 8 41 19 4 33 41 47 24
9 13 79 87 58 55 63 60 83 67
9 14 56 54 75 46 54 46 72 42
9 15 93 67 55 58 59 92 56 48
9 16 71 54 55 64 36 37 77 53
9 17 13 28 20 49 51 45 53 36
9 18 79 73 49 68 66 41 55 81
9 19 66 50 57 71 76 34 80 46
9 20 11 22 47 29 12 6 28 25
9 21 76 39 43 83 80 78 84 75
9 22 33 44 44 57 26 34 17 64
9 23 16 55 28 34 58 18 22 28
9 24 90 49 81 50 66 59 45 89
9 25 87 91 52 80 71 57 66 72
9 26 25 61 57 36 49 13 51 29
9 27 33 20 26 49 46 54 44 54
9 28 27 46 15 54 55 42 39 52
9 29 34 51 35 59 41 42 55 46
9 30 5 27 43 17 50 37 10 45
9 31 26 19 14 22 53 24 32 19
9 32 41 42 57 36 45 21 53 66
9 33 5 42 42 48 32 50 27 48
9 34 74 38 87 78 71 78 64 62
9 35 91 46 49 71 90 68 45 91
9 36 81 75 83 60 85 67 43 55
9 37 90 81 84 80 94 48 92 73
9 38 71 36 49 48 63 66 79 52
9 39 14 42 54 55 47 44 9 40
10 11 6 53 33 47 30 28 27 17
10 12 35 31 55 61 27 50 63 54
10 13 15 18 24 46 45 55 56 39
10 14 38 48 42 40 45 49 65 29
10 15 33 63 49 24 34 27 22 37
10 16 3 15 8 5 35 12 33 41
10 17 85 87 84 44 67 52 77 65
10 18 54 52 37 39 37 62 42 36
10 19 0 35 19 48 36 34 11 14
10 20 66 78 65 48 80 41 61 81
10 21 76 51 85 69 85 44 82 63
10 22 17 25 17 23 44 32 19 38
10 23 53 57 54 33 74 50 73 51
10 24 88 44 93 90 86 86 78 46
10 25 56 75 32 76 44 49 38 48
10 26 58 57 57 48 66 47 37 66
10 27 58 46 53 65 71 32 50 32
10 28 32 60 26 56 63 59 49 60
10 29 80 89 54 58 40 48 45 58
10 30 66 65 42 66 75 65 50 38
10 31 7 47 42 26 29 9 51 41
10 32 19 18 17 25 46 29 23 24
10 33 21 56 51 32 39 16 13 48
10 34 39 26 53 36 35 63 29 46
10 35 0 8 16 20 0 8 18 14
10 36 76 70 63 86 55 67 41 69
10 37 95 57 87 94 83 70 86 88
10 38 96 58 88 51 96 93 66 94
10 39 48 65 42 50 73 25 64 39
11 12 23 49 54 26 52 55 48 40
11 13 31 20 26 44 45 44 37 56
11 14 51 52 70 47 59 64 54 47
11 15 33 56 49 36 62 27 55 24
11 16 18 17 28 32 50 33 21 27
11 17 61 70 73 46 47 47 60 71
11 18 85 88 59 91 59 88 47 82
11 19 5 24 31 13 46 8 48 4
11 20 42 71 38 39 64 25 70 24
11 21 54 72 43 64 65 31 43 45
11 22 28 41 31 54 55 43 60 42
11 23 70 80 52 48 62 57 68 46
11 24 58 69 53 54 66 78 57 73
11 25 23 25 37 41 52 50 41 31
11 26 71 36 58 54 44 80 50 70
11 27 19 57 29 24 46 51 55 57
11 28 1 34 3 50 40 48 20 33
11 29 59 43 51 66 56 70 31 39
11 30 83 62 56 50 72 66 81 77
11 31 91 47 78 72 86 87 47 53
11 32 52 48 34 71 75 63 48 46
11 33 53 76 61 38 50 67 62 41
11 34 9 51 10 10 50 15 47 40
11 35 86 57 85 72 60 77 43 57
11 36 39 56 46 24 63 29 67 44
11 37 36 48 43 59 40 52 21 49
11 38 31 37 40 41 38 30 37 16
11 39 14 29 19 39 39 28 53 32
12 13 8 48 33 39 14 4 25 38
12 14 13 34 47 41 11 24 24 31
12 15 29 49 29 60 22 48 28 20
12 16 82 64 43 52 81 89 56 67
12 17 39 38 30 51 58 65 28 54
12 18 45 48 48 53 42 48 65 56
12 19 77 85 77 81 84 42 67 39
12 20 51 53 39 62 69 38 70 54
12 21 14 55 32 20 40 33 7 48
12 22 97 58 68 79 55 82 54 85
12 23 93 60 79 81 65 72 95 59
12 24 60 59 53 48 53 48 62 70
12 25 74 39 40 44 38 61 55 37
12 26 75 37 83 54 53 58 84 44
12 27 46 65 38 34 70 49 59 25
12 28 44 34 47 60 36 66 33 48
12 29 27 32 27 52 56 27 29 36
12 30 29 35 59 36 27 33 44 18
12 31 22 13 37 34 28 37 49 54
12 32 60 53 41 78 60 61 70 61
12 33 47 55 51 30 25 72 26 59
12 34 58 58 75 67 45 50 59 53
12 35 44 29 30 45 71 35 47 36
12 36 43 33 32 39 49 68 40 45
12 37 28 47 33 19 47 31 21 36
12 38 14 33 41 32 14 39 42 49
12 39 44 42 67 29 27 56 67 35
13 14 93 66 94 57 77 73 94 73
13 15 56 76 37 47 62 44 50 32
13 16 56 50 55 44 77 77 55 41
13 17 17 24 38 13 25 43 10 55
13 18 76 38 41 40 45 43 85 49
13 19 35 19 46 60 55 38 59 31
13 20 54 65 69 66 36 63 76 60
13 21 48 39 38 62 35 45 48 29
13 22 46 33 70 37 71 66 36 30
13 23 78 53 78 82 88 69 40 41
13 24 70 52 42 44 75 55 37 84
13 25 64 53 41 80 35 70 81 50
13 26 89 93 82 78 51 85 76 84
13 27 25 37 31 40 60 36 38 13
13 28 28 35 35 18 58 49 26 16
13 29 8 31 20 46 41 40 27 44
13 30 4 41 2 48 31 37 27 19
13 31 92 77 73 62 70 81 60 95
13 32 7 10 46 38 42 34 33 51
13 33 46 25 44 41 28 38 28 64
13 34 75 66 76 67 51 50 45 84
13 35 59 55 74 41 37 45 67 32
13 36 17 53 43 39 40 25 24 23
13 37 23 50 39 25 47 12 42 12
13 38 12 53 6 37 9 9 38 36
13 39 72 40 79 45 75 52 82 60
14 15 83 83 82 66 44 77 68 67
14 16 29 26 21 37 28 29 45 50
14 17 24 40 17 21 54 20 45 58
14 18 36 35 47 39 33 65 32 41
14 19 83 63 59 85 48 55 80 62
14 20 39 50 45 25 61 63 21 27
14 21 96 74 73 72 81 77 79 87
14 22 42 27 25 48 22 63 53 23
14 23 0 48 8 36 8 38 12 39
14 24 8 45 8 43 28 12 24 36
14 25 9 7 31 5 37 35 16 44
14 26 8 10 13 34 16 46 52 34
14 27 23 31 37 19 17 20 15 55
14 28 43 32 47 26 35 35 32 46
14 29 77 64 45 69 64 74 38 41
14 30 73 58 85 48 71 58 58 56
14 31 16 13 22 39 57 16 9 49
14 32 83 76 84 63 68 60 75 88
14 33 52 59 32 72 62 57 55 32
14 34 83 70 65 54 64 83 48 85
14 35 58 61 33 71 54 41 49 66
14 36 92 85 52 93 51 50 62 81
14 37 6 52 27 37 41 8 44 10
14 38 15 26 56 24 38 12 19 18
14 39 95 55 59 54 61 80 65 79
15 16 99 78 52 69 98 81 86 52
15 17 5 30 44 40 13 44 21 49
15 18 50 49 54 30 48 70 62 54
15 19 38 21 46 40 43 28 28 28
15 20 50 36 51 39 52 64 71 54
15 21 2 13 3 12 32 45 32 44
15 22 87 71 58 64 92 60 65 54
15 23 32 65 36 53 17 48 26 39
15 24 32 64 20 55 45 35 43 59
15 25 63 33 70 43 78 37 60 38
15 26 20 30 32 23 34 29 37 19
15 27 81 74 51 88 43 79 42 65
15 28 67 41 57 79 71 55 61 57
15 29 77 39 43 64 47 52 49 86
15 30 60 75 77 57 63 70 46 38
15 31 38 61 60 67 48 29 24 19
15 32 69 58 58 50 43 40 63 59
15 33 82 79 44 65 45 75 87 80
15 34 83 57 75 47 52 77 83 54
15 35 69 84 83 49 75 65 42 56
15 36 25 61 19 37 38 61 14 39
15 37 39 57 58 39 33 38 24 26
15 38 91 85 51 75 49 79 52 81
15 39 82 84 65 46 58 65 42 54
16 17 63 73 41 43 62 58 52 78
16 18 56 67 28 37 32 54 41 71
16 19 92 83 50 72 48 89 49 50
16 20 75 74 81 86 57 69 45 68
16 21 39 23 50 20 46 31 67 27
16 22 73 65 73 77 54 56 64 54
16 23 37 20 47 20 55 42 23 33
16 24 49 64 71 64 63 58 39 33
16 25 70 83 58 80 65 60 53 55
16 26 71 82 84 70 55 70 43 59
16 27 30 62 44 32 64 34 20 21
16 28 0 27 11 40 39 47 34 6
16 29 38 51 42 39 33 19 41 50
16 30 87 56 86 93 44 66 56 58
16 31 27 45 36 39 18 27 35 23
16 32 36 32 33 65 33 20 61 20
16 33 12 12 25 12 28 49 39 28
16 34 93 85 69 60 64 91 79 56
16 35 22 42 34 56 55 44 49 27
16 36 66 72 33 62 43 65 75 81
16 37 27 24 19 37 49 25 46 27
16 38 64 54 33 35 69 41 79 65
16 39 82 62 62 66 53 41 60 63
17 18 70 39 56 38 83 47 56 38
17 19 48 37 64 62 30 46 49 74
17 20 10 7 9 47 31 31 25 6
17 21 4 22 19 30 16 48 42 49
17 22 59 32 76 41 44 59 58 72
17 23 12 21 53 28 17 8 32 25
17 24 93 76 86 85 87 90 83 67
17 25 18 48 42 27 21 10 29 56
17 26 41 46 65 62 27 37 48 36
17 27 29 29 53 48 42 22 46 41
17 28 19 33 12 54 38 56 35 27
17 29 43 39 50 32 64 37 66 40
17 30 85 54 68 50 92 78 76 88
17 31 65 54 76 37 76 57 80 38
17 32 19 19 47 30 47 36 9 44
17 33 83 59 67 72 57 56 69 62
17 34 85 47 74 70 81 53 53 65
17 35 94 67 80 80 69 59 73 51
17 36 22 45 59 45 35 53 21 33
17 37 70 72 70 56 50 49 40 73
17 38 62 80 74 71 80 56 51 77
17 39 31 41 35 57 45 24 16 39
18 19 48 30 50 58 63 42 73 53
18 20 79 77 49 58 67 73 65 59
18 21 5 34 21 34 52 3 18 46
18 22 57 40 66 34 42 59 69 51
18 23 83 88 64 77 47 62 84 50
18 24 46 57 43 53 32 26 38 46
18 25 48 58 38 37 29 57 25 35
18 26 59 37 41 74 32 63 62 61
18 27 41 31 31 40 23 53 21 39
18 28 52 70 31 54 75 49 31 49
18 29 5 19 12 44 52 49 48 14
18 30 10 20 15 26 49 48 19 36
18 31 50 52 55 32 63 63 74 56
18 32 52 66 43 48 28 65 70 46
18 33 3 8 19 48 4 8 6 46
18 34 5 34 31 6 26 24 17 12
18 35 58 51 56 46 65 45 70 76
18 36 44 44 69 55 60 34 23 32
18 37 58 67 32 57 39 43 73 51
18 38 66 66 52 60 33 36 51 70
18 39 89 70 66 71 72 90 54 84
19 20 70 56 58 53 83 41 79 43
19 21 27 36 29 43 50 41 17 61
19 22 46 43 37 23 37 72 65 42
19 23 36 47 35 60 68 22 55 63
19 24 41 51 65 23 54 61 34 44
19 25 68 60 54 68 36 60 47 47
19 26 26 22 52 35 34 57 18 41
19 27 82 87 47 59 43 78 43 53
19 28 36 31 25 52 30 36 49 55
19 29 40 35 26 51 51 40 41 27
19 30 62 33 66 52 46 63 33 74
19 31 41 31 41 69 37 30 70 60
19 32 68 59 71 53 63 51 51 58
19 33 3 51 15 2 11 42 46 26
19 34 35 52 20 62 55 60 53 43
19 35 44 30 29 61 34 71 58 65
19 36 45 47 36 29 72 43 46 66
19 37 6 7 40 7 23 34 40 50
19 38 20 11 35 32 51 11 55 46
19 39 57 41 33 30 53 29 60 77
20 21 15 30 10 18 53 35 32 12
20 22 44 70 24 69 38 23 51 67
20 23 11 42 43 38 39 37 54 21
20 24 76 84 79 72 78 51 65 43
20 25 88 64 93 51 50 59 56 62
20 26 86 92 88 81 72 91 85 62
20 27 48 49 55 59 55 74 45 74
20 28 43 49 49 47 45 64 26 47
20 29 6 4 42 27 24 31 4 43
20 30 92 95 68 94 88 62 71 51
20 31 4 44 19 31 21 11 15 11
20 32 7 37 41 31 12 17 33 24
20 33 99 65 87 50 99 99 61 71
20 34 16 17 47 57 18 45 48 45
20 35 74 61 53 42 57 75 71 77
20 36 52 54 33 58 60 42 73 63
20 37 40 40 65 68 66 35 53 33
20 38 94 89 61 90 68 86 95 83
20 39 41 42 38 43 32 36 36 61
21 22 81 88 47 88 66 51 51 67
21 23 98 51 62 75 84 87 86 61
21 24 13 36 37 42 22 36 29 41
21 25 16 40 53 25 24 44 19 12
21 26 5 41 31 31 6 26 18 7
21 27 77 76 54 84 69 73 65 80
21 28 84 86 61 64 55 88 66 50
21 29 84 42 68 85 68 66 50 58
21 30 32 49 48 41 64 31 40 17
21 31 71 37 77 59 82 52 73 84
21 32 84 89 57 85 81 90 76 77
21 33 31 57 31 34 58 28 40 40
21 34 97 82 74 74 77 64 59 74
21 35 98 91 82 74 85 91 92 50
21 36 74 81 48 42 49 57 62 46
21 37 1 43 36 6 11 22 21 50
21 38 10 13 47 14 9 19 30 10
21 39 65 44 53 48 67 61 64 47
22 23 25 38 30 41 44 36 62 41
22 24 76 47 64 56 80 73 58 59
22 25 61 42 34 66 73 55 45 35
22 26 55 39 53 76 51 29 64 55
22 27 59 53 65 30 31 41 43 32
22 28 24 54 54 46 62 43 15 36
22 29 99 54 63 98 76 77 95 60
22 30 73 60 75 59 53 53 61 55
22 31 7 41 22 26 37 26 47 53
22 32 31 60 40 38 47 35 16 60
22 33 18 58 29 50 23 43 22 24
22 34 46 48 69 33 44 56 37 33
22 35 21 57 39 25 42 14 42 56
22 36 66 50 57 75 59 47 62 74
22 37 77 67 57 81 61 52 80 69
22 38 50 50 52 74 65 35 40 72
22 39 6 4 34 40 6 51 14 26
23 24 78 51 86 84 55 85 75 83
23 25 31 49 53 52 28 25 23 65
23 26 78 62 82 42 44 40 68 86
23 27 92 66 95 92 89 91 89 83
23 28 72 71 75 80 78 45 66 60
23 29 8 11 53 53 26 25 29 19
23 30 49 33 39 51 34 67 60 49
23 31 47 66 41 26 35 24 71 34
23 32 30 35 49 44 59 33 39 29
23 33 4 37 36 38 50 33 43 5
23 34 20 44 24 10 40 44 41 31
23 35 65 49 52 76 34 41 42 50
23 36 48 68 27 64 67 65 56 36
23 37 46 71 63 59 69 49 34 67
23 38 86 75 93 48 66 57 52 53
23 39 14 35 56 25 35 11 47 52
24 25 40 68 23 23 31 49 60 28
24 26 21 14 36 38 42 46 25 48
24 27 21 16 38 38 28 12 21 42
24 28 26 43 34 14 24 50 29 37
24 29 84 56 60 61 82 42 42 65
24 30 25 58 13 19 43 33 30 21
24 31 28 57 63 47 48 20 28 62
24 32 53 70 40 42 34 62 43 42
24 33 95 91 91 90 49 72 83 82
24 34 36 52 34 21 67 51 33 46
24 35 75 59 70 57 86 60 42 52
24 36 19 24 35 25 22 45 15 22
24 37 90 72 68 47 59 59 90 69
24 38 19 57 10 26 55 16 50 31
24 39 13 49 20 47 33 26 16 12
25 26 61 59 75 43 43 79 40 37
25 27 73 58 38 55 84 78 83 59
25 28 62 49 46 33 52 51 39 73
25 29 38 54 44 42 67 28 41 24
25 30 20 52 11 21 59 42 55 59
25 31 48 62 27 54 28 72 66 73
25 32 50 53 31 56 73 49 59 55
25 33 32 55 36 31 50 28 23 51
25 34 68 75 37 37 77 67 60 45
25 35 23 15 14 31 47 23 13 33
25 36 32 62 22 51 19 30 62 63
25 37 40 22 33 37 46 37 63 25
25 38 85 49 54 56 69 68 81 43
25 39 42 62 31 48 25 29 64 55
26 27 54 29 75 70 62 34 60 60
26 28 28 22 39 38 43 33 64 44
26 29 35 54 23 24 22 51 57 23
26 30 93 83 48 50 85 50 92 53
26 31 4 33 38 4 12 35 21 42
26 32 97 89 62 51 61 66 68 78
26 33 96 82 56 66 71 66 54 80
26 34 37 39 22 56 66 48 51 51
26 35 50 38 36 68 33 66 45 59
26 36 49 29 68 57 60 55 38 74
26 37 76 55 86 72 80 74 38 44
26 38 37 30 63 65 56 51 21 34
26 39 88 58 88 66 68 74 65 72
27 28 89 76 51 52 73 93 70 63
27 29 36 23 66 39 59 22 60 41
27 30 84 52 60 71 42 73 47 86
27 31 4 39 37 18 17 9 4 22
27 32 96 71 83 96 64 95 51 93
27 33 59 65 69 43 46 30 57 42
27 34 29 59 29 21 58 32 22 49
27 35 50 53 30 31 34 52 55 38
27 36 70 67 81 43 59 77 63 71
27 37 49 53 29 58 54 66 64 37
27 38 4 51 25 26 38 32 18 39
27 39 78 55 76 41 82 44 74 71
28 29 88 47 87 87 51 89 61 62
28 30 77 61 85 69 54 41 72 76
28 31 64 81 58 68 68 33 58 67
28 32 31 49 37 16 41 32 52 46
28 33 2 35 4 9 30 36 35 34
28 34 80 56 59 55 85 77 74 43
28 35 57 48 78 63 44 34 36 45
28 36 6 31 31 50 15 4 50 4
28 37 75 86 41 60 77 41 55 76
28 38 59 40 54 53 60 70 41 42
28 39 50 60 44 39 37 69 60 28
29 30 97 85 64 79 63 97 58 60
29 31 12 50 19 50 39 53 46 34
29 32 47 29 28 37 35 36 25 24
29 33 44 22 66 53 39 67 62 35
29 34 74 80 41 46 76 66 78 65
29 35 62 46 74 56 39 69 68 78
29 36 96 92 62 67 94 68 53 75
29 37 93 86 70 61 64 81 58 94
29 38 41 66 32 26 52 33 28 53
29 39 75 82 49 79 85 63 80 66
30 31 63 32 60 74 62 71 46 55
30 32 72 53 52 53 80 84 49 70
30 33 59 46 73 53 43 44 56 46
30 34 10 21 29 36 12 16 10 23
30 35 16 19 29 32 51 46 45 9
30 36 81 78 67 87 43 57 71 75
30 37 52 51 31 60 41 44 45 38
30 38 16 37 14 28 18 28 45 34
30 39 90 62 70 68 92 82 61 93
31 32 86 55 55 76 47 88 46 79
31 33 90 60 67 78 50 54 79 94
31 34 31 19 63 42 42 45 63 44
31 35 33 50 46 38 26 23 36 36
31 36 19 35 28 44 29 40 43 46
31 37 48 38 53 42 52 55 51 24
31 38 28 50 22 46 40 53 17 30
31 39 35 63 48 53 34 51 53 41
32 33 42 63 44 32 33 25 25 22
32 34 18 42 12 34 34 55 10 13
32 35 99 61 60 77 98 57 59 62
32 36 56 39 36 42 72 50 74 76
32 37 65 41 76 76 66 47 45 44
32 38 96 68 86 48 89 62 63 93
32 39 31 62 43 35 51 26 55 62
33 34 11 42 45 24 54 39 14 14
33 35 43 61 45 24 31 66 42 53
33 36 1 33 5 37 38 49 45 40
33 37 42 61 52 64 68 34 33 46
33 38 77 76 60 39 72 39 71 43
33 39 86 47 72 71 62 73 84 74
34 35 69 37 44 71 45 60 61 51
34 36 90 57 53 89 54 49 53 55
34 37 94 75 81 51 79 55 72 55
34 38 33 63 51 27 50 45 42 59
34 39 63 34 72 45 53 34 55 71
35 36 72 67 63 58 41 40 77 80
35 37 33 28 48 53 57 30 30 52
35 38 2 43 5 48 15 36 41 30
35 39 36 60 27 42 60 61 47 60
36 37 58 30 66 54 35 55 72 47
36 38 90 87 93 56 58 55 59 80
36 39 11 45 46 52 42 33 51 26
37 38 10 35 39 26 27 25 9 42
37 39 20 55 15 13 33 27 57 35
38 39 7 9 29 39 27 48 35 48
