15 8
0.4 0 0 0 0 0 0 0.6
0 1 96 70 83 88 69 54 82 62
0 2 54 35 53 60 38 43 66 52
0 3 63 56 44 67 72 41 68 79
0 4 91 90 58 68 64 67 72 68
0 5 6 15 26 15 30 28 40 11
0 6 40 40 70 44 33 27 23 37
0 7 96 57 50 84 69 60 67 89
0 8 89 68 54 52 66 47 50 54
0 9 4 15 32 19 46 32 42 34
0 10 27 21 28 48 16 45 48 53
0 11 1 33 43 46 30 38 2 46
0 12 20 40 54 39 17 52 12 35
0 13 47 50 33 55 69 47 27 60
0 14 68 82 57 47 39 50 55 74
1 2 19 52 46 36 52 28 41 16
1 3 78 86 80 55 70 56 80 85
1 4 25 51 61 31 58 61 55 34
1 5 44 24 29 55 64 41 51 34
1 6 0 30 23 41 20 32 12 35
1 7 67 69 39 54 64 41 80 50
1 8 37 55 54 61 21 57 45 47
1 9 45 62 56 49 35 38 66 49
1 10 7 52 24 31 17 48 25 29
1 11 29 20 44 33 54 25 15 35
1 12 1 6 48 17 5 50 44 14
1 13 78 83 56 80 58 71 69 62
1 14 38 33 38 47 52 52 58 55
2 3 2 47 36 7 9 18 44 20
2 4 79 52 62 78 71 61 69 81
2 5 63 69 69 72 80 51 63 76
2 6 50 32 74 69 25 60 65 70
2 7 25 25 19 54 43 53 59 46
2 8 67 61 47 63 44 53 65 43
2 9 5 5 48 14 3 25 23 14
2 10 53 27 51 34 36 61 58 35
2 11 89 52 76 80 69 82 70 68
2 12 58 71 32 78 77 75 64 30
2 13 4 10 7 19 44 11 36 49
2 14 43 43 26 67 60 56 47 59
3 4 96 85 87 86 60 69 83 53
3 5 33 41 39 53 26 25 51 60
3 6 88 83 75 86 93 45 62 85
3 7 5 43 32 5 43 10 38 4
3 8 19 47 43 55 47 30 57 12
3 9 55 37 66 29 64 76 32 46
3 10 73 67 70 62 76 37 86 56
3 11 84 85 82 60 48 64 88 63
3 12 10 12 53 52 36 41 35 27
3 13 42 60 63 57 64 62 23 28
3 14 4 18 50 5 22 34 18 26
4 5 46 54 50 53 69 66 65 46
4 6 41 62 34 46 34 55 65 51
4 7 80 69 60 65 46 57 75 68
4 8 44 66 52 65 60 57 24 63
4 9 14 54 34 45 44 8 13 11
4 10 87 75 91 46 50 89 59 77
4 11 2 16 20 1 40 27 33 3
4 12 15 50 24 55 24 15 13 55
4 13 14 53 8 32 11 21 35 15
4 14 7 37 36 17 5 51 5 44
5 6 85 50 59 48 81 92 79 85
5 7 15 46 32 27 35 37 50 49
5 8 34 54 59 25 37 44 47 35
5 9 89 82 75 62 46 83 80 62
5 10 8 36 13 38 40 15 46 31
5 11 98 53 76 50 63 53 75 68
5 12 36 63 20 26 61 63 25 42
5 13 79 47 89 80 69 86 63 71
5 14 25 22 61 24 57 19 23 33
6 7 61 38 75 53 39 68 48 44
6 8 57 71 31 72 47 36 49 44
6 9 32 26 46 23 62 54 20 18
6 10 27 20 53 55 40 60 61 37
6 11 26 14 29 44 48 28 49 56
6 12 35 40 29 25 17 44 55 21
6 13 56 58 55 36 68 63 28 46
6 14 70 80 53 48 72 78 67 74
7 8 16 53 24 9 27 31 48 44
7 9 87 85 54 69 91 56 71 46
7 10 67 76 66 68 60 38 64 53
7 11 67 33 83 65 44 45 37 38
7 12 74 42 81 75 70 43 42 46
7 13 99 51 98 87 51 64 70 76
7 14 98 64 62 53 65 89 64 72
8 9 0 42 16 46 48 25 19 39
8 10 28 54 61 18 37 15 46 38
8 11 33 52 35 23 58 64 66 21
8 12 57 78 52 59 38 51 30 31
8 13 99 80 56 79 90 71 60 59
8 14 38 44 23 50 68 35 33 34
9 10 34 44 59 39 34 22 35 28
9 11 85 62 65 90 71 72 90 48
9 12 30 38 26 45 56 49 16 20
9 13 49 37 57 69 72 46 38 31
9 14 19 17 17 9 12 45 36 56
10 11 86 60 53 44 90 76 44 93
10 12 70 67 64 75 83 81 79 40
10 13 62 73 52 41 73 31 68 75
10 14 48 31 47 29 51 54 46 71
11 12 88 52 83 90 45 86 57 93
11 13 25 53 48 16 28 62 15 51
11 14 76 58 76 56 40 41 57 81
12 13 16 23 47 44 30 23 22 27
12 14 1 31 37 2 21 25 15 35
13 14 14 31 36 42 31 44 48 50
