17 8
0.4 0 0 0 0 0 0 0.6
0 1 11 7 30 50 54 37 37 40
0 2 80 71 52 69 72 83 59 55
0 3 32 31 38 59 49 31 25 54
0 4 99 50 72 91 72 85 77 65
0 5 52 26 45 44 75 67 57 50
0 6 78 52 77 70 44 60 59 86
0 7 56 32 70 69 53 67 77 29
0 8 99 80 84 75 97 99 75 66
0 9 89 72 78 90 51 85 57 65
0 10 46 67 46 38 27 70 39 47
0 11 67 39 44 43 56 53 42 51
0 12 83 44 87 86 65 52 54 44
0 13 50 33 59 60 34 58 56 64
0 14 54 70 63 42 73 29 61 44
0 15 25 15 33 43 31 41 20 52
0 16 27 28 46 54 41 34 16 48
1 2 20 27 16 25 33 14 41 21
1 3 85 79 88 64 54 44 60 61
1 4 68 57 56 70 38 64 77 55
1 5 29 15 25 53 34 15 20 15
1 6 4 2 4 51 43 50 38 19
1 7 60 39 37 64 78 46 74 58
1 8 72 59 53 82 71 59 53 37
1 9 63 34 74 45 34 73 50 46
1 10 38 59 66 32 38 39 40 23
1 11 11 6 41 14 12 24 10 50
1 12 21 59 44 16 23 19 27 30
1 13 14 41 56 50 15 28 52 22
1 14 59 61 79 46 65 35 42 78
1 15 72 39 53 84 50 74 74 48
1 16 90 87 58 90 59 55 61 63
2 3 29 52 15 40 61 27 41 58
2 4 59 37 53 31 31 52 69 38
2 5 85 79 44 71 59 78 79 49
2 6 20 19 44 34 48 17 22 37
2 7 15 12 20 34 16 51 28 46
2 8 91 54 78 76 61 78 61 61
2 9 43 60 31 23 28 44 30 30
2 10 22 34 18 13 53 19 27 15
2 11 74 41 44 70 58 68 75 50
2 12 17 17 33 48 27 38 26 34
2 13 11 18 16 21 8 6 48 30
2 14 18 30 57 29 32 14 44 53
2 15 41 47 42 48 31 69 48 44
2 16 14 13 14 42 36 39 50 31
3 4 52 56 52 44 31 47 60 61
3 5 42 53 28 67 66 30 22 25
3 6 96 98 85 84 68 59 49 57
3 7 37 42 30 58 21 34 30 65
3 8 39 63 33 55 19 48 20 32
3 9 56 75 50 45 73 50 36 41
3 10 55 33 41 66 49 64 56 62
3 11 63 34 71 79 38 54 35 68
3 12 33 55 25 33 20 61 22 59
3 13 16 15 32 31 38 49 48 35
3 14 10 41 54 14 38 10 49 29
3 15 47 34 29 60 64 33 72 29
3 16 2 10 1 40 4 28 50 21
4 5 1 3 38 19 13 40 29 34
4 6 92 54 70 68 77 59 55 75
4 7 81 77 64 56 88 70 65 64
4 8 33 26 22 25 36 63 35 43
4 9 40 31 43 23 22 53 52 35
4 10 33 25 24 26 49 36 29 23
4 11 57 55 35 36 67 63 36 47
4 12 10 7 6 34 7 21 48 15
4 13 45 36 34 63 28 68 45 67
4 14 34 61 32 63 48 40 20 53
4 15 45 26 28 49 63 62 22 23
4 16 79 80 57 72 78 87 59 75
5 6 68 75 56 35 79 58 58 56
5 7 98 71 64 89 60 66 55 80
5 8 18 45 14 40 14 27 21 13
5 9 59 39 33 58 35 69 59 38
5 10 40 23 54 34 35 63 44 22
5 11 83 70 80 79 77 55 76 76
5 12 4 3 4 12 51 40 41 50
5 13 48 69 27 65 46 65 46 53
5 14 52 55 51 70 41 64 39 38
5 15 39 22 38 59 41 20 39 66
5 16 37 20 45 28 30 28 20 48
6 7 44 68 63 44 22 25 48 44
6 8 88 50 69 50 86 84 59 61
6 9 60 73 46 42 41 37 43 68
6 10 57 78 64 57 68 41 51 35
6 11 39 26 68 32 57 20 32 67
6 12 99 61 66 50 70 82 93 89
6 13 48 51 26 56 37 60 73 26
6 14 91 93 93 81 52 60 63 81
6 15 88 74 47 93 55 92 91 46
6 16 78 84 71 40 79 55 45 68
7 8 16 12 46 20 13 57 34 16
7 9 93 59 80 59 84 71 69 58
7 10 25 39 44 18 34 59 45 60
7 11 96 87 58 79 67 76 89 97
7 12 20 13 21 12 10 56 37 16
7 13 0 40 10 13 18 9 48 41
7 14 87 71 49 45 45 86 49 92
7 15 51 48 41 43 37 37 26 61
7 16 59 32 52 63 63 76 56 33
8 9 3 10 33 47 5 23 14 5
8 10 92 67 80 84 65 71 47 52
8 11 80 42 71 76 83 54 48 41
8 12 53 67 34 27 70 53 59 71
8 13 7 5 36 24 34 27 48 42
8 14 72 51 36 52 54 64 82 71
8 15 64 50 70 39 65 42 42 60
8 16 15 22 21 48 41 55 24 55
9 10 74 50 37 47 46 79 69 47
9 11 42 64 22 52 46 60 48 64
9 12 3 30 10 38 48 30 17 46
9 13 96 68 55 94 54 87 93 78
9 14 52 73 45 71 31 70 46 60
9 15 94 65 52 78 96 59 80 65
9 16 58 30 66 78 32 30 36 73
10 11 9 7 34 38 36 41 51 27
10 12 11 8 52 37 48 46 49 11
10 13 51 71 31 49 62 39 48 31
10 14 17 38 47 46 11 11 13 13
10 15 59 60 68 43 58 32 75 31
10 16 58 63 48 73 71 77 50 59
11 12 98 65 55 80 86 77 74 65
11 13 93 58 78 66 84 53 82 67
11 14 65 70 61 81 69 38 76 71
11 15 11 28 30 40 41 32 38 32
11 16 47 24 54 43 36 62 42 47
12 13 81 84 66 58 90 74 42 81
12 14 1 5 22 23 21 24 46 25
12 15 88 80 68 58 92 69 56 93
12 16 12 28 54 7 46 46 9 8
13 14 88 70 44 89 77 48 69 76
13 15 98 80 84 83 68 60 88 81
13 16 52 67 35 66 49 54 58 57
14 15 59 36 48 53 42 40 57 43
14 16 42 64 52 63 65 66 30 44
15 16 87 63 83 86 71 90 62 47
