22 8
0.4 0 0 0 0 0 0 0.6
0 1 55 80 39 62 64 34 79 83
0 2 87 84 89 58 72 59 21 71
0 3 63 37 56 39 88 39 86 22
0 4 64 23 46 30 17 90 89 72
0 5 28 70 12 59 41 12 23 64
0 6 31 61 71 68 18 42 61 27
0 7 88 19 17 48 19 33 26 75
0 8 25 75 65 39 67 23 65 72
0 9 98 59 72 30 46 94 79 63
0 10 93 81 36 55 51 36 69 33
0 11 96 76 59 98 48 76 49 92
0 12 34 17 68 46 86 55 11 21
0 13 50 77 31 76 67 20 53 19
0 14 90 34 68 95 87 75 77 76
0 15 12 80 71 63 9 28 10 64
0 16 55 86 90 62 67 16 90 56
0 17 45 86 37 80 46 78 55 15
0 18 71 61 44 84 57 77 15 43
0 19 10 12 58 14 8 10 35 36
0 20 0 31 28 53 41 47 54 46
0 21 63 46 40 35 22 21 86 32
1 2 98 52 54 87 80 95 72 25
1 3 47 43 59 42 30 87 30 41
1 4 97 53 58 34 29 77 93 95
1 5 71 23 88 42 25 15 53 35
1 6 20 55 20 18 44 59 42 36
1 7 94 76 90 88 44 93 63 27
1 8 59 43 70 58 50 32 76 26
1 9 82 79 48 34 37 40 46 47
1 10 1 27 79 42 75 53 60 3
1 11 14 26 41 47 64 23 5 60
1 12 17 21 82 54 15 39 22 4
1 13 45 79 30 68 64 42 10 25
1 14 41 34 16 28 34 39 39 46
1 15 21 13 40 74 11 68 4 40
1 16 59 36 13 41 61 25 50 61
1 17 5 22 43 38 46 2 5 28
1 18 99 48 40 82 88 47 47 69
1 19 54 36 59 28 40 58 34 44
1 20 71 83 36 64 17 87 67 77
1 21 57 90 78 64 71 15 83 82
2 3 95 93 57 94 72 68 61 71
2 4 63 13 50 19 17 91 54 56
2 5 82 61 72 96 38 60 36 46
2 6 80 40 40 38 22 78 61 79
2 7 23 32 48 65 84 27 70 35
2 8 90 59 79 88 84 45 74 90
2 9 98 68 61 59 42 38 56 91
2 10 32 25 62 15 48 17 20 79
2 11 45 29 65 49 44 65 37 15
2 12 9 4 34 69 22 57 37 56
2 13 91 77 65 96 69 84 86 65
2 14 54 50 77 84 56 54 72 73
2 15 91 60 37 69 40 79 48 59
2 16 44 51 38 23 45 32 60 33
2 17 85 36 46 51 36 61 30 67
2 18 69 55 64 74 37 27 22 85
2 19 18 17 15 73 24 25 32 80
2 20 56 80 74 88 16 78 45 69
2 21 92 69 44 37 25 71 80 43
3 4 48 42 81 57 15 48 26 10
3 5 4 65 68 52 42 33 55 1
3 6 75 48 37 26 81 82 51 90
3 7 6 1 66 67 76 40 43 8
3 8 4 38 44 34 35 26 19 37
3 9 41 64 56 51 10 26 46 62
3 10 88 38 92 75 72 24 41 50
3 11 49 77 42 12 20 59 16 85
3 12 18 65 49 33 27 49 58 19
3 13 54 35 13 55 16 81 54 34
3 14 97 35 78 23 72 74 37 60
3 15 16 41 63 38 78 61 46 53
3 16 49 51 51 16 59 60 25 36
3 17 62 27 73 25 82 77 43 82
3 18 47 59 62 47 58 61 85 61
3 19 23 55 53 5 62 63 7 77
3 20 67 52 26 44 73 53 15 23
3 21 25 33 84 58 28 73 80 20
4 5 68 22 43 56 46 91 69 50
4 6 13 51 70 80 35 75 31 63
4 7 87 91 61 62 34 28 77 39
4 8 57 76 23 11 37 12 49 84
4 9 59 43 83 73 33 43 78 64
4 10 11 65 44 40 6 51 63 47
4 11 36 58 60 81 86 7 67 81
4 12 81 51 75 82 65 92 38 85
4 13 56 26 66 87 83 73 53 69
4 14 91 49 48 49 48 39 94 35
4 15 65 38 65 61 13 57 85 30
4 16 26 62 41 37 20 76 23 84
4 17 12 61 17 32 42 77 72 52
4 18 32 58 63 28 75 47 40 54
4 19 13 64 51 27 43 70 23 65
4 20 72 74 32 37 32 56 28 47
4 21 85 21 19 79 33 29 39 28
5 6 0 20 2 21 41 18 64 51
5 7 80 81 73 23 91 32 83 86
5 8 40 75 26 85 87 48 46 76
5 9 34 16 41 24 55 61 48 79
5 10 82 90 69 60 70 47 32 17
5 11 32 30 23 34 65 22 33 11
5 12 14 30 4 57 79 36 40 58
5 13 4 80 33 2 69 40 51 79
5 14 12 60 60 39 62 63 47 60
5 15 51 72 47 46 41 69 44 28
5 16 10 42 30 3 53 26 36 26
5 17 57 50 72 85 56 34 62 38
5 18 81 63 65 68 21 30 72 26
5 19 79 86 74 92 92 70 30 92
5 20 96 83 71 85 58 50 28 77
5 21 51 83 41 73 25 56 85 24
6 7 80 60 93 65 53 59 93 20
6 8 39 35 22 27 74 17 42 72
6 9 78 71 22 42 90 42 28 87
6 10 56 57 16 67 52 30 16 35
6 11 49 83 36 57 20 46 48 63
6 12 83 96 64 88 47 30 32 40
6 13 1 73 76 19 74 34 26 12
6 14 67 54 53 74 21 78 73 14
6 15 87 18 52 92 96 94 29 45
6 16 39 60 23 72 53 13 82 48
6 17 83 67 19 28 55 79 25 48
6 18 9 35 44 11 77 46 68 45
6 19 66 66 27 40 50 93 65 88
6 20 53 28 63 32 38 89 47 34
6 21 17 34 34 73 35 7 61 83
7 8 34 82 29 66 57 56 56 13
7 9 65 57 93 22 87 30 60 13
7 10 17 73 33 33 40 66 73 69
7 11 57 57 37 50 15 54 25 70
7 12 65 86 72 76 19 63 13 44
7 13 64 79 42 91 48 59 39 35
7 14 82 21 21 26 51 51 56 72
7 15 22 83 21 80 64 59 51 24
7 16 61 91 44 86 40 75 37 73
7 17 75 66 82 93 40 32 60 73
7 18 63 52 18 34 59 80 58 39
7 19 68 48 31 21 38 92 16 25
7 20 39 51 33 23 75 25 68 66
7 21 84 68 71 26 70 70 53 38
8 9 79 63 52 22 70 36 91 81
8 10 34 46 14 65 68 18 40 53
8 11 59 17 32 65 76 84 27 47
8 12 24 7 72 70 32 6 41 76
8 13 24 29 64 43 51 23 74 73
8 14 85 87 30 78 80 76 90 84
8 15 63 37 88 87 23 75 51 35
8 16 73 20 93 16 87 40 58 90
8 17 78 27 89 58 34 25 58 37
8 18 50 75 10 85 44 30 48 78
8 19 92 79 80 67 54 74 93 82
8 20 34 51 33 22 48 83 36 41
8 21 97 79 78 24 86 40 27 81
9 10 42 69 20 22 46 45 57 84
9 11 36 77 80 84 85 74 20 79
9 12 22 64 62 68 24 76 20 81
9 13 51 59 61 29 81 18 87 11
9 14 72 89 72 37 36 27 33 42
9 15 43 76 51 19 41 51 87 67
9 16 92 65 97 52 83 44 24 82
9 17 13 58 81 9 40 35 82 36
9 18 46 14 84 58 58 73 56 31
9 19 78 26 38 81 40 46 22 27
9 20 97 90 72 31 33 42 79 31
9 21 93 47 81 72 96 22 69 42
10 11 97 63 36 74 19 67 48 61
10 12 97 77 71 97 68 74 62 94
10 13 47 26 35 48 33 79 31 61
10 14 48 12 39 87 84 54 60 15
10 15 13 61 33 8 64 31 8 54
10 16 15 55 48 54 73 34 28 45
10 17 22 73 30 65 52 63 58 36
10 18 64 69 75 32 27 52 58 39
10 19 20 82 31 79 23 8 21 57
10 20 77 22 88 25 65 31 64 29
10 21 56 40 86 84 34 18 64 29
11 12 65 69 38 87 75 73 38 16
11 13 1 74 7 74 21 0 17 68
11 14 9 6 24 11 26 25 22 65
11 15 38 83 50 8 61 55 78 20
11 16 48 75 34 24 33 67 15 26
11 17 46 64 72 50 65 49 19 63
11 18 40 56 73 42 19 38 61 51
11 19 92 75 22 27 80 45 89 72
11 20 11 66 21 6 61 50 72 9
11 21 84 40 25 47 66 86 43 82
12 13 66 57 91 32 42 71 24 53
12 14 56 70 39 62 83 63 55 49
12 15 75 28 31 35 73 50 45 58
12 16 25 50 30 84 6 51 57 8
12 17 34 56 82 71 84 40 9 83
12 18 3 27 56 64 26 46 73 72
12 19 73 22 86 22 58 73 21 27
12 20 74 41 30 23 59 25 80 26
12 21 42 69 59 86 77 14 37 24
13 14 95 61 39 60 24 43 42 64
13 15 12 25 70 4 10 69 7 55
13 16 49 19 58 58 29 33 23 87
13 17 79 72 79 93 24 46 40 39
13 18 70 67 47 82 86 71 48 55
13 19 10 2 37 68 47 72 76 62
13 20 28 40 57 38 18 35 53 54
13 21 24 40 43 78 55 48 30 52
14 15 87 56 92 70 71 59 63 17
14 16 37 27 77 18 39 68 46 36
14 17 21 23 13 67 62 39 64 14
14 18 51 60 44 71 28 84 51 88
14 19 31 17 32 36 22 79 55 85
14 20 98 84 94 50 84 65 94 75
14 21 82 36 70 57 87 69 69 95
15 16 29 12 77 73 50 14 78 64
15 17 21 4 44 67 82 70 84 10
15 18 97 74 67 39 52 68 23 35
15 19 37 49 8 19 43 10 85 17
15 20 78 54 84 69 60 89 37 40
15 21 4 15 21 34 34 74 39 39
16 17 76 93 25 54 90 31 35 74
16 18 86 33 65 62 46 83 41 93
16 19 44 68 57 51 61 64 22 88
16 20 13 38 52 75 70 16 51 82
16 21 14 25 78 8 78 7 38 36
17 18 10 78 25 21 21 55 21 33
17 19 52 21 37 75 27 66 82 11
17 20 96 85 92 60 70 80 30 66
17 21 94 94 37 70 75 32 46 71
18 19 28 83 58 5 49 10 9 72
18 20 9 51 33 33 78 55 24 43
18 21 75 35 19 72 49 48 49 78
19 20 79 51 62 23 23 95 44 23
19 21 34 16 81 71 67 13 16 16
20 21 33 83 14 15 64 34 76 81
