22 8
0.6 0 0 0 0 0 0 0.4
0 1 77 42 47 88 52 74 88 83
0 2 28 56 24 23 23 14 32 27
0 3 34 63 26 44 34 24 29 49
0 4 31 43 24 49 28 28 63 58
0 5 38 62 36 26 19 21 26 32
0 6 0 37 6 4 35 21 5 8
0 7 49 30 33 64 38 59 57 29
0 8 77 49 58 53 75 55 81 47
0 9 38 41 65 50 41 43 46 58
0 10 91 87 61 50 47 85 47 60
0 11 57 53 75 64 46 34 29 69
0 12 55 34 60 55 74 41 44 33
0 13 72 49 76 76 71 48 66 60
0 14 85 89 75 50 61 55 69 69
0 15 81 40 73 51 50 86 62 49
0 16 18 16 22 38 22 53 38 53
0 17 21 27 12 15 23 47 50 43
0 18 26 43 17 37 60 26 48 50
0 19 19 31 34 36 21 41 12 19
0 20 22 45 39 32 41 52 54 42
0 21 21 34 54 25 58 46 12 36
1 2 55 56 77 56 41 48 53 56
1 3 27 49 27 28 39 59 27 58
1 4 50 59 56 26 62 70 63 36
1 5 67 75 48 65 83 61 79 44
1 6 62 77 75 48 69 60 45 52
1 7 96 67 62 54 84 71 86 76
1 8 9 23 17 27 10 43 53 14
1 9 10 7 16 55 33 29 29 32
1 10 16 48 17 43 11 42 35 22
1 11 66 48 77 82 65 52 65 35
1 12 39 30 24 42 68 35 34 61
1 13 83 69 85 62 82 46 47 64
1 14 69 47 46 47 46 74 78 69
1 15 37 56 42 35 20 61 22 21
1 16 93 61 60 52 86 62 77 74
1 17 60 78 31 46 60 61 56 65
1 18 94 86 84 80 47 58 71 60
1 19 14 55 20 33 35 29 36 19
1 20 55 38 40 48 59 69 64 38
1 21 94 49 49 53 78 77 64 59
2 3 82 51 67 56 87 56 54 60
2 4 0 24 42 17 48 34 47 11
2 5 39 56 23 46 25 21 33 44
2 6 64 36 49 40 81 52 38 33
2 7 29 28 28 47 26 50 33 19
2 8 26 43 33 22 34 26 61 27
2 9 87 46 76 53 46 86 52 73
2 10 47 30 57 43 28 34 65 36
2 11 10 29 13 21 6 18 44 13
2 12 75 40 69 72 68 82 51 69
2 13 94 87 57 64 57 67 95 75
2 14 59 37 30 35 44 67 34 37
2 15 7 35 6 53 48 39 14 46
2 16 72 66 49 70 47 66 85 61
2 17 64 33 77 38 81 48 68 38
2 18 17 51 31 19 43 39 37 49
2 19 18 15 15 10 42 9 41 18
2 20 5 34 27 4 7 44 50 33
2 21 52 53 47 31 57 75 31 34
3 4 39 37 46 43 66 52 67 55
3 5 14 21 56 32 16 10 45 10
3 6 17 38 15 14 41 17 28 14
3 7 62 68 79 40 62 51 34 36
3 8 74 41 70 68 53 43 59 75
3 9 90 76 86 47 72 56 78 45
3 10 10 52 33 17 21 8 8 28
3 11 40 28 53 65 60 55 50 30
3 12 20 16 15 27 30 40 16 37
3 13 84 42 64 45 81 88 83 85
3 14 23 22 45 15 53 28 33 14
3 15 23 45 48 50 26 57 33 28
3 16 83 81 49 84 50 81 72 65
3 17 13 7 36 56 51 53 48 34
3 18 99 54 69 60 76 83 78 65
3 19 18 42 28 18 41 49 36 30
3 20 18 9 55 47 30 19 39 35
3 21 58 73 52 65 59 50 76 55
4 5 5 19 38 21 41 14 49 6
4 6 96 91 79 92 60 63 54 96
4 7 78 73 74 70 46 65 87 88
4 8 75 69 79 55 58 53 75 40
4 9 44 41 71 33 40 47 35 41
4 10 42 43 51 51 50 54 22 31
4 11 85 80 69 49 85 89 60 83
4 12 48 57 37 57 49 50 24 44
4 13 60 66 31 69 52 72 80 63
4 14 63 60 57 44 50 36 76 48
4 15 96 68 86 50 52 83 74 61
4 16 40 23 70 41 51 21 63 23
4 17 6 35 24 38 4 31 47 46
4 18 23 17 39 37 30 20 44 12
4 19 17 16 15 26 55 43 48 29
4 20 32 60 54 63 38 61 33 46
4 21 27 55 57 19 51 46 23 41
5 6 78 51 72 74 49 56 73 52
5 7 55 34 31 37 39 46 51 70
5 8 13 8 26 48 20 27 16 41
5 9 8 36 22 36 9 28 12 6
5 10 36 56 22 57 34 24 62 67
5 11 20 36 28 52 29 44 47 42
5 12 41 33 28 27 65 51 32 68
5 13 52 42 70 74 46 74 60 37
5 14 64 34 77 46 37 43 36 59
5 15 75 53 57 81 76 56 74 39
5 16 0 44 16 13 22 26 17 6
5 17 41 55 64 67 28 34 21 33
5 18 89 52 90 76 48 83 70 90
5 19 80 77 66 84 84 55 73 68
5 20 82 64 42 51 61 51 56 51
5 21 24 58 52 13 58 57 60 22
6 7 8 50 42 28 53 14 53 34
6 8 55 36 76 44 68 68 42 68
6 9 0 9 45 9 31 27 21 4
6 10 33 43 42 47 18 28 49 38
6 11 94 92 52 54 84 96 52 56
6 12 62 50 45 73 41 68 51 57
6 13 33 66 34 22 45 65 62 48
6 14 44 65 48 68 27 56 33 45
6 15 60 74 55 45 57 56 72 74
6 16 97 70 98 94 96 81 95 53
6 17 90 52 69 89 83 94 92 58
6 18 67 77 49 82 44 38 55 76
6 19 94 68 78 62 56 94 59 65
6 20 94 49 79 83 60 74 94 94
6 21 59 65 74 78 36 57 58 43
7 8 41 21 52 60 57 27 38 64
7 9 19 56 58 26 56 46 17 20
7 10 15 35 23 41 31 32 23 42
7 11 9 44 33 13 40 42 41 15
7 12 1 10 37 37 2 41 17 31
7 13 70 78 59 39 51 55 65 57
7 14 75 50 43 70 82 82 66 72
7 15 37 31 45 18 48 49 48 41
7 16 31 22 53 59 21 41 16 56
7 17 35 32 26 50 53 66 65 44
7 18 99 81 81 80 89 60 87 54
7 19 14 23 14 33 47 46 35 51
7 20 23 30 42 43 22 48 23 54
7 21 31 55 57 57 32 35 62 31
8 9 62 78 59 66 42 49 60 31
8 10 86 66 87 86 56 85 92 70
8 11 34 59 40 50 36 54 63 49
8 12 84 77 91 84 82 86 88 88
8 13 94 73 80 60 87 84 77 54
8 14 52 44 54 47 74 26 49 62
8 15 93 86 82 73 84 55 52 61
8 16 48 64 41 25 63 54 63 40
8 17 6 24 23 41 40 51 30 52
8 18 48 40 26 28 47 31 25 61
8 19 28 21 14 39 42 25 55 21
8 20 59 77 60 41 39 43 33 39
8 21 37 19 41 19 54 28 40 60
9 10 85 88 86 81 70 45 80 45
9 11 9 15 24 54 10 23 40 46
9 12 12 18 6 6 44 48 46 25
9 13 51 60 42 31 70 69 74 60
9 14 61 71 49 64 60 48 46 58
9 15 59 64 42 40 53 75 45 55
9 16 76 55 50 62 43 43 66 87
9 17 21 26 53 27 32 19 40 54
9 18 18 38 29 31 20 22 33 21
9 19 99 68 64 80 81 72 66 97
9 20 10 13 30 6 32 31 52 34
9 21 38 68 54 29 46 45 64 56
10 11 70 35 79 66 58 53 38 64
10 12 3 31 31 18 33 44 10 10
10 13 12 35 16 29 15 35 24 29
10 14 42 62 48 40 29 24 65 68
10 15 42 43 64 34 32 22 47 26
10 16 14 54 39 15 23 8 50 50
10 17 62 47 74 44 34 64 74 54
10 18 51 68 42 59 62 59 74 55
10 19 64 48 46 56 64 34 75 32
10 20 77 50 50 51 85 49 53 57
10 21 57 77 50 29 60 55 75 73
11 12 85 90 68 61 59 56 60 57
11 13 55 38 61 74 31 38 46 35
11 14 2 20 43 15 6 27 42 29
11 15 7 43 38 36 21 38 26 20
11 16 78 80 79 71 56 44 73 81
11 17 49 34 46 49 42 33 46 57
11 18 47 24 35 37 64 72 46 69
11 19 76 71 41 72 40 66 54 55
11 20 65 78 35 63 62 55 51 46
11 21 4 33 19 7 2 35 19 37
12 13 60 50 78 35 65 55 58 71
12 14 58 38 70 77 68 59 52 68
12 15 50 27 36 68 50 57 66 57
12 16 32 26 62 61 59 59 33 29
12 17 88 54 68 84 57 91 84 63
12 18 91 76 91 89 93 69 82 59
12 19 92 51 71 54 86 65 49 69
12 20 9 53 22 39 19 43 6 51
12 21 40 42 56 46 27 39 42 25
13 14 19 49 48 58 12 40 55 45
13 15 68 51 79 36 81 70 73 54
13 16 37 32 67 23 20 37 46 51
13 17 51 73 37 35 63 48 36 36
13 18 80 74 41 59 61 54 58 76
13 19 60 60 77 59 60 54 37 78
13 20 25 13 53 15 20 13 26 21
13 21 92 89 80 48 75 65 82 52
14 15 41 42 25 53 61 26 42 24
14 16 78 82 72 60 48 74 75 84
14 17 19 34 17 37 21 10 25 48
14 18 22 17 26 35 28 15 48 51
14 19 31 18 20 36 54 57 40 25
14 20 58 66 59 44 64 32 64 40
14 21 99 99 74 63 92 53 87 85
15 16 13 49 12 44 34 51 36 23
15 17 72 60 63 48 65 74 76 83
15 18 4 35 47 42 21 34 45 33
15 19 8 40 5 25 30 12 38 13
15 20 25 16 36 20 12 48 61 18
15 21 18 58 24 37 25 13 14 41
16 17 43 31 45 69 37 30 43 71
16 18 91 64 80 50 66 52 65 66
16 19 50 34 55 29 40 25 50 34
16 20 99 84 98 97 66 98 74 59
16 21 21 49 55 47 58 55 13 34
17 18 52 54 52 33 72 75 48 27
17 19 71 45 59 58 35 71 83 74
17 20 97 65 54 78 65 86 94 66
17 21 79 51 49 44 61 82 51 87
18 19 9 10 12 9 29 7 19 25
18 20 72 49 84 40 81 73 47 58
18 21 46 30 33 29 42 61 55 26
19 20 44 36 23 48 48 27 37 62
19 21 51 32 50 65 68 63 25 46
20 21 87 89 64 84 81 66 62 53
