17 8
0 0.166667 0.166667 0.166667 0.166667 0.166667 0.166667 0 
0 1 97 21 15 22 19 46 9 4
0 2 26 48 78 85 65 79 72 66
0 3 95 24 36 4 18 11 20 41
0 4 13 63 78 84 73 76 62 54
0 5 43 57 31 55 51 28 67 53
0 6 12 53 68 73 59 81 77 79
0 7 92 32 10 12 8 34 39 28
0 8 44 43 59 53 54 30 50 60
0 9 51 36 55 65 48 64 55 51
0 10 27 60 48 60 79 37 78 83
0 11 0 76 79 92 80 66 74 95
0 12 8 63 83 61 79 53 89 62
0 13 64 64 63 43 66 49 43 20
0 14 88 50 42 55 53 6 14 53
0 15 96 20 24 49 43 18 24 21
0 16 1 59 85 70 96 94 89 58
1 2 50 49 44 28 55 26 39 72
1 3 63 38 21 49 45 44 44 51
1 4 69 57 62 19 39 46 25 39
1 5 51 47 62 41 25 25 42 33
1 6 59 64 56 39 56 53 51 54
1 7 25 79 59 69 61 83 68 61
1 8 90 11 30 21 18 17 41 13
1 9 82 35 25 14 49 55 52 49
1 10 77 27 54 53 20 57 14 57
1 11 54 68 31 67 28 43 24 68
1 12 54 70 53 41 29 47 47 25
1 13 84 31 34 53 34 24 25 27
1 14 12 91 51 52 69 47 91 44
1 15 81 45 24 47 23 13 56 59
1 16 8 50 63 67 81 77 75 67
2 3 18 44 44 69 76 90 57 55
2 4 31 75 83 73 37 65 67 68
2 5 45 42 58 39 36 52 57 40
2 6 61 33 25 38 32 34 38 48
2 7 59 65 56 39 32 22 56 66
2 8 95 15 51 7 12 20 27 10
2 9 17 45 63 68 60 61 68 61
2 10 94 4 28 10 30 25 33 4
2 11 89 31 36 55 43 7 38 40
2 12 52 48 58 39 70 40 70 49
2 13 78 27 31 11 58 44 41 14
2 14 60 24 28 61 51 55 57 48
2 15 55 62 70 35 69 36 52 70
2 16 5 75 50 70 90 74 96 84
3 4 14 53 68 81 57 89 85 57
3 5 62 60 19 56 42 54 54 25
3 6 90 52 37 5 39 23 25 38
3 7 62 55 51 64 56 43 45 51
3 8 80 13 54 19 58 30 40 30
3 9 58 64 52 57 67 45 68 53
3 10 22 47 78 69 68 59 53 81
3 11 58 63 44 35 48 58 50 50
3 12 49 52 68 36 71 53 54 39
3 13 87 20 19 17 31 36 50 55
3 14 97 11 51 8 18 34 11 1
3 15 2 70 96 50 86 77 85 75
3 16 42 77 29 44 41 60 57 46
4 5 12 52 77 89 67 75 69 71
4 6 13 68 63 69 84 74 77 87
4 7 66 24 60 63 50 65 44 49
4 8 21 52 70 68 70 44 45 86
4 9 53 57 44 42 66 70 43 65
4 10 51 70 60 33 58 38 40 57
4 11 21 68 86 45 72 45 60 58
4 12 86 42 42 12 43 7 38 30
4 13 61 25 41 47 65 52 27 57
4 14 89 54 31 34 16 6 43 9
4 15 57 37 30 71 37 41 56 49
4 16 96 14 24 16 36 3 16 13
5 6 24 71 71 64 44 57 64 42
5 7 19 79 51 70 40 43 42 74
5 8 43 42 49 72 56 68 64 29
5 9 25 49 47 48 37 51 50 66
5 10 83 51 46 33 30 12 45 43
5 11 43 45 62 77 36 64 73 43
5 12 98 29 25 11 50 31 35 28
5 13 82 18 31 9 10 35 15 42
5 14 14 69 82 43 71 46 87 69
5 15 87 37 26 44 42 9 9 20
5 16 20 72 66 55 62 41 43 60
6 7 94 34 24 41 43 30 14 24
6 8 95 4 38 31 3 18 31 11
6 9 37 62 47 53 31 34 63 54
6 10 41 60 38 48 68 52 56 51
6 11 73 45 45 46 51 41 29 59
6 12 44 57 49 41 35 67 75 52
6 13 4 57 82 48 65 97 96 93
6 14 77 20 23 15 40 60 30 46
6 15 24 42 57 82 40 44 75 68
6 16 31 59 69 41 47 77 44 65
7 8 1 70 76 72 89 50 94 50
7 9 4 63 91 58 47 80 60 55
7 10 74 14 57 45 15 17 43 29
7 11 17 64 48 74 73 75 67 53
7 12 73 26 25 54 40 56 27 50
7 13 74 41 21 21 41 44 50 28
7 14 1 49 91 56 81 51 57 98
7 15 15 65 89 70 84 78 46 59
7 16 18 73 76 81 74 89 90 49
8 9 95 44 24 7 31 40 39 12
8 10 77 22 19 39 41 29 56 15
8 11 40 70 61 72 30 40 41 33
8 12 10 60 47 51 79 82 66 46
8 13 96 30 6 35 15 37 6 26
8 14 65 22 60 43 24 51 40 29
8 15 99 30 22 38 39 44 0 1
8 16 98 25 19 37 30 7 36 23
9 10 94 41 51 33 25 15 7 16
9 11 78 17 30 48 43 12 42 56
9 12 35 73 45 70 55 69 44 57
9 13 96 37 48 43 36 29 2 10
9 14 80 58 51 35 32 55 50 57
9 15 63 68 68 62 50 58 31 63
9 16 12 55 47 80 78 45 72 82
10 11 6 49 78 47 58 76 87 90
10 12 43 57 74 57 31 29 72 62
10 13 35 42 63 54 34 67 36 75
10 14 58 33 58 27 27 50 36 26
10 15 74 14 22 33 28 46 34 59
10 16 85 22 45 50 18 53 34 50
11 12 84 30 25 56 23 19 30 9
11 13 99 43 3 32 37 25 11 40
11 14 30 45 41 61 50 35 54 73
11 15 13 70 57 70 55 82 45 84
11 16 51 63 69 25 25 40 54 24
12 13 76 37 23 16 30 32 58 13
12 14 50 59 31 39 52 24 55 73
12 15 22 79 84 43 81 40 84 63
12 16 78 20 45 26 35 33 12 30
13 14 89 34 9 46 15 46 23 22
13 15 29 75 48 66 40 68 53 55
13 16 48 31 33 34 44 32 70 61
14 15 9 88 75 52 71 88 79 85
14 16 58 26 50 21 26 43 49 57
15 16 55 28 63 58 57 69 25 42
