17 8
0 0 0.25 0.25 0.25 0.25 0 0 
0 1 18 79 74 73 70 70 84 83
0 2 68 38 38 34 31 29 28 28
0 3 17 73 74 72 79 81 81 77
0 4 28 68 61 60 69 74 62 73
0 5 49 45 48 57 44 54 49 57
0 6 17 76 76 71 70 80 84 80
0 7 69 30 28 36 37 28 27 33
0 8 72 33 31 37 27 37 26 30
0 9 0 96 92 98 97 98 96 91
0 10 68 26 36 30 34 27 40 40
0 11 85 22 14 14 26 19 13 24
0 12 90 15 18 15 12 20 15 10
0 13 91 15 21 21 12 14 19 15
0 14 27 72 74 74 73 63 71 62
0 15 91 12 13 9 8 9 18 8
0 16 52 43 48 42 47 53 52 54
1 2 53 42 41 46 53 51 54 46
1 3 83 27 17 15 25 25 15 22
1 4 73 37 34 28 27 24 34 30
1 5 67 39 34 37 37 29 35 35
1 6 12 77 88 88 89 82 83 79
1 7 12 88 87 88 87 74 81 79
1 8 7 91 85 78 82 84 81 86
1 9 94 15 13 18 10 11 10 13
1 10 51 49 47 42 50 41 54 43
1 11 91 15 17 18 13 9 21 9
1 12 1 90 96 88 89 96 83 85
1 13 61 41 45 33 45 40 35 43
1 14 22 66 72 76 75 74 80 77
1 15 58 42 40 39 43 39 38 44
1 16 7 85 89 80 92 89 86 79
2 3 62 34 44 43 41 40 34 44
2 4 91 9 21 18 21 9 16 20
2 5 16 73 78 71 80 78 71 79
2 6 40 58 51 56 62 54 54 56
2 7 22 68 78 73 71 68 80 72
2 8 13 88 81 80 81 84 80 79
2 9 36 60 68 66 64 58 59 65
2 10 40 53 53 56 64 53 52 59
2 11 2 93 91 98 87 95 94 89
2 12 6 91 82 88 87 94 85 89
2 13 46 50 46 51 51 55 50 46
2 14 58 43 39 39 37 46 50 44
2 15 31 65 66 67 59 59 62 59
2 16 38 55 58 62 56 52 64 54
3 4 95 18 3 18 13 5 3 15
3 5 77 22 28 23 24 31 19 25
3 6 63 41 41 33 43 37 36 33
3 7 93 9 10 11 10 16 16 15
3 8 62 44 43 41 41 36 41 43
3 9 94 9 11 5 14 17 13 12
3 10 53 47 41 46 54 40 53 40
3 11 24 74 67 73 77 66 69 66
3 12 31 62 69 72 68 72 64 61
3 13 1 96 95 90 96 93 93 92
3 14 3 85 91 95 94 90 92 92
3 15 99 10 1 7 14 13 7 1
3 16 16 83 73 83 75 74 78 72
4 5 50 48 44 42 43 52 42 53
4 6 78 31 23 30 19 22 29 27
4 7 24 70 64 70 75 76 74 69
4 8 96 17 17 11 12 7 11 12
4 9 34 61 59 60 62 67 69 64
4 10 14 76 75 81 87 76 73 82
4 11 16 74 81 73 83 72 82 76
4 12 72 29 25 26 34 32 24 25
4 13 17 82 71 82 70 75 73 75
4 14 82 29 16 29 18 29 26 29
4 15 25 69 65 70 66 74 76 76
4 16 98 10 1 4 12 11 2 6
5 6 65 33 35 43 38 38 38 29
5 7 98 15 15 6 14 5 6 8
5 8 64 35 31 38 33 39 38 31
5 9 5 94 92 93 89 81 92 95
5 10 77 33 21 23 30 27 27 26
5 11 0 95 92 86 92 94 86 91
5 12 62 44 32 40 41 43 37 35
5 13 21 79 79 68 68 76 79 75
5 14 77 25 26 25 29 19 31 20
5 15 22 68 73 78 77 77 78 79
5 16 91 17 20 21 8 12 18 7
6 7 33 66 65 63 64 60 69 63
6 8 48 52 50 54 57 47 58 50
6 9 82 24 20 24 19 23 22 22
6 10 6 88 88 89 89 81 88 92
6 11 20 67 79 68 78 76 75 71
6 12 2 95 85 92 92 97 87 83
6 13 3 87 83 90 95 83 92 91
6 14 74 33 21 27 22 21 23 29
6 15 54 48 43 40 51 44 41 43
6 16 76 25 32 29 31 22 26 33
7 8 16 81 84 73 80 79 86 78
7 9 33 66 69 69 71 65 70 70
7 10 74 24 29 24 36 28 26 25
7 11 35 54 68 67 66 54 60 60
7 12 2 85 94 90 87 92 83 86
7 13 50 56 45 50 45 43 46 51
7 14 52 53 54 41 44 41 42 46
7 15 24 70 66 72 78 68 71 65
7 16 24 64 68 69 76 76 76 73
8 9 82 17 16 17 21 19 19 19
8 10 22 77 68 66 69 67 65 70
8 11 22 80 73 74 70 75 67 65
8 12 5 92 88 82 95 84 90 95
8 13 72 30 27 29 36 36 32 36
8 14 24 76 73 78 77 74 68 67
8 15 37 63 60 64 63 67 58 64
8 16 9 84 85 81 86 78 81 82
9 10 98 3 8 8 8 14 6 8
9 11 80 27 17 24 19 28 17 29
9 12 23 68 74 66 71 76 67 79
9 13 70 31 35 37 29 26 37 39
9 14 39 65 65 55 55 62 56 53
9 15 12 84 89 80 79 87 86 88
9 16 59 49 47 37 37 38 49 39
10 11 70 33 31 38 26 38 29 32
10 12 30 59 71 64 61 63 66 66
10 13 36 54 62 66 63 59 60 65
10 14 19 81 75 70 80 77 71 73
10 15 64 40 38 41 34 41 44 36
10 16 55 38 52 41 42 45 44 51
11 12 44 58 48 52 50 56 57 60
11 13 41 61 50 54 56 62 59 63
11 14 16 78 77 76 75 78 71 72
11 15 55 42 46 41 51 47 50 43
11 16 45 49 51 58 61 57 50 52
12 13 15 71 72 72 75 86 78 76
12 14 42 55 61 61 58 56 52 50
12 15 80 18 22 30 31 29 24 28
12 16 50 43 47 47 45 45 49 50
13 14 90 8 11 16 14 10 14 10
13 15 69 40 33 39 40 39 26 36
13 16 16 77 80 76 78 82 76 82
14 15 93 6 18 19 13 6 12 17
14 16 33 62 63 63 57 69 57 63
15 16 41 54 52 56 61 55 56 55
