33 8
0 0 0.25 0.25 0.25 0.25 0 0 
0 1 72 61 38 38 24 54 37 40
0 2 77 28 32 54 14 60 52 28
0 3 74 25 60 51 33 34 54 41
0 4 75 24 15 55 37 38 56 37
0 5 7 51 68 69 86 91 69 93
0 6 24 42 70 51 70 46 51 65
0 7 47 64 50 75 59 59 58 35
0 8 16 88 77 83 61 57 75 73
0 9 46 33 65 68 29 53 47 67
0 10 81 41 46 11 19 29 58 14
0 11 23 64 62 82 66 81 41 77
0 12 50 51 39 36 68 60 52 36
0 13 89 16 46 15 22 31 54 53
0 14 52 64 54 53 38 26 71 55
0 15 42 30 74 67 77 48 76 30
0 16 86 23 39 46 24 42 10 28
0 17 11 68 88 54 61 64 55 51
0 18 47 40 38 59 45 48 71 50
0 19 94 7 25 48 5 34 10 22
0 20 42 59 56 68 32 51 65 77
0 21 47 26 70 30 71 31 71 73
0 22 5 77 91 73 91 68 50 54
0 23 80 21 43 57 10 12 15 42
0 24 69 46 38 34 31 15 18 42
0 25 59 41 56 57 62 47 39 52
0 26 54 49 58 28 42 30 32 49
0 27 70 57 46 31 53 46 24 28
0 28 89 54 9 27 27 11 42 21
0 29 56 58 69 58 33 53 61 53
0 30 1 66 55 62 56 70 64 53
0 31 70 18 52 62 39 16 45 44
0 32 48 26 64 73 36 64 52 41
1 2 87 45 10 43 32 25 51 19
1 3 99 25 6 41 38 18 1 24
1 4 27 76 84 38 65 84 37 39
1 5 41 34 72 29 50 69 38 36
1 6 64 65 59 24 49 56 34 67
1 7 17 84 74 78 87 87 66 66
1 8 70 18 29 28 42 38 16 43
1 9 87 32 43 32 13 16 21 32
1 10 40 49 32 73 73 53 68 58
1 11 72 56 27 42 43 49 49 47
1 12 49 34 38 42 28 47 28 27
1 13 1 56 78 96 57 79 53 96
1 14 15 64 88 58 86 61 70 81
1 15 2 98 94 96 86 53 57 65
1 16 52 60 63 44 61 51 28 69
1 17 37 79 81 68 43 44 38 33
1 18 5 90 65 94 77 63 69 58
1 19 95 7 48 43 44 18 38 34
1 20 39 79 72 65 38 31 78 58
1 21 44 36 75 53 74 71 75 44
1 22 20 53 82 74 48 83 62 47
1 23 20 46 55 74 70 62 51 69
1 24 85 11 41 42 49 53 15 30
1 25 34 62 57 39 80 40 33 57
1 26 16 72 57 80 56 46 83 70
1 27 75 44 14 24 19 50 47 52
1 28 43 36 36 59 72 42 75 55
1 29 6 49 92 55 81 89 90 82
1 30 33 55 63 59 81 61 46 45
1 31 52 40 60 54 60 36 35 40
1 32 94 4 42 8 11 39 30 49
2 3 61 20 66 41 59 27 64 52
2 4 15 45 63 61 69 50 84 79
2 5 53 71 38 24 70 45 63 29
2 6 92 6 32 21 52 35 4 17
2 7 45 72 51 57 34 64 68 70
2 8 39 35 33 47 46 42 32 40
2 9 35 55 65 66 55 41 35 40
2 10 58 64 69 54 27 32 53 27
2 11 89 14 54 32 43 19 47 19
2 12 37 58 62 38 48 48 38 62
2 13 40 53 66 53 45 71 36 56
2 14 13 44 46 75 48 68 58 51
2 15 62 39 40 60 48 62 22 38
2 16 92 52 7 30 19 11 52 27
2 17 60 40 53 34 56 47 34 27
2 18 60 37 63 53 51 61 46 45
2 19 11 50 94 83 73 93 76 64
2 20 96 28 13 17 10 40 40 50
2 21 60 40 69 33 30 29 22 67
2 22 8 92 68 70 76 68 95 81
2 23 94 24 43 35 44 10 38 23
2 24 33 57 37 72 73 69 73 49
2 25 99 10 38 18 32 43 18 38
2 26 42 49 36 68 34 56 74 71
2 27 17 63 45 41 78 67 60 56
2 28 74 15 42 15 59 15 61 54
2 29 64 33 59 33 35 65 40 58
2 30 47 41 31 75 57 60 72 73
2 31 52 69 66 47 44 72 31 43
2 32 31 57 81 54 73 40 75 53
3 4 56 50 22 68 23 57 44 70
3 5 30 71 61 66 53 40 41 45
3 6 94 44 36 3 8 34 8 33
3 7 72 54 37 53 14 35 18 43
3 8 40 58 31 74 35 73 71 44
3 9 92 26 40 35 16 50 53 16
3 10 13 59 73 88 72 55 82 56
3 11 96 45 9 31 20 30 34 47
3 12 82 10 46 22 30 12 47 11
3 13 3 73 62 73 89 65 83 50
3 14 24 58 47 70 62 45 59 55
3 15 0 57 72 56 93 83 70 91
3 16 10 72 65 94 50 94 47 51
3 17 19 64 62 65 69 59 45 72
3 18 42 61 33 47 53 73 66 52
3 19 23 67 82 55 60 75 63 43
3 20 30 67 65 57 81 71 61 51
3 21 12 73 57 55 51 62 67 56
3 22 84 28 37 25 11 42 11 24
3 23 16 80 87 59 86 68 61 57
3 24 71 15 36 31 50 53 26 31
3 25 85 10 55 42 29 25 39 25
3 26 65 48 39 61 22 27 44 23
3 27 39 46 46 79 42 79 49 48
3 28 50 37 35 46 25 34 55 66
3 29 0 90 65 89 93 64 53 75
3 30 14 91 45 72 89 89 48 72
3 31 42 61 65 54 54 49 41 55
3 32 50 44 69 73 47 54 41 52
4 5 49 56 39 38 30 54 28 25
4 6 93 23 12 33 53 17 20 32
4 7 41 67 55 63 45 30 52 49
4 8 7 80 48 76 86 82 81 50
4 9 57 48 66 45 61 37 70 56
4 10 15 71 86 81 61 72 60 57
4 11 6 85 79 77 58 90 61 63
4 12 81 13 44 32 48 38 56 45
4 13 29 43 45 55 52 77 45 40
4 14 89 47 53 38 31 37 12 14
4 15 17 68 73 46 52 70 72 57
4 16 2 81 64 93 79 88 72 90
4 17 67 37 49 29 63 34 35 20
4 18 59 33 40 42 57 65 24 35
4 19 49 72 57 48 42 31 51 51
4 20 86 18 43 27 48 55 12 40
4 21 13 45 90 63 44 91 69 85
4 22 6 64 76 79 81 96 59 68
4 23 87 21 9 7 38 17 16 27
4 24 30 59 65 69 46 45 57 52
4 25 21 59 81 86 61 78 54 70
4 26 55 69 48 66 63 42 69 39
4 27 18 59 68 55 51 60 61 73
4 28 43 33 71 42 60 75 44 71
4 29 64 47 35 21 34 37 28 39
4 30 90 36 33 43 16 47 35 33
4 31 96 29 12 39 25 47 36 43
4 32 50 37 50 68 55 41 66 74
5 6 82 50 51 26 51 35 17 57
5 7 30 52 77 49 81 40 74 79
5 8 57 37 41 32 53 25 26 66
5 9 74 19 52 46 61 21 27 41
5 10 19 76 67 50 68 44 72 76
5 11 7 65 61 78 51 95 94 88
5 12 9 82 72 74 74 85 76 86
5 13 67 41 21 59 45 34 65 53
5 14 67 40 20 23 62 47 64 33
5 15 57 52 44 45 48 54 54 33
5 16 83 53 29 33 17 14 26 41
5 17 58 32 66 23 35 47 52 45
5 18 79 10 39 29 60 10 17 46
5 19 6 88 89 67 60 85 64 47
5 20 28 66 55 70 73 53 57 80
5 21 57 62 29 25 70 36 27 53
5 22 70 16 45 46 53 39 47 60
5 23 12 91 43 65 79 67 53 81
5 24 90 41 18 52 21 43 38 42
5 25 17 60 46 49 65 66 89 88
5 26 42 64 62 39 38 35 47 78
5 27 78 11 44 29 52 39 26 43
5 28 27 40 52 46 71 39 69 67
5 29 31 47 83 60 81 70 49 61
5 30 68 27 60 57 19 54 34 18
5 31 49 29 38 71 26 55 68 55
5 32 80 26 54 28 21 20 13 58
6 7 72 34 46 46 42 60 55 63
6 8 89 23 49 39 16 33 6 7
6 9 91 34 35 46 46 49 23 32
6 10 23 50 77 78 56 83 69 72
6 11 13 66 86 90 47 60 65 70
6 12 24 51 55 64 86 38 81 74
6 13 11 72 51 80 61 73 45 72
6 14 2 51 65 85 74 55 69 68
6 15 63 56 23 59 22 57 30 36
6 16 63 22 67 60 56 21 25 62
6 17 93 37 17 46 38 53 14 17
6 18 85 55 48 52 22 30 16 40
6 19 38 30 61 78 43 67 63 55
6 20 72 41 23 23 34 57 45 38
6 21 58 64 58 46 67 26 44 35
6 22 4 64 84 96 80 70 80 60
6 23 33 51 45 56 63 59 65 59
6 24 70 60 31 16 49 29 47 20
6 25 78 52 31 55 53 31 36 58
6 26 6 70 67 66 89 79 72 94
6 27 77 60 47 20 26 29 33 60
6 28 2 70 79 61 64 74 82 65
6 29 23 44 69 53 74 69 55 62
6 30 27 51 49 79 59 65 81 64
6 31 13 44 92 65 65 70 60 86
6 32 33 55 60 49 43 80 44 50
7 8 67 42 58 61 51 31 34 18
7 9 97 11 8 8 14 39 24 26
7 10 39 76 64 42 64 53 44 65
7 11 33 68 48 73 53 69 48 77
7 12 40 67 45 74 53 35 33 44
7 13 26 44 50 41 66 58 43 57
7 14 52 50 52 71 57 50 50 56
7 15 46 72 73 45 43 34 49 75
7 16 22 41 38 82 88 85 59 39
7 17 47 46 64 65 69 45 60 29
7 18 35 77 36 64 75 40 49 44
7 19 26 38 77 73 68 65 45 82
7 20 49 41 53 53 69 33 61 56
7 21 95 13 43 19 36 18 25 28
7 22 91 52 49 17 17 47 45 27
7 23 91 36 53 13 27 6 16 40
7 24 57 22 41 31 30 24 41 32
7 25 24 78 85 74 86 48 62 83
7 26 45 33 56 55 65 72 55 75
7 27 67 32 22 65 21 21 59 52
7 28 56 49 63 42 48 61 49 26
7 29 4 74 90 56 71 59 94 56
7 30 29 83 56 42 49 61 75 42
7 31 41 51 38 60 65 73 50 61
7 32 83 29 40 22 17 52 12 12
8 9 56 46 41 58 23 67 22 39
8 10 26 56 46 44 74 40 37 77
8 11 78 25 58 47 32 44 33 59
8 12 36 76 81 58 66 32 78 33
8 13 48 45 64 37 37 61 34 54
8 14 57 64 36 64 55 45 37 54
8 15 29 58 54 75 76 49 84 47
8 16 13 77 67 53 62 46 77 70
8 17 69 51 64 31 28 58 39 39
8 18 56 63 64 64 36 53 43 34
8 19 24 87 65 73 76 74 41 38
8 20 85 12 56 26 51 46 55 49
8 21 41 53 37 44 39 79 49 40
8 22 16 51 72 56 60 69 60 52
8 23 92 41 50 27 35 32 45 31
8 24 20 84 76 74 76 67 51 48
8 25 8 68 75 50 75 47 79 52
8 26 46 57 36 44 67 68 42 53
8 27 2 65 96 75 94 53 88 65
8 28 32 55 36 66 39 34 42 75
8 29 71 15 26 24 24 60 43 25
8 30 49 55 59 59 57 35 35 66
8 31 25 63 37 64 66 37 60 50
8 32 66 34 34 17 34 21 28 38
9 10 19 67 87 84 81 49 42 84
9 11 40 65 61 62 44 41 41 70
9 12 64 49 30 23 40 38 42 30
9 13 79 57 30 11 45 38 49 35
9 14 18 72 65 80 65 61 76 58
9 15 92 48 33 28 40 15 19 34
9 16 37 69 74 65 48 56 42 39
9 17 85 48 37 47 32 48 15 17
9 18 91 51 54 53 5 48 48 38
9 19 43 72 32 30 57 66 64 33
9 20 7 66 56 57 84 49 81 87
9 21 80 55 38 20 31 34 21 13
9 22 34 33 70 74 55 43 43 42
9 23 20 81 73 82 42 48 76 73
9 24 28 83 59 41 48 36 39 61
9 25 42 33 34 75 51 61 37 77
9 26 99 13 31 16 18 1 2 43
9 27 93 16 21 52 46 51 8 9
9 28 72 58 50 21 36 54 42 18
9 29 90 54 24 13 39 34 38 7
9 30 12 78 46 92 51 82 66 47
9 31 89 23 5 27 13 55 9 52
9 32 70 24 29 64 37 50 63 31
10 11 80 11 41 19 20 58 38 11
10 12 0 86 59 76 80 81 55 71
10 13 11 82 65 44 74 69 65 92
10 14 8 81 52 80 86 46 76 67
10 15 38 51 79 37 56 43 58 60
10 16 5 63 65 59 50 78 73 87
10 17 19 77 85 82 74 78 84 77
10 18 95 32 22 17 23 48 29 4
10 19 71 19 27 55 43 17 60 47
10 20 34 59 79 59 81 70 73 75
10 21 54 27 60 71 37 44 68 70
10 22 18 53 88 53 81 61 60 48
10 23 93 28 10 29 11 8 47 47
10 24 66 44 39 54 65 65 48 65
10 25 96 34 4 39 43 16 51 29
10 26 75 13 12 15 51 20 37 55
10 27 95 6 48 33 43 14 18 22
10 28 44 52 55 62 39 74 40 49
10 29 20 64 66 45 58 59 52 57
10 30 68 53 31 22 24 58 51 31
10 31 55 42 58 58 61 64 35 39
10 32 74 30 23 60 47 24 38 45
11 12 41 72 56 32 43 47 59 46
11 13 48 54 69 40 49 45 27 63
11 14 23 64 69 67 46 49 81 79
11 15 2 76 73 96 86 68 86 96
11 16 2 87 81 69 97 72 55 68
11 17 37 44 81 65 78 78 70 61
11 18 46 65 41 72 43 41 46 46
11 19 46 51 51 61 74 46 60 48
11 20 53 61 54 72 62 69 65 44
11 21 90 12 41 52 31 26 13 27
11 22 79 27 33 27 19 27 12 21
11 23 8 68 49 82 61 86 92 47
11 24 96 3 36 48 27 11 2 18
11 25 53 55 57 52 25 37 47 67
11 26 97 5 39 48 47 3 31 25
11 27 58 30 46 20 24 27 35 31
11 28 15 88 51 63 86 56 79 53
11 29 50 73 53 47 53 24 44 33
11 30 80 25 47 36 48 51 21 18
11 31 6 94 52 71 76 91 70 85
11 32 69 43 27 38 47 30 24 42
12 13 29 41 85 53 70 64 76 53
12 14 21 61 89 40 68 46 68 75
12 15 28 50 82 75 50 75 66 81
12 16 48 32 31 46 29 75 71 28
12 17 27 48 73 59 73 62 62 69
12 18 89 10 21 40 22 8 11 19
12 19 66 63 24 27 30 47 36 21
12 20 53 63 68 70 35 37 35 46
12 21 97 28 24 20 14 8 31 1
12 22 0 70 55 88 68 97 63 96
12 23 52 68 55 56 61 53 61 51
12 24 49 63 25 67 74 65 35 57
12 25 46 69 56 49 63 59 71 52
12 26 87 21 6 13 54 46 46 46
12 27 90 34 51 44 51 42 47 5
12 28 70 32 53 28 63 15 61 56
12 29 47 43 49 51 49 69 52 29
12 30 1 74 68 59 94 49 72 82
12 31 74 18 62 32 24 59 60 54
12 32 76 17 42 44 52 28 13 24
13 14 25 83 57 84 41 80 45 78
13 15 31 74 63 61 42 44 67 48
13 16 81 19 13 46 38 30 36 47
13 17 74 60 32 42 51 61 15 54
13 18 31 48 40 76 35 74 78 82
13 19 31 59 39 52 47 38 35 41
13 20 61 64 21 51 65 55 34 48
13 21 28 76 41 48 51 83 49 37
13 22 16 90 53 80 78 64 88 62
13 23 3 91 72 74 59 86 88 81
13 24 52 28 44 57 45 51 29 32
13 25 92 19 45 32 51 31 24 17
13 26 49 65 68 64 38 27 28 34
13 27 51 65 55 42 50 52 32 26
13 28 12 72 66 81 44 60 53 54
13 29 24 67 78 69 41 60 75 69
13 30 41 52 69 42 34 51 45 44
13 31 93 31 49 14 12 39 36 17
13 32 62 36 67 64 18 65 64 23
14 15 19 45 57 63 84 71 54 59
14 16 84 47 10 33 56 22 35 31
14 17 91 35 47 37 38 42 38 23
14 18 58 56 22 63 42 22 57 64
14 19 55 42 30 38 28 43 56 52
14 20 60 19 37 34 65 60 43 65
14 21 80 54 47 56 46 49 57 32
14 22 9 75 54 94 81 55 55 63
14 23 39 79 45 39 48 32 38 76
14 24 77 24 60 23 32 16 34 27
14 25 32 77 81 40 47 73 35 55
14 26 76 35 35 29 12 24 33 34
14 27 43 73 57 62 59 30 57 56
14 28 28 65 40 52 41 48 61 81
14 29 9 88 64 85 89 61 53 82
14 30 81 32 37 40 10 15 27 33
14 31 11 71 50 87 47 64 74 88
14 32 69 26 22 56 43 16 41 55
15 16 9 82 65 81 55 80 84 53
15 17 31 50 61 72 83 50 46 55
15 18 13 80 85 47 82 56 63 83
15 19 85 9 26 38 14 42 35 43
15 20 27 84 77 72 79 84 61 67
15 21 59 60 49 56 59 59 39 66
15 22 67 63 59 35 41 35 44 42
15 23 39 54 63 34 40 30 64 77
15 24 21 42 51 48 44 80 77 69
15 25 60 43 39 65 41 55 29 52
15 26 50 45 47 25 60 58 69 28
15 27 98 27 29 34 32 35 11 37
15 28 89 42 8 50 23 46 24 43
15 29 11 68 59 79 73 75 78 83
15 30 83 30 13 11 54 52 13 55
15 31 34 63 49 71 67 67 51 46
15 32 84 28 54 56 45 9 39 40
16 17 14 56 55 66 80 49 66 84
16 18 49 44 70 64 27 36 40 65
16 19 71 56 29 15 44 60 48 14
16 20 1 95 74 84 63 56 78 53
16 21 75 17 62 53 22 47 15 45
16 22 85 50 31 41 23 14 12 35
16 23 61 21 41 59 65 59 60 45
16 24 98 4 24 14 33 31 46 2
16 25 93 14 29 9 18 6 5 15
16 26 98 4 20 7 33 15 23 12
16 27 3 76 73 66 52 62 56 78
16 28 20 82 69 88 78 40 45 70
16 29 29 69 42 75 64 44 63 84
16 30 37 47 70 55 45 36 70 45
16 31 79 22 28 21 39 26 26 37
16 32 32 44 83 63 74 73 58 34
17 18 46 71 48 57 27 62 55 31
17 19 20 82 46 87 47 79 88 53
17 20 89 19 31 10 36 14 32 41
17 21 93 41 10 36 33 31 35 37
17 22 75 47 19 18 19 30 54 38
17 23 12 68 45 91 59 75 45 83
17 24 29 45 72 64 41 52 65 51
17 25 26 45 42 62 83 82 40 45
17 26 46 76 32 43 71 72 53 52
17 27 43 49 67 35 68 76 69 47
17 28 33 51 50 78 58 40 42 37
17 29 68 44 33 60 47 54 62 40
17 30 10 76 90 57 74 75 77 86
17 31 16 89 76 41 61 52 77 43
17 32 43 64 77 45 29 75 42 51
18 19 9 85 87 75 64 46 66 63
18 20 10 90 82 91 65 77 70 78
18 21 9 88 50 89 73 59 89 80
18 22 3 78 67 88 60 97 96 86
18 23 25 54 42 51 65 75 77 65
18 24 3 94 78 49 78 58 80 76
18 25 81 29 53 40 21 53 57 24
18 26 5 53 89 47 53 75 62 50
18 27 49 65 40 33 34 74 56 29
18 28 64 36 21 34 27 41 53 48
18 29 26 49 77 69 49 50 53 51
18 30 16 76 85 76 68 63 48 81
18 31 93 14 45 35 38 5 20 42
18 32 70 17 18 47 22 44 26 48
19 20 13 64 74 88 47 76 65 67
19 21 67 53 51 46 54 44 23 56
19 22 5 84 83 71 65 59 55 78
19 23 72 53 60 25 57 63 19 25
19 24 40 62 31 39 53 32 66 50
19 25 71 51 51 47 27 41 63 36
19 26 50 71 46 35 69 34 53 56
19 27 31 45 61 63 57 45 57 59
19 28 19 58 86 44 61 40 73 44
19 29 55 62 40 43 42 45 38 41
19 30 36 49 65 58 69 36 56 72
19 31 85 30 12 27 50 36 34 10
19 32 33 53 44 75 76 37 40 41
20 21 31 50 63 41 57 78 64 78
20 22 8 54 50 49 50 53 74 58
20 23 82 37 31 41 15 38 18 42
20 24 37 69 75 61 35 61 71 34
20 25 8 56 79 55 59 71 90 69
20 26 12 55 67 44 91 75 61 80
20 27 17 50 60 56 82 69 54 75
20 28 51 39 66 57 67 37 57 26
20 29 81 12 50 22 10 10 54 58
20 30 18 40 41 66 74 52 46 78
20 31 66 52 45 25 45 60 57 54
20 32 58 34 54 52 28 42 55 45
21 22 90 46 26 39 18 20 45 10
21 23 15 80 70 42 61 67 46 74
21 24 85 54 48 41 51 16 56 29
21 25 74 54 36 34 43 54 18 53
21 26 6 95 49 48 56 74 50 58
21 27 95 51 24 39 26 12 51 22
21 28 60 30 36 41 26 44 45 21
21 29 55 66 58 32 49 62 39 46
21 30 51 38 67 35 47 64 46 26
21 31 5 54 53 55 70 95 61 64
21 32 45 39 31 68 49 36 32 43
22 23 68 54 57 54 25 38 48 59
22 24 60 57 66 53 27 38 49 41
22 25 55 23 49 56 23 52 59 61
22 26 27 75 67 58 86 62 65 55
22 27 30 35 83 81 77 52 39 71
22 28 39 40 33 65 44 75 39 73
22 29 89 44 16 53 9 25 43 54
22 30 99 26 34 35 1 30 16 5
22 31 10 72 85 74 67 66 73 77
22 32 8 88 76 68 93 84 50 45
23 24 62 62 27 54 65 23 63 27
23 25 7 63 67 93 77 79 94 54
23 26 92 12 40 28 32 38 6 6
23 27 53 25 48 37 39 65 36 27
23 28 14 53 73 71 91 70 61 80
23 29 15 49 57 72 51 79 73 43
23 30 4 85 95 89 47 80 96 74
23 31 46 36 31 28 71 65 73 57
23 32 84 41 44 29 40 51 38 27
24 25 31 82 49 35 76 37 60 58
24 26 28 39 84 82 72 65 81 36
24 27 1 78 91 58 52 83 89 61
24 28 65 39 49 20 38 51 55 23
24 29 47 63 54 56 32 47 71 38
24 30 32 62 82 70 75 56 83 64
24 31 74 26 19 28 28 38 31 30
24 32 73 20 22 28 27 57 40 34
25 26 34 50 39 67 33 63 64 78
25 27 54 47 44 25 29 61 69 41
25 28 3 91 93 81 87 49 79 79
25 29 8 81 70 88 72 75 94 63
25 30 17 59 56 57 59 91 49 55
25 31 89 25 18 6 31 45 45 39
25 32 89 18 14 24 15 51 48 9
26 27 16 62 47 80 86 84 89 41
26 28 28 79 70 44 69 57 39 79
26 29 71 34 28 52 54 53 20 54
26 30 74 58 24 59 58 26 49 16
26 31 21 86 40 56 57 84 70 56
26 32 88 32 50 8 50 53 13 17
27 28 54 33 72 29 48 53 27 57
27 29 11 86 71 88 72 52 51 79
27 30 28 60 69 71 67 58 54 84
27 31 65 50 47 62 50 53 42 52
27 32 42 46 44 64 34 58 57 74
28 29 12 90 56 47 67 62 63 50
28 30 58 40 48 59 53 51 51 70
28 31 5 69 48 72 94 48 86 61
28 32 26 58 77 86 41 75 41 51
29 30 81 57 15 21 16 54 48 13
29 31 99 39 27 34 14 15 20 42
29 32 62 56 19 55 44 21 22 48
30 31 68 20 26 52 65 44 62 26
30 32 55 61 33 38 46 51 43 37
31 32 33 36 82 57 47 49 49 80
