45 8
0 0 0.25 0.25 0.25 0.25 0 0 
0 1 62 19 23 87 64 64 40 14
0 2 60 66 14 25 54 82 14 64
0 3 62 50 77 42 83 10 59 40
0 4 14 89 46 41 91 74 68 95
0 5 70 78 53 27 58 10 74 33
0 6 88 41 4 56 45 6 80 72
0 7 91 67 14 53 49 61 7 53
0 8 16 81 88 74 93 42 55 96
0 9 79 79 5 56 70 9 67 29
0 10 87 61 44 38 58 43 76 40
0 11 83 31 55 53 63 39 46 45
0 12 45 88 54 57 70 58 63 73
0 13 36 36 75 17 40 81 23 48
0 14 79 71 36 73 81 8 14 50
0 15 30 54 45 70 38 73 59 16
0 16 26 62 24 83 83 83 24 21
0 17 91 26 61 21 13 67 43 58
0 18 97 57 0 62 13 54 76 74
0 19 72 70 83 16 43 60 20 26
0 20 4 38 37 33 67 74 30 32
0 21 57 75 43 62 52 37 50 83
0 22 52 59 32 71 85 64 36 26
0 23 98 16 75 28 62 15 6 70
0 24 71 73 55 75 53 68 83 72
0 25 51 35 71 82 68 58 58 19
0 26 96 79 10 72 80 33 62 58
0 27 22 67 26 22 82 18 71 95
0 28 15 25 87 44 53 77 90 42
0 29 27 94 19 71 65 14 54 68
0 30 99 57 66 54 9 29 12 26
0 31 4 84 20 28 51 77 69 82
0 32 60 42 58 57 17 45 37 52
0 33 61 67 81 77 15 74 53 17
0 34 72 55 21 19 39 12 28 6
0 35 53 80 87 31 40 74 26 15
0 36 33 37 38 49 85 70 72 83
0 37 46 32 66 16 46 55 11 30
0 38 84 43 67 34 27 4 16 69
0 39 41 52 45 40 41 48 55 48
0 40 60 44 41 8 32 32 41 15
0 41 81 72 30 34 78 4 79 42
0 42 95 79 28 11 21 15 60 3
0 43 28 37 72 19 40 62 82 37
0 44 74 49 48 12 72 82 51 50
1 2 8 28 29 48 22 44 95 64
1 3 33 61 73 19 57 29 19 34
1 4 97 47 27 77 20 46 5 4
1 5 4 87 25 80 79 67 32 92
1 6 13 31 27 65 78 39 79 86
1 7 47 44 75 65 77 19 88 87
1 8 78 81 8 27 30 76 20 39
1 9 33 73 52 71 42 63 53 33
1 10 92 44 59 63 43 10 68 32
1 11 79 40 36 60 64 12 73 83
1 12 22 55 32 45 67 55 49 36
1 13 39 43 82 75 49 17 86 78
1 14 85 58 47 30 46 69 71 74
1 15 19 45 28 23 47 40 25 83
1 16 43 71 89 82 11 86 90 32
1 17 77 17 52 41 70 8 59 33
1 18 5 73 22 66 36 36 25 57
1 19 29 21 69 40 53 25 52 30
1 20 32 26 81 53 65 56 54 36
1 21 5 28 65 94 36 38 93 43
1 22 45 71 74 80 46 56 86 53
1 23 30 43 57 46 90 16 51 53
1 24 43 15 66 44 49 56 33 36
1 25 51 26 34 41 21 63 27 66
1 26 57 74 16 86 54 57 40 60
1 27 57 72 87 82 25 59 55 61
1 28 60 54 83 35 10 13 18 81
1 29 1 61 92 84 52 69 54 47
1 30 45 21 38 27 31 53 78 33
1 31 52 53 67 72 74 38 40 37
1 32 52 35 67 85 37 26 80 56
1 33 21 95 68 46 76 29 83 62
1 34 0 59 86 59 38 99 33 73
1 35 83 47 32 32 56 56 20 9
1 36 73 35 29 54 64 74 79 54
1 37 20 48 58 25 94 51 52 69
1 38 92 26 47 38 33 47 39 29
1 39 25 76 76 90 18 39 48 27
1 40 49 46 72 76 75 58 80 82
1 41 6 60 20 51 95 29 64 28
1 42 82 49 54 50 58 74 67 77
1 43 42 37 59 54 43 32 39 84
1 44 5 50 44 95 43 45 93 86
2 3 72 56 12 29 11 81 66 83
2 4 34 36 71 53 64 80 76 31
2 5 26 89 69 54 78 39 46 82
2 6 15 18 24 43 24 66 65 55
2 7 75 31 19 58 26 65 62 74
2 8 13 57 40 77 82 42 88 85
2 9 83 74 3 9 41 32 37 53
2 10 89 37 4 70 29 12 51 31
2 11 93 66 62 36 4 68 12 5
2 12 98 70 64 66 35 13 65 24
2 13 89 72 20 46 68 75 52 48
2 14 16 22 30 32 88 46 32 71
2 15 1 67 48 63 42 78 56 92
2 16 22 41 87 77 67 48 23 72
2 17 17 48 79 50 19 39 89 52
2 18 63 7 14 86 56 18 13 40
2 19 27 93 57 94 45 85 42 60
2 20 39 17 60 43 53 32 85 62
2 21 0 98 63 81 69 20 75 36
2 22 54 16 45 45 58 20 84 46
2 23 16 83 35 50 91 89 72 62
2 24 98 73 47 73 48 24 8 59
2 25 87 43 19 29 68 46 44 70
2 26 18 75 66 93 19 49 58 80
2 27 52 51 33 44 63 13 39 86
2 28 93 25 35 43 11 32 53 5
2 29 90 12 55 17 75 31 26 13
2 30 30 20 87 67 51 88 93 32
2 31 87 55 40 12 36 18 28 7
2 32 4 46 20 24 60 44 67 55
2 33 76 51 78 14 10 37 32 61
2 34 18 28 37 81 18 67 34 82
2 35 62 12 33 87 59 48 59 46
2 36 72 69 45 42 61 56 57 37
2 37 95 22 50 62 78 37 27 28
2 38 36 20 74 54 35 27 58 31
2 39 34 13 24 78 34 48 74 91
2 40 83 46 75 61 33 55 67 10
2 41 15 28 80 42 28 88 41 68
2 42 32 57 20 52 23 46 58 34
2 43 95 30 37 44 44 29 16 32
2 44 89 27 57 5 24 14 69 59
3 4 17 41 74 68 93 43 46 91
3 5 44 16 85 11 24 68 48 58
3 6 49 12 79 63 13 33 68 58
3 7 32 51 17 35 26 66 72 61
3 8 63 26 17 8 57 61 41 34
3 9 35 35 65 40 62 87 50 90
3 10 27 87 32 53 81 37 93 21
3 11 29 16 67 56 53 29 87 62
3 12 78 37 74 36 53 46 78 34
3 13 67 53 44 81 52 30 77 64
3 14 96 24 66 6 3 13 70 41
3 15 99 53 7 12 19 64 16 46
3 16 3 51 77 35 85 75 79 25
3 17 51 47 62 59 26 16 75 71
3 18 80 8 79 76 17 83 12 35
3 19 62 62 81 69 75 81 34 9
3 20 88 58 31 46 72 20 8 33
3 21 5 67 33 53 64 45 73 39
3 22 30 85 40 14 59 62 72 53
3 23 69 84 24 85 14 66 41 14
3 24 60 62 82 30 53 70 58 63
3 25 29 74 27 19 24 84 23 58
3 26 56 59 14 24 10 13 51 71
3 27 48 38 78 48 73 58 51 41
3 28 12 85 76 78 23 24 97 22
3 29 55 35 33 81 72 39 78 80
3 30 96 54 9 50 76 71 7 15
3 31 70 45 38 48 12 61 64 33
3 32 26 82 23 37 85 50 53 67
3 33 65 21 20 49 78 30 9 59
3 34 25 71 25 38 63 35 25 64
3 35 4 93 92 78 48 89 78 80
3 36 80 16 80 26 67 22 81 67
3 37 18 86 96 80 37 87 77 94
3 38 8 95 70 50 51 72 24 20
3 39 42 62 72 82 21 91 71 82
3 40 46 17 65 59 84 36 53 29
3 41 4 59 91 36 86 92 92 50
3 42 60 80 39 70 78 15 22 60
3 43 16 93 66 27 44 62 59 37
3 44 27 42 54 42 17 94 61 28
4 5 48 74 89 44 77 46 25 82
4 6 9 73 36 93 96 93 80 82
4 7 22 39 94 82 51 79 63 40
4 8 99 6 68 70 48 56 12 32
4 9 28 83 53 58 88 52 37 28
4 10 79 81 68 4 34 41 56 18
4 11 48 83 20 12 72 52 41 84
4 12 86 45 77 24 44 39 29 7
4 13 96 77 43 66 18 73 73 37
4 14 65 33 75 63 43 12 69 25
4 15 42 35 90 53 71 17 59 37
4 16 27 64 55 87 48 19 50 62
4 17 64 62 55 67 7 13 60 28
4 18 67 16 8 82 38 74 49 27
4 19 27 41 34 54 85 55 86 81
4 20 27 54 92 87 25 90 58 64
4 21 57 20 12 66 56 84 82 71
4 22 54 72 48 29 33 15 22 59
4 23 91 62 24 9 54 45 33 79
4 24 77 7 46 8 74 75 20 66
4 25 85 40 81 74 56 12 56 59
4 26 27 17 50 59 75 66 35 84
4 27 0 55 64 81 93 20 46 82
4 28 75 56 76 70 29 14 25 23
4 29 24 65 66 37 44 84 19 32
4 30 44 57 71 46 17 37 57 84
4 31 68 43 28 59 54 38 12 46
4 32 40 17 41 31 72 86 13 23
4 33 78 75 17 53 39 67 29 29
4 34 38 16 68 76 74 42 91 35
4 35 68 51 12 73 77 25 50 14
4 36 49 25 69 27 86 41 29 64
4 37 93 27 54 75 29 74 41 14
4 38 79 81 10 26 23 24 65 80
4 39 89 74 81 60 35 61 20 79
4 40 21 70 83 31 79 75 21 52
4 41 76 45 51 16 79 29 79 11
4 42 80 48 55 59 82 44 41 23
4 43 15 39 63 48 46 85 40 35
4 44 22 82 78 49 20 93 78 83
5 6 8 45 44 63 44 82 58 31
5 7 55 47 71 40 71 15 86 27
5 8 64 75 45 29 22 69 12 37
5 9 51 68 35 42 80 74 60 50
5 10 80 65 37 66 73 29 59 78
5 11 62 86 35 41 12 38 68 45
5 12 55 39 16 74 9 70 75 71
5 13 52 37 22 16 52 19 41 17
5 14 24 59 18 89 66 93 47 25
5 15 76 32 18 17 75 36 42 76
5 16 86 17 47 7 36 75 81 72
5 17 71 81 11 6 43 34 34 19
5 18 8 47 51 70 73 67 80 67
5 19 28 54 16 24 39 81 51 94
5 20 70 53 14 30 63 66 84 80
5 21 18 25 34 57 30 52 59 68
5 22 6 72 24 84 50 98 89 27
5 23 62 41 59 42 8 78 43 38
5 24 37 56 46 86 59 16 20 57
5 25 57 58 75 64 11 71 65 27
5 26 65 63 16 74 32 19 49 83
5 27 18 63 87 96 82 77 79 20
5 28 9 95 42 60 45 19 30 39
5 29 59 68 22 72 30 26 27 10
5 30 39 75 80 51 53 60 40 52
5 31 75 36 56 65 26 37 82 48
5 32 87 30 58 26 74 13 59 79
5 33 42 34 52 33 75 71 15 33
5 34 99 61 10 52 26 17 44 37
5 35 2 93 60 53 43 43 80 47
5 36 97 64 64 58 21 41 6 39
5 37 93 58 65 15 2 61 78 14
5 38 22 94 75 61 74 85 29 29
5 39 68 78 59 69 53 86 83 18
5 40 59 20 9 53 41 18 42 26
5 41 77 40 52 44 29 57 9 55
5 42 57 65 64 67 28 41 26 74
5 43 10 29 85 81 85 22 44 68
5 44 59 44 23 32 50 76 43 25
6 7 75 18 22 60 43 49 49 72
6 8 36 53 55 14 80 65 63 25
6 9 82 45 70 9 12 36 10 29
6 10 50 65 45 43 85 46 38 22
6 11 95 76 67 16 14 56 52 37
6 12 62 18 58 66 11 59 72 60
6 13 29 34 32 84 26 33 44 66
6 14 32 55 35 18 24 41 83 77
6 15 6 53 74 28 90 81 38 63
6 16 81 22 37 49 7 76 80 38
6 17 51 63 57 38 14 35 64 59
6 18 48 36 72 50 27 74 54 12
6 19 23 78 28 67 26 95 30 93
6 20 86 16 77 12 79 11 69 44
6 21 62 43 75 8 19 54 78 50
6 22 73 82 9 20 72 7 48 31
6 23 14 76 74 96 50 60 41 52
6 24 44 82 91 57 63 44 62 85
6 25 63 51 72 35 84 60 78 82
6 26 91 22 21 26 37 61 78 62
6 27 76 81 23 28 52 33 29 35
6 28 26 40 27 45 75 25 30 23
6 29 13 49 45 31 35 56 72 93
6 30 60 83 31 81 22 86 32 47
6 31 15 74 25 59 72 68 39 89
6 32 33 71 63 21 33 34 84 51
6 33 78 12 30 81 43 84 74 4
6 34 55 38 88 14 73 41 16 12
6 35 87 6 4 33 68 51 65 44
6 36 55 81 69 62 26 19 47 20
6 37 94 23 37 36 52 64 55 59
6 38 42 91 72 50 14 84 38 59
6 39 3 33 86 24 61 38 32 26
6 40 15 35 34 30 94 49 66 82
6 41 45 68 52 84 86 54 72 38
6 42 35 27 50 15 21 66 79 33
6 43 30 51 49 18 53 87 61 19
6 44 49 81 25 37 74 32 47 30
7 8 55 69 55 77 71 16 16 17
7 9 68 25 70 60 72 85 10 54
7 10 40 27 43 29 84 26 72 27
7 11 30 57 79 91 78 15 81 27
7 12 91 52 49 54 25 7 11 20
7 13 36 79 32 45 65 51 37 57
7 14 2 75 66 29 72 34 50 37
7 15 74 54 53 15 52 39 31 83
7 16 45 74 83 67 40 21 87 40
7 17 45 90 45 32 27 88 85 41
7 18 80 74 21 36 37 14 57 8
7 19 59 24 16 16 23 82 44 81
7 20 33 75 15 81 48 76 84 71
7 21 64 25 43 8 69 57 41 41
7 22 96 66 73 66 12 55 64 33
7 23 6 31 59 21 85 36 23 45
7 24 1 58 67 49 45 83 49 95
7 25 45 23 16 13 79 62 28 12
7 26 88 67 76 72 16 45 7 59
7 27 75 73 7 51 29 64 50 12
7 28 10 17 24 79 96 29 40 74
7 29 86 34 73 49 43 75 50 64
7 30 2 40 91 24 22 80 24 50
7 31 28 75 70 80 64 58 47 53
7 32 72 42 30 66 54 42 41 17
7 33 31 32 82 46 73 52 34 17
7 34 49 40 56 31 83 43 33 16
7 35 12 60 74 33 64 57 85 40
7 36 60 33 25 66 56 75 39 72
7 37 5 66 95 96 66 35 71 30
7 38 72 17 75 69 34 65 52 49
7 39 78 58 81 21 13 82 83 70
7 40 67 68 42 21 26 66 81 17
7 41 97 20 22 64 29 71 10 20
7 42 40 72 84 42 40 39 80 71
7 43 44 12 31 35 34 69 14 12
7 44 43 35 29 72 75 31 76 46
8 9 12 68 32 38 23 29 61 36
8 10 4 53 98 33 40 44 52 51
8 11 28 20 46 66 74 31 73 86
8 12 0 25 53 26 44 61 71 30
8 13 46 84 52 18 79 29 31 90
8 14 29 25 60 54 80 66 49 18
8 15 85 27 58 13 11 62 11 29
8 16 77 30 27 58 23 12 17 26
8 17 58 68 67 32 45 76 68 27
8 18 84 11 13 72 67 39 38 28
8 19 57 54 36 87 13 84 23 45
8 20 15 70 75 62 63 76 49 56
8 21 54 34 59 35 33 61 17 77
8 22 84 81 41 32 16 6 69 72
8 23 68 82 33 17 63 81 30 73
8 24 10 27 85 78 19 72 70 96
8 25 5 34 89 64 34 35 71 63
8 26 98 65 46 62 50 6 56 14
8 27 36 38 60 88 28 88 13 45
8 28 11 67 19 59 60 59 21 61
8 29 53 36 17 49 82 57 80 87
8 30 94 35 38 16 15 56 65 35
8 31 70 7 73 66 64 57 42 80
8 32 2 51 50 70 46 80 84 59
8 33 76 77 10 24 53 73 70 20
8 34 51 24 88 87 21 42 49 35
8 35 1 68 47 46 41 29 62 21
8 36 66 77 22 53 47 12 50 47
8 37 46 74 78 20 22 27 65 85
8 38 33 84 77 18 91 27 57 25
8 39 11 34 22 82 70 91 26 36
8 40 64 13 21 79 38 62 71 23
8 41 29 22 66 48 41 45 40 68
8 42 87 78 39 35 44 69 52 79
8 43 84 21 60 30 13 42 74 82
8 44 13 31 96 34 81 78 54 35
9 10 0 64 70 75 54 68 55 39
9 11 9 27 64 40 23 43 71 51
9 12 87 10 81 20 17 62 75 8
9 13 34 13 70 85 18 15 56 27
9 14 24 58 61 52 38 39 77 75
9 15 40 42 77 30 29 58 76 20
9 16 25 17 75 70 23 43 83 39
9 17 23 92 29 60 57 77 47 37
9 18 97 77 70 0 40 79 78 34
9 19 33 36 68 87 62 46 47 91
9 20 59 62 38 85 36 48 37 11
9 21 41 18 74 16 23 37 16 61
9 22 81 67 68 31 46 22 10 46
9 23 76 30 45 77 29 5 27 34
9 24 67 60 11 41 67 77 57 13
9 25 35 52 13 79 16 38 22 83
9 26 1 41 30 72 79 61 25 24
9 27 67 57 62 18 43 43 67 55
9 28 29 81 62 56 64 40 87 78
9 29 70 34 23 36 74 11 76 71
9 30 99 59 56 35 49 41 66 70
9 31 27 28 33 45 72 58 84 27
9 32 38 38 30 28 62 53 36 47
9 33 17 29 77 56 95 84 86 94
9 34 42 84 80 73 52 45 53 80
9 35 18 28 35 59 94 16 62 61
9 36 10 96 20 46 58 68 73 29
9 37 12 74 72 58 77 36 83 48
9 38 78 29 16 26 75 57 69 29
9 39 35 17 79 82 81 26 81 89
9 40 94 69 6 16 56 73 23 58
9 41 80 33 66 5 20 21 7 67
9 42 83 70 64 80 8 64 42 47
9 43 45 14 69 25 19 54 31 26
9 44 6 26 43 71 39 83 92 98
10 11 96 71 8 27 15 14 22 69
10 12 5 36 97 67 68 40 30 39
10 13 69 69 40 73 12 70 47 71
10 14 74 79 84 54 41 9 31 10
10 15 83 49 73 76 11 14 49 25
10 16 79 21 76 62 14 65 48 35
10 17 98 60 35 57 12 16 15 33
10 18 7 85 50 66 79 67 36 21
10 19 77 69 62 22 16 48 18 41
10 20 83 18 60 83 22 21 67 39
10 21 53 32 56 12 79 10 87 25
10 22 3 74 20 79 77 79 28 54
10 23 85 42 75 37 6 58 12 22
10 24 34 92 55 74 16 76 53 32
10 25 11 64 76 45 86 37 53 75
10 26 62 14 34 69 64 82 82 32
10 27 39 28 47 73 25 26 65 70
10 28 76 41 83 62 33 83 80 42
10 29 27 56 22 17 78 76 85 93
10 30 24 69 45 26 21 78 48 29
10 31 22 90 80 38 95 49 65 38
10 32 24 58 74 17 54 46 31 50
10 33 24 90 19 23 58 41 68 48
10 34 75 31 26 38 46 52 12 19
10 35 90 31 35 54 60 12 66 58
10 36 76 33 70 7 39 84 52 49
10 37 85 36 23 53 52 50 20 43
10 38 97 73 14 1 30 18 58 39
10 39 56 20 19 47 88 78 38 10
10 40 26 33 33 32 24 30 53 56
10 41 5 32 45 97 74 84 53 41
10 42 8 29 67 89 87 35 92 74
10 43 91 41 59 3 13 56 22 50
10 44 91 26 33 6 57 20 3 18
11 12 35 42 88 23 48 44 21 91
11 13 0 37 50 59 29 88 74 33
11 14 95 79 24 77 69 63 20 64
11 15 48 57 80 82 70 56 83 85
11 16 51 13 22 36 31 24 87 34
11 17 53 79 76 44 39 47 82 13
11 18 71 60 81 7 18 56 63 63
11 19 82 46 62 41 54 51 16 52
11 20 59 73 33 46 17 18 49 37
11 21 48 51 27 63 46 87 13 62
11 22 14 55 49 69 26 19 61 84
11 23 39 23 53 89 15 12 64 33
11 24 59 75 14 50 44 56 60 48
11 25 1 40 53 60 23 63 27 27
11 26 26 89 80 86 88 34 91 70
11 27 93 45 18 79 27 20 10 7
11 28 58 81 68 41 55 56 51 28
11 29 48 63 31 84 30 62 24 63
11 30 48 86 54 82 21 62 76 51
11 31 16 53 37 40 17 35 92 43
11 32 22 15 16 34 71 86 63 51
11 33 22 94 51 21 23 38 58 75
11 34 41 45 25 72 14 70 27 46
11 35 69 16 53 40 31 80 36 42
11 36 74 19 14 43 64 52 72 69
11 37 80 63 50 28 73 51 22 65
11 38 61 11 44 68 85 52 86 10
11 39 56 65 54 78 13 59 52 69
11 40 63 75 73 56 9 39 60 80
11 41 25 72 23 44 58 55 46 49
11 42 73 23 34 55 60 18 54 16
11 43 5 76 95 56 88 71 39 25
11 44 62 24 19 32 34 51 34 8
12 13 3 50 93 86 46 61 52 53
12 14 0 44 46 43 60 77 89 77
12 15 70 12 56 48 70 30 6 38
12 16 13 42 62 81 41 68 86 32
12 17 18 39 30 27 30 53 95 80
12 18 17 49 27 47 90 18 75 51
12 19 10 24 93 66 50 20 93 70
12 20 50 70 24 88 73 69 12 58
12 21 6 54 83 42 34 31 25 41
12 22 15 35 26 93 57 35 55 77
12 23 25 31 72 68 53 37 35 66
12 24 91 56 38 65 8 61 36 8
12 25 62 61 42 29 73 64 40 60
12 26 45 81 40 88 16 32 56 85
12 27 97 14 23 45 51 27 74 64
12 28 18 72 87 87 76 76 95 76
12 29 86 14 80 30 82 77 52 10
12 30 84 73 9 79 31 54 28 60
12 31 86 40 68 14 38 21 41 69
12 32 83 66 8 36 45 35 52 67
12 33 67 16 86 76 31 62 13 19
12 34 49 61 15 30 11 31 85 21
12 35 49 55 44 23 16 19 86 23
12 36 57 11 53 47 15 42 54 47
12 37 87 58 10 36 24 61 52 72
12 38 92 8 8 67 19 75 10 10
12 39 79 56 7 73 21 46 29 25
12 40 13 40 60 21 62 48 64 96
12 41 96 5 40 24 74 78 41 31
12 42 47 68 66 43 39 81 39 29
12 43 25 67 63 91 58 77 27 40
12 44 91 9 81 78 62 58 69 30
13 14 21 47 52 21 56 87 16 63
13 15 33 42 84 67 69 89 46 31
13 16 43 31 64 53 75 57 24 15
13 17 85 54 67 26 11 9 16 53
13 18 19 59 53 67 80 48 67 92
13 19 16 72 22 35 18 58 96 87
13 20 24 63 78 25 70 25 49 72
13 21 4 52 32 76 69 79 52 60
13 22 92 78 38 57 57 48 25 34
13 23 84 57 74 42 34 19 66 52
13 24 62 86 80 51 81 49 72 60
13 25 81 16 32 52 71 20 50 45
13 26 40 22 37 69 83 89 39 41
13 27 63 25 70 16 52 38 17 11
13 28 78 73 37 46 22 80 70 41
13 29 90 60 47 52 75 27 36 23
13 30 4 49 43 25 57 47 94 64
13 31 94 79 52 59 80 79 55 22
13 32 79 58 8 62 35 49 27 27
13 33 54 38 63 25 45 44 86 42
13 34 41 40 63 72 88 62 60 49
13 35 63 7 76 29 39 82 70 16
13 36 73 46 46 53 41 34 52 42
13 37 23 43 53 31 41 95 57 57
13 38 82 55 29 51 8 15 70 69
13 39 73 13 58 42 57 73 20 9
13 40 68 38 28 58 50 83 59 19
13 41 97 8 55 64 42 73 32 20
13 42 9 54 63 91 51 83 88 31
13 43 43 51 23 36 19 59 44 47
13 44 68 55 78 34 13 22 24 30
14 15 22 42 54 31 67 23 56 92
14 16 12 74 75 27 91 66 57 24
14 17 40 76 43 81 53 42 30 19
14 18 45 70 80 47 23 52 67 24
14 19 22 30 62 36 28 93 41 62
14 20 16 35 23 79 26 22 51 90
14 21 77 31 57 33 28 32 9 78
14 22 2 27 41 93 81 48 75 32
14 23 25 60 31 57 65 22 87 46
14 24 67 45 35 42 66 75 44 52
14 25 72 58 83 59 76 64 38 34
14 26 38 91 70 87 37 43 56 60
14 27 26 78 89 74 76 21 21 41
14 28 9 46 26 44 46 58 89 88
14 29 99 70 1 45 6 11 68 66
14 30 2 57 88 57 79 89 26 85
14 31 60 50 43 8 67 11 67 18
14 32 14 42 18 58 52 70 59 41
14 33 72 9 50 77 55 7 64 76
14 34 21 72 24 29 71 70 30 91
14 35 2 32 96 97 96 60 45 71
14 36 11 93 69 94 37 28 56 46
14 37 92 58 29 57 45 24 49 66
14 38 52 36 66 52 71 23 66 24
14 39 71 45 37 66 68 7 75 14
14 40 34 79 49 41 34 83 57 20
14 41 74 62 47 48 34 37 71 60
14 42 43 54 14 43 65 49 82 63
14 43 57 40 74 22 80 32 42 84
14 44 52 43 74 80 61 30 58 69
15 16 52 65 82 87 81 65 19 61
15 17 65 79 20 82 56 24 24 7
15 18 5 26 60 38 54 90 37 56
15 19 83 38 43 46 52 47 41 20
15 20 2 95 53 78 97 19 64 48
15 21 17 37 57 52 41 73 52 61
15 22 67 80 33 25 20 62 37 39
15 23 49 72 10 67 76 65 61 27
15 24 41 54 81 42 59 22 29 56
15 25 73 12 62 80 9 71 70 13
15 26 19 17 80 30 94 85 38 82
15 27 56 44 61 40 64 19 64 87
15 28 18 43 23 89 25 44 74 88
15 29 11 24 84 88 71 96 64 74
15 30 15 96 28 41 66 69 30 67
15 31 45 73 45 68 54 52 17 68
15 32 26 14 88 53 63 39 86 67
15 33 5 67 28 25 67 20 58 40
15 34 45 83 38 45 15 26 14 62
15 35 22 24 52 86 85 20 46 76
15 36 68 69 77 40 55 58 57 36
15 37 57 76 13 12 21 23 33 65
15 38 88 11 40 56 61 50 59 41
15 39 65 28 30 51 8 85 32 64
15 40 79 83 16 49 35 69 27 8
15 41 42 13 48 43 78 51 22 12
15 42 17 49 26 63 92 76 87 81
15 43 68 32 38 46 71 24 32 45
15 44 30 46 29 40 85 47 21 61
16 17 41 30 62 44 47 12 69 15
16 18 45 36 55 28 80 78 77 84
16 19 85 23 15 39 45 15 10 57
16 20 70 46 36 45 68 52 71 76
16 21 49 22 47 20 60 62 83 52
16 22 21 81 90 68 28 80 62 82
16 23 93 26 11 40 63 29 49 41
16 24 27 21 78 22 78 87 42 74
16 25 98 51 62 71 61 6 31 1
16 26 22 69 45 86 89 75 79 81
16 27 10 80 51 74 85 68 27 80
16 28 73 80 15 45 39 81 66 25
16 29 17 68 17 22 41 43 59 52
16 30 62 79 11 22 50 78 64 28
16 31 91 45 49 68 23 17 68 6
16 32 76 16 76 48 23 52 38 67
16 33 63 48 77 78 59 65 45 70
16 34 92 6 24 30 37 13 44 5
16 35 66 63 38 9 70 56 41 41
16 36 70 45 11 55 7 9 70 66
16 37 49 10 64 46 57 28 78 22
16 38 83 79 81 54 78 22 7 11
16 39 39 34 30 75 47 63 58 39
16 40 85 15 70 63 75 50 35 24
16 41 95 37 6 49 31 47 79 62
16 42 28 69 92 30 53 88 23 65
16 43 24 85 39 93 56 18 25 33
16 44 27 25 60 82 60 47 91 53
17 18 20 55 34 78 56 83 24 88
17 19 33 93 39 23 17 22 89 54
17 20 92 50 8 26 51 80 53 26
17 21 12 60 64 67 39 89 66 21
17 22 24 86 32 45 54 67 38 84
17 23 78 10 77 33 7 54 82 60
17 24 84 44 35 33 21 78 34 60
17 25 96 47 78 73 44 2 22 73
17 26 86 64 57 22 48 9 77 28
17 27 30 71 87 72 78 69 91 35
17 28 75 52 20 44 51 39 36 46
17 29 55 51 79 65 27 81 72 80
17 30 4 79 90 27 68 20 20 44
17 31 0 33 89 21 32 53 42 50
17 32 20 26 54 22 69 87 38 75
17 33 79 35 11 80 47 33 47 4
17 34 32 84 77 29 78 73 63 59
17 35 75 8 37 7 25 17 34 62
17 36 25 68 61 87 39 26 89 86
17 37 2 39 31 85 91 86 94 69
17 38 32 39 44 29 42 34 19 91
17 39 64 73 34 81 47 50 41 21
17 40 37 85 90 61 49 31 33 15
17 41 41 40 43 33 30 79 44 75
17 42 80 79 7 71 59 69 57 30
17 43 25 69 78 60 30 76 43 49
17 44 89 28 47 67 25 65 80 35
18 19 27 81 82 46 67 74 60 77
18 20 29 56 73 17 53 59 69 33
18 21 53 76 89 29 40 50 76 69
18 22 24 63 51 75 86 41 60 15
18 23 65 32 28 75 25 77 72 17
18 24 13 64 96 55 69 59 27 70
18 25 74 68 52 27 6 77 23 39
18 26 27 21 90 84 66 23 27 76
18 27 1 75 45 84 41 29 48 32
18 28 42 61 50 49 55 17 23 66
18 29 25 29 60 46 85 67 18 87
18 30 59 32 37 8 56 74 10 71
18 31 31 48 64 91 54 47 63 15
18 32 5 19 79 23 35 36 52 83
18 33 75 54 15 51 45 29 23 54
18 34 49 13 55 79 86 46 72 11
18 35 18 87 92 93 64 46 61 48
18 36 37 17 82 81 12 85 56 37
18 37 7 43 97 43 44 23 64 73
18 38 35 79 79 61 89 52 65 48
18 39 67 73 48 60 23 85 58 64
18 40 67 79 74 76 12 41 61 6
18 41 47 42 43 82 76 59 83 81
18 42 27 43 74 32 17 18 65 35
18 43 27 30 90 26 42 57 54 55
18 44 79 52 54 46 82 53 45 37
19 20 51 86 39 85 28 36 20 69
19 21 75 17 53 17 76 34 66 22
19 22 68 60 83 29 68 47 67 55
19 23 3 45 78 32 25 26 78 42
19 24 2 68 34 20 20 98 76 90
19 25 65 58 56 23 83 32 69 43
19 26 98 44 48 54 10 69 54 48
19 27 12 87 23 50 93 22 90 59
19 28 89 78 67 70 29 28 35 50
19 29 38 50 43 56 65 33 42 26
19 30 29 56 46 66 81 40 26 82
19 31 90 21 42 75 37 47 57 77
19 32 2 62 93 90 65 27 39 58
19 33 20 92 42 73 54 70 60 34
19 34 98 48 75 26 50 45 0 62
19 35 1 22 81 93 78 80 61 35
19 36 58 33 21 14 85 28 42 76
19 37 69 24 29 9 48 41 54 38
19 38 81 75 65 25 26 24 61 60
19 39 13 93 95 26 80 47 40 23
19 40 60 71 66 14 27 36 56 22
19 41 63 86 68 12 79 52 52 26
19 42 97 9 62 12 34 14 49 35
19 43 88 80 44 74 73 56 69 24
19 44 19 32 54 64 35 94 24 57
20 21 91 62 79 27 61 27 42 55
20 22 47 82 41 58 73 83 15 22
20 23 89 73 57 42 23 6 27 76
20 24 71 41 27 31 77 59 28 54
20 25 15 85 79 30 91 54 94 82
20 26 80 42 17 33 38 6 70 71
20 27 86 9 60 71 80 33 55 25
20 28 97 17 4 59 50 48 44 19
20 29 78 42 31 83 19 68 81 43
20 30 35 13 88 59 51 12 30 48
20 31 9 24 38 31 50 74 52 28
20 32 16 31 81 58 19 49 69 56
20 33 42 86 51 34 18 89 68 28
20 34 15 46 73 43 30 77 63 33
20 35 17 73 77 73 52 32 37 62
20 36 5 42 97 65 70 81 85 84
20 37 23 18 93 58 71 30 64 54
20 38 38 44 70 26 71 33 81 22
20 39 38 26 51 82 12 64 59 23
20 40 19 91 85 33 17 67 58 78
20 41 82 7 15 39 41 68 15 8
20 42 40 19 67 76 88 50 53 61
20 43 58 22 64 31 80 71 16 57
20 44 68 36 8 45 21 39 41 75
21 22 36 78 64 38 31 59 28 66
21 23 84 42 49 71 65 39 4 4
21 24 68 76 69 60 15 51 6 9
21 25 33 29 80 39 89 24 28 61
21 26 58 80 20 63 35 85 45 56
21 27 99 71 64 52 6 6 32 31
21 28 41 74 36 28 64 15 37 58
21 29 55 31 26 80 48 51 42 61
21 30 37 67 87 43 31 67 83 35
21 31 96 24 15 59 8 41 27 35
21 32 66 79 67 14 40 57 77 36
21 33 18 34 73 35 33 41 63 86
21 34 32 41 37 20 75 74 72 19
21 35 73 10 42 63 52 8 69 55
21 36 35 77 75 33 44 67 19 50
21 37 69 68 80 80 55 59 22 57
21 38 85 71 5 61 15 24 60 7
21 39 49 31 72 23 24 68 52 85
21 40 33 46 68 39 31 74 55 65
21 41 94 51 61 10 31 37 55 71
21 42 25 28 76 32 19 19 50 71
21 43 40 86 39 71 28 69 34 84
21 44 18 44 36 20 84 62 64 35
22 23 61 64 33 82 15 71 42 45
22 24 94 46 39 37 14 69 25 45
22 25 91 10 42 38 41 26 37 16
22 26 17 89 84 19 23 80 73 37
22 27 51 50 58 67 87 56 52 82
22 28 69 56 76 62 15 56 77 59
22 29 24 45 35 67 24 39 78 63
22 30 39 25 25 26 48 64 21 51
22 31 8 66 34 27 32 52 39 77
22 32 67 21 14 17 30 13 39 13
22 33 19 62 16 51 82 68 88 78
22 34 29 81 84 44 90 67 39 67
22 35 18 55 60 51 87 16 80 22
22 36 14 45 55 69 80 20 95 73
22 37 29 58 87 66 37 82 61 61
22 38 3 70 71 43 83 26 95 27
22 39 30 65 68 29 55 22 37 50
22 40 61 69 60 38 29 19 34 45
22 41 13 61 44 78 51 94 43 22
22 42 43 85 86 85 87 15 28 43
22 43 61 52 78 55 60 82 36 72
22 44 16 33 82 48 35 24 85 82
23 24 92 41 69 23 38 30 43 48
23 25 65 12 76 19 86 49 72 53
23 26 28 60 24 51 85 93 49 30
23 27 31 41 16 27 14 86 35 86
23 28 63 26 48 74 29 37 27 66
23 29 9 64 23 40 29 64 39 19
23 30 28 26 52 56 86 61 92 36
23 31 43 56 58 79 31 49 88 62
23 32 88 64 66 53 55 34 37 49
23 33 55 10 40 21 79 62 82 34
23 34 13 63 85 46 75 55 61 90
23 35 28 36 37 70 77 64 53 47
23 36 36 65 16 40 51 84 69 62
23 37 24 16 72 68 73 54 87 87
23 38 98 41 77 54 35 79 22 7
23 39 67 86 59 47 57 67 53 59
23 40 99 10 65 79 5 53 39 49
23 41 83 8 39 53 76 66 75 71
23 42 13 58 25 78 83 92 47 88
23 43 49 59 72 27 67 62 19 19
23 44 48 29 45 58 46 51 16 15
24 25 60 23 41 54 8 42 71 30
24 26 35 80 89 61 70 15 42 22
24 27 14 35 66 94 39 95 67 75
24 28 68 11 77 53 11 34 41 22
24 29 89 2 60 47 17 56 47 36
24 30 60 49 21 57 81 67 10 75
24 31 53 64 11 79 59 22 87 40
24 32 10 78 22 58 56 67 18 52
24 33 66 20 56 10 74 62 78 54
24 34 0 35 84 87 84 79 50 58
24 35 38 22 59 26 52 41 81 82
24 36 91 32 18 40 60 81 61 58
24 37 51 71 75 59 15 23 75 57
24 38 41 40 85 32 46 32 88 37
24 39 33 91 83 79 16 42 28 91
24 40 82 33 81 82 5 27 34 27
24 41 58 83 26 42 22 75 23 16
24 42 56 53 39 85 69 36 37 40
24 43 67 12 19 39 23 11 75 23
24 44 51 77 85 79 43 22 42 49
25 26 38 57 45 77 27 44 32 91
25 27 5 60 61 86 88 56 70 44
25 28 28 14 19 45 75 24 40 28
25 29 32 51 54 41 90 31 71 63
25 30 82 8 65 83 33 18 33 51
25 31 89 23 16 44 33 81 2 16
25 32 23 24 51 88 59 30 53 83
25 33 25 94 83 63 78 86 64 56
25 34 88 54 47 2 22 43 8 81
25 35 55 78 46 55 39 78 61 17
25 36 34 20 32 55 17 78 27 52
25 37 60 62 24 15 76 67 49 29
25 38 84 55 11 18 28 27 25 63
25 39 46 73 89 39 14 83 69 58
25 40 92 55 56 45 2 22 22 26
25 41 99 80 32 69 10 58 41 56
25 42 24 59 51 84 73 29 57 21
25 43 44 58 24 67 16 53 23 40
25 44 9 53 95 30 41 72 55 65
26 27 89 30 29 61 57 8 14 20
26 28 94 6 74 28 58 14 72 31
26 29 96 37 11 31 36 62 43 59
26 30 58 43 37 57 29 59 28 13
26 31 71 26 34 53 29 51 55 37
26 32 73 30 55 14 53 52 30 67
26 33 22 78 47 92 39 83 67 25
26 34 50 27 29 71 37 28 58 43
26 35 76 67 78 37 51 40 49 12
26 36 87 61 9 32 54 38 44 11
26 37 23 19 39 33 33 49 32 52
26 38 36 52 29 86 59 36 52 29
26 39 77 18 64 61 18 74 19 41
26 40 70 36 67 67 20 23 6 25
26 41 57 39 47 60 78 65 18 16
26 42 81 62 24 77 59 72 21 64
26 43 7 93 37 58 44 88 49 24
26 44 2 84 45 79 55 88 25 38
27 28 38 20 78 46 57 36 64 67
27 29 16 29 63 21 46 79 25 67
27 30 28 29 56 70 90 82 70 91
27 31 79 67 81 65 27 12 12 27
27 32 6 50 21 20 40 23 51 52
27 33 12 70 80 76 61 94 92 75
27 34 27 66 35 24 78 66 39 84
27 35 55 82 61 55 27 22 54 40
27 36 60 7 36 41 83 58 56 73
27 37 97 30 37 49 53 59 50 20
27 38 45 39 45 87 26 53 11 30
27 39 64 19 44 29 86 49 17 42
27 40 23 68 63 50 24 17 79 60
27 41 12 72 38 34 29 84 55 55
27 42 14 89 63 19 52 56 34 17
27 43 69 23 23 65 8 75 84 45
27 44 2 33 44 26 63 62 59 89
28 29 99 60 56 15 30 43 46 10
28 30 17 30 92 31 70 28 22 59
28 31 59 31 37 56 76 64 64 13
28 32 14 94 80 24 32 19 81 56
28 33 68 18 26 10 79 52 62 80
28 34 26 30 74 57 37 75 16 61
28 35 97 63 5 65 71 56 69 59
28 36 56 41 59 64 88 88 40 73
28 37 39 35 76 53 48 80 80 40
28 38 18 69 49 57 19 41 77 91
28 39 16 89 18 92 82 88 76 87
28 40 78 74 42 73 63 40 22 62
28 41 43 69 35 24 35 39 24 23
28 42 45 65 22 56 70 53 69 59
28 43 92 42 29 72 12 30 56 8
28 44 7 75 83 24 81 43 21 47
29 30 14 70 51 33 81 61 70 91
29 31 15 67 57 28 31 48 93 23
29 32 17 80 39 62 29 43 82 67
29 33 51 83 64 23 20 63 61 51
29 34 13 44 94 37 87 22 19 28
29 35 21 76 23 19 16 26 78 78
29 36 61 47 11 20 48 69 26 63
29 37 26 37 84 27 27 42 16 36
29 38 54 74 65 68 12 71 33 11
29 39 80 69 49 24 45 25 68 51
29 40 7 31 38 48 66 78 84 25
29 41 58 55 9 23 43 22 8 48
29 42 19 16 56 17 75 38 91 19
29 43 72 20 10 36 47 39 83 7
29 44 96 51 49 58 18 53 78 42
30 31 84 71 76 46 39 60 76 57
30 32 76 16 33 56 48 17 11 19
30 33 87 64 80 49 24 48 23 52
30 34 85 18 12 23 18 79 43 6
30 35 64 32 39 23 34 71 84 64
30 36 19 48 35 28 55 80 80 28
30 37 50 61 30 42 84 45 11 26
30 38 40 30 53 73 49 51 32 39
30 39 15 80 96 18 62 30 44 45
30 40 88 63 66 61 53 69 51 5
30 41 56 46 18 39 40 28 73 68
30 42 90 21 36 81 52 48 64 38
30 43 47 65 45 73 17 21 23 57
30 44 16 91 29 24 32 94 17 63
31 32 6 53 78 36 83 92 88 31
31 33 92 79 55 73 53 32 49 12
31 34 36 81 80 82 41 79 80 27
31 35 39 39 46 90 85 66 71 62
31 36 22 76 38 61 35 33 32 78
31 37 20 18 17 48 56 49 54 18
31 38 29 19 21 52 72 37 81 44
31 39 27 89 26 65 85 89 81 77
31 40 59 29 49 19 58 25 41 20
31 41 41 17 22 46 34 40 84 42
31 42 41 69 11 45 30 87 56 36
31 43 80 7 13 53 70 76 83 80
31 44 23 73 92 48 48 75 88 60
32 33 19 80 51 86 67 55 70 86
32 34 24 87 17 48 22 87 38 16
32 35 54 65 86 27 83 46 11 12
32 36 68 52 61 37 38 11 31 20
32 37 34 34 91 41 55 66 54 75
32 38 95 50 58 32 35 68 58 51
32 39 6 55 52 95 37 82 53 53
32 40 69 49 73 24 53 58 73 8
32 41 96 26 54 37 2 30 20 48
32 42 62 78 46 38 32 36 59 30
32 43 24 64 16 51 89 82 79 75
32 44 79 68 23 46 52 37 39 61
33 34 54 63 61 63 64 67 61 38
33 35 83 40 60 46 57 79 12 83
33 36 20 27 70 91 73 92 70 17
33 37 62 14 68 35 78 11 41 76
33 38 15 68 39 21 42 81 48 78
33 39 17 32 68 68 27 65 26 44
33 40 45 44 67 35 88 75 52 29
33 41 58 53 49 61 46 33 75 74
33 42 98 32 52 10 3 58 49 55
33 43 76 59 32 58 16 17 19 51
33 44 29 25 73 49 24 16 77 82
34 35 96 73 73 70 69 19 60 71
34 36 67 41 8 29 80 41 60 8
34 37 7 23 56 18 24 67 63 80
34 38 90 81 9 16 43 26 30 6
34 39 22 31 83 23 39 39 54 69
34 40 55 18 30 68 80 72 76 85
34 41 58 78 56 80 42 73 81 51
34 42 19 77 25 35 52 24 36 78
34 43 40 25 62 75 18 41 63 46
34 44 38 66 62 88 68 49 25 24
35 36 22 24 51 26 58 73 57 74
35 37 19 86 54 83 87 93 44 72
35 38 96 26 69 71 33 40 48 25
35 39 66 26 13 28 26 23 41 43
35 40 52 85 26 35 46 56 42 55
35 41 54 65 68 24 19 40 26 56
35 42 63 46 77 54 84 21 61 26
35 43 51 72 32 56 48 56 40 73
35 44 43 69 88 48 64 66 56 19
36 37 64 40 39 35 73 36 23 69
36 38 17 93 73 89 17 37 61 60
36 39 93 27 22 70 5 37 33 13
36 40 75 19 26 23 66 63 9 69
36 41 97 5 65 75 36 11 2 6
36 42 63 75 61 60 28 64 11 67
36 43 52 48 24 20 50 59 89 22
36 44 85 57 38 71 68 56 46 57
37 38 59 21 42 60 79 74 51 39
37 39 76 42 41 10 20 83 22 37
37 40 92 78 53 6 5 4 69 31
37 41 91 73 78 46 68 51 69 70
37 42 85 58 55 75 54 76 55 52
37 43 58 48 64 38 75 36 26 76
37 44 25 71 78 41 18 61 87 66
38 39 5 88 76 98 30 81 35 20
38 40 28 85 54 37 87 92 57 35
38 41 37 30 88 63 25 30 90 38
38 42 92 70 36 45 37 6 4 8
38 43 39 25 33 14 33 23 18 58
38 44 19 79 68 83 46 70 89 52
39 40 65 63 21 11 22 40 31 86
39 41 53 72 53 81 62 26 56 88
39 42 25 80 69 77 21 30 34 15
39 43 49 57 25 11 53 69 89 52
39 44 96 44 17 76 11 54 69 27
40 41 70 12 61 39 9 73 9 44
40 42 95 79 30 62 68 75 16 6
40 43 91 34 35 32 80 63 20 28
40 44 56 10 67 45 34 37 16 17
41 42 67 48 68 28 66 10 43 26
41 43 38 15 31 30 36 67 55 73
41 44 86 55 13 37 68 18 14 81
42 43 21 16 70 35 59 23 78 80
42 44 11 38 30 70 73 39 78 83
43 44 49 22 30 11 88 13 70 75
