48 8
0 0.166667 0.166667 0.166667 0.166667 0.166667 0.166667 0 
0 1 98 10 39 34 3 38 16 6
0 2 77 38 52 48 33 31 14 46
0 3 53 70 58 43 35 32 63 67
0 4 37 35 78 63 64 75 76 32
0 5 21 74 72 51 79 79 66 58
0 6 86 7 33 26 37 13 31 48
0 7 0 53 96 80 56 64 73 90
0 8 27 67 59 64 77 40 69 84
0 9 0 92 68 72 51 82 69 96
0 10 81 28 11 42 48 24 44 27
0 11 34 55 42 42 78 45 80 44
0 12 76 41 51 44 33 13 29 43
0 13 55 22 65 22 40 25 22 35
0 14 51 49 62 30 36 30 38 29
0 15 68 52 34 33 26 38 31 34
0 16 84 12 39 43 37 56 42 56
0 17 19 79 46 43 64 50 88 69
0 18 16 85 50 58 65 66 77 74
0 19 40 44 61 35 50 70 76 36
0 20 6 85 88 91 65 84 51 54
0 21 13 75 76 51 49 45 53 90
0 22 30 44 43 60 52 52 44 41
0 23 28 63 79 64 73 54 54 55
0 24 12 67 43 44 72 60 68 55
0 25 74 56 18 30 13 16 32 38
0 26 39 59 78 58 59 58 37 65
0 27 23 48 81 49 70 83 80 58
0 28 73 48 17 37 43 43 21 25
0 29 6 61 67 71 75 66 82 96
0 30 64 32 28 52 47 63 19 35
0 31 44 40 57 52 43 66 48 64
0 32 15 63 50 47 59 82 58 82
0 33 65 46 63 23 57 40 58 38
0 34 15 48 90 66 55 49 78 83
0 35 8 87 90 86 60 53 61 88
0 36 51 46 69 66 68 54 43 61
0 37 87 36 31 32 45 53 7 45
0 38 67 43 42 20 59 63 43 56
0 39 58 36 33 64 45 44 31 41
0 40 14 91 56 70 50 44 47 84
0 41 39 38 64 52 73 43 30 36
0 42 14 57 57 66 71 77 59 65
0 43 2 56 65 94 79 87 66 91
0 44 4 51 53 80 92 58 87 81
0 45 67 63 56 52 57 41 49 22
0 46 3 83 93 77 97 57 75 61
0 47 44 63 58 38 40 43 41 33
1 2 17 62 49 84 64 47 72 44
1 3 72 56 55 42 55 51 42 20
1 4 92 40 46 27 52 32 48 14
1 5 64 20 49 50 62 40 42 36
1 6 74 28 32 29 25 46 13 40
1 7 56 41 50 46 23 35 50 41
1 8 39 64 65 34 35 56 56 48
1 9 12 69 67 89 53 46 49 82
1 10 98 6 21 3 49 16 4 50
1 11 10 54 47 62 86 57 69 54
1 12 56 71 32 59 41 41 57 47
1 13 43 67 60 69 48 40 30 76
1 14 46 56 62 35 58 61 62 38
1 15 43 69 45 64 39 59 61 67
1 16 27 44 59 67 60 74 61 54
1 17 52 62 38 52 28 36 29 42
1 18 33 36 72 55 74 48 43 61
1 19 86 18 28 38 51 7 27 29
1 20 41 50 52 49 69 62 54 64
1 21 14 59 62 83 86 52 84 79
1 22 73 24 26 21 17 26 44 36
1 23 64 21 50 31 56 35 66 19
1 24 44 49 67 37 58 40 67 47
1 25 64 63 33 56 40 40 36 34
1 26 18 65 77 43 44 52 87 62
1 27 7 84 64 73 52 48 84 50
1 28 85 24 16 20 54 15 50 45
1 29 83 40 46 39 24 52 12 23
1 30 69 21 40 60 16 19 43 44
1 31 66 21 60 54 17 42 37 41
1 32 54 51 33 30 63 50 41 22
1 33 42 63 31 68 50 61 46 54
1 34 30 44 66 44 73 73 77 82
1 35 69 20 51 44 42 55 28 19
1 36 49 29 67 44 49 63 38 39
1 37 37 73 81 77 51 43 48 38
1 38 15 43 53 69 44 52 47 83
1 39 20 50 79 64 45 55 65 59
1 40 78 52 14 45 11 37 53 50
1 41 37 55 79 42 57 60 69 59
1 42 73 38 19 23 18 48 40 20
1 43 68 59 29 33 57 46 21 39
1 44 92 30 6 48 52 30 18 40
1 45 13 91 54 52 77 63 65 58
1 46 17 89 86 68 58 70 75 53
1 47 79 26 50 39 52 47 39 14
2 3 57 28 46 53 43 44 23 26
2 4 43 66 77 37 44 69 58 41
2 5 6 66 49 63 79 53 55 50
2 6 47 49 73 48 54 73 59 67
2 7 77 34 12 42 38 53 60 22
2 8 79 19 14 13 33 24 14 36
2 9 48 56 63 62 39 42 40 38
2 10 93 20 5 30 29 48 25 33
2 11 16 47 84 80 68 48 63 49
2 12 59 64 28 20 57 21 32 69
2 13 75 40 22 17 37 41 31 59
2 14 92 53 48 38 18 8 34 38
2 15 20 49 49 69 55 58 41 43
2 16 82 52 31 22 40 24 38 45
2 17 58 59 41 56 31 32 54 37
2 18 16 48 68 56 58 75 47 75
2 19 23 67 71 87 79 50 55 47
2 20 64 64 19 48 54 18 50 52
2 21 67 54 60 36 55 35 41 64
2 22 64 18 28 55 46 53 63 64
2 23 21 85 57 78 56 70 57 61
2 24 22 56 52 62 81 87 72 42
2 25 22 70 82 46 87 75 77 75
2 26 63 33 47 22 23 31 60 55
2 27 55 34 49 38 61 27 60 67
2 28 98 6 3 20 30 33 7 14
2 29 25 50 71 87 52 63 76 50
2 30 36 45 34 59 58 54 33 66
2 31 37 78 76 67 31 65 56 41
2 32 49 52 39 57 52 70 68 50
2 33 9 72 94 63 51 62 77 72
2 34 86 41 49 7 40 22 25 54
2 35 26 86 66 54 72 43 66 61
2 36 28 40 39 48 73 82 59 36
2 37 93 31 9 50 8 25 27 14
2 38 2 84 79 82 71 89 54 72
2 39 71 28 53 34 43 58 51 24
2 40 1 70 91 56 69 96 92 87
2 41 75 33 31 29 41 47 17 17
2 42 36 40 64 80 64 76 32 34
2 43 45 45 62 59 75 45 40 57
2 44 25 59 38 66 50 61 80 81
2 45 61 44 44 34 38 23 27 57
2 46 89 54 41 41 10 33 26 10
2 47 91 34 20 38 15 31 30 11
3 4 58 38 62 57 37 44 47 37
3 5 86 51 31 38 55 56 37 11
3 6 93 40 32 5 35 50 11 16
3 7 0 89 51 50 74 73 51 74
3 8 74 54 47 28 49 24 13 47
3 9 44 59 53 37 43 30 68 70
3 10 65 19 21 38 57 20 42 33
3 11 41 39 60 75 39 40 69 45
3 12 32 34 55 72 83 35 66 42
3 13 66 64 43 62 43 44 65 61
3 14 30 74 66 57 58 84 36 83
3 15 54 55 42 32 40 35 54 44
3 16 4 68 97 63 65 69 63 86
3 17 31 71 59 58 76 51 42 73
3 18 78 42 42 25 44 36 12 47
3 19 48 49 41 66 68 33 63 37
3 20 7 67 74 87 69 65 83 58
3 21 96 33 11 29 28 12 46 23
3 22 31 51 72 81 83 54 58 50
3 23 55 22 63 58 25 34 41 33
3 24 37 74 58 59 67 33 48 64
3 25 64 66 34 36 34 49 56 46
3 26 12 87 83 66 89 88 73 86
3 27 50 55 59 48 41 30 55 47
3 28 40 78 62 54 49 31 68 53
3 29 23 43 65 38 83 50 41 85
3 30 94 19 19 38 28 24 12 25
3 31 66 23 50 57 64 25 42 45
3 32 92 20 37 51 4 37 6 47
3 33 95 10 24 38 17 21 8 40
3 34 92 4 17 6 30 21 5 38
3 35 71 40 58 28 61 24 18 31
3 36 33 45 45 41 50 51 62 76
3 37 56 67 39 64 25 59 63 65
3 38 1 74 99 85 51 65 66 65
3 39 3 67 55 86 79 73 53 70
3 40 55 67 53 45 57 57 50 54
3 41 47 41 35 44 63 38 43 45
3 42 42 29 42 28 74 65 48 29
3 43 47 68 71 74 39 66 27 57
3 44 19 61 50 56 63 40 54 60
3 45 39 48 67 45 50 33 75 73
3 46 6 69 67 90 77 89 62 61
3 47 56 48 63 22 47 25 71 28
4 5 71 58 16 26 27 26 63 29
4 6 38 79 63 31 71 45 78 52
4 7 62 22 66 35 55 47 43 23
4 8 36 63 33 35 37 80 33 70
4 9 5 88 51 55 47 47 70 65
4 10 89 49 46 13 45 6 46 20
4 11 21 84 85 75 85 47 78 83
4 12 83 36 13 26 40 56 44 36
4 13 80 32 17 26 22 19 58 11
4 14 73 24 23 22 58 57 35 30
4 15 26 65 46 69 37 60 86 43
4 16 89 48 14 10 24 26 38 33
4 17 66 39 20 26 58 16 38 60
4 18 86 19 23 8 40 13 29 13
4 19 21 58 76 62 71 81 53 71
4 20 18 69 58 85 50 75 51 56
4 21 27 63 61 45 79 41 66 66
4 22 47 74 53 54 40 27 49 59
4 23 45 51 60 56 48 73 45 47
4 24 51 64 45 65 63 49 72 51
4 25 26 84 60 71 65 64 50 60
4 26 63 56 34 66 66 41 43 43
4 27 10 55 55 75 91 80 60 78
4 28 40 61 74 70 69 49 68 38
4 29 56 23 54 65 36 23 60 28
4 30 92 21 44 48 47 7 29 32
4 31 65 29 44 41 50 53 48 55
4 32 99 19 22 33 28 18 25 34
4 33 17 57 53 78 73 90 68 85
4 34 61 61 56 61 62 65 64 35
4 35 18 58 83 90 74 65 40 51
4 36 75 18 23 44 35 36 39 57
4 37 39 76 69 43 36 75 58 76
4 38 70 25 39 58 31 48 58 45
4 39 57 52 33 46 56 66 32 47
4 40 40 69 50 55 78 72 73 72
4 41 96 13 38 28 2 18 43 45
4 42 70 50 45 63 27 56 35 56
4 43 87 13 46 41 48 34 26 53
4 44 95 31 7 2 9 11 10 46
4 45 31 55 58 64 69 80 82 52
4 46 82 14 43 44 26 54 47 16
4 47 33 49 38 52 37 80 54 40
5 6 45 69 68 32 40 58 27 33
5 7 66 55 57 32 33 54 64 40
5 8 62 26 34 54 54 38 40 31
5 9 90 45 51 9 32 17 39 37
5 10 44 41 61 40 28 37 38 42
5 11 6 78 68 48 62 73 54 65
5 12 98 19 26 31 16 36 35 6
5 13 80 23 53 39 46 52 22 35
5 14 72 14 17 53 52 45 15 13
5 15 65 40 56 26 28 52 24 58
5 16 73 39 52 55 14 35 43 61
5 17 22 74 82 59 84 51 87 66
5 18 60 62 60 57 32 59 26 30
5 19 64 36 51 40 51 47 46 44
5 20 25 37 52 55 37 52 54 52
5 21 88 20 51 33 23 52 22 15
5 22 38 64 49 55 38 49 68 60
5 23 91 6 43 31 47 33 50 44
5 24 43 75 46 67 35 46 61 65
5 25 52 25 48 43 53 60 35 69
5 26 14 84 54 73 72 58 88 72
5 27 33 35 41 38 57 37 50 37
5 28 11 83 83 87 63 51 77 62
5 29 55 35 43 56 46 24 70 52
5 30 78 17 32 24 33 16 29 44
5 31 51 54 52 52 57 25 74 37
5 32 20 85 66 70 44 69 67 82
5 33 45 61 28 51 51 47 66 75
5 34 5 56 64 92 77 50 77 49
5 35 91 50 32 49 50 16 50 33
5 36 79 21 35 31 45 46 55 41
5 37 68 22 62 49 65 27 33 25
5 38 45 70 36 73 37 49 39 70
5 39 77 28 32 44 13 55 56 56
5 40 38 31 68 34 64 40 67 65
5 41 20 40 73 83 80 89 66 75
5 42 89 52 23 42 48 16 22 41
5 43 71 31 58 19 30 43 18 36
5 44 26 68 62 47 45 70 77 54
5 45 6 58 74 73 92 80 53 77
5 46 85 41 16 15 54 20 45 8
5 47 82 25 20 50 25 33 46 12
6 7 72 30 20 27 35 55 24 55
6 8 50 29 39 43 73 34 43 68
6 9 12 59 91 78 56 50 71 58
6 10 79 47 50 10 34 22 11 53
6 11 66 56 50 44 20 48 23 20
6 12 16 82 87 53 70 47 71 76
6 13 91 36 19 53 20 27 39 4
6 14 29 56 45 65 41 78 60 66
6 15 41 39 46 46 65 50 47 62
6 16 26 69 41 52 60 52 44 43
6 17 94 13 15 40 32 39 15 4
6 18 78 15 46 60 20 35 56 45
6 19 57 41 51 45 58 63 32 28
6 20 48 69 51 29 51 51 62 69
6 21 85 42 17 50 40 53 37 36
6 22 91 27 25 8 31 16 7 53
6 23 59 56 67 60 61 65 22 22
6 24 5 92 86 77 97 78 82 85
6 25 37 46 39 34 77 60 31 39
6 26 90 43 36 46 16 9 25 51
6 27 70 25 49 47 51 57 60 57
6 28 49 71 58 46 34 66 39 34
6 29 30 64 44 58 80 56 64 66
6 30 92 6 15 5 22 38 4 47
6 31 58 38 21 36 22 60 27 44
6 32 98 38 12 29 6 1 18 25
6 33 4 69 65 65 68 51 79 87
6 34 32 50 48 35 52 82 80 54
6 35 85 49 47 35 48 28 35 33
6 36 71 24 24 17 53 34 29 58
6 37 57 45 23 39 31 37 35 50
6 38 48 28 56 48 26 44 55 56
6 39 94 24 40 11 30 9 28 3
6 40 19 60 83 79 78 54 83 77
6 41 98 43 39 30 25 13 45 3
6 42 74 24 17 29 36 14 55 35
6 43 20 81 85 68 75 58 42 75
6 44 80 38 52 19 26 58 39 59
6 45 28 77 80 56 49 58 47 41
6 46 95 13 31 25 34 15 44 50
6 47 68 21 18 20 28 24 65 26
7 8 75 46 42 23 44 19 34 28
7 9 3 66 84 64 77 86 62 48
7 10 99 27 11 47 40 49 47 43
7 11 27 81 37 43 74 65 78 74
7 12 69 60 16 42 52 64 64 26
7 13 68 23 58 22 65 32 33 59
7 14 85 23 19 32 29 26 8 56
7 15 50 46 39 27 42 39 74 33
7 16 75 28 43 47 48 55 22 13
7 17 55 26 38 60 57 49 37 33
7 18 3 76 96 80 88 94 84 97
7 19 40 58 71 41 73 30 74 31
7 20 32 78 78 79 60 38 77 50
7 21 71 31 61 48 41 29 14 49
7 22 94 7 4 15 43 23 39 45
7 23 81 43 46 32 16 34 27 39
7 24 69 56 57 37 48 21 35 50
7 25 90 31 25 16 19 41 21 19
7 26 53 57 25 67 54 66 33 55
7 27 0 65 77 59 54 97 62 99
7 28 90 40 54 38 20 8 46 31
7 29 94 50 14 48 45 32 51 50
7 30 94 10 6 10 16 7 24 8
7 31 21 70 45 59 41 70 50 82
7 32 44 60 39 31 62 59 69 35
7 33 47 48 32 63 63 72 63 27
7 34 24 65 87 44 42 58 54 74
7 35 0 77 76 74 54 98 68 73
7 36 18 87 59 43 48 63 45 84
7 37 28 58 74 67 77 61 41 62
7 38 80 53 53 48 11 25 37 23
7 39 86 10 53 29 55 37 21 25
7 40 45 70 64 56 55 46 56 69
7 41 58 49 41 25 41 45 26 55
7 42 0 69 73 70 57 66 94 81
7 43 47 38 38 34 74 49 44 42
7 44 66 36 27 28 28 42 39 33
7 45 37 66 33 42 62 67 46 60
7 46 77 36 30 28 43 13 19 32
7 47 0 85 81 83 98 81 97 76
8 9 7 60 59 87 61 85 78 63
8 10 40 36 37 50 74 69 42 73
8 11 57 51 30 29 57 40 37 52
8 12 70 52 58 29 44 40 32 33
8 13 4 51 75 50 53 52 81 85
8 14 57 36 54 51 44 70 42 30
8 15 42 36 67 72 68 33 66 69
8 16 0 87 54 87 59 85 58 53
8 17 24 66 56 81 67 75 80 66
8 18 33 35 47 40 75 44 79 76
8 19 71 57 48 53 64 28 20 25
8 20 92 14 19 41 4 20 37 10
8 21 5 76 52 53 56 68 78 79
8 22 79 56 19 25 41 43 12 14
8 23 63 23 30 51 19 67 40 43
8 24 38 33 65 45 39 60 48 71
8 25 11 59 55 57 71 48 81 60
8 26 51 58 62 26 63 33 35 27
8 27 18 81 88 76 66 84 80 85
8 28 94 30 31 29 42 12 38 24
8 29 28 57 82 62 51 80 37 51
8 30 74 41 54 50 30 28 30 38
8 31 42 44 28 38 66 56 50 71
8 32 51 51 32 72 61 56 46 32
8 33 16 47 81 48 46 71 80 66
8 34 25 82 74 63 44 77 52 75
8 35 5 86 82 86 80 82 64 49
8 36 29 79 74 44 76 63 53 60
8 37 83 10 23 47 46 41 45 10
8 38 37 52 56 65 64 32 49 80
8 39 30 46 71 44 37 36 57 80
8 40 3 56 50 50 65 80 90 60
8 41 65 28 45 45 41 63 48 52
8 42 5 67 77 83 82 63 73 64
8 43 53 43 70 45 49 49 44 70
8 44 56 68 43 24 41 38 47 60
8 45 36 63 81 34 60 63 78 43
8 46 75 60 56 18 22 61 24 43
8 47 5 68 96 60 66 92 93 94
9 10 38 77 53 47 63 36 76 47
9 11 10 51 85 59 83 87 66 69
9 12 3 85 67 59 63 60 77 83
9 13 50 31 31 72 59 67 69 65
9 14 82 19 13 54 43 27 42 27
9 15 75 19 41 56 24 23 29 35
9 16 96 50 38 35 30 13 10 4
9 17 89 51 27 6 34 27 47 29
9 18 76 42 13 24 61 37 34 46
9 19 99 24 29 47 24 10 6 11
9 20 79 59 55 52 39 11 31 58
9 21 53 60 70 65 27 26 70 30
9 22 46 32 61 58 72 70 67 30
9 23 53 71 23 31 32 36 71 45
9 24 62 56 49 20 68 20 30 29
9 25 40 54 51 50 72 46 47 68
9 26 41 63 60 74 51 31 66 68
9 27 8 87 75 68 55 74 94 75
9 28 49 49 30 38 39 39 64 70
9 29 14 51 69 52 63 92 72 87
9 30 35 40 50 40 55 63 68 47
9 31 26 52 42 42 46 78 55 74
9 32 4 96 87 76 48 63 56 74
9 33 3 72 48 52 67 55 72 55
9 34 57 68 28 27 28 45 70 24
9 35 1 98 77 95 56 63 50 64
9 36 67 50 55 42 64 39 20 58
9 37 72 28 37 22 25 13 57 27
9 38 14 80 62 52 77 67 54 56
9 39 23 51 70 58 73 56 46 53
9 40 10 69 52 52 81 91 56 60
9 41 96 50 34 3 23 32 46 36
9 42 15 52 82 57 52 75 75 89
9 43 71 53 45 18 48 25 30 27
9 44 76 48 53 21 28 13 52 23
9 45 51 39 64 71 28 60 70 31
9 46 34 62 80 80 34 40 33 60
9 47 50 52 72 36 55 52 67 36
10 11 41 50 57 66 68 61 60 69
10 12 37 45 72 62 51 43 52 49
10 13 71 53 32 61 20 35 20 47
10 14 33 55 51 54 35 34 42 41
10 15 90 22 13 25 22 29 29 51
10 16 33 74 80 62 68 67 71 69
10 17 17 58 76 67 52 52 45 74
10 18 70 28 48 47 30 54 41 60
10 19 51 67 68 29 68 44 71 71
10 20 24 82 64 61 45 61 56 52
10 21 4 55 83 48 80 58 71 84
10 22 93 24 38 5 13 5 49 10
10 23 24 70 86 73 38 78 67 38
10 24 65 59 50 43 55 21 48 56
10 25 94 45 49 26 12 27 14 49
10 26 52 60 31 56 51 57 55 33
10 27 83 46 13 39 51 54 31 9
10 28 94 6 24 33 33 20 34 23
10 29 88 14 54 52 38 31 39 43
10 30 30 70 71 75 83 57 48 78
10 31 60 41 28 63 51 47 49 33
10 32 70 51 17 56 22 28 19 36
10 33 57 37 26 26 32 60 36 49
10 34 83 10 48 40 24 11 52 50
10 35 90 25 5 37 41 50 16 9
10 36 67 47 51 30 43 24 55 56
10 37 24 84 47 53 78 43 41 44
10 38 64 63 27 61 19 23 23 43
10 39 39 45 30 52 79 51 59 53
10 40 90 32 44 53 46 26 41 49
10 41 51 39 35 73 30 58 31 25
10 42 80 18 30 19 21 9 52 20
10 43 52 26 71 41 45 69 25 49
10 44 89 42 24 48 10 27 7 23
10 45 51 55 56 28 48 64 59 39
10 46 45 70 28 36 30 28 57 32
10 47 49 53 30 72 26 64 70 52
11 12 18 78 75 89 69 76 46 90
11 13 52 39 71 50 68 31 33 41
11 14 70 58 23 57 43 49 15 45
11 15 95 37 19 14 29 37 11 19
11 16 94 52 51 6 33 40 41 9
11 17 80 44 15 22 36 20 26 47
11 18 62 37 22 37 65 26 41 21
11 19 80 42 28 12 43 27 46 30
11 20 0 82 53 87 53 88 55 94
11 21 64 21 27 43 22 54 51 25
11 22 50 72 44 25 70 51 59 49
11 23 18 54 77 68 51 43 90 64
11 24 64 42 56 34 19 32 56 64
11 25 56 37 47 44 38 46 28 34
11 26 77 30 41 36 45 19 12 51
11 27 83 18 52 32 51 46 18 15
11 28 7 80 50 74 72 89 64 94
11 29 87 14 49 32 23 27 44 33
11 30 24 66 59 66 44 81 39 67
11 31 84 51 42 57 26 38 36 30
11 32 24 39 47 54 55 38 48 60
11 33 75 61 31 12 57 23 21 56
11 34 76 55 45 18 34 54 37 13
11 35 10 53 82 58 73 87 63 79
11 36 1 65 53 76 82 87 80 80
11 37 16 60 85 84 61 77 52 58
11 38 95 16 39 2 47 46 35 49
11 39 56 60 71 33 33 60 63 61
11 40 98 17 16 42 34 42 45 28
11 41 67 33 31 54 40 57 16 58
11 42 61 63 63 61 57 21 48 40
11 43 27 43 76 83 86 67 73 36
11 44 17 73 46 68 78 53 46 63
11 45 92 41 16 10 21 22 38 47
11 46 38 40 34 36 34 69 73 31
11 47 82 55 11 22 16 42 40 16
12 13 5 57 51 73 82 49 67 66
12 14 15 78 86 75 91 43 42 69
12 15 67 34 65 59 22 18 43 34
12 16 32 40 51 54 41 75 46 81
12 17 59 50 30 69 40 57 54 40
12 18 63 54 60 64 52 18 48 25
12 19 10 70 46 57 93 55 88 44
12 20 92 50 5 31 38 20 41 7
12 21 20 42 41 86 82 66 71 59
12 22 27 81 58 78 48 78 49 52
12 23 28 84 76 60 68 69 85 64
12 24 21 86 65 44 70 85 67 59
12 25 47 35 70 60 31 63 50 31
12 26 20 82 46 61 50 84 73 82
12 27 54 40 68 36 26 69 37 25
12 28 19 50 59 47 44 84 82 79
12 29 40 78 34 73 54 66 54 35
12 30 87 52 55 50 42 6 24 38
12 31 82 10 54 48 34 28 22 24
12 32 23 52 49 58 65 38 83 43
12 33 10 47 90 90 62 69 61 51
12 34 69 18 61 27 59 56 57 64
12 35 49 50 34 47 57 56 73 28
12 36 70 54 29 64 28 26 52 53
12 37 47 48 47 41 54 34 52 51
12 38 88 22 53 8 47 15 42 19
12 39 0 79 71 54 88 79 66 96
12 40 34 52 43 68 82 36 65 75
12 41 75 28 27 43 60 34 36 28
12 42 91 40 41 34 41 29 49 12
12 43 54 23 48 39 62 48 57 52
12 44 73 62 41 43 47 51 39 19
12 45 72 18 58 37 40 29 30 34
12 46 50 45 66 73 33 34 31 36
12 47 45 41 54 49 60 32 59 62
13 14 48 28 53 26 62 41 31 68
13 15 33 61 37 33 66 55 34 53
13 16 39 75 41 76 31 52 46 66
13 17 6 72 71 63 91 79 90 63
13 18 94 33 3 44 35 24 2 19
13 19 45 38 70 44 37 33 51 57
13 20 33 79 63 66 75 45 57 50
13 21 35 79 46 69 74 78 57 79
13 22 20 56 45 87 75 47 75 76
13 23 73 48 38 43 53 22 30 29
13 24 24 76 85 59 52 73 75 41
13 25 94 50 32 22 16 19 35 46
13 26 64 58 55 56 52 38 43 25
13 27 86 24 6 13 9 30 38 9
13 28 4 53 68 78 50 88 61 91
13 29 14 77 59 90 52 73 92 92
13 30 85 8 26 54 11 33 10 35
13 31 63 26 44 54 44 25 60 62
13 32 65 49 37 24 18 63 17 54
13 33 10 66 79 88 66 90 70 84
13 34 79 38 15 50 45 35 48 35
13 35 1 65 52 82 88 85 81 50
13 36 86 34 41 41 41 45 29 42
13 37 11 82 63 63 71 45 64 67
13 38 13 59 64 71 87 76 92 78
13 39 39 42 55 45 62 54 55 67
13 40 8 54 55 75 77 62 63 69
13 41 69 26 56 17 61 28 51 42
13 42 94 16 26 36 49 32 34 39
13 43 29 56 69 49 40 47 57 79
13 44 21 55 52 83 80 52 44 73
13 45 27 47 83 56 67 45 67 43
13 46 2 59 89 54 96 73 80 70
13 47 63 39 30 46 33 61 46 24
14 15 81 16 43 46 52 20 53 48
14 16 89 14 47 32 52 34 42 44
14 17 23 77 51 70 66 71 82 76
14 18 31 58 60 62 47 74 74 81
14 19 16 90 59 83 56 80 78 87
14 20 0 95 89 56 75 57 53 93
14 21 73 40 32 34 61 20 44 17
14 22 11 57 74 47 88 72 82 88
14 23 31 65 70 39 67 62 53 54
14 24 4 63 84 57 60 67 94 56
14 25 63 52 31 35 52 18 26 64
14 26 85 41 12 51 35 50 54 35
14 27 50 54 47 66 26 47 62 46
14 28 38 66 76 41 41 35 56 78
14 29 15 64 66 68 84 48 90 54
14 30 8 67 80 87 83 87 57 70
14 31 42 48 49 33 29 58 59 53
14 32 73 54 20 18 37 52 22 29
14 33 61 48 46 42 29 34 62 66
14 34 75 38 42 49 33 29 32 16
14 35 54 57 56 50 37 58 36 57
14 36 32 39 67 54 34 49 58 54
14 37 84 49 53 14 21 16 9 34
14 38 31 58 38 60 65 52 52 64
14 39 43 45 44 57 50 58 65 74
14 40 53 54 35 24 49 34 27 63
14 41 5 90 81 58 68 69 83 84
14 42 28 83 77 45 84 81 36 69
14 43 55 32 49 38 34 39 25 52
14 44 32 67 73 74 43 37 60 60
14 45 41 34 38 78 67 66 55 69
14 46 26 78 40 46 72 59 45 60
14 47 73 48 24 27 38 14 18 58
15 16 40 66 33 62 75 37 30 53
15 17 5 88 87 84 53 48 97 54
15 18 80 59 29 20 27 29 26 26
15 19 39 64 73 48 79 74 37 39
15 20 41 35 75 48 42 33 67 77
15 21 83 38 18 28 28 11 32 14
15 22 68 48 30 50 54 45 27 27
15 23 44 50 34 38 38 51 34 53
15 24 46 50 46 29 49 64 73 76
15 25 38 43 52 51 59 67 51 47
15 26 24 60 52 43 87 42 67 75
15 27 14 92 55 45 47 57 74 80
15 28 57 42 49 21 23 66 35 55
15 29 91 39 48 29 43 46 32 43
15 30 60 34 49 35 33 48 19 39
15 31 37 48 46 39 38 62 62 66
15 32 80 58 16 52 43 26 44 32
15 33 60 58 32 69 35 33 48 67
15 34 56 24 30 63 29 60 33 37
15 35 60 42 32 41 63 50 45 66
15 36 97 18 15 38 16 29 22 3
15 37 54 59 37 42 36 48 51 46
15 38 0 99 96 82 60 86 91 82
15 39 57 60 25 46 32 46 42 31
15 40 18 49 78 80 44 51 86 40
15 41 14 62 46 49 69 59 88 61
15 42 45 41 31 36 32 37 31 36
15 43 79 24 42 34 38 27 31 59
15 44 40 70 72 74 32 74 77 32
15 45 53 58 57 42 29 59 26 53
15 46 84 53 11 9 10 37 39 26
15 47 16 51 50 74 75 73 64 77
16 17 31 70 71 76 83 64 53 50
16 18 45 51 45 53 38 68 46 76
16 19 70 64 34 27 18 27 56 55
16 20 0 67 80 91 70 92 76 60
16 21 3 89 94 62 54 93 83 49
16 22 99 27 38 46 40 13 4 31
16 23 37 33 70 35 58 64 34 46
16 24 81 56 34 28 18 12 38 49
16 25 41 57 55 51 37 41 52 36
16 26 45 63 50 70 44 47 41 31
16 27 1 96 72 53 53 65 87 57
16 28 23 42 57 66 68 55 77 81
16 29 41 42 32 48 72 60 46 42
16 30 98 17 41 43 13 20 33 12
16 31 4 65 84 71 95 91 93 94
16 32 30 39 38 55 66 47 47 54
16 33 2 84 82 61 88 69 61 83
16 34 35 68 81 73 78 78 66 54
16 35 61 68 27 67 26 57 22 66
16 36 24 57 77 38 55 67 66 50
16 37 27 39 55 74 44 78 64 67
16 38 4 89 61 62 60 66 95 79
16 39 37 66 79 37 35 37 40 57
16 40 90 50 25 49 48 21 5 19
16 41 22 60 84 55 50 88 47 67
16 42 69 42 42 19 18 45 54 29
16 43 97 26 24 22 15 39 1 25
16 44 14 53 77 55 81 87 54 91
16 45 94 36 37 48 6 20 43 40
16 46 68 50 24 17 39 52 33 44
16 47 23 74 40 61 52 87 57 87
17 18 76 27 50 61 39 61 16 50
17 19 96 14 29 33 30 26 36 8
17 20 36 57 61 38 59 61 67 47
17 21 0 53 64 97 77 65 78 64
17 22 88 42 8 17 9 43 12 33
17 23 7 73 82 93 66 81 68 62
17 24 53 36 39 64 48 35 62 37
17 25 67 50 35 48 37 38 41 44
17 26 34 43 75 51 77 79 38 43
17 27 17 43 44 57 59 81 64 81
17 28 17 75 86 82 78 73 47 46
17 29 33 81 76 48 34 43 58 54
17 30 63 40 56 45 66 27 19 37
17 31 73 27 14 49 31 13 62 49
17 32 13 61 84 65 92 76 62 44
17 33 48 67 67 53 75 36 45 75
17 34 66 57 64 23 43 39 48 25
17 35 24 46 81 48 74 68 75 77
17 36 49 43 50 60 44 60 71 66
17 37 50 62 71 37 52 74 24 68
17 38 59 24 49 46 30 46 30 27
17 39 27 77 75 61 85 60 48 49
17 40 26 74 49 86 67 40 46 67
17 41 30 75 72 72 67 42 70 50
17 42 93 28 13 30 29 31 13 19
17 43 81 36 59 51 30 10 25 35
17 44 72 26 19 32 53 42 43 49
17 45 56 58 47 53 23 29 40 54
17 46 27 45 74 40 54 62 64 66
17 47 58 65 33 33 58 49 53 52
18 19 62 42 32 26 51 26 33 59
18 20 62 55 55 38 61 34 20 36
18 21 22 39 48 85 80 70 49 60
18 22 22 49 45 79 87 46 68 64
18 23 48 59 53 29 43 55 71 58
18 24 97 42 43 13 18 8 45 11
18 25 80 46 56 30 49 40 33 48
18 26 34 43 71 66 42 45 74 64
18 27 27 78 67 69 67 82 44 74
18 28 21 77 69 62 60 70 63 86
18 29 27 86 38 74 77 58 55 51
18 30 77 52 55 25 47 48 31 21
18 31 12 88 86 77 91 44 80 49
18 32 86 51 23 23 41 23 43 41
18 33 5 68 91 59 74 69 61 64
18 34 20 56 87 50 74 63 84 57
18 35 17 43 76 70 46 75 75 77
18 36 66 62 17 25 40 30 22 56
18 37 4 77 54 89 59 68 64 89
18 38 75 52 41 27 34 15 24 17
18 39 8 75 54 92 49 89 63 84
18 40 94 7 38 23 7 32 48 19
18 41 61 44 42 62 67 35 59 25
18 42 16 52 70 90 87 82 77 48
18 43 78 23 57 47 47 31 38 47
18 44 84 33 54 21 19 17 40 47
18 45 0 91 59 75 71 63 82 76
18 46 75 62 17 61 55 24 53 28
18 47 22 58 55 53 85 84 41 41
19 20 93 34 45 8 19 31 48 11
19 21 17 53 44 70 62 44 76 62
19 22 28 62 76 76 50 84 39 68
19 23 52 41 42 70 36 36 47 51
19 24 21 44 82 62 84 72 88 76
19 25 29 69 41 40 62 75 76 72
19 26 75 54 33 61 17 20 50 45
19 27 0 74 89 73 65 90 55 58
19 28 29 73 45 70 82 67 51 53
19 29 66 35 36 53 38 30 21 40
19 30 43 54 66 69 49 49 57 47
19 31 43 52 32 64 66 49 62 58
19 32 39 37 46 52 50 40 38 35
19 33 88 54 9 26 34 8 14 24
19 34 83 49 35 14 57 23 27 26
19 35 4 61 94 52 87 54 66 55
19 36 49 41 68 52 64 61 34 49
19 37 93 52 46 11 6 15 46 28
19 38 40 60 44 58 42 39 72 71
19 39 74 47 51 51 20 50 39 62
19 40 7 78 61 78 76 77 52 70
19 41 41 48 43 77 55 64 75 75
19 42 83 46 11 13 22 56 53 49
19 43 86 22 8 54 11 19 46 50
19 44 44 45 60 74 44 50 27 77
19 45 65 44 20 20 19 23 19 23
19 46 63 19 61 45 50 65 60 36
19 47 66 40 56 61 25 44 39 24
20 21 83 21 47 57 52 30 16 47
20 22 93 25 34 7 24 10 7 22
20 23 54 69 57 43 50 63 63 48
20 24 19 52 60 66 46 52 75 71
20 25 67 19 64 41 57 42 50 56
20 26 40 33 59 38 52 44 33 79
20 27 7 48 69 76 95 76 68 53
20 28 70 24 17 54 41 16 46 48
20 29 27 39 80 62 60 41 59 40
20 30 81 54 38 40 40 44 53 57
20 31 9 52 74 92 81 63 74 67
20 32 97 44 41 38 11 23 5 9
20 33 73 53 60 14 38 56 54 22
20 34 78 55 20 45 30 16 11 31
20 35 65 38 62 40 63 46 33 53
20 36 96 19 30 23 2 13 42 35
20 37 81 16 45 58 41 20 44 42
20 38 84 9 17 33 47 35 13 48
20 39 14 48 80 58 50 59 63 71
20 40 48 26 33 63 59 69 56 55
20 41 85 13 19 11 13 46 12 51
20 42 91 20 12 17 9 36 22 31
20 43 44 34 52 63 56 61 58 64
20 44 0 56 98 84 88 81 56 83
20 45 79 53 30 15 49 15 53 37
20 46 22 60 54 55 50 87 45 54
20 47 7 79 71 57 74 51 71 94
21 22 11 92 86 60 67 46 50 51
21 23 10 74 56 45 70 74 68 78
21 24 0 73 60 68 54 96 83 83
21 25 5 74 75 60 88 65 65 72
21 26 60 53 37 55 23 22 21 52
21 27 28 35 47 84 53 71 48 37
21 28 50 56 24 68 53 33 57 43
21 29 63 30 37 24 42 22 28 48
21 30 52 62 31 58 72 46 62 53
21 31 80 33 51 24 22 46 11 51
21 32 13 55 78 62 52 59 47 70
21 33 99 28 23 33 18 47 20 45
21 34 85 42 47 45 15 31 53 54
21 35 96 11 49 50 24 23 3 7
21 36 74 55 50 38 32 32 22 39
21 37 52 71 52 67 46 41 28 36
21 38 58 29 48 29 51 26 43 33
21 39 17 53 67 89 85 82 61 72
21 40 69 44 31 26 50 18 35 26
21 41 68 53 35 62 32 44 56 29
21 42 86 19 22 39 10 48 9 47
21 43 44 71 71 40 54 47 73 39
21 44 27 47 42 76 40 42 65 70
21 45 79 12 34 23 41 26 16 27
21 46 27 62 66 42 39 67 62 53
21 47 43 43 34 53 29 73 34 64
22 23 7 93 55 93 49 47 81 56
22 24 66 21 20 29 20 39 60 46
22 25 19 64 64 61 66 48 59 66
22 26 82 20 53 39 38 16 51 37
22 27 86 32 49 45 6 55 47 13
22 28 71 28 54 54 27 61 36 55
22 29 21 56 55 72 41 77 40 65
22 30 66 42 46 49 28 56 66 40
22 31 62 31 47 20 63 24 25 57
22 32 77 24 24 24 47 22 25 18
22 33 45 37 54 72 57 75 75 70
22 34 45 55 57 66 62 36 27 39
22 35 69 22 52 39 60 61 46 49
22 36 97 6 30 8 43 9 28 16
22 37 60 68 61 42 62 68 60 53
22 38 99 39 31 5 14 26 4 5
22 39 22 67 62 49 75 64 43 48
22 40 17 46 55 78 66 48 91 71
22 41 76 13 59 54 38 55 52 55
22 42 25 52 74 64 63 84 58 55
22 43 35 56 70 63 47 67 68 39
22 44 21 53 55 75 87 50 57 47
22 45 52 56 57 37 51 73 73 63
22 46 66 19 35 42 59 46 60 65
22 47 41 54 41 68 54 34 59 64
23 24 81 36 47 58 32 47 57 52
23 25 86 14 21 38 35 14 37 49
23 26 66 45 30 44 35 40 30 40
23 27 16 85 84 68 71 60 71 86
23 28 92 16 6 48 20 33 49 19
23 29 86 36 48 51 9 7 11 16
23 30 61 24 48 42 26 20 24 58
23 31 15 58 61 60 86 42 59 45
23 32 92 52 14 38 30 28 29 47
23 33 58 55 38 20 62 27 58 34
23 34 38 77 39 43 56 51 68 34
23 35 30 80 41 51 76 47 75 70
23 36 8 61 89 60 68 52 83 81
23 37 38 60 62 63 39 41 64 52
23 38 77 23 29 31 47 32 24 24
23 39 90 29 35 29 8 17 49 13
23 40 91 52 48 12 8 24 22 13
23 41 74 54 21 36 27 45 28 19
23 42 99 33 36 27 24 19 47 2
23 43 51 60 48 51 29 74 39 43
23 44 10 63 63 83 89 75 89 56
23 45 69 59 61 33 18 50 44 45
23 46 40 68 46 63 58 42 59 67
23 47 71 34 42 31 61 27 38 37
24 25 22 39 81 49 67 58 61 86
24 26 63 65 27 63 33 40 44 31
24 27 12 56 65 60 74 79 71 90
24 28 2 48 97 51 59 87 76 53
24 29 55 50 27 52 71 31 24 24
24 30 77 34 53 45 56 57 21 60
24 31 37 39 42 76 41 62 59 56
24 32 2 93 55 75 71 74 67 97
24 33 22 75 51 73 85 64 57 70
24 34 26 67 68 47 60 55 77 79
24 35 55 65 63 45 60 46 46 28
24 36 29 83 44 72 45 38 76 51
24 37 37 58 54 64 75 54 45 54
24 38 14 82 44 59 77 91 49 48
24 39 6 91 73 93 71 65 60 74
24 40 50 37 72 57 30 52 25 41
24 41 73 30 38 48 57 52 49 54
24 42 57 35 61 35 32 62 22 57
24 43 31 51 36 84 65 76 40 79
24 44 42 61 34 59 75 65 63 49
24 45 84 46 42 44 14 29 20 46
24 46 32 52 53 73 64 53 83 54
24 47 15 90 82 64 51 86 74 50
25 26 83 8 39 29 18 41 35 42
25 27 26 82 58 73 74 65 83 74
25 28 52 51 57 65 54 27 49 70
25 29 40 62 64 71 36 79 65 62
25 30 94 41 6 38 38 9 22 34
25 31 4 60 62 93 92 66 62 57
25 32 74 12 55 31 46 58 13 59
25 33 23 62 73 80 49 82 57 50
25 34 88 34 24 49 31 27 25 51
25 35 6 49 73 85 84 66 48 83
25 36 42 44 48 42 57 55 46 63
25 37 13 86 79 76 54 70 66 62
25 38 53 63 23 62 68 26 72 52
25 39 35 69 49 79 80 45 61 57
25 40 42 64 78 75 74 47 67 31
25 41 70 34 55 36 35 62 42 43
25 42 9 64 84 92 90 72 58 77
25 43 34 36 43 59 56 38 79 55
25 44 6 56 83 58 85 68 81 78
25 45 66 57 53 42 20 21 42 53
25 46 9 59 72 91 77 94 72 95
25 47 35 80 71 54 81 73 72 69
26 27 8 77 82 59 45 52 66 63
26 28 14 75 64 79 78 73 72 48
26 29 67 28 30 33 33 56 47 61
26 30 55 71 71 65 55 68 41 38
26 31 0 67 91 61 59 67 54 74
26 32 61 67 20 28 53 65 56 37
26 33 84 8 48 11 17 56 50 42
26 34 73 26 14 53 40 50 42 38
26 35 42 56 78 53 75 61 65 68
26 36 87 7 42 11 42 31 51 6
26 37 82 13 34 15 17 49 44 8
26 38 0 94 65 53 67 75 68 87
26 39 23 59 78 41 68 85 51 62
26 40 45 51 45 40 38 42 50 42
26 41 60 43 68 20 21 36 43 48
26 42 7 59 59 83 92 88 86 48
26 43 98 46 21 41 40 18 15 43
26 44 55 23 60 66 37 49 24 68
26 45 82 40 51 44 46 56 33 38
26 46 72 54 62 36 34 47 24 14
26 47 43 36 72 56 71 46 65 28
27 28 66 19 24 30 28 35 18 45
27 29 91 35 53 53 25 11 20 11
27 30 35 74 53 58 53 51 45 51
27 31 62 31 60 64 56 35 32 33
27 32 14 60 74 61 67 91 87 77
27 33 4 84 95 97 91 54 90 54
27 34 9 51 66 90 80 50 68 50
27 35 46 30 47 50 39 67 72 61
27 36 55 29 65 37 54 38 42 30
27 37 99 32 5 9 10 40 16 37
27 38 76 58 28 28 40 50 19 13
27 39 37 36 70 53 67 47 79 44
27 40 41 42 31 31 41 77 40 74
27 41 46 64 68 73 43 64 42 60
27 42 83 13 36 35 32 35 50 47
27 43 46 36 60 49 53 38 53 52
27 44 41 31 53 78 55 72 77 34
27 45 54 69 69 37 36 57 49 70
27 46 9 85 72 71 50 71 76 47
27 47 5 53 55 76 86 86 56 62
28 29 53 41 30 28 58 26 50 60
28 30 99 26 28 16 45 2 2 50
28 31 30 41 53 82 55 76 79 54
28 32 24 72 50 62 83 42 67 54
28 33 19 75 79 73 47 84 80 67
28 34 81 55 32 53 29 11 26 15
28 35 62 63 38 60 64 46 25 48
28 36 83 32 52 33 28 35 38 27
28 37 95 41 28 29 36 25 12 32
28 38 76 18 28 58 36 23 31 48
28 39 43 40 42 33 47 64 37 55
28 40 84 14 19 35 42 20 37 49
28 41 67 50 44 23 34 42 47 59
28 42 36 70 54 52 44 49 68 74
28 43 13 47 77 74 90 68 75 53
28 44 1 77 55 89 85 86 70 80
28 45 84 44 47 49 54 23 21 29
28 46 4 53 67 83 83 96 56 50
28 47 90 5 44 33 20 10 7 19
29 30 1 75 63 81 72 55 58 71
29 31 50 51 33 50 73 69 46 27
29 32 52 44 36 68 36 61 71 63
29 33 2 51 71 54 65 60 83 53
29 34 29 72 41 62 41 70 40 68
29 35 37 32 67 37 60 34 60 47
29 36 97 39 27 15 6 8 15 12
29 37 78 12 38 15 21 59 52 53
29 38 1 81 87 94 62 69 52 58
29 39 42 41 57 34 65 77 33 66
29 40 52 33 44 52 44 34 29 25
29 41 40 46 48 67 66 46 45 55
29 42 88 13 42 14 52 26 34 53
29 43 11 49 75 45 69 51 49 57
29 44 83 36 44 43 37 10 50 25
29 45 58 28 29 36 62 45 27 56
29 46 22 53 67 86 87 82 52 88
29 47 78 40 25 25 47 40 46 29
30 31 89 52 42 33 44 43 6 10
30 32 94 48 22 3 52 10 4 26
30 33 18 71 58 68 63 78 65 51
30 34 78 26 21 55 39 60 58 59
30 35 99 1 29 2 7 50 40 7
30 36 20 67 74 61 59 40 67 61
30 37 9 64 68 61 52 94 77 87
30 38 98 14 34 45 24 44 20 47
30 39 34 39 59 33 77 70 48 48
30 40 5 77 94 63 71 88 62 54
30 41 29 78 79 82 55 49 71 48
30 42 84 26 23 16 51 36 44 39
30 43 20 53 87 47 40 76 49 70
30 44 8 68 50 60 75 68 56 94
30 45 83 13 51 47 45 41 57 12
30 46 20 80 56 46 86 42 72 79
30 47 23 53 47 44 75 80 68 81
31 32 5 90 76 74 52 92 95 77
31 33 48 37 60 74 57 40 56 33
31 34 97 39 34 6 11 16 33 13
31 35 48 29 34 53 61 51 40 62
31 36 6 68 47 64 93 64 64 85
31 37 80 27 32 58 47 49 39 14
31 38 63 45 26 37 62 65 52 60
31 39 88 11 46 33 30 53 35 47
31 40 98 43 37 23 16 45 2 35
31 41 62 34 49 49 29 67 66 57
31 42 53 41 44 64 37 50 54 57
31 43 66 51 40 42 64 54 40 17
31 44 60 42 50 29 33 66 51 60
31 45 62 36 23 28 28 32 54 30
31 46 39 42 31 73 69 40 74 68
31 47 38 47 43 54 80 71 35 32
32 33 33 58 35 44 44 38 70 33
32 34 2 85 57 86 74 65 50 91
32 35 86 27 38 9 49 9 17 33
32 36 53 47 66 25 56 29 63 67
32 37 33 52 47 44 50 76 77 43
32 38 82 9 53 20 57 17 19 25
32 39 34 78 54 59 43 34 43 71
32 40 14 58 58 47 89 47 78 87
32 41 75 26 44 59 32 19 54 56
32 42 24 69 48 43 76 66 59 79
32 43 93 37 5 6 27 22 32 27
32 44 95 39 46 49 16 24 45 30
32 45 41 65 68 66 50 41 59 46
32 46 26 73 40 81 81 58 42 57
32 47 91 19 27 10 20 28 36 15
33 34 61 39 37 52 25 37 44 62
33 35 17 66 74 78 50 41 84 88
33 36 27 51 61 48 78 72 64 60
33 37 87 55 35 55 41 18 36 14
33 38 10 85 94 73 45 52 48 47
33 39 86 18 46 27 22 28 55 34
33 40 63 59 19 64 44 67 49 59
33 41 15 76 80 57 80 73 51 42
33 42 76 47 38 61 25 18 57 43
33 43 46 74 30 71 55 27 75 67
33 44 95 38 7 8 38 47 11 21
33 45 88 40 7 24 42 32 10 32
33 46 42 65 44 63 52 45 55 40
33 47 29 76 44 83 68 52 39 70
34 35 91 38 39 45 50 12 16 26
34 36 3 97 55 67 86 73 97 50
34 37 36 68 53 69 38 67 44 52
34 38 62 38 60 38 57 55 30 53
34 39 44 48 66 73 50 62 77 40
34 40 12 56 65 74 66 68 76 68
34 41 74 17 59 31 26 30 59 55
34 42 40 48 36 53 72 36 71 48
34 43 68 45 22 62 19 32 43 50
34 44 85 12 45 19 20 14 55 38
34 45 17 67 80 78 85 47 77 58
34 46 84 55 53 36 33 46 52 28
34 47 4 67 74 50 66 51 90 51
35 36 2 88 53 84 54 88 78 95
35 37 33 45 71 48 55 58 73 64
35 38 49 39 32 36 45 36 33 53
35 39 51 34 65 64 36 33 32 42
35 40 93 26 6 13 6 45 14 32
35 41 67 47 17 50 63 47 31 20
35 42 67 56 46 28 62 55 21 64
35 43 97 46 25 29 33 20 11 36
35 44 42 47 55 65 60 76 76 76
35 45 81 17 12 25 36 32 38 10
35 46 56 53 44 54 24 23 35 58
35 47 35 60 62 75 58 62 60 37
36 37 11 47 49 87 55 87 59 74
36 38 86 52 17 32 15 34 25 38
36 39 0 69 54 94 77 78 93 49
36 40 99 12 14 2 16 10 36 7
36 41 71 41 21 62 49 18 61 42
36 42 85 18 20 22 20 9 37 55
36 43 91 48 53 51 4 5 7 17
36 44 0 76 74 88 96 79 71 78
36 45 3 68 80 79 75 61 71 93
36 46 53 60 25 51 25 60 28 59
36 47 92 10 17 36 23 4 39 29
37 38 24 53 58 57 44 55 68 84
37 39 66 54 45 52 25 20 49 57
37 40 35 52 62 56 73 71 57 59
37 41 87 34 52 38 12 7 18 53
37 42 14 77 58 84 69 72 59 56
37 43 42 75 64 32 54 70 49 60
37 44 5 49 54 70 89 90 53 70
37 45 18 68 64 85 73 77 44 70
37 46 12 54 65 76 84 61 47 80
37 47 90 6 21 44 51 5 8 29
38 39 6 89 96 49 70 64 49 83
38 40 32 76 60 65 54 45 46 33
38 41 49 26 47 48 44 38 62 33
38 42 95 9 3 9 38 36 26 18
38 43 2 94 59 96 95 54 90 55
38 44 35 47 35 79 72 46 65 37
38 45 67 37 53 51 32 54 24 31
38 46 37 41 39 59 54 34 73 31
38 47 48 62 58 60 41 49 28 47
39 40 26 79 83 70 39 80 84 83
39 41 89 12 15 39 50 12 46 44
39 42 76 52 54 16 50 48 27 55
39 43 25 45 78 86 67 80 46 74
39 44 16 75 81 74 62 64 63 67
39 45 86 23 48 50 31 42 9 34
39 46 39 61 54 76 47 59 37 33
39 47 72 24 20 39 15 26 18 49
40 41 93 11 41 30 29 39 9 42
40 42 61 63 21 55 19 68 63 64
40 43 21 78 41 49 76 54 43 64
40 44 40 33 79 70 71 75 53 44
40 45 87 34 48 44 30 53 8 16
40 46 90 39 37 41 10 15 49 24
40 47 19 64 88 74 40 53 44 50
41 42 42 35 53 49 30 69 66 56
41 43 73 22 15 49 39 55 45 60
41 44 87 35 12 16 14 51 31 13
41 45 15 74 46 58 54 85 43 50
41 46 84 48 44 28 26 47 29 43
41 47 84 20 47 23 16 23 34 23
42 43 75 44 41 56 15 31 34 39
42 44 52 27 57 57 39 64 57 49
42 45 75 32 16 57 18 21 34 44
42 46 20 77 71 52 78 80 79 85
42 47 63 36 63 38 60 50 21 43
43 44 17 72 83 53 62 66 60 47
43 45 7 83 69 59 48 77 82 86
43 46 46 57 75 57 50 65 54 69
43 47 87 7 36 47 39 51 49 14
44 45 33 33 47 69 68 83 43 40
44 46 26 48 52 56 52 76 58 72
44 47 80 31 39 15 29 31 31 27
45 46 83 26 37 35 17 10 17 20
45 47 6 67 55 53 46 57 74 52
46 47 40 73 31 63 61 42 60 48
