15 10
0.111111 0.111111 0.111111 0.111111 0.111111 0.111111 0.111111 0.111111 0.111111 0.0 
0 1 15 35 8 27 22 40 35 44 44 49
0 2 35 39 53 30 61 22 33 27 46 21
0 3 0 36 43 42 37 16 38 32 12 10
0 4 72 39 70 44 39 74 41 65 55 80
0 5 36 66 32 23 57 23 42 44 42 48
0 6 4 27 49 29 5 5 44 11 13 22
0 7 26 50 59 55 35 41 57 30 42 26
0 8 24 56 53 31 58 28 38 51 16 56
0 9 70 72 47 62 44 36 73 80 44 38
0 10 91 86 67 77 89 50 50 69 84 51
0 11 37 42 43 50 38 45 64 27 35 33
0 12 4 40 11 5 51 27 7 47 3 37
0 13 76 71 77 62 56 77 73 67 69 67
0 14 93 86 77 49 83 80 86 76 84 59
1 2 72 82 69 38 46 86 58 53 44 37
1 3 67 77 33 81 78 71 55 62 70 67
1 4 96 60 54 84 91 92 54 62 95 55
1 5 6 25 49 47 45 39 33 41 22 43
1 6 29 22 25 62 33 59 61 42 33 45
1 7 27 26 37 42 16 58 55 43 45 54
1 8 28 27 17 51 18 30 39 25 29 16
1 9 98 67 89 62 57 85 73 54 68 59
1 10 21 27 60 58 37 54 28 30 48 49
1 11 28 46 43 37 49 37 26 47 63 14
1 12 48 57 65 45 66 48 72 36 48 31
1 13 0 25 30 23 10 20 38 2 12 2
1 14 35 28 54 36 39 63 34 64 35 54
2 3 83 78 52 89 86 91 85 60 49 76
2 4 67 40 39 44 48 57 75 67 74 43
2 5 9 4 9 37 51 9 13 5 40 12
2 6 7 42 21 32 5 28 6 42 53 35
2 7 3 32 16 39 26 36 25 20 22 34
2 8 81 68 41 40 41 46 40 76 73 57
2 9 72 53 36 36 73 78 84 38 63 79
2 10 59 37 55 47 41 73 46 50 56 65
2 11 29 25 19 43 46 53 18 21 50 27
2 12 89 67 89 87 91 58 68 48 64 64
2 13 91 59 86 92 82 51 65 71 57 56
2 14 48 41 33 59 60 70 62 47 47 27
3 4 44 52 66 23 54 40 23 52 42 40
3 5 68 81 76 83 48 55 72 46 78 75
3 6 60 51 58 43 30 30 46 58 36 76
3 7 52 28 58 68 47 70 53 75 47 41
3 8 52 51 44 63 56 26 70 27 44 54
3 9 4 42 37 48 42 17 40 52 45 40
3 10 14 51 46 34 56 8 41 49 54 31
3 11 27 37 15 41 23 45 13 17 28 43
3 12 92 85 60 80 74 84 57 77 81 80
3 13 33 46 53 51 48 23 59 40 53 18
3 14 62 51 49 71 31 48 65 69 52 48
4 5 50 52 39 57 41 61 59 37 70 53
4 6 32 44 55 49 52 60 41 62 44 29
4 7 60 60 46 69 51 51 37 65 78 71
4 8 3 30 29 39 36 42 32 29 26 5
4 9 87 74 66 59 62 58 59 70 89 52
4 10 81 72 77 68 45 72 65 44 60 55
4 11 68 40 82 38 52 64 47 64 51 59
4 12 86 72 63 73 63 47 65 76 48 92
4 13 78 79 49 43 63 50 89 69 71 55
4 14 32 21 37 65 40 18 27 57 45 50
5 6 98 87 54 90 90 64 80 93 78 83
5 7 63 59 75 59 61 61 64 59 75 68
5 8 78 74 57 68 65 81 88 50 60 48
5 9 54 29 77 35 53 70 57 75 58 37
5 10 31 18 43 30 49 19 37 17 34 53
5 11 36 19 25 41 57 36 26 41 43 40
5 12 65 74 65 38 72 66 67 56 63 72
5 13 88 92 46 67 62 91 50 68 81 68
5 14 69 61 72 45 35 78 42 71 49 82
6 7 37 68 60 32 19 55 60 41 53 50
6 8 91 72 72 74 84 84 94 82 58 88
6 9 18 18 38 20 59 55 55 41 24 50
6 10 91 66 71 78 62 53 95 54 71 75
6 11 31 37 45 53 52 53 61 47 44 55
6 12 63 67 75 60 54 66 69 66 42 61
6 13 4 25 49 10 22 12 37 32 29 49
6 14 53 48 75 58 59 33 73 37 40 49
7 8 61 33 66 69 54 61 51 54 33 45
7 9 26 32 26 25 24 49 23 51 51 46
7 10 15 8 13 24 26 19 20 10 8 32
7 11 96 97 78 86 65 59 68 58 68 49
7 12 1 30 41 24 22 13 50 22 19 3
7 13 97 97 89 51 55 97 71 52 60 91
7 14 3 9 6 12 28 42 6 4 32 21
8 9 47 41 37 39 47 68 24 59 42 47
8 10 17 55 30 43 58 35 36 21 25 10
8 11 61 76 38 76 48 49 49 50 68 66
8 12 53 50 53 40 70 39 62 39 56 35
8 13 31 22 18 64 41 64 15 27 18 42
8 14 48 27 52 37 52 70 25 61 55 60
9 10 32 18 65 43 28 46 29 52 61 17
9 11 38 58 28 28 43 29 38 34 44 29
9 12 51 36 41 61 62 65 35 26 48 38
9 13 17 23 34 13 30 51 41 39 55 45
9 14 70 42 63 79 64 76 35 61 53 73
10 11 70 68 49 83 78 83 72 83 40 74
10 12 92 61 69 90 68 89 52 46 47 73
10 13 61 78 39 60 49 77 32 50 64 48
10 14 46 39 56 30 55 48 41 55 50 48
11 12 66 58 39 78 69 71 74 60 44 43
11 13 88 63 90 61 77 90 69 60 82 78
11 14 47 34 61 43 51 67 32 25 47 28
12 13 16 28 30 52 13 14 52 51 33 57
12 14 60 36 36 69 32 57 74 31 31 40
13 14 39 66 43 28 56 26 52 40 57 39
