15 10
0.2 0.2 0.2 0.2 0.2 0.0 0.0 0.0 0.0 0.0 
0 1 8 49 34 35 20 72 78 2 78 38
0 2 88 86 24 79 50 42 35 93 64 97
0 3 16 56 6 35 55 55 3 38 17 41
0 4 25 66 69 69 7 39 7 55 36 47
0 5 10 48 34 32 67 43 36 33 19 26
0 6 7 47 35 20 79 5 8 48 5 60
0 7 19 59 70 50 55 36 11 10 67 65
0 8 98 70 24 83 73 73 87 67 21 55
0 9 83 23 28 74 30 38 55 38 49 77
0 10 22 45 72 9 70 70 70 21 59 49
0 11 90 51 59 31 62 56 54 32 82 37
0 12 52 36 18 84 78 26 55 50 31 44
0 13 96 59 22 95 88 21 61 35 27 56
0 14 17 54 37 34 9 29 17 43 21 66
1 2 10 38 39 43 56 30 2 70 73 3
1 3 93 85 96 21 19 60 81 84 20 84
1 4 62 34 75 74 61 38 41 86 63 71
1 5 23 7 15 38 39 51 73 35 80 53
1 6 17 65 46 77 58 38 29 12 41 11
1 7 41 84 55 12 60 52 9 50 51 33
1 8 1 20 42 58 21 45 76 34 11 24
1 9 12 50 65 34 70 61 54 20 73 78
1 10 61 37 56 40 83 51 57 36 25 29
1 11 29 12 60 26 23 34 81 79 37 9
1 12 47 12 44 25 66 45 26 82 78 15
1 13 63 57 13 54 27 91 23 71 92 86
1 14 50 55 13 89 46 22 63 52 41 61
2 3 5 63 51 76 62 51 56 19 46 80
2 4 87 85 69 89 46 74 60 62 72 97
2 5 10 6 56 65 30 47 18 79 73 81
2 6 13 43 9 15 50 27 36 45 14 47
2 7 58 18 16 43 74 84 46 28 16 66
2 8 84 73 54 33 52 37 22 54 57 24
2 9 84 24 32 28 81 23 39 72 87 66
2 10 88 37 70 77 19 91 43 34 37 28
2 11 67 66 56 62 36 71 18 59 18 24
2 12 24 35 55 5 20 31 51 18 65 9
2 13 98 94 40 98 97 66 56 96 22 53
2 14 78 30 73 78 73 34 52 63 89 36
3 4 50 62 28 64 71 10 52 62 72 19
3 5 66 18 89 31 71 52 16 62 70 15
3 6 88 48 23 96 77 46 50 62 87 20
3 7 84 43 75 27 23 69 55 55 43 91
3 8 50 64 45 75 87 62 58 57 37 82
3 9 2 78 43 7 75 57 14 36 25 43
3 10 62 34 70 20 22 49 47 32 35 64
3 11 51 32 47 41 72 16 59 52 15 88
3 12 50 47 49 87 77 11 85 32 33 51
3 13 59 76 23 86 51 71 41 50 12 20
3 14 50 55 85 82 16 84 82 29 76 45
4 5 43 83 36 85 87 25 32 12 34 76
4 6 68 89 27 74 15 73 78 16 47 35
4 7 50 64 82 72 24 23 25 41 53 23
4 8 25 10 7 20 44 83 33 11 11 8
4 9 56 18 73 24 27 79 51 46 71 36
4 10 38 53 50 62 16 68 78 26 60 21
4 11 9 58 74 26 49 63 30 13 50 2
4 12 12 49 67 27 80 46 11 42 23 81
4 13 41 13 54 44 17 88 31 86 26 30
4 14 67 58 35 70 73 18 41 68 27 40
5 6 49 75 47 66 45 13 74 22 41 17
5 7 67 25 28 54 63 73 60 61 17 50
5 8 91 59 96 82 57 47 78 79 58 55
5 9 99 89 46 46 83 27 54 87 66 36
5 10 80 39 48 37 18 65 38 25 42 44
5 11 88 37 19 21 32 19 22 82 78 73
5 12 23 10 25 63 33 82 16 47 51 56
5 13 82 71 34 60 63 29 22 39 80 88
5 14 85 32 35 58 28 70 58 41 48 19
6 7 35 68 32 52 18 67 23 51 45 30
6 8 66 79 58 79 32 48 62 13 41 68
6 9 7 37 65 38 38 45 9 35 55 59
6 10 87 44 89 20 26 64 45 46 91 19
6 11 54 47 29 15 77 30 46 33 77 49
6 12 44 38 85 13 65 53 59 66 76 81
6 13 37 45 42 77 58 26 13 70 55 60
6 14 36 44 83 21 57 20 18 52 15 33
7 8 34 16 11 40 49 69 75 28 7 81
7 9 33 55 41 74 67 24 13 21 6 81
7 10 44 57 76 44 42 12 65 39 44 53
7 11 36 22 68 45 53 62 28 36 33 70
7 12 48 76 34 64 28 79 16 60 11 18
7 13 12 9 78 35 73 57 42 43 46 73
7 14 71 64 42 89 88 43 15 72 52 80
8 9 21 37 9 31 68 43 38 18 6 24
8 10 50 36 58 86 81 67 42 25 17 47
8 11 71 34 23 39 63 60 87 56 92 33
8 12 63 71 29 53 69 51 30 92 44 26
8 13 61 13 74 72 67 91 55 37 81 58
8 14 93 98 96 73 25 36 51 40 20 76
9 10 56 14 30 24 57 13 38 63 65 25
9 11 29 54 52 36 31 10 76 74 44 6
9 12 92 43 65 48 20 72 22 26 50 19
9 13 83 63 42 64 46 87 62 33 89 67
9 14 31 10 80 18 67 80 17 74 15 21
10 11 82 22 60 46 57 17 41 64 59 27
10 12 72 29 52 93 24 38 77 63 38 70
10 13 10 22 66 29 6 9 38 33 26 15
10 14 15 27 70 77 37 50 58 42 45 12
11 12 87 63 42 58 93 51 34 18 63 57
11 13 8 52 17 70 46 21 68 39 68 56
11 14 26 13 15 9 66 71 50 77 58 40
12 13 96 96 39 89 97 91 32 53 28 98
12 14 48 50 27 83 71 16 43 25 12 64
13 14 46 80 29 60 71 42 28 26 79 28
