25 10
0.111111 0.111111 0.111111 0.111111 0.111111 0.111111 0.111111 0.111111 0.111111 0.0 
0 1 75 41 40 85 81 50 56 68 42 55
0 2 24 47 45 24 60 28 42 54 25 50
0 3 43 50 40 44 67 33 50 60 26 49
0 4 6 42 32 52 38 45 6 30 13 51
0 5 9 50 41 33 15 19 30 35 7 19
0 6 71 39 68 79 47 81 49 67 75 55
0 7 62 51 44 75 72 72 65 34 64 69
0 8 68 37 44 76 69 57 81 80 51 76
0 9 1 33 44 8 37 31 7 47 50 48
0 10 85 63 73 88 42 70 71 92 53 80
0 11 20 21 38 14 47 41 18 49 32 45
0 12 19 49 27 31 19 59 57 52 42 39
0 13 32 41 63 30 33 37 59 32 38 35
0 14 40 21 24 31 39 57 41 34 23 41
0 15 35 59 37 36 54 58 23 58 46 59
0 16 68 72 62 63 50 76 69 54 51 62
0 17 85 80 87 88 57 90 51 52 85 67
0 18 25 36 33 39 45 14 31 13 57 51
0 19 21 48 17 17 35 51 19 34 46 52
0 20 77 61 70 81 61 75 81 66 42 77
0 21 17 9 25 31 40 56 26 9 33 51
0 22 25 31 62 58 57 48 58 46 35 55
0 23 47 43 45 46 62 60 39 37 69 71
0 24 92 84 56 72 95 48 55 47 63 67
1 2 42 52 40 28 27 49 56 51 70 25
1 3 89 45 62 45 85 86 86 69 46 63
1 4 62 37 58 53 78 78 79 74 37 38
1 5 98 50 91 64 70 64 51 76 51 93
1 6 19 55 57 21 20 58 41 39 18 42
1 7 37 58 52 28 39 25 60 62 63 50
1 8 44 61 56 55 66 36 38 29 65 65
1 9 21 41 42 15 20 50 33 48 36 14
1 10 57 33 48 63 46 50 45 59 73 57
1 11 79 83 80 64 73 76 49 64 85 88
1 12 75 60 75 72 81 41 39 78 68 55
1 13 35 50 67 32 31 38 42 30 47 35
1 14 91 59 83 78 86 85 92 64 61 74
1 15 37 53 68 48 51 53 36 44 29 52
1 16 69 36 35 42 73 52 70 57 38 64
1 17 34 56 31 21 65 21 40 37 22 41
1 18 98 76 80 78 85 95 65 79 77 97
1 19 57 45 45 47 72 40 52 31 44 65
1 20 69 47 47 53 35 79 36 53 56 74
1 21 64 41 62 64 82 68 49 33 76 54
1 22 48 37 30 52 31 65 71 72 56 58
1 23 36 43 45 40 37 65 52 22 32 62
1 24 42 46 52 42 46 65 26 56 57 63
2 3 50 64 58 48 65 59 73 39 35 53
2 4 75 48 82 39 38 38 85 69 55 71
2 5 45 69 52 52 28 71 60 36 50 72
2 6 30 31 28 45 53 63 16 22 62 15
2 7 50 69 46 69 58 39 55 67 32 32
2 8 43 41 38 44 71 59 58 65 68 28
2 9 48 65 65 53 57 42 41 55 50 68
2 10 5 46 37 35 24 24 11 15 25 8
2 11 43 30 29 36 31 54 59 44 45 55
2 12 16 20 41 51 13 37 40 37 19 23
2 13 44 68 50 36 36 35 30 55 53 30
2 14 7 15 48 26 8 30 26 27 51 21
2 15 11 50 45 17 20 20 52 15 41 25
2 16 40 24 34 37 64 23 37 24 52 33
2 17 17 40 53 39 40 54 32 42 45 12
2 18 91 72 71 59 78 67 93 72 86 53
2 19 2 34 50 3 2 12 18 48 41 38
2 20 45 53 37 36 33 64 45 32 43 26
2 21 49 43 30 65 34 73 66 58 72 32
2 22 38 25 50 37 64 23 20 22 29 59
2 23 27 18 35 57 20 16 37 43 34 28
2 24 99 96 63 91 53 55 61 67 51 87
3 4 41 50 69 51 36 41 35 61 35 67
3 5 75 66 82 54 52 41 46 60 55 68
3 6 41 29 33 32 51 61 28 52 27 59
3 7 79 44 57 39 77 45 47 73 89 45
3 8 15 15 51 14 17 56 26 8 48 10
3 9 6 32 44 36 24 38 40 12 8 3
3 10 81 54 46 63 50 61 45 48 46 41
3 11 80 72 81 58 66 58 86 77 48 83
3 12 38 56 37 27 67 58 50 39 21 26
3 13 19 15 37 25 41 54 46 46 56 18
3 14 85 64 81 50 88 48 47 59 45 84
3 15 49 31 55 71 45 38 65 73 31 32
3 16 47 42 31 47 57 25 37 31 58 64
3 17 8 38 6 46 4 25 51 52 4 33
3 18 98 71 66 75 67 52 87 80 94 54
3 19 65 62 79 60 62 38 55 69 67 55
3 20 39 31 49 39 48 61 62 47 63 60
3 21 56 34 34 42 73 59 47 41 33 71
3 22 23 17 22 56 13 59 39 44 37 14
3 23 29 21 61 35 27 60 35 63 37 61
3 24 77 52 86 39 62 55 56 80 59 63
4 5 46 71 56 28 53 66 63 61 48 41
4 6 22 42 37 57 46 26 24 45 57 22
4 7 18 24 53 58 26 43 39 14 20 18
4 8 29 55 44 34 60 41 33 21 26 35
4 9 81 62 51 82 68 47 52 74 82 54
4 10 22 49 21 36 60 35 45 42 20 41
4 11 0 36 14 30 19 29 22 29 25 15
4 12 31 64 41 51 61 18 42 28 41 65
4 13 81 44 54 76 56 80 84 82 79 52
4 14 85 82 88 59 57 46 72 60 66 83
4 15 65 56 49 38 35 32 62 57 42 64
4 16 95 88 59 83 73 74 75 55 73 76
4 17 5 40 48 48 11 14 17 41 31 43
4 18 98 76 76 92 89 80 53 80 63 91
4 19 29 36 51 28 58 51 54 51 15 29
4 20 72 65 60 75 39 56 53 43 66 75
4 21 28 44 30 55 51 27 48 37 21 17
4 22 98 96 87 96 65 87 63 77 95 94
4 23 65 46 66 36 55 71 71 36 59 41
4 24 34 23 50 51 51 31 20 58 36 63
5 6 68 48 46 40 40 48 63 56 63 69
5 7 62 40 77 33 68 32 77 75 56 76
5 8 37 27 22 27 22 36 32 21 23 53
5 9 30 26 35 21 51 22 43 17 39 25
5 10 0 15 46 30 17 27 17 19 28 16
5 11 7 31 35 52 32 51 28 25 20 41
5 12 6 41 4 25 39 47 37 7 26 30
5 13 25 36 62 54 29 39 36 28 31 47
5 14 43 30 56 46 44 54 55 53 34 50
5 15 62 60 69 56 44 58 38 44 59 33
5 16 33 42 22 46 20 33 49 37 55 42
5 17 44 39 29 40 70 31 29 25 72 61
5 18 1 19 27 34 12 9 16 4 30 20
5 19 37 58 60 37 25 24 50 31 66 68
5 20 16 56 35 40 27 11 54 34 24 29
5 21 90 80 60 83 77 48 55 75 84 53
5 22 54 55 47 50 73 67 60 42 48 65
5 23 99 99 59 66 75 67 86 53 69 97
5 24 44 39 65 26 31 42 71 42 43 43
6 7 95 70 85 80 81 79 47 58 54 50
6 8 85 46 69 82 83 69 51 89 57 74
6 9 79 84 65 63 42 43 49 49 83 58
6 10 0 48 5 2 11 22 22 9 3 20
6 11 50 73 49 49 55 50 30 41 71 70
6 12 53 48 59 39 40 42 29 66 34 58
6 13 34 40 61 32 23 44 61 25 66 64
6 14 90 63 70 47 81 88 45 89 90 88
6 15 94 96 94 55 75 84 85 64 49 52
6 16 47 58 64 42 67 47 24 37 40 31
6 17 90 78 78 78 88 66 53 48 52 68
6 18 12 34 19 46 34 28 10 35 13 45
6 19 33 22 35 55 49 31 51 54 64 37
6 20 81 68 51 58 60 85 74 51 86 74
6 21 96 88 89 53 59 53 85 93 75 56
6 22 84 50 48 73 88 74 68 47 73 63
6 23 42 25 44 27 63 62 63 44 55 31
6 24 66 74 61 44 60 76 63 55 54 54
7 8 1 50 38 32 24 8 18 18 45 6
7 9 71 74 68 47 64 39 43 52 48 45
7 10 9 35 13 40 10 7 52 27 22 7
7 11 69 73 53 46 73 73 62 50 65 68
7 12 13 45 37 7 51 28 8 36 40 31
7 13 91 71 74 69 69 81 60 47 79 61
7 14 62 72 77 76 54 68 57 58 71 40
7 15 11 52 12 14 12 32 45 11 28 27
7 16 17 26 22 30 11 53 12 44 13 35
7 17 50 51 64 29 26 33 53 40 62 73
7 18 3 9 21 3 3 18 20 25 35 43
7 19 67 43 77 48 70 81 81 56 78 75
7 20 42 57 60 58 31 54 33 25 64 39
7 21 91 66 80 59 49 73 87 95 63 46
7 22 92 91 58 76 66 50 49 86 77 75
7 23 74 51 64 47 48 82 82 70 47 69
7 24 92 76 77 86 50 85 86 60 77 69
8 9 33 17 57 47 21 26 60 34 24 38
8 10 54 52 46 58 49 46 31 48 51 47
8 11 98 74 93 98 80 63 79 84 95 88
8 12 51 53 59 53 28 40 53 48 73 33
8 13 95 80 59 71 50 95 62 58 83 79
8 14 96 83 85 86 67 62 63 67 74 53
8 15 94 89 75 48 78 67 81 48 70 80
8 16 66 76 42 74 35 41 73 67 46 46
8 17 15 55 39 9 31 50 49 35 33 43
8 18 91 68 49 48 76 87 83 85 52 90
8 19 92 50 79 72 77 54 46 51 54 59
8 20 86 88 79 43 72 44 83 88 73 61
8 21 65 48 63 61 35 70 74 53 40 62
8 22 75 85 80 47 43 82 51 72 47 86
8 23 64 75 57 67 72 39 35 38 59 60
8 24 62 79 57 76 60 51 57 77 34 40
9 10 4 8 8 31 23 46 50 33 48 23
9 11 31 55 17 49 62 42 47 34 58 36
9 12 21 24 27 16 53 41 12 46 35 55
9 13 82 66 55 88 59 79 45 42 88 80
9 14 47 53 26 67 62 58 63 58 30 38
9 15 40 45 34 56 61 28 65 35 59 37
9 16 88 67 58 84 64 82 51 84 91 66
9 17 23 24 30 23 15 33 37 30 53 14
9 18 51 45 68 37 66 33 67 44 50 48
9 19 67 64 74 59 45 79 64 43 43 78
9 20 91 75 45 80 80 49 68 52 94 46
9 21 82 83 88 51 62 64 69 70 58 62
9 22 57 39 30 35 38 39 41 47 31 35
9 23 38 20 39 64 65 35 27 59 61 65
9 24 32 54 30 64 37 21 35 19 34 53
10 11 62 71 76 75 66 39 75 36 80 40
10 12 64 46 78 70 66 73 67 70 50 61
10 13 67 74 45 36 60 60 46 55 36 47
10 14 58 59 52 71 54 44 37 73 58 32
10 15 45 66 71 33 43 70 47 69 52 23
10 16 77 40 46 43 48 46 75 58 41 50
10 17 99 50 81 73 81 57 74 78 51 74
10 18 42 45 67 45 35 59 69 70 57 24
10 19 61 58 67 43 63 46 35 47 71 80
10 20 69 82 54 69 76 63 71 76 80 53
10 21 45 64 37 63 36 61 24 56 48 62
10 22 20 24 45 54 18 14 34 21 27 22
10 23 8 10 6 39 51 18 12 7 12 9
10 24 72 52 52 73 68 86 38 47 51 37
11 12 65 68 43 66 60 51 76 52 58 38
11 13 95 57 55 84 74 85 60 61 77 49
11 14 65 81 44 71 33 66 71 67 81 33
11 15 18 13 34 41 11 34 37 53 38 48
11 16 93 67 66 57 77 59 88 71 82 55
11 17 93 68 69 87 65 63 53 70 48 57
11 18 51 48 45 61 53 36 30 72 73 40
11 19 77 69 57 84 63 65 71 46 70 81
11 20 50 65 42 72 55 41 63 71 50 62
11 21 29 32 50 28 17 53 46 34 51 44
11 22 68 36 47 40 57 62 57 80 49 37
11 23 47 33 25 53 44 28 40 56 52 45
11 24 47 26 58 34 58 66 38 26 24 32
12 13 12 38 39 47 31 22 37 30 46 42
12 14 85 77 50 53 61 78 51 72 85 73
12 15 30 40 65 62 43 42 49 63 34 52
12 16 85 92 45 83 73 44 52 79 86 63
12 17 81 48 76 76 42 68 78 75 41 75
12 18 7 46 9 48 44 4 19 41 21 45
12 19 65 65 80 79 72 66 81 41 67 40
12 20 64 63 46 69 35 45 68 35 35 56
12 21 16 10 38 29 52 11 28 52 10 41
12 22 86 70 88 59 50 77 58 51 89 68
12 23 73 76 41 59 77 84 83 62 37 48
12 24 63 38 58 40 81 63 51 42 47 79
13 14 89 47 46 93 45 83 55 75 46 64
13 15 66 75 50 45 76 65 76 45 63 70
13 16 20 45 15 19 22 26 30 44 60 50
13 17 89 58 54 58 89 59 48 86 80 63
13 18 45 67 27 60 49 59 57 52 48 48
13 19 14 15 21 38 27 14 29 37 15 43
13 20 86 91 44 86 89 81 91 81 71 50
13 21 21 45 53 15 25 37 44 16 41 25
13 22 33 37 61 55 56 32 20 58 50 57
13 23 25 35 26 52 40 45 33 55 37 51
13 24 31 45 58 50 63 27 65 25 26 63
14 15 83 48 48 76 43 73 49 83 57 86
14 16 74 49 57 52 81 40 41 51 42 53
14 17 24 19 55 32 58 41 44 33 62 13
14 18 79 87 62 46 81 44 45 83 83 52
14 19 17 34 49 37 56 42 9 14 12 24
14 20 35 20 37 37 66 39 46 54 23 59
14 21 53 30 38 34 62 71 73 34 46 58
14 22 19 40 54 22 57 33 54 45 28 25
14 23 53 74 62 60 72 63 32 60 37 66
14 24 81 87 72 79 74 88 74 81 42 65
15 16 5 13 19 36 17 38 46 6 36 24
15 17 2 49 40 37 3 10 14 13 32 18
15 18 94 78 66 84 58 86 93 88 72 78
15 19 22 52 55 55 38 38 11 20 22 57
15 20 61 38 77 40 64 45 76 61 30 67
15 21 25 24 57 53 16 36 17 47 35 52
15 22 57 58 76 58 71 42 65 36 38 43
15 23 3 11 45 19 16 28 49 22 19 24
15 24 41 38 43 62 32 70 38 31 64 29
16 17 87 44 59 77 88 51 67 63 86 83
16 18 48 70 37 37 35 50 52 44 69 38
16 19 32 43 21 25 38 66 61 54 41 60
16 20 8 28 17 14 23 10 47 9 41 19
16 21 49 67 67 49 69 74 46 64 67 28
16 22 38 50 28 23 62 52 24 64 47 50
16 23 41 38 28 28 28 21 65 65 59 63
16 24 93 71 85 54 70 88 65 56 83 64
17 18 73 44 56 77 71 43 59 58 80 62
17 19 14 53 26 48 14 11 10 49 49 36
17 20 69 51 42 44 39 77 47 42 81 34
17 21 67 61 46 59 45 68 48 57 42 47
17 22 44 26 44 28 64 32 39 27 62 26
17 23 80 50 40 69 43 78 59 61 88 69
17 24 76 43 43 51 85 55 84 70 77 58
18 19 64 32 69 57 72 55 39 71 81 69
18 20 54 38 58 63 63 73 69 36 64 30
18 21 9 9 36 21 15 18 7 45 34 34
18 22 74 67 65 77 81 77 67 51 70 80
18 23 13 32 16 18 47 24 19 30 10 48
18 24 59 73 62 61 46 37 72 52 74 74
19 20 2 12 14 25 28 15 38 39 14 3
19 21 21 48 14 33 48 58 12 56 36 29
19 22 52 47 68 48 43 69 31 69 41 31
19 23 33 24 23 62 20 52 50 48 39 30
19 24 31 40 30 55 28 38 49 40 34 50
20 21 82 72 50 50 42 46 66 56 75 83
20 22 49 32 74 48 34 34 46 42 30 50
20 23 66 77 52 47 37 38 50 53 47 35
20 24 40 39 22 41 26 42 60 58 50 32
21 22 80 73 81 64 52 62 43 81 87 67
21 23 12 29 43 36 12 22 25 16 34 9
21 24 99 66 72 76 71 92 77 81 99 89
22 23 1 25 3 5 26 42 2 20 15 28
22 24 15 35 13 24 46 56 41 36 45 45
23 24 97 62 66 98 84 97 87 90 79 54
