38 10
0.5 0.5 0.0 0.0 0.0 0.0 0.0 0.0 0.0 0.0 
0 1 36 25 64 41 37 63 26 31 66 50
0 2 75 53 54 54 63 61 80 46 39 65
0 3 5 18 13 30 21 21 47 5 47 5
0 4 2 32 7 30 2 10 21 37 11 22
0 5 64 61 49 47 43 56 52 74 73 68
0 6 7 42 44 10 9 43 4 31 12 21
0 7 85 56 70 86 90 58 79 44 53 45
0 8 66 63 66 72 59 71 60 77 65 76
0 9 5 32 11 37 7 22 12 4 3 39
0 10 43 64 60 50 66 28 58 64 63 38
0 11 24 30 14 39 56 60 50 13 19 20
0 12 99 76 77 93 87 79 58 72 67 69
0 13 14 24 7 25 40 48 8 33 40 41
0 14 17 53 57 14 47 34 39 35 15 19
0 15 64 44 61 43 55 79 58 52 81 51
0 16 0 33 49 45 3 2 21 49 17 25
0 17 55 74 31 63 61 35 42 31 73 58
0 18 86 87 50 45 57 68 48 60 60 51
0 19 38 42 47 68 67 34 26 21 54 53
0 20 5 13 45 41 13 22 34 21 51 19
0 21 92 75 51 71 78 86 59 77 57 68
0 22 57 29 63 69 39 44 42 55 74 73
0 23 55 47 75 52 47 71 48 60 45 38
0 24 95 69 70 81 63 71 54 82 68 50
0 25 32 53 25 41 56 53 48 49 59 65
0 26 88 65 80 63 87 91 50 65 88 89
0 27 71 56 45 38 61 81 72 57 74 43
0 28 37 41 33 33 60 35 20 59 35 44
0 29 23 52 39 40 50 31 35 44 46 17
0 30 90 45 63 46 70 93 82 86 73 52
0 31 36 33 30 29 63 19 22 56 18 67
0 32 88 75 56 46 61 92 79 59 87 55
0 33 53 63 47 46 43 54 53 38 49 31
0 34 24 15 23 46 43 56 21 43 22 45
0 35 31 27 44 41 28 16 49 44 38 63
0 36 1 25 13 20 6 33 29 40 33 41
0 37 0 7 50 37 40 11 39 37 6 40
1 2 48 59 73 72 53 68 42 61 38 66
1 3 56 59 69 63 58 46 68 47 49 61
1 4 73 76 42 85 63 41 39 60 78 73
1 5 78 49 41 69 78 40 67 51 81 78
1 6 96 95 67 92 94 77 67 95 77 85
1 7 31 18 54 35 56 50 18 43 41 52
1 8 30 17 42 58 50 41 45 60 33 23
1 9 32 56 23 27 36 22 19 27 24 39
1 10 66 81 82 46 73 41 57 35 36 50
1 11 67 37 64 83 56 70 66 60 72 46
1 12 35 47 39 39 67 54 59 39 35 44
1 13 7 46 30 25 30 19 27 47 20 24
1 14 36 39 48 64 20 48 48 60 38 65
1 15 35 28 34 65 59 67 27 42 39 50
1 16 44 36 29 27 57 43 39 69 52 71
1 17 24 43 38 33 30 15 54 37 45 39
1 18 75 61 53 43 74 42 56 46 62 47
1 19 6 50 37 14 5 27 11 26 41 37
1 20 80 55 56 49 62 52 82 81 48 59
1 21 5 30 31 33 36 46 41 30 28 8
1 22 3 16 41 47 7 38 13 24 7 48
1 23 4 12 27 15 20 6 41 38 20 4
1 24 52 61 58 36 36 58 40 50 36 32
1 25 68 52 47 54 83 48 59 66 58 44
1 26 41 20 38 38 62 57 59 62 36 52
1 27 27 19 47 26 19 60 61 29 14 15
1 28 26 58 60 53 49 40 44 50 60 26
1 29 53 27 62 49 39 66 44 46 27 35
1 30 53 67 70 47 74 37 36 59 50 54
1 31 88 65 68 54 57 88 67 88 83 91
1 32 83 91 43 67 50 57 91 88 68 68
1 33 27 23 61 60 28 29 45 30 60 56
1 34 9 50 21 42 37 42 9 5 35 48
1 35 92 66 81 65 67 54 66 88 56 66
1 36 78 82 60 79 75 83 44 54 56 55
1 37 4 16 49 51 19 28 36 21 3 34
2 3 5 31 17 45 29 10 29 48 13 8
2 4 13 22 24 6 22 40 31 52 7 17
2 5 77 48 58 67 75 76 85 48 47 64
2 6 19 9 26 36 55 11 14 59 10 44
2 7 2 23 35 48 26 19 8 27 19 34
2 8 42 54 52 43 55 68 43 68 54 32
2 9 29 41 15 52 40 39 44 56 42 23
2 10 33 60 41 47 54 61 63 45 25 19
2 11 63 39 64 69 46 76 33 75 56 47
2 12 92 48 75 61 75 65 54 52 58 92
2 13 47 37 47 55 34 59 42 69 66 57
2 14 3 37 48 15 16 22 16 9 22 51
2 15 99 67 61 99 63 50 56 69 59 86
2 16 20 46 59 21 20 16 53 56 12 32
2 17 30 60 24 38 54 35 62 51 62 60
2 18 56 67 41 35 64 35 30 43 57 60
2 19 3 51 39 29 22 34 40 41 44 40
2 20 2 22 48 32 33 31 38 12 21 46
2 21 16 13 49 50 27 31 43 56 26 23
2 22 51 29 30 41 75 71 69 36 48 27
2 23 30 32 16 59 62 18 26 43 15 24
2 24 35 48 48 27 37 23 43 53 64 46
2 25 75 67 71 43 38 86 59 84 47 86
2 26 44 63 43 43 49 28 66 58 51 41
2 27 65 82 37 33 68 69 57 57 41 66
2 28 23 46 61 56 21 51 52 56 50 32
2 29 20 16 18 30 60 26 33 16 37 13
2 30 50 28 41 71 32 48 65 35 51 37
2 31 74 53 80 57 49 73 81 56 53 79
2 32 47 51 55 71 73 54 66 69 40 24
2 33 82 72 61 72 43 62 64 84 46 53
2 34 63 68 34 67 80 56 42 52 80 54
2 35 36 25 62 43 33 19 53 34 36 24
2 36 98 86 65 54 97 93 71 55 91 59
2 37 17 24 52 22 31 20 17 26 41 45
3 4 83 71 58 53 45 81 76 46 71 90
3 5 24 52 51 55 61 43 59 23 59 37
3 6 92 65 75 48 74 56 62 55 49 93
3 7 73 38 68 74 54 43 69 48 47 80
3 8 54 73 59 40 61 74 53 47 54 38
3 9 95 48 87 74 69 79 67 54 52 52
3 10 76 66 48 51 56 43 75 43 46 69
3 11 79 87 63 49 52 82 60 53 80 57
3 12 41 65 64 52 56 60 27 60 65 36
3 13 52 71 64 58 31 34 59 73 43 31
3 14 81 83 59 62 60 80 76 56 56 42
3 15 35 63 37 27 25 48 24 47 44 36
3 16 93 68 81 63 66 68 72 71 59 88
3 17 58 68 45 70 43 51 70 73 61 67
3 18 6 22 10 39 20 50 15 42 25 3
3 19 62 74 80 39 41 54 56 64 48 72
3 20 3 11 49 43 15 16 16 31 43 46
3 21 41 64 38 47 45 49 34 39 45 46
3 22 50 29 57 65 40 49 32 74 62 43
3 23 7 46 17 37 41 30 7 18 23 19
3 24 67 75 52 35 44 58 46 45 64 61
3 25 90 59 50 48 68 92 51 67 74 59
3 26 41 24 23 40 49 48 37 62 42 41
3 27 32 48 29 38 27 39 58 62 41 49
3 28 42 27 31 24 55 40 53 25 64 31
3 29 33 64 31 55 23 29 66 61 30 50
3 30 68 67 39 63 56 46 53 44 68 53
3 31 62 75 81 80 49 72 54 80 38 60
3 32 34 44 30 21 42 35 21 42 47 64
3 33 98 67 56 87 83 81 89 89 86 81
3 34 55 64 58 53 47 53 47 62 73 63
3 35 49 66 34 28 32 44 27 38 60 68
3 36 67 83 34 38 57 56 61 55 38 40
3 37 6 26 26 40 11 22 43 38 32 25
4 5 51 69 46 30 31 68 33 66 73 38
4 6 42 36 28 66 37 64 34 41 61 68
4 7 92 57 61 59 65 56 90 68 57 77
4 8 67 52 80 79 38 62 49 52 48 70
4 9 43 26 56 69 45 31 50 60 23 37
4 10 2 6 45 31 22 38 28 15 40 25
4 11 7 16 37 46 32 25 44 36 5 30
4 12 95 55 79 88 50 91 65 62 77 56
4 13 7 21 11 38 9 16 21 15 18 19
4 14 13 16 35 49 9 46 55 52 43 45
4 15 46 70 58 51 25 55 31 71 31 55
4 16 23 40 29 22 43 59 24 18 58 22
4 17 81 68 69 50 55 88 52 45 42 87
4 18 5 4 26 38 49 9 30 13 46 47
4 19 86 66 56 56 45 63 56 85 56 47
4 20 25 34 48 22 27 47 43 43 21 49
4 21 88 47 57 58 51 62 65 85 52 51
4 22 69 61 71 66 51 46 79 43 77 51
4 23 90 65 74 58 82 87 49 77 80 76
4 24 10 34 46 51 51 35 42 39 31 26
4 25 86 59 57 56 71 61 43 81 47 56
4 26 10 31 43 25 36 46 33 48 37 27
4 27 96 48 63 83 59 63 65 71 66 51
4 28 18 37 39 17 56 54 11 34 39 20
4 29 10 11 16 23 48 25 48 11 24 25
4 30 14 29 56 12 28 8 35 21 32 54
4 31 61 65 76 35 71 69 51 31 65 32
4 32 37 67 64 64 60 24 33 66 24 45
4 33 35 44 30 33 31 53 46 51 52 49
4 34 67 56 44 48 39 45 44 35 42 38
4 35 11 45 31 33 25 50 25 45 20 29
4 36 92 64 90 55 79 48 81 90 55 73
4 37 0 40 19 9 14 49 49 6 41 27
5 6 33 51 43 62 60 33 30 52 34 20
5 7 13 8 34 31 40 19 56 12 19 32
5 8 31 52 43 58 37 22 44 63 51 34
5 9 30 17 26 44 43 62 64 56 48 48
5 10 86 59 85 44 87 57 51 45 64 84
5 11 50 43 46 65 29 40 70 37 69 41
5 12 38 25 62 54 21 56 41 24 27 41
5 13 46 49 48 25 54 61 49 39 23 56
5 14 65 80 62 41 45 58 38 74 80 70
5 15 42 51 37 50 42 34 25 36 53 30
5 16 28 16 51 34 47 23 26 40 21 23
5 17 41 26 22 21 30 63 60 50 47 47
5 18 22 39 36 29 33 45 46 49 54 42
5 19 6 14 52 19 28 28 11 23 33 8
5 20 24 56 20 47 48 29 31 43 12 28
5 21 13 12 21 40 55 43 51 44 34 51
5 22 28 15 59 23 35 29 20 32 34 33
5 23 80 84 55 47 88 78 68 48 75 73
5 24 44 23 35 32 31 57 61 31 36 61
5 25 30 50 19 28 34 33 47 26 22 57
5 26 41 57 63 23 67 59 61 67 56 23
5 27 89 51 74 79 73 45 82 77 82 75
5 28 87 82 85 69 84 45 77 61 86 45
5 29 44 46 55 42 25 47 61 63 69 46
5 30 44 34 22 70 56 61 49 55 38 64
5 31 99 65 94 69 98 81 60 63 93 53
5 32 99 87 74 89 77 71 98 79 59 79
5 33 3 19 24 26 47 4 45 21 11 4
5 34 92 49 89 48 89 72 84 65 64 49
5 35 81 50 49 73 48 83 86 77 56 85
5 36 28 31 17 26 21 34 24 45 59 54
5 37 65 69 80 57 52 42 74 49 45 43
6 7 61 63 42 79 50 46 65 47 40 36
6 8 95 68 52 77 50 81 65 91 92 74
6 9 54 73 34 66 52 68 55 76 59 29
6 10 44 33 43 46 71 61 57 69 43 69
6 11 18 35 10 41 12 53 33 42 50 11
6 12 52 32 55 37 40 56 28 42 60 52
6 13 29 23 36 26 26 24 57 43 17 48
6 14 98 72 49 59 92 53 79 84 65 95
6 15 77 62 64 66 50 76 63 39 68 83
6 16 54 34 39 66 58 52 69 48 34 47
6 17 92 76 64 87 81 65 81 94 61 80
6 18 31 47 34 65 40 46 55 31 63 58
6 19 14 46 27 25 13 7 56 22 40 24
6 20 69 84 74 46 44 46 74 38 78 54
6 21 84 89 86 43 62 54 92 55 56 78
6 22 40 67 69 57 34 27 43 57 43 23
6 23 23 39 35 20 35 22 48 46 30 58
6 24 9 32 51 26 28 11 18 31 38 9
6 25 87 91 86 85 88 92 68 89 66 93
6 26 45 53 72 60 70 41 66 31 43 69
6 27 28 19 25 50 22 30 64 60 28 21
6 28 45 34 42 43 36 25 32 49 54 40
6 29 63 35 61 66 57 72 50 63 48 54
6 30 17 22 40 13 10 39 15 32 57 31
6 31 0 3 8 43 23 12 30 40 44 23
6 32 12 35 11 35 16 12 28 17 21 43
6 33 37 56 19 34 44 49 36 50 59 23
6 34 50 27 40 50 69 66 70 69 41 49
6 35 94 67 88 72 74 74 76 92 66 60
6 36 17 11 11 40 25 30 19 48 26 53
6 37 22 47 38 33 33 54 49 25 42 21
7 8 88 74 47 51 83 56 63 48 50 52
7 9 65 33 54 38 36 75 80 74 56 41
7 10 52 34 60 69 62 34 47 47 42 59
7 11 90 61 92 89 74 45 78 57 60 66
7 12 55 68 53 42 44 72 36 52 57 53
7 13 72 82 67 79 47 57 45 69 62 54
7 14 22 35 40 28 13 47 31 17 39 19
7 15 85 86 62 66 74 83 75 53 74 83
7 16 46 45 50 28 54 68 29 64 61 29
7 17 4 48 49 6 14 45 12 33 3 33
7 18 83 70 84 90 50 77 79 72 49 65
7 19 14 35 33 50 37 53 18 16 41 29
7 20 73 47 48 38 55 56 43 72 67 70
7 21 51 49 30 51 31 74 46 39 66 43
7 22 44 24 49 67 53 64 60 30 69 22
7 23 31 50 17 32 18 17 30 39 20 63
7 24 37 67 30 39 32 32 34 64 33 20
7 25 77 41 74 74 54 60 79 69 78 85
7 26 76 86 48 80 41 43 85 80 51 87
7 27 94 77 56 76 84 86 59 78 64 62
7 28 70 72 65 46 83 82 35 61 82 65
7 29 72 85 43 86 65 48 86 59 64 62
7 30 4 25 32 21 29 30 6 20 20 24
7 31 23 46 24 53 59 60 57 36 49 36
7 32 78 61 52 52 65 52 40 49 84 55
7 33 32 38 20 27 22 63 62 63 29 47
7 34 21 59 37 60 21 51 38 36 45 11
7 35 22 35 48 39 52 40 15 15 38 49
7 36 73 69 57 84 82 66 75 82 72 41
7 37 78 53 71 39 83 85 84 78 71 61
8 9 47 38 31 63 33 41 28 27 24 66
8 10 9 49 25 31 49 49 9 21 38 31
8 11 91 72 78 49 55 64 92 68 78 93
8 12 10 23 20 44 43 6 51 46 34 52
8 13 30 23 50 58 51 45 36 25 38 24
8 14 74 76 41 48 74 61 61 59 75 54
8 15 4 36 15 50 41 8 45 7 46 52
8 16 25 19 41 28 29 60 61 37 25 34
8 17 54 48 59 57 60 43 46 53 58 30
8 18 48 68 68 60 26 42 37 43 65 73
8 19 74 38 42 57 78 47 39 70 50 81
8 20 23 19 35 58 59 46 29 57 51 50
8 21 39 68 50 62 39 29 54 61 60 64
8 22 92 63 54 73 47 58 68 59 60 51
8 23 95 96 86 68 66 71 54 64 85 76
8 24 98 53 65 57 98 78 74 91 81 55
8 25 50 64 56 40 58 63 28 57 69 50
8 26 59 56 77 41 37 39 46 54 57 61
8 27 71 64 63 77 71 75 60 48 43 68
8 28 31 42 22 21 47 39 25 22 22 28
8 29 12 54 45 18 48 48 18 33 48 35
8 30 43 48 39 43 59 27 70 23 34 42
8 31 56 44 39 47 46 56 44 39 58 76
8 32 20 54 53 13 46 48 57 59 51 44
8 33 31 48 25 49 53 31 59 46 19 54
8 34 52 74 50 47 75 72 47 68 66 27
8 35 75 75 72 56 87 47 78 51 64 83
8 36 8 45 45 6 20 10 36 49 27 45
8 37 71 42 47 70 61 68 47 49 55 71
9 10 57 30 75 54 68 35 75 29 46 39
9 11 30 38 44 36 42 18 63 29 49 31
9 12 4 39 39 40 40 47 24 23 19 5
9 13 95 67 81 80 83 62 54 66 69 72
9 14 60 34 49 41 71 59 34 73 64 30
9 15 16 16 35 27 55 10 56 14 26 55
9 16 68 40 37 36 53 47 48 80 37 54
9 17 21 48 33 39 15 47 32 46 18 56
9 18 25 40 49 50 51 21 52 30 58 15
9 19 64 49 63 33 47 76 79 66 43 54
9 20 89 82 64 77 49 76 49 45 66 48
9 21 85 80 67 84 43 75 65 81 67 90
9 22 53 53 48 35 71 38 68 55 60 28
9 23 73 64 48 82 41 42 71 81 52 83
9 24 48 32 52 57 64 68 38 32 69 41
9 25 90 74 80 47 50 92 51 78 58 72
9 26 70 79 39 42 43 50 70 56 73 83
9 27 74 66 58 86 78 66 58 48 53 70
9 28 84 87 57 59 60 61 53 77 45 62
9 29 37 27 63 42 32 45 38 58 66 24
9 30 45 62 39 58 57 46 65 41 68 55
9 31 15 49 25 51 41 50 30 51 30 26
9 32 83 80 89 90 53 73 90 54 65 89
9 33 92 85 92 60 83 83 62 78 89 76
9 34 90 45 92 47 68 88 47 56 77 46
9 35 85 80 57 72 64 73 47 75 63 45
9 36 50 71 57 66 57 52 30 31 54 58
9 37 85 73 66 58 67 81 66 86 71 90
10 11 98 52 72 95 54 64 95 82 78 82
10 12 50 28 56 27 53 64 49 26 61 72
10 13 28 61 52 60 56 44 52 18 17 28
10 14 91 59 94 48 84 58 54 62 80 66
10 15 22 40 54 37 42 29 57 39 33 31
10 16 0 11 40 16 39 25 1 2 13 14
10 17 3 17 13 38 13 34 11 33 28 38
10 18 1 30 45 6 39 18 33 34 8 23
10 19 37 61 63 40 53 30 49 43 35 42
10 20 2 34 42 38 20 13 12 27 17 35
10 21 41 31 31 59 46 27 23 55 47 28
10 22 7 6 13 33 12 53 52 42 21 17
10 23 89 61 57 71 58 47 64 70 50 69
10 24 42 32 44 42 57 70 55 40 66 47
10 25 70 64 61 79 66 45 35 80 79 73
10 26 40 45 61 27 36 36 51 59 53 60
10 27 44 43 59 29 33 30 69 45 44 22
10 28 99 87 70 60 89 56 83 64 63 72
10 29 77 49 67 41 46 80 39 68 49 85
10 30 30 20 59 64 27 57 34 43 17 27
10 31 11 42 53 26 12 29 29 20 40 32
10 32 58 41 39 52 62 47 52 62 43 53
10 33 52 70 55 56 27 49 46 64 67 63
10 34 36 32 32 46 35 57 41 46 36 21
10 35 81 54 89 41 68 48 41 66 83 47
10 36 50 43 55 45 49 58 57 58 45 46
10 37 66 77 42 74 48 54 36 48 52 54
11 12 54 36 69 49 55 76 27 50 37 28
11 13 23 44 29 47 39 48 32 13 12 40
11 14 96 61 81 50 54 68 91 74 90 86
11 15 39 48 28 48 54 32 46 69 65 22
11 16 22 45 13 56 41 40 13 13 31 59
11 17 79 64 69 85 67 50 43 56 81 68
11 18 61 71 45 64 63 69 64 62 46 66
11 19 53 54 62 29 44 45 55 52 44 58
11 20 61 35 53 46 36 73 48 47 39 49
11 21 43 66 71 61 24 60 34 22 59 45
11 22 88 49 66 49 80 87 47 55 75 66
11 23 27 38 51 31 43 53 21 39 24 36
11 24 1 13 34 24 4 33 40 1 21 8
11 25 62 69 78 38 43 57 48 54 80 57
11 26 81 75 72 46 75 83 51 80 58 54
11 27 20 53 12 13 36 44 18 23 57 50
11 28 13 45 9 37 53 39 50 33 44 53
11 29 48 31 56 36 43 54 63 57 26 33
11 30 40 49 61 53 23 24 36 33 38 27
11 31 2 29 3 19 24 8 40 48 43 41
11 32 40 33 34 40 69 25 33 25 25 69
11 33 4 23 34 8 51 27 5 26 24 34
11 34 0 6 36 8 1 43 12 23 40 25
11 35 80 53 73 77 75 61 50 55 54 64
11 36 68 71 47 40 52 66 62 77 67 48
11 37 69 60 56 39 59 63 83 45 55 57
12 13 72 50 58 60 73 37 62 36 48 80
12 14 2 26 43 48 33 47 46 46 6 47
12 15 66 53 38 33 62 48 71 81 39 73
12 16 0 7 39 38 33 7 0 16 15 39
12 17 15 34 50 47 39 19 24 46 40 15
12 18 65 58 71 34 73 44 69 63 82 73
12 19 64 81 80 34 44 43 78 51 69 53
12 20 41 56 47 40 68 48 24 32 42 69
12 21 61 58 70 58 60 52 55 35 57 51
12 22 39 35 40 27 38 30 56 53 58 27
12 23 38 52 23 31 51 36 19 64 40 38
12 24 87 70 57 58 65 66 59 72 58 59
12 25 2 50 31 33 37 26 18 6 7 30
12 26 52 55 45 46 41 73 66 69 29 57
12 27 86 51 46 64 86 91 78 70 83 73
12 28 0 45 45 10 34 18 32 31 33 16
12 29 98 68 52 67 90 59 96 91 84 83
12 30 95 52 74 56 65 59 48 51 81 76
12 31 32 40 41 54 58 21 18 19 34 59
12 32 59 72 76 69 69 49 47 34 46 72
12 33 99 58 86 99 92 81 96 79 84 60
12 34 8 42 24 14 28 11 6 18 43 12
12 35 88 45 72 52 89 73 71 92 49 45
12 36 77 84 50 78 53 40 62 63 45 84
12 37 4 48 28 7 18 8 18 30 25 37
13 14 98 88 65 87 94 69 82 61 96 66
13 15 88 46 71 72 71 71 64 72 87 85
13 16 9 6 25 25 10 25 6 29 28 47
13 17 28 62 15 58 33 18 53 59 25 40
13 18 25 35 13 28 23 30 19 32 54 15
13 19 75 71 72 38 83 69 43 85 63 77
13 20 99 75 56 99 53 68 85 72 70 50
13 21 36 55 26 25 31 30 25 43 60 18
13 22 64 73 66 73 58 45 52 69 33 69
13 23 54 57 58 51 75 51 42 65 53 75
13 24 46 29 33 53 66 70 66 38 56 28
13 25 61 69 60 64 51 48 77 34 43 80
13 26 59 50 36 68 38 67 42 54 30 68
13 27 68 36 52 37 45 82 83 41 63 34
13 28 34 63 23 57 28 58 48 41 43 44
13 29 16 45 11 47 11 38 31 15 28 19
13 30 94 68 53 82 88 85 56 77 53 78
13 31 33 41 32 17 41 45 45 58 27 45
13 32 31 25 53 58 64 50 60 46 47 48
13 33 36 56 65 34 53 26 48 47 66 23
13 34 65 51 72 33 47 53 73 51 66 70
13 35 91 81 49 46 87 59 84 52 60 56
13 36 25 59 13 15 21 40 41 52 45 55
13 37 34 26 51 26 23 64 49 37 40 27
14 15 29 18 52 18 58 32 51 37 26 62
14 16 63 33 48 40 32 62 55 46 53 49
14 17 23 26 51 54 41 14 14 38 42 39
14 18 75 41 82 47 54 76 38 61 55 68
14 19 91 58 77 54 50 55 55 89 86 65
14 20 77 87 78 64 74 79 69 67 62 80
14 21 38 30 50 23 64 27 39 68 38 58
14 22 88 48 69 61 67 52 88 76 76 83
14 23 29 39 31 53 20 34 22 43 54 26
14 24 73 84 62 73 73 42 62 62 52 75
14 25 65 66 66 46 51 39 76 75 57 73
14 26 33 51 19 45 52 46 45 33 27 30
14 27 6 16 16 7 18 13 23 17 18 38
14 28 31 64 34 58 43 40 31 42 44 64
14 29 32 61 23 31 47 65 42 56 28 48
14 30 12 46 42 51 33 51 24 10 36 45
14 31 32 32 59 55 65 38 35 63 31 36
14 32 91 73 46 75 85 86 52 82 58 85
14 33 85 51 63 90 61 45 73 81 87 70
14 34 62 43 39 80 50 57 47 43 53 51
14 35 16 21 33 11 18 44 26 39 17 46
14 36 79 64 52 45 48 74 63 56 64 89
14 37 55 36 44 27 40 53 42 54 47 54
15 16 22 11 12 50 40 29 32 56 40 40
15 17 75 82 54 50 50 41 39 76 41 60
15 18 11 13 7 24 31 44 35 6 28 20
15 19 48 52 42 55 64 61 55 39 44 28
15 20 98 81 84 66 85 60 96 74 86 85
15 21 33 27 50 40 31 65 35 55 56 39
15 22 96 85 65 54 89 82 59 90 63 83
15 23 13 14 28 24 48 15 53 38 41 33
15 24 69 51 48 62 53 45 75 51 45 60
15 25 20 12 53 12 31 17 35 21 23 30
15 26 60 37 46 71 58 31 44 53 71 60
15 27 69 46 52 71 44 52 73 73 51 69
15 28 4 42 22 50 34 30 34 27 38 31
15 29 27 35 15 52 49 48 15 27 54 60
15 30 88 57 61 74 57 47 46 49 45 68
15 31 41 22 64 51 25 29 27 41 26 70
15 32 7 44 26 51 29 20 21 27 4 20
15 33 17 37 22 41 17 48 30 39 36 58
15 34 98 52 97 59 68 96 55 91 76 96
15 35 69 83 80 52 63 81 69 59 75 52
15 36 58 32 77 51 49 59 75 54 47 64
15 37 32 61 51 62 64 54 39 43 20 56
16 17 44 27 70 45 66 48 63 46 64 64
16 18 8 33 38 42 9 32 49 33 52 16
16 19 88 48 49 75 77 68 44 64 84 65
16 20 9 17 14 23 11 44 31 32 54 23
16 21 80 69 41 67 85 80 85 54 76 72
16 22 21 48 17 35 51 25 15 34 27 54
16 23 48 38 26 26 56 51 63 47 43 59
16 24 7 18 24 7 51 40 45 25 18 46
16 25 77 65 69 73 62 39 81 84 52 61
16 26 67 51 42 43 40 62 78 45 58 57
16 27 29 22 24 26 23 53 55 39 44 30
16 28 96 82 69 95 53 53 68 60 58 49
16 29 3 3 33 24 19 32 32 26 28 20
16 30 72 65 81 73 41 67 58 78 62 41
16 31 31 39 44 28 24 32 48 42 43 33
16 32 44 37 72 35 51 69 67 22 59 25
16 33 66 68 79 65 44 67 79 52 42 33
16 34 28 27 59 52 23 37 57 62 61 64
16 35 83 77 42 88 87 89 85 74 80 78
16 36 31 28 59 31 18 47 43 32 29 36
16 37 63 72 50 49 48 60 53 49 53 79
17 18 77 68 70 76 79 69 49 74 41 53
17 19 47 54 71 48 26 65 25 24 57 36
17 20 92 82 55 90 75 93 67 51 46 51
17 21 17 57 12 56 54 32 37 14 47 35
17 22 61 36 68 41 73 43 73 43 65 43
17 23 21 53 22 31 31 38 43 35 51 45
17 24 94 48 77 72 78 97 87 61 89 73
17 25 96 91 93 69 51 54 91 78 58 77
17 26 26 23 58 27 36 53 40 59 15 30
17 27 71 58 61 82 36 58 79 42 35 49
17 28 26 51 41 63 57 61 53 42 56 14
17 29 97 83 71 67 70 92 60 70 95 82
17 30 88 62 84 56 94 88 74 78 89 82
17 31 60 74 60 52 39 56 77 63 59 59
17 32 91 60 74 79 47 69 89 65 93 75
17 33 24 32 40 58 55 20 14 45 38 60
17 34 59 56 62 62 77 30 66 47 60 70
17 35 67 42 58 52 54 66 36 62 46 37
17 36 98 75 73 73 66 57 51 58 55 86
17 37 10 50 42 45 35 14 28 33 16 29
18 19 85 74 43 74 78 47 70 49 83 63
18 20 27 45 21 28 30 26 18 55 27 54
18 21 3 11 22 2 34 18 4 9 44 20
18 22 54 47 34 66 42 47 50 37 68 30
18 23 55 65 55 30 47 73 56 36 29 72
18 24 29 60 41 15 59 41 36 43 18 62
18 25 67 72 63 76 81 45 81 46 41 50
18 26 38 67 22 39 41 58 62 58 31 67
18 27 38 58 65 30 22 62 60 40 24 50
18 28 80 57 73 47 71 69 49 46 61 62
18 29 50 41 42 45 52 34 70 67 57 72
18 30 19 31 38 17 41 37 25 53 47 14
18 31 96 53 68 86 53 86 73 93 57 72
18 32 54 74 47 74 30 34 62 40 34 38
18 33 56 62 39 38 34 31 34 70 30 62
18 34 86 87 80 70 63 66 58 65 80 66
18 35 86 75 67 79 81 51 73 51 92 45
18 36 92 53 89 94 85 62 63 46 55 58
18 37 34 64 31 29 64 65 51 29 25 49
19 20 54 34 74 40 50 74 63 41 30 76
19 21 97 63 67 94 69 82 71 78 63 62
19 22 24 50 59 52 27 15 26 56 23 33
19 23 29 56 44 35 56 54 60 55 21 53
19 24 6 27 35 21 7 43 30 43 14 4
19 25 94 58 68 82 63 64 77 95 85 62
19 26 58 59 59 68 56 49 52 68 45 54
19 27 13 27 26 14 18 17 11 27 31 16
19 28 84 48 82 73 78 64 48 50 51 45
19 29 75 64 49 58 85 58 62 68 71 55
19 30 54 74 28 53 72 36 42 71 34 30
19 31 38 43 45 52 46 52 38 38 63 20
19 32 37 58 53 49 25 23 36 27 54 39
19 33 71 39 63 82 36 55 60 48 53 54
19 34 46 52 27 65 40 53 68 39 45 66
19 35 46 38 56 63 37 40 38 68 57 56
19 36 88 58 67 71 66 47 85 63 84 92
19 37 45 26 65 55 69 27 62 30 60 66
20 21 93 48 94 74 48 90 76 89 84 64
20 22 4 51 26 33 20 42 9 2 41 11
20 23 70 69 69 54 73 60 79 80 81 37
20 24 55 35 36 31 29 57 49 29 54 73
20 25 14 17 10 56 31 31 41 47 24 42
20 26 90 49 58 89 57 47 94 93 49 72
20 27 52 74 46 45 73 71 62 48 47 58
20 28 56 50 77 64 59 57 32 46 37 69
20 29 44 43 65 70 49 23 30 33 60 62
20 30 39 21 40 20 40 45 46 68 50 38
20 31 7 19 30 42 23 34 16 8 21 29
20 32 73 77 48 67 61 60 48 77 80 64
20 33 33 36 21 58 23 45 58 31 52 25
20 34 90 72 80 54 66 89 53 58 57 47
20 35 6 49 43 30 4 30 18 45 43 4
20 36 65 65 39 55 51 49 41 33 38 81
20 37 75 50 63 64 56 64 55 50 69 42
21 22 47 38 69 73 72 41 61 58 67 38
21 23 48 50 68 51 47 31 69 41 42 34
21 24 7 37 22 26 23 52 20 11 22 52
21 25 51 58 50 33 32 33 51 33 43 62
21 26 92 79 80 81 58 68 75 52 65 68
21 27 54 51 76 58 62 47 40 46 43 70
21 28 43 57 68 27 46 34 60 49 48 45
21 29 72 46 49 83 70 75 78 47 81 61
21 30 41 70 50 44 38 33 66 23 31 29
21 31 26 15 26 57 60 41 13 16 49 15
21 32 78 65 88 73 79 85 59 69 48 44
21 33 62 65 42 80 50 36 61 60 66 78
21 34 29 18 62 46 37 16 52 32 43 45
21 35 56 35 28 72 42 58 65 48 73 31
21 36 93 90 77 59 57 68 76 84 95 79
21 37 13 19 26 37 45 46 6 27 35 39
22 23 66 81 79 40 41 76 38 47 78 68
22 24 18 46 43 15 42 34 48 20 12 32
22 25 18 53 26 48 52 30 48 48 45 32
22 26 97 73 49 73 50 78 72 54 52 60
22 27 61 78 53 34 35 74 62 32 56 62
22 28 53 49 40 44 48 39 32 66 36 41
22 29 31 58 60 38 34 46 56 56 43 22
22 30 35 64 26 33 37 35 50 33 19 31
22 31 64 70 54 70 42 70 58 53 55 63
22 32 31 46 57 21 62 30 49 19 37 21
22 33 86 57 91 89 77 44 62 90 84 82
22 34 71 67 44 63 82 46 57 59 57 69
22 35 24 30 49 33 45 17 50 32 18 17
22 36 23 37 44 60 20 14 27 42 42 53
22 37 61 42 31 42 73 80 67 42 30 61
23 24 35 51 51 18 48 34 63 31 51 61
23 25 48 49 30 53 31 25 36 41 66 67
23 26 27 62 42 38 37 42 17 18 35 50
23 27 41 30 20 27 66 38 29 58 28 52
23 28 32 56 36 20 22 33 31 20 32 28
23 29 63 78 65 68 36 52 69 75 75 77
23 30 73 81 65 70 85 38 70 69 62 80
23 31 90 46 49 86 81 88 67 71 91 83
23 32 83 72 51 55 46 46 77 53 75 62
23 33 90 56 52 62 89 94 70 82 51 76
23 34 68 39 48 58 40 34 66 48 55 52
23 35 91 81 66 69 65 87 82 64 94 95
23 36 93 62 73 63 86 85 81 65 85 63
23 37 22 39 45 25 22 37 44 59 44 21
24 25 84 68 42 45 86 89 83 72 62 91
24 26 78 73 41 66 40 73 71 79 77 50
24 27 74 38 38 50 65 38 72 74 68 53
24 28 5 47 44 52 8 36 34 20 24 37
24 29 30 39 36 25 22 60 62 61 56 48
24 30 93 93 73 59 70 76 48 60 79 91
24 31 95 57 89 53 52 84 63 47 79 75
24 32 59 73 39 78 76 78 48 47 60 74
24 33 78 69 46 51 58 43 73 61 79 61
24 34 66 47 66 52 75 48 51 41 40 59
24 35 41 66 25 40 53 64 58 25 64 54
24 36 38 64 60 63 28 58 22 32 21 35
24 37 83 62 58 42 46 83 69 42 54 50
25 26 80 67 57 53 62 55 69 49 81 46
25 27 81 53 59 73 77 58 51 60 59 76
25 28 98 54 93 90 56 92 71 97 76 52
25 29 29 55 37 52 44 26 21 30 24 58
25 30 3 27 12 12 8 27 50 32 29 26
25 31 42 64 40 25 32 21 34 38 62 26
25 32 13 20 49 35 54 41 15 15 25 21
25 33 85 46 89 45 80 52 84 48 78 91
25 34 39 49 68 65 56 62 22 26 49 29
25 35 35 46 65 59 27 22 29 23 22 39
25 36 41 50 69 35 25 63 69 60 50 60
25 37 86 50 52 54 54 68 47 89 43 76
26 27 66 81 53 41 38 53 39 55 36 33
26 28 25 47 51 29 41 28 62 28 31 37
26 29 3 5 38 15 27 48 12 16 18 30
26 30 74 73 67 57 42 84 49 45 73 58
26 31 98 62 66 58 95 66 56 63 66 74
26 32 90 81 58 89 87 80 74 61 45 53
26 33 67 73 54 59 55 47 52 73 43 38
26 34 72 61 57 40 55 82 49 48 65 73
26 35 77 84 62 72 66 68 80 86 47 79
26 36 13 41 24 6 39 47 55 48 16 45
26 37 24 49 18 60 13 57 55 12 48 20
27 28 22 58 35 25 35 25 43 37 35 19
27 29 70 66 79 43 76 44 52 65 38 45
27 30 53 35 67 56 68 75 74 37 28 49
27 31 69 64 73 63 76 39 45 36 72 41
27 32 21 59 56 28 28 59 13 21 17 25
27 33 47 59 47 45 61 69 26 52 45 40
27 34 55 66 71 35 70 63 30 38 45 60
27 35 26 62 44 27 16 26 40 18 50 45
27 36 83 48 65 55 47 71 66 66 79 54
27 37 94 70 96 76 91 48 85 92 96 78
28 29 59 79 49 55 57 57 42 70 75 56
28 30 55 33 35 62 54 29 28 44 60 33
28 31 56 45 53 39 36 65 29 65 72 74
28 32 27 33 34 45 16 59 42 62 31 48
28 33 95 53 69 60 76 63 86 77 81 73
28 34 86 83 45 92 52 83 73 48 72 64
28 35 75 52 47 70 80 59 76 53 55 57
28 36 17 45 15 54 26 33 15 55 40 37
28 37 2 47 32 12 41 8 25 33 21 10
29 30 71 76 43 70 55 70 44 55 63 52
29 31 69 54 58 80 58 65 41 67 64 38
29 32 77 75 55 64 40 66 43 51 72 62
29 33 64 55 68 67 50 69 47 71 76 43
29 34 28 22 61 57 21 41 56 59 32 39
29 35 4 43 2 2 13 20 27 46 46 30
29 36 16 28 14 31 46 28 42 37 32 55
29 37 60 70 34 36 54 32 72 46 70 55
30 31 19 26 27 24 50 18 36 30 40 51
30 32 83 62 91 82 87 51 55 70 84 60
30 33 16 16 32 38 50 9 40 46 52 49
30 34 12 9 6 28 34 55 6 33 19 30
30 35 65 69 37 47 76 74 65 51 36 53
30 36 98 74 76 63 54 98 59 82 81 89
30 37 57 73 58 56 50 53 78 45 33 63
31 32 96 66 49 63 71 65 79 62 81 89
31 33 74 46 62 74 75 78 56 67 80 47
31 34 1 18 5 13 24 6 11 17 14 45
31 35 78 63 74 59 52 47 40 55 80 44
31 36 87 53 86 71 81 43 78 76 91 93
31 37 50 73 54 50 54 39 37 65 47 42
32 33 16 55 47 49 30 20 34 32 14 39
32 34 26 15 39 40 22 27 47 58 30 42
32 35 19 16 41 27 35 38 41 29 41 36
32 36 90 77 75 68 75 68 56 73 57 84
32 37 77 49 69 60 42 62 71 69 76 81
33 34 51 48 63 72 73 64 46 49 33 45
33 35 9 45 47 17 43 51 42 20 42 5
33 36 16 42 43 37 49 42 9 21 55 48
33 37 83 81 61 84 60 80 76 51 44 59
34 35 33 38 57 63 37 52 27 51 55 66
34 36 8 24 52 26 46 13 21 27 28 6
34 37 12 14 28 7 44 6 16 13 15 39
35 36 16 40 9 27 16 38 43 26 49 9
35 37 17 44 47 55 39 18 50 11 47 52
36 37 61 55 75 64 66 41 50 75 51 49
