48 10
0.2 0.2 0.2 0.2 0.2 0.0 0.0 0.0 0.0 0.0 
0 1 18 27 24 30 18 19 22 25 24 29
0 2 47 49 51 50 48 49 44 48 46 47
0 3 44 45 42 44 51 43 50 51 39 46
0 4 52 49 46 58 45 58 55 59 47 56
0 5 26 35 33 23 32 24 28 35 36 24
0 6 83 73 75 72 81 81 72 73 72 77
0 7 19 18 17 30 30 24 18 25 29 24
0 8 3 15 5 16 14 6 16 8 17 14
0 9 39 44 36 34 38 39 46 40 35 35
0 10 10 13 20 21 11 17 23 12 10 14
0 11 85 87 75 82 74 81 81 80 75 83
0 12 42 37 37 48 43 45 46 45 43 49
0 13 80 70 73 77 72 73 75 70 68 78
0 14 46 52 40 46 52 39 40 44 40 39
0 15 17 27 26 17 25 17 23 26 22 28
0 16 4 16 11 7 14 7 15 10 15 5
0 17 94 90 95 81 86 86 81 93 93 91
0 18 5 5 10 16 8 12 13 7 10 17
0 19 67 59 63 68 69 63 67 70 66 67
0 20 46 51 53 53 41 50 52 44 53 46
0 21 81 78 72 75 79 80 82 79 69 77
0 22 43 46 50 49 40 44 41 51 45 40
0 23 51 44 46 49 43 54 46 48 49 52
0 24 26 24 32 23 25 36 33 22 33 35
0 25 56 49 49 51 55 52 56 63 50 54
0 26 2 11 15 4 8 12 4 3 3 11
0 27 97 90 85 85 93 95 87 84 89 83
0 28 84 78 74 80 75 73 78 72 73 77
0 29 27 34 30 32 29 28 28 32 26 35
0 30 0 13 10 14 10 7 14 0 11 8
0 31 26 33 29 33 29 27 30 34 31 35
0 32 37 42 38 32 47 32 34 44 32 44
0 33 31 28 35 29 37 31 32 30 36 38
0 34 41 42 36 44 49 46 46 44 40 48
0 35 11 13 11 21 20 17 16 17 13 11
0 36 85 80 82 83 87 85 73 78 80 74
0 37 33 40 32 36 38 34 39 34 34 33
0 38 86 81 84 75 78 86 79 85 86 84
0 39 28 32 37 28 28 38 27 38 31 25
0 40 86 75 81 73 82 81 81 86 85 81
0 41 67 58 60 63 68 67 65 64 69 58
0 42 39 45 46 44 42 34 46 42 42 44
0 43 64 56 59 59 67 60 59 62 68 65
0 44 35 40 35 30 41 44 42 31 40 37
0 45 85 79 85 81 76 75 77 77 86 76
0 46 26 26 30 31 23 32 25 22 32 24
0 47 21 20 32 28 21 31 28 29 32 19
1 2 69 62 64 61 61 60 68 67 62 69
1 3 75 68 78 69 75 72 64 65 65 77
1 4 18 29 23 17 24 21 22 16 30 30
1 5 33 36 31 29 36 32 28 40 35 40
1 6 16 28 18 17 17 20 15 16 14 21
1 7 43 50 37 37 49 45 43 46 39 43
1 8 94 92 85 83 93 81 80 93 91 82
1 9 7 18 9 17 15 15 21 21 16 19
1 10 27 32 31 24 23 27 34 29 28 33
1 11 15 22 22 22 16 26 26 17 18 15
1 12 9 14 14 16 12 17 20 22 10 16
1 13 96 83 95 82 85 94 88 91 92 95
1 14 75 74 65 73 78 72 78 65 65 75
1 15 97 86 89 97 93 88 90 86 89 92
1 16 97 92 86 97 96 96 85 84 84 92
1 17 16 16 20 16 27 19 14 24 23 28
1 18 62 55 56 59 55 66 61 64 54 58
1 19 50 51 52 53 43 50 48 53 56 57
1 20 14 26 17 25 23 17 19 25 15 22
1 21 9 22 12 18 9 11 13 11 17 14
1 22 24 33 32 21 23 27 23 33 28 28
1 23 96 91 93 86 82 93 82 94 90 86
1 24 44 51 37 45 44 40 43 42 52 43
1 25 3 4 16 12 7 4 5 16 4 8
1 26 57 52 59 51 53 51 60 52 58 59
1 27 70 72 62 70 72 70 74 71 66 61
1 28 80 72 73 68 73 77 83 79 79 76
1 29 81 79 81 70 72 79 71 70 79 75
1 30 19 27 29 21 31 23 29 21 21 29
1 31 52 47 58 52 56 54 57 53 51 55
1 32 31 36 37 33 40 39 33 33 40 35
1 33 34 41 42 29 39 33 33 29 34 35
1 34 12 22 19 24 23 11 10 14 13 22
1 35 49 55 56 55 49 45 48 55 52 43
1 36 65 59 63 60 63 59 66 60 59 63
1 37 17 24 27 29 19 16 29 27 21 28
1 38 82 72 72 84 74 73 80 84 72 76
1 39 11 13 10 17 24 13 17 20 20 18
1 40 44 43 41 44 38 50 45 41 43 38
1 41 75 73 67 79 68 68 66 65 71 79
1 42 47 41 53 52 41 46 52 47 42 54
1 43 73 71 72 65 76 77 68 75 71 76
1 44 47 43 44 41 47 42 45 47 54 50
1 45 19 31 29 18 20 23 27 24 31 23
1 46 48 54 50 54 43 51 42 49 56 43
1 47 32 41 28 42 38 36 38 38 30 32
2 3 89 82 86 79 82 78 77 78 81 83
2 4 13 11 25 24 19 12 20 23 23 26
2 5 1 6 13 2 11 8 10 11 11 10
2 6 59 61 56 61 56 54 58 62 63 53
2 7 90 88 87 81 82 81 86 77 86 82
2 8 21 28 19 32 27 24 30 29 21 32
2 9 32 30 39 41 30 35 32 37 30 35
2 10 15 15 15 25 26 18 16 18 22 21
2 11 66 66 58 67 69 69 65 60 60 66
2 12 59 62 58 54 62 54 60 50 57 54
2 13 2 13 7 6 12 5 13 11 15 15
2 14 10 13 22 22 22 19 10 11 15 16
2 15 92 93 90 84 79 88 87 86 84 90
2 16 83 75 72 78 71 84 77 71 80 83
2 17 17 28 16 14 16 27 14 16 29 23
2 18 38 42 32 32 46 37 42 36 41 47
2 19 14 18 25 20 21 24 16 25 14 24
2 20 53 46 47 51 55 46 58 55 45 48
2 21 54 48 54 46 47 52 53 55 51 54
2 22 53 47 52 48 60 46 51 50 57 51
2 23 64 56 66 60 57 65 69 66 64 55
2 24 71 64 73 67 61 66 72 75 68 64
2 25 88 89 84 86 84 88 78 76 85 80
2 26 31 35 39 34 41 37 27 38 41 28
2 27 75 75 71 68 69 68 72 66 67 65
2 28 6 6 18 12 14 8 19 9 17 19
2 29 34 32 34 40 33 37 43 35 36 40
2 30 27 26 30 27 24 30 28 28 31 27
2 31 2 7 3 12 4 15 15 14 16 10
2 32 45 45 51 48 48 38 42 45 44 45
2 33 1 4 1 2 10 15 11 12 13 7
2 34 57 52 64 63 62 58 57 52 56 50
2 35 75 76 68 67 77 77 76 75 71 69
2 36 2 7 7 12 6 16 8 9 7 7
2 37 20 28 18 25 21 24 25 25 18 30
2 38 75 73 75 68 70 66 64 79 75 79
2 39 82 77 75 74 74 78 78 81 73 78
2 40 27 36 27 25 25 26 37 25 26 32
2 41 94 83 92 88 89 94 80 80 89 82
2 42 59 52 65 56 62 54 52 60 62 64
2 43 58 53 56 59 61 63 56 64 58 53
2 44 85 77 86 82 74 86 82 78 73 80
2 45 6 9 16 14 6 20 14 19 7 7
2 46 75 75 68 73 67 74 70 72 71 69
2 47 39 45 41 43 44 46 34 46 33 35
3 4 54 59 58 50 55 49 47 54 56 58
3 5 14 24 14 16 19 12 12 23 23 17
3 6 35 32 39 38 43 40 33 36 34 31
3 7 85 78 83 74 86 75 75 73 83 75
3 8 76 72 67 65 73 76 74 73 66 67
3 9 83 85 81 83 86 84 72 74 74 85
3 10 43 42 43 47 41 49 37 51 42 44
3 11 56 54 62 53 62 61 58 48 57 50
3 12 68 71 58 63 66 64 66 63 68 70
3 13 88 87 88 88 80 81 87 77 89 85
3 14 69 66 60 63 71 66 70 66 72 72
3 15 53 60 52 48 58 50 51 52 58 56
3 16 62 61 63 67 66 63 59 65 66 56
3 17 59 57 51 51 55 60 57 64 62 53
3 18 92 88 80 91 82 89 85 86 83 79
3 19 33 32 40 42 39 40 38 31 32 32
3 20 76 65 67 68 71 70 70 68 67 78
3 21 98 89 85 88 94 87 86 96 98 95
3 22 79 78 67 75 71 79 69 79 82 68
3 23 34 31 39 38 39 43 44 39 31 36
3 24 28 25 26 31 38 36 34 28 28 35
3 25 52 46 51 52 56 50 53 47 49 50
3 26 67 66 70 62 58 64 68 65 63 58
3 27 50 43 49 52 48 57 47 46 55 43
3 28 83 84 81 77 78 79 71 72 72 84
3 29 48 52 52 46 51 50 43 46 43 43
3 30 12 18 15 12 15 19 17 23 24 13
3 31 99 87 89 87 85 90 88 96 91 87
3 32 24 27 27 33 31 31 31 23 22 25
3 33 35 42 34 36 30 41 34 33 32 34
3 34 52 45 52 49 53 46 48 54 59 58
3 35 97 90 95 90 90 95 89 88 84 87
3 36 65 66 59 55 56 64 56 68 64 65
3 37 40 41 46 47 39 46 39 43 34 46
3 38 72 65 75 65 64 74 68 68 65 69
3 39 40 36 39 38 48 35 40 48 47 37
3 40 31 31 41 41 40 37 28 30 36 31
3 41 98 84 97 97 92 98 97 88 97 96
3 42 85 78 82 78 85 84 82 72 85 78
3 43 51 56 52 48 54 53 44 47 53 52
3 44 29 27 33 39 35 32 33 34 28 26
3 45 4 3 6 8 10 7 3 18 15 5
3 46 72 66 76 70 68 68 64 76 68 66
3 47 13 19 20 18 26 18 15 19 15 21
4 5 72 69 74 70 63 73 66 72 64 69
4 6 73 64 70 73 66 75 65 62 69 65
4 7 75 77 65 77 72 66 72 71 72 74
4 8 28 34 37 29 35 28 30 31 26 33
4 9 87 76 87 86 89 81 82 88 77 84
4 10 23 22 31 23 25 33 26 25 19 25
4 11 70 59 62 63 67 64 64 74 69 70
4 12 80 81 72 82 79 82 79 81 80 81
4 13 2 3 8 8 10 15 8 7 11 4
4 14 99 88 96 98 94 91 88 99 92 85
4 15 6 15 7 18 14 14 5 10 17 18
4 16 86 82 75 74 85 75 74 86 76 77
4 17 71 71 69 61 66 61 70 67 66 66
4 18 94 88 93 92 94 82 88 94 86 94
4 19 67 61 61 64 63 68 66 61 60 69
4 20 4 4 18 17 11 10 16 7 13 12
4 21 90 87 77 86 80 84 90 83 81 86
4 22 19 24 21 31 18 22 23 26 29 29
4 23 10 13 11 20 21 15 14 16 11 20
4 24 57 50 59 51 53 61 53 52 62 56
4 25 61 58 57 52 66 59 61 60 66 63
4 26 67 58 61 68 69 59 71 70 68 68
4 27 72 70 72 67 65 74 75 75 73 63
4 28 65 55 65 66 66 62 67 62 68 67
4 29 36 32 30 36 31 32 42 42 42 41
4 30 57 54 50 49 57 59 63 60 58 58
4 31 15 19 26 18 16 14 17 18 25 21
4 32 51 56 49 48 57 50 45 53 50 50
4 33 51 58 46 52 47 58 49 49 47 55
4 34 31 33 41 28 29 36 31 29 38 27
4 35 31 39 33 38 34 37 30 39 32 39
4 36 44 41 46 49 39 51 47 48 48 43
4 37 71 71 61 71 63 71 75 75 61 70
4 38 85 78 83 80 81 80 81 74 78 84
4 39 92 85 81 85 80 90 79 84 91 81
4 40 44 44 48 51 42 40 45 46 49 48
4 41 18 19 21 16 30 20 22 28 28 25
4 42 79 79 72 78 67 69 73 81 75 68
4 43 54 57 59 54 61 56 49 60 46 49
4 44 38 44 32 39 45 40 44 40 47 44
4 45 48 45 54 44 49 47 42 46 52 55
4 46 41 43 46 47 43 49 42 44 42 46
4 47 73 64 70 74 66 73 75 72 75 64
5 6 16 23 27 18 24 23 22 25 26 26
5 7 10 9 23 22 21 14 21 21 18 15
5 8 38 34 37 42 40 39 38 34 44 35
5 9 87 80 78 76 77 84 79 85 79 84
5 10 17 18 23 15 18 24 24 23 27 21
5 11 83 78 82 78 75 80 81 80 71 74
5 12 87 74 76 78 86 88 74 87 82 80
5 13 16 18 18 23 25 27 22 28 15 26
5 14 73 76 66 73 76 66 75 67 74 66
5 15 26 35 35 28 29 34 23 33 36 36
5 16 23 23 26 34 31 21 21 33 29 34
5 17 88 75 80 90 80 75 83 87 84 76
5 18 82 75 80 76 71 71 74 72 82 70
5 19 42 49 50 47 36 48 47 43 47 46
5 20 81 83 72 77 77 71 78 70 73 77
5 21 13 12 22 25 13 15 20 11 12 12
5 22 13 14 21 16 21 11 12 17 19 15
5 23 53 46 48 56 53 47 56 57 56 57
5 24 56 53 55 57 49 54 49 53 54 58
5 25 79 80 72 70 71 77 70 79 76 72
5 26 51 46 50 49 47 57 53 47 56 47
5 27 58 52 61 64 54 63 61 61 61 61
5 28 90 84 88 77 82 78 86 81 90 77
5 29 78 67 81 74 79 79 70 73 80 72
5 30 87 75 77 82 80 87 77 83 76 80
5 31 26 36 26 31 34 30 23 24 26 34
5 32 48 45 45 48 47 49 48 46 41 49
5 33 55 53 61 50 58 57 57 58 60 49
5 34 40 45 42 42 38 48 37 46 35 48
5 35 46 40 48 50 53 49 41 47 45 43
5 36 42 47 39 42 46 48 46 44 43 49
5 37 83 76 71 80 75 74 85 81 85 80
5 38 8 13 12 19 8 10 17 22 20 22
5 39 67 68 63 69 61 66 69 58 68 71
5 40 84 75 77 75 75 78 85 73 83 83
5 41 12 18 16 14 25 22 24 15 17 24
5 42 26 37 37 35 36 36 27 33 25 28
5 43 72 70 62 71 65 71 63 69 62 63
5 44 47 48 47 43 47 52 55 51 50 52
5 45 50 50 57 55 56 50 43 46 57 44
5 46 49 49 47 45 47 50 46 54 49 55
5 47 13 17 24 18 16 16 15 20 23 19
6 7 32 41 35 31 31 33 29 30 33 28
6 8 60 52 56 57 52 63 60 65 59 60
6 9 79 69 81 71 77 74 72 74 79 79
6 10 7 16 11 8 12 11 18 15 19 15
6 11 8 20 13 17 18 8 14 11 19 18
6 12 92 84 82 84 83 87 86 83 87 82
6 13 40 46 43 45 40 38 42 42 41 46
6 14 69 70 72 59 72 60 62 60 67 68
6 15 67 62 61 70 59 68 61 59 69 62
6 16 78 70 77 69 68 79 77 76 81 72
6 17 50 57 55 45 45 44 50 54 53 52
6 18 77 73 71 73 81 71 70 72 71 73
6 19 67 62 63 68 57 66 60 66 71 63
6 20 39 41 47 42 41 44 41 44 40 41
6 21 75 77 78 67 66 77 76 78 68 66
6 22 34 37 30 41 43 36 39 42 30 43
6 23 0 9 3 5 5 8 7 0 5 12
6 24 59 59 57 60 57 57 56 56 54 54
6 25 93 88 89 82 85 82 91 86 81 82
6 26 57 61 50 52 63 56 62 51 49 53
6 27 23 30 28 31 28 34 33 24 30 20
6 28 31 41 28 27 39 31 34 38 28 37
6 29 93 91 88 90 79 79 85 93 87 83
6 30 56 57 52 60 54 52 58 57 54 49
6 31 83 73 82 78 74 76 83 80 85 81
6 32 92 78 83 83 90 83 88 86 81 84
6 33 11 14 15 23 10 19 12 20 14 20
6 34 1 14 14 6 6 3 8 2 10 10
6 35 85 72 82 79 74 83 76 73 84 81
6 36 25 30 35 23 33 34 22 23 22 28
6 37 63 56 58 55 61 58 56 59 65 59
6 38 20 21 19 21 28 25 25 26 30 25
6 39 99 94 96 90 87 94 85 94 89 89
6 40 81 82 71 76 70 74 71 74 74 74
6 41 20 25 19 24 30 18 26 19 18 26
6 42 81 84 74 83 70 69 80 74 81 76
6 43 76 69 79 78 68 71 69 67 79 75
6 44 50 45 46 52 50 49 45 54 50 50
6 45 74 76 73 74 76 72 64 64 71 66
6 46 88 78 83 82 78 76 88 85 88 84
6 47 67 60 68 61 71 63 62 64 61 62
7 8 13 22 22 16 19 21 25 26 19 17
7 9 36 43 45 31 35 36 41 36 42 44
7 10 39 33 40 43 44 36 46 43 34 38
7 11 74 66 65 63 73 75 64 63 68 71
7 12 37 35 46 45 33 45 42 35 42 36
7 13 50 44 57 47 47 55 52 57 56 43
7 14 10 12 9 11 18 9 11 13 10 14
7 15 73 69 77 72 73 71 69 63 77 64
7 16 44 39 51 43 47 43 39 50 39 49
7 17 72 65 75 76 63 74 66 65 74 69
7 18 87 83 88 82 80 78 77 83 76 85
7 19 44 48 48 52 49 38 49 40 45 51
7 20 63 67 58 62 53 66 59 67 68 59
7 21 82 70 74 70 78 72 82 83 83 84
7 22 51 46 46 46 49 44 54 47 53 51
7 23 35 38 36 41 42 37 31 35 44 42
7 24 39 42 39 40 35 34 35 34 41 43
7 25 89 87 89 81 79 86 78 85 85 83
7 26 14 16 16 26 12 26 26 25 20 20
7 27 15 23 14 16 14 21 28 22 21 27
7 28 35 31 34 41 42 40 32 38 44 31
7 29 94 82 92 92 83 89 88 90 94 80
7 30 13 22 23 14 22 14 16 25 25 19
7 31 70 73 71 70 69 69 64 72 72 71
7 32 31 26 30 35 29 27 40 37 37 33
7 33 52 49 58 45 46 54 58 50 52 45
7 34 37 39 45 38 34 34 40 31 46 44
7 35 42 45 49 45 37 38 48 49 39 36
7 36 85 84 73 84 75 84 87 84 72 72
7 37 6 10 9 9 6 19 20 16 12 6
7 38 82 80 79 73 85 82 73 75 73 72
7 39 89 90 82 76 82 77 77 79 90 89
7 40 79 77 69 70 72 72 73 82 79 82
7 41 18 15 22 28 22 20 19 21 30 27
7 42 99 98 88 98 91 90 96 92 90 94
7 43 79 82 79 77 72 67 72 69 82 77
7 44 42 49 36 50 50 48 36 42 44 46
7 45 95 82 81 91 92 90 93 93 88 86
7 46 90 81 85 84 81 91 83 88 78 81
7 47 36 32 37 31 45 31 32 43 31 34
8 9 22 31 23 26 19 22 24 24 20 20
8 10 63 56 60 64 67 54 57 54 66 67
8 11 57 61 58 51 50 54 56 58 55 49
8 12 0 6 2 6 11 12 12 1 4 6
8 13 97 85 97 92 89 83 94 87 89 84
8 14 75 75 76 67 76 69 71 74 66 76
8 15 83 77 79 85 77 82 72 74 83 73
8 16 21 30 26 25 25 29 21 18 30 24
8 17 13 20 23 23 18 13 22 21 17 11
8 18 72 73 62 75 71 71 64 74 63 75
8 19 89 82 81 88 87 89 79 82 89 79
8 20 53 52 51 52 60 47 46 45 47 53
8 21 42 37 38 44 42 43 40 38 50 40
8 22 93 89 88 94 83 92 88 84 91 90
8 23 32 32 37 36 35 31 34 28 35 30
8 24 23 30 27 34 20 27 21 32 27 24
8 25 5 8 13 14 10 19 16 14 16 8
8 26 89 82 82 88 84 85 78 84 83 79
8 27 1 2 2 12 15 1 15 3 13 5
8 28 51 52 48 56 51 50 46 48 57 52
8 29 83 77 76 81 86 82 74 74 74 79
8 30 0 2 15 9 7 8 2 12 0 2
8 31 88 89 83 78 88 82 83 86 80 85
8 32 62 58 63 58 57 64 59 59 62 59
8 33 78 71 72 75 68 69 72 77 67 75
8 34 67 68 62 63 67 71 63 57 60 63
8 35 19 19 22 21 29 23 31 21 26 26
8 36 68 60 63 58 60 69 70 61 58 58
8 37 62 58 66 54 62 63 66 62 57 63
8 38 50 56 46 55 50 47 48 49 48 44
8 39 44 38 46 45 44 42 52 48 51 50
8 40 79 72 82 71 70 72 76 72 74 74
8 41 58 60 49 55 54 59 62 54 58 53
8 42 31 32 33 38 29 29 31 36 26 38
8 43 33 31 35 35 34 37 40 28 28 28
8 44 39 47 47 40 45 35 44 46 35 40
8 45 18 19 17 24 26 22 18 21 16 28
8 46 93 93 94 91 89 91 83 94 90 89
8 47 10 19 23 18 21 13 17 18 15 19
9 10 73 65 72 63 68 68 67 63 76 77
9 11 84 78 79 76 78 73 77 79 85 82
9 12 13 13 11 16 25 24 12 12 15 15
9 13 69 66 62 66 72 72 65 58 68 72
9 14 23 20 22 30 34 22 31 24 29 27
9 15 87 82 86 80 76 75 87 77 77 80
9 16 11 9 22 21 13 11 11 21 9 21
9 17 65 61 63 65 67 55 55 56 56 65
9 18 95 87 91 88 91 93 93 89 90 85
9 19 76 74 75 66 72 75 77 69 69 75
9 20 33 33 40 36 34 40 36 29 39 31
9 21 52 49 55 52 54 49 45 49 55 58
9 22 19 25 24 29 16 22 29 17 16 29
9 23 98 93 90 93 90 95 91 90 90 86
9 24 11 22 11 11 18 15 22 18 14 19
9 25 66 64 61 61 70 58 60 61 59 67
9 26 3 8 15 5 17 11 15 7 4 8
9 27 9 11 8 10 9 22 14 10 20 15
9 28 55 53 48 52 48 59 53 58 54 50
9 29 21 21 31 25 24 32 27 29 24 27
9 30 27 33 30 37 33 31 28 26 32 33
9 31 59 58 51 64 56 53 60 51 52 56
9 32 27 28 36 37 37 26 36 33 30 29
9 33 31 35 36 29 27 39 30 31 36 27
9 34 57 49 49 53 49 62 51 58 63 55
9 35 22 29 20 29 33 19 28 20 22 20
9 36 76 74 76 74 69 77 69 72 70 67
9 37 38 37 45 47 41 46 38 40 45 41
9 38 38 42 33 37 40 40 39 39 45 37
9 39 5 18 17 11 4 17 12 9 12 16
9 40 6 14 7 13 18 17 18 12 11 17
9 41 99 89 92 97 96 93 85 88 84 91
9 42 80 81 82 82 75 75 76 75 75 71
9 43 38 37 38 33 42 36 35 40 40 33
9 44 89 83 80 76 90 82 80 90 79 90
9 45 20 18 30 17 21 26 31 28 26 30
9 46 68 59 65 58 63 66 60 65 67 63
9 47 2 11 12 8 16 5 2 6 9 14
10 11 97 89 88 94 90 95 96 95 82 92
10 12 84 75 77 81 78 81 81 72 77 79
10 13 52 58 52 45 51 55 47 57 55 49
10 14 13 14 21 14 21 24 21 21 22 16
10 15 20 23 21 31 19 20 28 19 28 28
10 16 60 56 55 65 61 59 55 52 53 60
10 17 13 23 15 26 26 25 26 25 17 20
10 18 11 14 13 20 16 17 14 24 24 17
10 19 9 17 12 20 19 20 15 16 14 10
10 20 46 39 51 46 49 50 47 52 40 41
10 21 95 84 86 87 81 93 83 84 84 90
10 22 9 13 10 8 17 19 10 11 11 11
10 23 7 8 20 9 8 12 15 12 12 7
10 24 63 66 55 58 56 67 61 61 68 64
10 25 32 38 37 34 30 34 41 42 42 38
10 26 36 41 40 37 35 45 40 39 34 45
10 27 5 13 18 10 12 13 8 12 8 7
10 28 98 95 94 92 96 87 84 84 96 92
10 29 56 52 59 48 51 54 51 49 58 60
10 30 4 8 13 15 13 12 17 18 7 14
10 31 10 10 14 15 22 10 21 10 21 12
10 32 79 81 81 81 74 70 70 77 74 67
10 33 21 21 33 29 28 26 19 19 28 21
10 34 13 18 11 21 15 19 23 11 14 17
10 35 40 43 45 35 48 47 39 46 40 44
10 36 51 57 51 50 49 50 52 57 51 48
10 37 32 30 36 32 28 35 41 33 41 29
10 38 85 77 77 76 73 80 86 73 79 81
10 39 97 86 97 97 90 85 85 90 83 91
10 40 11 22 22 10 20 20 17 16 24 17
10 41 3 4 7 13 10 17 13 16 11 14
10 42 72 64 67 67 74 61 69 73 69 67
10 43 55 50 56 47 50 52 60 59 56 47
10 44 57 55 63 54 57 61 49 50 57 58
10 45 14 21 16 23 26 22 17 26 22 18
10 46 93 83 82 89 92 88 91 90 86 82
10 47 12 16 20 18 15 15 15 18 20 15
11 12 74 65 68 66 74 68 76 73 71 73
11 13 28 37 26 29 39 33 35 32 38 32
11 14 63 66 67 56 67 68 61 67 68 62
11 15 77 66 74 76 78 77 66 76 75 78
11 16 39 37 35 44 38 37 39 38 38 46
11 17 56 55 54 50 62 50 57 62 54 56
11 18 69 62 67 68 59 65 64 71 71 65
11 19 41 50 35 39 36 46 45 47 40 37
11 20 85 83 74 84 79 81 85 78 76 81
11 21 48 54 52 48 45 50 46 44 45 54
11 22 91 92 80 81 82 88 80 87 82 89
11 23 48 42 55 52 51 54 43 48 55 46
11 24 69 63 61 65 69 63 58 59 66 67
11 25 44 45 42 43 41 47 40 44 44 52
11 26 12 21 13 13 16 21 18 14 16 14
11 27 78 78 70 78 75 68 68 70 75 67
11 28 52 56 56 46 46 54 46 45 48 49
11 29 15 20 22 23 21 13 20 24 15 25
11 30 79 79 72 75 73 76 69 69 68 73
11 31 66 69 70 59 57 59 63 62 57 62
11 32 4 17 15 6 14 5 10 8 13 12
11 33 71 65 64 75 64 66 61 73 73 61
11 34 80 79 78 75 74 70 75 82 74 78
11 35 97 92 95 87 88 85 83 94 96 86
11 36 43 50 49 44 41 38 41 50 42 44
11 37 57 56 59 51 59 57 62 61 56 57
11 38 58 53 52 64 54 60 51 53 55 52
11 39 28 31 37 38 24 33 35 36 37 37
11 40 25 36 31 33 33 27 29 31 36 31
11 41 46 45 44 52 50 44 40 48 43 46
11 42 14 13 14 23 17 18 12 13 15 22
11 43 42 50 41 36 46 40 40 45 39 40
11 44 43 49 44 50 45 42 38 40 48 47
11 45 7 19 13 12 7 17 13 13 20 17
11 46 66 69 60 62 64 66 57 64 64 67
11 47 40 43 38 37 48 43 40 43 47 44
12 13 71 66 69 67 70 63 72 68 69 67
12 14 69 70 70 66 59 68 63 70 67 62
12 15 45 40 39 40 51 47 41 49 46 41
12 16 69 68 70 66 67 71 61 63 63 69
12 17 38 37 43 39 37 40 33 38 35 47
12 18 62 61 65 55 64 67 64 58 66 63
12 19 59 54 53 52 56 52 58 55 61 65
12 20 61 60 65 59 66 60 56 64 62 53
12 21 24 30 32 23 23 29 22 33 23 31
12 22 67 64 62 70 69 64 67 70 72 72
12 23 85 81 77 87 78 77 82 85 80 86
12 24 19 17 22 18 20 23 29 19 24 19
12 25 6 14 10 12 7 10 9 16 8 8
12 26 56 52 60 58 59 48 59 52 55 55
12 27 9 17 12 10 19 10 9 18 11 22
12 28 86 83 81 78 86 84 84 82 75 75
12 29 65 70 60 64 60 62 67 67 62 58
12 30 60 59 51 62 56 59 52 59 53 61
12 31 57 56 53 61 63 57 53 61 54 49
12 32 40 43 46 35 40 45 44 46 42 37
12 33 85 82 73 81 81 84 86 76 75 81
12 34 27 37 28 33 29 32 32 29 33 26
12 35 78 74 75 77 71 73 71 69 75 77
12 36 14 26 25 26 23 14 19 19 12 25
12 37 57 62 49 52 55 59 62 60 56 57
12 38 89 80 85 81 77 85 77 81 79 84
12 39 17 17 24 28 16 18 16 19 29 27
12 40 20 31 27 24 26 25 18 18 18 22
12 41 76 71 75 73 75 68 70 66 69 66
12 42 8 9 9 8 15 21 18 10 10 7
12 43 24 35 35 29 28 29 33 24 31 32
12 44 87 80 86 82 86 88 75 85 86 88
12 45 30 30 28 32 40 36 31 28 31 35
12 46 48 42 44 48 52 43 41 53 47 52
12 47 35 44 36 40 33 35 38 32 44 40
13 14 98 91 90 89 93 86 97 85 88 97
13 15 19 20 21 31 31 20 30 21 29 17
13 16 50 52 53 47 54 49 43 44 51 53
13 17 16 19 26 20 16 24 23 28 19 27
13 18 39 45 35 44 41 41 36 46 41 44
13 19 7 12 15 15 7 13 21 15 11 20
13 20 92 88 87 88 87 79 82 91 90 86
13 21 73 75 74 72 68 66 73 66 73 75
13 22 42 43 40 38 41 46 35 43 43 43
13 23 87 85 81 86 84 82 86 80 82 78
13 24 33 30 37 34 32 42 34 43 42 34
13 25 52 49 55 54 57 50 46 58 50 46
13 26 37 31 36 40 33 36 34 36 41 42
13 27 86 87 82 81 79 76 85 87 81 81
13 28 45 44 40 50 53 43 51 48 49 39
13 29 61 59 61 66 56 61 57 55 55 66
13 30 63 56 54 60 63 58 59 60 54 64
13 31 3 13 14 8 10 15 13 5 10 14
13 32 32 37 38 38 34 35 38 28 29 29
13 33 3 15 6 4 14 8 9 13 17 13
13 34 30 28 30 37 37 34 36 26 36 40
13 35 63 55 67 58 68 68 66 68 63 65
13 36 61 66 54 63 62 65 63 61 58 66
13 37 27 28 27 30 37 29 24 33 29 30
13 38 72 69 65 62 69 69 72 71 73 73
13 39 87 87 85 78 83 77 79 84 84 86
13 40 16 27 14 24 16 19 15 14 27 19
13 41 63 67 60 61 56 58 66 62 63 63
13 42 42 42 44 50 50 48 41 50 49 38
13 43 27 31 31 30 34 27 25 36 28 33
13 44 32 35 29 30 42 39 30 30 33 32
13 45 47 53 44 46 42 47 42 46 52 45
13 46 19 29 23 17 18 23 28 28 20 18
13 47 81 75 69 83 83 82 81 76 75 75
14 15 94 90 89 87 92 94 85 92 82 87
14 16 85 83 85 85 77 81 86 86 83 86
14 17 28 34 38 25 31 24 28 36 32 26
14 18 83 82 82 76 80 75 78 74 83 78
14 19 8 19 11 11 15 8 11 16 12 9
14 20 72 72 67 62 64 70 63 65 69 70
14 21 9 21 18 20 11 13 20 10 20 10
14 22 43 42 40 45 38 40 46 50 48 39
14 23 19 28 18 16 30 28 31 30 17 29
14 24 91 78 91 90 83 80 87 81 92 79
14 25 30 30 34 34 33 32 32 37 28 33
14 26 23 25 20 19 23 27 25 32 20 25
14 27 6 15 6 6 6 11 7 14 13 8
14 28 39 43 44 41 45 43 42 39 36 42
14 29 6 7 10 17 13 15 5 12 13 17
14 30 38 34 41 36 41 46 39 41 35 33
14 31 21 29 29 26 19 23 30 27 32 19
14 32 14 13 14 22 18 14 21 15 12 13
14 33 53 52 56 56 59 46 49 57 59 58
14 34 95 94 82 88 83 93 84 85 88 82
14 35 77 72 66 79 73 80 78 77 77 69
14 36 5 8 8 10 16 11 12 8 12 8
14 37 54 55 46 51 56 46 60 51 48 48
14 38 70 67 69 74 73 74 63 71 66 70
14 39 59 59 52 53 62 62 58 55 52 52
14 40 58 50 53 52 61 52 54 55 58 52
14 41 31 27 32 36 28 26 28 37 28 27
14 42 71 64 65 73 73 63 70 67 63 71
14 43 16 25 20 24 19 18 27 16 24 27
14 44 81 71 79 76 83 79 82 82 79 73
14 45 96 93 85 86 92 84 93 83 91 90
14 46 69 71 58 64 62 60 70 69 61 69
14 47 78 75 73 72 68 78 73 70 72 70
15 16 0 7 3 0 12 13 11 9 14 8
15 17 70 70 64 64 62 68 62 69 70 64
15 18 35 36 32 42 34 31 35 42 44 44
15 19 93 82 87 93 92 85 83 84 84 85
15 20 14 25 23 16 23 23 21 20 16 19
15 21 70 69 69 71 65 70 60 69 66 65
15 22 34 32 35 36 38 33 35 41 30 42
15 23 41 46 40 45 45 36 36 45 48 48
15 24 0 10 1 6 13 14 10 7 14 3
15 25 37 38 44 33 43 42 43 33 32 40
15 26 38 41 34 33 46 37 39 43 39 39
15 27 18 27 20 27 24 19 16 27 25 22
15 28 7 8 17 19 6 11 7 10 19 15
15 29 66 69 64 69 57 71 63 68 60 63
15 30 48 41 50 46 51 46 52 46 47 51
15 31 80 73 70 81 68 71 70 68 76 69
15 32 83 73 73 77 71 72 78 83 81 74
15 33 64 57 63 62 69 56 69 66 58 64
15 34 49 45 56 50 46 45 49 55 54 46
15 35 73 74 63 66 75 69 65 65 75 70
15 36 23 31 33 31 34 31 34 33 30 21
15 37 70 75 60 63 64 61 71 60 65 62
15 38 66 70 69 70 65 58 70 71 58 62
15 39 36 35 35 44 40 31 43 44 31 34
15 40 45 40 40 46 47 44 47 52 50 46
15 41 9 15 23 12 19 18 22 22 20 15
15 42 26 23 31 35 26 37 27 35 36 24
15 43 66 65 57 70 64 65 69 65 65 70
15 44 27 29 27 29 30 27 25 31 32 26
15 45 0 8 11 9 8 15 12 9 6 14
15 46 36 31 42 37 37 44 41 32 35 44
15 47 7 13 9 20 17 10 11 12 20 11
16 17 50 44 55 52 43 51 56 44 46 55
16 18 31 29 31 33 35 36 30 37 27 34
16 19 30 27 37 32 36 33 26 37 35 40
16 20 82 70 74 75 76 71 74 70 79 77
16 21 62 66 66 56 56 67 66 64 61 61
16 22 13 16 16 14 23 13 21 21 16 23
16 23 70 63 68 65 68 70 62 72 61 68
16 24 4 5 5 13 10 10 7 12 16 8
16 25 33 42 42 33 35 43 34 28 40 33
16 26 71 60 61 64 70 71 72 62 69 72
16 27 76 77 69 66 77 69 71 66 75 69
16 28 42 38 41 42 38 42 43 44 37 48
16 29 15 20 22 21 21 19 27 17 21 19
16 30 11 20 11 22 19 12 12 9 18 19
16 31 28 24 32 33 38 30 35 29 28 28
16 32 24 21 28 34 35 30 25 29 23 29
16 33 9 18 9 8 10 21 11 15 8 17
16 34 94 85 93 93 91 88 91 80 82 82
16 35 77 73 77 69 65 76 76 69 78 70
16 36 74 77 69 76 70 70 69 77 72 73
16 37 87 88 77 83 88 79 87 89 83 80
16 38 41 38 45 44 37 46 41 36 39 47
16 39 71 63 66 67 62 71 72 63 67 70
16 40 19 19 22 28 21 22 30 20 25 16
16 41 38 41 42 35 47 38 33 46 36 42
16 42 58 60 63 63 58 49 61 59 52 57
16 43 42 37 46 43 40 50 44 43 48 37
16 44 98 91 98 93 98 94 88 85 84 91
16 45 12 22 22 24 13 19 21 14 24 12
16 46 10 21 16 17 15 12 17 10 16 23
16 47 72 65 72 63 66 63 74 63 62 72
17 18 71 71 67 64 74 66 66 70 63 75
17 19 44 49 50 44 48 41 50 47 40 47
17 20 42 37 49 37 41 46 36 38 49 46
17 21 34 35 33 39 42 30 33 29 40 44
17 22 57 59 60 50 52 58 63 55 55 58
17 23 99 90 99 96 97 92 97 92 85 95
17 24 20 24 30 26 29 24 21 24 18 17
17 25 85 79 86 82 76 78 76 86 72 81
17 26 88 87 85 89 80 90 78 85 82 77
17 27 94 80 84 84 89 86 85 80 80 80
17 28 28 27 35 28 27 38 35 34 26 31
17 29 6 10 14 18 7 14 19 11 5 7
17 30 73 68 72 70 72 72 76 75 65 64
17 31 82 80 81 81 81 85 79 75 75 84
17 32 1 13 14 4 5 4 9 4 1 4
17 33 57 56 58 60 55 60 49 60 52 49
17 34 91 86 90 85 83 84 89 78 88 90
17 35 8 18 16 17 8 20 20 20 13 17
17 36 33 39 36 40 37 37 34 39 41 37
17 37 52 50 53 46 48 52 50 49 54 51
17 38 39 39 38 40 42 36 44 36 45 37
17 39 66 61 63 63 56 58 69 62 68 67
17 40 42 46 41 46 47 40 48 41 39 46
17 41 97 95 85 97 83 93 89 96 85 94
17 42 37 43 38 36 43 38 39 43 42 44
17 43 20 27 22 25 29 30 18 29 25 23
17 44 40 43 41 42 41 45 36 42 47 44
17 45 99 84 93 86 96 86 92 93 98 97
17 46 49 47 52 45 46 49 46 43 53 55
17 47 45 42 48 45 38 45 49 39 46 45
18 19 48 44 48 43 49 53 54 46 45 55
18 20 5 18 14 5 11 9 9 6 6 6
18 21 57 49 60 53 59 59 62 59 51 49
18 22 98 86 84 97 84 93 91 95 94 87
18 23 22 29 26 19 27 24 30 22 26 31
18 24 75 71 69 78 73 78 66 70 66 69
18 25 14 25 21 23 20 23 22 14 15 16
18 26 29 38 38 26 38 31 27 32 36 36
18 27 42 42 41 42 50 38 36 42 39 43
18 28 40 46 46 48 39 41 35 42 48 42
18 29 78 68 67 72 67 79 73 78 80 78
18 30 48 41 41 48 43 43 54 52 50 52
18 31 23 25 28 26 33 22 24 29 22 27
18 32 63 54 66 65 54 64 54 64 67 68
18 33 69 73 67 59 68 71 64 65 68 67
18 34 39 46 40 37 36 38 40 38 40 43
18 35 49 42 42 55 55 42 47 45 44 45
18 36 26 37 28 34 28 22 29 34 25 37
18 37 74 77 72 67 67 70 67 77 78 67
18 38 43 44 49 46 46 51 48 45 39 49
18 39 50 56 56 47 51 47 44 46 52 53
18 40 42 44 43 37 36 47 36 45 35 49
18 41 63 59 68 56 62 60 58 66 61 64
18 42 17 28 16 29 24 26 26 19 15 20
18 43 46 45 47 50 45 47 51 49 44 44
18 44 36 36 43 31 42 40 36 38 44 35
18 45 60 52 60 57 52 52 53 55 65 61
18 46 98 92 96 92 93 93 95 94 93 87
18 47 90 90 84 84 85 78 77 90 88 81
19 20 25 24 27 33 24 33 22 22 32 33
19 21 91 89 85 81 79 84 83 91 92 81
19 22 57 53 61 61 50 49 50 63 60 57
19 23 42 43 39 41 50 45 49 37 39 47
19 24 8 10 13 18 15 19 18 16 17 17
19 25 69 62 72 59 68 70 62 64 70 66
19 26 67 63 72 63 70 61 67 60 61 66
19 27 99 86 99 98 85 92 99 90 86 89
19 28 92 93 81 83 89 86 79 82 84 85
19 29 49 46 55 46 53 43 48 49 49 44
19 30 17 25 18 18 18 27 21 15 20 29
19 31 20 23 19 28 29 17 19 31 22 22
19 32 29 39 31 36 27 32 32 38 35 36
19 33 14 12 19 13 16 26 16 24 15 20
19 34 53 59 60 55 60 47 46 56 50 59
19 35 21 25 26 30 24 28 32 26 29 30
19 36 31 30 37 31 32 39 27 32 36 40
19 37 3 11 17 10 6 10 3 15 12 8
19 38 9 8 19 15 22 18 13 22 16 9
19 39 12 14 14 18 15 19 14 13 11 15
19 40 58 62 58 57 62 63 54 57 63 52
19 41 4 4 15 5 17 17 13 4 14 9
19 42 49 53 51 44 52 55 54 43 49 54
19 43 32 33 32 32 40 35 32 31 34 37
19 44 32 41 38 39 32 30 35 35 35 38
19 45 24 26 29 29 26 28 24 32 26 29
19 46 52 45 53 45 53 57 51 46 53 47
19 47 83 84 80 82 84 85 75 85 81 80
20 21 62 58 65 62 53 54 62 63 66 65
20 22 70 71 73 74 68 73 74 62 70 63
20 23 80 76 71 77 72 70 81 71 77 74
20 24 1 12 15 12 2 13 3 12 10 5
20 25 25 25 26 32 31 27 23 27 33 36
20 26 16 15 27 17 27 20 21 16 16 25
20 27 55 52 49 51 51 51 55 56 60 58
20 28 5 14 18 15 9 13 7 13 19 18
20 29 69 73 59 59 59 60 72 72 67 63
20 30 55 58 51 61 50 60 50 52 57 59
20 31 52 54 47 46 50 55 48 52 55 52
20 32 16 27 23 18 21 26 18 19 18 18
20 33 74 72 70 69 65 68 64 76 67 69
20 34 96 89 89 93 89 85 94 94 90 90
20 35 20 30 18 30 21 20 26 30 31 22
20 36 6 11 16 18 18 10 20 17 11 11
20 37 75 75 73 73 68 72 73 78 67 75
20 38 70 69 64 63 61 67 71 63 60 68
20 39 98 88 93 93 88 91 87 89 98 92
20 40 83 84 81 74 79 77 74 83 71 72
20 41 5 7 16 17 6 10 15 6 12 6
20 42 97 93 86 95 93 87 94 83 93 88
20 43 22 19 32 27 22 31 26 20 29 20
20 44 63 59 59 69 65 64 56 56 60 63
20 45 76 69 72 74 76 75 68 76 64 75
20 46 21 18 31 32 31 29 20 23 26 21
20 47 86 78 76 73 82 76 79 85 78 76
21 22 73 66 77 72 73 62 71 72 64 67
21 23 86 77 87 87 79 85 87 82 84 82
21 24 84 74 85 78 80 78 73 79 81 86
21 25 88 81 79 84 83 81 77 90 76 78
21 26 98 88 86 95 89 89 85 93 95 95
21 27 23 24 21 23 31 23 31 31 28 27
21 28 77 66 73 73 73 78 79 73 79 68
21 29 60 57 63 54 60 64 62 60 62 62
21 30 88 75 78 86 75 78 75 76 77 87
21 31 88 79 89 83 80 82 78 76 78 87
21 32 17 22 21 29 23 26 27 21 21 19
21 33 33 35 28 32 41 34 37 39 41 28
21 34 76 67 70 76 75 74 72 78 69 66
21 35 3 16 15 4 17 15 13 14 7 9
21 36 78 80 81 77 76 76 68 67 71 81
21 37 53 49 48 50 49 46 57 49 52 53
21 38 92 79 91 92 80 89 79 85 78 83
21 39 17 21 20 23 20 21 23 21 18 25
21 40 11 22 16 10 14 15 17 11 17 14
21 41 78 79 81 80 71 68 77 71 71 80
21 42 73 75 71 75 63 73 65 63 68 71
21 43 28 27 38 27 37 33 36 28 37 27
21 44 85 83 79 76 76 86 80 78 87 75
21 45 27 36 36 28 30 32 31 38 28 24
21 46 48 54 47 51 55 44 52 46 46 51
21 47 46 43 43 53 40 45 52 50 41 50
22 23 17 27 28 25 23 28 20 15 21 28
22 24 48 47 49 45 48 42 51 48 55 52
22 25 96 91 83 85 85 87 88 92 94 87
22 26 37 37 33 37 45 46 38 43 45 42
22 27 53 46 45 55 58 46 49 51 59 45
22 28 71 69 62 73 69 71 68 70 68 68
22 29 43 45 50 46 46 49 44 40 37 46
22 30 15 26 22 25 16 14 20 14 25 16
22 31 58 50 58 60 53 55 61 61 54 52
22 32 0 9 3 13 11 15 0 15 14 2
22 33 43 45 43 50 39 43 45 40 39 38
22 34 11 18 18 23 14 17 16 15 21 12
22 35 38 45 46 44 32 40 37 32 36 41
22 36 67 58 69 63 59 59 66 66 65 63
22 37 34 40 31 31 37 43 30 36 37 42
22 38 88 78 83 76 86 80 83 82 81 84
22 39 90 80 76 85 77 76 83 85 90 80
22 40 17 23 20 28 15 14 28 26 27 16
22 41 68 72 69 68 60 59 69 66 61 59
22 42 68 59 61 68 67 64 60 65 69 59
22 43 31 35 39 30 29 31 38 32 37 29
22 44 67 60 62 70 59 62 69 59 60 62
22 45 42 42 40 48 43 48 49 41 45 40
22 46 64 68 68 69 64 69 54 67 65 65
22 47 21 21 27 32 19 25 31 26 23 31
23 24 87 84 79 88 81 78 85 81 80 80
23 25 70 64 71 66 67 68 70 68 68 74
23 26 16 23 22 27 22 25 16 26 22 26
23 27 75 71 66 66 76 70 71 66 65 75
23 28 95 84 82 89 93 91 88 91 87 83
23 29 89 87 91 77 85 83 78 85 86 85
23 30 84 75 75 84 82 85 84 76 77 84
23 31 97 87 84 95 91 88 96 96 96 84
23 32 80 72 70 83 82 76 77 69 69 83
23 33 74 64 67 68 77 76 70 70 72 66
23 34 31 27 38 37 36 30 34 32 34 30
23 35 45 51 43 50 43 51 46 52 44 53
23 36 71 70 62 62 64 60 70 63 65 68
23 37 77 79 79 74 72 69 72 76 79 73
23 38 74 64 73 75 65 73 75 66 65 72
23 39 33 40 41 43 43 42 39 28 39 41
23 40 36 33 32 33 41 33 43 40 38 43
23 41 10 13 9 17 8 15 9 19 21 14
23 42 6 18 17 13 13 18 12 6 9 11
23 43 43 37 48 40 41 40 42 47 46 43
23 44 3 9 8 13 14 18 7 5 9 7
23 45 10 10 10 18 14 21 20 11 21 10
23 46 3 4 8 4 9 6 9 8 8 10
23 47 25 25 22 32 32 26 27 35 29 29
24 25 5 19 16 11 6 13 8 14 16 19
24 26 94 86 94 88 82 81 90 92 90 80
24 27 15 21 21 13 18 13 17 17 24 14
24 28 35 36 36 44 39 41 40 34 36 32
24 29 66 71 58 65 71 70 64 70 67 62
24 30 35 41 43 31 33 40 32 36 41 34
24 31 58 58 55 51 53 60 61 58 51 59
24 32 6 9 19 15 14 16 8 6 14 7
24 33 30 26 31 28 34 36 29 40 27 30
24 34 82 80 84 75 84 71 72 81 82 76
24 35 99 86 85 89 93 96 99 90 96 96
24 36 42 43 46 48 41 43 41 45 42 51
24 37 77 74 76 72 76 77 71 72 67 71
24 38 70 71 61 66 70 64 67 64 71 71
24 39 9 12 16 16 13 16 19 23 16 12
24 40 13 13 15 23 19 14 20 19 22 26
24 41 66 70 58 63 69 60 67 70 64 60
24 42 92 80 83 79 78 89 86 80 82 78
24 43 20 26 17 23 21 28 23 19 21 28
24 44 1 1 4 7 15 4 2 9 6 14
24 45 21 25 25 20 32 28 24 22 19 19
24 46 15 16 22 21 26 20 25 26 19 20
24 47 80 74 72 78 74 73 77 72 68 74
25 26 36 42 41 41 34 39 40 32 35 31
25 27 17 22 21 22 24 19 19 15 25 21
25 28 55 59 52 60 50 55 57 57 58 47
25 29 10 22 19 20 16 19 20 22 19 16
25 30 36 40 33 44 34 32 41 36 37 42
25 31 45 50 51 46 44 44 51 50 47 47
25 32 15 17 20 26 14 26 18 14 27 22
25 33 37 44 35 40 44 36 42 37 40 39
25 34 44 52 49 48 40 41 39 48 43 48
25 35 28 37 33 37 35 36 29 35 34 39
25 36 75 69 71 65 73 73 73 68 70 76
25 37 53 49 55 46 56 49 60 48 59 60
25 38 26 37 24 33 28 34 30 33 36 28
25 39 63 58 59 55 65 65 67 65 59 54
25 40 32 38 28 38 40 41 27 37 41 41
25 41 76 69 66 78 77 73 69 72 73 66
25 42 47 49 49 41 46 45 51 51 44 43
25 43 83 84 71 77 81 74 73 81 85 72
25 44 56 50 59 50 48 49 61 52 56 47
25 45 16 22 20 17 27 27 13 23 22 17
25 46 19 19 17 22 21 19 27 20 19 19
25 47 98 91 97 93 98 94 95 84 87 85
26 27 66 63 58 69 69 60 66 66 61 67
26 28 45 53 51 49 45 39 50 53 46 41
26 29 22 19 22 28 23 23 25 32 29 29
26 30 94 84 90 88 95 81 91 83 83 85
26 31 56 55 52 51 56 51 48 55 58 61
26 32 66 71 58 67 60 66 69 56 63 65
26 33 22 25 20 21 21 27 32 30 33 20
26 34 23 20 26 29 29 26 31 32 25 26
26 35 24 26 22 25 30 29 31 27 33 30
26 36 79 69 71 71 79 69 74 81 81 69
26 37 12 11 21 12 15 16 16 15 12 13
26 38 85 76 87 74 73 86 75 76 83 75
26 39 93 87 87 89 84 88 94 90 89 85
26 40 14 25 22 20 22 24 23 27 27 27
26 41 39 40 44 34 36 33 43 36 41 43
26 42 84 86 81 82 72 82 74 79 82 78
26 43 41 44 44 43 36 48 42 42 45 36
26 44 66 62 67 64 64 67 70 61 66 61
26 45 7 18 21 21 14 17 13 15 11 13
26 46 73 73 67 68 64 65 66 73 66 71
26 47 43 48 44 50 37 42 37 48 40 42
27 28 9 19 11 16 17 15 9 16 13 10
27 29 45 39 50 52 52 46 42 49 47 44
27 30 23 22 28 23 30 26 29 20 24 32
27 31 48 47 44 50 53 45 43 44 47 52
27 32 40 39 37 40 38 44 42 44 39 48
27 33 41 41 39 49 49 43 39 38 41 41
27 34 77 67 66 80 69 72 79 77 73 70
27 35 99 95 87 86 85 89 86 85 99 87
27 36 19 31 20 17 26 20 31 22 21 18
27 37 50 55 50 57 50 54 49 55 48 47
27 38 30 36 36 38 31 38 36 28 38 35
27 39 54 53 61 47 57 53 51 55 54 48
27 40 69 71 73 66 68 72 64 61 66 65
27 41 69 65 67 70 61 59 69 67 72 72
27 42 52 48 52 56 51 49 53 49 59 48
27 43 28 33 33 38 29 28 29 27 24 30
27 44 58 52 52 61 51 57 63 60 64 56
27 45 24 34 31 33 23 27 27 31 27 34
27 46 21 22 23 25 27 30 27 25 22 21
27 47 27 29 34 30 34 31 27 36 28 25
28 29 94 82 92 92 93 92 85 92 80 82
28 30 76 65 78 78 78 66 72 70 67 74
28 31 35 40 35 41 40 30 38 30 35 43
28 32 3 3 15 16 15 10 16 13 7 12
28 33 30 28 30 39 27 38 32 29 31 38
28 34 22 27 23 28 32 32 32 20 22 20
28 35 92 93 86 85 93 87 91 80 92 87
28 36 67 59 69 69 69 63 65 68 59 70
28 37 25 27 27 22 22 34 33 35 34 24
28 38 16 15 25 15 25 25 15 17 24 20
28 39 38 39 43 38 44 35 39 39 39 41
28 40 99 86 84 86 86 92 95 84 92 96
28 41 44 48 42 40 38 47 49 39 51 38
28 42 46 46 39 47 46 42 52 45 54 43
28 43 37 39 43 45 33 43 40 34 43 32
28 44 42 44 35 39 48 36 36 42 44 40
28 45 45 45 48 41 39 44 50 38 42 39
28 46 69 70 72 65 67 62 72 71 69 69
28 47 34 33 41 36 33 32 38 36 29 36
29 30 79 72 74 71 81 79 73 69 75 68
29 31 72 65 62 65 72 71 66 62 75 67
29 32 68 65 66 60 65 59 69 67 65 63
29 33 93 92 80 88 82 81 81 81 93 81
29 34 76 77 72 78 79 74 66 80 76 73
29 35 36 36 40 32 39 37 35 34 40 44
29 36 61 55 65 56 56 65 62 53 64 62
29 37 63 54 67 61 63 68 68 66 60 59
29 38 86 83 81 87 82 76 81 84 84 87
29 39 69 67 67 73 72 72 59 64 68 69
29 40 15 15 25 17 25 14 25 24 21 20
29 41 89 84 85 83 87 80 80 79 84 77
29 42 17 27 21 14 17 22 29 16 17 27
29 43 20 17 23 26 18 17 28 21 31 21
29 44 47 43 47 54 46 52 53 41 47 42
29 45 66 56 68 65 57 69 68 70 62 63
29 46 1 13 11 4 15 5 6 12 7 8
29 47 20 26 26 26 31 21 28 20 22 29
30 31 50 51 45 53 52 49 56 53 50 49
30 32 14 16 26 23 12 24 22 24 22 25
30 33 52 48 56 48 53 53 46 46 52 58
30 34 56 60 54 48 52 48 61 59 49 62
30 35 82 73 80 77 82 83 72 77 80 71
30 36 4 10 14 11 14 4 16 4 14 5
30 37 47 41 48 44 51 46 54 44 54 53
30 38 93 92 88 80 87 84 82 92 87 84
30 39 17 23 14 28 28 28 27 24 15 24
30 40 8 17 10 17 14 11 19 18 15 9
30 41 51 54 44 51 54 44 50 53 51 44
30 42 19 26 29 29 30 17 21 16 22 29
30 43 46 52 48 52 49 40 46 50 46 43
30 44 34 35 30 32 38 42 34 30 33 33
30 45 86 82 80 73 88 73 78 85 80 81
30 46 82 70 74 71 83 83 78 73 84 82
30 47 41 46 41 38 39 48 39 45 37 48
31 32 75 72 77 69 65 70 76 72 71 75
31 33 85 79 85 73 84 73 82 77 79 81
31 34 40 44 35 45 36 35 38 39 34 41
31 35 15 24 26 22 15 26 26 19 27 27
31 36 96 93 96 89 87 91 87 82 93 92
31 37 91 77 83 79 83 87 79 90 85 80
31 38 36 43 40 41 38 44 31 34 42 42
31 39 86 79 86 82 86 80 77 73 80 86
31 40 24 22 24 30 25 29 23 27 23 27
31 41 99 94 92 91 92 98 88 89 91 85
31 42 8 9 12 15 15 16 8 18 14 14
31 43 6 15 13 18 9 17 6 12 14 16
31 44 53 51 46 59 46 47 52 54 50 57
31 45 90 80 84 79 89 79 87 86 82 82
31 46 62 61 67 65 61 62 54 62 67 61
31 47 0 1 10 1 13 1 2 0 1 2
32 33 98 85 84 91 91 95 98 83 92 88
32 34 68 69 71 68 68 72 63 59 72 61
32 35 6 16 16 16 20 6 14 6 17 14
32 36 40 45 37 45 44 35 38 44 47 46
32 37 13 20 18 13 20 17 23 18 17 21
32 38 62 54 67 66 64 54 64 63 56 61
32 39 56 52 60 57 54 51 54 52 59 53
32 40 73 65 72 68 73 74 67 69 73 71
32 41 18 29 29 25 26 23 27 20 27 20
32 42 32 33 40 40 39 42 37 30 34 32
32 43 45 43 51 40 45 42 51 40 46 43
32 44 81 79 70 76 70 77 81 73 70 70
32 45 79 73 74 70 70 76 71 77 75 72
32 46 68 69 65 72 64 59 61 64 62 63
32 47 36 39 43 31 45 45 43 43 32 41
33 34 35 38 43 32 40 39 41 30 33 30
33 35 50 57 45 52 49 57 53 55 53 47
33 36 51 47 47 46 50 58 57 51 52 47
33 37 35 33 39 30 42 39 44 33 33 34
33 38 96 84 94 87 96 87 83 97 86 90
33 39 34 41 31 41 39 31 38 33 30 33
33 40 58 50 55 57 63 55 51 53 62 57
33 41 91 86 91 78 87 88 81 79 89 82
33 42 86 75 83 81 88 75 76 82 87 82
33 43 29 25 28 32 37 38 28 39 29 37
33 44 13 22 16 25 16 12 18 15 20 25
33 45 47 44 43 50 52 40 41 42 43 43
33 46 13 16 24 24 21 11 16 24 21 12
33 47 74 76 76 63 68 73 77 74 70 67
34 35 21 28 28 31 27 19 19 18 19 28
34 36 28 31 37 32 26 31 34 35 37 34
34 37 78 71 79 68 70 74 79 73 69 76
34 38 67 69 71 65 62 69 61 72 59 70
34 39 35 39 41 35 40 40 40 39 30 35
34 40 18 16 21 17 19 21 16 19 25 19
34 41 93 88 92 83 92 84 90 80 86 87
34 42 22 22 34 24 32 19 31 23 22 23
34 43 75 64 65 65 66 78 71 73 65 64
34 44 19 28 28 24 26 23 27 18 29 26
34 45 43 45 41 45 38 46 43 47 41 46
34 46 32 34 41 37 35 40 38 31 41 34
34 47 43 51 41 40 41 47 43 49 42 38
35 36 71 75 62 74 67 67 75 70 69 70
35 37 85 88 77 75 85 77 76 78 76 76
35 38 90 83 84 78 78 88 78 91 79 88
35 39 71 65 70 75 62 69 72 64 68 66
35 40 31 35 31 32 27 31 30 27 31 29
35 41 85 81 72 72 81 72 77 84 75 82
35 42 84 80 73 81 80 82 76 86 86 82
35 43 33 39 37 40 28 38 36 39 31 31
35 44 19 25 17 19 24 28 17 31 19 30
35 45 55 54 55 59 52 58 57 47 50 50
35 46 46 48 48 50 45 53 42 47 51 48
35 47 13 21 20 21 23 13 16 21 22 24
36 37 63 55 56 61 54 55 55 64 58 66
36 38 62 64 67 66 58 66 53 54 61 57
36 39 92 86 88 93 87 79 86 82 89 84
36 40 80 72 72 76 83 79 75 79 83 69
36 41 65 61 60 63 68 64 61 66 64 70
36 42 39 42 38 43 42 47 33 44 34 44
36 43 68 72 68 69 63 59 64 62 58 67
36 44 55 49 52 47 54 57 57 58 56 60
36 45 12 13 16 21 22 19 17 13 21 15
36 46 9 14 21 18 10 16 21 14 17 17
36 47 85 74 78 82 81 86 86 74 73 85
37 38 19 20 26 20 16 24 18 30 28 24
37 39 37 46 35 42 40 41 35 42 42 37
37 40 87 81 74 85 78 86 85 85 81 81
37 41 14 22 23 23 24 24 25 12 16 21
37 42 31 31 39 30 38 37 29 26 31 38
37 43 31 31 31 37 34 27 34 29 40 38
37 44 0 8 12 11 2 4 7 2 6 11
37 45 54 55 50 49 51 49 50 47 54 51
37 46 65 62 57 55 65 66 68 55 69 69
37 47 93 83 83 93 92 93 81 87 79 81
38 39 38 47 43 38 47 44 39 41 35 43
38 40 92 82 91 84 92 88 81 89 87 90
38 41 59 53 64 61 60 65 51 56 55 65
38 42 32 35 29 39 28 37 32 34 35 42
38 43 95 95 88 91 92 92 89 91 92 90
38 44 65 64 66 62 62 59 64 56 56 59
38 45 8 17 19 12 12 15 11 20 17 10
38 46 91 91 82 82 78 78 83 80 80 87
38 47 65 62 64 58 62 64 56 59 70 58
39 40 18 16 18 21 22 26 26 18 24 17
39 41 14 14 12 26 26 13 19 23 24 17
39 42 93 87 85 83 92 93 91 88 85 86
39 43 62 53 57 56 61 64 61 65 57 54
39 44 4 7 7 11 9 15 4 9 16 17
39 45 55 47 60 57 58 58 49 61 47 60
39 46 71 68 63 63 70 67 61 67 66 66
39 47 53 46 53 48 55 53 55 54 60 51
40 41 84 76 76 77 80 83 79 82 76 74
40 42 31 36 30 39 32 39 30 39 30 28
40 43 94 89 92 81 90 80 84 90 81 84
40 44 52 53 55 50 51 53 47 59 45 51
40 45 82 79 74 76 81 72 73 77 79 76
40 46 28 38 26 26 38 38 35 29 38 34
40 47 74 67 73 72 64 68 75 63 77 77
41 42 51 47 54 45 52 56 54 51 46 50
41 43 14 24 12 15 17 23 19 14 16 21
41 44 25 22 32 29 27 23 35 34 23 28
41 45 61 55 65 59 60 57 53 60 64 66
41 46 29 37 27 38 26 27 32 35 40 30
41 47 50 57 48 57 47 44 44 57 43 45
42 43 52 53 52 54 55 55 45 48 45 48
42 44 34 36 29 33 29 38 43 31 40 33
42 45 91 79 86 92 84 91 86 79 82 80
42 46 34 36 38 37 29 43 41 35 33 30
42 47 7 8 9 16 14 14 12 8 20 6
43 44 84 83 86 80 78 72 74 83 77 72
43 45 61 64 58 62 64 64 59 59 61 67
43 46 34 40 37 29 42 35 29 33 30 42
43 47 69 67 65 70 73 69 66 62 60 67
44 45 54 50 51 51 59 58 58 58 49 50
44 46 73 70 75 75 66 68 69 69 77 62
44 47 56 49 50 61 51 58 63 56 48 50
45 46 34 34 34 38 36 31 42 29 39 42
45 47 85 87 80 82 79 83 84 80 83 82
46 47 81 72 80 75 79 69 79 77 83 70
