22 3
0.5 0.5 0.0 
0 1 15 75 82
0 2 74 29 35
0 3 49 50 52
0 4 59 35 44
0 5 61 43 39
0 6 2 95 95
0 7 11 89 84
0 8 29 67 73
0 9 86 25 22
0 10 9 80 86
0 11 90 18 10
0 12 48 55 53
0 13 17 75 84
0 14 43 58 61
0 15 20 70 73
0 16 10 88 82
0 17 2 95 83
0 18 26 71 68
0 19 46 56 46
0 20 40 55 62
0 21 5 80 88
1 2 17 79 74
1 3 26 70 66
1 4 90 18 8
1 5 51 55 51
1 6 87 15 17
1 7 97 8 16
1 8 13 87 73
1 9 24 78 75
1 10 30 70 68
1 11 56 51 45
1 12 23 76 76
1 13 64 43 33
1 14 72 35 29
1 15 58 37 43
1 16 25 69 73
1 17 51 43 41
1 18 79 26 22
1 19 76 34 33
1 20 44 59 60
1 21 77 29 27
2 3 50 42 43
2 4 37 62 65
2 5 8 88 84
2 6 69 32 28
2 7 76 33 28
2 8 60 36 36
2 9 82 18 24
2 10 23 68 73
2 11 19 83 82
2 12 6 79 80
2 13 51 41 50
2 14 5 90 88
2 15 6 81 84
2 16 96 13 12
2 17 58 48 44
2 18 53 50 52
2 19 40 53 60
2 20 88 19 18
2 21 35 68 69
3 4 13 75 77
3 5 95 10 16
3 6 38 57 64
3 7 2 94 95
3 8 92 13 20
3 9 25 71 66
3 10 3 85 95
3 11 4 95 85
3 12 65 41 40
3 13 25 65 66
3 14 42 54 63
3 15 98 4 2
3 16 14 73 73
3 17 77 22 19
3 18 3 85 91
3 19 99 10 13
3 20 93 9 7
3 21 49 46 48
4 5 22 70 66
4 6 29 62 61
4 7 61 39 44
4 8 41 53 50
4 9 24 71 65
4 10 75 34 30
4 11 10 79 79
4 12 41 61 51
4 13 32 70 58
4 14 29 74 63
4 15 86 17 12
4 16 97 9 16
4 17 37 62 57
4 18 91 12 17
4 19 92 14 15
4 20 93 12 18
4 21 63 32 33
5 6 55 48 40
5 7 30 70 59
5 8 5 89 88
5 9 56 51 50
5 10 16 73 82
5 11 42 54 50
5 12 96 14 13
5 13 18 79 74
5 14 22 79 74
5 15 87 20 22
5 16 14 81 81
5 17 67 35 31
5 18 78 27 23
5 19 54 53 43
5 20 25 69 66
5 21 28 64 73
6 7 9 89 89
6 8 85 26 26
6 9 37 54 60
6 10 4 84 88
6 11 80 22 21
6 12 66 38 29
6 13 2 85 94
6 14 25 67 67
6 15 37 61 59
6 16 18 78 78
6 17 26 73 73
6 18 80 18 25
6 19 58 38 48
6 20 98 11 3
6 21 83 20 21
7 8 31 63 58
7 9 39 55 57
7 10 86 17 25
7 11 53 54 50
7 12 70 26 36
7 13 51 51 41
7 14 30 67 62
7 15 99 5 13
7 16 67 37 41
7 17 17 70 73
7 18 38 56 53
7 19 93 7 9
7 20 64 33 37
7 21 9 91 83
8 9 69 36 34
8 10 18 70 73
8 11 23 73 66
8 12 93 17 19
8 13 5 84 88
8 14 47 46 50
8 15 92 17 15
8 16 59 45 47
8 17 85 18 18
8 18 3 82 93
8 19 81 29 24
8 20 95 5 12
8 21 6 89 94
9 10 47 48 54
9 11 9 91 78
9 12 18 81 69
9 13 25 75 69
9 14 87 24 11
9 15 3 93 87
9 16 47 49 57
9 17 68 30 37
9 18 37 66 54
9 19 66 29 32
9 20 98 12 15
9 21 38 53 60
10 11 4 95 90
10 12 71 29 27
10 13 64 34 32
10 14 31 65 68
10 15 48 47 58
10 16 45 47 56
10 17 11 77 78
10 18 0 96 92
10 19 32 59 67
10 20 46 55 51
10 21 59 44 41
11 12 29 70 73
11 13 76 26 30
11 14 67 36 41
11 15 26 64 66
11 16 4 92 95
11 17 67 27 34
11 18 97 13 13
11 19 33 70 69
11 20 19 74 78
11 21 94 12 17
12 13 51 49 49
12 14 10 83 78
12 15 2 83 87
12 16 41 61 54
12 17 30 69 72
12 18 74 32 29
12 19 11 89 79
12 20 93 13 10
12 21 70 36 36
13 14 91 11 12
13 15 75 33 25
13 16 50 54 54
13 17 81 23 26
13 18 38 65 64
13 19 9 80 89
13 20 3 95 89
13 21 9 77 86
14 15 21 72 72
14 16 86 16 21
14 17 66 43 41
14 18 52 41 47
14 19 56 40 48
14 20 51 42 46
14 21 14 84 84
15 16 84 23 20
15 17 69 30 31
15 18 5 83 86
15 19 64 35 43
15 20 83 19 22
15 21 57 48 43
16 17 27 71 70
16 18 38 59 52
16 19 22 75 78
16 20 41 58 62
16 21 92 16 15
17 18 36 54 54
17 19 2 97 96
17 20 13 79 77
17 21 12 79 79
18 19 92 7 10
18 20 39 65 59
18 21 10 76 84
19 20 93 16 15
19 21 36 62 59
20 21 55 40 52
