42 3
0.5 0.5 0.0 
0 1 77 50 83
0 2 18 92 51
0 3 42 48 66
0 4 77 35 70
0 5 37 74 38
0 6 59 48 79
0 7 83 45 79
0 8 2 98 44
0 9 10 63 66
0 10 51 11 67
0 11 61 79 83
0 12 15 48 87
0 13 98 62 79
0 14 45 57 90
0 15 51 36 78
0 16 54 76 12
0 17 13 56 68
0 18 91 42 31
0 19 79 34 38
0 20 23 47 64
0 21 19 86 79
0 22 47 81 27
0 23 67 19 37
0 24 96 28 69
0 25 56 81 53
0 26 94 4 23
0 27 15 42 22
0 28 94 78 19
0 29 49 83 53
0 30 4 31 64
0 31 40 88 81
0 32 4 27 47
0 33 25 29 56
0 34 48 33 39
0 35 96 14 44
0 36 72 36 53
0 37 36 48 53
0 38 86 35 31
0 39 47 34 29
0 40 43 48 50
0 41 33 89 28
1 2 0 77 54
1 3 64 9 82
1 4 97 48 52
1 5 48 41 80
1 6 73 59 37
1 7 35 53 47
1 8 63 13 67
1 9 98 44 60
1 10 97 35 42
1 11 41 23 73
1 12 43 15 44
1 13 9 70 42
1 14 45 23 84
1 15 18 33 47
1 16 7 53 40
1 17 19 60 46
1 18 66 70 42
1 19 77 35 75
1 20 63 68 82
1 21 36 46 21
1 22 39 54 43
1 23 50 83 25
1 24 9 95 91
1 25 2 40 36
1 26 24 59 63
1 27 98 68 43
1 28 48 46 53
1 29 31 21 27
1 30 41 14 89
1 31 74 28 70
1 32 99 19 30
1 33 71 31 55
1 34 43 83 33
1 35 88 22 42
1 36 15 67 74
1 37 21 23 57
1 38 43 31 21
1 39 73 11 47
1 40 8 96 56
1 41 41 15 33
2 3 89 64 47
2 4 0 98 59
2 5 99 14 47
2 6 37 18 65
2 7 91 76 34
2 8 91 80 49
2 9 42 40 16
2 10 40 61 83
2 11 25 53 20
2 12 22 51 35
2 13 42 19 85
2 14 98 46 39
2 15 35 82 38
2 16 61 61 32
2 17 15 86 56
2 18 58 59 68
2 19 76 25 60
2 20 33 29 72
2 21 61 13 66
2 22 22 75 22
2 23 87 5 79
2 24 93 55 6
2 25 84 4 63
2 26 33 50 59
2 27 54 88 84
2 28 46 16 58
2 29 67 83 28
2 30 84 68 13
2 31 51 78 34
2 32 23 54 25
2 33 18 67 47
2 34 16 90 80
2 35 4 76 47
2 36 89 75 42
2 37 57 50 27
2 38 43 37 83
2 39 8 83 91
2 40 87 23 20
2 41 8 48 87
3 4 54 71 88
3 5 57 49 58
3 6 56 79 70
3 7 58 56 63
3 8 3 95 26
3 9 46 27 46
3 10 32 31 78
3 11 51 72 45
3 12 82 50 42
3 13 72 46 29
3 14 40 71 33
3 15 30 51 73
3 16 16 27 52
3 17 35 75 83
3 18 66 82 60
3 19 91 21 61
3 20 91 24 15
3 21 89 59 65
3 22 91 73 74
3 23 89 43 4
3 24 80 71 82
3 25 3 79 37
3 26 99 4 5
3 27 54 71 60
3 28 15 72 78
3 29 21 34 67
3 30 46 67 79
3 31 36 39 22
3 32 86 51 55
3 33 8 84 69
3 34 93 48 71
3 35 70 69 14
3 36 89 75 7
3 37 57 50 70
3 38 80 26 64
3 39 74 12 15
3 40 7 80 32
3 41 29 46 61
4 5 98 76 44
4 6 77 75 56
4 7 32 51 79
4 8 55 18 85
4 9 50 40 76
4 10 89 16 32
4 11 82 44 79
4 12 10 45 70
4 13 58 86 86
4 14 61 65 69
4 15 36 14 89
4 16 63 57 70
4 17 49 23 82
4 18 57 60 28
4 19 63 75 43
4 20 64 35 24
4 21 81 61 45
4 22 37 74 80
4 23 14 26 82
4 24 58 37 58
4 25 75 73 39
4 26 82 30 51
4 27 91 68 70
4 28 71 51 30
4 29 82 63 52
4 30 14 81 53
4 31 88 67 17
4 32 75 73 22
4 33 91 60 26
4 34 19 60 33
4 35 47 11 20
4 36 21 17 34
4 37 4 31 72
4 38 30 84 74
4 39 31 74 32
4 40 89 9 29
4 41 38 32 34
5 6 24 32 38
5 7 8 63 94
5 8 45 64 55
5 9 86 44 55
5 10 56 61 37
5 11 64 17 41
5 12 18 84 33
5 13 13 90 81
5 14 73 17 7
5 15 79 25 57
5 16 79 19 12
5 17 90 19 5
5 18 70 57 69
5 19 86 25 75
5 20 2 38 39
5 21 45 32 65
5 22 79 13 10
5 23 56 23 87
5 24 52 82 39
5 25 40 83 66
5 26 61 15 24
5 27 30 50 74
5 28 44 41 90
5 29 9 70 94
5 30 27 84 57
5 31 98 70 53
5 32 11 49 79
5 33 77 50 83
5 34 66 24 25
5 35 52 62 20
5 36 22 94 63
5 37 5 86 88
5 38 2 53 25
5 39 69 48 11
5 40 4 65 75
5 41 70 28 8
6 7 16 57 65
6 8 22 49 55
6 9 90 78 35
6 10 76 38 68
6 11 2 55 78
6 12 51 73 13
6 13 51 43 39
6 14 36 34 25
6 15 45 25 70
6 16 79 54 83
6 17 84 77 50
6 18 32 50 37
6 19 98 60 79
6 20 75 15 46
6 21 43 69 49
6 22 95 48 73
6 23 17 87 16
6 24 95 22 51
6 25 84 70 36
6 26 66 73 34
6 27 69 84 82
6 28 1 29 46
6 29 55 64 66
6 30 37 20 65
6 31 4 45 59
6 32 50 45 17
6 33 39 26 53
6 34 54 43 73
6 35 46 50 42
6 36 43 31 49
6 37 81 14 43
6 38 72 61 11
6 39 21 84 32
6 40 74 6 16
6 41 56 71 40
7 8 74 27 54
7 9 49 30 58
7 10 51 85 19
7 11 73 6 85
7 12 56 64 52
7 13 10 76 31
7 14 66 20 21
7 15 87 70 10
7 16 90 12 9
7 17 50 87 88
7 18 94 34 63
7 19 25 80 50
7 20 29 33 73
7 21 16 53 48
7 22 88 38 20
7 23 92 43 66
7 24 1 86 66
7 25 24 30 48
7 26 73 24 51
7 27 0 20 49
7 28 18 55 32
7 29 54 19 45
7 30 37 15 20
7 31 8 48 66
7 32 39 67 79
7 33 53 45 49
7 34 36 91 12
7 35 58 56 26
7 36 30 47 83
7 37 95 39 41
7 38 23 37 34
7 39 14 39 84
7 40 45 66 90
7 41 37 89 66
8 9 46 52 45
8 10 78 61 74
8 11 44 36 23
8 12 86 8 54
8 13 53 13 56
8 14 89 33 77
8 15 54 17 85
8 16 91 22 33
8 17 25 44 82
8 18 94 70 72
8 19 1 38 50
8 20 71 24 71
8 21 42 89 49
8 22 85 60 61
8 23 63 58 38
8 24 96 68 66
8 25 47 12 75
8 26 19 38 30
8 27 7 63 73
8 28 18 76 65
8 29 96 73 46
8 30 3 98 23
8 31 61 72 55
8 32 23 92 75
8 33 57 21 78
8 34 2 84 39
8 35 83 73 13
8 36 89 4 59
8 37 83 68 40
8 38 83 9 29
8 39 35 49 54
8 40 84 6 20
8 41 41 49 90
9 10 79 17 81
9 11 8 75 58
9 12 49 77 37
9 13 3 32 88
9 14 69 15 63
9 15 33 23 60
9 16 70 55 9
9 17 17 75 63
9 18 49 21 32
9 19 3 64 45
9 20 85 54 43
9 21 72 47 60
9 22 23 32 34
9 23 48 11 40
9 24 15 70 82
9 25 77 10 68
9 26 17 56 72
9 27 2 45 32
9 28 72 12 14
9 29 36 70 23
9 30 67 39 61
9 31 81 32 15
9 32 89 60 29
9 33 85 63 82
9 34 18 44 47
9 35 8 97 87
9 36 70 36 54
9 37 60 7 32
9 38 69 54 18
9 39 51 24 57
9 40 62 41 57
9 41 35 27 32
10 11 36 24 90
10 12 91 67 45
10 13 1 95 90
10 14 60 78 16
10 15 96 80 71
10 16 23 24 23
10 17 28 87 21
10 18 76 43 11
10 19 12 75 83
10 20 19 40 90
10 21 15 28 58
10 22 48 30 60
10 23 28 34 32
10 24 31 35 65
10 25 30 25 33
10 26 34 48 17
10 27 98 6 41
10 28 86 25 60
10 29 69 6 76
10 30 53 75 15
10 31 93 29 39
10 32 80 4 71
10 33 89 65 66
10 34 61 15 86
10 35 23 79 92
10 36 39 68 82
10 37 25 52 78
10 38 11 34 45
10 39 27 45 24
10 40 83 56 22
10 41 30 64 57
11 12 18 21 70
11 13 62 34 30
11 14 92 72 78
11 15 7 21 83
11 16 67 42 15
11 17 60 73 37
11 18 73 67 19
11 19 92 21 77
11 20 91 13 14
11 21 63 29 44
11 22 7 66 69
11 23 95 64 15
11 24 83 69 80
11 25 31 59 30
11 26 5 88 75
11 27 42 43 12
11 28 27 63 50
11 29 48 85 51
11 30 49 64 37
11 31 28 28 42
11 32 20 55 66
11 33 44 24 60
11 34 64 39 31
11 35 29 21 71
11 36 84 29 10
11 37 66 58 10
11 38 58 32 30
11 39 66 79 74
11 40 6 33 92
11 41 1 51 87
12 13 63 61 82
12 14 17 70 18
12 15 27 36 81
12 16 90 71 15
12 17 43 77 52
12 18 49 27 14
12 19 27 31 67
12 20 44 89 39
12 21 91 27 11
12 22 3 63 98
12 23 76 75 34
12 24 80 57 19
12 25 23 93 66
12 26 26 58 52
12 27 38 47 72
12 28 87 73 64
12 29 75 75 39
12 30 1 61 88
12 31 66 61 31
12 32 65 71 50
12 33 67 56 10
12 34 74 72 70
12 35 22 40 86
12 36 52 54 63
12 37 83 80 77
12 38 30 25 78
12 39 80 13 60
12 40 64 44 34
12 41 71 23 66
13 14 34 32 60
13 15 87 59 62
13 16 26 68 56
13 17 97 66 7
13 18 6 33 86
13 19 92 31 78
13 20 76 22 56
13 21 73 69 84
13 22 9 61 41
13 23 12 49 63
13 24 2 80 20
13 25 23 22 58
13 26 76 81 66
13 27 22 27 63
13 28 67 20 31
13 29 5 91 85
13 30 96 20 3
13 31 48 71 58
13 32 59 65 32
13 33 97 57 62
13 34 63 28 43
13 35 84 82 19
13 36 65 12 42
13 37 79 77 82
13 38 3 58 75
13 39 39 45 57
13 40 70 26 16
13 41 59 50 75
14 15 65 58 62
14 16 39 53 27
14 17 97 61 70
14 18 94 32 49
14 19 34 25 92
14 20 41 51 52
14 21 67 36 72
14 22 63 9 23
14 23 57 82 22
14 24 60 46 53
14 25 26 16 93
14 26 92 25 75
14 27 42 90 74
14 28 63 84 8
14 29 50 24 39
14 30 26 42 85
14 31 45 13 71
14 32 90 77 51
14 33 72 79 61
14 34 40 80 88
14 35 69 49 54
14 36 35 46 17
14 37 93 22 20
14 38 98 6 36
14 39 9 25 46
14 40 22 29 28
14 41 57 68 86
15 16 70 67 73
15 17 43 18 78
15 18 34 35 83
15 19 51 63 58
15 20 66 24 26
15 21 23 49 33
15 22 10 35 70
15 23 25 49 94
15 24 79 8 19
15 25 64 11 50
15 26 10 31 96
15 27 17 22 82
15 28 39 47 48
15 29 42 58 39
15 30 15 85 33
15 31 32 40 81
15 32 41 66 12
15 33 33 17 76
15 34 55 48 71
15 35 9 89 83
15 36 7 97 40
15 37 55 54 36
15 38 83 17 58
15 39 61 72 76
15 40 20 68 26
15 41 87 75 65
16 17 45 11 29
16 18 44 25 16
16 19 95 34 65
16 20 54 42 20
16 21 88 74 18
16 22 52 13 19
16 23 48 69 59
16 24 0 68 39
16 25 9 21 50
16 26 54 65 10
16 27 12 43 89
16 28 93 5 72
16 29 63 70 15
16 30 80 71 13
16 31 20 41 70
16 32 55 56 63
16 33 14 95 57
16 34 75 62 55
16 35 23 78 39
16 36 36 73 27
16 37 27 24 69
16 38 12 59 63
16 39 40 60 14
16 40 22 40 25
16 41 62 46 76
17 18 42 38 26
17 19 96 4 6
17 20 28 56 59
17 21 20 33 59
17 22 51 41 63
17 23 95 31 13
17 24 95 51 27
17 25 88 64 3
17 26 42 20 35
17 27 90 47 37
17 28 23 86 20
17 29 10 72 42
17 30 5 27 82
17 31 11 23 18
17 32 80 41 20
17 33 45 61 90
17 34 37 91 63
17 35 83 69 67
17 36 3 96 37
17 37 51 19 74
17 38 72 73 75
17 39 29 64 87
17 40 23 28 52
17 41 93 28 32
18 19 93 22 23
18 20 1 74 30
18 21 99 76 51
18 22 66 26 68
18 23 34 33 67
18 24 55 33 27
18 25 62 54 74
18 26 62 49 82
18 27 77 29 72
18 28 64 18 35
18 29 26 37 74
18 30 79 61 37
18 31 97 1 3
18 32 64 48 78
18 33 90 11 36
18 34 47 70 47
18 35 78 22 51
18 36 5 78 67
18 37 64 45 71
18 38 94 25 79
18 39 16 73 51
18 40 56 46 24
18 41 10 55 60
19 20 24 58 46
19 21 30 25 54
19 22 32 64 43
19 23 23 50 88
19 24 24 45 43
19 25 85 37 39
19 26 20 87 20
19 27 2 69 22
19 28 25 62 24
19 29 44 24 68
19 30 48 24 54
19 31 92 61 21
19 32 58 22 70
19 33 53 55 54
19 34 7 51 81
19 35 94 26 30
19 36 78 47 11
19 37 18 40 39
19 38 90 14 15
19 39 24 52 19
19 40 18 19 86
19 41 51 30 13
20 21 75 84 42
20 22 79 61 72
20 23 84 82 16
20 24 64 76 54
20 25 63 21 57
20 26 41 29 14
20 27 45 74 31
20 28 66 26 63
20 29 21 76 74
20 30 16 46 79
20 31 42 33 47
20 32 70 53 61
20 33 12 58 52
20 34 50 35 31
20 35 77 60 26
20 36 87 54 57
20 37 86 6 17
20 38 1 54 70
20 39 52 88 50
20 40 10 41 60
20 41 86 30 63
21 22 73 84 34
21 23 33 20 44
21 24 44 60 32
21 25 49 81 23
21 26 80 72 45
21 27 79 33 30
21 28 79 63 78
21 29 75 14 59
21 30 97 65 16
21 31 8 29 51
21 32 37 82 17
21 33 79 82 4
21 34 31 20 78
21 35 70 75 50
21 36 9 63 84
21 37 73 59 18
21 38 54 35 85
21 39 23 87 61
21 40 81 43 30
21 41 63 11 14
22 23 0 48 67
22 24 94 1 28
22 25 65 41 52
22 26 4 50 41
22 27 37 91 39
22 28 28 26 38
22 29 50 83 37
22 30 3 51 60
22 31 50 14 76
22 32 2 22 80
22 33 36 44 52
22 34 53 50 80
22 35 42 89 72
22 36 27 64 67
22 37 28 14 78
22 38 66 36 28
22 39 79 41 33
22 40 9 93 88
22 41 67 65 79
23 24 99 45 55
23 25 46 64 23
23 26 94 76 12
23 27 32 27 53
23 28 92 63 66
23 29 30 60 58
23 30 0 61 58
23 31 41 29 49
23 32 23 47 92
23 33 89 5 75
23 34 93 54 30
23 35 93 71 64
23 36 88 27 32
23 37 38 86 48
23 38 93 73 29
23 39 73 74 23
23 40 56 49 45
23 41 30 88 16
24 25 45 49 85
24 26 30 45 59
24 27 30 65 62
24 28 58 38 68
24 29 79 47 74
24 30 17 79 48
24 31 51 43 62
24 32 1 79 58
24 33 63 52 72
24 34 35 33 86
24 35 98 68 32
24 36 47 37 62
24 37 52 81 54
24 38 11 97 21
24 39 2 42 51
24 40 7 29 53
24 41 56 28 73
25 26 69 81 13
25 27 19 70 64
25 28 49 14 20
25 29 81 83 70
25 30 19 64 91
25 31 31 36 22
25 32 6 37 79
25 33 33 55 59
25 34 26 43 82
25 35 1 67 50
25 36 87 64 47
25 37 43 76 58
25 38 39 24 88
25 39 20 58 94
25 40 21 48 83
25 41 85 15 63
26 27 89 13 42
26 28 84 58 72
26 29 57 21 79
26 30 57 46 77
26 31 0 50 46
26 32 93 7 37
26 33 37 51 90
26 34 3 92 43
26 35 57 58 37
26 36 3 88 77
26 37 45 38 61
26 38 65 35 36
26 39 39 82 13
26 40 72 9 10
26 41 30 89 38
27 28 16 48 29
27 29 66 15 43
27 30 2 88 53
27 31 97 41 46
27 32 98 16 39
27 33 47 44 20
27 34 52 35 31
27 35 3 26 43
27 36 88 41 35
27 37 15 92 44
27 38 1 90 57
27 39 79 53 25
27 40 99 39 31
27 41 45 26 59
28 29 99 38 69
28 30 20 68 69
28 31 62 27 75
28 32 54 17 54
28 33 26 78 49
28 34 80 65 4
28 35 74 49 28
28 36 86 19 39
28 37 91 48 49
28 38 87 58 71
28 39 52 29 57
28 40 65 84 61
28 41 90 11 70
29 30 17 27 54
29 31 78 78 41
29 32 5 59 38
29 33 73 63 49
29 34 66 48 50
29 35 39 52 72
29 36 74 28 48
29 37 47 80 58
29 38 80 42 10
29 39 55 16 17
29 40 91 14 31
29 41 76 14 24
30 31 28 20 94
30 32 91 31 21
30 33 44 15 39
30 34 72 78 47
30 35 61 76 63
30 36 99 10 6
30 37 25 39 25
30 38 37 89 25
30 39 41 46 30
30 40 41 74 74
30 41 63 47 41
31 32 40 59 56
31 33 3 65 39
31 34 90 62 26
31 35 17 74 34
31 36 99 62 78
31 37 13 24 34
31 38 95 4 68
31 39 3 55 83
31 40 58 63 84
31 41 76 50 67
32 33 67 34 77
32 34 26 15 75
32 35 54 51 41
32 36 74 30 72
32 37 95 72 21
32 38 69 76 33
32 39 32 32 23
32 40 31 59 14
32 41 65 46 59
33 34 18 23 68
33 35 50 21 16
33 36 20 93 88
33 37 24 41 18
33 38 9 26 42
33 39 76 35 69
33 40 54 51 29
33 41 36 92 46
34 35 82 38 33
34 36 94 20 9
34 37 43 86 27
34 38 26 35 23
34 39 10 29 73
34 40 21 65 80
34 41 39 16 84
35 36 12 89 86
35 37 59 44 60
35 38 69 58 55
35 39 7 47 40
35 40 66 46 55
35 41 61 36 81
36 37 6 46 47
36 38 2 45 97
36 39 66 19 6
36 40 89 30 75
36 41 74 79 14
37 38 8 61 93
37 39 90 61 53
37 40 78 13 57
37 41 70 52 14
38 39 14 89 39
38 40 66 35 9
38 41 3 71 97
39 40 16 41 48
39 41 68 63 22
40 41 76 60 65
