48 3
0.5 0.5 0.0 
0 1 57 60 55
0 2 33 15 27
0 3 53 13 79
0 4 29 38 77
0 5 24 35 50
0 6 34 67 50
0 7 73 57 38
0 8 47 27 41
0 9 21 17 38
0 10 72 60 36
0 11 97 69 35
0 12 84 24 25
0 13 51 24 10
0 14 80 57 72
0 15 55 22 76
0 16 9 53 43
0 17 33 24 89
0 18 85 71 38
0 19 14 54 31
0 20 2 22 98
0 21 64 24 64
0 22 25 81 20
0 23 3 71 29
0 24 20 29 18
0 25 77 75 10
0 26 41 33 43
0 27 41 46 40
0 28 55 21 72
0 29 53 60 49
0 30 3 33 97
0 31 56 47 36
0 32 87 36 45
0 33 36 55 81
0 34 35 90 63
0 35 53 28 65
0 36 53 66 27
0 37 40 52 49
0 38 30 21 28
0 39 87 57 54
0 40 8 44 71
0 41 60 83 32
0 42 29 45 87
0 43 76 67 22
0 44 62 12 69
0 45 50 35 40
0 46 66 24 7
0 47 88 20 72
1 2 91 25 73
1 3 24 92 82
1 4 49 81 84
1 5 32 59 24
1 6 40 79 37
1 7 68 85 21
1 8 73 18 56
1 9 47 58 42
1 10 88 68 31
1 11 50 54 22
1 12 85 43 43
1 13 39 86 33
1 14 47 75 39
1 15 90 15 40
1 16 87 80 16
1 17 19 30 83
1 18 31 83 83
1 19 76 5 49
1 20 45 41 60
1 21 49 84 46
1 22 90 38 64
1 23 72 68 60
1 24 26 32 55
1 25 28 83 38
1 26 85 62 10
1 27 74 76 75
1 28 86 11 57
1 29 34 69 52
1 30 78 71 52
1 31 68 85 10
1 32 37 28 67
1 33 40 12 42
1 34 72 14 84
1 35 13 31 25
1 36 64 8 74
1 37 17 68 73
1 38 18 85 40
1 39 10 57 73
1 40 24 72 68
1 41 40 44 23
1 42 98 42 40
1 43 72 45 34
1 44 43 82 90
1 45 17 63 42
1 46 57 54 30
1 47 46 26 68
2 3 31 48 77
2 4 12 86 53
2 5 0 71 89
2 6 28 14 60
2 7 32 77 51
2 8 4 77 35
2 9 90 51 28
2 10 84 26 54
2 11 51 84 64
2 12 58 35 25
2 13 48 25 35
2 14 66 34 15
2 15 90 12 39
2 16 7 66 80
2 17 49 55 18
2 18 48 14 29
2 19 46 67 65
2 20 79 24 9
2 21 27 90 48
2 22 94 35 64
2 23 68 23 6
2 24 37 15 56
2 25 44 67 18
2 26 78 67 74
2 27 44 20 27
2 28 90 14 24
2 29 25 58 34
2 30 8 25 39
2 31 92 49 28
2 32 2 20 75
2 33 73 83 60
2 34 54 75 65
2 35 10 52 45
2 36 64 26 35
2 37 98 70 68
2 38 8 25 26
2 39 20 89 67
2 40 20 28 18
2 41 10 74 51
2 42 72 62 59
2 43 72 74 61
2 44 43 27 25
2 45 40 34 76
2 46 73 32 33
2 47 25 44 23
3 4 41 25 76
3 5 1 26 61
3 6 23 80 37
3 7 25 18 36
3 8 52 85 14
3 9 19 72 87
3 10 18 63 84
3 11 79 32 68
3 12 33 85 81
3 13 24 17 18
3 14 42 37 72
3 15 21 30 94
3 16 41 18 77
3 17 54 69 50
3 18 13 21 61
3 19 61 60 35
3 20 22 94 67
3 21 49 16 33
3 22 79 35 49
3 23 86 63 42
3 24 53 55 67
3 25 26 79 79
3 26 94 17 56
3 27 90 48 20
3 28 58 51 55
3 29 21 41 53
3 30 35 30 25
3 31 2 29 44
3 32 35 45 32
3 33 57 11 24
3 34 47 56 45
3 35 31 22 34
3 36 84 13 21
3 37 44 63 48
3 38 69 19 66
3 39 17 41 48
3 40 98 61 35
3 41 66 82 42
3 42 39 47 24
3 43 64 41 78
3 44 20 42 34
3 45 84 3 37
3 46 17 27 69
3 47 86 72 9
4 5 84 37 55
4 6 83 7 20
4 7 67 37 48
4 8 74 48 42
4 9 24 44 30
4 10 59 87 24
4 11 82 13 37
4 12 5 89 28
4 13 32 90 79
4 14 95 21 40
4 15 56 12 59
4 16 52 45 81
4 17 69 6 34
4 18 15 53 38
4 19 82 40 74
4 20 72 47 75
4 21 5 60 84
4 22 29 50 14
4 23 87 29 21
4 24 62 46 10
4 25 49 43 39
4 26 93 3 62
4 27 70 32 45
4 28 97 21 23
4 29 47 70 82
4 30 2 27 53
4 31 73 18 51
4 32 91 60 74
4 33 0 94 72
4 34 85 56 28
4 35 76 56 19
4 36 8 61 44
4 37 21 19 77
4 38 5 73 32
4 39 18 46 21
4 40 55 42 39
4 41 52 52 86
4 42 69 37 77
4 43 55 32 14
4 44 95 66 43
4 45 31 76 32
4 46 43 33 51
4 47 69 19 8
5 6 58 15 39
5 7 61 39 14
5 8 6 44 70
5 9 39 19 74
5 10 34 25 53
5 11 68 51 36
5 12 7 86 87
5 13 92 39 19
5 14 87 64 78
5 15 85 6 19
5 16 49 49 82
5 17 1 48 67
5 18 52 44 44
5 19 83 17 54
5 20 21 74 15
5 21 37 27 41
5 22 21 66 93
5 23 7 90 74
5 24 0 34 63
5 25 75 54 10
5 26 51 75 34
5 27 63 7 73
5 28 26 37 26
5 29 39 89 90
5 30 34 19 39
5 31 94 53 36
5 32 16 27 29
5 33 11 59 85
5 34 70 39 82
5 35 85 63 13
5 36 48 87 54
5 37 26 87 72
5 38 93 35 62
5 39 83 5 7
5 40 63 37 76
5 41 15 46 74
5 42 99 17 20
5 43 66 16 76
5 44 19 37 53
5 45 98 74 37
5 46 74 18 30
5 47 38 12 18
6 7 42 11 74
6 8 46 20 45
6 9 51 28 19
6 10 60 10 84
6 11 1 40 68
6 12 83 58 15
6 13 19 69 65
6 14 90 77 76
6 15 2 48 53
6 16 4 64 83
6 17 3 26 32
6 18 3 30 65
6 19 41 68 83
6 20 65 64 33
6 21 31 74 58
6 22 66 35 71
6 23 90 17 28
6 24 27 27 47
6 25 83 73 37
6 26 55 16 67
6 27 14 58 21
6 28 16 78 61
6 29 16 18 60
6 30 28 88 52
6 31 1 77 57
6 32 59 86 35
6 33 43 26 59
6 34 52 70 46
6 35 64 64 47
6 36 50 52 16
6 37 11 83 63
6 38 70 65 23
6 39 80 48 20
6 40 30 62 52
6 41 28 64 56
6 42 27 16 31
6 43 78 6 44
6 44 10 51 25
6 45 71 82 78
6 46 50 81 88
6 47 82 60 72
7 8 48 88 22
7 9 52 43 75
7 10 16 25 50
7 11 61 70 81
7 12 38 13 21
7 13 93 10 38
7 14 49 32 61
7 15 14 37 75
7 16 14 55 26
7 17 20 88 52
7 18 66 51 59
7 19 89 54 79
7 20 38 83 28
7 21 6 81 47
7 22 2 88 84
7 23 50 57 48
7 24 26 47 29
7 25 49 41 88
7 26 15 52 56
7 27 70 6 68
7 28 25 65 39
7 29 90 16 9
7 30 67 77 16
7 31 40 53 58
7 32 98 26 11
7 33 37 23 49
7 34 29 69 78
7 35 76 41 22
7 36 89 78 4
7 37 66 35 18
7 38 44 32 19
7 39 18 79 35
7 40 65 41 16
7 41 75 54 53
7 42 79 55 27
7 43 23 74 58
7 44 17 87 25
7 45 54 11 78
7 46 46 88 82
7 47 71 69 54
8 9 80 81 24
8 10 34 19 18
8 11 93 8 67
8 12 59 67 33
8 13 22 50 30
8 14 92 81 75
8 15 19 31 38
8 16 8 27 70
8 17 62 60 24
8 18 96 8 64
8 19 16 32 22
8 20 21 26 26
8 21 59 51 26
8 22 51 50 41
8 23 33 50 38
8 24 64 30 49
8 25 0 89 23
8 26 58 52 47
8 27 85 59 38
8 28 95 24 11
8 29 61 21 9
8 30 2 36 90
8 31 63 63 49
8 32 29 88 65
8 33 88 33 33
8 34 32 79 43
8 35 40 74 50
8 36 51 63 28
8 37 13 96 61
8 38 3 56 50
8 39 35 72 57
8 40 70 60 70
8 41 61 9 81
8 42 97 3 9
8 43 46 30 11
8 44 59 80 63
8 45 4 51 82
8 46 29 35 79
8 47 8 74 76
9 10 24 48 69
9 11 93 8 44
9 12 81 20 16
9 13 96 68 49
9 14 26 73 59
9 15 8 42 23
9 16 86 7 79
9 17 23 33 70
9 18 64 63 27
9 19 9 51 71
9 20 36 83 84
9 21 87 18 26
9 22 46 45 57
9 23 3 63 84
9 24 48 30 32
9 25 99 64 70
9 26 94 8 27
9 27 59 38 13
9 28 63 47 47
9 29 16 80 72
9 30 22 80 29
9 31 7 83 23
9 32 40 36 65
9 33 72 8 46
9 34 79 16 58
9 35 69 39 55
9 36 55 9 59
9 37 63 8 85
9 38 85 19 78
9 39 92 12 78
9 40 74 23 63
9 41 90 58 24
9 42 65 84 79
9 43 19 58 33
9 44 1 50 48
9 45 13 47 41
9 46 18 58 57
9 47 50 56 78
10 11 57 35 57
10 12 14 77 92
10 13 5 22 26
10 14 19 42 45
10 15 73 79 59
10 16 89 82 50
10 17 70 77 51
10 18 0 94 44
10 19 75 69 11
10 20 42 62 38
10 21 52 11 60
10 22 31 75 67
10 23 75 83 47
10 24 11 48 59
10 25 62 23 30
10 26 45 39 67
10 27 61 84 73
10 28 18 19 48
10 29 26 62 55
10 30 26 32 67
10 31 61 44 33
10 32 48 50 65
10 33 43 76 13
10 34 26 87 65
10 35 1 29 32
10 36 79 43 5
10 37 34 57 45
10 38 46 15 23
10 39 25 57 43
10 40 2 26 72
10 41 9 89 61
10 42 46 73 50
10 43 55 88 58
10 44 18 50 31
10 45 83 64 51
10 46 81 29 75
10 47 68 73 22
11 12 76 54 61
11 13 25 45 77
11 14 49 77 69
11 15 30 22 69
11 16 97 53 52
11 17 13 55 76
11 18 63 31 83
11 19 80 76 28
11 20 38 20 60
11 21 28 26 45
11 22 8 94 72
11 23 20 41 70
11 24 83 81 74
11 25 86 79 38
11 26 30 79 59
11 27 84 22 61
11 28 74 64 46
11 29 86 67 38
11 30 97 80 52
11 31 77 58 25
11 32 44 72 55
11 33 67 66 65
11 34 94 44 64
11 35 13 39 78
11 36 54 25 74
11 37 89 25 41
11 38 89 42 11
11 39 10 85 46
11 40 15 65 95
11 41 80 33 48
11 42 79 10 30
11 43 46 76 70
11 44 65 54 55
11 45 94 28 27
11 46 59 83 49
11 47 84 26 8
12 13 53 75 60
12 14 99 62 68
12 15 6 38 20
12 16 71 73 78
12 17 4 34 76
12 18 66 49 82
12 19 93 9 80
12 20 8 90 49
12 21 52 70 11
12 22 45 56 81
12 23 96 56 35
12 24 83 79 29
12 25 78 5 27
12 26 93 41 29
12 27 22 55 43
12 28 94 38 55
12 29 83 20 17
12 30 68 82 85
12 31 24 87 92
12 32 22 79 91
12 33 89 48 50
12 34 46 66 87
12 35 76 83 20
12 36 62 20 23
12 37 65 85 8
12 38 91 46 78
12 39 0 74 47
12 40 57 54 42
12 41 8 37 54
12 42 12 61 48
12 43 70 6 82
12 44 96 16 36
12 45 51 29 40
12 46 81 8 26
12 47 2 52 54
13 14 26 21 74
13 15 4 97 88
13 16 87 29 39
13 17 43 44 86
13 18 40 39 80
13 19 75 75 10
13 20 90 20 64
13 21 2 33 91
13 22 39 84 65
13 23 89 29 38
13 24 18 22 27
13 25 58 47 56
13 26 88 25 81
13 27 98 70 23
13 28 57 37 18
13 29 60 11 34
13 30 2 28 84
13 31 51 14 16
13 32 8 54 92
13 33 7 71 63
13 34 73 51 76
13 35 91 44 63
13 36 39 78 81
13 37 26 46 64
13 38 1 87 89
13 39 54 39 88
13 40 36 68 77
13 41 19 65 67
13 42 78 49 10
13 43 87 20 76
13 44 79 39 51
13 45 84 28 78
13 46 35 33 91
13 47 9 41 66
14 15 69 11 68
14 16 70 34 14
14 17 14 21 77
14 18 7 80 51
14 19 43 76 72
14 20 60 28 61
14 21 69 65 23
14 22 5 70 38
14 23 7 36 28
14 24 5 92 77
14 25 1 70 21
14 26 80 82 32
14 27 31 53 74
14 28 57 79 56
14 29 28 27 18
14 30 41 89 71
14 31 42 30 88
14 32 47 43 81
14 33 46 20 72
14 34 29 70 90
14 35 59 81 55
14 36 73 42 7
14 37 56 57 81
14 38 15 44 17
14 39 8 88 69
14 40 29 67 63
14 41 22 78 32
14 42 77 55 64
14 43 23 79 35
14 44 41 54 13
14 45 5 28 33
14 46 3 90 27
14 47 0 56 33
15 16 67 64 55
15 17 94 15 67
15 18 14 67 84
15 19 21 36 53
15 20 11 63 42
15 21 94 79 20
15 22 61 83 21
15 23 12 91 34
15 24 50 28 54
15 25 21 41 94
15 26 42 90 22
15 27 34 78 74
15 28 15 67 17
15 29 91 40 4
15 30 59 14 50
15 31 94 39 42
15 32 1 94 71
15 33 58 80 23
15 34 35 30 36
15 35 54 72 37
15 36 50 73 61
15 37 63 73 23
15 38 70 32 18
15 39 63 46 32
15 40 65 76 62
15 41 14 94 70
15 42 22 35 78
15 43 79 9 49
15 44 45 17 79
15 45 53 83 14
15 46 22 81 72
15 47 6 50 25
16 17 52 47 48
16 18 60 28 58
16 19 60 64 75
16 20 14 61 35
16 21 98 70 32
16 22 18 44 27
16 23 11 94 20
16 24 96 71 31
16 25 2 53 79
16 26 84 24 67
16 27 1 94 35
16 28 6 71 72
16 29 2 69 84
16 30 19 40 41
16 31 62 31 65
16 32 90 43 65
16 33 66 25 53
16 34 13 51 19
16 35 48 33 32
16 36 5 73 94
16 37 72 10 12
16 38 32 35 70
16 39 2 92 82
16 40 98 46 33
16 41 10 32 71
16 42 7 46 57
16 43 18 52 67
16 44 94 54 71
16 45 74 12 84
16 46 37 80 25
16 47 85 31 49
17 18 62 77 47
17 19 78 37 37
17 20 45 28 41
17 21 32 27 57
17 22 65 20 45
17 23 33 80 80
17 24 85 32 49
17 25 26 44 43
17 26 43 46 77
17 27 36 45 70
17 28 28 16 53
17 29 98 49 4
17 30 91 35 36
17 31 32 32 88
17 32 80 14 43
17 33 40 65 64
17 34 77 44 11
17 35 2 55 44
17 36 0 23 73
17 37 3 28 62
17 38 63 43 35
17 39 10 34 43
17 40 90 51 4
17 41 6 84 51
17 42 3 73 72
17 43 68 78 25
17 44 88 77 60
17 45 17 65 35
17 46 58 18 70
17 47 67 26 44
18 19 67 37 58
18 20 55 37 54
18 21 80 34 34
18 22 67 58 22
18 23 83 32 30
18 24 81 52 20
18 25 26 17 14
18 26 23 27 38
18 27 83 69 83
18 28 88 8 16
18 29 46 56 75
18 30 46 16 16
18 31 43 84 33
18 32 82 24 48
18 33 89 59 58
18 34 43 57 25
18 35 80 70 63
18 36 27 55 57
18 37 87 43 4
18 38 46 72 51
18 39 68 61 30
18 40 79 78 9
18 41 48 25 22
18 42 9 53 35
18 43 18 50 28
18 44 8 49 32
18 45 24 35 73
18 46 88 42 57
18 47 87 47 57
19 20 82 76 71
19 21 38 79 38
19 22 37 53 42
19 23 64 23 28
19 24 3 94 89
19 25 23 16 71
19 26 35 13 57
19 27 68 55 50
19 28 56 77 62
19 29 97 46 26
19 30 60 62 73
19 31 13 80 54
19 32 98 29 66
19 33 37 44 51
19 34 30 84 83
19 35 9 19 80
19 36 33 47 67
19 37 81 46 5
19 38 14 40 43
19 39 5 19 42
19 40 0 82 36
19 41 31 77 48
19 42 13 17 70
19 43 32 47 73
19 44 10 23 95
19 45 20 85 22
19 46 12 73 96
19 47 99 6 51
20 21 95 77 40
20 22 23 60 29
20 23 62 40 48
20 24 12 81 92
20 25 42 54 78
20 26 3 31 42
20 27 98 45 10
20 28 15 56 35
20 29 65 48 31
20 30 4 56 26
20 31 95 73 76
20 32 48 21 87
20 33 13 86 54
20 34 48 42 78
20 35 72 69 85
20 36 99 1 22
20 37 77 24 46
20 38 37 48 62
20 39 2 43 38
20 40 45 88 80
20 41 64 11 42
20 42 87 79 55
20 43 34 67 45
20 44 41 62 39
20 45 50 27 61
20 46 7 37 58
20 47 26 69 17
21 22 50 56 83
21 23 50 31 74
21 24 64 14 15
21 25 13 44 70
21 26 63 20 78
21 27 69 63 22
21 28 35 28 52
21 29 45 19 86
21 30 37 45 33
21 31 96 76 41
21 32 20 87 52
21 33 56 27 22
21 34 11 47 22
21 35 24 91 58
21 36 80 69 20
21 37 11 20 48
21 38 95 34 37
21 39 25 81 66
21 40 32 27 78
21 41 53 17 83
21 42 88 51 33
21 43 84 49 17
21 44 38 86 33
21 45 94 71 65
21 46 6 79 38
21 47 13 70 84
22 23 17 93 42
22 24 13 56 58
22 25 66 76 37
22 26 20 54 58
22 27 63 47 77
22 28 53 49 58
22 29 69 48 64
22 30 41 80 53
22 31 74 73 20
22 32 94 38 13
22 33 14 28 87
22 34 47 48 28
22 35 27 30 86
22 36 5 80 52
22 37 58 37 49
22 38 86 71 33
22 39 40 18 61
22 40 59 85 51
22 41 49 60 40
22 42 4 19 22
22 43 16 39 75
22 44 46 79 60
22 45 93 53 12
22 46 55 35 48
22 47 40 14 55
23 24 18 47 44
23 25 13 75 26
23 26 92 43 32
23 27 28 21 68
23 28 54 78 75
23 29 74 70 81
23 30 72 70 47
23 31 90 56 68
23 32 13 29 19
23 33 91 62 44
23 34 86 33 47
23 35 89 26 42
23 36 31 18 61
23 37 91 52 49
23 38 92 60 16
23 39 41 47 62
23 40 17 35 40
23 41 66 76 12
23 42 75 40 57
23 43 30 59 19
23 44 33 42 58
23 45 89 15 48
23 46 92 80 18
23 47 35 17 45
24 25 71 68 26
24 26 86 40 14
24 27 89 50 35
24 28 34 37 55
24 29 55 40 33
24 30 78 64 83
24 31 68 13 38
24 32 30 41 49
24 33 1 41 76
24 34 62 28 70
24 35 54 28 52
24 36 88 4 50
24 37 91 19 54
24 38 75 28 60
24 39 54 74 36
24 40 4 23 33
24 41 46 58 17
24 42 27 69 64
24 43 56 36 83
24 44 62 83 85
24 45 29 53 77
24 46 33 62 33
24 47 85 20 69
25 26 38 31 30
25 27 75 72 26
25 28 56 62 18
25 29 30 40 81
25 30 92 15 6
25 31 14 79 58
25 32 21 70 21
25 33 92 33 63
25 34 65 36 20
25 35 99 22 14
25 36 12 69 73
25 37 17 40 30
25 38 44 80 23
25 39 60 54 62
25 40 72 23 27
25 41 20 25 44
25 42 40 73 30
25 43 94 22 16
25 44 10 34 82
25 45 26 40 64
25 46 70 73 40
25 47 14 53 53
26 27 39 85 51
26 28 37 16 42
26 29 53 48 18
26 30 62 38 80
26 31 46 89 13
26 32 10 73 49
26 33 48 70 28
26 34 53 67 27
26 35 69 65 49
26 36 27 73 66
26 37 28 15 59
26 38 91 58 19
26 39 62 40 42
26 40 72 79 40
26 41 39 48 75
26 42 19 92 29
26 43 21 29 63
26 44 77 67 61
26 45 12 65 18
26 46 33 79 45
26 47 76 41 62
27 28 66 21 75
27 29 29 81 14
27 30 87 38 6
27 31 51 78 15
27 32 68 81 37
27 33 9 26 96
27 34 25 56 38
27 35 76 36 40
27 36 20 22 85
27 37 72 58 67
27 38 17 32 38
27 39 83 65 29
27 40 52 42 18
27 41 59 10 78
27 42 5 56 45
27 43 81 37 45
27 44 69 53 60
27 45 63 25 78
27 46 87 69 53
27 47 44 27 32
28 29 33 72 65
28 30 81 80 30
28 31 96 66 79
28 32 0 55 98
28 33 90 14 23
28 34 94 36 24
28 35 59 82 58
28 36 17 74 91
28 37 79 22 51
28 38 50 10 10
28 39 93 56 36
28 40 85 48 45
28 41 56 85 21
28 42 18 33 28
28 43 43 20 86
28 44 96 53 44
28 45 28 79 34
28 46 74 46 66
28 47 10 62 93
29 30 77 64 9
29 31 20 43 26
29 32 19 64 21
29 33 30 24 34
29 34 22 55 77
29 35 53 50 65
29 36 90 16 11
29 37 49 70 73
29 38 26 75 75
29 39 38 39 80
29 40 79 59 68
29 41 95 80 79
29 42 37 36 41
29 43 13 21 44
29 44 48 63 66
29 45 85 35 21
29 46 89 77 10
29 47 49 45 58
30 31 9 61 92
30 32 37 38 41
30 33 68 38 76
30 34 59 53 46
30 35 66 45 8
30 36 80 35 23
30 37 41 65 71
30 38 20 51 50
30 39 38 16 41
30 40 64 52 85
30 41 17 31 16
30 42 59 49 11
30 43 53 11 20
30 44 43 27 77
30 45 73 9 66
30 46 14 85 59
30 47 66 67 20
31 32 51 23 76
31 33 56 12 9
31 34 61 45 66
31 35 70 29 22
31 36 94 75 40
31 37 92 60 16
31 38 11 37 36
31 39 18 80 88
31 40 57 18 84
31 41 22 21 92
31 42 43 24 42
31 43 69 24 73
31 44 16 82 58
31 45 16 42 93
31 46 16 81 17
31 47 53 62 80
32 33 25 69 59
32 34 59 61 16
32 35 0 62 98
32 36 10 90 34
32 37 74 7 23
32 38 92 14 53
32 39 45 55 33
32 40 21 58 33
32 41 85 77 51
32 42 83 42 62
32 43 61 43 17
32 44 64 73 18
32 45 96 32 64
32 46 64 46 13
32 47 58 63 28
33 34 59 27 85
33 35 1 46 91
33 36 10 68 53
33 37 96 5 8
33 38 48 53 29
33 39 91 44 64
33 40 57 14 69
33 41 78 74 34
33 42 53 49 49
33 43 11 87 20
33 44 54 19 49
33 45 27 50 88
33 46 66 16 45
33 47 27 59 71
34 35 37 26 38
34 36 65 42 67
34 37 5 58 36
34 38 0 55 42
34 39 96 26 52
34 40 37 76 51
34 41 3 82 48
34 42 94 9 70
34 43 29 81 17
34 44 24 15 71
34 45 42 59 49
34 46 49 48 23
34 47 5 37 92
35 36 82 36 17
35 37 91 72 33
35 38 69 26 38
35 39 91 20 77
35 40 55 50 20
35 41 70 80 34
35 42 68 11 18
35 43 52 73 34
35 44 78 36 16
35 45 39 19 39
35 46 69 83 43
35 47 65 74 18
36 37 98 9 43
36 38 47 84 23
36 39 20 29 61
36 40 34 39 24
36 41 66 54 23
36 42 25 53 23
36 43 73 5 13
36 44 5 52 60
36 45 82 79 23
36 46 4 71 98
36 47 2 92 33
37 38 40 88 35
37 39 69 31 73
37 40 13 84 32
37 41 72 74 69
37 42 22 38 53
37 43 40 55 21
37 44 75 54 47
37 45 64 56 48
37 46 91 10 59
37 47 39 29 89
38 39 15 33 91
38 40 64 30 38
38 41 17 90 63
38 42 90 63 39
38 43 57 56 22
38 44 63 85 12
38 45 87 34 5
38 46 7 21 92
38 47 14 71 54
39 40 52 44 51
39 41 18 52 16
39 42 72 75 53
39 43 61 25 48
39 44 49 44 34
39 45 0 61 37
39 46 11 39 20
39 47 49 27 82
40 41 55 15 9
40 42 4 37 29
40 43 56 73 69
40 44 0 63 57
40 45 62 9 31
40 46 87 9 48
40 47 64 65 35
41 42 45 59 55
41 43 94 49 30
41 44 73 6 20
41 45 2 28 80
41 46 18 52 67
41 47 25 43 50
42 43 58 73 54
42 44 76 16 32
42 45 97 5 19
42 46 49 11 12
42 47 50 18 31
43 44 6 63 35
43 45 23 85 26
43 46 90 59 66
43 47 75 58 22
44 45 86 63 26
44 46 46 84 88
44 47 30 22 79
45 46 36 30 32
45 47 28 60 28
46 47 75 34 49
