48 3
0.5 0.5 0.0 
0 1 1 99 94
0 2 71 36 24
0 3 7 78 81
0 4 12 88 79
0 5 52 53 47
0 6 75 27 34
0 7 18 81 82
0 8 9 84 80
0 9 6 89 83
0 10 8 84 79
0 11 36 53 63
0 12 0 88 88
0 13 24 65 75
0 14 64 35 32
0 15 88 13 11
0 16 99 7 10
0 17 78 18 20
0 18 17 73 70
0 19 99 9 2
0 20 74 34 26
0 21 54 46 44
0 22 86 23 20
0 23 91 19 17
0 24 36 62 56
0 25 14 83 74
0 26 22 70 71
0 27 63 40 33
0 28 58 47 39
0 29 91 15 21
0 30 52 54 40
0 31 46 59 50
0 32 74 26 28
0 33 69 28 36
0 34 37 68 66
0 35 36 54 65
0 36 75 23 33
0 37 53 42 47
0 38 89 17 13
0 39 29 67 67
0 40 48 55 47
0 41 38 63 58
0 42 7 88 90
0 43 98 3 13
0 44 72 37 37
0 45 10 89 85
0 46 82 26 23
0 47 4 95 89
1 2 18 76 74
1 3 67 38 35
1 4 7 90 78
1 5 34 62 61
1 6 29 73 70
1 7 90 17 18
1 8 28 76 65
1 9 24 65 68
1 10 90 11 20
1 11 47 56 44
1 12 76 20 21
1 13 33 58 61
1 14 6 88 85
1 15 74 27 21
1 16 57 38 51
1 17 40 52 57
1 18 71 32 29
1 19 80 30 19
1 20 12 85 86
1 21 55 51 51
1 22 89 14 19
1 23 30 73 66
1 24 11 76 79
1 25 22 76 76
1 26 92 20 9
1 27 56 50 49
1 28 55 38 52
1 29 30 67 64
1 30 12 82 86
1 31 44 58 52
1 32 94 9 13
1 33 4 81 95
1 34 54 44 44
1 35 27 72 69
1 36 70 35 35
1 37 90 10 15
1 38 91 20 12
1 39 86 24 17
1 40 65 31 30
1 41 85 15 23
1 42 58 50 48
1 43 40 64 55
1 44 95 6 8
1 45 90 21 12
1 46 97 15 11
1 47 58 46 48
2 3 97 3 14
2 4 50 54 53
2 5 84 18 19
2 6 71 25 31
2 7 16 80 78
2 8 54 42 41
2 9 20 77 68
2 10 9 86 77
2 11 69 31 26
2 12 42 53 54
2 13 38 65 61
2 14 73 36 31
2 15 47 53 49
2 16 11 76 87
2 17 71 30 30
2 18 12 75 86
2 19 20 67 70
2 20 20 81 81
2 21 4 90 85
2 22 60 38 46
2 23 97 15 10
2 24 99 12 13
2 25 17 81 78
2 26 16 83 80
2 27 55 39 47
2 28 15 74 73
2 29 38 67 55
2 30 15 85 80
2 31 53 49 46
2 32 36 63 63
2 33 65 34 40
2 34 59 35 41
2 35 69 37 27
2 36 13 80 76
2 37 18 73 81
2 38 50 42 56
2 39 22 69 80
2 40 1 95 88
2 41 63 31 36
2 42 80 23 26
2 43 66 42 40
2 44 40 55 62
2 45 29 74 66
2 46 93 15 7
2 47 60 43 43
3 4 53 51 48
3 5 92 15 16
3 6 75 29 25
3 7 58 35 44
3 8 8 83 77
3 9 91 14 18
3 10 39 51 55
3 11 11 78 77
3 12 6 80 88
3 13 21 79 76
3 14 92 7 9
3 15 80 28 22
3 16 4 95 85
3 17 32 67 68
3 18 96 14 11
3 19 73 23 31
3 20 24 75 74
3 21 5 90 81
3 22 60 41 45
3 23 38 54 65
3 24 5 81 85
3 25 6 84 81
3 26 49 43 52
3 27 34 62 67
3 28 94 10 19
3 29 83 15 22
3 30 62 44 38
3 31 10 86 87
3 32 6 92 80
3 33 11 76 83
3 34 47 55 53
3 35 33 68 64
3 36 67 39 33
3 37 66 29 28
3 38 39 65 60
3 39 77 30 22
3 40 63 44 44
3 41 4 85 92
3 42 44 57 49
3 43 53 45 41
3 44 16 85 71
3 45 2 91 86
3 46 84 25 18
3 47 45 49 56
4 5 22 79 76
4 6 41 64 60
4 7 72 30 37
4 8 8 80 83
4 9 13 77 86
4 10 65 32 37
4 11 93 10 12
4 12 65 35 31
4 13 48 47 43
4 14 30 70 65
4 15 75 30 22
4 16 9 84 85
4 17 9 89 82
4 18 74 31 23
4 19 92 14 6
4 20 6 82 92
4 21 74 35 25
4 22 64 40 43
4 23 42 54 58
4 24 54 49 41
4 25 9 84 85
4 26 97 15 3
4 27 47 49 49
4 28 80 27 19
4 29 19 72 80
4 30 62 35 45
4 31 16 82 80
4 32 68 29 40
4 33 45 55 52
4 34 58 41 37
4 35 73 28 24
4 36 82 16 17
4 37 68 39 38
4 38 7 80 89
4 39 61 37 46
4 40 64 34 34
4 41 1 85 95
4 42 44 57 57
4 43 13 87 83
4 44 44 55 49
4 45 63 43 33
4 46 51 49 44
4 47 52 47 48
5 6 65 38 30
5 7 45 47 54
5 8 12 83 75
5 9 74 35 28
5 10 49 55 56
5 11 18 71 79
5 12 84 13 27
5 13 88 18 12
5 14 18 73 75
5 15 32 66 69
5 16 14 76 81
5 17 31 68 64
5 18 61 40 47
5 19 94 9 13
5 20 97 10 5
5 21 30 61 60
5 22 7 82 89
5 23 63 41 31
5 24 69 39 32
5 25 70 37 27
5 26 79 31 27
5 27 45 61 58
5 28 79 26 19
5 29 71 27 25
5 30 42 53 51
5 31 49 52 57
5 32 6 80 92
5 33 26 62 66
5 34 64 32 35
5 35 23 73 66
5 36 97 14 6
5 37 34 60 69
5 38 33 70 69
5 39 55 46 38
5 40 68 27 35
5 41 15 73 80
5 42 56 47 39
5 43 84 17 18
5 44 42 57 62
5 45 81 20 25
5 46 16 74 71
5 47 61 36 36
6 7 72 24 29
6 8 46 58 54
6 9 13 86 76
6 10 59 45 42
6 11 68 39 33
6 12 69 36 32
6 13 86 18 19
6 14 27 69 67
6 15 25 67 67
6 16 10 87 79
6 17 46 58 50
6 18 84 22 20
6 19 31 58 60
6 20 99 1 1
6 21 98 8 11
6 22 44 47 55
6 23 48 49 47
6 24 57 40 45
6 25 46 54 56
6 26 97 8 5
6 27 89 22 14
6 28 5 94 86
6 29 97 13 13
6 30 12 86 85
6 31 83 25 18
6 32 97 3 2
6 33 29 61 74
6 34 7 88 85
6 35 47 55 50
6 36 14 87 75
6 37 44 49 49
6 38 14 85 79
6 39 67 35 33
6 40 91 18 11
6 41 47 55 57
6 42 60 47 47
6 43 58 38 49
6 44 21 67 71
6 45 97 4 9
6 46 2 85 90
6 47 3 84 83
7 8 36 61 66
7 9 94 16 13
7 10 59 46 46
7 11 1 89 87
7 12 35 59 63
7 13 44 53 57
7 14 0 95 97
7 15 12 85 85
7 16 66 35 29
7 17 78 28 18
7 18 85 13 21
7 19 92 15 7
7 20 69 36 33
7 21 4 88 89
7 22 53 50 50
7 23 29 62 63
7 24 70 39 38
7 25 31 69 63
7 26 31 68 62
7 27 53 41 49
7 28 84 17 26
7 29 98 7 10
7 30 80 29 30
7 31 51 47 43
7 32 62 46 46
7 33 42 51 58
7 34 90 18 13
7 35 17 83 76
7 36 6 82 86
7 37 36 60 58
7 38 79 19 26
7 39 58 35 45
7 40 12 85 86
7 41 71 38 30
7 42 2 87 94
7 43 40 52 61
7 44 8 79 85
7 45 2 92 94
7 46 63 43 42
7 47 19 74 73
8 9 31 58 60
8 10 44 59 59
8 11 7 93 86
8 12 2 92 96
8 13 84 14 13
8 14 34 68 57
8 15 10 91 79
8 16 63 43 33
8 17 23 71 71
8 18 5 94 84
8 19 66 32 41
8 20 39 55 61
8 21 25 72 68
8 22 75 21 28
8 23 62 41 33
8 24 43 55 56
8 25 49 47 53
8 26 4 90 92
8 27 65 31 43
8 28 5 81 87
8 29 83 16 23
8 30 42 63 63
8 31 4 81 94
8 32 44 53 60
8 33 60 36 42
8 34 54 52 48
8 35 90 8 13
8 36 12 89 79
8 37 91 17 11
8 38 13 74 81
8 39 78 29 27
8 40 75 23 26
8 41 91 17 15
8 42 78 26 18
8 43 41 56 53
8 44 60 47 41
8 45 94 12 7
8 46 24 66 65
8 47 89 13 20
9 10 47 48 45
9 11 48 47 55
9 12 3 85 94
9 13 63 38 40
9 14 69 36 39
9 15 28 64 64
9 16 7 81 81
9 17 49 54 45
9 18 23 78 79
9 19 60 35 41
9 20 5 94 83
9 21 71 38 28
9 22 38 64 66
9 23 28 75 72
9 24 57 39 49
9 25 50 48 54
9 26 26 77 63
9 27 62 34 38
9 28 10 87 90
9 29 32 61 57
9 30 92 21 15
9 31 83 19 23
9 32 1 95 95
9 33 47 49 51
9 34 62 32 32
9 35 79 17 19
9 36 78 21 20
9 37 76 31 22
9 38 88 9 16
9 39 51 54 49
9 40 83 18 26
9 41 21 74 79
9 42 79 31 30
9 43 50 47 48
9 44 96 12 6
9 45 40 54 61
9 46 57 43 49
9 47 75 25 29
10 11 9 85 76
10 12 84 20 25
10 13 16 73 78
10 14 10 79 83
10 15 94 12 11
10 16 78 26 20
10 17 33 61 65
10 18 27 74 66
10 19 30 70 73
10 20 62 33 34
10 21 76 32 27
10 22 79 18 29
10 23 48 58 56
10 24 13 80 78
10 25 51 54 48
10 26 68 35 41
10 27 67 41 27
10 28 1 87 90
10 29 27 72 68
10 30 12 83 80
10 31 54 48 39
10 32 37 64 63
10 33 34 67 67
10 34 63 32 37
10 35 97 13 14
10 36 61 39 45
10 37 18 79 71
10 38 16 73 81
10 39 17 74 79
10 40 2 86 85
10 41 72 32 32
10 42 80 18 29
10 43 39 58 54
10 44 72 28 35
10 45 72 35 34
10 46 89 9 16
10 47 55 51 42
11 12 4 87 86
11 13 86 16 25
11 14 80 17 23
11 15 46 47 52
11 16 11 80 85
11 17 31 60 67
11 18 3 95 82
11 19 5 88 87
11 20 4 92 85
11 21 65 38 40
11 22 38 62 56
11 23 85 19 18
11 24 31 68 60
11 25 33 57 67
11 26 90 20 19
11 27 2 96 87
11 28 25 63 68
11 29 40 55 57
11 30 52 44 54
11 31 32 72 70
11 32 44 56 59
11 33 58 36 45
11 34 27 70 66
11 35 49 44 49
11 36 87 12 20
11 37 66 32 43
11 38 16 77 77
11 39 70 30 30
11 40 70 25 25
11 41 26 74 68
11 42 66 31 32
11 43 83 20 27
11 44 10 77 89
11 45 0 86 94
11 46 6 85 80
11 47 13 80 84
12 13 32 62 71
12 14 77 26 26
12 15 83 17 22
12 16 38 61 52
12 17 50 42 51
12 18 78 29 22
12 19 89 23 17
12 20 79 31 17
12 21 90 22 12
12 22 20 74 68
12 23 4 87 92
12 24 40 60 53
12 25 77 19 26
12 26 10 84 86
12 27 5 87 85
12 28 39 57 62
12 29 11 79 86
12 30 83 23 16
12 31 3 92 85
12 32 44 54 55
12 33 36 68 56
12 34 23 65 74
12 35 41 51 63
12 36 28 71 73
12 37 7 90 80
12 38 14 74 76
12 39 81 22 30
12 40 67 29 32
12 41 96 16 15
12 42 63 35 33
12 43 7 88 81
12 44 92 17 6
12 45 3 85 87
12 46 47 50 54
12 47 57 41 50
13 14 98 15 10
13 15 54 49 45
13 16 5 94 84
13 17 86 25 24
13 18 18 80 77
13 19 81 24 19
13 20 12 78 78
13 21 66 29 32
13 22 88 18 23
13 23 59 38 41
13 24 20 81 74
13 25 97 8 4
13 26 53 52 50
13 27 6 79 92
13 28 36 67 65
13 29 59 40 36
13 30 18 80 84
13 31 53 51 45
13 32 13 76 82
13 33 97 16 3
13 34 59 45 35
13 35 3 82 90
13 36 61 42 43
13 37 28 64 70
13 38 78 22 30
13 39 57 47 45
13 40 36 66 65
13 41 42 60 56
13 42 58 45 49
13 43 91 10 7
13 44 73 22 34
13 45 63 45 37
13 46 28 67 72
13 47 67 31 39
14 15 49 45 45
14 16 64 43 35
14 17 84 24 20
14 18 14 74 85
14 19 89 17 18
14 20 72 26 37
14 21 25 76 66
14 22 44 51 60
14 23 74 24 36
14 24 71 29 27
14 25 93 19 9
14 26 23 74 72
14 27 19 70 68
14 28 22 69 68
14 29 27 75 73
14 30 78 25 26
14 31 63 42 37
14 32 94 13 7
14 33 14 85 82
14 34 70 38 27
14 35 43 54 59
14 36 76 26 28
14 37 24 69 71
14 38 39 65 64
14 39 53 45 43
14 40 54 42 44
14 41 16 73 78
14 42 17 78 70
14 43 27 71 67
14 44 44 62 57
14 45 81 23 22
14 46 50 48 55
14 47 27 64 72
15 16 57 47 47
15 17 29 67 64
15 18 31 67 62
15 19 66 33 34
15 20 44 59 52
15 21 56 42 38
15 22 75 35 25
15 23 43 57 56
15 24 72 32 30
15 25 68 32 36
15 26 27 73 76
15 27 81 29 18
15 28 58 40 43
15 29 72 26 34
15 30 71 29 37
15 31 30 63 71
15 32 82 23 16
15 33 9 82 87
15 34 94 9 12
15 35 45 53 53
15 36 46 58 47
15 37 56 47 40
15 38 1 89 89
15 39 91 10 15
15 40 94 16 15
15 41 59 45 36
15 42 52 52 42
15 43 25 76 64
15 44 24 77 65
15 45 99 15 12
15 46 7 91 91
15 47 12 85 76
16 17 28 74 71
16 18 67 32 40
16 19 24 74 70
16 20 7 82 89
16 21 6 94 93
16 22 67 35 38
16 23 83 25 23
16 24 0 94 98
16 25 7 90 90
16 26 74 25 25
16 27 1 86 91
16 28 40 51 51
16 29 37 59 68
16 30 54 43 48
16 31 28 74 65
16 32 43 61 61
16 33 37 59 67
16 34 25 75 77
16 35 34 62 59
16 36 5 84 88
16 37 69 33 38
16 38 41 59 49
16 39 12 89 86
16 40 88 17 11
16 41 89 13 13
16 42 76 31 31
16 43 56 42 47
16 44 85 23 21
16 45 40 64 53
16 46 57 44 48
16 47 86 15 22
17 18 85 15 20
17 19 2 82 94
17 20 38 63 61
17 21 84 24 16
17 22 98 2 0
17 23 53 42 47
17 24 4 87 86
17 25 14 81 86
17 26 72 38 28
17 27 20 70 68
17 28 13 79 75
17 29 23 78 76
17 30 85 16 16
17 31 65 37 38
17 32 90 20 9
17 33 97 16 3
17 34 88 14 12
17 35 13 79 81
17 36 67 42 30
17 37 34 57 58
17 38 83 20 20
17 39 99 9 0
17 40 0 87 99
17 41 26 67 67
17 42 46 52 54
17 43 72 24 30
17 44 47 54 46
17 45 55 47 41
17 46 18 79 77
17 47 43 61 51
18 19 13 76 76
18 20 75 25 31
18 21 50 53 43
18 22 31 68 67
18 23 96 11 6
18 24 29 72 71
18 25 13 74 84
18 26 49 48 51
18 27 72 28 32
18 28 2 95 89
18 29 99 1 2
18 30 39 54 61
18 31 23 67 65
18 32 0 94 88
18 33 48 57 47
18 34 12 81 80
18 35 19 71 68
18 36 31 67 69
18 37 72 35 29
18 38 52 54 53
18 39 31 72 65
18 40 20 68 76
18 41 9 84 88
18 42 93 20 19
18 43 43 55 53
18 44 33 68 67
18 45 28 61 72
18 46 98 2 13
18 47 8 92 80
19 20 49 46 52
19 21 47 53 59
19 22 50 53 48
19 23 6 83 90
19 24 23 78 78
19 25 29 61 69
19 26 40 60 59
19 27 64 36 37
19 28 8 91 81
19 29 97 3 14
19 30 34 66 70
19 31 32 66 59
19 32 57 40 40
19 33 69 40 36
19 34 96 16 14
19 35 34 65 66
19 36 93 14 8
19 37 13 80 88
19 38 76 30 34
19 39 88 13 11
19 40 93 17 7
19 41 21 70 76
19 42 91 8 21
19 43 58 47 46
19 44 57 39 48
19 45 35 57 67
19 46 32 61 60
19 47 18 81 81
20 21 4 88 94
20 22 2 83 88
20 23 47 46 53
20 24 29 66 68
20 25 82 29 23
20 26 46 50 51
20 27 4 94 89
20 28 55 40 38
20 29 91 13 8
20 30 48 49 45
20 31 38 52 65
20 32 10 81 90
20 33 54 45 51
20 34 25 63 73
20 35 81 20 20
20 36 28 65 66
20 37 99 3 6
20 38 36 68 57
20 39 87 25 23
20 40 67 39 33
20 41 98 8 5
20 42 48 58 50
20 43 7 87 91
20 44 28 73 73
20 45 17 84 76
20 46 52 50 51
20 47 51 54 51
21 22 20 76 81
21 23 26 74 76
21 24 23 66 66
21 25 56 44 46
21 26 10 82 84
21 27 54 44 50
21 28 60 45 46
21 29 39 51 60
21 30 73 37 29
21 31 84 19 25
21 32 50 54 46
21 33 73 32 26
21 34 84 20 19
21 35 73 29 24
21 36 47 44 59
21 37 10 82 82
21 38 77 25 30
21 39 45 58 53
21 40 17 82 77
21 41 76 20 31
21 42 66 42 41
21 43 86 18 18
21 44 23 79 71
21 45 40 60 53
21 46 40 57 54
21 47 20 77 69
22 23 99 7 11
22 24 91 16 20
22 25 26 65 73
22 26 70 34 27
22 27 86 12 16
22 28 37 59 58
22 29 82 23 27
22 30 48 54 44
22 31 21 73 73
22 32 64 31 33
22 33 41 49 50
22 34 37 61 57
22 35 40 56 60
22 36 98 8 13
22 37 88 13 20
22 38 68 28 39
22 39 33 67 65
22 40 27 62 67
22 41 38 56 61
22 42 77 24 27
22 43 82 28 27
22 44 17 80 81
22 45 89 18 11
22 46 49 48 43
22 47 45 59 50
23 24 96 10 6
23 25 20 77 72
23 26 99 4 8
23 27 88 13 13
23 28 12 83 82
23 29 7 79 92
23 30 24 67 64
23 31 18 70 80
23 32 26 75 64
23 33 83 29 16
23 34 51 51 54
23 35 52 53 51
23 36 52 45 40
23 37 20 71 69
23 38 98 6 8
23 39 7 81 80
23 40 35 64 64
23 41 13 88 76
23 42 45 56 57
23 43 19 81 76
23 44 55 48 42
23 45 45 59 60
23 46 62 35 40
23 47 78 21 32
24 25 22 75 66
24 26 69 39 30
24 27 86 26 12
24 28 30 60 72
24 29 73 28 34
24 30 42 51 62
24 31 55 38 40
24 32 86 22 26
24 33 70 39 26
24 34 81 19 22
24 35 37 66 55
24 36 48 45 58
24 37 48 50 55
24 38 84 13 13
24 39 90 11 19
24 40 38 64 57
24 41 74 25 36
24 42 17 84 79
24 43 91 21 20
24 44 47 51 51
24 45 9 84 86
24 46 67 42 35
24 47 15 76 83
25 26 28 73 73
25 27 96 9 8
25 28 89 15 10
25 29 29 65 61
25 30 43 61 53
25 31 76 25 29
25 32 0 91 87
25 33 87 12 23
25 34 0 91 85
25 35 90 22 21
25 36 66 41 29
25 37 15 76 76
25 38 58 47 44
25 39 33 57 68
25 40 57 46 41
25 41 27 63 74
25 42 55 46 42
25 43 5 91 88
25 44 79 20 30
25 45 86 17 26
25 46 83 21 28
25 47 34 59 57
26 27 13 76 80
26 28 92 9 20
26 29 66 30 41
26 30 53 50 39
26 31 49 53 43
26 32 30 70 74
26 33 16 83 76
26 34 66 30 34
26 35 43 53 57
26 36 4 91 93
26 37 25 68 66
26 38 19 79 81
26 39 51 53 44
26 40 87 15 18
26 41 39 65 59
26 42 17 85 75
26 43 60 38 43
26 44 8 86 90
26 45 84 24 18
26 46 7 85 79
26 47 17 83 73
27 28 98 6 2
27 29 63 42 35
27 30 87 21 12
27 31 22 79 75
27 32 20 80 74
27 33 55 38 40
27 34 38 52 57
27 35 80 17 26
27 36 31 61 63
27 37 32 66 59
27 38 55 40 50
27 39 74 27 30
27 40 87 21 12
27 41 80 17 24
27 42 32 67 58
27 43 58 49 39
27 44 70 38 36
27 45 61 43 35
27 46 58 48 38
27 47 39 56 54
28 29 28 72 72
28 30 38 54 52
28 31 13 82 78
28 32 87 15 21
28 33 4 87 81
28 34 76 20 23
28 35 41 58 63
28 36 73 29 34
28 37 95 16 15
28 38 94 10 15
28 39 66 38 36
28 40 23 70 76
28 41 78 32 22
28 42 78 19 24
28 43 45 59 46
28 44 35 61 64
28 45 49 55 51
28 46 75 33 28
28 47 32 69 59
29 30 6 90 92
29 31 67 39 31
29 32 56 48 47
29 33 78 30 18
29 34 67 42 33
29 35 2 90 83
29 36 80 16 28
29 37 77 33 30
29 38 32 66 60
29 39 60 35 40
29 40 62 37 41
29 41 44 61 55
29 42 84 27 16
29 43 44 50 47
29 44 1 84 87
29 45 39 58 59
29 46 6 79 88
29 47 16 84 76
30 31 2 93 95
30 32 8 82 79
30 33 20 77 81
30 34 84 14 24
30 35 85 17 21
30 36 54 53 45
30 37 20 82 77
30 38 68 39 30
30 39 37 62 62
30 40 9 79 87
30 41 19 79 80
30 42 69 30 36
30 43 53 53 51
30 44 12 78 82
30 45 85 17 26
30 46 55 48 45
30 47 98 14 1
31 32 30 73 72
31 33 25 65 77
31 34 29 67 75
31 35 18 75 81
31 36 7 81 83
31 37 65 41 36
31 38 54 46 49
31 39 92 7 8
31 40 70 26 28
31 41 91 15 11
31 42 67 31 29
31 43 80 21 27
31 44 30 65 62
31 45 64 36 30
31 46 85 12 26
31 47 47 45 57
32 33 26 76 65
32 34 65 41 35
32 35 99 8 13
32 36 58 43 45
32 37 4 85 91
32 38 40 57 57
32 39 81 25 25
32 40 89 9 18
32 41 96 5 15
32 42 35 59 59
32 43 63 31 40
32 44 29 73 61
32 45 79 22 31
32 46 58 40 39
32 47 66 28 39
33 34 58 41 43
33 35 56 48 49
33 36 91 12 15
33 37 0 89 87
33 38 20 70 72
33 39 6 92 83
33 40 29 68 71
33 41 23 71 76
33 42 88 20 14
33 43 52 54 45
33 44 48 48 55
33 45 62 33 40
33 46 22 79 71
33 47 37 62 63
34 35 81 22 19
34 36 47 57 56
34 37 7 82 93
34 38 12 81 84
34 39 23 73 68
34 40 28 69 61
34 41 49 47 54
34 42 92 11 10
34 43 78 27 25
34 44 19 75 73
34 45 39 55 54
34 46 92 20 11
34 47 89 11 15
35 36 19 75 82
35 37 56 41 49
35 38 48 51 48
35 39 45 48 56
35 40 31 67 59
35 41 46 55 49
35 42 46 57 58
35 43 45 46 53
35 44 58 43 36
35 45 31 71 65
35 46 17 70 72
35 47 70 26 25
36 37 24 69 70
36 38 99 5 6
36 39 32 69 66
36 40 59 44 47
36 41 39 57 66
36 42 84 25 20
36 43 63 34 32
36 44 71 32 25
36 45 44 52 60
36 46 62 42 39
36 47 18 81 81
37 38 58 47 36
37 39 59 47 36
37 40 58 37 35
37 41 48 49 49
37 42 2 91 94
37 43 15 86 72
37 44 50 47 44
37 45 8 80 91
37 46 40 52 56
37 47 62 36 36
38 39 70 39 35
38 40 42 49 51
38 41 97 8 16
38 42 83 17 20
38 43 39 54 65
38 44 77 23 22
38 45 88 21 12
38 46 95 15 15
38 47 21 76 75
39 40 22 70 68
39 41 49 54 48
39 42 44 55 62
39 43 66 29 31
39 44 44 61 56
39 45 35 62 58
39 46 14 75 85
39 47 32 57 63
40 41 17 71 79
40 42 90 23 16
40 43 58 44 41
40 44 45 51 50
40 45 75 30 27
40 46 6 88 82
40 47 22 66 75
41 42 10 82 77
41 43 29 60 68
41 44 9 91 80
41 45 31 67 69
41 46 38 57 64
41 47 92 7 6
42 43 11 75 82
42 44 71 26 29
42 45 81 25 24
42 46 85 17 24
42 47 79 22 25
43 44 9 78 91
43 45 69 27 35
43 46 83 27 21
43 47 11 76 82
44 45 95 11 13
44 46 68 40 33
44 47 83 20 21
45 46 0 91 99
45 47 41 59 58
46 47 35 66 55
