17 8
0 0 0 0.5 0.5 0 0 0 
0 1 75 49 68 82 18 33 9 28
0 2 85 43 76 7 60 54 40 46
0 3 74 38 59 18 7 54 22 67
0 4 98 54 56 74 15 8 71 54
0 5 88 65 24 10 50 24 81 64
0 6 52 69 9 47 41 43 25 16
0 7 96 57 5 22 79 57 44 58
0 8 64 29 78 49 58 68 37 31
0 9 7 66 83 44 28 87 29 80
0 10 15 38 82 55 60 17 87 86
0 11 14 23 25 73 77 39 43 54
0 12 88 64 78 18 6 52 53 38
0 13 2 43 38 47 71 54 61 23
0 14 13 49 30 92 55 19 83 43
0 15 75 65 40 58 5 35 29 66
0 16 26 19 59 78 87 85 16 54
1 2 30 64 67 88 21 67 16 40
1 3 48 19 67 86 14 23 29 46
1 4 51 38 79 56 62 31 48 63
1 5 36 65 43 54 83 17 28 54
1 6 70 84 74 20 58 79 21 40
1 7 96 41 55 38 56 54 30 13
1 8 31 77 27 53 46 43 57 17
1 9 23 60 50 74 17 95 49 65
1 10 83 80 77 72 7 35 81 44
1 11 84 77 12 22 36 48 72 26
1 12 99 79 62 19 67 31 62 46
1 13 59 21 8 30 74 85 79 44
1 14 20 64 33 55 58 35 78 72
1 15 71 28 50 77 81 53 55 25
1 16 34 58 67 39 20 55 79 68
2 3 7 56 29 21 88 19 85 22
2 4 15 60 62 57 24 22 61 36
2 5 51 15 46 79 53 83 66 38
2 6 33 87 14 18 71 21 31 85
2 7 4 43 58 39 38 49 33 24
2 8 91 62 24 71 61 79 22 50
2 9 30 80 71 61 36 33 56 67
2 10 92 55 73 3 43 71 12 61
2 11 93 39 51 30 57 47 55 42
2 12 70 49 69 78 63 6 11 28
2 13 36 14 43 87 26 61 59 54
2 14 21 62 68 47 68 16 22 16
2 15 26 29 78 72 68 24 18 60
2 16 93 57 23 5 7 52 21 13
3 4 49 13 75 11 10 56 14 24
3 5 2 90 54 66 25 68 25 48
3 6 55 76 35 88 64 73 77 24
3 7 36 78 14 67 84 57 37 23
3 8 65 8 6 72 69 8 69 74
3 9 18 48 63 32 45 86 72 71
3 10 14 19 61 41 93 87 63 36
3 11 83 21 56 51 33 55 78 37
3 12 25 17 15 59 87 67 89 91
3 13 38 35 38 27 79 51 18 81
3 14 98 16 53 2 3 21 54 11
3 15 25 53 80 71 92 50 59 88
3 16 83 83 77 82 74 20 49 20
4 5 87 54 8 54 34 27 34 53
4 6 4 50 29 73 24 83 73 44
4 7 94 20 19 33 66 37 68 21
4 8 94 8 56 49 51 5 60 15
4 9 84 53 25 13 69 43 57 40
4 10 85 59 12 35 21 44 30 69
4 11 95 5 70 39 2 74 59 66
4 12 51 38 21 21 48 35 75 72
4 13 32 91 87 74 60 76 71 44
4 14 10 68 77 41 22 74 77 94
4 15 6 36 82 87 69 33 21 94
4 16 15 38 79 40 51 73 78 81
5 6 45 50 51 66 81 24 29 30
5 7 44 79 44 85 41 15 29 27
5 8 16 34 21 24 68 18 56 35
5 9 50 39 16 68 48 22 34 35
5 10 96 50 17 44 57 79 27 75
5 11 86 74 70 65 56 77 21 31
5 12 88 69 12 31 68 32 40 18
5 13 91 45 64 55 4 11 71 38
5 14 1 71 47 22 23 68 51 31
5 15 81 49 7 16 78 5 60 7
5 16 49 46 34 84 12 86 85 67
6 7 59 73 14 66 78 42 10 31
6 8 85 46 77 55 10 61 59 8
6 9 84 11 71 3 48 62 62 75
6 10 88 7 33 61 59 73 41 51
6 11 87 34 62 31 44 52 16 81
6 12 45 40 26 52 49 66 64 50
6 13 59 46 10 21 49 23 58 46
6 14 23 28 53 55 70 77 20 62
6 15 87 61 53 24 68 15 73 64
6 16 82 54 71 11 59 73 82 9
7 8 15 42 40 54 32 43 17 47
7 9 54 66 31 54 16 65 69 56
7 10 36 26 59 37 89 14 63 66
7 11 52 38 61 46 11 88 31 20
7 12 62 37 70 61 21 10 28 25
7 13 84 44 15 77 12 17 37 52
7 14 88 39 42 19 18 18 9 72
7 15 36 33 50 23 15 80 42 80
7 16 48 66 85 41 19 76 64 32
8 9 11 43 68 89 45 37 70 24
8 10 1 37 92 25 24 94 20 61
8 11 40 15 90 45 58 70 69 68
8 12 27 80 63 43 74 26 24 30
8 13 79 82 78 79 17 63 72 7
8 14 11 86 59 47 56 37 52 74
8 15 74 65 15 20 61 71 28 77
8 16 32 53 63 14 68 63 84 48
9 10 19 62 22 60 35 86 71 35
9 11 18 16 76 46 27 35 76 41
9 12 61 67 39 74 15 79 61 76
9 13 85 34 21 45 51 26 74 43
9 14 14 37 45 17 18 52 42 94
9 15 8 46 64 58 33 57 19 95
9 16 99 22 16 47 66 54 2 49
10 11 86 20 38 82 5 57 68 72
10 12 55 21 15 77 15 55 41 11
10 13 42 81 56 78 90 22 73 78
10 14 27 53 18 62 88 94 63 58
10 15 14 54 33 86 45 91 54 70
10 16 74 35 70 21 75 79 63 82
11 12 56 70 43 81 63 25 44 23
11 13 43 63 57 84 82 43 65 21
11 14 28 15 87 92 15 24 76 62
11 15 19 80 94 38 76 71 21 69
11 16 60 26 82 20 46 42 57 22
12 13 44 14 66 83 23 53 51 83
12 14 35 18 48 41 32 71 48 65
12 15 74 36 53 23 62 58 57 26
12 16 12 97 33 85 94 49 23 53
13 14 16 66 27 17 75 76 19 50
13 15 39 85 87 72 65 21 85 85
13 16 94 77 46 66 76 62 76 34
14 15 3 62 70 46 38 50 52 95
14 16 1 86 51 37 97 96 92 98
15 16 97 7 69 0 76 13 8 32
