20 8
0 0 0 0.5 0.5 0 0 0 
0 1 26 45 30 73 66 40 47 88
0 2 6 72 40 19 59 33 23 89
0 3 2 30 68 55 36 32 49 34
0 4 9 31 66 69 39 27 48 64
0 5 1 39 97 56 44 76 35 21
0 6 22 20 47 54 45 23 31 83
0 7 76 60 76 5 29 23 26 63
0 8 39 42 62 38 14 83 26 83
0 9 35 19 36 48 72 83 41 60
0 10 74 23 9 61 41 11 48 34
0 11 86 58 19 55 34 35 76 49
0 12 2 90 66 75 94 97 74 67
0 13 62 48 71 81 59 17 87 11
0 14 17 60 64 32 22 53 47 22
0 15 41 81 55 53 63 12 18 26
0 16 72 55 41 48 46 37 75 66
0 17 58 71 59 20 23 76 47 70
0 18 64 74 44 34 27 43 64 42
0 19 96 2 71 50 64 23 58 8
1 2 99 42 79 21 28 14 13 30
1 3 78 17 20 44 79 16 79 12
1 4 69 10 78 82 52 36 22 10
1 5 84 80 60 80 28 41 49 36
1 6 93 53 56 14 25 21 15 19
1 7 54 39 66 88 43 57 33 53
1 8 56 78 53 87 32 23 49 8
1 9 56 85 36 68 78 74 81 61
1 10 93 16 60 72 62 73 45 23
1 11 10 69 65 41 94 71 53 33
1 12 43 60 82 82 45 20 70 20
1 13 93 47 41 74 42 18 52 19
1 14 88 68 49 74 42 53 78 15
1 15 66 20 9 40 50 66 24 60
1 16 11 38 88 66 32 78 58 85
1 17 69 62 81 44 49 55 78 31
1 18 16 57 28 68 41 62 22 44
1 19 53 33 57 60 35 64 10 64
2 3 31 65 54 48 18 63 69 46
2 4 69 46 68 31 65 37 57 49
2 5 65 64 14 84 15 64 80 51
2 6 1 89 35 49 65 32 84 39
2 7 69 85 23 21 16 33 29 46
2 8 53 28 40 26 45 40 46 18
2 9 57 33 21 63 66 76 60 86
2 10 29 49 91 91 86 45 21 89
2 11 57 64 31 11 33 84 54 55
2 12 10 24 46 80 68 47 41 26
2 13 29 28 78 22 19 90 63 16
2 14 42 34 35 51 89 64 21 39
2 15 52 10 79 40 44 20 16 53
2 16 77 33 18 80 19 7 47 16
2 17 38 82 37 89 49 80 55 83
2 18 17 64 36 51 36 46 28 61
2 19 41 65 54 79 38 49 74 73
3 4 37 86 23 35 81 76 37 38
3 5 49 46 86 72 43 64 14 36
3 6 43 26 86 75 60 60 65 45
3 7 69 81 83 8 30 59 58 18
3 8 65 46 85 72 54 9 75 7
3 9 85 39 12 63 62 11 68 40
3 10 33 23 51 44 65 75 21 74
3 11 79 64 78 79 82 55 51 78
3 12 25 80 79 83 70 64 45 45
3 13 76 30 73 22 20 6 55 77
3 14 13 61 73 75 79 52 25 22
3 15 1 87 76 83 58 41 56 54
3 16 89 62 16 13 40 80 45 63
3 17 95 67 46 37 42 4 44 50
3 18 22 51 90 82 89 90 21 32
3 19 38 65 28 47 60 84 78 56
4 5 89 2 7 71 60 32 58 53
4 6 97 31 19 9 59 8 44 47
4 7 21 43 41 58 27 28 89 54
4 8 14 77 42 50 84 51 20 19
4 9 10 46 84 81 86 68 47 38
4 10 29 75 78 20 55 36 94 37
4 11 94 75 6 76 30 71 80 65
4 12 46 15 55 15 39 69 47 53
4 13 49 71 75 14 15 45 24 75
4 14 26 16 31 80 54 69 79 16
4 15 70 31 58 20 66 32 51 75
4 16 76 57 28 13 59 82 54 52
4 17 20 61 77 78 82 83 26 16
4 18 48 40 62 21 22 83 82 40
4 19 1 80 94 84 68 80 49 30
5 6 25 67 76 61 81 68 35 78
5 7 72 9 32 57 37 37 27 84
5 8 17 27 47 60 77 47 67 16
5 9 86 37 70 21 27 64 60 44
5 10 43 82 24 34 36 72 20 63
5 11 76 14 27 30 25 71 57 44
5 12 37 45 23 58 77 50 47 90
5 13 43 27 72 77 90 75 57 83
5 14 15 71 75 49 65 52 95 61
5 15 90 71 76 20 36 16 34 69
5 16 99 79 28 21 42 28 78 23
5 17 7 61 84 60 77 87 21 94
5 18 61 82 59 45 22 64 59 40
5 19 69 32 35 16 38 25 58 13
6 7 23 84 28 64 85 88 87 77
6 8 97 40 64 27 16 61 57 17
6 9 24 29 47 54 56 66 17 15
6 10 50 82 34 81 79 41 29 44
6 11 8 48 92 56 24 32 19 49
6 12 97 29 64 32 26 10 50 48
6 13 38 49 55 50 20 60 53 52
6 14 25 58 93 62 57 50 59 52
6 15 29 37 68 42 29 66 74 54
6 16 51 42 44 38 61 84 55 79
6 17 21 75 80 60 65 16 78 20
6 18 58 29 23 84 11 38 72 78
6 19 36 53 61 80 30 48 32 53
7 8 37 51 53 34 73 58 47 58
7 9 87 72 81 63 29 67 66 39
7 10 63 60 60 35 58 42 71 40
7 11 73 57 45 27 83 21 38 72
7 12 25 61 35 18 65 79 30 80
7 13 79 13 60 28 56 19 8 38
7 14 56 10 73 56 38 18 14 44
7 15 50 51 60 52 36 11 61 20
7 16 42 83 45 17 89 18 91 54
7 17 8 49 76 82 63 22 23 96
7 18 61 63 47 14 11 9 28 64
7 19 53 24 42 39 24 77 30 21
8 9 42 64 75 66 44 43 50 48
8 10 44 55 12 44 52 74 40 37
8 11 97 61 52 15 19 77 77 24
8 12 98 64 58 25 71 55 33 57
8 13 49 13 12 55 84 36 34 79
8 14 77 49 57 6 52 40 48 53
8 15 52 84 80 24 35 26 38 86
8 16 1 52 64 31 67 91 79 83
8 17 73 31 79 29 44 84 27 68
8 18 37 39 36 54 72 51 75 46
8 19 16 79 22 82 20 55 45 61
9 10 84 27 26 66 79 72 57 24
9 11 51 20 10 29 15 61 38 64
9 12 39 43 29 75 55 42 70 57
9 13 94 65 49 30 49 45 42 38
9 14 39 33 29 61 44 25 57 51
9 15 26 49 24 36 52 48 47 76
9 16 26 67 62 23 56 26 70 21
9 17 42 14 12 88 23 56 56 50
9 18 67 70 59 12 38 44 22 16
9 19 44 16 68 52 39 38 27 80
10 11 61 60 51 47 18 13 52 39
10 12 86 39 32 19 76 41 32 18
10 13 99 11 57 77 71 13 56 42
10 14 62 9 62 38 27 15 56 42
10 15 82 57 57 29 34 80 73 16
10 16 82 31 70 4 18 81 4 25
10 17 8 38 79 66 53 59 45 42
10 18 0 75 45 99 98 28 60 63
10 19 47 53 61 17 69 14 50 39
11 12 41 16 29 86 75 46 22 45
11 13 81 43 67 62 14 58 62 8
11 14 74 49 20 10 37 56 11 64
11 15 99 35 68 50 34 45 65 4
11 16 50 22 10 38 80 62 81 46
11 17 27 91 48 50 87 70 25 77
11 18 60 10 41 24 16 11 64 57
11 19 49 66 35 47 89 76 15 67
12 13 45 11 62 38 74 60 43 43
12 14 44 44 28 67 12 71 20 50
12 15 20 55 46 69 63 30 39 51
12 16 58 38 43 37 65 11 82 61
12 17 88 48 38 33 78 56 76 26
12 18 95 67 43 41 54 18 25 78
12 19 71 11 37 36 30 79 73 26
13 14 9 25 91 35 67 45 63 66
13 15 9 79 46 94 65 85 56 86
13 16 51 35 39 58 47 21 59 51
13 17 46 69 86 80 61 54 87 64
13 18 63 14 8 54 82 21 70 64
13 19 63 32 33 81 50 46 51 35
14 15 43 88 28 38 55 11 81 26
14 16 19 95 68 22 73 43 52 71
14 17 38 14 56 43 63 76 50 19
14 18 67 48 51 7 25 81 79 57
14 19 20 50 82 83 29 47 64 81
15 16 4 51 36 76 47 96 92 53
15 17 11 37 51 37 60 89 40 78
15 18 6 41 64 34 36 80 60 47
15 19 20 66 26 20 65 71 47 54
16 17 72 41 39 52 12 20 53 16
16 18 47 41 26 45 57 66 66 34
16 19 44 39 70 19 43 65 90 70
17 18 71 30 14 81 28 56 71 64
17 19 3 91 32 28 97 62 29 23
18 19 25 17 26 30 80 28 18 77
