20 8
0 0.166667 0.166667 0.166667 0.166667 0.166667 0.166667 0 
0 1 47 42 63 33 73 72 63 71
0 2 97 16 6 40 19 28 45 16
0 3 24 67 69 41 87 78 51 58
0 4 26 47 55 77 59 39 55 72
0 5 62 39 31 55 34 41 35 45
0 6 47 55 62 60 45 27 68 69
0 7 11 84 53 51 58 55 71 69
0 8 17 45 76 48 75 73 67 78
0 9 76 28 46 24 35 41 26 49
0 10 41 76 34 67 56 66 58 45
0 11 67 52 24 65 64 42 57 30
0 12 16 89 68 75 61 78 87 71
0 13 20 52 73 52 73 56 79 45
0 14 2 89 68 58 81 98 86 61
0 15 74 57 54 48 48 53 34 18
0 16 89 53 25 23 47 45 20 17
0 17 86 18 35 52 42 39 33 25
0 18 81 21 12 56 45 17 40 27
0 19 75 33 22 50 14 53 61 52
1 2 25 86 55 73 39 80 62 78
1 3 27 75 61 42 47 73 82 38
1 4 46 62 64 45 30 30 68 64
1 5 32 64 73 59 78 34 79 39
1 6 74 24 20 14 13 38 29 20
1 7 85 11 8 40 51 47 42 45
1 8 18 85 75 47 75 64 77 61
1 9 17 72 74 76 71 46 44 72
1 10 39 44 56 38 52 43 42 41
1 11 68 60 43 37 59 22 37 22
1 12 36 58 51 72 33 80 34 64
1 13 45 42 53 43 50 40 36 41
1 14 34 47 38 71 70 60 79 79
1 15 15 67 48 69 61 71 91 59
1 16 41 60 68 42 64 38 64 40
1 17 26 62 67 70 82 74 68 40
1 18 59 70 26 67 63 50 66 24
1 19 40 66 52 49 54 53 52 55
2 3 90 53 49 18 52 5 42 12
2 4 32 71 42 46 56 81 59 46
2 5 5 62 92 90 93 82 53 86
2 6 45 71 53 67 58 51 30 49
2 7 35 57 59 33 55 45 72 47
2 8 16 50 82 73 71 91 82 59
2 9 77 26 61 21 28 17 33 36
2 10 52 31 59 28 33 42 55 37
2 11 53 65 37 38 63 66 61 66
2 12 51 42 62 36 38 40 67 63
2 13 15 61 65 79 48 72 78 59
2 14 19 48 54 69 79 63 58 51
2 15 82 51 53 15 27 24 10 28
2 16 25 51 51 66 41 66 44 80
2 17 25 45 53 43 80 75 50 40
2 18 66 19 24 41 64 26 61 28
2 19 51 70 36 65 44 55 59 55
3 4 29 84 72 72 72 51 47 50
3 5 7 47 50 72 53 91 71 54
3 6 24 62 45 41 38 77 73 51
3 7 82 32 36 27 42 23 10 43
3 8 59 22 67 42 25 46 35 58
3 9 80 16 37 53 10 42 40 14
3 10 59 56 33 43 47 29 51 29
3 11 76 12 54 44 46 49 20 61
3 12 42 75 33 59 76 72 42 39
3 13 6 82 65 70 85 50 75 91
3 14 14 70 87 59 46 75 48 82
3 15 36 66 36 34 63 49 43 71
3 16 33 45 73 67 50 62 77 48
3 17 41 58 51 66 32 42 76 38
3 18 45 58 72 57 72 42 55 76
3 19 47 57 61 67 60 68 68 73
4 5 33 64 34 69 51 74 51 79
4 6 20 52 42 43 44 63 66 66
4 7 96 24 43 19 31 16 32 11
4 8 7 91 79 81 64 80 51 72
4 9 84 29 16 8 56 45 57 8
4 10 56 68 55 49 56 45 63 52
4 11 74 20 52 55 45 20 13 51
4 12 95 36 42 26 40 29 31 37
4 13 41 53 43 43 49 73 40 40
4 14 11 49 81 74 72 46 62 70
4 15 66 55 27 32 39 60 53 56
4 16 2 79 50 78 79 53 58 78
4 17 62 60 55 48 37 32 47 34
4 18 72 59 20 56 17 46 40 58
4 19 26 48 80 57 39 57 73 68
5 6 83 38 32 42 10 16 55 29
5 7 69 23 63 33 47 27 53 20
5 8 75 15 24 59 22 39 35 61
5 9 19 88 41 72 41 74 66 53
5 10 87 38 46 46 47 39 42 50
5 11 41 42 42 58 69 62 40 32
5 12 0 87 99 73 89 54 85 66
5 13 17 43 66 67 68 74 48 86
5 14 56 45 51 51 30 23 28 65
5 15 4 62 76 80 55 49 94 49
5 16 66 62 48 22 47 36 64 29
5 17 66 16 65 55 32 24 35 64
5 18 16 64 89 91 85 62 75 89
5 19 84 55 11 32 29 17 15 24
6 7 61 57 44 45 48 49 64 33
6 8 71 43 32 27 48 22 49 60
6 9 73 15 21 56 15 51 44 56
6 10 65 39 26 62 25 24 37 25
6 11 6 55 74 49 71 53 95 51
6 12 66 62 52 46 56 52 45 52
6 13 85 39 49 52 38 42 23 56
6 14 17 52 45 77 72 88 57 75
6 15 78 37 46 23 27 34 16 32
6 16 72 34 53 46 38 40 45 14
6 17 60 22 37 33 31 30 58 45
6 18 66 57 50 62 35 46 60 60
6 19 70 63 21 17 39 63 40 16
7 8 4 48 48 49 96 87 85 86
7 9 28 76 76 72 48 37 58 83
7 10 99 26 42 31 44 44 17 42
7 11 87 12 10 51 9 51 12 49
7 12 66 60 21 59 41 47 62 43
7 13 52 32 71 32 68 50 56 37
7 14 7 63 65 77 76 61 71 71
7 15 8 81 69 64 73 66 85 72
7 16 3 88 63 60 53 51 68 84
7 17 19 70 82 65 42 41 74 79
7 18 46 55 29 29 55 48 30 73
7 19 30 80 55 40 71 51 41 83
8 9 30 47 53 83 80 38 62 51
8 10 97 5 39 35 30 49 32 31
8 11 18 75 75 67 85 77 43 73
8 12 17 73 56 66 68 51 48 82
8 13 94 12 44 3 18 43 18 16
8 14 65 42 24 22 44 65 63 29
8 15 49 37 73 47 73 33 59 52
8 16 80 54 50 30 40 27 10 54
8 17 45 42 70 48 58 60 34 29
8 18 80 19 42 37 18 15 46 32
8 19 26 79 57 86 68 51 59 53
9 10 2 52 60 51 57 97 61 78
9 11 58 55 53 64 67 57 30 35
9 12 95 18 33 3 14 10 28 48
9 13 26 48 60 56 58 81 52 66
9 14 78 15 39 60 31 16 12 34
9 15 76 56 18 33 21 37 14 16
9 16 11 74 61 93 56 88 69 67
9 17 3 77 54 56 52 69 55 79
9 18 52 37 45 46 47 54 69 35
9 19 89 6 27 54 44 32 13 50
10 11 91 4 28 31 24 46 4 45
10 12 48 26 62 47 72 55 61 68
10 13 20 65 61 71 69 54 86 54
10 14 53 27 40 62 65 45 39 28
10 15 5 86 95 76 95 57 66 89
10 16 65 28 54 22 48 53 31 63
10 17 18 51 42 55 82 55 49 47
10 18 35 76 78 75 49 54 49 42
10 19 18 76 55 72 76 70 60 79
11 12 95 49 29 26 35 46 30 3
11 13 72 22 37 51 61 32 60 15
11 14 41 51 57 53 53 42 74 77
11 15 73 33 50 27 23 13 48 46
11 16 32 76 44 75 58 82 46 55
11 17 41 66 33 31 54 68 62 75
11 18 65 44 61 36 48 39 23 65
11 19 85 22 16 39 20 32 25 31
12 13 12 77 58 46 81 90 60 62
12 14 23 69 43 41 73 53 53 43
12 15 43 73 53 75 74 52 52 45
12 16 25 81 57 71 77 52 67 78
12 17 1 85 98 72 83 81 58 56
12 18 94 34 29 20 40 33 5 11
12 19 55 69 54 35 28 54 52 38
13 14 90 6 15 13 40 11 27 32
13 15 73 52 33 50 32 26 32 48
13 16 57 39 65 57 62 31 60 45
13 17 66 47 42 39 43 24 62 36
13 18 24 83 87 70 63 71 52 55
13 19 43 70 73 51 57 59 36 33
14 15 88 23 51 37 49 34 8 31
14 16 18 81 49 79 74 85 79 81
14 17 34 33 56 80 80 73 37 42
14 18 84 47 47 10 54 53 52 28
14 19 43 66 43 48 75 52 56 54
15 16 75 56 40 23 49 43 33 55
15 17 29 72 82 50 65 56 81 61
15 18 90 48 39 28 7 20 7 34
15 19 63 25 58 42 27 35 31 40
16 17 53 52 30 45 60 40 51 39
16 18 31 62 84 73 78 52 59 53
16 19 10 77 56 89 90 85 66 60
17 18 47 57 52 41 57 28 57 57
17 19 48 64 44 30 32 42 30 48
18 19 16 62 81 82 88 69 77 50
