38 8
0 0.166667 0.166667 0.166667 0.166667 0.166667 0.166667 0 
0 1 81 26 9 49 18 53 65 83
0 2 37 14 63 41 77 41 57 13
0 3 42 82 76 31 82 65 83 15
0 4 79 20 70 50 34 15 45 44
0 5 0 47 65 76 31 29 69 97
0 6 12 49 60 34 25 56 44 43
0 7 32 78 19 76 38 34 40 26
0 8 25 55 33 67 41 90 80 71
0 9 98 22 33 26 63 41 74 11
0 10 53 71 47 75 55 30 64 60
0 11 77 77 71 65 74 74 49 48
0 12 86 14 70 62 38 27 13 16
0 13 1 30 28 24 42 75 43 28
0 14 50 12 82 87 49 11 25 43
0 15 25 82 77 70 85 57 94 83
0 16 77 39 37 58 54 37 74 81
0 17 91 16 41 43 15 50 2 48
0 18 68 41 18 16 29 29 55 32
0 19 13 72 85 18 26 80 70 48
0 20 49 58 49 86 11 19 86 74
0 21 26 26 89 54 61 35 86 66
0 22 0 39 97 64 71 67 79 59
0 23 9 53 97 48 91 26 64 62
0 24 44 34 82 70 58 51 83 70
0 25 81 10 27 79 10 42 42 51
0 26 13 26 33 92 76 24 74 18
0 27 91 19 26 18 65 81 40 8
0 28 23 74 82 77 60 30 35 31
0 29 46 52 21 11 78 20 41 78
0 30 6 24 57 82 54 84 86 89
0 31 28 23 29 24 21 62 58 39
0 32 81 59 45 36 42 58 3 11
0 33 77 28 17 43 69 9 27 55
0 34 79 13 25 68 26 7 31 9
0 35 10 65 67 37 46 62 96 63
0 36 21 18 76 23 54 87 57 90
0 37 91 19 14 80 43 54 58 70
1 2 54 51 30 83 19 29 15 74
1 3 69 13 69 48 73 78 34 56
1 4 99 69 50 13 58 0 3 19
1 5 54 88 18 14 44 85 71 55
1 6 83 6 33 11 32 31 34 46
1 7 73 21 49 56 51 67 58 56
1 8 46 31 72 73 25 74 46 56
1 9 19 20 44 49 95 94 72 29
1 10 67 71 52 81 26 68 28 10
1 11 58 66 22 28 60 53 47 70
1 12 68 57 32 64 41 75 44 59
1 13 96 33 49 47 15 48 69 51
1 14 26 36 62 15 53 80 22 91
1 15 11 84 60 62 33 29 38 58
1 16 73 82 34 84 77 30 75 50
1 17 67 14 69 56 50 63 72 56
1 18 66 84 79 75 65 13 84 46
1 19 8 70 34 28 81 85 84 21
1 20 90 64 65 38 33 73 57 65
1 21 39 86 23 29 41 63 47 64
1 22 4 47 30 58 51 45 68 29
1 23 84 66 74 48 71 24 57 81
1 24 66 79 36 80 34 27 47 32
1 25 76 26 54 69 20 13 58 17
1 26 30 40 85 28 20 81 77 54
1 27 95 64 8 68 31 10 56 47
1 28 6 18 80 19 41 64 63 92
1 29 14 69 52 33 79 53 89 75
1 30 99 75 77 8 15 10 54 59
1 31 19 63 26 82 59 61 78 82
1 32 1 68 21 72 63 20 32 87
1 33 16 85 54 82 25 93 93 91
1 34 59 14 32 87 26 22 11 14
1 35 60 63 80 17 42 40 66 25
1 36 35 54 72 92 58 75 54 50
1 37 88 20 26 70 74 13 5 39
2 3 47 81 79 88 80 41 83 19
2 4 90 7 58 74 25 81 66 28
2 5 67 81 82 18 33 82 16 79
2 6 52 10 46 24 70 69 56 65
2 7 49 19 58 88 30 64 83 44
2 8 65 16 47 46 17 73 46 60
2 9 41 56 24 17 41 14 82 80
2 10 90 27 43 62 81 64 61 23
2 11 81 13 36 53 46 27 48 74
2 12 84 35 73 65 32 21 36 27
2 13 62 31 77 80 22 68 11 56
2 14 67 33 19 43 31 77 53 9
2 15 58 17 86 70 27 75 58 75
2 16 47 57 55 86 54 72 42 17
2 17 12 41 69 74 51 59 97 74
2 18 68 73 23 75 85 76 18 57
2 19 53 25 11 37 79 62 61 52
2 20 71 78 10 52 80 29 73 24
2 21 98 15 16 20 77 54 41 17
2 22 9 35 28 45 56 55 89 80
2 23 31 44 67 34 81 56 26 81
2 24 25 57 50 43 84 30 24 78
2 25 33 38 28 67 30 31 57 83
2 26 80 5 56 15 64 80 54 24
2 27 85 50 65 5 80 81 48 15
2 28 87 35 12 78 39 78 62 69
2 29 0 32 68 60 53 85 43 51
2 30 9 61 39 88 45 89 91 72
2 31 49 34 30 66 20 67 20 43
2 32 94 8 48 5 67 72 57 70
2 33 78 43 55 13 43 56 8 32
2 34 6 49 59 52 73 62 47 89
2 35 0 95 41 37 24 89 61 68
2 36 32 46 76 91 49 30 72 81
2 37 25 94 19 67 28 53 70 55
3 4 59 19 85 9 49 57 57 65
3 5 93 52 45 26 64 66 24 14
3 6 43 53 36 33 87 36 47 84
3 7 52 81 67 87 62 83 55 12
3 8 81 64 10 78 35 12 79 36
3 9 71 17 52 61 84 71 19 48
3 10 57 18 29 8 13 53 17 28
3 11 94 5 30 8 34 26 65 65
3 12 66 37 18 46 49 81 25 56
3 13 2 20 69 97 23 25 21 71
3 14 55 13 70 29 59 65 18 16
3 15 98 56 74 48 68 77 24 80
3 16 67 41 54 52 53 55 68 25
3 17 36 33 90 69 58 42 25 15
3 18 66 32 81 29 37 63 55 29
3 19 75 60 40 68 63 19 77 30
3 20 74 72 14 71 21 77 58 45
3 21 75 59 43 27 44 59 69 6
3 22 99 2 41 30 4 16 74 9
3 23 87 19 9 13 52 48 57 73
3 24 34 81 71 13 35 31 28 14
3 25 37 78 73 74 80 12 68 79
3 26 19 73 55 82 32 91 50 34
3 27 11 90 25 66 82 63 89 97
3 28 46 21 24 18 79 67 72 47
3 29 8 95 40 48 62 34 39 26
3 30 47 29 20 13 30 12 41 69
3 31 30 46 34 93 65 29 41 43
3 32 10 53 27 25 74 44 48 22
3 33 71 64 41 66 74 52 72 62
3 34 92 80 32 77 59 56 69 54
3 35 59 40 55 47 32 28 45 49
3 36 46 76 54 58 87 37 66 86
3 37 72 53 18 53 49 27 40 16
4 5 16 24 73 29 93 67 20 45
4 6 80 79 55 28 32 41 46 53
4 7 78 53 37 23 55 25 17 53
4 8 94 65 47 57 57 42 22 67
4 9 70 46 26 22 46 62 62 79
4 10 63 46 12 53 17 47 48 82
4 11 69 15 41 10 37 68 30 74
4 12 23 26 21 73 90 78 94 41
4 13 87 63 43 77 55 10 70 76
4 14 40 34 79 80 40 37 71 71
4 15 82 75 9 4 14 11 37 14
4 16 98 33 39 68 40 53 75 11
4 17 38 89 12 52 32 42 42 21
4 18 97 14 7 40 56 62 55 18
4 19 9 49 58 90 51 28 35 24
4 20 33 44 57 26 30 58 86 31
4 21 37 67 27 84 68 81 68 57
4 22 21 51 80 74 42 69 62 94
4 23 71 22 40 65 71 10 47 71
4 24 18 66 93 36 50 38 45 83
4 25 24 63 37 56 43 87 56 73
4 26 68 8 32 13 58 72 26 31
4 27 15 85 56 27 59 85 49 85
4 28 62 16 63 66 85 56 68 69
4 29 90 12 51 71 74 80 14 29
4 30 40 82 66 40 35 27 85 38
4 31 38 60 26 87 68 60 42 73
4 32 55 36 66 68 28 10 28 58
4 33 85 53 54 62 30 7 32 27
4 34 79 70 44 12 10 60 60 20
4 35 63 17 79 14 37 39 72 36
4 36 1 20 45 28 79 76 43 92
4 37 98 63 55 71 12 53 34 26
5 6 42 74 76 66 54 50 20 38
5 7 57 16 42 70 34 86 42 22
5 8 47 74 87 50 24 42 26 46
5 9 91 21 69 6 63 21 4 65
5 10 56 43 41 65 63 59 18 27
5 11 84 46 23 81 42 67 42 36
5 12 62 36 36 80 73 78 16 15
5 13 29 78 82 59 34 45 81 78
5 14 84 14 68 19 15 68 36 3
5 15 98 26 37 67 10 25 29 33
5 16 88 40 82 65 46 9 13 47
5 17 71 12 67 40 41 62 12 65
5 18 99 24 33 67 78 39 18 70
5 19 66 17 24 31 24 23 8 72
5 20 44 59 33 42 45 87 13 87
5 21 71 60 21 15 70 26 56 68
5 22 91 3 13 61 62 38 10 77
5 23 67 46 38 85 71 36 16 24
5 24 33 70 75 25 50 26 79 45
5 25 53 11 56 55 44 78 84 13
5 26 42 38 46 50 89 51 61 54
5 27 43 59 22 29 29 25 52 82
5 28 92 17 9 35 62 5 12 34
5 29 80 58 4 60 81 50 34 39
5 30 99 42 25 27 67 15 54 9
5 31 53 63 43 88 82 29 69 41
5 32 61 35 60 69 55 66 14 54
5 33 58 36 38 58 49 43 52 58
5 34 30 14 90 65 91 81 66 45
5 35 46 28 49 59 10 34 81 20
5 36 2 59 42 46 74 67 85 81
5 37 84 16 13 35 3 51 55 8
6 7 7 86 59 18 91 81 74 36
6 8 95 61 22 29 50 7 67 57
6 9 52 33 60 62 19 24 42 71
6 10 73 70 21 24 16 38 52 73
6 11 59 11 70 31 28 46 68 54
6 12 5 64 67 28 33 39 56 83
6 13 75 84 33 80 62 79 24 73
6 14 65 74 51 68 72 61 8 79
6 15 59 51 82 42 45 43 44 59
6 16 80 73 41 59 72 74 51 63
6 17 0 33 96 78 49 34 77 99
6 18 74 34 44 57 82 62 41 27
6 19 57 17 19 78 18 76 34 44
6 20 33 28 67 90 52 80 31 49
6 21 98 10 17 22 14 28 16 20
6 22 70 61 22 84 61 32 27 79
6 23 56 41 23 17 46 60 17 9
6 24 27 16 16 70 53 90 19 44
6 25 73 40 55 18 79 62 42 47
6 26 4 32 64 37 38 72 96 90
6 27 18 85 21 52 95 66 51 32
6 28 16 60 71 74 86 37 41 68
6 29 15 66 21 90 31 19 65 48
6 30 81 20 45 48 9 26 82 72
6 31 25 66 88 31 47 35 59 49
6 32 31 39 70 87 18 70 55 58
6 33 76 48 39 54 68 81 65 14
6 34 66 36 56 62 38 78 22 86
6 35 72 20 19 74 63 59 60 62
6 36 12 27 35 59 53 47 22 27
6 37 86 57 28 33 5 58 40 48
7 8 47 77 61 40 57 27 60 60
7 9 0 92 28 44 70 87 83 76
7 10 72 58 64 21 9 47 37 8
7 11 44 42 23 34 52 66 64 70
7 12 76 16 48 18 9 25 42 35
7 13 96 62 54 32 28 22 78 67
7 14 42 36 76 40 45 16 48 62
7 15 32 38 50 58 33 74 58 24
7 16 78 55 43 19 35 25 59 43
7 17 64 83 76 17 58 35 54 57
7 18 93 47 27 47 59 69 60 22
7 19 50 63 80 33 87 19 30 74
7 20 74 12 41 42 49 20 62 81
7 21 90 16 40 54 78 47 23 65
7 22 7 77 69 57 25 24 96 36
7 23 85 36 59 7 17 4 60 59
7 24 4 91 43 55 43 81 73 79
7 25 91 13 75 30 7 62 13 31
7 26 14 26 78 56 80 79 31 83
7 27 15 57 19 96 32 61 83 52
7 28 92 36 4 75 53 55 18 9
7 29 22 29 55 50 86 89 20 26
7 30 99 11 34 72 63 56 0 76
7 31 77 46 62 5 47 56 18 27
7 32 36 17 64 23 52 44 43 36
7 33 13 82 42 67 31 53 47 52
7 34 67 58 38 69 73 37 86 44
7 35 41 52 21 47 82 65 79 76
7 36 81 14 76 16 9 5 53 23
7 37 29 57 70 24 19 64 68 22
8 9 98 37 5 66 29 3 16 48
8 10 9 80 26 57 38 58 60 85
8 11 86 61 39 10 78 52 54 80
8 12 48 66 54 51 22 50 40 47
8 13 94 57 6 70 50 69 57 54
8 14 37 63 31 13 73 49 67 28
8 15 42 72 78 37 52 52 55 22
8 16 44 42 26 46 39 41 57 23
8 17 74 84 9 19 48 79 28 67
8 18 13 72 62 54 35 22 27 73
8 19 43 34 52 48 73 65 41 65
8 20 79 13 35 38 49 17 24 43
8 21 89 73 32 67 62 60 18 66
8 22 96 20 14 16 41 20 70 44
8 23 77 82 35 60 64 42 74 19
8 24 37 47 38 27 28 23 38 58
8 25 43 49 19 28 45 47 11 16
8 26 63 66 43 69 78 61 35 9
8 27 43 43 30 81 44 45 47 47
8 28 95 53 62 50 35 30 62 49
8 29 48 64 31 76 88 55 46 59
8 30 20 16 80 93 79 20 32 72
8 31 80 59 20 45 40 40 47 26
8 32 30 77 90 85 51 91 43 39
8 33 65 36 66 10 50 25 38 31
8 34 63 16 38 64 69 64 30 45
8 35 78 28 59 79 61 33 37 20
8 36 53 28 35 48 80 60 46 83
8 37 13 49 35 40 23 40 23 32
9 10 43 22 68 79 85 91 24 84
9 11 53 61 78 37 60 49 38 38
9 12 88 27 52 14 51 23 68 30
9 13 47 70 34 76 34 16 24 60
9 14 91 63 66 38 10 8 63 56
9 15 83 41 12 20 49 29 28 39
9 16 62 51 55 87 49 71 47 62
9 17 37 38 64 87 73 19 52 87
9 18 11 89 17 96 46 27 22 58
9 19 25 94 32 26 48 73 50 61
9 20 98 79 8 71 1 70 2 60
9 21 97 66 59 30 14 24 24 63
9 22 56 42 37 26 77 53 38 44
9 23 76 5 45 19 19 72 61 23
9 24 0 59 68 65 45 48 72 37
9 25 40 27 81 84 15 78 33 78
9 26 97 27 30 29 52 49 44 45
9 27 65 29 33 11 25 69 62 57
9 28 5 44 19 95 97 22 89 88
9 29 88 15 4 23 47 17 50 12
9 30 47 20 32 33 50 72 26 88
9 31 31 28 74 14 37 52 86 52
9 32 56 52 27 50 12 34 87 17
9 33 91 1 51 45 62 28 20 72
9 34 56 29 47 57 9 52 72 38
9 35 37 32 73 88 13 58 13 34
9 36 75 38 8 55 54 34 66 28
9 37 78 27 67 43 67 8 56 29
10 11 75 20 10 40 71 31 72 75
10 12 10 18 94 76 59 95 87 88
10 13 11 41 21 68 43 72 23 79
10 14 62 54 20 54 45 54 52 57
10 15 90 32 72 63 35 80 65 64
10 16 13 86 54 40 35 75 75 32
10 17 70 71 76 49 63 55 15 37
10 18 33 26 64 71 14 59 81 92
10 19 30 72 64 40 31 77 47 29
10 20 38 29 82 21 30 44 45 65
10 21 15 30 62 90 67 46 65 65
10 22 82 7 9 54 9 59 22 6
10 23 86 47 29 24 12 19 66 25
10 24 81 52 42 28 14 39 33 70
10 25 18 41 57 32 91 46 41 66
10 26 78 9 58 40 52 6 6 82
10 27 61 66 76 20 48 74 48 44
10 28 28 83 21 52 87 84 32 93
10 29 50 34 38 69 33 71 80 52
10 30 83 8 43 68 67 55 52 42
10 31 20 68 41 29 78 70 60 83
10 32 19 78 36 26 81 32 83 87
10 33 70 39 21 20 31 31 58 12
10 34 1 28 30 54 43 92 86 92
10 35 46 16 41 44 19 48 60 74
10 36 7 47 19 63 40 25 80 28
10 37 38 13 76 81 53 63 27 32
11 12 22 90 73 74 18 60 46 65
11 13 97 31 27 45 17 62 29 26
11 14 75 7 8 64 6 58 37 14
11 15 44 17 69 31 59 81 87 13
11 16 25 40 71 31 80 42 80 75
11 17 40 53 28 67 48 57 66 86
11 18 30 28 74 90 16 28 32 82
11 19 6 84 21 33 45 95 81 80
11 20 43 85 42 55 33 22 41 36
11 21 98 38 57 75 28 9 11 59
11 22 24 57 88 37 37 93 94 39
11 23 35 24 86 37 61 15 87 39
11 24 34 57 52 80 88 39 63 55
11 25 67 35 43 25 13 51 17 64
11 26 6 44 28 63 26 36 23 39
11 27 94 34 76 53 69 34 4 7
11 28 36 44 47 54 67 64 12 21
11 29 47 39 62 14 74 19 32 24
11 30 29 78 22 36 54 26 84 35
11 31 53 71 16 89 68 36 63 10
11 32 1 61 82 75 85 91 87 61
11 33 16 48 93 80 27 77 42 22
11 34 31 16 32 47 34 41 60 19
11 35 19 93 19 73 87 79 46 49
11 36 8 56 34 78 77 80 68 90
11 37 10 96 70 20 73 20 57 93
12 13 17 50 66 88 75 26 59 25
12 14 87 70 35 13 11 10 38 76
12 15 99 44 48 5 34 27 56 5
12 16 17 16 61 21 66 95 70 91
12 17 21 21 47 83 59 38 84 87
12 18 58 45 82 77 46 32 49 51
12 19 90 47 29 74 25 8 28 67
12 20 13 82 28 41 48 74 75 42
12 21 54 62 43 47 74 84 38 49
12 22 90 48 63 41 29 27 76 32
12 23 24 30 52 64 26 34 69 22
12 24 37 58 43 68 27 72 71 84
12 25 69 39 54 48 58 33 30 21
12 26 18 44 79 57 26 29 31 80
12 27 42 42 57 19 86 51 14 16
12 28 53 12 13 62 67 71 63 37
12 29 95 35 48 65 60 37 68 5
12 30 56 66 64 9 59 15 24 48
12 31 88 18 54 30 11 59 53 77
12 32 17 38 49 95 33 81 53 33
12 33 7 30 53 76 20 66 61 78
12 34 97 48 28 30 62 62 49 55
12 35 78 63 59 64 43 42 77 15
12 36 34 69 74 90 52 28 26 59
12 37 4 93 62 53 56 60 73 69
13 14 10 73 28 48 87 65 26 50
13 15 95 72 23 39 22 13 31 54
13 16 51 28 77 16 88 43 13 49
13 17 8 22 86 88 23 23 86 32
13 18 4 92 80 93 76 96 98 80
13 19 99 57 71 31 75 10 67 74
13 20 33 73 56 26 37 85 25 47
13 21 23 58 82 87 39 55 73 31
13 22 32 49 60 87 47 15 31 24
13 23 69 25 67 70 49 47 51 77
13 24 72 77 20 45 78 17 42 61
13 25 80 55 71 24 49 31 71 70
13 26 47 31 90 40 27 44 17 29
13 27 23 74 42 42 74 38 29 46
13 28 31 37 87 89 69 46 22 84
13 29 30 22 83 91 15 75 61 73
13 30 41 54 63 60 50 24 58 59
13 31 94 57 19 75 49 76 33 78
13 32 66 28 58 21 9 40 80 43
13 33 2 92 59 35 26 31 37 90
13 34 49 60 39 77 46 27 59 27
13 35 30 86 88 33 82 43 55 42
13 36 80 76 33 68 83 21 81 6
13 37 48 64 40 43 77 52 61 79
14 15 56 50 10 29 57 59 8 71
14 16 93 14 40 20 66 43 45 71
14 17 84 69 54 35 35 34 50 69
14 18 75 58 62 57 66 50 20 81
14 19 36 84 92 27 86 29 62 41
14 20 90 24 3 66 8 34 71 51
14 21 63 60 53 26 27 24 64 82
14 22 71 62 85 47 70 75 80 69
14 23 11 28 35 26 84 75 42 54
14 24 25 87 25 54 70 80 72 79
14 25 1 30 62 34 45 64 81 33
14 26 62 38 30 55 18 44 18 82
14 27 33 33 42 39 36 44 33 50
14 28 14 89 23 70 84 82 40 68
14 29 28 22 23 68 94 21 41 93
14 30 38 36 86 34 63 43 16 63
14 31 16 96 85 58 92 90 46 57
14 32 25 74 24 90 75 67 57 70
14 33 34 66 39 49 57 70 80 48
14 34 71 18 21 23 21 19 78 39
14 35 21 76 71 79 45 73 82 70
14 36 78 57 47 8 26 72 61 76
14 37 57 13 36 10 18 72 83 34
15 16 26 62 74 77 18 90 50 49
15 17 90 6 81 40 43 36 2 5
15 18 31 91 17 22 87 72 42 51
15 19 41 89 41 70 17 48 45 51
15 20 6 46 23 39 33 43 56 85
15 21 10 63 43 19 30 71 90 25
15 22 82 50 19 55 13 27 45 12
15 23 70 79 22 36 47 61 73 9
15 24 48 69 44 79 57 64 74 49
15 25 39 28 13 70 81 56 15 64
15 26 82 56 5 27 7 35 49 70
15 27 17 24 38 94 18 73 88 21
15 28 12 51 76 94 24 75 61 24
15 29 76 46 23 56 28 38 32 38
15 30 18 69 78 38 30 44 67 28
15 31 10 76 29 32 76 48 24 81
15 32 0 32 62 64 31 91 94 75
15 33 56 70 36 50 39 86 42 50
15 34 75 75 49 72 59 84 60 36
15 35 79 59 25 67 18 45 32 28
15 36 32 45 68 91 75 35 72 68
15 37 68 78 85 14 77 31 46 46
16 17 40 89 49 88 36 39 90 79
16 18 34 66 30 35 18 22 54 17
16 19 4 92 90 46 96 54 38 57
16 20 20 76 79 22 39 45 18 17
16 21 81 49 56 66 68 56 73 10
16 22 77 55 21 58 8 38 83 62
16 23 93 73 63 39 72 15 56 3
16 24 22 15 37 40 56 78 37 45
16 25 90 36 65 8 75 52 13 75
16 26 65 86 31 37 56 45 30 61
16 27 66 81 50 67 49 24 80 86
16 28 68 11 23 41 44 48 53 23
16 29 54 10 11 83 9 16 39 80
16 30 22 26 56 40 51 74 35 30
16 31 7 89 82 55 65 44 82 84
16 32 38 12 89 67 57 82 77 41
16 33 25 35 69 84 76 34 17 35
16 34 57 35 71 71 25 31 61 25
16 35 60 12 60 54 75 8 23 59
16 36 10 27 60 85 68 70 34 28
16 37 14 56 44 68 40 65 49 43
17 18 47 83 36 27 70 62 29 31
17 19 24 26 57 79 33 68 37 32
17 20 77 64 54 63 80 18 11 41
17 21 27 50 82 55 34 40 42 69
17 22 87 57 36 32 59 67 28 32
17 23 42 24 79 25 78 62 51 19
17 24 37 37 19 67 59 44 16 42
17 25 15 96 76 49 40 44 92 46
17 26 69 17 64 69 69 71 68 32
17 27 82 56 63 62 81 66 20 19
17 28 83 31 33 40 20 67 25 73
17 29 80 26 12 6 69 37 37 71
17 30 77 10 49 11 7 78 68 71
17 31 35 79 62 81 23 50 76 79
17 32 28 64 51 45 31 42 80 25
17 33 34 19 51 33 43 48 58 74
17 34 79 66 49 27 65 64 28 73
17 35 12 18 78 56 88 66 80 32
17 36 12 33 65 45 53 34 84 25
17 37 39 38 49 35 87 67 47 32
18 19 72 71 75 42 62 9 12 6
18 20 63 50 61 80 37 85 14 24
18 21 31 27 49 85 34 37 62 15
18 22 20 19 89 39 56 70 67 54
18 23 85 75 24 5 37 24 74 12
18 24 73 70 38 81 40 55 81 17
18 25 94 33 77 68 5 31 56 42
18 26 13 93 40 48 83 46 90 40
18 27 51 17 14 64 71 66 74 81
18 28 65 23 74 71 59 36 40 77
18 29 58 83 35 44 61 9 31 26
18 30 22 36 88 23 52 26 27 72
18 31 45 49 15 46 52 75 42 25
18 32 73 9 42 30 51 6 13 13
18 33 20 45 74 79 51 55 29 86
18 34 30 53 59 90 91 92 93 76
18 35 76 71 51 51 17 28 44 9
18 36 76 77 21 79 63 21 72 37
18 37 23 50 69 56 57 23 72 75
19 20 31 18 66 49 16 14 54 56
19 21 19 40 23 32 45 32 59 23
19 22 60 33 66 10 83 41 32 26
19 23 47 32 23 25 54 13 86 79
19 24 73 46 49 77 41 81 68 27
19 25 12 24 83 24 25 52 82 86
19 26 33 39 17 18 72 69 44 26
19 27 66 28 19 46 61 62 25 24
19 28 24 68 25 56 18 78 20 43
19 29 54 64 88 45 70 17 11 88
19 30 49 63 44 51 23 76 60 47
19 31 54 71 46 9 69 24 68 25
19 32 46 56 15 16 31 85 82 77
19 33 85 13 18 5 81 48 71 37
19 34 31 61 18 22 53 42 38 53
19 35 4 85 71 83 93 32 52 33
19 36 30 82 61 29 67 61 73 27
19 37 49 73 66 32 44 73 62 58
20 21 93 78 63 31 43 72 33 9
20 22 86 59 5 56 75 69 55 36
20 23 53 40 71 26 11 64 15 10
20 24 64 17 82 81 48 76 43 73
20 25 24 77 57 46 19 45 20 89
20 26 83 31 12 33 60 30 4 33
20 27 63 81 51 58 68 28 29 13
20 28 30 30 84 86 14 64 36 25
20 29 66 61 44 63 78 26 17 71
20 30 56 16 83 28 26 12 17 51
20 31 50 87 29 63 36 14 65 18
20 32 1 57 72 73 82 71 31 27
20 33 77 11 26 72 34 80 79 74
20 34 66 83 42 72 47 31 18 30
20 35 51 89 26 23 58 61 51 65
20 36 79 72 66 6 32 60 32 14
20 37 70 69 7 40 63 24 64 82
21 22 87 73 38 26 20 82 56 38
21 23 10 28 30 92 70 65 60 40
21 24 98 72 35 44 77 49 65 32
21 25 72 37 29 51 16 68 33 68
21 26 73 49 30 62 75 50 56 68
21 27 47 39 88 28 87 73 43 56
21 28 74 75 51 48 19 6 77 23
21 29 38 50 37 39 56 60 21 75
21 30 91 33 80 75 80 7 32 34
21 31 78 9 73 12 51 56 68 74
21 32 17 21 29 26 91 17 29 39
21 33 83 62 76 82 32 21 21 69
21 34 31 79 25 54 86 61 28 52
21 35 6 57 42 89 77 35 83 65
21 36 27 73 79 46 80 76 21 82
21 37 83 58 11 71 50 68 51 78
22 23 36 39 69 54 29 78 73 40
22 24 20 34 62 40 19 53 42 24
22 25 21 43 74 74 69 47 47 73
22 26 49 19 70 34 17 31 16 43
22 27 61 79 69 72 79 43 86 19
22 28 41 26 18 46 52 71 18 62
22 29 98 29 74 42 6 58 6 31
22 30 54 49 49 62 50 45 15 84
22 31 9 24 85 64 65 34 20 60
22 32 15 92 50 96 54 23 79 54
22 33 43 13 46 89 36 38 20 36
22 34 84 56 20 16 81 20 8 62
22 35 91 51 74 61 68 5 10 51
22 36 15 30 46 95 87 30 86 75
22 37 21 57 67 22 30 30 75 47
23 24 73 16 42 20 9 6 16 43
23 25 20 75 71 52 77 84 47 32
23 26 41 45 65 48 41 38 72 14
23 27 57 14 68 15 66 37 70 63
23 28 12 70 56 37 81 61 95 97
23 29 88 52 32 3 29 24 18 38
23 30 97 40 24 1 46 15 19 75
23 31 50 46 41 30 34 74 65 82
23 32 49 12 30 71 58 48 87 33
23 33 82 78 75 52 53 38 25 40
23 34 27 65 74 75 45 83 76 22
23 35 97 5 56 3 1 50 39 65
23 36 11 83 50 52 50 39 32 81
23 37 43 55 18 12 46 88 48 48
24 25 69 47 64 65 8 7 69 61
24 26 18 41 68 24 94 66 67 89
24 27 33 89 67 77 15 32 90 72
24 28 32 73 30 16 48 42 83 81
24 29 59 18 37 13 9 31 76 24
24 30 20 19 71 76 21 48 15 28
24 31 70 22 43 23 16 74 46 25
24 32 62 40 60 47 11 28 7 49
24 33 68 22 71 41 24 75 6 18
24 34 48 37 86 40 29 19 41 31
24 35 26 28 25 34 74 27 67 14
24 36 2 74 27 60 51 52 38 29
24 37 0 68 81 98 90 56 87 55
25 26 69 56 77 32 50 60 66 17
25 27 25 70 76 39 16 93 79 73
25 28 71 9 29 44 65 33 62 75
25 29 13 82 78 74 84 60 39 68
25 30 91 16 56 61 74 20 7 3
25 31 58 49 24 32 68 30 20 37
25 32 99 12 15 67 22 44 14 3
25 33 57 88 19 55 22 40 38 9
25 34 51 18 71 58 30 20 25 71
25 35 52 52 70 54 12 63 84 50
25 36 83 79 31 82 69 50 40 72
25 37 62 21 13 27 13 17 24 78
26 27 58 13 50 86 75 26 87 75
26 28 72 85 83 67 78 81 21 53
26 29 37 78 73 35 83 55 13 89
26 30 64 53 53 66 69 50 82 83
26 31 7 95 45 76 95 23 79 61
26 32 45 85 56 80 21 13 80 71
26 33 65 23 71 49 20 36 46 63
26 34 8 94 93 97 30 95 79 75
26 35 3 46 21 37 98 19 29 56
26 36 15 43 58 61 23 27 73 75
26 37 84 10 6 47 13 16 57 71
27 28 42 83 76 89 85 72 28 85
27 29 5 64 97 35 79 52 57 35
27 30 75 39 72 60 65 63 78 84
27 31 67 77 84 82 14 81 22 27
27 32 18 40 47 60 86 89 82 46
27 33 63 34 41 40 14 66 10 22
27 34 38 63 29 87 55 41 19 75
27 35 5 94 20 85 63 62 51 84
27 36 81 79 36 19 49 71 18 55
27 37 19 22 18 61 93 60 23 55
28 29 46 67 59 17 77 71 36 16
28 30 66 63 29 59 7 14 56 31
28 31 26 35 36 65 33 45 65 63
28 32 13 79 27 94 79 45 57 57
28 33 38 56 71 29 18 25 59 25
28 34 38 15 27 89 22 71 17 29
28 35 86 27 13 64 66 25 61 35
28 36 12 47 94 86 41 71 38 71
28 37 6 67 60 46 69 97 64 70
29 30 33 64 29 70 50 83 82 78
29 31 8 30 88 47 45 96 48 30
29 32 54 59 48 51 54 60 26 44
29 33 20 72 71 29 65 63 66 67
29 34 97 70 72 42 32 80 37 59
29 35 19 33 29 87 81 42 47 66
29 36 52 40 81 50 85 47 22 31
29 37 16 64 19 28 47 86 63 50
30 31 42 21 21 79 67 90 32 29
30 32 91 7 19 41 61 65 73 48
30 33 94 14 74 50 35 36 37 10
30 34 63 24 22 57 31 81 8 77
30 35 15 18 46 65 70 51 38 58
30 36 22 77 41 18 88 40 68 68
30 37 9 94 70 24 85 92 83 56
31 32 67 9 61 29 10 21 83 70
31 33 22 59 52 67 92 51 88 60
31 34 87 69 67 44 28 53 34 78
31 35 81 5 65 30 81 77 45 13
31 36 15 51 69 92 88 69 49 67
31 37 9 31 68 55 55 24 56 34
32 33 78 48 9 17 76 83 22 70
32 34 79 43 56 71 8 28 71 20
32 35 26 79 49 86 64 43 25 39
32 36 39 78 48 79 65 29 40 58
32 37 88 57 77 41 55 53 22 23
33 34 87 46 9 22 81 45 19 10
33 35 73 32 14 19 10 43 20 37
33 36 6 82 21 44 96 69 94 42
33 37 68 72 74 38 36 33 56 78
34 35 43 59 45 32 27 17 33 22
34 36 85 55 26 4 57 15 61 18
34 37 28 29 37 80 43 42 50 21
35 36 81 34 48 49 33 32 35 8
35 37 81 33 65 36 21 60 21 19
36 37 37 43 34 62 35 57 35 72
