40 8
0 0 0 0.5 0.5 0 0 0 
0 1 53 52 66 69 69 68 51 25
0 2 50 42 67 37 73 64 28 69
0 3 94 47 14 10 48 34 22 39
0 4 10 89 83 93 87 61 70 55
0 5 78 25 41 32 25 22 20 34
0 6 10 93 75 59 57 67 59 69
0 7 0 70 63 84 84 61 64 90
0 8 45 41 48 73 30 70 48 53
0 9 19 41 50 85 65 84 63 83
0 10 67 65 40 21 22 46 56 25
0 11 64 23 65 42 34 20 56 35
0 12 25 84 43 71 42 65 47 52
0 13 17 89 41 73 80 91 83 76
0 14 96 27 27 7 20 39 41 30
0 15 96 13 31 8 13 24 46 25
0 16 18 43 81 89 74 65 50 42
0 17 75 41 25 58 14 50 59 56
0 18 98 39 43 45 40 46 50 30
0 19 93 9 40 41 18 9 18 34
0 20 18 47 53 43 63 54 64 74
0 21 24 48 74 58 73 51 50 42
0 22 74 48 18 15 32 34 15 39
0 23 27 50 72 83 84 56 48 55
0 24 32 65 81 41 76 38 45 59
0 25 59 33 24 22 57 43 51 54
0 26 47 71 34 71 65 45 59 48
0 27 35 60 67 39 75 52 34 47
0 28 30 51 43 38 51 82 39 50
0 29 91 10 39 28 17 38 44 30
0 30 0 98 56 82 75 50 81 69
0 31 64 22 24 56 51 56 25 67
0 32 77 21 24 44 15 48 43 21
0 33 47 57 71 63 70 40 65 62
0 34 55 62 62 57 69 54 49 45
0 35 67 29 33 17 25 57 16 45
0 36 43 55 75 50 69 68 44 40
0 37 43 40 61 57 36 76 31 66
0 38 4 65 62 52 86 85 82 94
0 39 88 24 26 37 9 26 25 13
1 2 75 38 32 30 61 49 61 45
1 3 85 47 27 50 27 41 41 42
1 4 5 60 62 57 54 60 72 69
1 5 35 79 46 37 70 39 65 68
1 6 72 58 32 17 18 47 19 20
1 7 87 31 48 10 45 42 36 21
1 8 65 55 23 27 56 38 59 50
1 9 41 55 68 76 48 35 34 67
1 10 19 63 66 77 56 63 66 76
1 11 36 50 72 60 51 81 59 33
1 12 60 58 62 55 51 37 52 42
1 13 76 43 34 15 46 21 38 32
1 14 1 78 49 69 76 68 53 55
1 15 91 40 37 30 49 35 49 25
1 16 97 14 49 1 48 41 37 10
1 17 20 41 77 59 75 64 53 40
1 18 59 37 22 31 54 20 32 54
1 19 14 50 75 75 48 80 58 83
1 20 37 66 40 79 62 42 50 38
1 21 59 35 52 32 49 53 47 29
1 22 73 42 18 50 61 63 38 53
1 23 70 18 42 58 57 15 55 58
1 24 26 83 37 67 52 66 79 47
1 25 29 69 35 53 56 76 60 64
1 26 79 59 35 27 43 46 10 16
1 27 55 31 61 36 38 27 30 56
1 28 83 56 26 50 27 27 47 53
1 29 33 52 75 73 42 76 58 51
1 30 34 79 56 52 39 38 59 53
1 31 88 54 47 54 50 36 30 53
1 32 27 64 39 53 38 48 85 62
1 33 16 85 81 85 84 70 66 62
1 34 91 48 43 23 47 5 48 49
1 35 81 27 38 34 44 22 50 16
1 36 85 29 21 39 47 51 37 43
1 37 2 87 51 78 90 58 77 89
1 38 82 34 53 17 36 34 53 23
1 39 23 44 77 49 77 70 54 75
2 3 94 44 33 38 16 30 17 46
2 4 82 33 10 39 25 49 32 31
2 5 54 39 26 32 37 68 62 57
2 6 34 70 41 34 79 39 79 46
2 7 94 19 40 48 15 33 10 41
2 8 7 86 58 46 67 88 63 87
2 9 77 12 16 28 20 16 39 52
2 10 64 62 39 54 62 18 55 41
2 11 14 53 62 52 44 76 69 62
2 12 72 57 30 60 38 27 36 46
2 13 15 77 61 68 64 66 84 89
2 14 87 6 40 18 35 9 17 46
2 15 87 49 10 10 50 10 21 7
2 16 29 40 60 75 69 57 71 54
2 17 5 62 91 90 70 86 80 82
2 18 29 80 75 55 51 61 39 57
2 19 6 55 63 55 69 85 55 54
2 20 6 96 78 89 91 69 85 64
2 21 65 62 52 23 37 61 28 26
2 22 24 84 71 82 47 60 53 77
2 23 65 56 26 26 43 47 29 47
2 24 16 49 60 63 64 82 56 88
2 25 0 78 71 89 78 62 62 70
2 26 71 34 44 51 51 40 19 36
2 27 63 62 45 56 28 35 44 39
2 28 21 72 41 42 86 88 52 74
2 29 58 23 49 39 61 55 21 27
2 30 11 75 68 44 54 62 89 61
2 31 21 47 81 61 50 83 81 55
2 32 41 78 46 32 77 49 29 78
2 33 26 69 54 81 84 58 68 50
2 34 60 52 66 28 21 40 64 43
2 35 76 30 44 38 13 47 18 58
2 36 18 63 88 62 48 68 69 90
2 37 20 73 83 89 44 86 89 41
2 38 85 26 25 54 49 43 21 14
2 39 40 64 60 43 79 58 42 66
3 4 40 60 78 34 31 66 61 30
3 5 99 44 23 12 19 43 15 39
3 6 83 17 39 47 43 19 54 53
3 7 80 37 29 20 17 28 40 50
3 8 81 28 20 9 19 18 26 10
3 9 11 49 47 79 88 63 82 53
3 10 15 64 84 90 47 69 51 89
3 11 60 49 25 33 56 50 49 48
3 12 85 21 24 48 12 13 53 24
3 13 74 16 27 62 56 38 34 18
3 14 30 42 61 38 53 63 73 51
3 15 84 24 16 26 46 30 8 11
3 16 73 14 31 27 55 18 54 57
3 17 2 86 53 71 93 72 80 71
3 18 9 86 65 70 95 78 82 71
3 19 29 65 50 84 57 64 76 55
3 20 76 61 23 29 16 31 37 33
3 21 7 75 91 79 71 85 86 85
3 22 79 33 44 59 37 12 58 34
3 23 9 70 63 50 84 70 45 61
3 24 56 38 42 40 38 22 62 43
3 25 67 38 35 54 65 63 47 27
3 26 57 22 47 60 39 62 43 49
3 27 21 61 80 46 74 57 80 67
3 28 17 80 90 60 42 76 48 44
3 29 83 12 32 25 49 23 58 22
3 30 13 81 76 76 68 69 89 91
3 31 72 54 52 36 28 23 54 58
3 32 9 69 80 68 47 71 83 89
3 33 46 61 56 71 31 76 76 76
3 34 79 52 43 38 13 21 34 15
3 35 77 47 20 34 58 50 43 23
3 36 26 67 57 60 61 71 82 46
3 37 61 40 36 60 39 51 54 35
3 38 92 45 8 47 32 9 35 51
3 39 90 28 35 50 48 41 49 13
4 5 11 81 45 53 72 81 60 79
4 6 25 47 44 45 80 76 74 64
4 7 13 46 74 45 53 50 89 88
4 8 25 49 46 79 80 80 47 46
4 9 67 39 66 51 46 63 40 65
4 10 86 38 52 17 36 8 16 28
4 11 26 75 80 78 51 65 41 36
4 12 77 11 26 13 43 29 60 55
4 13 12 92 55 63 46 70 46 62
4 14 88 37 13 47 46 48 36 10
4 15 97 50 14 42 9 20 40 10
4 16 80 42 13 53 18 22 41 9
4 17 10 50 54 55 91 90 94 75
4 18 62 37 35 67 28 54 20 63
4 19 90 17 52 6 20 47 6 13
4 20 14 89 74 79 61 46 73 78
4 21 2 80 82 88 56 75 77 71
4 22 79 45 22 56 58 32 16 48
4 23 18 61 43 49 86 55 83 44
4 24 78 60 34 57 48 59 21 35
4 25 10 79 61 49 51 62 56 51
4 26 38 58 80 33 56 72 57 72
4 27 8 57 54 52 49 67 86 68
4 28 38 33 66 72 37 73 38 72
4 29 35 58 65 37 62 71 76 81
4 30 87 30 28 16 49 19 14 25
4 31 35 54 68 54 69 78 72 50
4 32 60 23 38 42 26 47 51 54
4 33 48 27 36 25 65 26 64 48
4 34 83 18 13 16 49 16 49 18
4 35 2 54 73 81 73 61 64 60
4 36 43 35 67 31 43 69 45 54
4 37 88 19 24 30 18 42 6 31
4 38 50 27 57 68 68 65 55 33
4 39 25 85 73 66 43 73 77 63
5 6 65 34 38 44 60 41 36 35
5 7 86 33 37 56 31 29 56 54
5 8 3 52 97 96 51 51 74 69
5 9 29 43 78 36 52 72 49 62
5 10 33 70 36 63 45 69 58 69
5 11 15 77 63 84 44 67 57 44
5 12 50 60 73 61 47 43 40 49
5 13 82 13 39 44 35 10 15 21
5 14 66 35 21 51 31 48 42 64
5 15 4 81 89 93 60 62 96 90
5 16 42 66 76 30 69 73 29 40
5 17 85 8 49 50 14 23 47 38
5 18 34 55 68 52 50 74 39 80
5 19 23 45 79 43 40 48 77 76
5 20 84 39 43 8 32 20 41 38
5 21 24 45 46 71 44 85 49 75
5 22 8 73 63 71 75 58 53 47
5 23 94 36 29 3 17 9 3 7
5 24 51 44 67 44 31 68 50 50
5 25 96 31 25 18 44 9 24 44
5 26 91 31 50 43 15 19 40 49
5 27 50 43 67 72 58 69 51 30
5 28 80 59 12 18 55 17 48 19
5 29 37 55 64 80 36 78 66 67
5 30 19 71 48 89 50 51 89 75
5 31 60 46 42 53 61 34 63 31
5 32 20 72 59 50 57 89 53 41
5 33 86 42 27 40 46 49 18 9
5 34 5 94 74 80 79 50 83 77
5 35 39 35 52 63 67 44 79 39
5 36 84 39 23 55 31 40 20 27
5 37 71 30 64 50 16 32 35 31
5 38 79 27 14 45 24 12 44 22
5 39 56 29 31 36 47 45 63 60
6 7 95 42 25 51 32 3 23 40
6 8 67 58 61 39 51 28 52 58
6 9 96 43 16 25 20 6 16 39
6 10 94 17 27 51 16 33 7 23
6 11 49 42 45 74 53 63 60 27
6 12 96 40 14 42 42 7 27 39
6 13 19 62 58 60 80 75 71 65
6 14 16 88 61 60 47 88 48 68
6 15 25 58 47 80 77 59 51 39
6 16 44 70 59 35 70 43 76 40
6 17 5 86 90 56 47 53 79 59
6 18 17 64 42 86 86 64 63 74
6 19 58 28 53 36 23 50 56 24
6 20 94 39 15 19 29 48 36 22
6 21 66 49 58 61 27 50 49 36
6 22 15 46 48 66 51 60 73 58
6 23 45 30 36 41 37 50 33 33
6 24 97 13 29 21 16 33 18 19
6 25 68 54 60 38 26 36 56 41
6 26 39 41 74 59 78 36 59 73
6 27 43 71 45 49 36 55 44 73
6 28 39 36 54 72 45 37 74 49
6 29 51 24 56 30 66 53 41 36
6 30 12 84 91 77 47 72 91 57
6 31 12 88 85 78 82 90 46 74
6 32 39 50 50 72 71 48 51 37
6 33 60 49 35 57 52 66 25 55
6 34 2 92 78 80 61 62 91 51
6 35 44 48 38 64 61 56 52 29
6 36 42 55 57 49 57 62 62 49
6 37 22 72 60 40 63 73 52 65
6 38 39 55 54 37 40 35 44 54
6 39 62 29 62 66 50 19 46 45
7 8 18 42 72 57 62 45 87 64
7 9 89 40 7 27 51 10 32 25
7 10 18 90 72 64 71 79 67 74
7 11 12 74 86 86 43 74 60 52
7 12 52 30 64 67 33 27 23 35
7 13 32 37 43 76 68 79 46 34
7 14 14 55 73 89 47 90 52 83
7 15 12 51 89 81 84 61 54 51
7 16 53 58 68 52 62 51 64 38
7 17 25 46 42 55 37 67 52 62
7 18 7 94 63 73 61 60 74 76
7 19 49 50 42 63 53 38 30 47
7 20 83 23 23 45 39 36 24 52
7 21 55 44 25 36 71 70 69 38
7 22 99 18 34 21 30 43 26 39
7 23 80 26 40 26 49 39 54 42
7 24 12 91 80 65 66 93 52 46
7 25 22 50 81 45 74 54 85 46
7 26 18 46 82 57 44 62 59 85
7 27 16 51 80 79 76 51 52 44
7 28 24 59 43 68 47 75 83 74
7 29 65 30 25 57 49 44 24 51
7 30 59 44 22 32 23 40 65 49
7 31 30 56 83 79 83 73 83 41
7 32 30 75 74 56 75 53 69 39
7 33 55 34 51 59 47 47 59 26
7 34 21 46 49 72 75 81 44 83
7 35 61 40 36 29 38 38 47 48
7 36 97 14 45 25 44 24 30 13
7 37 95 24 12 36 22 8 48 23
7 38 6 70 85 57 94 73 90 92
7 39 23 55 54 82 65 71 53 80
8 9 50 35 29 39 31 66 42 50
8 10 10 62 69 78 77 88 75 47
8 11 95 23 32 43 35 5 24 37
8 12 17 67 48 64 87 54 67 83
8 13 93 36 32 29 24 31 18 32
8 14 79 24 57 57 31 26 26 27
8 15 5 48 60 48 95 49 68 81
8 16 32 38 82 36 76 43 74 47
8 17 94 48 38 28 7 15 26 27
8 18 39 51 36 32 79 38 72 41
8 19 14 82 64 61 58 71 48 54
8 20 79 22 54 34 13 42 20 57
8 21 14 71 70 85 55 58 68 47
8 22 56 37 68 55 26 24 26 49
8 23 68 34 32 37 56 36 47 44
8 24 5 73 51 86 92 81 85 76
8 25 64 61 24 37 39 30 64 53
8 26 0 70 68 74 70 79 61 56
8 27 69 55 33 54 35 32 64 29
8 28 41 60 47 69 61 56 46 59
8 29 5 86 52 71 79 72 49 52
8 30 33 82 58 56 69 49 36 62
8 31 8 58 81 57 55 86 60 86
8 32 20 64 76 73 48 41 55 47
8 33 55 36 60 55 40 25 32 58
8 34 19 72 48 71 57 85 42 40
8 35 56 25 26 67 58 49 46 62
8 36 45 49 49 38 71 57 51 32
8 37 3 59 89 80 60 58 71 65
8 38 68 36 20 27 25 44 18 16
8 39 69 23 43 24 20 45 59 16
9 10 6 47 52 59 68 56 96 58
9 11 95 7 39 4 17 33 26 49
9 12 99 3 17 5 1 1 32 22
9 13 81 42 46 21 11 35 21 38
9 14 40 61 57 77 44 76 43 47
9 15 54 51 33 64 47 22 66 42
9 16 93 35 32 8 20 52 40 20
9 17 77 29 14 50 13 38 52 46
9 18 84 24 32 18 17 56 34 32
9 19 37 31 60 44 46 63 62 65
9 20 66 37 65 29 17 51 59 32
9 21 74 52 25 52 25 29 26 57
9 22 80 49 41 38 37 56 10 59
9 23 34 78 59 75 64 42 58 63
9 24 83 21 12 8 21 34 18 10
9 25 58 52 53 27 70 52 61 62
9 26 86 18 17 30 24 15 9 41
9 27 82 15 40 23 31 33 33 49
9 28 65 22 63 29 19 54 38 21
9 29 52 32 55 41 26 51 31 33
9 30 34 60 33 68 80 64 80 38
9 31 71 63 33 32 15 16 42 34
9 32 73 62 36 59 29 60 34 40
9 33 95 25 48 32 47 18 33 35
9 34 41 61 55 61 76 37 46 67
9 35 39 55 37 73 30 53 49 76
9 36 55 46 49 42 47 47 26 33
9 37 34 66 54 53 82 68 44 49
9 38 35 55 56 44 70 64 62 35
9 39 75 51 56 40 52 41 41 54
10 11 54 25 59 28 44 35 69 33
10 12 72 38 53 38 58 16 54 55
10 13 32 77 64 62 53 66 39 69
10 14 30 83 54 56 66 38 82 54
10 15 58 65 44 30 44 33 32 59
10 16 95 39 48 17 3 4 47 19
10 17 99 21 6 4 34 22 31 28
10 18 83 16 44 31 45 46 12 37
10 19 13 53 65 79 84 47 49 77
10 20 84 56 25 32 25 41 10 29
10 21 5 61 87 96 85 95 80 61
10 22 71 48 38 41 15 51 44 50
10 23 33 39 57 66 68 72 53 33
10 24 63 56 51 27 30 23 21 52
10 25 33 77 60 69 38 65 52 64
10 26 20 42 62 59 79 72 46 55
10 27 8 87 55 86 75 47 90 47
10 28 4 71 70 69 94 73 75 63
10 29 48 73 33 28 65 32 37 68
10 30 47 49 38 34 40 40 68 56
10 31 5 72 68 83 71 75 87 79
10 32 33 80 41 44 60 37 69 57
10 33 63 42 57 33 49 41 48 45
10 34 52 55 60 69 42 24 39 65
10 35 41 48 71 70 33 41 46 69
10 36 41 37 70 39 56 63 29 65
10 37 60 32 28 28 51 39 35 57
10 38 96 45 11 44 5 29 5 51
10 39 33 53 45 59 54 42 55 35
11 12 61 65 57 25 25 42 64 66
11 13 81 48 31 13 40 22 26 55
11 14 20 83 79 78 79 42 62 79
11 15 97 47 39 10 23 34 7 21
11 16 57 35 24 62 53 28 67 68
11 17 43 63 46 60 60 72 53 47
11 18 21 65 53 48 55 71 66 85
11 19 99 40 47 17 44 12 20 27
11 20 44 48 62 42 69 76 74 55
11 21 69 56 51 36 56 50 52 21
11 22 56 34 33 39 70 27 69 69
11 23 99 48 39 29 28 42 24 28
11 24 75 32 25 32 53 18 12 36
11 25 88 38 23 35 14 23 52 18
11 26 0 80 66 53 63 89 98 95
11 27 96 38 19 21 31 5 22 7
11 28 66 21 63 26 56 48 35 61
11 29 5 78 60 78 72 59 95 87
11 30 67 49 34 56 16 63 52 53
11 31 22 80 81 88 84 53 41 63
11 32 48 41 38 51 62 41 43 63
11 33 77 53 48 20 26 48 55 31
11 34 79 40 51 15 14 17 19 35
11 35 14 66 73 60 42 60 54 88
11 36 69 22 65 55 41 40 57 58
11 37 69 53 56 33 25 23 58 62
11 38 58 27 64 30 32 67 35 50
11 39 14 68 43 57 83 55 46 79
12 13 77 28 33 29 24 46 44 58
12 14 54 44 32 41 57 47 43 51
12 15 63 19 39 43 63 38 22 18
12 16 70 63 56 63 53 20 45 50
12 17 35 56 43 47 41 56 46 47
12 18 42 42 43 75 53 71 30 72
12 19 34 48 72 42 46 63 60 48
12 20 48 74 40 48 32 33 29 59
12 21 61 29 53 65 39 50 65 46
12 22 22 60 83 50 85 86 81 59
12 23 5 75 63 50 59 58 84 73
12 24 55 69 66 40 60 62 30 52
12 25 83 49 32 45 38 58 16 31
12 26 76 19 18 45 16 33 28 54
12 27 56 49 61 50 45 47 45 60
12 28 16 52 62 58 75 76 79 73
12 29 23 85 51 51 77 39 78 55
12 30 14 88 66 66 79 55 88 81
12 31 10 48 83 57 46 84 84 92
12 32 92 25 26 46 14 15 30 27
12 33 64 50 31 23 65 66 56 59
12 34 47 51 56 31 46 55 61 50
12 35 46 64 61 67 73 72 76 60
12 36 66 61 53 23 66 26 57 31
12 37 65 49 48 40 62 51 23 42
12 38 8 92 88 93 85 61 69 65
12 39 43 35 72 43 33 74 73 40
13 14 79 21 48 10 52 43 54 36
13 15 2 56 87 91 81 71 56 55
13 16 20 54 73 64 54 88 83 69
13 17 79 35 22 58 47 53 45 23
13 18 14 63 58 55 45 66 50 82
13 19 86 22 29 21 34 38 19 37
13 20 97 46 17 43 39 45 15 15
13 21 3 72 68 66 70 60 78 73
13 22 42 33 50 64 53 43 67 48
13 23 96 40 34 28 18 2 13 4
13 24 55 25 25 34 26 53 39 44
13 25 54 46 65 27 24 47 46 44
13 26 90 47 18 49 7 43 52 7
13 27 4 88 85 62 77 85 78 54
13 28 34 77 52 41 51 41 42 74
13 29 50 52 66 62 25 60 28 25
13 30 59 56 43 62 29 51 64 24
13 31 44 41 65 57 57 69 68 46
13 32 63 37 29 25 42 47 60 39
13 33 51 36 71 47 74 42 70 54
13 34 9 78 55 53 67 52 45 73
13 35 11 57 48 53 56 65 76 86
13 36 51 44 38 68 52 68 52 45
13 37 27 61 73 56 79 79 50 39
13 38 11 93 59 72 81 68 70 69
13 39 19 43 69 63 76 66 48 61
14 15 51 32 72 27 54 41 65 40
14 16 64 23 23 64 50 28 31 21
14 17 59 56 50 53 34 33 26 46
14 18 12 83 62 90 65 78 81 44
14 19 36 39 39 60 81 42 49 43
14 20 33 51 67 51 73 68 61 79
14 21 6 79 74 55 72 50 73 49
14 22 61 53 34 34 68 45 45 51
14 23 90 14 5 34 54 23 10 53
14 24 69 29 19 60 51 46 43 23
14 25 43 30 63 72 65 73 67 55
14 26 53 47 39 67 45 25 29 64
14 27 43 31 66 47 74 52 65 59
14 28 57 59 43 34 46 43 68 70
14 29 54 36 63 64 53 32 43 69
14 30 41 29 47 74 29 61 72 78
14 31 71 32 35 36 58 30 54 27
14 32 48 53 28 36 47 62 67 35
14 33 63 51 45 64 49 28 42 40
14 34 48 51 55 50 35 42 36 42
14 35 14 61 81 44 82 68 48 57
14 36 87 34 34 52 34 39 43 19
14 37 80 32 46 45 33 48 40 37
14 38 64 27 40 45 65 51 25 44
14 39 14 69 49 90 44 71 68 87
15 16 11 93 49 57 69 65 83 74
15 17 64 20 36 36 24 40 58 49
15 18 42 60 77 65 28 33 31 29
15 19 10 47 50 84 63 65 65 82
15 20 44 70 36 73 55 69 75 61
15 21 85 22 17 54 28 20 45 35
15 22 3 82 93 83 77 83 84 64
15 23 80 11 58 26 53 34 15 56
15 24 92 51 19 36 19 19 21 30
15 25 62 50 64 47 45 28 45 60
15 26 92 36 44 13 41 17 10 11
15 27 81 25 57 27 41 10 45 41
15 28 13 83 48 71 63 77 55 77
15 29 20 46 89 47 83 80 86 46
15 30 15 50 83 42 88 56 88 59
15 31 20 59 48 80 53 73 66 69
15 32 78 26 32 13 55 43 11 39
15 33 29 53 53 78 67 54 53 40
15 34 45 55 38 30 61 57 74 32
15 35 5 75 72 66 78 49 69 51
15 36 92 52 41 20 5 29 37 19
15 37 13 46 60 84 53 70 78 50
15 38 23 72 59 47 68 59 82 67
15 39 11 66 91 47 44 59 69 63
16 17 71 30 34 16 39 28 31 21
16 18 47 42 57 50 70 35 49 51
16 19 30 61 70 55 62 48 50 77
16 20 9 95 91 88 60 47 87 86
16 21 69 40 63 40 21 33 23 16
16 22 36 61 51 40 33 45 54 35
16 23 74 40 51 41 41 20 35 39
16 24 5 51 70 64 47 53 70 85
16 25 91 21 20 27 40 39 13 18
16 26 72 42 18 54 62 47 38 25
16 27 52 51 58 30 24 32 41 26
16 28 74 49 51 40 47 17 19 42
16 29 26 74 57 40 69 59 67 55
16 30 10 75 70 48 69 74 94 55
16 31 17 89 52 80 41 60 44 77
16 32 11 55 71 65 51 74 93 88
16 33 55 23 49 61 25 33 62 33
16 34 6 70 49 67 74 66 90 58
16 35 53 70 53 23 32 40 72 63
16 36 51 52 64 68 47 31 44 37
16 37 71 33 27 24 34 47 48 50
16 38 97 15 16 23 4 26 39 27
16 39 98 27 12 10 1 33 18 11
17 18 74 47 56 44 15 35 55 35
17 19 75 37 18 45 53 32 21 52
17 20 21 70 74 54 41 44 68 49
17 21 28 57 62 40 53 42 50 84
17 22 1 69 78 66 67 52 78 87
17 23 77 56 21 15 42 58 51 44
17 24 57 23 60 36 62 49 63 33
17 25 23 42 62 84 41 38 65 64
17 26 39 46 78 64 76 31 42 47
17 27 4 82 95 81 78 50 97 92
17 28 1 98 90 82 68 76 70 53
17 29 45 69 65 58 42 53 69 45
17 30 50 65 60 59 59 26 31 48
17 31 55 30 37 26 48 44 60 50
17 32 79 39 15 16 42 53 21 27
17 33 60 66 51 31 66 35 27 24
17 34 81 37 31 47 32 9 36 27
17 35 38 63 67 67 38 42 64 32
17 36 18 49 40 59 82 56 63 61
17 37 37 64 58 51 75 33 33 44
17 38 87 43 51 23 32 22 16 8
17 39 76 55 48 14 27 22 14 52
18 19 37 53 78 46 32 59 34 74
18 20 76 23 51 44 54 34 36 16
18 21 65 37 35 25 49 43 19 45
18 22 63 58 38 37 59 48 48 24
18 23 2 76 56 65 49 49 75 49
18 24 21 81 46 65 74 43 52 41
18 25 19 44 57 49 42 71 81 45
18 26 63 35 52 37 66 39 36 63
18 27 19 87 62 51 86 56 56 75
18 28 11 93 44 58 89 89 72 83
18 29 94 17 35 28 21 36 52 12
18 30 40 48 60 73 44 55 66 63
18 31 5 87 95 95 93 94 52 49
18 32 40 73 70 33 38 32 42 34
18 33 83 10 55 43 53 32 21 18
18 34 40 76 32 58 33 55 43 51
18 35 25 76 40 86 54 48 48 58
18 36 13 58 54 55 68 80 70 53
18 37 24 38 71 69 65 66 40 78
18 38 2 72 94 57 66 90 56 56
18 39 29 37 38 57 45 77 38 70
19 20 48 43 75 47 62 58 45 27
19 21 90 5 43 28 53 52 21 34
19 22 75 17 56 33 27 45 56 20
19 23 67 65 47 52 35 62 39 63
19 24 27 58 85 82 41 42 85 45
19 25 63 40 63 39 58 26 29 59
19 26 45 37 54 63 35 47 43 30
19 27 99 24 15 36 22 49 11 38
19 28 20 78 51 73 79 58 54 87
19 29 30 42 42 64 74 64 62 57
19 30 62 45 61 22 27 44 47 32
19 31 6 72 75 91 51 87 47 90
19 32 7 88 57 90 60 51 64 95
19 33 74 56 19 49 32 14 46 52
19 34 7 95 74 67 49 63 73 56
19 35 5 57 69 55 93 94 90 88
19 36 32 43 56 78 42 79 66 72
19 37 89 52 49 10 45 38 20 49
19 38 6 70 88 61 81 74 96 69
19 39 51 47 69 58 42 42 37 65
20 21 23 61 53 74 67 84 62 45
20 22 10 70 51 45 81 67 91 78
20 23 51 47 52 56 41 38 69 73
20 24 53 56 65 37 54 71 62 71
20 25 94 46 49 40 40 45 4 36
20 26 92 6 12 18 22 4 4 4
20 27 91 23 41 15 21 48 5 16
20 28 31 73 82 40 53 83 55 41
20 29 11 73 81 57 52 65 49 64
20 30 30 80 44 58 57 50 71 36
20 31 21 45 64 66 73 57 70 80
20 32 42 52 47 53 54 39 56 76
20 33 4 86 55 70 72 87 97 82
20 34 61 24 32 35 52 30 62 44
20 35 64 50 29 61 62 40 44 47
20 36 47 40 60 44 41 52 38 35
20 37 52 41 32 28 37 45 24 33
20 38 17 57 41 53 56 87 86 59
20 39 41 36 36 40 72 50 68 57
21 22 21 42 87 70 62 57 66 57
21 23 36 60 62 68 66 36 54 73
21 24 24 38 66 39 70 62 85 79
21 25 17 69 80 61 62 60 67 57
21 26 71 16 23 23 50 24 26 54
21 27 15 69 67 51 50 84 84 71
21 28 2 91 69 74 97 91 98 74
21 29 60 62 61 35 22 46 67 52
21 30 8 51 51 66 89 63 87 53
21 31 71 37 24 35 37 14 54 16
21 32 93 10 47 11 21 30 50 49
21 33 56 65 69 56 53 49 32 50
21 34 50 47 40 67 69 37 35 66
21 35 39 59 68 43 59 45 80 79
21 36 12 83 51 66 68 78 48 89
21 37 47 69 62 33 56 34 47 64
21 38 11 93 68 86 67 44 74 78
21 39 4 54 95 73 70 59 92 61
22 23 31 66 46 83 49 35 47 63
22 24 87 20 31 50 54 23 47 34
22 25 10 92 87 86 53 87 59 89
22 26 58 45 29 38 47 51 28 34
22 27 81 13 43 29 38 36 23 32
22 28 22 61 61 58 60 48 48 56
22 29 7 64 49 82 88 49 83 64
22 30 55 56 28 36 25 53 22 67
22 31 24 86 84 58 84 38 48 64
22 32 82 48 50 17 41 50 58 21
22 33 78 47 25 21 52 25 30 33
22 34 25 64 37 57 39 65 60 56
22 35 58 42 61 55 49 61 63 34
22 36 80 28 57 17 13 49 39 36
22 37 44 29 45 49 71 33 72 57
22 38 24 55 57 43 70 49 48 47
22 39 64 64 61 45 65 46 47 37
23 24 39 42 71 77 38 55 57 79
23 25 67 37 61 59 21 21 49 61
23 26 51 73 48 29 48 51 32 32
23 27 61 66 53 27 27 26 53 54
23 28 19 84 80 45 47 44 87 40
23 29 54 27 26 43 55 71 54 49
23 30 69 56 23 47 55 47 19 62
23 31 81 59 29 13 25 39 38 49
23 32 25 65 78 59 55 37 58 44
23 33 5 83 65 94 96 78 86 56
23 34 18 45 80 62 55 76 90 60
23 35 70 18 23 20 33 59 17 16
23 36 53 63 26 28 27 38 63 27
23 37 83 44 39 13 17 51 20 53
23 38 44 61 39 47 57 66 59 28
23 39 9 71 53 54 76 83 87 85
24 25 50 29 36 48 65 30 28 42
24 26 81 27 17 37 45 21 24 33
24 27 0 87 59 72 94 52 96 90
24 28 18 84 75 76 83 43 86 53
24 29 86 26 29 43 42 54 11 33
24 30 43 37 41 37 66 33 67 71
24 31 5 72 50 71 79 86 92 48
24 32 89 53 31 16 23 30 17 46
24 33 25 65 84 71 70 51 82 69
24 34 78 39 18 32 56 43 24 24
24 35 11 71 78 62 45 77 81 85
24 36 78 55 52 33 53 40 15 56
24 37 25 39 62 70 37 41 79 74
24 38 31 69 60 44 37 57 65 41
24 39 10 58 81 62 51 72 85 46
25 26 7 72 66 84 65 72 82 66
25 27 15 59 56 69 82 68 56 55
25 28 35 70 62 69 69 52 56 35
25 29 22 56 74 72 51 71 47 69
25 30 14 42 54 78 42 85 80 47
25 31 37 71 69 46 43 77 67 70
25 32 66 58 50 63 47 60 40 59
25 33 86 49 24 44 35 46 52 45
25 34 39 49 63 62 45 56 43 65
25 35 19 66 76 60 63 41 72 48
25 36 83 42 27 17 55 34 37 35
25 37 60 42 29 46 56 47 64 41
25 38 44 45 45 40 54 29 62 67
25 39 51 56 39 52 31 35 50 43
26 27 20 53 79 66 48 52 70 47
26 28 81 43 34 35 38 54 19 33
26 29 80 15 48 33 45 52 26 14
26 30 0 69 53 70 64 91 76 76
26 31 8 67 79 65 77 67 57 92
26 32 32 74 79 77 68 66 68 67
26 33 46 62 60 57 47 46 63 34
26 34 36 59 41 44 33 70 31 40
26 35 34 60 82 44 56 39 33 81
26 36 63 43 28 60 67 18 64 31
26 37 50 72 51 47 46 57 41 51
26 38 28 43 44 82 52 83 51 67
26 39 86 46 9 15 39 29 48 10
27 28 74 56 37 20 55 56 29 47
27 29 61 26 24 67 29 49 64 40
27 30 69 62 39 61 19 21 44 58
27 31 55 29 69 68 24 46 51 46
27 32 33 73 58 61 67 48 45 62
27 33 23 84 71 74 77 79 50 51
27 34 50 50 60 29 28 37 41 31
27 35 51 28 44 45 40 74 41 71
27 36 80 36 31 56 35 38 11 47
27 37 68 59 32 23 55 35 42 42
27 38 95 25 31 39 24 9 2 44
27 39 49 66 28 55 38 35 40 44
28 29 47 37 35 32 32 36 48 54
28 30 81 45 42 45 55 25 19 32
28 31 83 15 52 36 44 24 24 49
28 32 45 34 71 57 37 48 40 68
28 33 55 68 23 61 45 71 45 70
28 34 69 35 23 51 36 63 63 40
28 35 55 32 42 71 30 26 35 71
28 36 37 74 80 43 48 45 79 39
28 37 94 11 34 24 44 35 38 36
28 38 41 30 71 68 45 75 50 57
28 39 81 34 41 26 47 29 22 49
29 30 83 52 28 51 16 16 12 41
29 31 97 24 24 19 44 35 9 12
29 32 28 45 49 73 76 67 42 58
29 33 8 52 72 82 76 75 74 59
29 34 69 43 45 43 20 17 38 44
29 35 14 60 89 50 49 82 80 48
29 36 97 2 44 7 5 42 41 15
29 37 77 32 53 26 25 28 35 54
29 38 81 30 57 56 52 29 46 35
29 39 89 52 15 32 54 32 43 32
30 31 25 83 45 68 51 55 71 71
30 32 43 75 70 29 65 44 57 35
30 33 25 78 49 39 40 42 39 38
30 34 27 46 84 78 64 80 80 53
30 35 47 62 58 62 69 64 38 68
30 36 45 44 74 43 54 33 28 71
30 37 26 86 58 44 73 39 85 72
30 38 66 39 65 36 56 23 46 19
30 39 94 5 11 32 12 8 12 4
31 32 2 52 64 76 72 51 72 85
31 33 94 38 5 5 38 10 28 4
31 34 98 17 37 11 31 33 34 21
31 35 84 28 36 41 30 18 32 29
31 36 95 38 16 2 41 40 18 33
31 37 50 63 50 32 29 55 63 25
31 38 67 27 28 44 64 58 26 51
31 39 84 36 37 29 16 16 39 35
32 33 23 71 62 44 55 84 60 64
32 34 51 34 32 26 65 30 59 36
32 35 52 58 49 66 62 59 47 28
32 36 7 72 52 82 84 75 82 78
32 37 97 39 50 45 34 44 44 34
32 38 50 59 37 42 29 47 52 36
32 39 42 37 76 40 60 78 38 35
33 34 93 14 47 40 28 51 34 11
33 35 77 40 25 36 54 15 43 47
33 36 2 57 91 58 61 62 91 85
33 37 39 32 33 38 47 50 51 41
33 38 61 67 41 61 24 35 59 67
33 39 5 61 73 81 77 68 51 49
34 35 38 45 60 31 49 54 55 39
34 36 96 23 44 43 49 8 33 35
34 37 18 72 72 62 57 90 89 67
34 38 59 25 53 23 32 23 25 65
34 39 16 84 42 89 71 77 50 70
35 36 72 36 55 63 50 30 19 25
35 37 54 69 66 53 24 24 32 29
35 38 73 55 18 45 61 45 37 48
35 39 57 28 67 39 42 33 33 61
36 37 23 39 46 56 75 46 52 82
36 38 83 24 15 32 40 28 38 10
36 39 82 53 55 45 24 25 15 52
37 38 52 48 52 46 68 56 54 66
37 39 15 50 65 58 84 80 47 48
38 39 53 39 64 40 64 44 47 36
