50 8
0 0.166667 0.166667 0.166667 0.166667 0.166667 0.166667 0 
0 1 14 91 63 68 73 69 60 85
0 2 54 52 63 39 38 33 33 68
0 3 76 17 22 34 44 49 45 60
0 4 4 88 70 85 51 79 71 48
0 5 89 46 22 45 9 47 22 27
0 6 28 50 53 56 84 77 71 59
0 7 40 38 62 47 46 75 42 52
0 8 58 49 35 31 51 60 27 29
0 9 75 44 24 28 50 13 18 22
0 10 80 35 34 25 59 33 21 50
0 11 17 64 42 68 75 66 65 83
0 12 59 27 32 43 51 56 60 43
0 13 24 47 78 40 41 71 75 77
0 14 21 67 48 79 52 81 68 41
0 15 24 61 84 72 52 62 60 66
0 16 65 45 58 52 52 44 22 31
0 17 72 39 47 26 55 14 22 43
0 18 77 12 24 20 56 17 38 31
0 19 55 30 45 59 28 57 26 66
0 20 4 84 54 86 92 63 65 69
0 21 46 62 67 48 51 45 36 64
0 22 40 63 58 75 65 57 50 46
0 23 29 69 60 65 57 61 77 72
0 24 17 49 89 81 52 75 88 64
0 25 22 40 50 48 65 39 66 83
0 26 62 22 35 41 58 43 37 31
0 27 31 67 41 54 74 57 68 54
0 28 13 92 70 88 74 47 59 64
0 29 81 27 50 33 42 32 28 18
0 30 40 66 68 36 73 36 48 38
0 31 40 55 54 71 42 72 66 31
0 32 7 83 89 73 61 60 81 66
0 33 6 70 90 52 75 60 51 91
0 34 74 40 50 44 45 48 19 48
0 35 91 16 28 27 12 30 31 28
0 36 87 31 52 52 34 13 9 21
0 37 28 53 69 60 58 45 40 60
0 38 85 16 18 22 18 46 30 15
0 39 44 53 40 54 72 56 44 55
0 40 36 39 39 44 40 41 49 41
0 41 95 35 5 17 19 29 41 37
0 42 67 34 21 26 39 48 51 32
0 43 4 60 85 77 65 74 95 53
0 44 34 71 40 71 42 70 65 46
0 45 68 16 31 53 51 40 36 45
0 46 93 42 6 49 14 26 18 53
0 47 85 8 25 23 10 18 24 53
0 48 51 45 53 57 61 60 72 73
0 49 92 30 42 22 25 45 27 39
1 2 88 33 16 29 24 50 33 45
1 3 10 62 83 83 51 92 59 59
1 4 86 8 53 37 42 20 37 55
1 5 81 48 12 10 57 30 32 53
1 6 47 35 41 28 41 53 64 40
1 7 47 48 57 45 62 29 51 48
1 8 80 21 14 57 47 35 30 10
1 9 61 47 41 62 58 56 25 34
1 10 85 52 51 25 40 7 21 9
1 11 39 79 67 77 65 45 78 66
1 12 31 78 68 77 63 71 49 51
1 13 30 57 80 50 38 54 42 50
1 14 14 58 53 77 77 60 49 48
1 15 4 74 78 53 57 63 51 96
1 16 25 53 58 72 57 59 79 58
1 17 45 49 51 62 76 42 73 63
1 18 77 18 33 34 26 28 18 45
1 19 86 37 7 23 30 42 15 14
1 20 10 74 74 53 90 83 56 72
1 21 89 43 27 39 6 48 50 46
1 22 48 33 43 74 46 75 28 27
1 23 98 23 39 27 40 33 15 7
1 24 4 77 79 88 83 97 60 96
1 25 43 44 43 70 74 41 38 60
1 26 32 35 42 59 48 60 37 64
1 27 78 37 23 37 58 25 37 29
1 28 37 52 34 68 54 64 62 74
1 29 46 33 54 26 42 54 44 31
1 30 54 52 26 59 23 52 65 59
1 31 42 64 65 45 34 44 66 55
1 32 31 75 36 45 39 35 39 71
1 33 27 51 66 54 53 54 83 69
1 34 95 13 13 28 48 42 49 15
1 35 35 70 47 41 65 39 71 65
1 36 93 18 24 51 29 29 42 27
1 37 4 54 73 81 53 58 66 70
1 38 60 61 29 21 20 53 60 20
1 39 67 47 27 28 17 56 60 23
1 40 88 51 19 22 54 20 39 25
1 41 29 65 63 39 43 82 69 56
1 42 4 56 70 79 85 54 86 72
1 43 76 54 59 17 47 50 54 36
1 44 88 44 51 15 32 39 28 53
1 45 9 63 86 87 93 90 81 59
1 46 48 40 27 33 42 68 35 35
1 47 49 43 67 26 43 62 59 34
1 48 82 35 21 22 47 58 20 33
1 49 14 90 47 75 92 83 85 79
2 3 31 81 57 68 73 49 62 55
2 4 13 73 80 83 48 59 70 56
2 5 51 41 30 69 25 73 25 55
2 6 8 78 77 79 84 82 55 94
2 7 7 79 59 91 75 88 69 64
2 8 30 46 60 68 76 46 38 41
2 9 78 54 21 40 49 32 22 13
2 10 81 49 32 31 59 24 10 49
2 11 66 62 44 24 22 59 29 42
2 12 36 43 47 71 54 63 53 73
2 13 73 21 46 14 35 45 51 37
2 14 59 46 42 26 68 36 52 56
2 15 95 35 45 37 45 18 35 7
2 16 35 80 73 36 77 52 81 71
2 17 39 74 56 65 50 54 50 43
2 18 95 51 24 3 2 44 5 10
2 19 46 53 71 70 66 42 38 75
2 20 98 9 16 40 8 27 6 24
2 21 40 52 37 70 51 44 33 55
2 22 80 48 56 39 41 35 41 26
2 23 29 41 77 53 82 46 38 54
2 24 91 32 45 20 17 11 5 37
2 25 29 73 76 48 73 67 76 72
2 26 86 14 44 32 35 44 32 11
2 27 34 59 78 58 72 73 42 56
2 28 8 74 74 68 85 53 72 85
2 29 88 39 7 46 42 17 33 40
2 30 16 53 67 42 88 59 83 58
2 31 23 52 68 43 54 63 71 61
2 32 72 30 53 62 27 42 28 41
2 33 73 28 22 50 48 55 56 24
2 34 79 13 59 46 36 54 51 33
2 35 76 33 35 55 31 45 20 59
2 36 19 81 64 78 79 55 85 52
2 37 88 41 54 50 55 7 52 42
2 38 80 44 15 37 12 12 35 26
2 39 53 51 31 58 69 59 67 40
2 40 25 61 47 63 58 70 55 82
2 41 59 33 66 66 31 62 57 53
2 42 80 22 25 51 53 25 57 46
2 43 72 48 63 45 51 24 18 55
2 44 13 57 49 51 73 61 55 62
2 45 98 36 27 40 18 29 17 49
2 46 1 95 92 68 49 94 75 64
2 47 25 69 45 65 44 72 54 82
2 48 23 86 58 79 63 84 84 67
2 49 25 49 41 40 74 72 72 77
3 4 25 70 62 82 85 69 79 46
3 5 88 49 7 45 45 41 7 49
3 6 53 31 41 38 57 71 49 27
3 7 66 47 18 40 41 55 58 35
3 8 38 47 78 36 38 41 36 63
3 9 60 24 62 44 50 54 34 37
3 10 67 33 53 57 53 50 41 24
3 11 29 36 75 81 70 75 82 39
3 12 15 73 85 83 43 85 72 79
3 13 89 23 27 43 42 28 13 34
3 14 50 71 63 38 25 40 31 39
3 15 21 75 56 55 78 46 88 78
3 16 12 85 52 83 80 81 62 58
3 17 67 18 18 57 39 44 61 46
3 18 38 59 60 62 32 64 41 72
3 19 98 28 15 28 33 32 1 12
3 20 21 45 50 69 83 50 79 44
3 21 27 63 36 71 46 68 65 37
3 22 70 28 17 50 59 45 48 27
3 23 12 83 81 51 85 85 65 63
3 24 8 52 95 83 53 55 54 52
3 25 15 46 74 74 73 60 90 48
3 26 14 74 67 79 50 46 69 61
3 27 79 43 25 59 50 51 38 42
3 28 87 11 45 21 23 36 39 15
3 29 58 52 27 32 54 22 45 31
3 30 30 53 61 81 82 46 66 70
3 31 89 42 39 9 52 29 34 8
3 32 74 58 27 16 29 26 15 19
3 33 31 63 39 58 70 79 40 46
3 34 61 65 25 36 30 53 30 26
3 35 25 54 72 37 44 71 84 49
3 36 39 61 59 43 40 52 80 48
3 37 68 62 32 39 23 21 33 36
3 38 80 57 41 33 22 14 51 27
3 39 91 34 18 30 51 36 49 21
3 40 98 34 15 48 36 21 24 1
3 41 34 69 44 55 68 64 42 64
3 42 90 45 53 52 44 22 17 44
3 43 49 58 44 28 40 57 74 69
3 44 24 41 64 86 79 56 55 54
3 45 85 32 37 32 47 41 33 12
3 46 80 49 23 23 50 58 32 50
3 47 42 30 46 72 58 37 59 76
3 48 5 84 68 64 81 90 92 85
3 49 43 38 71 41 56 73 47 41
4 5 14 44 48 81 50 92 63 73
4 6 71 27 25 34 23 56 36 26
4 7 58 29 27 30 58 49 28 39
4 8 89 41 39 43 30 7 14 46
4 9 18 84 61 72 48 64 59 70
4 10 50 55 49 25 45 68 32 45
4 11 34 37 68 71 76 46 55 72
4 12 28 55 57 58 80 58 71 83
4 13 56 58 51 55 32 22 23 28
4 14 51 72 71 25 44 42 55 48
4 15 16 62 82 80 63 68 70 62
4 16 86 18 38 10 41 55 23 41
4 17 36 39 81 79 49 39 53 47
4 18 31 81 70 66 49 49 49 47
4 19 79 55 20 15 44 48 45 13
4 20 80 49 56 56 25 14 48 23
4 21 1 61 86 57 89 66 71 54
4 22 98 5 31 10 45 33 44 4
4 23 19 86 47 84 50 54 52 81
4 24 33 62 55 38 45 76 63 40
4 25 3 88 64 78 55 60 54 55
4 26 37 50 43 80 57 78 64 49
4 27 5 49 72 48 61 73 92 47
4 28 49 40 32 51 45 46 27 45
4 29 17 73 61 56 79 86 85 56
4 30 75 51 58 37 14 36 30 23
4 31 44 50 47 51 42 62 48 72
4 32 56 24 45 55 62 52 37 31
4 33 90 11 11 36 43 21 8 26
4 34 65 41 37 34 44 21 26 20
4 35 22 84 65 85 55 88 54 67
4 36 49 55 48 35 73 58 49 74
4 37 92 30 25 20 15 17 36 37
4 38 43 74 32 54 60 50 72 40
4 39 73 21 59 13 58 17 13 40
4 40 34 47 52 60 73 63 33 35
4 41 50 26 62 74 50 74 50 74
4 42 10 55 56 51 70 69 71 64
4 43 96 49 43 8 50 15 41 3
4 44 57 52 48 23 57 49 41 57
4 45 42 29 50 33 61 39 37 59
4 46 59 24 67 28 62 26 31 46
4 47 3 66 92 57 79 66 55 97
4 48 96 8 16 9 16 22 32 22
4 49 28 74 79 83 39 69 84 59
5 6 93 42 6 34 27 4 7 50
5 7 98 9 50 46 5 23 45 19
5 8 80 43 18 26 16 48 47 55
5 9 37 62 33 66 51 46 46 64
5 10 63 35 34 47 64 67 28 23
5 11 39 51 33 78 73 43 65 48
5 12 71 33 50 14 34 26 44 22
5 13 96 13 22 23 43 21 26 51
5 14 29 72 68 62 46 63 48 65
5 15 15 84 57 69 44 77 89 85
5 16 87 32 25 23 13 15 7 27
5 17 12 57 91 52 78 50 51 73
5 18 44 75 73 30 41 77 63 56
5 19 58 55 67 67 53 44 46 30
5 20 21 61 46 69 61 59 46 64
5 21 85 34 38 45 21 41 53 38
5 22 48 39 32 36 31 66 32 35
5 23 75 57 47 55 41 17 20 13
5 24 90 43 48 43 23 53 21 24
5 25 94 17 20 48 48 22 13 34
5 26 52 58 45 38 37 48 61 46
5 27 74 51 36 38 59 60 26 60
5 28 69 57 37 35 28 36 40 61
5 29 10 72 83 82 68 79 80 80
5 30 37 44 40 77 58 44 36 78
5 31 60 51 38 66 33 41 67 26
5 32 38 62 56 45 73 59 37 72
5 33 61 49 37 24 50 41 42 19
5 34 77 59 42 58 16 30 16 15
5 35 40 45 42 57 36 65 35 75
5 36 73 32 46 54 42 58 47 29
5 37 21 86 48 68 78 60 45 50
5 38 57 24 37 53 36 56 67 66
5 39 18 85 50 54 70 82 66 59
5 40 60 23 65 29 40 30 39 34
5 41 2 62 91 80 53 69 53 51
5 42 6 93 65 75 51 49 94 93
5 43 33 45 34 37 48 75 60 38
5 44 98 10 12 11 7 25 6 44
5 45 62 65 44 34 45 32 51 51
5 46 8 47 60 57 66 78 94 68
5 47 67 32 62 31 35 65 48 47
5 48 60 25 44 45 48 23 36 58
5 49 44 58 53 47 45 30 49 65
6 7 37 34 63 64 44 68 33 53
6 8 41 68 52 72 79 36 48 53
6 9 75 17 28 24 46 40 29 54
6 10 42 29 51 39 46 33 42 32
6 11 45 54 62 59 55 74 64 45
6 12 16 48 82 63 52 47 77 57
6 13 27 57 83 41 49 81 64 75
6 14 42 59 68 77 55 50 32 55
6 15 25 44 57 38 42 83 42 84
6 16 37 47 70 45 72 31 47 47
6 17 42 58 40 72 61 76 50 57
6 18 3 87 90 81 58 57 91 62
6 19 8 56 56 54 84 48 73 65
6 20 28 53 49 36 58 79 57 79
6 21 58 42 67 41 46 57 40 22
6 22 41 78 71 71 49 59 67 44
6 23 26 85 59 59 54 62 60 54
6 24 98 21 35 16 12 47 37 22
6 25 83 31 34 18 44 25 18 50
6 26 89 22 22 7 49 24 36 31
6 27 36 74 63 71 80 38 44 40
6 28 15 67 73 72 67 83 82 89
6 29 64 52 59 40 56 34 35 56
6 30 94 8 39 35 23 43 13 45
6 31 47 74 57 37 28 60 41 52
6 32 94 27 13 10 24 33 45 27
6 33 41 30 50 29 67 74 57 39
6 34 17 71 45 49 49 55 80 83
6 35 58 22 22 27 26 25 42 26
6 36 71 61 46 56 46 21 45 17
6 37 94 38 18 51 34 36 20 52
6 38 7 73 68 89 64 75 89 65
6 39 57 43 40 36 60 69 29 55
6 40 66 55 35 39 53 65 50 42
6 41 60 54 38 49 23 38 27 20
6 42 5 65 80 79 60 52 81 70
6 43 40 47 43 42 58 43 56 63
6 44 5 48 92 92 53 93 54 89
6 45 77 25 46 51 49 41 31 38
6 46 55 53 31 68 51 28 50 52
6 47 80 54 42 32 31 52 20 18
6 48 66 16 66 16 44 52 38 49
6 49 32 72 44 50 79 51 38 69
7 8 44 30 41 54 35 67 51 68
7 9 38 55 50 34 49 55 60 64
7 10 59 67 62 36 25 69 47 41
7 11 74 32 46 45 61 59 36 56
7 12 40 29 57 70 43 65 34 65
7 13 93 49 28 14 17 49 38 35
7 14 15 90 82 88 79 83 85 77
7 15 15 83 53 60 42 52 42 86
7 16 28 63 54 67 37 51 76 58
7 17 1 62 67 66 77 80 78 91
7 18 94 7 10 9 32 44 35 45
7 19 38 31 79 78 36 39 37 50
7 20 42 37 34 45 61 59 56 60
7 21 80 20 54 59 55 16 15 41
7 22 94 27 24 51 20 52 22 27
7 23 49 73 66 64 40 60 28 65
7 24 13 81 50 45 65 45 86 73
7 25 74 40 21 47 28 21 60 61
7 26 52 47 69 30 38 72 25 59
7 27 13 69 66 43 92 62 63 63
7 28 15 89 49 43 79 73 50 70
7 29 10 83 84 91 68 46 57 80
7 30 69 43 27 48 33 19 45 58
7 31 32 60 78 47 54 70 38 65
7 32 26 47 55 67 48 69 61 83
7 33 72 51 21 29 60 21 55 31
7 34 91 52 33 16 10 50 38 14
7 35 23 51 72 87 70 55 57 50
7 36 51 41 57 65 70 70 59 63
7 37 0 79 69 59 82 75 51 60
7 38 45 63 58 47 37 59 32 69
7 39 37 59 60 59 42 73 57 77
7 40 60 60 65 64 24 41 23 25
7 41 54 59 26 49 37 58 42 28
7 42 4 93 76 87 91 81 60 54
7 43 24 63 51 71 84 65 40 83
7 44 63 19 43 39 42 43 24 29
7 45 49 58 62 40 57 65 65 67
7 46 45 51 67 64 68 35 29 47
7 47 47 27 41 37 45 49 46 42
7 48 84 20 18 55 11 17 39 54
7 49 46 32 71 31 76 54 29 71
8 9 24 39 62 43 47 50 65 81
8 10 98 44 41 2 5 13 26 19
8 11 82 43 42 25 26 15 30 47
8 12 87 11 45 28 52 43 53 13
8 13 14 77 70 90 88 76 92 58
8 14 54 43 71 65 55 48 25 54
8 15 61 29 59 61 47 62 46 21
8 16 47 44 36 40 43 30 63 44
8 17 74 47 29 38 50 52 53 62
8 18 54 53 67 47 51 71 31 30
8 19 92 30 41 35 17 46 27 11
8 20 2 94 57 76 53 49 78 79
8 21 89 20 9 21 41 6 9 42
8 22 52 39 41 72 31 34 34 56
8 23 79 13 50 32 13 15 53 55
8 24 20 43 52 50 52 59 89 84
8 25 28 50 41 39 60 50 74 49
8 26 36 72 34 49 42 76 35 42
8 27 63 39 47 40 23 24 20 52
8 28 35 75 35 54 54 32 68 41
8 29 2 90 60 70 95 55 70 49
8 30 52 32 72 26 31 30 70 36
8 31 51 25 39 49 47 59 36 38
8 32 46 61 59 66 62 46 76 59
8 33 48 38 70 28 59 67 69 58
8 34 17 75 84 89 43 49 78 70
8 35 79 16 21 32 43 25 40 31
8 36 51 29 72 34 27 43 35 45
8 37 74 29 17 35 45 47 28 15
8 38 52 54 49 28 47 50 43 48
8 39 37 43 33 42 62 66 71 62
8 40 49 59 35 26 50 52 43 68
8 41 29 57 69 57 59 41 60 55
8 42 27 73 46 62 47 74 57 83
8 43 88 44 7 28 50 20 44 7
8 44 76 56 46 27 13 23 50 30
8 45 43 44 37 29 45 33 44 56
8 46 26 83 71 50 44 45 41 38
8 47 4 85 56 88 92 81 88 49
8 48 78 36 11 13 31 54 56 36
8 49 77 20 60 25 14 22 56 14
9 10 76 16 52 31 31 34 31 23
9 11 24 66 62 59 81 46 67 50
9 12 6 82 73 55 57 88 92 87
9 13 36 47 55 40 78 61 38 57
9 14 20 71 73 46 80 86 64 58
9 15 65 31 28 30 57 57 62 48
9 16 86 13 26 19 33 25 20 46
9 17 69 56 16 53 30 57 40 48
9 18 28 39 74 62 36 56 59 73
9 19 66 31 30 54 60 37 19 16
9 20 24 52 75 67 62 80 72 83
9 21 88 26 49 15 15 27 50 6
9 22 79 47 45 39 48 54 44 36
9 23 20 51 72 64 77 57 74 83
9 24 38 56 53 34 54 45 39 80
9 25 68 41 49 52 33 16 57 58
9 26 39 40 39 32 77 34 35 56
9 27 76 37 45 32 17 17 35 33
9 28 75 14 30 62 38 40 33 46
9 29 21 77 75 47 46 66 59 41
9 30 32 76 64 78 62 56 76 62
9 31 9 90 52 57 48 50 86 67
9 32 54 47 61 53 36 52 31 27
9 33 76 43 20 16 46 45 21 32
9 34 70 51 59 63 29 28 14 53
9 35 81 20 44 31 25 13 16 52
9 36 89 24 8 19 27 36 41 15
9 37 1 63 78 94 74 54 96 67
9 38 57 56 26 67 49 43 34 62
9 39 9 88 74 79 74 67 64 82
9 40 51 71 58 43 73 44 68 34
9 41 39 59 63 31 61 54 57 64
9 42 58 68 27 40 59 54 50 56
9 43 79 30 49 42 39 52 13 23
9 44 25 55 41 74 37 57 80 52
9 45 14 45 71 47 43 90 63 79
9 46 63 63 49 66 60 60 48 50
9 47 61 55 67 21 68 27 59 26
9 48 5 53 81 59 54 67 69 50
9 49 41 65 66 43 56 63 46 69
10 11 1 72 95 93 91 89 96 66
10 12 77 28 35 21 41 58 25 22
10 13 2 87 74 61 53 65 70 68
10 14 41 44 60 41 77 41 62 55
10 15 85 39 30 11 36 51 29 49
10 16 31 76 59 62 78 52 36 53
10 17 98 30 4 9 45 33 32 14
10 18 98 44 14 9 32 8 8 22
10 19 89 44 51 21 32 37 13 50
10 20 11 56 62 84 55 77 57 48
10 21 61 34 68 59 25 54 46 61
10 22 90 35 27 19 40 13 25 48
10 23 98 8 2 10 1 19 37 13
10 24 12 51 51 91 80 69 72 63
10 25 93 51 14 35 36 14 44 50
10 26 14 64 54 52 90 47 63 71
10 27 38 47 42 53 53 57 56 38
10 28 92 49 46 51 8 38 47 45
10 29 87 16 37 27 8 10 53 13
10 30 57 59 25 66 32 33 53 33
10 31 93 15 19 12 31 45 15 8
10 32 22 77 77 63 66 88 76 42
10 33 2 48 90 66 93 51 64 75
10 34 14 61 58 69 71 91 87 76
10 35 64 56 67 18 56 25 49 62
10 36 36 46 78 66 61 53 72 42
10 37 1 75 79 54 66 98 93 73
10 38 56 52 52 26 48 50 49 49
10 39 67 24 50 22 42 53 41 47
10 40 4 94 93 63 90 58 88 89
10 41 74 49 39 30 61 16 28 55
10 42 62 30 39 59 67 68 48 49
10 43 83 18 53 36 20 22 19 38
10 44 26 64 84 65 41 82 77 72
10 45 84 13 36 29 49 41 57 54
10 46 18 72 89 80 48 61 60 79
10 47 62 34 41 68 63 64 61 44
10 48 57 42 53 21 51 53 41 50
10 49 72 59 51 54 35 34 24 18
11 12 58 25 38 67 46 69 56 25
11 13 64 19 18 52 66 40 56 67
11 14 34 46 82 65 32 34 73 59
11 15 43 29 65 73 39 42 31 45
11 16 85 45 19 57 22 29 9 48
11 17 98 8 11 4 24 22 27 13
11 18 35 77 53 67 59 54 59 81
11 19 75 41 60 22 38 31 33 33
11 20 63 43 29 61 36 24 41 33
11 21 2 83 72 51 71 81 70 88
11 22 30 53 46 70 41 57 60 51
11 23 41 31 45 56 39 48 67 44
11 24 12 56 93 65 76 71 60 82
11 25 66 59 32 56 32 58 39 17
11 26 47 67 67 26 52 35 34 59
11 27 19 87 59 40 48 65 88 78
11 28 90 9 42 24 23 48 39 7
11 29 73 51 51 59 52 16 16 21
11 30 39 49 62 72 62 73 75 42
11 31 69 37 52 16 45 17 37 63
11 32 75 20 46 56 47 61 32 44
11 33 66 46 59 53 40 36 22 23
11 34 66 19 42 35 49 18 20 43
11 35 17 51 80 67 42 48 67 76
11 36 76 47 47 59 27 26 48 46
11 37 55 43 27 57 28 22 36 25
11 38 85 56 43 12 29 46 42 13
11 39 80 38 16 51 14 23 56 56
11 40 75 53 38 33 49 62 55 40
11 41 46 69 56 66 65 58 46 74
11 42 7 87 87 92 84 70 81 94
11 43 52 52 69 31 44 27 43 63
11 44 9 82 91 80 46 72 82 88
11 45 44 28 59 76 46 49 66 49
11 46 14 61 72 48 88 82 51 57
11 47 39 66 58 59 71 58 67 50
11 48 61 60 56 19 32 68 63 41
11 49 17 50 75 74 86 41 46 49
12 13 96 39 50 16 20 45 49 48
12 14 3 50 65 62 52 89 68 65
12 15 83 42 33 41 26 41 54 19
12 16 71 44 62 17 44 53 53 46
12 17 86 48 55 17 28 8 53 14
12 18 40 79 57 58 48 72 50 70
12 19 45 57 42 72 64 31 61 56
12 20 7 54 88 47 53 75 68 53
12 21 71 60 14 35 44 57 39 56
12 22 21 45 57 49 56 53 83 86
12 23 47 33 46 37 39 75 70 42
12 24 45 37 54 69 53 52 64 52
12 25 35 63 41 75 76 33 46 75
12 26 76 12 45 40 18 35 53 50
12 27 69 60 16 49 54 61 63 35
12 28 67 32 51 58 22 21 37 32
12 29 69 46 37 63 62 22 40 39
12 30 21 66 87 57 62 39 85 56
12 31 20 77 73 48 61 45 57 76
12 32 32 77 73 35 65 35 79 67
12 33 14 63 77 61 48 53 73 77
12 34 68 50 56 43 61 53 56 27
12 35 99 36 28 7 2 5 23 15
12 36 43 67 56 73 34 37 42 68
12 37 93 25 17 34 43 12 45 37
12 38 6 73 96 51 82 83 51 63
12 39 43 68 59 71 58 70 35 39
12 40 6 88 73 63 60 59 91 91
12 41 13 84 74 49 77 76 87 79
12 42 32 80 64 74 80 65 33 42
12 43 80 44 58 27 51 17 16 32
12 44 18 60 46 66 40 79 59 56
12 45 93 13 47 28 35 47 46 18
12 46 80 29 16 46 23 17 53 22
12 47 10 90 76 76 86 93 81 47
12 48 86 17 19 33 29 41 20 51
12 49 92 46 5 36 33 45 19 48
13 14 25 55 63 58 79 77 64 67
13 15 87 20 13 44 18 6 53 40
13 16 69 48 51 58 26 61 27 34
13 17 70 34 30 52 63 56 45 46
13 18 55 25 41 38 24 38 48 30
13 19 27 73 44 51 80 65 54 36
13 20 54 42 26 66 38 46 57 33
13 21 7 67 92 81 46 86 54 57
13 22 64 54 63 34 55 47 31 25
13 23 4 74 67 72 67 94 68 90
13 24 70 37 38 26 51 38 24 46
13 25 29 36 41 51 39 79 50 65
13 26 5 81 92 69 53 63 65 79
13 27 55 68 63 64 38 60 42 47
13 28 41 70 51 50 74 35 37 51
13 29 0 65 77 63 50 67 97 84
13 30 90 38 46 29 45 48 53 40
13 31 6 72 79 82 48 58 48 54
13 32 31 43 37 56 55 76 62 67
13 33 56 27 43 28 26 71 25 65
13 34 57 48 24 34 25 29 58 49
13 35 80 14 58 19 22 43 16 25
13 36 47 36 75 63 61 48 70 73
13 37 90 36 53 45 53 4 44 14
13 38 97 35 44 25 4 12 39 12
13 39 46 75 75 52 63 33 43 55
13 40 92 37 6 46 36 19 16 32
13 41 3 63 76 52 96 70 54 48
13 42 88 23 12 22 32 54 42 38
13 43 61 61 55 36 20 29 65 57
13 44 82 56 45 40 31 43 53 20
13 45 11 68 81 53 49 69 84 87
13 46 14 43 88 86 73 79 88 80
13 47 33 58 53 37 65 66 57 62
13 48 75 16 33 41 18 20 36 49
13 49 53 27 52 48 28 32 63 49
14 15 74 40 34 44 33 54 31 45
14 16 72 35 19 53 46 36 25 53
14 17 58 69 44 45 54 37 70 27
14 18 30 36 37 78 48 37 60 54
14 19 59 61 63 28 45 22 46 68
14 20 74 31 53 46 22 26 29 60
14 21 57 23 30 69 37 38 39 43
14 22 21 56 82 79 71 86 82 70
14 23 64 34 42 46 49 19 24 20
14 24 85 32 54 30 11 14 36 8
14 25 42 35 37 35 35 45 67 32
14 26 45 45 53 57 68 65 32 30
14 27 72 14 16 33 49 24 24 58
14 28 43 70 54 74 31 61 75 50
14 29 74 31 44 29 56 26 24 25
14 30 32 60 54 77 48 45 57 80
14 31 16 49 88 80 79 41 82 91
14 32 13 57 89 59 84 75 80 54
14 33 33 76 35 57 37 38 70 67
14 34 44 47 33 65 69 73 59 45
14 35 84 13 15 28 35 38 12 24
14 36 16 89 67 56 47 49 68 90
14 37 34 42 48 38 82 71 37 35
14 38 15 67 89 48 52 77 63 61
14 39 11 67 92 69 69 53 74 91
14 40 8 59 86 66 86 48 70 57
14 41 27 52 84 81 61 84 70 62
14 42 25 77 54 62 46 56 45 47
14 43 18 46 87 86 81 76 77 82
14 44 50 71 67 40 66 58 37 47
14 45 8 55 53 56 68 60 89 64
14 46 42 46 65 66 71 33 52 52
14 47 14 73 73 62 55 67 47 49
14 48 8 68 83 80 60 75 74 57
14 49 16 89 69 58 90 82 49 84
15 16 42 30 76 50 43 62 34 74
15 17 30 55 58 50 75 55 66 78
15 18 1 66 94 65 86 85 83 66
15 19 18 90 46 82 74 54 80 74
15 20 36 71 73 34 64 76 63 81
15 21 57 32 63 31 56 62 57 59
15 22 78 29 42 55 12 21 56 14
15 23 81 30 10 50 39 23 11 37
15 24 44 71 53 36 47 74 46 36
15 25 6 70 93 74 58 86 66 50
15 26 32 71 75 56 49 80 55 59
15 27 74 51 47 18 61 57 43 35
15 28 5 71 62 68 71 51 92 96
15 29 81 37 46 14 34 21 42 13
15 30 39 59 46 51 56 30 54 75
15 31 2 86 98 90 68 86 86 63
15 32 33 53 73 57 58 34 81 78
15 33 75 48 33 43 41 24 32 26
15 34 60 28 23 35 45 20 34 20
15 35 23 38 86 65 63 79 40 77
15 36 37 79 61 49 73 31 48 69
15 37 26 56 53 72 68 78 85 43
15 38 52 45 48 41 24 63 64 40
15 39 20 89 75 77 47 71 82 40
15 40 44 76 47 77 58 65 30 71
15 41 25 84 43 50 66 60 49 78
15 42 50 59 70 39 46 31 62 68
15 43 22 61 61 74 66 82 64 87
15 44 67 45 47 23 22 32 30 44
15 45 19 65 61 62 83 60 55 84
15 46 32 43 83 46 45 46 40 76
15 47 86 13 42 7 45 50 27 7
15 48 93 5 4 18 14 44 47 52
15 49 47 53 47 55 50 31 62 29
16 17 45 60 63 46 34 34 31 32
16 18 78 33 40 44 43 33 38 33
16 19 1 99 82 90 68 65 56 63
16 20 52 59 69 29 48 34 54 64
16 21 32 43 56 76 45 57 36 57
16 22 34 32 79 47 58 38 45 65
16 23 11 68 52 86 88 78 71 54
16 24 15 45 76 42 56 71 52 60
16 25 87 15 44 6 48 19 45 39
16 26 16 90 89 87 68 88 54 44
16 27 74 20 42 54 49 14 27 25
16 28 74 43 54 12 12 56 29 30
16 29 24 47 54 58 38 71 49 53
16 30 4 73 67 83 78 79 66 78
16 31 53 42 68 24 61 62 28 31
16 32 16 62 78 90 81 74 70 78
16 33 39 63 49 50 52 54 39 75
16 34 27 86 66 41 70 68 67 66
16 35 70 46 51 35 55 48 15 26
16 36 76 48 53 30 56 58 41 23
16 37 38 65 33 51 43 48 67 75
16 38 97 25 7 22 30 40 27 21
16 39 56 47 66 66 23 27 43 35
16 40 90 18 46 45 24 48 51 16
16 41 6 54 63 96 83 82 74 60
16 42 57 62 55 41 42 26 42 63
16 43 70 41 60 62 52 21 54 51
16 44 3 51 84 73 67 75 74 90
16 45 75 27 28 32 36 22 52 21
16 46 7 72 49 76 75 70 82 59
16 47 12 57 85 87 43 54 54 50
16 48 18 88 71 84 50 87 69 85
16 49 60 60 68 64 48 56 35 21
17 18 6 67 83 89 91 74 72 95
17 19 78 44 57 53 36 23 21 50
17 20 47 71 72 50 63 73 40 71
17 21 36 72 59 55 51 40 71 43
17 22 16 77 75 60 88 70 73 84
17 23 9 80 87 63 61 90 66 63
17 24 69 64 53 51 57 27 36 50
17 25 88 21 46 52 11 39 37 55
17 26 52 35 39 28 70 44 57 52
17 27 74 36 51 41 52 54 25 26
17 28 48 67 73 47 72 44 59 60
17 29 50 64 59 55 35 61 31 46
17 30 17 80 79 87 60 51 48 66
17 31 11 77 69 91 61 67 86 49
17 32 80 27 14 13 45 26 21 9
17 33 53 36 25 62 67 42 64 32
17 34 43 38 50 65 51 53 76 65
17 35 93 11 5 50 18 36 15 42
17 36 12 76 71 65 60 81 84 91
17 37 10 93 89 79 60 60 79 86
17 38 99 22 7 7 4 27 36 4
17 39 33 63 43 54 76 39 63 81
17 40 89 8 41 24 40 24 19 34
17 41 23 88 56 75 49 38 70 75
17 42 19 81 62 48 58 74 50 61
17 43 79 38 23 44 13 31 28 34
17 44 74 35 56 26 25 49 43 54
17 45 36 39 40 79 53 81 71 75
17 46 61 53 53 21 56 29 51 45
17 47 94 50 10 48 43 18 21 5
17 48 1 52 66 87 71 89 74 86
17 49 6 54 59 57 95 65 50 78
18 19 71 60 15 18 30 26 54 61
18 20 11 51 54 73 82 59 58 76
18 21 71 60 52 21 32 45 40 47
18 22 94 3 47 5 9 29 32 19
18 23 48 44 70 53 47 35 45 57
18 24 55 40 39 46 47 31 25 62
18 25 20 86 49 58 59 68 45 52
18 26 2 76 83 82 88 79 85 72
18 27 9 79 50 54 88 80 86 64
18 28 11 65 57 84 69 64 81 60
18 29 52 32 31 70 60 52 59 48
18 30 65 46 45 50 30 17 57 34
18 31 96 25 47 29 29 20 37 28
18 32 45 28 55 59 31 31 41 46
18 33 75 42 36 52 55 54 61 20
18 34 2 98 68 75 88 66 91 95
18 35 95 33 34 33 17 12 51 22
18 36 61 63 29 62 56 58 25 56
18 37 59 20 54 41 41 30 29 52
18 38 82 56 15 48 30 53 54 57
18 39 32 63 33 44 54 41 46 51
18 40 77 25 18 39 19 28 12 11
18 41 89 27 10 14 24 32 15 35
18 42 86 39 7 19 39 40 16 11
18 43 60 52 37 65 33 63 19 42
18 44 20 74 76 79 52 61 51 60
18 45 35 66 55 38 43 82 75 43
18 46 78 16 17 21 40 30 57 33
18 47 3 62 54 73 83 90 52 63
18 48 38 41 46 64 40 31 34 42
18 49 94 43 20 49 5 6 10 3
19 20 6 75 67 95 61 70 81 65
19 21 92 32 34 5 11 38 19 34
19 22 34 63 76 33 80 64 37 36
19 23 6 53 74 87 70 49 48 59
19 24 12 53 71 87 70 56 53 44
19 25 45 65 66 49 69 66 37 29
19 26 8 57 46 69 88 80 81 58
19 27 39 76 70 69 70 78 76 71
19 28 76 43 44 59 61 26 16 45
19 29 28 80 64 46 56 84 69 45
19 30 0 69 52 61 54 84 96 72
19 31 25 54 78 73 57 54 79 63
19 32 28 76 84 84 52 60 60 37
19 33 8 81 65 47 76 63 62 75
19 34 36 34 75 42 47 68 71 63
19 35 53 36 48 48 39 49 28 63
19 36 0 53 55 93 83 69 62 66
19 37 78 12 27 13 14 21 14 27
19 38 46 53 58 28 46 48 49 46
19 39 43 38 37 45 58 33 55 57
19 40 41 67 65 63 74 71 78 39
19 41 17 90 51 82 70 65 82 49
19 42 84 52 31 28 16 8 57 35
19 43 57 38 24 41 65 55 56 22
19 44 5 60 79 70 96 84 70 94
19 45 19 40 50 75 74 59 65 85
19 46 94 45 40 3 39 36 5 16
19 47 75 25 40 22 14 56 19 57
19 48 51 37 52 54 34 47 65 58
19 49 6 47 82 55 88 96 89 66
20 21 51 26 60 25 45 57 61 53
20 22 85 54 46 56 23 12 29 33
20 23 29 66 84 66 68 47 76 44
20 24 81 17 51 58 23 26 50 51
20 25 68 22 18 24 56 54 56 37
20 26 27 84 44 64 54 36 42 85
20 27 46 35 44 73 34 29 36 61
20 28 72 28 20 31 19 49 41 49
20 29 7 52 50 64 47 66 75 80
20 30 57 41 51 44 66 47 31 57
20 31 2 76 98 53 89 78 57 89
20 32 3 69 95 77 93 93 67 71
20 33 65 34 36 24 29 63 39 43
20 34 72 14 58 33 16 15 15 41
20 35 97 40 40 39 4 11 8 21
20 36 73 56 30 52 26 24 41 23
20 37 24 52 80 77 56 56 66 49
20 38 37 79 46 72 74 45 69 76
20 39 10 75 54 58 74 52 82 58
20 40 0 71 82 70 86 76 69 86
20 41 0 82 80 69 71 65 97 90
20 42 33 37 37 34 61 81 67 78
20 43 84 19 23 31 44 31 57 50
20 44 62 58 25 28 54 47 19 55
20 45 78 20 23 32 50 53 45 51
20 46 11 46 49 72 60 65 91 69
20 47 34 49 64 81 49 34 62 76
20 48 82 35 29 43 26 12 40 48
20 49 28 48 35 71 57 48 40 50
21 22 56 68 53 59 38 35 40 25
21 23 82 10 50 35 55 54 28 32
21 24 64 28 64 56 29 46 44 24
21 25 91 9 42 10 16 48 5 29
21 26 2 68 69 85 62 88 49 49
21 27 73 43 29 61 46 19 18 40
21 28 79 53 26 33 50 55 37 55
21 29 6 62 72 47 50 62 80 63
21 30 44 55 77 50 58 38 31 32
21 31 69 47 64 20 46 45 32 61
21 32 63 63 47 38 64 66 32 41
21 33 23 83 48 84 80 64 43 51
21 34 59 57 27 49 21 38 56 62
21 35 53 53 60 45 44 59 66 34
21 36 21 51 58 55 62 52 59 62
21 37 91 28 9 6 51 11 22 15
21 38 81 44 43 47 35 35 9 23
21 39 6 94 64 87 87 79 51 51
21 40 36 69 38 66 72 79 32 32
21 41 39 58 55 55 37 57 55 70
21 42 84 32 31 27 32 11 20 12
21 43 45 33 39 53 42 47 70 41
21 44 33 75 48 60 54 47 56 77
21 45 85 7 57 41 32 51 25 42
21 46 70 51 35 42 27 50 45 60
21 47 2 79 50 61 67 72 56 61
21 48 10 78 58 59 90 49 90 52
21 49 66 41 39 38 36 39 51 26
22 23 88 47 41 49 13 50 50 16
22 24 47 67 55 62 59 34 27 46
22 25 57 48 42 55 55 35 32 65
22 26 11 68 73 82 81 62 61 74
22 27 50 46 48 51 54 61 65 29
22 28 39 68 77 39 62 62 48 75
22 29 45 36 35 74 54 57 70 65
22 30 56 31 63 27 23 56 29 68
22 31 50 25 66 69 58 32 40 38
22 32 90 12 30 31 46 52 23 12
22 33 9 89 76 53 68 47 85 74
22 34 6 68 89 74 72 51 51 86
22 35 49 32 44 69 50 73 64 54
22 36 75 46 28 34 59 43 39 56
22 37 66 65 20 32 40 51 48 29
22 38 47 53 67 75 27 72 65 44
22 39 34 37 57 46 52 39 68 73
22 40 91 38 37 41 9 25 12 14
22 41 90 24 20 21 44 22 24 20
22 42 81 12 50 39 21 49 50 44
22 43 21 52 86 48 48 44 50 48
22 44 92 34 53 29 28 33 34 51
22 45 64 40 31 67 48 50 56 18
22 46 17 47 51 73 89 63 89 44
22 47 85 55 35 55 43 14 30 47
22 48 6 82 50 85 57 60 85 70
22 49 41 55 58 71 47 49 33 60
23 24 45 34 56 30 34 54 55 65
23 25 20 45 74 54 64 68 48 52
23 26 91 51 37 34 47 13 28 17
23 27 57 32 40 53 22 39 59 44
23 28 5 59 60 95 97 85 59 81
23 29 95 35 14 36 31 30 37 36
23 30 46 46 35 71 60 45 61 63
23 31 77 52 31 18 60 58 43 15
23 32 69 26 22 55 20 32 20 19
23 33 28 47 76 58 69 64 56 74
23 34 98 33 24 7 39 40 10 39
23 35 45 51 37 71 76 71 60 66
23 36 85 50 21 36 21 14 17 22
23 37 14 69 87 88 76 52 90 68
23 38 46 75 75 76 65 30 40 66
23 39 87 22 12 15 15 21 29 36
23 40 12 93 92 57 69 77 61 76
23 41 87 52 47 39 26 37 37 53
23 42 45 67 65 43 40 51 46 36
23 43 53 39 37 47 54 29 68 69
23 44 70 31 17 62 17 55 34 45
23 45 85 21 11 28 47 33 54 41
23 46 76 15 14 61 36 32 17 50
23 47 3 97 62 65 89 97 81 87
23 48 68 36 22 47 62 25 64 29
23 49 49 32 28 56 32 53 34 35
24 25 18 60 82 55 49 72 74 49
24 26 81 33 29 51 37 43 36 16
24 27 64 21 30 62 54 37 60 66
24 28 36 40 78 65 64 80 74 41
24 29 42 73 66 33 49 34 53 30
24 30 96 19 33 38 8 28 16 42
24 31 4 80 84 70 70 86 88 83
24 32 56 39 43 46 42 56 55 46
24 33 97 31 42 24 1 26 24 28
24 34 47 66 52 43 41 31 32 65
24 35 74 48 46 54 16 52 41 50
24 36 22 81 86 48 84 46 82 45
24 37 33 37 54 79 42 46 44 79
24 38 3 73 56 85 70 79 96 79
24 39 67 52 38 23 30 57 28 28
24 40 39 47 79 47 61 34 61 42
24 41 52 69 72 63 71 72 25 30
24 42 42 77 60 34 43 54 66 53
24 43 1 62 94 94 71 85 80 88
24 44 98 15 11 4 33 33 13 10
24 45 48 40 33 60 66 56 64 40
24 46 11 74 59 75 71 57 90 75
24 47 46 49 61 54 44 44 71 75
24 48 20 75 77 69 65 71 80 76
24 49 88 53 17 49 28 21 17 36
25 26 47 56 31 32 62 56 58 28
25 27 77 22 18 60 19 24 24 31
25 28 71 25 48 55 31 61 17 49
25 29 79 31 19 26 44 52 37 15
25 30 26 69 81 65 80 75 37 81
25 31 38 74 69 44 31 31 40 76
25 32 43 35 55 62 76 35 71 76
25 33 53 52 64 32 32 26 55 33
25 34 12 47 53 61 63 65 87 53
25 35 67 59 24 54 52 17 22 60
25 36 34 75 53 62 66 76 66 65
25 37 97 8 51 27 43 44 6 47
25 38 60 39 44 61 66 29 33 47
25 39 75 30 52 58 57 41 32 12
25 40 2 53 96 89 72 59 70 88
25 41 21 77 69 82 84 79 65 64
25 42 3 58 74 89 74 77 81 57
25 43 90 20 54 15 13 23 39 30
25 44 41 74 50 41 67 42 59 54
25 45 81 47 37 14 27 37 16 14
25 46 72 35 62 28 40 40 21 29
25 47 72 36 45 59 62 26 24 24
25 48 35 43 68 38 81 78 66 64
25 49 75 47 50 36 55 47 38 47
26 27 62 35 64 60 26 53 27 46
26 28 96 35 35 26 32 17 3 42
26 29 33 82 63 46 66 45 74 70
26 30 75 37 25 37 17 32 59 22
26 31 54 31 44 40 65 65 56 39
26 32 85 20 38 38 22 18 36 50
26 33 78 40 48 29 13 25 31 35
26 34 52 52 61 71 31 68 26 65
26 35 57 62 50 43 69 57 30 50
26 36 60 23 48 40 48 36 46 21
26 37 74 55 51 24 29 53 60 49
26 38 7 55 85 63 91 55 61 80
26 39 31 62 80 81 51 81 59 55
26 40 45 28 71 31 60 64 32 68
26 41 16 68 71 41 73 73 72 44
26 42 36 74 36 78 43 64 52 78
26 43 78 33 21 16 27 14 40 58
26 44 7 55 91 77 73 93 91 83
26 45 69 59 23 41 63 27 16 18
26 46 86 40 45 55 10 15 41 11
26 47 89 46 8 30 10 22 12 5
26 48 61 25 28 40 40 29 25 38
26 49 58 53 31 60 41 57 27 26
27 28 69 62 19 58 37 63 23 57
27 29 87 16 44 42 13 17 28 41
27 30 85 26 22 39 7 33 35 48
27 31 85 55 12 47 17 54 45 42
27 32 94 37 42 21 51 34 32 10
27 33 80 41 52 29 26 18 10 39
27 34 37 55 64 69 44 76 45 51
27 35 13 79 55 55 80 55 69 77
27 36 25 50 46 84 71 77 59 65
27 37 29 83 75 37 55 84 74 65
27 38 92 27 42 33 49 8 10 16
27 39 86 49 55 38 41 38 28 22
27 40 35 73 53 60 41 79 67 49
27 41 90 43 36 7 37 6 45 20
27 42 0 77 53 53 59 97 52 76
27 43 20 51 85 69 56 64 63 72
27 44 42 33 60 73 38 38 75 75
27 45 96 29 37 34 10 29 5 33
27 46 18 42 69 80 74 75 46 55
27 47 64 45 61 26 46 58 65 31
27 48 19 67 48 56 70 77 81 43
27 49 7 73 87 54 48 86 73 71
28 29 54 29 68 25 31 24 64 57
28 30 56 38 67 59 54 54 70 35
28 31 97 22 40 24 21 12 6 9
28 32 20 56 52 51 81 53 83 54
28 33 19 74 64 74 55 46 48 60
28 34 35 57 65 78 70 40 45 48
28 35 87 48 7 35 10 53 17 26
28 36 73 61 23 44 35 61 56 43
28 37 6 92 84 83 74 78 49 58
28 38 7 59 78 78 58 61 76 92
28 39 41 57 77 54 63 36 51 66
28 40 65 43 23 38 65 30 43 52
28 41 91 15 37 10 50 41 48 33
28 42 26 83 52 44 77 65 38 42
28 43 33 79 62 67 71 57 38 73
28 44 98 46 16 37 8 42 30 24
28 45 95 22 6 51 20 16 15 25
28 46 6 75 69 74 86 87 88 49
28 47 73 17 53 44 16 37 18 23
28 48 89 10 18 44 41 19 40 52
28 49 26 44 80 42 82 75 37 52
29 30 55 71 54 53 49 23 66 31
29 31 66 53 59 26 48 44 50 45
29 32 72 29 38 43 50 15 58 57
29 33 42 45 71 50 41 73 49 36
29 34 29 68 46 53 45 84 64 54
29 35 90 14 32 22 45 45 39 43
29 36 8 80 51 89 86 51 92 80
29 37 10 85 71 69 93 74 67 60
29 38 62 32 41 20 37 48 49 67
29 39 65 61 20 66 35 29 29 41
29 40 88 14 36 44 15 11 10 52
29 41 74 37 13 27 56 15 40 59
29 42 12 70 53 54 81 92 45 62
29 43 79 11 35 18 14 32 17 33
29 44 55 39 50 23 45 26 30 65
29 45 96 21 36 6 42 14 35 49
29 46 40 61 64 37 56 35 35 72
29 47 48 43 42 28 31 70 56 38
29 48 16 72 60 47 90 83 85 63
29 49 45 38 67 63 53 77 39 74
30 31 98 15 5 5 11 14 36 9
30 32 59 59 35 46 29 46 66 23
30 33 74 31 18 57 54 45 24 30
30 34 19 42 52 87 62 80 69 47
30 35 0 68 65 66 89 63 73 57
30 36 34 58 81 71 60 48 36 51
30 37 57 57 26 67 69 44 37 56
30 38 3 88 91 56 62 48 86 80
30 39 75 17 44 37 54 23 27 59
30 40 81 43 33 33 44 46 28 40
30 41 53 32 72 25 47 71 56 62
30 42 21 51 49 47 70 63 76 82
30 43 71 51 35 46 29 22 62 55
30 44 47 31 31 65 27 37 36 44
30 45 31 58 56 53 53 41 83 36
30 46 64 39 40 23 53 30 24 43
30 47 98 6 30 31 32 27 16 10
30 48 30 78 56 69 72 76 40 57
30 49 81 22 23 22 32 31 15 39
31 32 38 33 61 79 78 45 44 80
31 33 52 39 33 32 59 70 70 48
31 34 8 90 74 46 54 84 82 77
31 35 45 60 65 67 53 29 38 37
31 36 55 63 26 56 69 65 45 37
31 37 38 78 67 72 70 58 71 48
31 38 22 59 50 79 42 40 86 83
31 39 31 48 56 75 34 48 78 77
31 40 3 49 69 78 82 80 89 65
31 41 45 70 70 72 65 68 75 53
31 42 64 51 26 40 35 66 61 23
31 43 7 64 95 85 61 85 69 82
31 44 13 91 86 43 57 74 89 67
31 45 61 46 22 66 65 58 53 21
31 46 81 35 40 41 19 47 31 13
31 47 14 44 45 75 61 66 53 56
31 48 48 56 74 42 69 74 68 67
31 49 55 64 59 39 38 23 56 66
32 33 84 57 45 18 28 14 17 37
32 34 30 49 71 74 76 68 52 62
32 35 9 72 87 71 82 55 78 54
32 36 52 64 36 27 70 73 52 72
32 37 24 49 75 38 51 44 46 69
32 38 27 42 48 85 52 39 60 77
32 39 99 24 10 44 27 24 18 3
32 40 54 37 69 33 55 63 41 52
32 41 89 19 35 17 15 34 20 21
32 42 22 71 71 78 87 43 62 70
32 43 23 40 40 46 61 39 41 44
32 44 19 85 70 81 65 82 70 87
32 45 47 72 35 64 48 64 29 62
32 46 65 67 40 56 42 33 52 30
32 47 27 49 71 41 71 74 60 69
32 48 45 74 39 35 34 68 42 67
32 49 87 16 20 42 7 36 50 52
33 34 6 94 68 95 59 83 54 76
33 35 30 46 61 83 64 51 50 45
33 36 20 70 66 77 68 46 60 51
33 37 35 51 73 36 78 45 66 52
33 38 95 18 31 12 39 45 17 42
33 39 88 21 33 42 15 7 20 54
33 40 63 67 31 32 21 62 45 54
33 41 73 54 33 40 55 15 58 15
33 42 76 41 60 59 19 43 27 19
33 43 79 17 40 29 21 36 22 15
33 44 43 72 63 46 55 50 64 33
33 45 14 45 85 49 79 88 49 58
33 46 53 49 38 49 67 31 34 55
33 47 32 72 62 68 55 63 49 51
33 48 76 39 17 42 41 60 15 60
33 49 16 72 65 43 72 73 68 58
34 35 36 76 51 33 47 45 33 76
34 36 89 14 25 18 32 25 33 30
34 37 47 61 53 72 53 47 65 72
34 38 36 64 54 72 72 50 55 55
34 39 7 88 75 68 51 65 54 96
34 40 52 24 51 57 33 60 29 56
34 41 81 29 36 40 25 43 10 24
34 42 94 40 17 51 37 10 39 17
34 43 78 36 16 28 28 33 30 17
34 44 57 38 24 64 34 57 71 63
34 45 39 78 38 68 35 40 67 32
34 46 23 85 51 70 78 70 38 87
34 47 62 26 40 35 36 55 67 26
34 48 84 32 13 45 16 53 37 38
34 49 16 43 42 71 49 76 75 71
35 36 0 85 97 87 80 88 77 53
35 37 33 52 40 50 45 49 63 64
35 38 38 45 37 31 74 65 49 31
35 39 9 91 71 55 82 80 70 85
35 40 27 53 80 60 68 85 60 57
35 41 99 1 42 13 15 34 3 14
35 42 46 41 61 30 76 55 72 47
35 43 95 40 28 4 39 39 29 34
35 44 52 73 64 52 28 34 47 44
35 45 25 53 68 86 39 51 70 43
35 46 61 58 68 43 27 36 64 60
35 47 96 26 16 10 37 5 50 17
35 48 71 50 49 26 53 32 48 33
35 49 4 51 80 81 88 58 88 56
36 37 3 83 59 49 67 77 63 86
36 38 64 29 60 61 22 22 21 64
36 39 48 48 25 32 67 61 62 60
36 40 99 24 0 15 5 22 11 27
36 41 43 67 62 57 65 51 70 72
36 42 8 77 68 92 46 87 64 68
36 43 31 45 63 70 58 63 36 41
36 44 67 35 40 46 61 54 49 59
36 45 39 64 30 76 32 44 55 78
36 46 70 18 63 46 20 48 25 38
36 47 28 64 85 66 75 79 66 69
36 48 13 59 79 89 57 47 45 78
36 49 95 39 36 21 18 9 6 5
37 38 18 75 64 86 52 78 64 85
37 39 45 40 63 41 61 39 29 52
37 40 77 37 37 11 11 38 57 14
37 41 65 36 28 19 34 23 32 39
37 42 41 38 69 39 40 56 55 74
37 43 91 39 47 9 52 5 52 20
37 44 7 91 64 60 94 81 86 95
37 45 41 40 42 35 31 64 64 60
37 46 74 38 41 60 34 50 60 61
37 47 85 24 22 48 34 11 43 53
37 48 68 33 27 65 40 48 56 57
37 49 58 51 58 28 63 64 38 26
38 39 14 85 53 90 51 85 79 62
38 40 12 61 48 44 44 61 73 45
38 41 94 7 24 5 3 51 14 2
38 42 73 60 16 17 33 26 51 39
38 43 43 34 59 68 75 70 60 59
38 44 28 79 36 83 71 75 75 75
38 45 63 37 23 37 26 41 43 57
38 46 24 50 83 78 68 41 63 38
38 47 66 55 52 30 61 62 52 35
38 48 99 47 28 2 37 47 25 5
38 49 98 4 39 48 26 27 40 44
39 40 80 13 58 45 15 33 27 49
39 41 4 67 86 67 55 75 69 79
39 42 84 13 37 49 17 18 29 49
39 43 70 22 20 22 23 45 42 27
39 44 38 31 33 34 76 56 53 61
39 45 76 34 17 19 58 57 33 48
39 46 58 28 57 64 41 65 21 36
39 47 20 59 61 68 75 61 68 70
39 48 64 28 52 19 33 61 50 40
39 49 69 58 34 63 56 29 56 15
40 41 85 12 17 43 23 17 8 52
40 42 2 55 60 89 65 53 72 64
40 43 2 88 91 74 90 50 84 79
40 44 21 85 46 41 42 49 88 67
40 45 35 68 69 53 64 78 60 60
40 46 37 54 67 40 55 69 51 61
40 47 31 80 80 36 38 38 48 35
40 48 58 34 30 36 51 64 47 38
40 49 27 56 61 50 62 58 37 39
41 42 89 24 10 36 32 45 22 49
41 43 59 45 43 65 68 64 64 61
41 44 63 63 19 61 62 62 27 42
41 45 41 78 64 42 40 51 42 54
41 46 11 53 78 57 90 47 53 84
41 47 68 34 31 23 18 47 27 18
41 48 56 56 27 27 25 33 51 52
41 49 82 29 21 52 22 23 17 45
42 43 54 55 29 31 39 51 53 48
42 44 46 72 57 57 65 67 42 28
42 45 84 20 50 38 13 10 22 26
42 46 42 43 59 38 69 49 56 66
42 47 3 65 59 91 84 63 82 84
42 48 62 43 56 61 25 38 58 54
42 49 8 50 49 59 66 73 63 61
43 44 75 22 33 35 41 33 54 20
43 45 12 69 74 77 81 84 71 71
43 46 46 46 40 48 55 44 35 52
43 47 34 78 58 64 40 80 46 62
43 48 53 69 34 50 28 24 62 49
43 49 60 48 36 56 30 33 56 30
44 45 68 42 36 19 33 28 22 18
44 46 79 56 32 31 56 52 41 39
44 47 83 48 23 20 34 55 35 18
44 48 96 33 16 27 4 33 30 45
44 49 35 42 64 38 51 73 64 37
45 46 87 37 18 19 27 40 55 31
45 47 70 50 60 31 26 48 57 60
45 48 50 62 33 58 63 37 24 38
45 49 1 66 85 70 55 82 93 55
46 47 64 49 50 37 42 47 58 19
46 48 5 74 56 85 80 82 81 54
46 49 12 75 67 76 73 92 89 54
47 48 77 16 36 46 41 57 26 57
47 49 8 89 88 93 71 78 58 56
48 49 7 65 51 64 51 94 74 92
