10 3
0.3 0 0.7
0 1 74 49 22
0 2 28 65 56
0 3 14 20 41
0 4 3 8 41
0 5 49 53 78
0 6 23 39 31
0 7 88 83 41
0 8 45 40 39
0 9 48 86 79
1 2 94 27 74
1 3 80 53 38
1 4 79 26 60
1 5 6 7 8
1 6 25 50 40
1 7 37 55 7
1 8 95 61 20
1 9 47 57 31
2 3 64 76 63
2 4 70 56 48
2 5 89 45 46
2 6 42 57 20
2 7 22 7 32
2 8 89 24 45
2 9 29 72 50
3 4 93 36 53
3 5 71 16 17
3 6 20 57 47
3 7 2 66 1
3 8 96 29 97
3 9 6 69 2
4 5 81 33 29
4 6 70 76 58
4 7 47 72 60
4 8 65 91 83
4 9 92 33 62
5 6 56 43 32
5 7 18 38 25
5 8 80 34 52
5 9 65 15 28
6 7 22 62 51
6 8 20 62 13
6 9 55 31 76
7 8 96 88 32
7 9 16 37 32
8 9 22 40 67
