22 3
0.8 0 0.2
0 1 85 78 46
0 2 64 46 68
0 3 95 58 90
0 4 79 56 58
0 5 76 71 90
0 6 63 23 48
0 7 3 69 5
0 8 0 24 45
0 9 78 42 70
0 10 11 39 59
0 11 12 45 36
0 12 94 97 56
0 13 7 73 52
0 14 67 72 91
0 15 60 49 26
0 16 44 39 41
0 17 66 55 46
0 18 21 30 58
0 19 41 51 46
0 20 34 81 9
0 21 82 87 71
1 2 40 31 14
1 3 59 32 50
1 4 66 24 51
1 5 7 53 67
1 6 35 25 59
1 7 47 19 86
1 8 11 53 53
1 9 12 65 74
1 10 61 25 40
1 11 71 83 76
1 12 38 48 23
1 13 34 21 72
1 14 56 62 21
1 15 57 16 74
1 16 66 87 57
1 17 15 22 40
1 18 5 23 48
1 19 3 18 61
1 20 19 73 41
1 21 46 48 40
2 3 59 52 65
2 4 11 26 23
2 5 45 19 79
2 6 91 65 34
2 7 71 21 47
2 8 89 48 48
2 9 45 39 11
2 10 56 29 43
2 11 1 5 52
2 12 62 61 58
2 13 82 89 94
2 14 0 74 21
2 15 10 3 48
2 16 91 29 24
2 17 91 48 67
2 18 55 15 59
2 19 5 12 50
2 20 68 22 59
2 21 23 11 5
3 4 97 23 82
3 5 74 56 39
3 6 26 76 58
3 7 98 96 64
3 8 16 43 5
3 9 14 18 58
3 10 59 72 26
3 11 7 31 32
3 12 61 83 73
3 13 10 11 45
3 14 86 38 63
3 15 43 62 9
3 16 74 91 50
3 17 56 37 68
3 18 56 83 83
3 19 35 39 28
3 20 28 72 79
3 21 82 91 47
4 5 86 22 50
4 6 96 78 53
4 7 93 35 67
4 8 39 21 39
4 9 13 50 67
4 10 4 73 73
4 11 5 70 64
4 12 89 20 65
4 13 8 44 39
4 14 27 51 70
4 15 37 27 12
4 16 13 21 63
4 17 33 59 83
4 18 89 90 71
4 19 0 66 16
4 20 72 29 43
4 21 27 58 78
5 6 21 61 9
5 7 95 94 64
5 8 81 60 56
5 9 45 11 21
5 10 51 48 20
5 11 30 85 54
5 12 82 51 32
5 13 98 86 40
5 14 80 82 43
5 15 67 15 34
5 16 64 40 41
5 17 4 69 16
5 18 92 39 53
5 19 6 28 77
5 20 81 32 38
5 21 90 89 27
6 7 25 81 37
6 8 18 37 17
6 9 79 34 20
6 10 64 16 55
6 11 81 32 45
6 12 3 23 47
6 13 20 70 70
6 14 85 46 64
6 15 93 58 55
6 16 89 74 61
6 17 48 85 50
6 18 16 56 5
6 19 49 51 86
6 20 69 45 52
6 21 38 81 62
7 8 91 78 62
7 9 58 23 87
7 10 73 55 63
7 11 97 58 30
7 12 93 29 85
7 13 76 32 18
7 14 94 49 24
7 15 32 73 66
7 16 57 46 18
7 17 36 62 70
7 18 10 53 23
7 19 95 99 50
7 20 92 88 95
7 21 60 14 30
8 9 44 60 66
8 10 13 41 56
8 11 61 79 71
8 12 14 46 58
8 13 29 80 55
8 14 78 27 92
8 15 24 14 74
8 16 21 71 36
8 17 3 73 9
8 18 29 71 45
8 19 3 43 68
8 20 30 59 63
8 21 24 68 12
9 10 34 66 65
9 11 67 40 22
9 12 8 66 35
9 13 63 85 78
9 14 51 64 51
9 15 77 67 59
9 16 12 29 12
9 17 78 88 86
9 18 59 74 88
9 19 72 81 31
9 20 32 69 10
9 21 62 52 19
10 11 10 63 68
10 12 28 7 58
10 13 72 74 92
10 14 42 80 26
10 15 36 23 51
10 16 51 72 30
10 17 36 25 45
10 18 21 33 32
10 19 57 50 44
10 20 95 66 35
10 21 74 55 57
11 12 10 67 57
11 13 13 2 5
11 14 4 45 38
11 15 42 10 87
11 16 13 61 48
11 17 6 30 24
11 18 32 35 12
11 19 66 18 21
11 20 78 27 55
11 21 76 19 24
12 13 87 63 49
12 14 30 35 25
12 15 68 81 87
12 16 53 88 39
12 17 72 14 50
12 18 1 57 3
12 19 19 12 37
12 20 97 36 51
12 21 7 37 5
13 14 94 37 31
13 15 81 91 54
13 16 97 68 89
13 17 14 64 5
13 18 68 30 59
13 19 80 58 51
13 20 95 42 88
13 21 9 55 46
14 15 38 84 61
14 16 66 15 80
14 17 87 80 51
14 18 70 34 60
14 19 58 52 43
14 20 73 35 57
14 21 59 51 54
15 16 36 79 62
15 17 48 60 24
15 18 42 12 69
15 19 5 50 21
15 20 44 72 84
15 21 64 39 51
16 17 41 57 35
16 18 60 32 83
16 19 12 20 34
16 20 6 69 36
16 21 19 81 16
17 18 81 64 60
17 19 25 49 13
17 20 44 69 10
17 21 30 35 48
18 19 47 55 58
18 20 27 6 39
18 21 67 30 60
19 20 66 83 78
19 21 55 22 57
20 21 68 44 44
