27 3
0.7 0 0.3
0 1 59 64 63
0 2 67 62 63
0 3 9 12 17
0 4 64 64 67
0 5 91 84 81
0 6 29 29 36
0 7 37 46 34
0 8 55 58 56
0 9 72 65 64
0 10 66 58 58
0 11 35 35 44
0 12 76 74 77
0 13 78 74 68
0 14 78 69 75
0 15 89 82 84
0 16 77 65 65
0 17 67 70 67
0 18 77 74 79
0 19 78 76 76
0 20 2 5 2
0 21 64 69 70
0 22 5 11 12
0 23 4 17 6
0 24 21 23 29
0 25 2 11 9
0 26 58 52 57
1 2 61 55 55
1 3 60 58 63
1 4 15 22 24
1 5 83 79 82
1 6 65 68 65
1 7 73 75 65
1 8 74 67 66
1 9 91 84 90
1 10 75 69 73
1 11 89 86 76
1 12 4 11 15
1 13 42 43 50
1 14 63 68 59
1 15 53 51 60
1 16 82 76 81
1 17 35 40 38
1 18 27 25 26
1 19 32 34 28
1 20 4 17 19
1 21 99 85 93
1 22 84 74 81
1 23 18 25 22
1 24 36 38 39
1 25 64 68 68
1 26 70 73 61
2 3 80 73 71
2 4 62 65 64
2 5 84 73 79
2 6 3 4 5
2 7 96 88 92
2 8 86 78 73
2 9 14 23 18
2 10 4 17 8
2 11 30 33 28
2 12 5 11 10
2 13 75 64 66
2 14 45 47 48
2 15 13 25 15
2 16 2 5 12
2 17 8 21 16
2 18 51 54 50
2 19 75 78 73
2 20 61 52 52
2 21 24 35 32
2 22 29 33 39
2 23 36 31 39
2 24 24 29 25
2 25 29 26 31
2 26 4 14 6
3 4 32 31 37
3 5 3 13 13
3 6 27 27 35
3 7 43 47 46
3 8 80 70 74
3 9 89 83 87
3 10 69 60 72
3 11 7 11 16
3 12 64 55 54
3 13 53 56 51
3 14 67 65 62
3 15 27 31 27
3 16 63 60 59
3 17 91 89 77
3 18 94 92 93
3 19 66 66 66
3 20 37 39 40
3 21 37 35 38
3 22 96 88 93
3 23 36 30 39
3 24 94 88 93
3 25 83 70 74
3 26 25 31 22
4 5 42 38 43
4 6 71 69 75
4 7 54 60 54
4 8 11 10 18
4 9 61 56 59
4 10 86 77 82
4 11 44 39 42
4 12 81 78 72
4 13 15 14 27
4 14 88 79 85
4 15 56 57 56
4 16 31 27 41
4 17 6 16 10
4 18 92 84 90
4 19 83 71 81
4 20 96 93 86
4 21 89 89 90
4 22 88 89 85
4 23 81 81 81
4 24 0 4 4
4 25 94 82 92
4 26 9 13 17
5 6 57 58 51
5 7 25 30 28
5 8 52 44 53
5 9 71 65 66
5 10 89 80 90
5 11 8 8 12
5 12 18 30 21
5 13 65 67 69
5 14 68 70 69
5 15 94 92 91
5 16 99 87 98
5 17 53 47 58
5 18 99 97 91
5 19 94 93 90
5 20 62 54 66
5 21 32 36 40
5 22 77 73 70
5 23 98 97 89
5 24 62 67 64
5 25 94 88 93
5 26 55 61 49
6 7 81 84 82
6 8 71 63 69
6 9 97 90 93
6 10 29 25 27
6 11 52 58 45
6 12 70 65 63
6 13 92 84 90
6 14 91 88 88
6 15 60 60 56
6 16 52 58 53
6 17 49 48 44
6 18 5 18 18
6 19 43 42 45
6 20 83 73 79
6 21 16 26 25
6 22 99 95 95
6 23 54 56 48
6 24 5 5 12
6 25 69 64 66
6 26 37 34 40
7 8 82 84 82
7 9 43 40 46
7 10 82 81 79
7 11 24 35 29
7 12 2 5 3
7 13 60 63 52
7 14 67 65 60
7 15 72 68 62
7 16 32 37 33
7 17 48 52 46
7 18 68 65 60
7 19 83 75 78
7 20 22 27 21
7 21 77 79 75
7 22 66 66 64
7 23 49 50 43
7 24 35 34 30
7 25 12 12 23
7 26 84 73 78
8 9 51 50 46
8 10 37 33 32
8 11 87 84 80
8 12 30 39 28
8 13 72 76 71
8 14 66 64 66
8 15 19 23 22
8 16 82 76 80
8 17 10 20 12
8 18 61 66 63
8 19 63 63 56
8 20 64 69 56
8 21 29 26 34
8 22 94 80 81
8 23 33 32 41
8 24 3 14 4
8 25 5 12 10
8 26 63 57 55
9 10 18 18 26
9 11 98 86 84
9 12 56 54 56
9 13 95 92 88
9 14 39 36 48
9 15 75 65 67
9 16 66 67 62
9 17 79 73 77
9 18 12 22 18
9 19 77 74 79
9 20 15 23 19
9 21 28 30 36
9 22 76 72 70
9 23 40 46 45
9 24 94 90 87
9 25 41 40 37
9 26 9 12 18
10 11 51 58 44
10 12 64 56 57
10 13 4 16 6
10 14 10 13 17
10 15 40 45 38
10 16 23 25 25
10 17 59 65 64
10 18 92 84 93
10 19 88 83 86
10 20 81 76 75
10 21 21 25 23
10 22 51 50 46
10 23 35 31 31
10 24 56 48 48
10 25 91 91 83
10 26 21 33 26
11 12 9 20 16
11 13 96 91 87
11 14 86 76 86
11 15 40 42 49
11 16 2 14 7
11 17 94 86 85
11 18 19 30 23
11 19 97 96 83
11 20 12 20 13
11 21 6 6 17
11 22 87 75 89
11 23 15 13 17
11 24 21 28 28
11 25 45 44 47
11 26 8 12 15
12 13 90 86 88
12 14 77 68 71
12 15 58 51 57
12 16 10 12 21
12 17 95 83 87
12 18 77 77 68
12 19 61 58 64
12 20 63 58 63
12 21 60 58 61
12 22 9 14 22
12 23 86 74 86
12 24 91 85 83
12 25 63 60 67
12 26 84 75 74
13 14 78 77 72
13 15 94 83 83
13 16 46 45 44
13 17 0 2 12
13 18 97 95 87
13 19 49 44 51
13 20 35 37 33
13 21 15 24 13
13 22 8 8 11
13 23 35 32 39
13 24 18 23 24
13 25 36 39 41
13 26 35 36 40
14 15 72 70 67
14 16 9 18 10
14 17 91 92 88
14 18 30 37 29
14 19 65 57 57
14 20 11 15 13
14 21 52 51 50
14 22 29 36 26
14 23 15 21 19
14 24 50 57 45
14 25 41 40 46
14 26 16 26 25
15 16 15 16 16
15 17 72 66 70
15 18 9 8 11
15 19 9 8 10
15 20 68 67 60
15 21 74 77 65
15 22 54 57 58
15 23 7 12 13
15 24 42 47 49
15 25 95 85 85
15 26 4 5 16
16 17 50 43 54
16 18 54 46 54
16 19 66 70 59
16 20 91 85 90
16 21 71 68 67
16 22 47 42 44
16 23 46 50 44
16 24 1 11 16
16 25 45 46 49
16 26 65 57 58
17 18 38 33 43
17 19 12 23 16
17 20 13 18 24
17 21 43 49 49
17 22 69 64 71
17 23 82 83 78
17 24 45 41 42
17 25 6 15 9
17 26 54 47 49
18 19 56 53 62
18 20 97 89 84
18 21 68 64 71
18 22 41 37 40
18 23 10 9 10
18 24 27 26 35
18 25 15 15 13
18 26 52 45 57
19 20 68 59 71
19 21 58 51 54
19 22 19 20 29
19 23 12 12 15
19 24 33 35 33
19 25 97 85 91
19 26 43 47 47
20 21 34 43 37
20 22 19 19 20
20 23 35 32 34
20 24 15 18 17
20 25 59 50 58
20 26 13 23 19
21 22 10 9 17
21 23 7 9 8
21 24 93 90 86
21 25 82 81 77
21 26 97 92 90
22 23 30 27 28
22 24 78 79 66
22 25 82 78 80
22 26 84 82 86
23 24 47 54 46
23 25 87 88 75
23 26 91 84 82
24 25 72 71 69
24 26 34 43 41
25 26 28 38 36
