42 3
0.7 0 0.3
0 1 13 20 9
0 2 90 65 52
0 3 92 47 50
0 4 73 37 69
0 5 44 28 49
0 6 6 23 30
0 7 44 40 51
0 8 18 32 26
0 9 80 71 83
0 10 11 34 25
0 11 45 56 53
0 12 43 52 68
0 13 32 55 65
0 14 76 83 58
0 15 10 18 19
0 16 19 10 49
0 17 16 36 32
0 18 33 34 26
0 19 15 16 20
0 20 66 65 49
0 21 45 48 71
0 22 48 38 36
0 23 0 32 22
0 24 30 42 39
0 25 68 81 72
0 26 38 43 56
0 27 40 46 43
0 28 1 21 16
0 29 66 82 43
0 30 10 28 51
0 31 7 44 34
0 32 14 25 31
0 33 77 59 63
0 34 20 58 42
0 35 29 58 40
0 36 34 35 56
0 37 15 21 43
0 38 68 39 56
0 39 82 83 80
0 40 69 49 45
0 41 73 77 66
1 2 64 43 63
1 3 12 48 9
1 4 13 52 26
1 5 91 94 52
1 6 50 73 73
1 7 48 27 53
1 8 4 26 44
1 9 25 57 44
1 10 65 44 57
1 11 74 42 86
1 12 51 44 53
1 13 19 14 35
1 14 97 54 90
1 15 47 59 53
1 16 69 52 69
1 17 31 21 57
1 18 72 40 62
1 19 95 96 78
1 20 99 66 92
1 21 99 50 62
1 22 16 43 24
1 23 81 57 43
1 24 97 61 80
1 25 54 63 39
1 26 69 65 66
1 27 95 59 62
1 28 4 14 40
1 29 87 76 90
1 30 17 30 9
1 31 43 28 28
1 32 23 31 52
1 33 49 34 41
1 34 4 17 13
1 35 94 93 88
1 36 69 80 62
1 37 78 72 59
1 38 2 5 20
1 39 43 62 27
1 40 97 94 90
1 41 40 49 59
2 3 79 89 44
2 4 7 26 51
2 5 29 22 55
2 6 89 60 84
2 7 16 15 10
2 8 38 49 27
2 9 78 48 40
2 10 42 37 52
2 11 28 54 61
2 12 28 50 29
2 13 3 49 5
2 14 79 72 48
2 15 96 97 87
2 16 93 60 85
2 17 65 66 70
2 18 26 28 44
2 19 76 65 75
2 20 95 58 60
2 21 23 29 17
2 22 85 88 78
2 23 36 42 37
2 24 53 71 68
2 25 6 38 19
2 26 88 49 78
2 27 29 25 63
2 28 35 40 24
2 29 52 68 45
2 30 90 75 45
2 31 90 86 93
2 32 99 73 92
2 33 39 55 62
2 34 34 39 29
2 35 85 66 55
2 36 29 53 36
2 37 53 74 33
2 38 83 91 91
2 39 65 60 51
2 40 78 50 43
2 41 6 7 35
3 4 30 58 63
3 5 84 75 82
3 6 9 49 17
3 7 76 82 44
3 8 99 79 89
3 9 3 35 44
3 10 62 53 56
3 11 2 15 49
3 12 1 12 38
3 13 99 80 64
3 14 1 23 33
3 15 65 34 56
3 16 64 51 33
3 17 24 40 41
3 18 8 13 40
3 19 15 31 23
3 20 46 51 33
3 21 42 25 51
3 22 90 91 89
3 23 80 51 65
3 24 70 77 76
3 25 18 28 12
3 26 61 48 61
3 27 86 79 55
3 28 66 70 40
3 29 25 39 30
3 30 11 23 10
3 31 94 64 66
3 32 17 57 20
3 33 17 50 33
3 34 18 49 54
3 35 32 38 59
3 36 38 49 53
3 37 4 18 7
3 38 61 71 31
3 39 14 25 40
3 40 27 55 21
3 41 45 63 32
4 5 33 38 57
4 6 49 56 25
4 7 7 16 29
4 8 45 66 31
4 9 9 46 51
4 10 34 44 22
4 11 70 42 39
4 12 36 54 48
4 13 39 61 35
4 14 71 66 59
4 15 86 66 60
4 16 97 86 94
4 17 26 40 22
4 18 95 48 48
4 19 16 16 16
4 20 4 2 26
4 21 6 43 12
4 22 89 56 74
4 23 33 17 57
4 24 59 30 34
4 25 95 87 87
4 26 23 41 14
4 27 20 36 24
4 28 67 44 56
4 29 77 82 88
4 30 37 53 21
4 31 17 17 56
4 32 21 20 30
4 33 49 63 40
4 34 98 76 64
4 35 18 57 36
4 36 89 80 53
4 37 34 66 47
4 38 89 74 84
4 39 40 49 32
4 40 54 70 40
4 41 11 10 11
5 6 91 72 75
5 7 71 44 77
5 8 82 87 68
5 9 42 47 37
5 10 57 47 34
5 11 74 47 73
5 12 35 51 21
5 13 54 65 32
5 14 21 25 35
5 15 46 59 49
5 16 78 69 54
5 17 96 53 82
5 18 22 57 28
5 19 67 48 51
5 20 23 45 24
5 21 35 42 27
5 22 7 46 12
5 23 8 40 48
5 24 80 47 47
5 25 99 54 88
5 26 13 7 39
5 27 48 58 33
5 28 97 68 53
5 29 84 65 83
5 30 83 85 48
5 31 44 46 71
5 32 59 39 76
5 33 90 52 83
5 34 32 38 17
5 35 91 52 86
5 36 35 24 34
5 37 45 26 26
5 38 79 70 81
5 39 12 49 16
5 40 26 59 54
5 41 79 64 70
6 7 67 58 34
6 8 34 28 50
6 9 35 31 52
6 10 12 14 45
6 11 29 22 27
6 12 36 24 54
6 13 96 65 85
6 14 27 30 51
6 15 68 46 78
6 16 85 55 70
6 17 3 32 1
6 18 70 36 72
6 19 40 59 54
6 20 3 44 46
6 21 23 60 32
6 22 71 71 57
6 23 55 28 76
6 24 97 72 97
6 25 53 43 50
6 26 73 61 74
6 27 80 78 75
6 28 70 84 76
6 29 10 7 42
6 30 85 92 91
6 31 91 78 83
6 32 32 57 30
6 33 13 35 8
6 34 55 42 39
6 35 6 33 46
6 36 69 79 42
6 37 76 59 84
6 38 64 36 39
6 39 31 62 38
6 40 80 53 51
6 41 98 69 79
7 8 91 71 85
7 9 72 57 48
7 10 3 49 6
7 11 64 51 73
7 12 34 59 55
7 13 22 16 11
7 14 0 47 24
7 15 46 60 32
7 16 2 22 12
7 17 93 91 74
7 18 43 35 38
7 19 97 70 54
7 20 13 29 52
7 21 14 46 28
7 22 20 54 19
7 23 35 38 54
7 24 28 63 22
7 25 31 41 28
7 26 78 57 48
7 27 6 30 11
7 28 21 43 40
7 29 93 60 59
7 30 90 68 66
7 31 73 40 45
7 32 31 34 51
7 33 83 56 59
7 34 10 26 33
7 35 31 27 28
7 36 1 47 11
7 37 1 7 11
7 38 37 46 62
7 39 51 41 60
7 40 66 71 70
7 41 66 36 36
8 9 33 55 35
8 10 8 27 27
8 11 63 50 36
8 12 98 80 69
8 13 62 62 35
8 14 73 84 86
8 15 80 69 68
8 16 44 56 41
8 17 45 58 69
8 18 24 40 36
8 19 33 40 35
8 20 87 70 91
8 21 6 7 51
8 22 98 83 79
8 23 61 64 69
8 24 24 32 57
8 25 24 14 44
8 26 18 49 9
8 27 53 66 37
8 28 54 45 69
8 29 47 35 33
8 30 5 50 16
8 31 70 64 80
8 32 46 48 49
8 33 99 84 50
8 34 97 82 72
8 35 4 41 41
8 36 17 17 55
8 37 9 39 39
8 38 20 40 55
8 39 29 29 59
8 40 39 21 22
8 41 97 89 82
9 10 18 9 54
9 11 86 53 63
9 12 99 97 91
9 13 71 82 55
9 14 67 80 52
9 15 79 65 61
9 16 39 66 33
9 17 67 67 46
9 18 54 76 40
9 19 62 56 63
9 20 21 15 55
9 21 9 39 37
9 22 50 73 73
9 23 37 47 35
9 24 66 43 39
9 25 7 6 10
9 26 20 11 25
9 27 71 68 54
9 28 62 36 31
9 29 72 60 44
9 30 34 66 46
9 31 69 69 57
9 32 15 23 53
9 33 79 40 42
9 34 22 48 29
9 35 47 43 32
9 36 89 74 89
9 37 35 22 39
9 38 89 93 69
9 39 76 42 67
9 40 72 83 36
9 41 17 52 38
10 11 37 45 47
10 12 84 84 50
10 13 81 81 44
10 14 62 79 62
10 15 9 35 20
10 16 18 31 19
10 17 29 61 61
10 18 98 54 52
10 19 46 37 42
10 20 23 55 40
10 21 0 17 31
10 22 71 71 53
10 23 99 89 63
10 24 44 63 59
10 25 52 75 32
10 26 18 23 42
10 27 60 40 58
10 28 84 80 77
10 29 83 53 63
10 30 99 98 77
10 31 42 65 43
10 32 53 44 64
10 33 60 66 67
10 34 59 51 62
10 35 57 68 44
10 36 67 52 78
10 37 34 18 31
10 38 7 4 12
10 39 50 43 46
10 40 75 67 79
10 41 47 64 63
11 12 1 43 17
11 13 49 40 68
11 14 78 54 86
11 15 5 49 33
11 16 99 94 50
11 17 45 36 31
11 18 4 36 36
11 19 71 35 78
11 20 73 55 78
11 21 15 9 45
11 22 15 18 36
11 23 53 71 63
11 24 46 63 28
11 25 98 75 90
11 26 77 76 42
11 27 15 31 38
11 28 56 58 48
11 29 36 57 26
11 30 7 11 40
11 31 47 48 32
11 32 65 48 66
11 33 23 50 46
11 34 75 46 37
11 35 84 50 78
11 36 31 42 45
11 37 53 72 76
11 38 49 42 40
11 39 64 74 67
11 40 8 35 6
11 41 25 32 37
12 13 67 46 53
12 14 69 77 38
12 15 68 60 82
12 16 39 45 24
12 17 40 64 23
12 18 65 69 36
12 19 48 47 57
12 20 32 26 47
12 21 43 54 29
12 22 20 43 58
12 23 13 34 24
12 24 99 69 64
12 25 7 4 53
12 26 28 22 52
12 27 90 64 90
12 28 92 54 87
12 29 59 48 61
12 30 56 73 48
12 31 24 33 37
12 32 9 43 39
12 33 5 45 49
12 34 49 56 60
12 35 90 91 59
12 36 9 33 16
12 37 30 50 49
12 38 42 67 53
12 39 24 13 44
12 40 83 54 81
12 41 95 64 68
13 14 77 40 83
13 15 44 71 30
13 16 33 46 46
13 17 51 56 60
13 18 51 30 39
13 19 41 57 64
13 20 65 41 68
13 21 45 31 26
13 22 31 38 17
13 23 31 50 54
13 24 77 42 61
13 25 29 37 58
13 26 83 59 91
13 27 69 60 51
13 28 85 65 72
13 29 2 31 46
13 30 76 41 43
13 31 96 92 89
13 32 53 50 60
13 33 6 34 49
13 34 61 68 78
13 35 71 56 57
13 36 99 82 83
13 37 7 35 50
13 38 91 89 65
13 39 6 45 31
13 40 56 51 36
13 41 95 63 91
14 15 48 61 49
14 16 82 45 48
14 17 71 57 85
14 18 32 39 20
14 19 18 53 51
14 20 44 59 38
14 21 24 48 35
14 22 47 25 64
14 23 65 42 45
14 24 62 31 59
14 25 82 48 68
14 26 40 52 67
14 27 62 51 34
14 28 25 27 59
14 29 4 4 11
14 30 39 62 69
14 31 84 46 88
14 32 93 94 93
14 33 78 64 87
14 34 87 56 58
14 35 37 49 43
14 36 86 60 70
14 37 28 46 39
14 38 12 56 38
14 39 86 71 87
14 40 7 53 30
14 41 37 53 38
15 16 38 67 42
15 17 99 87 77
15 18 51 54 39
15 19 45 54 54
15 20 2 26 32
15 21 5 32 28
15 22 42 58 33
15 23 57 66 38
15 24 61 55 53
15 25 46 60 27
15 26 72 48 80
15 27 77 67 58
15 28 15 31 51
15 29 56 55 60
15 30 70 82 72
15 31 0 43 2
15 32 56 70 29
15 33 41 27 66
15 34 95 78 81
15 35 96 58 57
15 36 91 62 58
15 37 78 81 56
15 38 58 67 50
15 39 46 49 42
15 40 86 44 72
15 41 30 22 38
16 17 34 21 58
16 18 30 52 63
16 19 78 63 84
16 20 19 22 10
16 21 69 56 55
16 22 29 45 60
16 23 30 23 40
16 24 29 28 29
16 25 38 19 66
16 26 78 47 84
16 27 64 80 71
16 28 9 16 31
16 29 36 54 24
16 30 44 51 45
16 31 60 71 71
16 32 52 58 35
16 33 11 16 45
16 34 15 50 21
16 35 78 65 62
16 36 79 74 78
16 37 46 27 44
16 38 50 63 71
16 39 13 15 54
16 40 27 40 25
16 41 48 63 24
17 18 63 40 49
17 19 21 13 50
17 20 4 33 35
17 21 7 34 18
17 22 16 39 8
17 23 79 46 70
17 24 71 75 60
17 25 87 56 84
17 26 9 25 20
17 27 50 48 54
17 28 45 52 50
17 29 15 53 54
17 30 5 5 3
17 31 90 56 63
17 32 18 32 13
17 33 44 53 61
17 34 42 34 29
17 35 59 58 38
17 36 4 21 29
17 37 23 51 42
17 38 85 86 59
17 39 59 49 32
17 40 79 85 86
17 41 50 65 43
18 19 27 20 55
18 20 82 54 52
18 21 74 75 67
18 22 90 84 93
18 23 46 53 43
18 24 8 27 41
18 25 35 47 29
18 26 86 61 59
18 27 84 52 52
18 28 82 82 76
18 29 60 47 59
18 30 52 26 35
18 31 46 33 47
18 32 12 6 53
18 33 30 40 56
18 34 61 31 51
18 35 39 45 62
18 36 20 50 56
18 37 23 17 45
18 38 83 44 76
18 39 79 80 63
18 40 28 19 21
18 41 93 56 81
19 20 31 24 31
19 21 50 49 50
19 22 34 67 18
19 23 36 44 64
19 24 8 36 42
19 25 98 69 93
19 26 58 77 74
19 27 30 40 40
19 28 2 22 48
19 29 10 53 39
19 30 76 79 60
19 31 18 10 49
19 32 70 73 55
19 33 33 64 48
19 34 94 48 81
19 35 81 85 74
19 36 15 47 19
19 37 73 75 52
19 38 14 24 33
19 39 50 25 42
19 40 25 55 26
19 41 10 46 11
20 21 4 21 6
20 22 75 83 63
20 23 19 45 32
20 24 45 45 58
20 25 41 25 24
20 26 27 60 41
20 27 60 51 39
20 28 97 73 51
20 29 7 20 16
20 30 41 58 36
20 31 96 71 74
20 32 95 65 97
20 33 37 19 37
20 34 62 35 63
20 35 71 53 66
20 36 77 59 87
20 37 54 74 51
20 38 91 72 60
20 39 7 8 27
20 40 8 15 37
20 41 85 69 84
21 22 27 35 44
21 23 7 16 44
21 24 52 55 50
21 25 59 69 73
21 26 66 47 69
21 27 77 65 58
21 28 73 65 47
21 29 34 56 64
21 30 16 14 57
21 31 76 79 72
21 32 40 66 38
21 33 29 48 28
21 34 58 68 30
21 35 13 54 54
21 36 77 57 58
21 37 22 39 20
21 38 50 33 53
21 39 93 90 71
21 40 21 32 20
21 41 7 45 44
22 23 55 64 58
22 24 66 70 80
22 25 14 37 15
22 26 32 32 40
22 27 36 20 45
22 28 50 50 63
22 29 61 49 68
22 30 50 64 36
22 31 46 69 72
22 32 53 69 50
22 33 77 55 45
22 34 41 52 54
22 35 80 63 68
22 36 58 75 69
22 37 40 64 38
22 38 76 57 47
22 39 28 61 14
22 40 61 51 67
22 41 51 38 70
23 24 60 64 47
23 25 96 51 70
23 26 15 55 33
23 27 56 45 45
23 28 29 47 14
23 29 78 81 77
23 30 46 66 57
23 31 99 80 88
23 32 33 43 30
23 33 8 26 36
23 34 39 53 41
23 35 33 44 21
23 36 67 42 50
23 37 1 22 18
23 38 66 50 77
23 39 74 47 57
23 40 87 46 93
23 41 4 15 13
24 25 27 40 32
24 26 38 59 48
24 27 88 87 47
24 28 53 34 71
24 29 90 71 64
24 30 2 6 27
24 31 37 65 61
24 32 10 47 38
24 33 86 80 47
24 34 37 63 37
24 35 56 60 73
24 36 50 66 54
24 37 67 34 61
24 38 69 82 50
24 39 25 62 58
24 40 80 89 70
24 41 23 31 55
25 26 97 63 80
25 27 58 30 75
25 28 5 40 12
25 29 91 48 45
25 30 71 63 67
25 31 31 51 51
25 32 18 23 32
25 33 70 70 79
25 34 24 12 54
25 35 61 79 41
25 36 91 63 48
25 37 57 73 32
25 38 21 43 55
25 39 39 69 45
25 40 72 43 41
25 41 41 57 66
26 27 4 27 20
26 28 89 85 46
26 29 47 51 35
26 30 88 91 45
26 31 87 93 76
26 32 78 80 73
26 33 45 63 31
26 34 91 56 71
26 35 46 24 68
26 36 49 25 41
26 37 94 95 93
26 38 23 15 60
26 39 21 42 16
26 40 89 65 62
26 41 19 42 46
27 28 10 7 29
27 29 23 30 12
27 30 12 48 37
27 31 65 72 58
27 32 36 62 49
27 33 7 25 7
27 34 61 42 41
27 35 53 36 28
27 36 55 60 75
27 37 57 50 73
27 38 14 17 33
27 39 84 85 76
27 40 61 33 52
27 41 43 69 34
28 29 82 55 86
28 30 32 23 19
28 31 51 60 63
28 32 43 59 70
28 33 90 84 47
28 34 68 44 53
28 35 5 48 41
28 36 64 63 62
28 37 11 10 30
28 38 31 65 44
28 39 92 94 58
28 40 85 85 49
28 41 95 76 48
29 30 67 40 39
29 31 95 89 86
29 32 67 71 36
29 33 64 73 59
29 34 16 39 11
29 35 97 64 58
29 36 31 41 58
29 37 83 47 47
29 38 33 62 20
29 39 76 73 64
29 40 49 37 61
29 41 36 51 63
30 31 95 57 70
30 32 34 44 33
30 33 87 82 61
30 34 38 24 21
30 35 84 79 66
30 36 99 56 85
30 37 55 64 45
30 38 53 55 67
30 39 48 46 55
30 40 37 25 38
30 41 65 44 66
31 32 53 50 39
31 33 46 29 73
31 34 4 40 29
31 35 16 17 50
31 36 84 65 47
31 37 30 59 30
31 38 13 45 47
31 39 2 37 40
31 40 43 46 46
31 41 10 47 20
32 33 36 43 47
32 34 79 55 78
32 35 78 41 86
32 36 53 38 55
32 37 10 5 21
32 38 0 13 1
32 39 84 55 80
32 40 64 50 62
32 41 84 43 63
33 34 86 80 61
33 35 65 40 73
33 36 3 5 18
33 37 79 74 59
33 38 90 91 46
33 39 8 10 9
33 40 91 68 78
33 41 35 63 24
34 35 47 39 63
34 36 69 36 70
34 37 13 22 35
34 38 32 36 44
34 39 97 72 84
34 40 35 55 31
34 41 22 49 36
35 36 7 25 37
35 37 56 44 56
35 38 52 46 59
35 39 33 32 59
35 40 79 68 87
35 41 59 39 51
36 37 58 64 50
36 38 78 57 59
36 39 42 34 55
36 40 79 66 73
36 41 79 63 71
37 38 96 92 57
37 39 91 51 49
37 40 95 69 66
37 41 35 66 35
38 39 33 34 60
38 40 59 72 58
38 41 97 90 77
39 40 30 32 40
39 41 14 35 39
40 41 41 70 34
