15 5
0.5 0.5 0.0 0.0 0.0 
0 1 69 63 60 67 65
0 2 14 18 12 21 23
0 3 92 66 62 58 93
0 4 89 73 74 91 51
0 5 50 67 52 43 67
0 6 67 66 73 64 38
0 7 15 38 19 36 9
0 8 84 53 82 60 82
0 9 14 53 25 28 29
0 10 58 60 70 39 63
0 11 33 56 58 21 49
0 12 32 56 57 22 52
0 13 25 56 32 22 15
0 14 46 62 61 37 50
1 2 12 22 54 32 18
1 3 24 62 58 26 58
1 4 68 70 67 55 64
1 5 56 53 70 52 68
1 6 87 57 78 78 92
1 7 0 29 31 17 15
1 8 94 84 85 68 91
1 9 79 87 67 86 76
1 10 93 57 50 73 62
1 11 12 35 54 31 14
1 12 9 7 30 48 24
1 13 83 83 61 88 57
1 14 98 72 66 87 99
2 3 67 57 36 52 51
2 4 32 59 31 46 46
2 5 71 68 74 65 40
2 6 25 22 35 30 45
2 7 59 57 54 70 54
2 8 63 38 67 60 76
2 9 66 75 33 56 53
2 10 49 65 53 27 57
2 11 53 72 44 45 27
2 12 52 64 26 51 46
2 13 10 19 29 53 33
2 14 23 40 43 27 33
3 4 90 62 86 60 85
3 5 59 52 57 49 71
3 6 19 20 20 23 49
3 7 28 50 30 21 33
3 8 34 36 37 40 50
3 9 70 78 69 83 75
3 10 25 20 26 29 25
3 11 91 52 47 61 57
3 12 61 42 72 72 52
3 13 71 81 54 60 70
3 14 17 40 24 44 14
4 5 76 47 50 42 69
4 6 53 45 30 40 39
4 7 42 61 55 44 55
4 8 91 48 77 78 79
4 9 89 90 92 79 49
4 10 64 33 46 76 43
4 11 78 79 57 65 72
4 12 88 46 72 68 72
4 13 97 56 81 92 77
4 14 92 81 46 69 72
5 6 15 57 30 42 23
5 7 63 72 48 44 41
5 8 22 34 55 56 42
5 9 60 65 43 39 36
5 10 86 66 92 46 49
5 11 18 12 46 56 46
5 12 16 14 41 11 20
5 13 50 38 38 41 70
5 14 77 49 83 53 72
6 7 11 24 46 39 24
6 8 38 38 32 53 52
6 9 19 33 13 48 23
6 10 39 45 66 20 40
6 11 90 76 75 60 53
6 12 24 46 53 21 43
6 13 24 21 21 19 30
6 14 23 17 30 20 56
7 8 86 45 67 91 69
7 9 35 24 54 49 28
7 10 67 82 57 40 46
7 11 30 62 65 65 21
7 12 38 35 64 48 69
7 13 12 34 40 15 32
7 14 87 56 77 62 84
8 9 94 75 93 71 62
8 10 55 73 68 69 75
8 11 61 50 35 52 72
8 12 76 59 54 50 51
8 13 11 11 45 23 9
8 14 81 61 54 89 87
9 10 23 35 61 38 16
9 11 64 36 57 78 45
9 12 10 14 45 33 52
9 13 21 11 23 31 31
9 14 61 68 52 62 44
10 11 14 56 28 39 42
10 12 73 79 73 47 73
10 13 74 39 53 51 74
10 14 84 49 63 73 43
11 12 0 23 4 28 45
11 13 10 39 11 17 41
11 14 89 74 92 67 79
12 13 84 72 55 88 70
12 14 17 47 35 41 41
13 14 42 70 48 44 69
