15 5
0.333333 0.333333 0.333333 0.0 0.0 
0 1 41 44 45 46 36
0 2 81 79 70 83 74
0 3 81 74 78 80 78
0 4 78 68 73 72 74
0 5 29 27 36 28 26
0 6 38 45 38 39 36
0 7 77 76 77 80 74
0 8 47 46 40 47 44
0 9 94 87 80 84 83
0 10 53 58 57 54 53
0 11 26 25 29 34 32
0 12 63 58 56 62 68
0 13 50 44 48 44 48
0 14 33 43 41 28 39
1 2 27 31 33 23 33
1 3 96 93 90 94 86
1 4 29 36 34 29 37
1 5 95 93 95 92 84
1 6 24 27 31 29 21
1 7 37 46 36 37 38
1 8 22 32 28 29 23
1 9 72 75 73 71 62
1 10 9 16 20 21 10
1 11 72 73 76 63 66
1 12 13 20 26 15 19
1 13 86 82 86 74 79
1 14 12 13 19 15 20
2 3 32 34 41 29 35
2 4 18 25 28 20 28
2 5 85 77 83 84 79
2 6 87 82 88 82 87
2 7 39 42 37 47 34
2 8 90 82 91 84 84
2 9 90 85 81 83 89
2 10 1 10 16 16 15
2 11 3 7 8 9 13
2 12 81 77 69 76 83
2 13 82 79 77 72 84
2 14 5 15 6 15 11
3 4 79 74 69 72 75
3 5 92 79 89 87 93
3 6 8 20 19 18 12
3 7 30 33 37 37 28
3 8 73 71 77 75 71
3 9 61 60 59 62 61
3 10 89 89 89 81 81
3 11 20 24 29 25 25
3 12 89 90 89 81 90
3 13 93 94 90 86 84
3 14 65 58 61 70 62
4 5 98 95 91 98 88
4 6 78 79 71 69 68
4 7 22 22 28 25 20
4 8 75 64 70 67 72
4 9 18 20 16 25 25
4 10 48 55 52 55 54
4 11 50 51 50 48 53
4 12 39 37 46 41 37
4 13 86 81 73 73 87
4 14 50 42 45 47 47
5 6 60 56 53 55 54
5 7 1 14 9 12 9
5 8 94 90 92 93 86
5 9 12 19 18 12 18
5 10 64 59 58 69 57
5 11 13 25 22 14 25
5 12 14 26 21 22 22
5 13 77 70 72 74 74
5 14 65 62 65 64 70
6 7 33 34 39 36 32
6 8 33 34 42 35 29
6 9 77 72 70 81 67
6 10 51 54 48 46 49
6 11 94 80 94 92 80
6 12 37 44 36 42 32
6 13 83 83 72 78 77
6 14 81 81 70 70 84
7 8 93 82 89 90 82
7 9 92 92 79 89 78
7 10 23 25 29 33 27
7 11 98 89 90 95 96
7 12 67 66 68 64 65
7 13 22 22 27 30 23
7 14 58 50 58 64 59
8 9 25 26 32 30 26
8 10 46 52 53 48 50
8 11 30 39 33 38 34
8 12 76 75 79 69 69
8 13 37 31 42 41 42
8 14 83 74 82 79 79
9 10 12 24 12 23 20
9 11 74 72 65 71 75
9 12 75 66 76 77 68
9 13 85 86 81 74 76
9 14 26 32 37 24 28
10 11 91 90 77 83 84
10 12 17 21 28 18 23
10 13 22 21 19 27 33
10 14 74 77 72 76 70
11 12 21 23 27 23 23
11 13 37 38 35 41 33
11 14 20 21 23 17 17
12 13 6 7 13 16 5
12 14 85 86 79 82 75
13 14 6 19 14 14 15
