17 5
0.5 0.5 0.0 0.0 0.0 
0 1 84 79 64 42 66
0 2 15 33 29 50 9
0 3 58 51 52 44 38
0 4 57 66 30 75 57
0 5 84 56 90 44 47
0 6 27 38 19 30 33
0 7 99 99 76 78 99
0 8 19 53 29 14 44
0 9 49 28 56 56 30
0 10 40 24 66 30 54
0 11 63 35 77 65 46
0 12 81 78 53 64 44
0 13 4 18 14 10 27
0 14 98 86 66 68 98
0 15 44 50 48 37 63
0 16 94 60 80 75 70
1 2 30 36 20 60 42
1 3 95 73 51 73 81
1 4 22 20 35 26 43
1 5 92 81 76 73 71
1 6 90 65 61 71 60
1 7 32 39 54 48 36
1 8 22 36 53 59 40
1 9 16 15 16 42 22
1 10 95 89 71 61 60
1 11 61 78 49 35 46
1 12 74 63 41 77 74
1 13 73 56 52 40 37
1 14 82 48 85 71 66
1 15 90 50 73 78 77
1 16 16 41 43 11 35
2 3 78 44 70 76 82
2 4 25 44 55 38 17
2 5 49 71 62 46 27
2 6 85 56 47 49 71
2 7 69 77 68 76 64
2 8 36 47 47 42 18
2 9 52 47 28 28 76
2 10 80 51 57 81 40
2 11 15 47 12 45 42
2 12 98 64 86 71 83
2 13 27 32 55 18 33
2 14 48 72 38 47 52
2 15 32 44 35 38 26
2 16 54 66 37 47 50
3 4 9 47 33 35 19
3 5 61 51 55 33 72
3 6 97 95 63 77 54
3 7 57 38 37 44 42
3 8 33 44 62 19 62
3 9 33 26 52 19 19
3 10 6 34 9 39 17
3 11 76 73 60 55 73
3 12 11 30 33 44 53
3 13 0 49 27 21 3
3 14 96 65 76 93 67
3 15 42 43 26 24 46
3 16 32 38 48 45 46
4 5 31 37 32 27 56
4 6 64 82 32 82 45
4 7 88 63 94 68 88
4 8 13 55 49 42 47
4 9 92 61 74 84 94
4 10 20 54 13 57 45
4 11 35 59 65 44 23
4 12 38 26 29 54 36
4 13 34 49 20 42 37
4 14 44 70 66 33 62
4 15 59 33 63 57 56
4 16 30 45 37 63 59
5 6 24 44 58 46 49
5 7 9 20 9 16 48
5 8 4 24 10 18 26
5 9 20 45 46 29 19
5 10 96 82 64 51 62
5 11 22 19 19 37 52
5 12 95 49 80 81 58
5 13 16 44 21 37 32
5 14 78 61 64 42 54
5 15 87 72 44 80 82
5 16 56 73 41 39 73
6 7 24 18 31 47 24
6 8 12 19 36 15 19
6 9 90 60 51 77 66
6 10 62 67 39 60 52
6 11 69 74 72 42 55
6 12 19 57 20 35 55
6 13 72 79 85 53 81
6 14 22 55 42 11 20
6 15 90 54 79 46 91
6 16 6 6 48 44 32
7 8 78 50 69 54 54
7 9 53 30 63 31 41
7 10 10 41 16 9 38
7 11 5 3 50 47 33
7 12 88 49 58 66 89
7 13 17 25 20 35 23
7 14 57 75 43 75 75
7 15 87 78 75 46 87
7 16 24 46 58 47 45
8 9 23 57 38 24 22
8 10 49 45 67 30 70
8 11 9 39 5 24 52
8 12 98 65 58 71 50
8 13 27 62 45 38 26
8 14 57 61 40 33 29
8 15 86 43 54 71 67
8 16 1 18 32 48 34
9 10 68 58 42 46 59
9 11 53 61 70 39 38
9 12 84 57 50 63 83
9 13 23 54 42 51 23
9 14 8 13 41 16 35
9 15 45 27 39 57 51
9 16 73 41 47 64 46
10 11 92 69 92 70 84
10 12 56 39 75 37 44
10 13 11 18 55 33 20
10 14 47 34 57 53 53
10 15 21 32 46 43 47
10 16 30 31 41 44 26
11 12 0 2 46 50 6
11 13 33 55 32 25 20
11 14 23 33 18 37 38
11 15 61 46 42 58 39
11 16 45 63 54 29 51
12 13 14 38 14 34 21
12 14 14 52 30 46 10
12 15 35 22 62 27 44
12 16 38 66 65 24 45
13 14 48 61 47 67 74
13 15 5 34 33 46 37
13 16 51 41 44 39 27
14 15 79 84 63 73 85
14 16 26 35 19 25 32
15 16 9 40 52 50 43
