20 5
0.5 0.5 0.0 0.0 0.0 
0 1 99 94 80 78 52
0 2 65 82 80 69 70
0 3 23 35 17 30 45
0 4 72 70 63 70 46
0 5 14 16 36 7 24
0 6 29 42 19 61 15
0 7 72 58 50 49 68
0 8 83 50 54 68 74
0 9 48 38 28 72 68
0 10 12 36 36 26 39
0 11 40 37 29 36 50
0 12 51 31 65 56 53
0 13 21 54 23 40 24
0 14 9 48 25 11 33
0 15 42 51 65 55 69
0 16 66 66 57 44 62
0 17 76 82 70 38 80
0 18 50 35 71 29 63
0 19 12 28 45 41 8
1 2 9 52 45 28 19
1 3 57 56 46 74 64
1 4 62 79 33 63 64
1 5 19 17 24 36 37
1 6 16 9 24 16 31
1 7 22 61 35 21 19
1 8 38 29 26 54 52
1 9 93 72 72 71 75
1 10 76 44 51 84 68
1 11 58 65 51 33 69
1 12 72 72 57 64 69
1 13 91 47 71 91 88
1 14 99 54 81 58 90
1 15 58 65 53 38 76
1 16 92 68 74 75 61
1 17 36 48 43 21 39
1 18 41 30 34 58 21
1 19 23 38 41 30 27
2 3 60 41 79 50 41
2 4 10 10 21 8 33
2 5 79 84 61 84 71
2 6 6 10 25 28 21
2 7 58 46 64 30 40
2 8 61 79 48 43 31
2 9 57 47 77 40 74
2 10 84 90 91 55 83
2 11 70 67 77 65 57
2 12 6 32 14 20 3
2 13 1 16 7 45 7
2 14 1 3 26 49 43
2 15 74 57 47 61 79
2 16 4 28 3 36 10
2 17 15 46 47 12 9
2 18 79 58 41 81 56
2 19 80 40 44 51 85
3 4 46 33 57 65 66
3 5 58 29 32 73 56
3 6 53 72 30 30 41
3 7 73 68 70 58 83
3 8 31 36 59 41 43
3 9 18 47 48 31 23
3 10 70 40 61 50 35
3 11 87 57 67 90 58
3 12 12 48 39 11 23
3 13 34 61 32 56 39
3 14 21 54 15 52 22
3 15 32 24 27 31 37
3 16 12 50 8 36 10
3 17 26 29 26 35 36
3 18 61 70 38 34 70
3 19 65 48 81 71 78
4 5 97 86 94 69 79
4 6 43 70 22 43 71
4 7 15 42 48 35 29
4 8 3 14 50 36 4
4 9 18 37 42 24 45
4 10 66 72 61 57 53
4 11 19 19 9 54 21
4 12 86 74 57 90 55
4 13 36 34 66 32 54
4 14 98 65 55 93 66
4 15 38 47 62 48 22
4 16 33 22 60 46 18
4 17 51 38 26 58 71
4 18 59 32 46 54 41
4 19 44 47 65 49 51
5 6 8 47 22 42 12
5 7 59 75 50 62 57
5 8 8 37 42 13 17
5 9 1 25 1 48 27
5 10 61 63 59 52 56
5 11 91 72 47 79 87
5 12 6 15 32 41 37
5 13 32 32 20 59 40
5 14 59 40 60 72 64
5 15 86 91 52 67 62
5 16 40 31 44 41 61
5 17 5 7 46 11 36
5 18 11 44 54 20 49
5 19 47 71 71 41 64
6 7 8 30 51 43 52
6 8 68 66 39 74 51
6 9 73 42 58 72 66
6 10 5 49 33 47 12
6 11 97 59 78 78 74
6 12 55 59 66 68 50
6 13 93 95 57 96 64
6 14 70 65 59 37 83
6 15 13 35 15 20 19
6 16 37 57 41 53 28
6 17 46 69 25 24 70
6 18 68 39 53 78 73
6 19 72 58 66 41 69
7 8 83 52 80 73 84
7 9 16 9 10 54 25
7 10 77 45 62 52 44
7 11 68 48 81 43 58
7 12 40 52 26 43 33
7 13 12 6 42 27 39
7 14 67 73 81 79 46
7 15 32 20 17 24 45
7 16 18 59 41 50 32
7 17 94 93 59 93 47
7 18 46 25 50 67 57
7 19 19 23 42 26 13
8 9 0 11 38 49 48
8 10 6 6 26 4 9
8 11 39 49 43 50 59
8 12 85 53 86 60 51
8 13 70 49 83 73 56
8 14 17 28 41 36 31
8 15 44 35 42 32 46
8 16 74 84 39 40 45
8 17 92 55 64 63 49
8 18 36 18 23 66 30
8 19 19 45 29 31 19
9 10 85 63 77 72 80
9 11 72 43 57 47 81
9 12 89 53 51 91 76
9 13 54 30 29 44 69
9 14 57 57 62 33 51
9 15 85 84 58 59 44
9 16 39 66 49 31 65
9 17 84 74 61 50 62
9 18 62 53 56 46 81
9 19 58 34 63 44 70
10 11 32 40 51 51 17
10 12 29 46 46 24 50
10 13 23 34 13 37 47
10 14 49 37 53 53 37
10 15 85 57 66 68 59
10 16 46 55 38 48 33
10 17 8 28 25 28 30
10 18 7 37 20 52 32
10 19 0 8 40 9 19
11 12 26 59 23 60 53
11 13 75 39 68 66 44
11 14 27 58 20 35 52
11 15 94 74 95 72 76
11 16 50 42 60 51 67
11 17 42 57 61 69 23
11 18 90 93 72 83 83
11 19 11 22 50 45 21
12 13 3 12 17 30 40
12 14 32 26 50 45 62
12 15 75 66 74 47 69
12 16 55 48 62 64 39
12 17 38 42 58 57 66
12 18 28 21 56 31 25
12 19 76 55 67 68 64
13 14 34 38 19 65 18
13 15 43 27 30 47 37
13 16 11 21 52 30 27
13 17 67 63 47 36 73
13 18 26 27 21 62 48
13 19 67 64 62 47 52
14 15 41 49 33 27 63
14 16 42 46 37 34 69
14 17 25 14 32 14 35
14 18 27 61 35 22 33
14 19 89 58 48 54 47
15 16 86 79 53 87 62
15 17 70 73 72 78 71
15 18 45 51 61 44 57
15 19 65 50 41 32 52
16 17 1 13 3 45 21
16 18 8 33 51 12 38
16 19 22 49 44 58 58
17 18 49 58 28 54 39
17 19 85 65 67 72 57
18 19 3 50 16 50 50
