25 5
0.25 0.25 0.25 0.25 0.0 
0 1 44 44 69 74 58
0 2 10 52 42 62 79
0 3 88 42 59 45 66
0 4 90 22 34 59 95
0 5 74 84 49 44 49
0 6 98 41 23 71 93
0 7 77 42 49 20 52
0 8 29 27 78 84 21
0 9 9 46 39 14 39
0 10 48 89 52 23 34
0 11 13 59 51 70 29
0 12 18 49 64 6 31
0 13 7 30 78 46 67
0 14 35 18 49 53 81
0 15 66 40 47 59 42
0 16 37 48 10 85 32
0 17 52 75 28 85 26
0 18 51 84 54 21 11
0 19 46 12 74 80 20
0 20 22 12 75 36 23
0 21 75 22 41 46 40
0 22 3 59 4 3 27
0 23 70 28 28 62 80
0 24 20 19 51 66 13
1 2 80 75 24 31 87
1 3 32 28 63 58 26
1 4 18 14 54 62 58
1 5 89 21 72 52 40
1 6 3 31 59 29 25
1 7 13 52 67 57 67
1 8 54 25 17 17 28
1 9 48 53 76 42 21
1 10 13 9 5 73 6
1 11 11 26 23 56 48
1 12 54 24 23 59 88
1 13 44 31 12 88 43
1 14 26 17 31 23 41
1 15 87 76 19 84 42
1 16 95 98 30 45 31
1 17 56 56 47 34 23
1 18 3 10 68 16 35
1 19 27 37 59 71 52
1 20 41 46 54 58 8
1 21 61 41 40 55 83
1 22 25 25 57 68 54
1 23 4 21 80 29 49
1 24 16 46 82 60 68
2 3 51 48 75 81 64
2 4 66 65 79 37 17
2 5 48 49 36 81 36
2 6 12 17 59 9 68
2 7 88 85 64 80 20
2 8 46 16 87 34 36
2 9 71 86 77 81 60
2 10 69 88 51 52 33
2 11 31 70 59 49 44
2 12 6 69 72 48 11
2 13 89 61 65 21 44
2 14 26 70 9 60 78
2 15 45 27 60 41 63
2 16 35 54 17 39 82
2 17 46 66 86 32 84
2 18 91 56 36 69 35
2 19 86 48 34 40 89
2 20 10 64 55 25 48
2 21 40 83 30 61 27
2 22 59 73 37 36 38
2 23 45 49 53 81 57
2 24 4 27 76 44 27
3 4 6 62 36 36 55
3 5 89 20 62 67 56
3 6 13 37 33 70 63
3 7 57 23 28 68 64
3 8 43 24 41 78 64
3 9 67 83 84 20 47
3 10 45 71 65 22 22
3 11 87 89 50 89 67
3 12 7 68 57 33 37
3 13 12 52 58 75 62
3 14 91 91 94 73 28
3 15 45 19 9 33 83
3 16 70 92 85 51 65
3 17 14 69 11 24 19
3 18 3 67 48 19 63
3 19 99 58 99 27 77
3 20 70 74 54 27 47
3 21 33 67 40 70 28
3 22 18 58 25 11 17
3 23 46 67 16 65 62
3 24 78 16 88 75 46
4 5 74 47 74 32 51
4 6 22 59 23 58 56
4 7 67 48 79 13 69
4 8 8 47 8 21 79
4 9 14 50 10 18 12
4 10 10 50 70 20 14
4 11 13 54 74 70 34
4 12 12 52 11 52 68
4 13 49 36 20 31 53
4 14 52 82 83 71 38
4 15 91 75 51 43 24
4 16 19 9 82 36 35
4 17 57 66 60 70 16
4 18 98 69 95 30 40
4 19 79 27 32 75 62
4 20 98 75 67 36 46
4 21 61 20 39 23 25
4 22 2 68 35 49 13
4 23 40 43 58 86 85
4 24 7 9 15 33 23
5 6 95 56 23 46 37
5 7 40 35 48 55 82
5 8 92 46 83 32 97
5 9 76 59 48 66 89
5 10 67 63 74 74 88
5 11 11 60 13 53 17
5 12 60 26 12 24 51
5 13 65 20 46 22 35
5 14 62 54 52 90 28
5 15 95 52 25 68 74
5 16 8 17 72 78 50
5 17 84 33 29 71 36
5 18 21 63 47 5 67
5 19 37 47 86 33 83
5 20 43 56 14 58 85
5 21 73 50 26 83 42
5 22 43 86 13 49 81
5 23 14 6 25 32 73
5 24 50 14 46 71 46
6 7 74 30 73 55 94
6 8 85 81 32 80 59
6 9 49 55 32 44 27
6 10 53 86 45 60 35
6 11 36 13 48 8 9
6 12 59 76 19 20 13
6 13 28 12 15 75 31
6 14 66 74 53 89 23
6 15 21 63 81 74 67
6 16 29 71 72 49 22
6 17 29 84 9 52 69
6 18 89 95 55 62 66
6 19 89 26 46 62 90
6 20 94 71 22 39 39
6 21 7 59 16 66 26
6 22 90 81 69 21 92
6 23 6 57 73 33 78
6 24 77 75 91 83 88
7 8 0 44 37 1 71
7 9 56 72 57 17 60
7 10 87 35 56 45 47
7 11 50 17 49 32 47
7 12 92 68 21 68 38
7 13 64 75 55 35 19
7 14 79 50 28 90 61
7 15 85 35 41 50 24
7 16 52 43 11 26 68
7 17 40 35 50 63 40
7 18 52 41 83 58 47
7 19 10 35 60 46 23
7 20 48 61 29 39 24
7 21 75 84 28 48 32
7 22 83 69 31 59 28
7 23 55 59 57 38 83
7 24 89 80 53 67 43
8 9 97 31 57 93 24
8 10 9 24 64 41 53
8 11 32 61 13 74 80
8 12 41 12 26 29 42
8 13 69 50 54 93 27
8 14 11 52 48 11 81
8 15 51 62 66 40 67
8 16 33 67 33 68 65
8 17 63 41 53 31 63
8 18 70 76 26 14 16
8 19 88 52 32 23 62
8 20 29 45 34 47 8
8 21 14 56 75 4 34
8 22 49 60 34 72 42
8 23 34 35 81 66 38
8 24 40 17 79 74 21
9 10 18 49 70 70 42
9 11 21 15 45 17 50
9 12 60 21 36 29 43
9 13 43 32 71 38 39
9 14 89 71 91 83 56
9 15 92 80 79 25 22
9 16 25 69 58 9 22
9 17 45 27 73 50 49
9 18 4 31 44 15 13
9 19 13 43 32 16 31
9 20 66 24 50 84 52
9 21 94 80 92 66 90
9 22 33 84 73 48 55
9 23 96 21 57 98 84
9 24 40 32 48 9 87
10 11 67 90 72 70 47
10 12 37 82 67 26 59
10 13 8 65 37 38 69
10 14 25 71 36 38 56
10 15 62 83 33 77 84
10 16 88 35 29 26 73
10 17 46 86 19 16 75
10 18 61 39 21 25 87
10 19 96 97 61 71 49
10 20 58 25 31 15 16
10 21 34 81 43 33 15
10 22 73 67 30 31 77
10 23 13 75 53 41 57
10 24 17 42 62 79 19
11 12 89 35 79 58 90
11 13 50 57 14 14 43
11 14 75 71 74 60 54
11 15 63 32 65 84 87
11 16 1 38 19 39 67
11 17 91 19 48 39 89
11 18 0 53 35 19 36
11 19 83 52 63 86 81
11 20 53 58 88 58 13
11 21 48 38 29 73 14
11 22 35 37 83 25 70
11 23 64 29 87 71 29
11 24 14 67 12 56 68
12 13 9 49 2 51 48
12 14 64 82 27 85 90
12 15 44 47 68 22 51
12 16 77 51 15 31 85
12 17 86 49 22 87 24
12 18 84 84 42 23 36
12 19 13 45 75 55 4
12 20 7 4 69 40 42
12 21 20 47 57 16 30
12 22 72 83 51 41 77
12 23 29 78 18 53 31
12 24 33 49 76 64 81
13 14 44 88 41 69 48
13 15 29 33 47 72 21
13 16 32 51 78 15 30
13 17 32 52 45 54 15
13 18 14 35 17 23 4
13 19 39 58 68 53 68
13 20 79 82 43 69 44
13 21 93 62 93 23 54
13 22 82 32 92 54 68
13 23 77 35 88 93 86
13 24 19 55 55 20 10
14 15 3 5 12 70 29
14 16 53 58 38 36 47
14 17 82 60 86 91 86
14 18 85 86 23 33 45
14 19 97 27 49 40 34
14 20 70 63 64 88 33
14 21 32 76 23 78 30
14 22 40 33 81 67 61
14 23 81 39 45 29 61
14 24 44 9 58 77 60
15 16 26 22 24 44 33
15 17 9 25 20 7 32
15 18 72 42 51 21 36
15 19 53 80 49 66 35
15 20 85 81 26 79 91
15 21 53 83 19 53 72
15 22 28 69 45 26 60
15 23 34 45 43 33 67
15 24 64 24 66 66 75
16 17 79 48 74 18 82
16 18 29 65 47 17 13
16 19 43 51 78 75 40
16 20 43 35 34 41 48
16 21 85 65 94 57 19
16 22 74 82 84 29 74
16 23 49 79 80 51 23
16 24 57 37 83 19 88
17 18 68 33 56 41 31
17 19 6 31 11 29 27
17 20 59 47 48 27 16
17 21 58 43 58 51 27
17 22 82 46 50 31 45
17 23 19 14 19 70 57
17 24 73 53 52 21 28
18 19 35 30 62 38 72
18 20 74 69 31 24 94
18 21 0 74 61 24 25
18 22 87 20 44 19 93
18 23 44 75 38 31 74
18 24 81 86 58 30 53
19 20 97 50 33 48 79
19 21 77 23 32 68 31
19 22 37 11 85 17 86
19 23 30 30 61 22 79
19 24 78 54 86 51 26
20 21 43 65 42 11 29
20 22 86 65 65 66 17
20 23 39 19 87 37 28
20 24 40 11 80 25 14
21 22 9 1 16 10 47
21 23 39 77 43 51 11
21 24 79 48 55 48 69
22 23 88 50 89 87 82
22 24 64 56 30 32 17
23 24 42 39 81 28 81
