42 5
0.333333 0.333333 0.333333 0.0 0.0 
0 1 34 51 20 52 11
0 2 22 15 53 55 75
0 3 67 14 62 27 61
0 4 28 78 27 85 34
0 5 18 33 9 75 13
0 6 62 66 69 37 88
0 7 77 38 37 87 94
0 8 42 67 68 9 86
0 9 51 32 11 24 75
0 10 29 39 66 70 76
0 11 14 46 71 19 79
0 12 68 35 90 57 22
0 13 31 52 41 50 30
0 14 42 12 46 60 13
0 15 70 65 72 50 77
0 16 88 27 36 90 30
0 17 71 14 14 54 16
0 18 17 48 51 30 57
0 19 0 58 70 54 48
0 20 92 31 19 82 48
0 21 49 67 60 72 44
0 22 47 86 75 61 26
0 23 97 59 79 24 68
0 24 12 29 51 9 15
0 25 76 94 83 88 66
0 26 62 72 19 44 29
0 27 46 78 48 48 22
0 28 42 34 88 44 61
0 29 71 19 67 35 75
0 30 56 72 43 16 34
0 31 31 78 59 60 45
0 32 95 22 48 64 96
0 33 84 75 45 92 72
0 34 31 34 70 24 24
0 35 58 91 88 30 83
0 36 12 41 49 63 41
0 37 70 35 24 69 38
0 38 57 91 76 47 16
0 39 62 54 87 69 30
0 40 18 47 37 16 31
0 41 45 80 40 81 66
1 2 77 82 57 27 68
1 3 8 52 38 71 77
1 4 29 51 27 31 85
1 5 18 56 8 56 75
1 6 74 44 42 68 45
1 7 4 18 80 43 80
1 8 85 46 51 50 67
1 9 91 27 25 97 70
1 10 12 32 53 79 81
1 11 46 71 44 78 75
1 12 10 25 39 36 54
1 13 13 50 77 70 70
1 14 67 89 78 61 65
1 15 70 64 17 23 72
1 16 24 53 66 14 12
1 17 19 41 58 12 77
1 18 94 21 95 39 85
1 19 90 95 69 81 93
1 20 53 85 18 66 13
1 21 62 14 69 68 55
1 22 13 56 40 13 16
1 23 8 61 20 76 4
1 24 43 23 12 36 27
1 25 45 40 86 14 66
1 26 23 79 66 28 29
1 27 51 60 83 53 68
1 28 18 9 5 80 65
1 29 30 35 22 70 35
1 30 46 80 65 44 89
1 31 65 45 49 91 79
1 32 58 46 54 35 48
1 33 12 20 77 48 8
1 34 33 73 66 25 74
1 35 21 65 38 44 57
1 36 48 55 81 45 31
1 37 54 43 24 48 29
1 38 66 58 82 88 87
1 39 15 38 46 69 19
1 40 21 75 32 78 13
1 41 88 26 74 79 56
2 3 23 69 77 52 32
2 4 99 21 67 45 60
2 5 46 21 25 50 14
2 6 32 20 77 86 52
2 7 21 62 42 63 68
2 8 20 25 62 7 13
2 9 36 17 45 83 45
2 10 21 8 19 76 84
2 11 22 69 78 32 41
2 12 46 80 35 88 71
2 13 26 5 17 54 45
2 14 17 50 46 75 70
2 15 42 77 21 37 50
2 16 78 81 49 42 89
2 17 72 19 19 91 86
2 18 73 83 43 60 30
2 19 85 78 90 79 34
2 20 69 55 64 70 77
2 21 14 18 68 15 72
2 22 61 31 50 22 69
2 23 16 18 34 73 26
2 24 46 65 61 22 88
2 25 13 43 64 58 53
2 26 98 50 87 61 59
2 27 20 74 18 43 54
2 28 34 26 27 60 47
2 29 57 83 21 55 49
2 30 86 38 40 82 68
2 31 56 90 68 65 83
2 32 80 49 82 30 29
2 33 97 93 78 79 79
2 34 13 64 20 58 40
2 35 71 86 75 81 76
2 36 59 55 90 56 44
2 37 17 22 19 52 41
2 38 86 74 62 27 83
2 39 64 53 16 41 14
2 40 98 22 41 86 60
2 41 17 45 53 18 67
3 4 76 64 77 72 37
3 5 41 72 46 60 34
3 6 71 35 52 85 51
3 7 23 54 71 42 74
3 8 60 31 15 78 77
3 9 54 16 63 36 82
3 10 19 46 46 65 70
3 11 70 83 31 15 61
3 12 54 31 83 49 67
3 13 77 36 44 80 40
3 14 61 41 83 52 19
3 15 26 27 16 8 67
3 16 1 50 69 4 17
3 17 20 39 22 9 4
3 18 10 33 45 27 47
3 19 7 39 22 76 70
3 20 19 3 4 7 61
3 21 10 52 20 54 48
3 22 71 81 89 89 78
3 23 88 37 80 33 45
3 24 51 84 36 41 17
3 25 31 56 64 39 84
3 26 31 64 43 28 29
3 27 74 24 22 91 40
3 28 19 12 56 32 82
3 29 34 36 57 77 25
3 30 61 61 37 20 40
3 31 80 53 35 94 72
3 32 47 41 55 20 65
3 33 17 19 10 81 67
3 34 44 49 29 15 83
3 35 90 73 60 77 70
3 36 63 21 68 27 20
3 37 87 30 37 37 90
3 38 84 75 95 53 53
3 39 25 21 29 31 36
3 40 33 59 9 13 11
3 41 16 47 73 60 38
4 5 47 64 17 42 70
4 6 98 97 56 80 97
4 7 90 43 50 93 55
4 8 4 62 37 18 76
4 9 70 43 22 46 51
4 10 21 33 60 66 23
4 11 84 29 62 39 42
4 12 51 49 27 23 26
4 13 67 30 45 52 74
4 14 34 75 15 68 10
4 15 82 65 82 48 82
4 16 1 22 24 32 66
4 17 29 47 24 25 15
4 18 29 28 16 28 37
4 19 50 40 44 73 35
4 20 3 20 30 11 32
4 21 71 31 88 91 45
4 22 49 56 89 87 32
4 23 90 65 88 27 73
4 24 43 66 11 40 14
4 25 68 90 21 56 37
4 26 35 68 61 8 48
4 27 11 22 75 3 18
4 28 96 59 45 29 53
4 29 16 17 16 47 62
4 30 36 52 25 82 60
4 31 57 83 90 44 82
4 32 50 48 21 38 50
4 33 40 29 18 48 65
4 34 53 70 74 23 70
4 35 12 30 24 4 19
4 36 29 11 77 14 6
4 37 67 48 63 28 24
4 38 13 62 5 5 7
4 39 80 94 59 66 61
4 40 51 82 84 75 20
4 41 78 90 26 57 79
5 6 47 32 53 35 38
5 7 68 26 43 78 81
5 8 12 15 35 71 82
5 9 38 61 56 31 18
5 10 60 60 27 29 59
5 11 40 86 54 16 26
5 12 5 31 46 25 32
5 13 2 8 35 78 54
5 14 89 88 96 60 18
5 15 40 47 85 40 84
5 16 17 42 58 35 69
5 17 92 32 19 57 66
5 18 84 45 35 23 53
5 19 58 49 18 71 83
5 20 3 77 26 26 1
5 21 56 48 71 50 80
5 22 17 36 14 55 70
5 23 70 18 24 70 80
5 24 42 59 61 67 31
5 25 66 23 42 30 76
5 26 40 79 28 9 56
5 27 28 20 12 54 73
5 28 16 73 58 30 47
5 29 19 69 73 20 81
5 30 6 4 44 5 33
5 31 28 63 62 16 23
5 32 58 38 30 38 34
5 33 75 45 93 79 59
5 34 96 65 42 82 25
5 35 75 21 83 80 27
5 36 30 46 66 7 81
5 37 1 44 9 51 67
5 38 69 51 43 69 17
5 39 55 64 71 61 27
5 40 17 75 52 49 28
5 41 40 36 62 42 50
6 7 33 21 79 69 60
6 8 65 76 73 54 51
6 9 63 68 57 41 68
6 10 8 29 14 11 56
6 11 59 69 45 30 40
6 12 35 81 43 79 75
6 13 86 94 74 34 95
6 14 12 7 4 4 64
6 15 72 15 22 89 74
6 16 46 26 83 45 34
6 17 37 85 15 56 37
6 18 60 57 91 46 66
6 19 55 72 64 26 35
6 20 55 71 51 86 50
6 21 19 30 49 66 66
6 22 14 65 42 40 11
6 23 59 63 60 72 14
6 24 70 43 63 55 16
6 25 61 41 68 23 80
6 26 15 12 20 33 69
6 27 15 75 12 29 47
6 28 13 73 38 28 59
6 29 6 28 34 63 76
6 30 99 42 40 40 69
6 31 34 18 45 56 60
6 32 25 69 66 44 13
6 33 31 81 81 22 19
6 34 8 50 56 42 35
6 35 23 55 32 52 55
6 36 80 79 44 74 43
6 37 64 87 46 31 43
6 38 65 55 22 55 37
6 39 79 41 68 80 29
6 40 7 46 81 51 26
6 41 11 7 63 26 36
7 8 48 68 56 40 38
7 9 58 44 14 66 72
7 10 57 85 23 84 42
7 11 21 22 81 11 40
7 12 79 42 30 66 51
7 13 77 73 22 61 84
7 14 84 87 24 33 50
7 15 51 11 81 12 23
7 16 12 20 6 15 18
7 17 69 39 46 46 85
7 18 41 86 62 26 77
7 19 55 26 53 81 25
7 20 53 84 24 71 66
7 21 48 75 22 58 15
7 22 17 10 57 64 11
7 23 26 48 79 75 73
7 24 94 27 98 98 88
7 25 46 9 22 54 54
7 26 88 85 42 88 92
7 27 81 21 17 44 71
7 28 36 20 77 51 80
7 29 88 73 61 29 22
7 30 72 60 69 73 60
7 31 87 75 35 94 38
7 32 7 19 66 29 75
7 33 81 81 53 90 34
7 34 2 57 39 65 46
7 35 34 14 35 62 39
7 36 13 9 53 17 33
7 37 80 92 22 87 59
7 38 40 62 87 63 14
7 39 93 58 71 96 28
7 40 11 71 12 52 58
7 41 32 30 34 76 46
8 9 32 79 38 53 33
8 10 65 78 67 58 66
8 11 68 70 66 72 79
8 12 51 70 82 64 88
8 13 35 57 14 34 11
8 14 89 82 55 83 20
8 15 96 85 64 54 21
8 16 89 21 72 62 21
8 17 64 47 43 46 30
8 18 77 83 52 69 38
8 19 47 46 22 36 31
8 20 40 67 36 66 51
8 21 96 37 27 67 87
8 22 50 64 62 49 83
8 23 11 27 23 40 55
8 24 89 51 50 78 96
8 25 15 24 26 33 68
8 26 38 61 28 24 12
8 27 59 25 12 55 55
8 28 25 13 71 72 50
8 29 97 39 64 21 74
8 30 36 64 68 11 26
8 31 78 35 87 29 81
8 32 36 41 21 47 46
8 33 88 42 35 84 24
8 34 20 32 63 53 67
8 35 21 20 59 43 6
8 36 91 66 90 45 19
8 37 63 21 89 82 13
8 38 56 37 47 81 21
8 39 4 15 77 48 27
8 40 57 36 19 39 53
8 41 78 83 79 51 28
9 10 46 23 71 15 27
9 11 38 32 59 52 62
9 12 21 70 7 82 34
9 13 53 90 40 15 49
9 14 50 27 77 68 73
9 15 1 56 69 39 58
9 16 69 48 73 16 46
9 17 42 22 52 50 73
9 18 32 48 70 34 34
9 19 84 68 28 74 86
9 20 36 29 47 39 51
9 21 13 52 76 75 25
9 22 39 64 11 47 42
9 23 25 13 45 62 29
9 24 46 84 84 15 58
9 25 67 13 88 74 15
9 26 96 65 26 95 90
9 27 27 32 16 23 7
9 28 93 34 26 65 20
9 29 22 65 27 31 6
9 30 8 11 13 34 71
9 31 26 46 11 12 6
9 32 91 93 41 41 27
9 33 52 62 11 41 33
9 34 24 12 56 43 22
9 35 20 67 54 46 51
9 36 40 78 45 66 73
9 37 19 63 4 61 77
9 38 14 28 51 54 80
9 39 4 43 6 1 68
9 40 64 44 24 21 15
9 41 30 9 82 26 40
10 11 18 21 6 35 78
10 12 82 20 25 28 52
10 13 65 36 59 32 49
10 14 46 77 10 55 70
10 15 15 70 48 79 18
10 16 30 18 6 79 73
10 17 1 79 17 72 70
10 18 41 13 68 22 61
10 19 47 88 20 81 61
10 20 33 82 8 45 23
10 21 80 24 44 38 80
10 22 62 46 38 15 41
10 23 22 28 21 27 56
10 24 45 63 66 16 27
10 25 93 27 60 86 58
10 26 24 26 39 8 32
10 27 26 81 23 7 6
10 28 19 82 57 23 26
10 29 17 61 9 17 62
10 30 38 42 70 23 79
10 31 12 27 53 40 47
10 32 45 48 76 62 30
10 33 68 20 90 41 81
10 34 53 17 37 22 43
10 35 47 56 11 74 34
10 36 22 33 79 65 74
10 37 65 67 18 60 17
10 38 8 54 56 24 71
10 39 11 66 10 73 16
10 40 59 78 24 79 86
10 41 25 42 56 63 57
11 12 26 34 41 69 19
11 13 38 53 86 19 81
11 14 69 88 43 78 39
11 15 56 14 46 57 90
11 16 0 63 35 72 3
11 17 95 67 80 85 77
11 18 72 88 43 54 21
11 19 89 19 70 76 90
11 20 41 9 77 70 35
11 21 76 72 91 59 39
11 22 80 34 92 79 62
11 23 29 40 18 43 71
11 24 86 50 44 82 67
11 25 74 65 36 82 48
11 26 54 12 11 84 86
11 27 76 90 56 32 24
11 28 93 45 35 40 75
11 29 70 33 92 21 46
11 30 3 51 29 8 58
11 31 25 71 53 59 49
11 32 33 79 68 34 38
11 33 50 84 61 89 76
11 34 40 62 37 27 13
11 35 3 30 80 2 15
11 36 20 41 67 55 20
11 37 65 20 79 81 49
11 38 33 31 44 64 48
11 39 52 17 36 41 69
11 40 54 80 78 89 76
11 41 77 61 58 45 46
12 13 30 29 37 53 82
12 14 6 14 34 30 24
12 15 27 63 43 48 36
12 16 24 25 25 9 60
12 17 43 80 52 48 25
12 18 72 90 62 77 44
12 19 74 61 37 73 89
12 20 62 24 61 84 18
12 21 21 24 32 16 68
12 22 89 29 27 70 72
12 23 68 42 20 63 65
12 24 0 6 4 53 69
12 25 73 47 66 56 16
12 26 96 30 76 35 30
12 27 66 76 62 21 58
12 28 22 12 38 39 26
12 29 33 82 26 46 48
12 30 92 59 62 49 40
12 31 46 28 45 64 46
12 32 56 29 72 14 74
12 33 53 67 20 74 12
12 34 83 57 61 89 17
12 35 74 56 80 69 25
12 36 45 26 53 30 56
12 37 33 70 41 59 60
12 38 21 45 4 35 74
12 39 43 32 23 19 45
12 40 14 12 23 79 49
12 41 14 19 56 64 75
13 14 65 27 60 85 35
13 15 77 60 64 79 24
13 16 64 76 28 36 54
13 17 25 22 57 16 26
13 18 51 83 38 53 55
13 19 37 20 32 77 77
13 20 44 83 13 47 16
13 21 34 67 54 21 33
13 22 53 69 25 37 73
13 23 47 18 10 45 61
13 24 59 62 86 88 57
13 25 95 71 25 29 66
13 26 93 18 45 70 79
13 27 70 14 43 64 68
13 28 21 46 65 71 35
13 29 23 73 63 61 8
13 30 95 40 98 77 74
13 31 97 58 41 43 53
13 32 76 94 26 83 55
13 33 28 85 66 72 56
13 34 78 65 73 63 93
13 35 82 25 94 18 95
13 36 48 54 86 30 40
13 37 76 63 33 66 60
13 38 76 18 26 36 53
13 39 73 94 48 21 33
13 40 52 25 15 89 12
13 41 64 79 91 25 40
14 15 78 54 91 88 89
14 16 44 68 87 73 69
14 17 2 23 27 14 63
14 18 22 34 66 22 32
14 19 25 80 17 69 34
14 20 21 5 31 50 83
14 21 77 57 48 31 71
14 22 99 27 39 66 31
14 23 48 34 31 20 89
14 24 37 59 51 63 63
14 25 24 49 45 62 8
14 26 46 70 88 27 41
14 27 21 29 11 63 12
14 28 72 64 21 44 66
14 29 63 27 67 55 55
14 30 83 88 68 40 53
14 31 12 51 13 49 16
14 32 45 44 79 64 63
14 33 48 13 58 64 38
14 34 60 20 83 15 31
14 35 72 39 67 35 44
14 36 46 70 10 20 54
14 37 70 68 73 85 86
14 38 57 30 19 69 80
14 39 93 26 62 30 48
14 40 62 83 38 47 58
14 41 15 30 15 23 50
15 16 88 44 64 74 60
15 17 71 14 81 84 54
15 18 42 34 19 12 41
15 19 28 7 43 13 31
15 20 76 83 87 21 72
15 21 49 14 87 83 43
15 22 32 80 18 64 48
15 23 64 81 23 25 29
15 24 45 34 85 79 81
15 25 21 30 66 53 63
15 26 23 19 51 45 31
15 27 80 92 68 86 47
15 28 62 28 60 83 35
15 29 55 31 50 77 57
15 30 26 58 40 25 65
15 31 80 84 20 31 91
15 32 46 67 76 34 59
15 33 36 24 21 81 47
15 34 6 62 62 29 13
15 35 99 59 34 73 91
15 36 56 31 60 66 31
15 37 26 15 17 13 44
15 38 58 73 73 62 37
15 39 41 83 61 19 8
15 40 57 20 19 18 54
15 41 30 60 28 80 27
16 17 59 16 67 18 90
16 18 59 47 87 66 33
16 19 75 34 50 62 86
16 20 9 61 6 59 7
16 21 7 23 52 48 15
16 22 82 81 16 87 77
16 23 13 80 37 26 37
16 24 85 95 63 63 19
16 25 91 25 66 50 56
16 26 62 87 37 48 51
16 27 33 74 69 63 84
16 28 7 48 27 73 11
16 29 86 48 86 88 91
16 30 69 47 40 70 70
16 31 19 71 32 31 25
16 32 85 71 95 24 48
16 33 27 49 31 56 28
16 34 13 51 69 52 14
16 35 34 7 7 53 45
16 36 63 88 79 14 88
16 37 4 79 32 68 44
16 38 10 77 56 73 42
16 39 85 80 94 88 31
16 40 34 64 78 55 76
16 41 63 32 54 77 87
17 18 64 53 71 61 42
17 19 20 45 63 32 21
17 20 81 23 79 58 25
17 21 57 76 28 69 22
17 22 78 52 29 59 26
17 23 86 38 32 66 57
17 24 98 46 27 74 94
17 25 62 48 32 68 43
17 26 64 81 72 19 58
17 27 27 32 39 20 59
17 28 88 82 93 24 89
17 29 38 60 35 34 30
17 30 85 43 88 43 82
17 31 88 79 34 23 28
17 32 15 4 20 54 6
17 33 23 20 57 44 8
17 34 50 10 71 77 39
17 35 50 74 81 57 37
17 36 81 37 46 69 67
17 37 44 73 66 62 17
17 38 3 63 71 4 78
17 39 67 80 13 72 91
17 40 42 13 68 60 57
17 41 56 19 60 14 83
18 19 9 9 37 71 2
18 20 44 20 49 37 60
18 21 6 35 64 44 18
18 22 13 47 80 72 15
18 23 73 86 47 72 70
18 24 20 48 6 19 15
18 25 96 33 76 86 77
18 26 24 62 78 74 59
18 27 13 4 34 16 12
18 28 78 94 44 49 83
18 29 65 49 22 74 51
18 30 72 79 31 56 87
18 31 86 35 78 81 63
18 32 86 96 91 31 67
18 33 85 19 65 77 19
18 34 14 43 50 63 30
18 35 36 33 58 66 62
18 36 98 72 74 66 59
18 37 53 62 13 70 17
18 38 26 19 76 82 31
18 39 46 41 79 42 51
18 40 97 46 32 70 60
18 41 91 95 94 42 62
19 20 45 65 14 88 86
19 21 69 90 19 56 23
19 22 18 79 41 38 61
19 23 47 11 75 10 58
19 24 15 5 38 42 70
19 25 7 20 47 12 68
19 26 26 25 84 71 32
19 27 1 70 11 33 53
19 28 98 67 24 66 71
19 29 81 30 83 17 61
19 30 65 25 55 23 15
19 31 94 88 77 39 76
19 32 63 58 57 76 63
19 33 74 81 44 77 86
19 34 79 60 18 75 54
19 35 5 48 28 66 17
19 36 20 52 67 38 42
19 37 85 68 89 26 64
19 38 33 61 50 24 61
19 39 3 65 22 7 38
19 40 62 73 88 14 38
19 41 19 7 70 73 46
20 21 78 82 81 87 41
20 22 26 34 16 79 53
20 23 40 17 69 20 77
20 24 65 84 36 37 51
20 25 30 34 21 82 41
20 26 21 23 35 36 59
20 27 27 55 33 13 57
20 28 18 8 72 64 78
20 29 90 25 37 36 24
20 30 37 79 63 47 16
20 31 89 25 42 61 19
20 32 32 60 46 46 40
20 33 63 55 89 41 75
20 34 75 94 77 41 32
20 35 58 45 45 15 40
20 36 54 62 90 20 81
20 37 94 41 39 78 32
20 38 67 70 15 69 36
20 39 64 21 91 44 57
20 40 5 63 54 30 72
20 41 35 79 46 64 42
21 22 71 79 42 17 14
21 23 4 66 59 68 55
21 24 99 51 95 36 83
21 25 74 21 57 35 24
21 26 53 89 57 44 16
21 27 18 37 43 12 20
21 28 33 66 42 16 83
21 29 21 39 44 6 27
21 30 33 17 11 60 76
21 31 2 62 61 44 39
21 32 96 59 42 59 39
21 33 26 43 72 28 20
21 34 16 45 34 24 74
21 35 36 56 11 31 81
21 36 88 67 54 74 47
21 37 14 38 56 10 21
21 38 4 55 44 38 32
21 39 49 10 20 73 15
21 40 16 68 15 21 38
21 41 86 72 69 88 50
22 23 9 16 14 53 51
22 24 10 27 73 65 66
22 25 39 46 73 84 24
22 26 1 68 3 6 63
22 27 33 22 71 85 46
22 28 87 66 34 36 32
22 29 81 30 54 52 71
22 30 99 83 43 67 30
22 31 43 61 82 21 53
22 32 67 62 27 15 66
22 33 41 70 42 64 50
22 34 52 48 65 26 84
22 35 11 34 49 60 14
22 36 71 24 20 77 56
22 37 21 75 67 56 40
22 38 30 82 67 60 70
22 39 39 43 85 13 32
22 40 75 56 25 31 81
22 41 31 26 22 33 27
23 24 74 45 33 36 69
23 25 98 73 68 44 34
23 26 46 24 10 24 70
23 27 55 63 68 61 89
23 28 71 30 63 71 42
23 29 29 32 63 67 7
23 30 46 62 78 37 32
23 31 72 46 24 43 81
23 32 33 56 24 7 72
23 33 96 67 39 49 64
23 34 23 8 64 79 17
23 35 33 66 14 56 58
23 36 46 80 35 61 60
23 37 70 24 83 83 54
23 38 66 60 28 86 70
23 39 59 17 38 24 75
23 40 46 14 30 30 54
23 41 99 81 88 66 41
24 25 81 53 75 59 44
24 26 34 76 67 14 46
24 27 19 31 73 9 40
24 28 68 47 82 45 75
24 29 17 6 58 34 23
24 30 74 24 40 57 64
24 31 43 87 39 21 71
24 32 74 75 24 45 92
24 33 22 55 51 24 74
24 34 0 22 56 32 32
24 35 5 63 25 46 76
24 36 68 57 59 18 24
24 37 29 71 31 26 44
24 38 45 49 14 56 47
24 39 31 17 33 34 14
24 40 83 83 61 48 72
24 41 83 56 51 92 28
25 26 52 58 61 39 45
25 27 93 61 82 43 98
25 28 40 54 55 81 86
25 29 65 24 33 30 90
25 30 37 31 58 24 77
25 31 44 84 17 24 30
25 32 45 70 46 54 9
25 33 81 58 71 50 83
25 34 29 18 82 8 12
25 35 19 61 60 36 6
25 36 67 68 84 24 83
25 37 12 17 81 61 3
25 38 54 37 45 17 78
25 39 67 32 28 14 42
25 40 33 14 41 74 63
25 41 77 73 93 52 76
26 27 37 59 80 23 82
26 28 8 48 12 35 29
26 29 61 43 41 71 28
26 30 87 94 77 29 20
26 31 95 73 68 98 39
26 32 14 31 28 16 40
26 33 29 50 76 78 16
26 34 89 45 90 64 86
26 35 92 71 27 87 41
26 36 51 16 57 22 70
26 37 93 31 88 97 74
26 38 44 50 75 68 30
26 39 54 77 63 18 79
26 40 54 19 29 80 66
26 41 31 8 70 16 32
27 28 42 65 16 70 69
27 29 8 24 36 18 18
27 30 22 13 34 22 66
27 31 23 57 39 84 29
27 32 21 50 19 51 8
27 33 22 41 34 21 32
27 34 50 60 23 65 53
27 35 96 55 41 79 70
27 36 25 73 21 54 5
27 37 25 79 26 13 8
27 38 75 61 89 17 22
27 39 58 51 89 28 12
27 40 31 31 69 52 77
27 41 43 37 21 69 49
28 29 88 48 59 29 22
28 30 8 80 73 58 77
28 31 74 54 26 86 31
28 32 96 63 40 67 83
28 33 12 63 80 82 73
28 34 29 11 52 38 79
28 35 11 6 24 9 79
28 36 39 44 78 68 11
28 37 51 87 52 44 28
28 38 27 54 23 45 51
28 39 47 26 30 29 10
28 40 46 79 28 61 25
28 41 66 86 62 70 85
29 30 11 44 74 9 66
29 31 3 36 48 9 15
29 32 29 63 67 74 21
29 33 96 21 48 25 55
29 34 98 46 44 31 50
29 35 80 87 36 90 47
29 36 24 82 43 76 29
29 37 8 5 67 62 67
29 38 54 48 81 28 22
29 39 22 41 56 59 36
29 40 48 50 50 18 63
29 41 4 64 52 70 28
30 31 99 40 93 92 93
30 32 95 98 53 66 21
30 33 86 50 24 88 64
30 34 32 55 57 41 19
30 35 66 15 83 72 24
30 36 40 18 86 26 62
30 37 43 83 38 83 65
30 38 70 38 81 40 16
30 39 92 24 61 42 23
30 40 92 57 74 53 67
30 41 27 40 21 48 13
31 32 25 84 54 43 73
31 33 96 53 67 94 80
31 34 85 34 21 64 55
31 35 30 6 81 43 24
31 36 71 71 51 77 91
31 37 68 69 27 84 89
31 38 19 25 34 34 5
31 39 52 52 55 31 41
31 40 20 37 11 64 18
31 41 53 65 11 85 72
32 33 95 93 97 20 43
32 34 11 79 71 22 7
32 35 48 85 13 69 75
32 36 80 21 62 47 45
32 37 48 37 42 17 70
32 38 87 42 77 32 32
32 39 30 8 83 79 33
32 40 12 58 81 69 67
32 41 49 56 28 65 77
33 34 11 29 50 69 26
33 35 84 29 61 79 61
33 36 1 1 67 8 34
33 37 98 76 51 59 81
33 38 47 78 68 27 83
33 39 69 39 61 85 64
33 40 40 9 73 87 58
33 41 33 38 78 71 34
34 35 33 83 82 69 58
34 36 12 48 6 28 25
34 37 40 77 16 13 81
34 38 69 33 79 90 77
34 39 2 28 60 59 68
34 40 26 37 19 29 27
34 41 45 43 14 80 46
35 36 48 85 81 64 80
35 37 17 70 9 46 66
35 38 71 19 69 42 91
35 39 71 23 15 80 68
35 40 92 39 35 43 21
35 41 29 27 56 15 77
36 37 80 75 39 76 19
36 38 6 3 72 5 4
36 39 96 43 52 74 67
36 40 76 79 79 53 85
36 41 98 21 96 92 36
37 38 17 40 35 23 38
37 39 44 42 39 59 26
37 40 58 16 84 40 77
37 41 8 2 13 11 25
38 39 70 34 23 94 46
38 40 95 98 69 74 33
38 41 11 28 4 71 18
39 40 92 74 61 26 39
39 41 76 19 20 17 22
40 41 75 38 20 25 64
