17 10
0.5 0.5 0.0 0.0 0.0 0.0 0.0 0.0 0.0 0.0 
0 1 2 5 2 14 16 12 15 3 16 14
0 2 14 15 22 13 26 25 12 16 13 23
0 3 12 12 18 11 13 23 11 11 15 15
0 4 73 72 75 66 69 72 73 68 67 64
0 5 18 20 27 29 17 26 30 27 29 16
0 6 2 11 5 14 4 13 10 3 7 3
0 7 67 64 63 63 61 70 64 59 62 71
0 8 2 3 5 11 3 14 10 15 3 7
0 9 63 59 67 62 66 68 59 58 67 61
0 10 24 24 28 32 22 24 28 25 33 31
0 11 7 8 15 12 21 14 12 17 17 9
0 12 21 33 26 31 28 23 29 29 19 21
0 13 55 59 57 62 61 61 59 52 49 54
0 14 24 31 25 31 30 31 35 25 29 31
0 15 94 93 84 83 92 86 91 86 89 90
0 16 2 15 12 11 9 17 12 11 13 5
1 2 19 30 24 23 20 21 26 19 17 31
1 3 68 67 72 61 70 60 67 66 65 60
1 4 24 28 22 29 27 22 34 30 29 27
1 5 27 32 25 23 23 28 32 25 31 30
1 6 51 52 49 55 55 47 57 57 57 45
1 7 68 71 70 67 71 62 71 65 71 61
1 8 44 45 44 52 51 44 48 48 38 39
1 9 25 28 31 26 36 31 33 24 21 32
1 10 85 82 80 80 78 79 79 73 86 79
1 11 16 19 23 24 25 25 23 23 15 21
1 12 44 52 44 44 39 38 46 48 52 45
1 13 75 68 76 71 76 78 74 66 74 71
1 14 60 58 54 57 65 60 52 60 55 58
1 15 46 46 46 52 50 52 42 43 54 43
1 16 94 93 86 87 93 89 87 95 82 87
2 3 59 59 56 53 57 59 54 55 52 53
2 4 17 23 17 15 27 29 20 29 28 14
2 5 47 51 42 49 52 47 45 43 44 50
2 6 2 3 8 15 6 10 9 10 4 17
2 7 75 71 64 76 66 69 71 71 64 66
2 8 20 26 23 27 24 25 30 24 31 23
2 9 38 42 39 43 43 42 36 37 41 38
2 10 23 29 33 29 32 27 31 26 26 31
2 11 30 25 26 37 29 33 26 26 28 28
2 12 36 43 33 35 41 37 44 38 32 38
2 13 7 19 9 7 20 9 20 12 7 9
2 14 59 59 52 63 54 55 53 60 57 54
2 15 70 60 68 71 74 62 59 61 69 63
2 16 18 30 30 24 21 24 30 17 16 29
3 4 23 26 28 30 21 22 34 25 27 32
3 5 31 41 27 33 35 36 37 27 27 39
3 6 84 82 81 73 72 83 80 75 73 74
3 7 51 45 49 46 47 48 54 47 55 56
3 8 31 29 36 29 32 33 41 28 40 31
3 9 1 8 5 13 12 2 12 15 15 9
3 10 68 70 71 63 68 63 64 60 65 66
3 11 5 9 13 8 16 7 12 10 11 10
3 12 52 54 57 48 51 46 56 48 57 59
3 13 74 68 65 76 68 65 68 64 66 76
3 14 10 17 20 20 13 11 8 21 13 15
3 15 31 27 34 40 30 31 37 31 31 27
3 16 53 54 46 46 56 58 57 49 51 49
4 5 13 13 21 17 24 12 17 13 16 21
4 6 1 12 1 0 2 9 5 8 2 9
4 7 46 40 50 40 51 47 49 50 44 47
4 8 79 73 70 72 71 68 79 71 78 81
4 9 63 62 62 63 65 63 59 55 64 66
4 10 99 86 96 85 94 87 85 94 85 86
4 11 51 53 45 54 50 57 56 46 48 46
4 12 38 34 43 47 37 37 43 44 43 36
4 13 90 81 84 89 89 80 80 85 82 86
4 14 93 85 84 86 91 87 89 83 90 93
4 15 5 19 16 10 18 8 16 14 13 19
4 16 98 93 86 87 97 87 90 86 89 84
5 6 96 93 84 92 83 95 86 89 95 89
5 7 70 74 64 73 62 61 66 67 67 60
5 8 97 92 86 96 91 87 87 91 87 87
5 9 27 27 33 33 29 33 33 27 35 30
5 10 26 25 35 25 27 29 32 28 27 35
5 11 83 77 78 75 73 72 81 80 85 82
5 12 80 80 78 83 75 74 77 83 74 82
5 13 77 80 79 78 70 70 69 69 74 75
5 14 68 60 68 66 68 72 65 65 59 63
5 15 1 1 4 7 14 5 7 14 11 7
5 16 63 58 61 57 60 57 58 65 55 54
6 7 95 92 94 85 83 87 85 91 90 91
6 8 30 39 29 33 39 39 39 31 32 28
6 9 67 61 61 71 70 68 61 58 64 62
6 10 6 11 17 15 14 6 11 15 18 19
6 11 50 49 49 54 55 43 56 49 52 57
6 12 15 23 21 22 15 13 24 15 20 22
6 13 3 10 16 15 13 9 10 17 14 12
6 14 20 22 31 25 29 21 24 18 26 20
6 15 18 27 18 18 19 21 19 21 24 27
6 16 59 62 52 54 63 61 51 65 60 52
7 8 3 10 2 15 9 13 6 8 3 17
7 9 64 67 61 56 58 68 64 64 56 63
7 10 6 20 10 17 13 17 14 8 9 14
7 11 63 63 55 63 61 67 59 62 68 63
7 12 52 59 47 49 56 54 48 45 57 53
7 13 68 67 60 65 64 69 61 67 70 58
7 14 91 79 89 92 86 84 87 81 88 79
7 15 27 24 34 37 38 32 27 25 26 35
7 16 16 20 17 28 23 21 26 15 17 23
8 9 26 24 29 26 37 23 28 36 24 33
8 10 76 78 76 65 78 76 78 78 67 77
8 11 48 43 53 44 51 54 47 44 43 42
8 12 96 91 84 81 88 84 88 87 92 90
8 13 1 11 10 8 5 14 13 5 9 8
8 14 64 66 62 62 59 65 57 56 63 64
8 15 8 14 9 12 20 12 15 17 19 17
8 16 90 92 91 87 78 78 80 82 84 90
9 10 97 88 94 84 85 91 93 90 87 90
9 11 98 87 96 90 86 97 92 86 98 90
9 12 84 84 84 83 74 81 86 82 76 86
9 13 25 29 33 24 32 28 26 26 31 22
9 14 12 12 25 19 20 12 24 20 14 15
9 15 61 66 64 63 63 63 52 60 55 64
9 16 81 77 74 73 82 84 80 76 72 81
10 11 62 64 61 66 67 54 61 56 61 61
10 12 72 61 66 64 63 72 74 62 66 73
10 13 40 48 38 41 36 38 48 47 35 40
10 14 21 22 25 25 24 26 19 20 21 25
10 15 65 61 60 67 57 64 57 60 62 67
10 16 92 93 82 88 92 85 90 86 80 87
11 12 82 72 83 84 70 71 70 73 78 76
11 13 48 48 55 47 47 48 54 48 42 43
11 14 98 85 97 87 96 95 90 97 95 96
11 15 46 41 39 50 45 43 44 41 42 43
11 16 88 82 75 81 77 84 83 81 89 83
12 13 84 81 84 86 74 85 82 79 73 78
12 14 56 61 57 61 51 55 51 54 50 60
12 15 5 10 10 7 16 16 5 9 17 7
12 16 11 20 21 17 12 19 23 22 23 19
13 14 22 21 23 27 22 26 19 31 29 27
13 15 93 80 83 81 85 89 81 85 92 82
13 16 52 49 58 55 55 58 57 55 55 47
14 15 53 53 48 51 50 57 50 55 45 55
14 16 29 34 37 34 39 40 33 37 28 34
15 16 38 40 46 41 42 47 36 32 34 45
