20 10
0.125 0.125 0.125 0.125 0.125 0.125 0.125 0.125 0.0 0.0 
0 1 18 16 23 28 24 15 28 20 26 25
0 2 63 54 66 63 65 67 63 61 64 56
0 3 92 86 87 82 87 89 90 82 83 91
0 4 4 4 16 10 11 12 8 17 12 17
0 5 76 66 74 79 79 77 75 77 78 74
0 6 49 55 44 53 52 49 45 49 50 43
0 7 85 81 81 84 74 75 87 86 79 81
0 8 46 47 40 43 49 48 49 43 52 50
0 9 56 55 62 51 60 61 63 62 54 62
0 10 96 86 91 84 95 84 89 87 86 84
0 11 15 18 13 22 14 17 23 19 25 22
0 12 34 30 36 40 36 41 35 36 39 39
0 13 22 33 21 26 19 33 27 28 22 22
0 14 97 95 96 88 96 90 97 91 84 94
0 15 72 67 75 70 66 69 75 73 61 63
0 16 77 76 76 66 78 66 69 76 70 71
0 17 38 41 33 35 36 44 42 36 40 39
0 18 52 58 48 52 56 56 46 51 49 46
0 19 71 69 63 67 72 72 62 63 71 69
1 2 45 50 42 49 41 50 42 42 41 46
1 3 58 58 60 59 57 58 58 51 58 51
1 4 61 55 59 58 59 54 61 60 65 65
1 5 83 81 80 82 84 76 75 79 78 82
1 6 64 59 63 66 61 59 60 60 66 67
1 7 70 71 65 75 70 62 72 65 68 71
1 8 56 62 61 53 53 49 50 60 55 60
1 9 48 43 42 48 46 49 55 55 53 47
1 10 61 59 63 58 63 64 65 66 62 52
1 11 43 47 48 47 52 47 40 42 44 42
1 12 13 14 13 18 19 13 24 16 23 23
1 13 99 96 87 91 89 84 89 92 93 84
1 14 73 67 66 74 66 67 72 65 72 64
1 15 22 32 20 21 33 28 31 28 27 20
1 16 91 86 80 78 84 84 89 81 86 88
1 17 2 6 12 9 10 17 10 9 12 7
1 18 72 65 67 68 75 66 70 65 71 73
1 19 94 92 82 82 87 87 93 81 95 82
2 3 84 85 86 77 76 80 75 74 76 80
2 4 9 16 9 21 10 11 10 14 14 16
2 5 50 55 54 47 45 54 57 43 56 57
2 6 47 42 41 47 50 49 53 50 46 53
2 7 39 37 48 41 37 46 44 40 42 36
2 8 20 19 27 17 19 25 20 18 26 30
2 9 9 20 15 13 11 11 20 22 11 15
2 10 6 11 7 10 16 19 8 18 9 18
2 11 57 58 59 59 63 62 49 55 51 59
2 12 31 41 38 39 34 34 39 34 40 35
2 13 18 22 30 15 22 24 23 26 23 29
2 14 27 38 36 36 27 25 25 25 36 36
2 15 82 74 74 81 82 82 71 81 75 70
2 16 99 88 88 95 99 84 84 93 89 95
2 17 19 24 30 28 24 28 18 28 19 17
2 18 77 72 69 67 66 75 70 70 69 78
2 19 74 66 68 73 75 73 76 65 65 68
3 4 26 32 36 28 23 33 27 37 23 22
3 5 59 58 63 60 55 58 59 58 54 52
3 6 73 66 63 75 71 70 67 71 75 65
3 7 5 15 12 6 9 17 19 16 12 18
3 8 94 83 82 88 86 87 94 86 82 82
3 9 78 67 71 79 74 75 79 78 70 68
3 10 55 59 51 52 51 50 49 55 53 61
3 11 0 12 15 0 7 0 7 11 8 14
3 12 70 61 70 74 72 71 66 68 63 68
3 13 9 10 13 20 17 10 12 7 11 10
3 14 11 22 11 15 17 14 23 10 17 12
3 15 87 79 82 86 78 77 79 88 85 80
3 16 29 39 32 35 27 28 35 36 36 27
3 17 64 55 68 68 63 64 57 60 63 67
3 18 8 16 8 15 19 20 16 13 17 17
3 19 5 6 19 15 16 10 6 8 6 8
4 5 12 17 24 15 24 15 12 25 11 13
4 6 6 10 13 11 10 8 13 6 13 14
4 7 99 85 94 90 86 87 92 87 96 87
4 8 19 27 18 31 21 30 23 20 21 20
4 9 68 62 58 59 59 65 60 58 60 62
4 10 38 37 37 37 34 34 42 35 41 36
4 11 67 58 61 70 58 71 71 70 65 61
4 12 75 71 72 66 72 78 76 75 68 72
4 13 90 79 81 86 79 82 85 85 85 81
4 14 96 91 87 83 91 95 91 82 89 92
4 15 9 10 15 12 12 21 20 15 10 12
4 16 47 53 43 54 47 41 47 46 41 54
4 17 94 83 90 89 94 91 90 87 86 84
4 18 68 69 61 63 72 71 66 68 71 58
4 19 20 18 19 22 19 30 26 19 21 24
5 6 14 21 27 22 12 27 18 25 19 18
5 7 78 69 66 71 79 74 74 68 73 72
5 8 53 55 59 45 56 48 46 55 50 46
5 9 6 7 17 10 8 9 5 11 9 9
5 10 19 27 30 23 19 19 20 23 23 17
5 11 53 55 49 48 59 49 50 47 57 54
5 12 90 89 83 77 90 84 80 83 91 83
5 13 62 63 65 54 66 63 57 66 60 66
5 14 31 39 38 40 40 34 37 36 41 37
5 15 25 22 23 33 28 32 29 33 23 27
5 16 33 35 29 41 37 34 42 32 40 35
5 17 8 8 9 9 12 12 9 19 22 21
5 18 18 19 16 20 29 23 22 17 17 21
5 19 18 27 27 27 19 26 29 28 28 19
6 7 12 20 23 16 24 16 19 12 23 15
6 8 88 75 76 84 75 78 82 76 84 79
6 9 74 66 73 71 74 72 76 77 67 72
6 10 4 11 11 12 9 12 11 8 16 10
6 11 80 83 73 81 80 82 77 82 73 83
6 12 28 33 32 37 33 35 34 32 34 24
6 13 63 61 60 55 60 54 66 59 60 67
6 14 61 61 52 58 66 53 58 66 56 63
6 15 49 55 45 44 52 50 52 45 44 54
6 16 76 70 65 78 71 70 66 75 71 78
6 17 79 80 79 81 81 73 77 70 72 80
6 18 25 21 34 29 36 29 35 24 22 24
6 19 4 12 18 5 12 16 8 5 7 17
7 8 66 70 66 63 68 58 63 60 62 64
7 9 71 70 62 69 71 67 66 68 67 68
7 10 16 21 16 22 24 16 14 27 18 18
7 11 96 89 82 83 92 95 91 92 83 87
7 12 83 82 81 79 85 74 82 75 80 82
7 13 31 39 31 36 34 35 41 41 36 39
7 14 46 45 52 44 49 39 54 50 49 43
7 15 15 24 27 22 20 23 20 13 16 17
7 16 73 68 64 64 68 63 71 68 67 64
7 17 22 24 23 23 24 32 20 20 29 27
7 18 68 66 70 59 71 62 67 59 69 62
7 19 77 70 72 75 78 67 76 67 70 78
8 9 17 27 19 17 29 19 15 17 15 16
8 10 82 81 76 74 83 76 77 77 81 79
8 11 75 75 71 64 79 77 76 74 75 76
8 12 44 41 41 40 43 42 39 38 42 51
8 13 16 16 20 20 16 14 21 27 18 22
8 14 90 85 91 88 91 83 84 87 88 83
8 15 7 8 18 6 16 19 11 8 11 12
8 16 6 13 15 8 5 9 15 19 9 14
8 17 92 89 81 86 84 93 88 83 79 85
8 18 61 62 64 66 66 60 57 56 54 60
8 19 95 86 95 85 87 83 89 83 82 89
9 10 22 30 27 28 19 31 33 28 25 29
9 11 42 36 46 39 42 47 46 48 37 43
9 12 40 41 45 39 35 48 35 44 39 46
9 13 52 58 49 47 52 56 45 50 48 48
9 14 26 37 26 37 37 23 36 32 26 34
9 15 59 58 51 58 57 55 64 54 50 64
9 16 69 68 73 60 74 73 59 61 69 68
9 17 40 35 39 41 37 42 36 47 44 40
9 18 53 48 49 45 57 57 58 47 47 49
9 19 50 53 55 49 48 51 57 57 53 52
10 11 41 37 35 38 36 42 48 38 37 38
10 12 2 16 11 8 7 4 2 11 5 14
10 13 16 14 25 19 21 26 21 25 27 24
10 14 97 83 92 92 91 89 90 86 90 86
10 15 12 14 23 20 24 13 25 19 13 24
10 16 19 18 17 17 31 19 24 17 19 24
10 17 83 78 75 71 73 72 83 79 71 85
10 18 38 34 37 46 35 46 38 45 43 45
10 19 7 15 8 7 13 20 12 7 13 13
11 12 39 37 47 39 45 41 47 37 41 37
11 13 95 89 85 92 84 82 87 88 82 84
11 14 23 25 32 31 31 31 31 29 30 27
11 15 64 66 57 59 54 59 65 67 58 59
11 16 55 54 57 55 54 56 52 48 60 53
11 17 41 44 36 38 40 45 47 37 43 49
11 18 77 70 69 75 75 77 68 77 65 79
11 19 64 68 60 56 62 64 66 64 61 55
12 13 28 31 35 38 24 28 27 25 33 29
12 14 24 27 26 30 26 25 23 27 29 24
12 15 30 29 28 38 37 38 31 25 31 40
12 16 59 61 65 62 62 65 51 53 60 60
12 17 76 73 73 69 72 66 73 75 77 67
12 18 81 79 75 74 70 73 73 79 70 74
12 19 5 4 18 7 13 17 11 10 11 10
13 14 83 71 81 85 80 82 85 82 77 80
13 15 37 34 45 46 42 41 45 42 39 38
13 16 83 84 73 82 74 83 77 75 81 79
13 17 38 39 40 37 32 38 42 46 33 41
13 18 96 82 96 91 88 87 90 86 95 91
13 19 23 21 28 21 31 32 31 22 22 32
14 15 89 86 84 90 86 88 76 81 91 82
14 16 3 4 4 7 4 9 16 15 16 10
14 17 25 23 28 24 28 35 23 29 25 23
14 18 91 90 80 79 80 88 92 82 86 88
14 19 63 60 58 63 63 54 66 66 67 64
15 16 5 10 15 15 18 5 13 7 13 4
15 17 68 70 70 71 72 69 60 69 71 70
15 18 73 72 76 66 67 75 66 70 70 76
15 19 33 39 30 37 34 29 29 34 28 43
16 17 31 28 31 37 36 29 28 38 28 27
16 18 91 84 79 78 82 88 86 85 91 79
16 19 17 23 28 16 27 23 25 27 27 22
17 18 48 42 47 44 46 53 53 47 55 46
17 19 28 37 34 29 34 35 27 28 27 31
18 19 80 72 81 72 79 75 71 80 73 73
