22 10
0.5 0.5 0.0 0.0 0.0 0.0 0.0 0.0 0.0 0.0 
0 1 82 76 76 84 77 84 78 71 78 73
0 2 59 52 51 58 53 62 61 65 51 50
0 3 10 10 10 12 20 16 15 22 12 23
0 4 97 94 89 92 97 83 89 96 95 96
0 5 22 29 28 27 23 31 22 33 25 24
0 6 32 38 40 34 29 36 42 28 39 32
0 7 62 53 61 58 65 55 54 63 59 62
0 8 63 68 62 62 60 64 63 64 64 68
0 9 34 34 41 41 38 30 34 34 42 38
0 10 79 68 81 72 82 76 76 76 74 81
0 11 15 24 13 25 19 16 22 18 25 13
0 12 81 82 79 80 78 82 83 72 74 73
0 13 55 47 55 47 50 54 56 55 60 48
0 14 22 30 29 29 25 30 25 21 29 27
0 15 74 74 76 72 71 69 72 72 65 75
0 16 50 52 47 49 55 57 52 52 52 52
0 17 24 26 35 22 22 22 21 32 34 27
0 18 97 93 87 88 84 94 84 88 95 96
0 19 87 80 87 88 74 85 75 77 84 74
0 20 89 86 77 81 81 89 89 85 84 81
0 21 53 52 54 53 57 45 49 45 58 52
1 2 82 77 74 71 79 70 74 72 73 81
1 3 24 28 23 27 25 33 23 24 24 27
1 4 9 23 15 13 21 13 16 12 8 18
1 5 57 58 52 59 54 60 49 54 57 54
1 6 87 82 75 78 85 89 82 82 87 86
1 7 86 85 85 84 84 78 78 75 86 73
1 8 80 72 77 68 82 78 71 75 74 77
1 9 92 80 90 84 91 83 80 85 78 82
1 10 29 32 32 34 37 29 30 37 39 39
1 11 21 19 24 23 32 19 21 22 22 22
1 12 38 34 37 41 35 34 42 41 38 40
1 13 52 49 45 57 52 54 55 50 54 48
1 14 33 40 33 33 41 34 37 35 31 34
1 15 81 79 72 76 77 70 81 74 83 77
1 16 49 55 56 47 47 57 55 42 53 56
1 17 20 26 20 30 19 26 23 28 24 27
1 18 98 89 93 98 98 84 96 91 87 87
1 19 48 46 45 42 45 50 41 42 49 55
1 20 27 34 35 30 24 35 32 26 27 25
1 21 41 37 44 39 46 43 36 48 38 43
2 3 9 21 13 21 21 14 10 12 22 10
2 4 10 17 15 15 9 22 21 9 10 15
2 5 73 67 66 66 72 63 66 71 74 76
2 6 47 51 49 40 51 48 51 40 45 53
2 7 12 16 15 21 21 13 14 13 25 23
2 8 10 12 23 15 18 22 19 14 20 8
2 9 7 14 17 10 16 14 9 18 17 19
2 10 33 37 35 39 34 33 36 34 36 37
2 11 29 38 34 38 25 27 36 25 27 34
2 12 99 90 99 98 93 99 93 90 88 89
2 13 42 48 42 48 50 38 45 40 39 40
2 14 69 69 64 73 65 59 72 65 69 69
2 15 49 43 45 54 53 43 55 51 48 46
2 16 54 58 57 48 55 60 48 51 48 57
2 17 63 55 55 60 60 54 56 59 59 67
2 18 79 74 72 68 78 68 76 80 78 70
2 19 52 47 59 53 55 58 51 54 45 47
2 20 54 52 57 55 46 57 52 51 60 48
2 21 8 15 16 18 22 12 21 8 13 18
3 4 43 43 50 51 52 49 51 49 38 43
3 5 20 20 22 27 30 21 25 21 21 18
3 6 45 51 42 50 43 46 50 44 46 42
3 7 20 25 20 27 25 25 26 20 21 19
3 8 68 67 68 62 72 65 60 69 64 61
3 9 30 31 29 31 28 36 36 28 30 37
3 10 87 88 86 85 88 87 88 76 87 77
3 11 92 88 86 83 79 85 90 83 86 86
3 12 23 21 24 25 34 28 34 33 33 22
3 13 53 50 58 46 57 53 54 55 55 50
3 14 33 39 39 38 30 30 30 41 29 34
3 15 96 90 83 97 93 91 94 92 85 87
3 16 76 68 79 67 76 75 76 78 77 69
3 17 81 71 73 75 74 73 73 78 69 72
3 18 65 64 58 57 61 67 61 60 67 60
3 19 19 23 29 29 20 20 26 25 23 25
3 20 49 53 43 50 42 56 55 46 43 47
3 21 70 73 65 63 63 65 67 64 66 65
4 5 31 40 30 32 31 29 38 37 40 31
4 6 33 42 43 29 43 33 38 37 29 30
4 7 68 59 58 58 66 65 67 63 67 59
4 8 51 57 50 48 56 49 51 48 48 49
4 9 76 73 75 72 74 77 78 66 78 73
4 10 9 18 13 21 20 13 7 8 11 9
4 11 9 15 18 18 19 14 12 8 16 12
4 12 63 66 67 61 58 69 66 63 67 55
4 13 4 10 10 11 10 8 5 12 12 6
4 14 87 83 85 83 79 75 83 80 85 78
4 15 49 53 50 51 43 49 51 55 43 53
4 16 60 54 52 52 57 54 64 59 57 65
4 17 49 47 44 42 53 42 46 53 44 54
4 18 56 48 54 53 52 52 48 51 54 59
4 19 54 55 48 52 57 58 51 53 56 58
4 20 58 58 59 52 62 51 54 60 64 64
4 21 24 23 34 27 30 32 29 28 21 22
5 6 73 74 64 76 76 72 70 73 74 69
5 7 46 52 42 41 47 52 49 42 44 41
5 8 50 54 50 45 46 44 56 47 57 46
5 9 60 60 61 64 54 54 63 52 51 59
5 10 32 31 39 38 34 37 34 40 36 36
5 11 17 24 21 18 24 24 27 27 27 23
5 12 79 70 78 75 75 79 78 78 70 70
5 13 49 42 42 56 53 44 46 46 50 54
5 14 30 26 35 30 30 32 29 26 38 32
5 15 48 54 41 42 42 51 50 50 55 45
5 16 65 60 57 67 70 60 69 57 66 68
5 17 73 65 68 64 76 69 72 74 65 74
5 18 38 33 43 41 44 42 37 32 42 41
5 19 85 74 85 86 79 75 73 76 77 73
5 20 65 60 65 70 65 55 62 65 61 70
5 21 59 61 51 60 58 63 60 60 64 59
6 7 8 11 9 10 20 13 11 13 11 22
6 8 89 78 86 82 82 78 84 90 89 89
6 9 71 73 75 71 61 64 73 64 64 72
6 10 22 22 26 33 20 23 22 24 30 32
6 11 58 62 55 55 63 55 64 63 64 50
6 12 90 79 90 84 80 80 85 77 83 88
6 13 87 83 85 81 81 87 82 86 76 84
6 14 89 90 87 81 80 77 85 82 86 87
6 15 72 64 71 72 61 74 70 71 72 74
6 16 89 84 77 77 78 84 76 89 76 77
6 17 92 85 91 90 91 82 78 90 85 82
6 18 87 85 88 77 87 80 78 86 83 76
6 19 34 42 37 36 39 31 36 38 39 41
6 20 0 7 15 12 4 11 6 1 8 9
6 21 88 85 85 83 85 84 78 83 77 81
7 8 31 33 31 39 36 28 38 26 26 30
7 9 58 50 63 52 50 52 52 58 57 57
7 10 27 24 34 33 24 24 23 32 35 34
7 11 61 65 64 59 53 56 56 65 53 53
7 12 31 33 30 40 27 31 34 33 37 36
7 13 35 34 39 37 36 35 36 37 30 39
7 14 64 67 61 56 63 56 57 69 59 65
7 15 37 37 39 38 45 41 45 44 41 43
7 16 51 45 58 53 56 56 50 54 44 43
7 17 95 88 83 86 92 82 88 94 86 83
7 18 26 27 28 24 32 25 34 32 37 30
7 19 32 39 40 31 42 40 35 34 35 28
7 20 71 72 69 72 61 62 74 71 66 64
7 21 76 70 77 70 68 74 72 72 71 65
8 9 75 75 70 64 74 65 77 73 74 65
8 10 10 17 22 20 20 16 13 16 14 22
8 11 86 87 74 83 79 73 86 80 80 75
8 12 89 85 82 84 78 88 81 85 81 82
8 13 50 57 51 45 43 53 54 43 51 55
8 14 40 41 37 46 44 41 45 38 38 45
8 15 74 69 76 69 68 68 77 72 72 74
8 16 22 24 31 22 23 28 33 26 25 28
8 17 82 82 76 72 80 70 78 78 81 77
8 18 59 59 65 59 58 63 59 58 51 57
8 19 15 27 26 21 24 24 17 14 15 23
8 20 60 53 61 58 56 52 59 61 53 56
8 21 66 64 60 71 59 64 65 57 61 68
9 10 64 58 66 65 55 59 69 64 67 60
9 11 91 79 82 92 81 85 78 90 78 78
9 12 85 78 77 83 76 82 80 77 81 72
9 13 36 40 38 33 34 31 42 32 40 39
9 14 88 84 83 82 79 76 86 78 87 77
9 15 35 35 43 39 41 32 41 44 36 43
9 16 65 69 63 61 65 65 64 65 60 57
9 17 99 89 92 86 95 90 96 92 85 93
9 18 40 43 47 44 36 41 47 35 47 41
9 19 61 59 61 63 65 65 53 60 57 65
9 20 23 23 20 33 23 30 28 31 19 31
9 21 30 40 33 29 35 38 33 37 27 35
10 11 62 66 56 55 66 58 60 58 63 56
10 12 50 47 48 49 56 48 54 55 43 47
10 13 99 90 96 96 90 84 94 90 89 96
10 14 6 18 11 19 6 16 18 16 16 8
10 15 34 32 33 34 32 34 42 43 44 44
10 16 88 77 84 83 85 81 76 79 85 85
10 17 8 14 13 13 14 13 15 10 11 12
10 18 17 28 20 20 27 23 27 23 19 20
10 19 47 44 47 54 53 42 52 40 45 49
10 20 14 13 23 23 15 25 17 22 13 13
10 21 55 57 60 57 61 57 48 48 54 50
11 12 71 71 61 70 73 68 73 61 66 70
11 13 89 84 89 77 83 77 88 82 89 85
11 14 97 88 93 86 83 91 95 92 86 95
11 15 14 16 27 27 19 19 25 25 21 18
11 16 42 36 38 46 39 43 43 49 41 44
11 17 44 51 43 48 44 49 45 47 52 38
11 18 86 87 86 83 80 83 74 88 84 88
11 19 33 40 41 35 36 43 42 42 34 35
11 20 60 54 57 58 51 55 64 62 53 64
11 21 66 58 65 64 61 71 70 57 64 58
12 13 19 23 25 28 20 19 31 24 24 19
12 14 15 27 18 20 17 24 18 23 13 25
12 15 61 53 61 61 62 54 57 53 59 64
12 16 20 18 26 27 26 30 32 18 19 21
12 17 91 80 78 88 90 83 80 85 89 79
12 18 5 11 8 9 15 5 12 7 5 13
12 19 60 64 62 57 53 52 65 54 52 59
12 20 23 26 28 28 35 23 22 21 24 21
12 21 92 81 88 86 84 92 87 88 87 81
13 14 6 18 18 9 6 7 7 15 12 8
13 15 18 28 30 22 21 30 20 28 25 20
13 16 83 76 75 81 75 75 73 83 79 72
13 17 49 51 44 42 45 47 57 47 53 42
13 18 19 27 28 29 30 17 26 16 21 18
13 19 72 76 70 68 73 63 63 69 68 70
13 20 43 44 38 39 42 43 51 51 40 44
13 21 4 16 17 9 4 11 17 12 11 17
14 15 76 79 65 69 76 68 64 74 76 71
14 16 45 49 38 51 43 40 43 45 42 52
14 17 29 38 32 37 36 30 38 32 31 26
14 18 31 30 28 28 31 39 39 34 33 33
14 19 52 54 45 45 54 54 49 57 57 54
14 20 64 57 66 59 67 64 61 63 58 56
14 21 45 38 51 50 39 47 45 51 53 39
15 16 50 53 55 54 47 49 54 49 47 44
15 17 93 87 90 91 90 84 85 81 80 90
15 18 55 58 60 57 55 51 50 54 56 51
15 19 53 53 45 45 54 47 50 51 52 54
15 20 97 83 91 89 87 92 98 90 96 84
15 21 41 46 45 45 48 37 45 49 50 42
16 17 6 9 6 14 10 15 10 7 10 20
16 18 95 85 85 84 82 95 83 90 82 88
16 19 81 77 78 75 77 71 72 73 72 71
16 20 91 87 79 79 91 91 82 92 87 91
16 21 31 37 38 34 34 32 30 34 32 33
17 18 29 26 36 31 38 25 27 39 40 26
17 19 99 89 87 86 90 88 93 92 86 88
17 20 13 25 13 22 16 21 22 15 13 14
17 21 30 37 27 40 26 32 29 36 41 32
18 19 55 49 57 56 55 55 56 55 52 49
18 20 19 26 25 29 28 20 25 19 23 26
18 21 84 77 84 81 76 75 85 82 76 72
19 20 79 70 80 67 67 77 68 71 82 76
19 21 65 57 66 61 57 62 66 65 69 68
20 21 11 12 20 21 14 23 18 15 20 21
