22 10
0.125 0.125 0.125 0.125 0.125 0.125 0.125 0.125 0.0 0.0 
0 1 89 20 75 37 25 75 56 45 43 27
0 2 95 79 44 52 74 92 64 72 87 39
0 3 82 94 73 56 46 63 43 35 74 90
0 4 2 37 28 34 32 3 67 15 22 2
0 5 19 57 80 62 57 7 81 55 39 6
0 6 76 23 40 27 38 80 69 27 71 62
0 7 82 60 20 79 89 83 38 78 85 22
0 8 71 93 87 20 51 18 57 40 33 39
0 9 69 51 91 82 27 33 59 34 21 40
0 10 36 69 53 82 65 82 50 11 46 54
0 11 50 25 27 89 40 84 43 55 12 37
0 12 44 20 47 32 37 62 11 46 87 10
0 13 0 70 64 14 25 59 39 23 69 9
0 14 65 60 90 37 56 21 39 21 35 18
0 15 15 60 75 29 74 25 71 13 78 46
0 16 87 75 18 77 56 37 61 45 73 54
0 17 61 57 55 92 31 79 82 49 28 15
0 18 36 81 77 66 20 14 67 81 64 69
0 19 22 61 11 64 68 75 62 58 60 76
0 20 45 77 76 24 80 57 58 18 38 74
0 21 17 14 45 66 23 71 60 44 29 54
1 2 88 45 72 79 85 54 97 60 84 78
1 3 6 60 37 57 17 55 66 47 11 29
1 4 87 53 87 34 56 61 69 56 18 75
1 5 9 49 26 8 19 31 23 79 59 42
1 6 26 35 20 35 68 21 57 54 25 20
1 7 6 49 23 41 36 24 70 55 35 54
1 8 79 77 76 35 81 24 59 74 23 73
1 9 18 79 58 39 71 19 45 20 19 5
1 10 34 86 59 27 67 9 27 13 23 39
1 11 29 28 54 46 9 36 7 80 70 22
1 12 41 13 64 70 65 76 30 45 43 34
1 13 89 19 44 74 59 64 76 77 56 43
1 14 28 65 9 9 34 25 9 21 33 27
1 15 53 30 57 37 80 70 24 75 77 28
1 16 63 30 33 56 32 77 14 70 67 13
1 17 4 55 30 53 68 23 15 8 71 6
1 18 85 67 28 29 22 35 52 48 95 95
1 19 83 95 63 79 70 66 49 38 27 70
1 20 88 74 42 62 50 90 21 53 21 87
1 21 86 60 47 61 94 41 28 85 45 46
2 3 89 71 36 39 75 71 66 46 84 40
2 4 37 58 79 74 53 75 82 78 72 49
2 5 27 61 71 46 82 65 47 19 14 25
2 6 27 26 36 48 7 44 6 61 50 70
2 7 7 29 54 63 47 17 66 45 16 68
2 8 63 67 68 58 14 20 38 18 54 33
2 9 1 72 1 39 41 61 29 43 26 43
2 10 11 56 80 68 66 2 13 7 30 55
2 11 38 8 46 82 54 26 60 71 12 82
2 12 67 76 92 53 29 47 81 90 33 73
2 13 61 80 76 49 42 71 27 79 38 40
2 14 20 68 64 77 6 20 5 39 22 51
2 15 72 59 73 30 56 58 60 92 61 69
2 16 58 23 27 47 83 17 66 55 79 44
2 17 83 51 66 32 89 37 42 92 67 31
2 18 0 28 27 43 30 28 65 17 57 46
2 19 65 90 19 84 20 65 56 24 92 51
2 20 42 80 47 12 8 31 9 52 86 84
2 21 68 14 78 27 13 25 56 87 66 27
3 4 91 97 40 40 61 93 61 96 30 87
3 5 1 55 39 40 30 45 30 4 73 38
3 6 35 64 83 34 23 12 47 18 11 77
3 7 73 50 41 65 92 51 73 37 17 53
3 8 80 54 90 34 87 85 62 30 36 44
3 9 70 38 91 21 31 41 31 79 82 23
3 10 28 38 46 53 30 20 30 42 66 84
3 11 88 86 54 55 78 74 55 38 93 46
3 12 55 89 86 20 30 16 58 60 68 33
3 13 16 34 55 61 27 19 6 17 70 7
3 14 61 59 51 18 81 22 34 68 55 33
3 15 85 24 25 46 23 75 79 20 56 21
3 16 25 52 52 76 70 33 74 82 37 27
3 17 63 37 62 50 92 36 66 50 76 58
3 18 18 43 27 79 7 44 72 73 12 8
3 19 93 20 37 88 33 49 79 89 96 94
3 20 28 6 76 78 25 52 67 32 30 71
3 21 94 98 60 88 38 46 97 43 78 62
4 5 99 87 20 59 64 97 47 89 69 50
4 6 4 4 35 37 35 63 63 76 35 70
4 7 44 44 88 72 11 86 14 45 16 61
4 8 30 82 57 44 37 57 21 42 66 21
4 9 22 27 69 10 22 17 6 75 45 79
4 10 20 42 60 43 16 43 74 14 48 74
4 11 82 73 38 66 64 38 37 51 44 56
4 12 79 34 87 45 47 78 47 71 31 93
4 13 82 47 57 63 84 94 67 47 47 70
4 14 74 25 83 36 79 19 90 86 19 41
4 15 4 73 5 23 47 15 57 50 44 33
4 16 21 34 57 6 56 68 79 25 17 56
4 17 79 17 64 23 59 31 50 77 84 48
4 18 82 57 82 66 25 82 28 54 79 95
4 19 1 76 72 80 51 41 61 21 67 48
4 20 77 50 46 87 95 83 40 20 55 16
4 21 33 19 72 61 39 66 79 25 11 48
5 6 15 27 55 45 73 46 58 25 79 38
5 7 2 46 30 33 32 45 48 66 8 36
5 8 97 65 97 72 47 61 70 37 52 98
5 9 94 59 98 36 70 56 71 80 51 87
5 10 58 90 20 73 50 17 78 53 74 39
5 11 19 17 80 63 29 22 54 45 71 25
5 12 1 32 53 22 15 14 49 63 44 78
5 13 56 76 11 50 82 64 22 68 11 52
5 14 35 45 80 54 17 9 13 60 80 85
5 15 85 31 66 24 19 95 50 57 30 43
5 16 6 66 13 7 23 31 61 39 60 61
5 17 15 56 31 5 16 65 70 16 32 63
5 18 29 52 6 76 60 29 62 37 44 64
5 19 32 43 31 28 29 39 46 42 17 59
5 20 73 77 55 18 75 92 65 52 81 78
5 21 71 66 47 79 20 57 50 84 43 48
6 7 49 52 58 79 30 52 44 65 30 75
6 8 76 95 25 52 67 45 22 34 83 55
6 9 98 76 43 74 37 39 84 51 27 80
6 10 30 11 47 47 83 29 75 60 40 52
6 11 94 98 32 80 56 64 32 75 28 49
6 12 32 7 46 27 66 35 69 21 30 69
6 13 27 8 11 39 15 60 55 83 27 64
6 14 80 52 25 22 28 31 77 62 26 52
6 15 2 41 21 73 30 36 43 8 39 40
6 16 41 58 32 85 19 36 76 14 58 86
6 17 69 63 50 54 34 39 72 83 90 71
6 18 46 44 46 28 87 49 29 43 31 37
6 19 35 60 29 38 58 75 70 81 48 12
6 20 92 84 80 46 42 53 62 56 78 60
6 21 68 60 19 39 58 36 66 78 28 32
7 8 31 58 11 25 54 76 75 63 16 26
7 9 46 84 38 87 66 75 13 59 77 13
7 10 61 89 47 62 83 82 70 58 39 64
7 11 22 79 14 15 39 17 42 82 71 71
7 12 21 71 17 44 62 51 21 19 72 36
7 13 70 28 76 17 59 59 86 73 45 22
7 14 3 45 73 46 46 74 18 79 79 75
7 15 48 68 26 43 47 22 33 88 72 80
7 16 2 65 45 29 45 10 69 22 34 61
7 17 21 8 18 70 7 54 34 57 51 59
7 18 26 70 21 22 73 76 8 41 53 26
7 19 79 83 57 59 54 90 77 54 52 50
7 20 14 77 54 23 67 75 62 73 35 68
7 21 55 14 57 87 90 27 57 11 89 74
8 9 35 57 65 35 59 9 48 80 80 61
8 10 2 25 23 51 64 33 63 58 38 39
8 11 29 65 27 9 6 69 76 17 34 71
8 12 69 88 54 71 47 27 22 27 78 16
8 13 92 85 79 73 91 77 72 71 45 31
8 14 77 62 57 79 16 92 61 79 29 57
8 15 89 29 45 30 46 42 26 63 70 90
8 16 4 39 80 44 75 16 15 65 8 13
8 17 43 76 11 51 21 55 30 28 38 27
8 18 83 67 74 93 20 27 63 68 81 59
8 19 68 72 89 58 67 58 45 49 58 30
8 20 17 56 22 20 24 20 78 83 79 9
8 21 31 55 43 49 43 54 30 85 72 11
9 10 47 47 31 51 22 36 39 80 75 80
9 11 83 17 19 63 82 42 44 33 27 40
9 12 16 28 73 45 55 14 21 40 79 73
9 13 78 31 80 71 44 26 43 54 83 21
9 14 23 67 42 81 71 22 20 43 55 39
9 15 48 39 85 42 63 73 45 18 25 89
9 16 71 22 14 91 48 92 82 75 52 50
9 17 98 20 84 54 53 70 77 21 27 33
9 18 81 90 87 18 75 41 94 34 39 82
9 19 81 71 94 20 34 67 76 53 78 64
9 20 86 49 83 55 84 90 68 28 80 66
9 21 49 86 61 27 22 11 89 52 21 60
10 11 89 28 67 71 71 78 40 37 93 26
10 12 25 9 64 33 50 14 10 40 8 83
10 13 87 92 55 96 78 38 63 49 80 83
10 14 11 68 66 20 37 7 28 4 26 14
10 15 95 35 63 38 63 43 51 75 67 84
10 16 95 63 63 52 65 45 38 40 49 76
10 17 54 71 55 29 82 32 79 72 76 23
10 18 70 63 55 46 81 82 92 28 48 36
10 19 66 45 76 27 35 49 92 67 42 61
10 20 76 29 18 35 34 91 67 61 30 58
10 21 72 39 29 56 70 59 57 64 21 52
11 12 39 20 61 33 65 70 19 11 76 25
11 13 71 18 65 83 33 69 15 65 51 79
11 14 55 26 40 43 17 32 25 38 34 58
11 15 93 89 43 57 57 21 32 70 22 19
11 16 8 5 76 68 81 59 40 79 15 56
11 17 30 64 60 82 10 35 82 15 69 41
11 18 75 46 73 73 78 50 38 38 62 32
11 19 83 71 43 89 85 72 62 54 62 88
11 20 55 14 84 69 51 82 70 88 29 66
11 21 64 83 83 23 42 58 70 13 86 75
12 13 9 50 6 37 52 40 29 25 13 46
12 14 52 89 24 77 70 12 26 61 43 75
12 15 0 28 6 0 0 62 49 42 8 17
12 16 42 45 50 74 40 58 14 53 36 83
12 17 53 73 83 60 78 66 69 37 67 70
12 18 72 67 54 72 57 89 65 75 71 80
12 19 32 73 57 49 85 22 54 14 79 72
12 20 93 43 19 42 61 92 52 43 64 21
12 21 73 38 16 60 87 24 18 88 22 58
13 14 30 83 35 6 8 39 11 56 69 60
13 15 36 60 52 10 84 65 48 9 59 53
13 16 94 47 91 88 73 21 31 61 29 87
13 17 70 36 43 45 79 44 71 51 54 64
13 18 7 17 27 16 45 12 38 30 32 23
13 19 42 10 42 13 11 66 86 80 64 25
13 20 83 18 56 35 66 57 62 31 77 29
13 21 73 32 60 64 72 53 35 15 63 32
14 15 50 61 86 86 60 27 56 70 76 26
14 16 61 43 32 17 23 33 76 29 27 51
14 17 17 25 52 32 5 73 22 73 72 45
14 18 20 38 61 28 9 83 36 56 63 51
14 19 21 48 28 51 77 21 40 45 50 38
14 20 15 48 63 26 53 13 39 20 82 52
14 21 10 36 79 26 81 72 69 30 77 32
15 16 69 48 65 54 65 50 49 80 56 47
15 17 5 68 39 33 32 4 11 16 37 48
15 18 93 51 85 64 61 49 48 22 52 48
15 19 46 61 10 55 39 66 42 24 58 36
15 20 57 29 58 14 86 36 30 69 17 48
15 21 44 36 41 30 21 77 38 26 13 8
16 17 97 62 74 50 79 45 38 95 48 25
16 18 8 63 37 21 6 40 26 3 15 78
16 19 50 10 75 12 13 88 37 38 43 24
16 20 81 54 20 50 51 40 68 58 59 60
16 21 63 40 62 27 82 26 28 70 74 29
17 18 38 63 46 38 13 21 85 37 33 54
17 19 89 95 59 49 58 71 63 18 43 62
17 20 43 31 67 56 85 73 30 47 60 57
17 21 79 17 62 37 16 23 65 77 23 76
18 19 53 53 14 34 72 70 30 79 40 54
18 20 39 84 84 25 29 62 12 45 50 29
18 21 0 47 75 16 54 57 30 54 34 0
19 20 57 65 89 47 39 75 43 88 75 40
19 21 22 39 61 9 12 56 21 49 54 68
20 21 24 13 61 67 71 5 60 48 29 8
