27 10
0.125 0.125 0.125 0.125 0.125 0.125 0.125 0.125 0.0 0.0 
0 1 19 21 49 77 4 45 29 72 65 47
0 2 89 51 90 41 28 81 59 92 32 80
0 3 78 33 47 27 63 56 61 72 31 41
0 4 18 36 71 32 82 63 15 47 18 34
0 5 55 70 68 65 73 71 56 55 74 59
0 6 14 38 9 40 57 6 53 47 63 49
0 7 38 52 39 15 54 73 26 28 79 57
0 8 70 15 65 26 55 59 77 66 80 42
0 9 97 32 56 82 43 24 56 83 24 73
0 10 26 67 46 11 71 9 63 21 16 18
0 11 28 44 81 16 15 33 80 72 52 41
0 12 52 74 34 52 44 83 52 17 12 88
0 13 44 26 16 12 20 35 73 64 40 52
0 14 21 78 27 48 39 51 24 19 71 50
0 15 16 52 21 31 7 59 71 10 60 8
0 16 66 90 16 25 25 76 74 49 88 66
0 17 83 89 88 46 68 42 43 53 52 22
0 18 64 43 51 75 85 50 64 14 79 22
0 19 29 63 8 79 7 25 21 47 16 29
0 20 86 91 88 25 83 47 87 22 94 67
0 21 93 67 42 65 32 70 28 95 30 39
0 22 45 86 44 21 52 24 26 27 74 41
0 23 7 44 36 53 20 45 22 4 77 7
0 24 89 38 55 87 54 97 40 43 52 54
0 25 19 47 14 40 14 32 79 40 46 49
0 26 66 73 33 26 24 55 54 89 33 69
1 2 16 59 75 61 15 45 51 57 74 64
1 3 62 38 19 70 79 60 48 33 42 53
1 4 13 20 55 60 66 80 76 60 72 81
1 5 47 12 27 53 73 18 29 56 71 44
1 6 20 58 19 41 73 79 55 68 81 47
1 7 95 76 93 98 35 96 89 61 61 20
1 8 12 73 70 27 40 80 31 18 40 42
1 9 6 19 74 23 34 47 66 78 8 41
1 10 13 29 34 32 67 30 27 35 52 10
1 11 13 30 73 59 64 14 26 6 2 13
1 12 79 57 24 34 87 39 92 92 22 30
1 13 53 15 11 49 80 66 83 29 62 31
1 14 24 55 58 73 30 40 48 80 63 59
1 15 34 62 30 57 40 10 78 81 46 53
1 16 25 73 28 79 40 63 18 80 13 18
1 17 75 46 90 68 36 87 78 68 80 22
1 18 94 53 87 90 67 31 44 62 25 73
1 19 58 24 44 76 60 25 43 44 75 68
1 20 19 43 40 77 59 54 33 27 44 33
1 21 55 71 89 48 64 45 85 81 68 27
1 22 61 62 62 23 58 66 63 15 42 74
1 23 39 38 17 83 14 21 85 74 65 26
1 24 9 30 13 11 44 54 26 75 38 74
1 25 61 58 45 70 88 52 92 23 54 43
1 26 69 62 93 40 32 84 52 74 81 22
2 3 53 23 12 85 56 11 26 73 38 12
2 4 13 28 45 59 13 35 16 49 17 40
2 5 31 85 59 71 37 48 49 67 12 30
2 6 41 28 54 37 34 55 40 64 28 53
2 7 38 45 33 39 52 80 66 48 72 60
2 8 95 67 97 71 96 45 67 63 94 24
2 9 75 18 91 53 38 51 30 93 31 51
2 10 95 22 73 26 28 89 40 37 57 61
2 11 94 88 54 86 54 77 49 55 52 72
2 12 64 51 28 31 32 56 32 40 75 43
2 13 62 31 90 17 41 62 24 79 18 77
2 14 1 47 30 62 49 49 70 40 2 11
2 15 98 29 32 78 81 80 46 46 42 60
2 16 0 45 10 30 11 19 33 48 49 5
2 17 59 60 37 63 52 80 22 58 23 59
2 18 45 64 56 27 87 50 34 50 25 18
2 19 30 26 70 6 53 77 52 76 17 72
2 20 7 59 44 27 53 69 51 19 76 31
2 21 64 91 66 91 42 36 83 68 83 44
2 22 86 62 79 90 31 23 42 91 52 88
2 23 24 26 52 31 48 13 82 27 11 58
2 24 91 61 45 35 67 51 20 77 83 21
2 25 20 83 46 55 25 32 44 9 41 30
2 26 24 46 21 78 22 75 72 26 69 7
3 4 11 43 69 36 75 7 60 50 81 70
3 5 4 48 48 55 19 37 45 20 65 67
3 6 17 9 67 25 36 82 24 45 79 70
3 7 57 25 15 75 40 90 36 83 90 16
3 8 78 43 49 36 59 51 94 72 37 63
3 9 85 74 73 66 47 68 97 73 84 66
3 10 89 32 55 79 50 31 91 24 36 94
3 11 72 60 15 32 90 31 60 84 17 26
3 12 38 20 85 40 38 32 30 35 39 87
3 13 59 41 71 52 73 75 65 14 49 74
3 14 82 45 90 75 51 32 45 70 73 37
3 15 66 36 74 38 58 89 63 15 34 15
3 16 60 76 16 46 38 92 60 43 85 85
3 17 28 35 14 13 84 30 10 24 46 53
3 18 26 74 67 67 61 16 72 25 21 72
3 19 32 8 11 12 11 12 51 13 52 8
3 20 89 71 73 41 21 22 44 36 28 93
3 21 15 12 30 19 55 79 17 67 24 16
3 22 35 20 51 50 45 47 86 74 24 69
3 23 68 41 47 27 61 68 34 74 54 85
3 24 68 78 73 16 31 22 46 36 86 36
3 25 57 73 68 86 21 32 28 45 30 42
3 26 72 26 71 62 81 64 78 80 63 71
4 5 15 55 5 69 37 10 6 46 64 68
4 6 39 73 18 29 16 49 81 68 63 43
4 7 46 60 85 64 23 87 37 86 61 33
4 8 68 55 60 47 40 51 54 24 73 27
4 9 47 71 14 50 80 87 50 40 46 12
4 10 73 36 89 69 85 75 41 93 16 86
4 11 75 50 24 80 90 52 72 44 69 79
4 12 93 77 22 36 35 85 70 39 59 83
4 13 99 73 71 81 59 48 26 56 32 93
4 14 54 35 83 31 24 14 70 25 23 47
4 15 25 5 45 57 40 84 66 31 55 35
4 16 53 79 11 17 80 10 81 83 66 76
4 17 49 24 77 13 12 51 22 14 22 11
4 18 28 26 17 72 69 39 68 10 21 7
4 19 64 57 46 69 15 59 37 37 24 67
4 20 24 27 26 31 47 60 68 49 22 17
4 21 63 20 82 85 87 20 84 25 73 74
4 22 85 37 86 30 71 87 91 22 42 76
4 23 51 51 43 36 48 29 21 53 10 24
4 24 84 22 79 66 42 76 62 91 81 88
4 25 44 75 62 40 33 71 51 13 73 11
4 26 4 62 72 79 36 54 41 18 58 33
5 6 84 40 43 75 50 89 62 32 36 82
5 7 17 35 31 68 37 10 7 13 63 74
5 8 72 19 71 43 81 40 92 34 53 49
5 9 87 50 65 23 73 63 59 60 19 91
5 10 1 14 44 37 43 52 1 55 54 20
5 11 31 79 47 6 27 38 84 84 49 30
5 12 67 34 86 47 57 27 20 37 75 41
5 13 64 43 55 20 32 75 75 38 52 25
5 14 19 35 63 58 57 36 65 78 43 35
5 15 2 37 59 9 33 14 79 43 41 33
5 16 91 55 61 59 18 57 55 46 60 41
5 17 88 65 17 54 97 50 57 48 29 52
5 18 64 45 52 43 90 44 59 75 66 22
5 19 40 82 82 39 9 84 71 36 19 67
5 20 99 90 93 81 85 64 48 49 32 63
5 21 76 56 63 70 21 57 58 58 40 22
5 22 75 26 57 28 20 72 59 94 25 61
5 23 23 53 75 11 21 80 82 39 20 25
5 24 90 24 21 22 28 76 23 62 31 97
5 25 51 57 67 12 87 23 32 60 28 22
5 26 42 61 82 80 62 63 87 69 15 61
6 7 38 13 47 20 51 28 21 43 35 33
6 8 25 12 44 45 37 52 54 59 13 84
6 9 5 49 64 41 23 41 63 65 69 49
6 10 24 46 48 53 21 39 46 76 65 68
6 11 19 8 9 8 18 9 77 8 22 24
6 12 1 59 27 36 45 9 8 14 11 75
6 13 19 62 22 23 20 67 47 66 18 31
6 14 74 90 16 40 82 27 43 53 92 19
6 15 34 9 7 36 57 72 73 65 13 68
6 16 44 73 33 69 59 79 17 52 75 9
6 17 20 7 6 73 74 67 43 80 12 17
6 18 21 40 34 70 69 62 64 65 12 41
6 19 20 70 38 36 11 79 52 67 53 10
6 20 56 45 80 85 51 66 17 80 35 17
6 21 44 15 20 36 39 17 44 40 23 88
6 22 89 82 95 78 52 54 44 89 57 96
6 23 30 66 40 84 17 53 26 59 6 57
6 24 67 60 17 49 46 31 70 26 23 34
6 25 10 44 70 55 29 76 41 11 70 7
6 26 40 9 23 71 83 25 30 65 59 50
7 8 31 30 81 85 53 9 50 46 86 71
7 9 27 7 71 61 49 47 5 67 36 51
7 10 87 24 63 50 18 80 39 35 78 29
7 11 61 67 44 51 73 24 47 31 13 56
7 12 13 31 43 19 44 22 71 38 72 26
7 13 47 23 21 10 21 76 52 53 55 64
7 14 72 34 78 85 78 47 93 81 18 59
7 15 13 39 81 5 80 7 10 75 28 10
7 16 5 53 15 58 23 71 60 67 6 31
7 17 92 45 54 35 51 20 19 46 67 32
7 18 54 50 27 42 18 53 50 66 14 67
7 19 81 69 84 69 35 79 60 63 64 30
7 20 45 20 27 61 26 30 50 36 14 54
7 21 87 29 70 60 47 49 86 33 49 79
7 22 13 73 6 12 18 75 22 59 31 41
7 23 78 43 70 81 45 42 16 78 49 69
7 24 35 7 18 52 29 31 39 15 56 15
7 25 22 70 8 76 35 78 31 22 23 69
7 26 66 52 14 16 67 29 37 85 75 23
8 9 2 68 30 12 61 73 76 34 52 75
8 10 7 40 7 54 26 37 5 8 41 21
8 11 80 26 35 94 79 56 70 76 78 42
8 12 20 35 27 46 80 39 8 49 4 63
8 13 65 22 19 67 58 64 58 81 13 33
8 14 24 21 37 78 5 41 25 35 32 24
8 15 65 70 13 73 13 31 23 49 72 90
8 16 78 86 94 42 71 33 67 41 57 84
8 17 73 63 71 31 57 56 88 84 75 56
8 18 73 82 41 40 62 79 60 48 15 15
8 19 48 51 57 52 73 87 62 36 77 49
8 20 39 31 30 25 86 77 47 87 52 23
8 21 5 33 36 56 47 72 22 17 70 42
8 22 33 69 48 46 42 82 53 10 27 24
8 23 94 33 27 58 36 78 55 64 83 52
8 24 65 41 30 89 78 15 39 19 39 56
8 25 71 21 51 86 50 16 57 32 40 32
8 26 81 19 21 44 43 81 42 65 63 41
9 10 40 15 28 53 69 46 35 8 70 33
9 11 26 84 5 5 82 60 22 49 50 48
9 12 16 65 66 7 5 76 14 31 26 67
9 13 65 83 87 80 63 14 14 89 56 56
9 14 66 31 52 90 18 90 52 62 66 23
9 15 29 24 53 15 18 81 25 57 70 8
9 16 91 46 22 71 44 30 20 33 28 97
9 17 85 90 34 71 70 72 93 34 85 60
9 18 83 86 69 52 93 59 28 27 74 89
9 19 29 77 18 25 27 50 44 57 20 18
9 20 57 73 18 73 80 75 40 38 23 70
9 21 94 85 59 74 71 70 82 80 57 90
9 22 58 20 49 43 50 35 84 58 88 41
9 23 23 55 37 14 49 23 29 17 41 14
9 24 45 23 59 18 62 61 12 84 22 40
9 25 40 47 79 87 86 39 68 62 38 42
9 26 66 20 84 34 61 36 75 70 49 35
10 11 57 31 31 19 35 77 80 64 75 45
10 12 24 56 17 6 57 83 70 55 54 35
10 13 8 30 50 64 13 66 57 46 64 41
10 14 69 51 55 70 59 78 82 80 75 52
10 15 8 34 34 17 66 30 6 14 17 78
10 16 91 81 92 92 88 65 76 97 86 27
10 17 2 78 9 75 26 7 25 74 47 70
10 18 68 48 81 68 84 45 57 33 58 42
10 19 56 81 89 23 53 13 29 89 73 20
10 20 21 78 8 13 29 72 25 28 31 22
10 21 9 58 27 77 57 7 16 41 45 75
10 22 47 19 10 71 51 14 11 48 81 14
10 23 12 30 20 50 41 64 72 66 76 23
10 24 21 57 25 23 33 25 62 26 28 70
10 25 95 21 47 74 84 87 77 41 60 56
10 26 49 66 55 17 63 50 43 12 79 48
11 12 64 64 38 89 42 74 35 23 25 43
11 13 28 28 8 16 56 26 40 69 41 61
11 14 90 71 94 19 65 48 95 25 61 19
11 15 94 76 58 52 57 96 65 88 41 81
11 16 6 31 38 21 57 54 62 8 39 45
11 17 64 66 85 56 57 55 76 89 85 37
11 18 71 92 18 56 37 58 24 89 41 70
11 19 88 95 50 30 40 49 66 88 82 45
11 20 32 30 55 84 65 27 40 13 52 14
11 21 24 32 21 51 75 20 48 25 24 26
11 22 59 81 51 50 12 44 35 48 73 52
11 23 89 26 40 89 74 35 21 82 29 18
11 24 54 44 61 79 67 88 44 59 22 68
11 25 63 22 36 17 77 31 58 21 41 75
11 26 62 19 43 18 77 30 44 19 71 40
12 13 51 15 79 52 15 85 88 61 15 64
12 14 31 82 84 83 67 57 9 18 41 45
12 15 65 66 54 60 21 29 67 55 71 59
12 16 24 21 24 81 63 82 73 77 67 28
12 17 90 38 57 18 61 48 30 25 39 63
12 18 69 46 43 59 58 61 29 52 49 50
12 19 17 64 36 58 26 55 22 14 29 31
12 20 44 49 37 20 19 56 9 63 36 80
12 21 30 71 25 74 33 10 66 71 9 80
12 22 23 17 10 22 47 75 38 63 33 25
12 23 52 72 26 48 59 30 42 80 36 44
12 24 55 51 63 48 88 67 85 90 11 63
12 25 20 55 57 35 41 24 39 34 54 24
12 26 4 73 9 6 79 73 39 18 57 2
13 14 49 29 37 12 47 11 40 34 53 28
13 15 85 42 68 86 51 22 31 33 68 35
13 16 82 86 22 53 83 45 58 80 32 74
13 17 44 72 57 38 82 50 63 54 41 58
13 18 40 65 47 87 54 23 46 55 86 23
13 19 77 48 29 49 83 20 85 40 83 38
13 20 30 46 22 72 30 54 61 52 42 60
13 21 85 84 44 73 22 36 73 68 61 97
13 22 88 82 86 79 66 35 38 68 68 31
13 23 96 89 25 20 79 41 97 64 93 35
13 24 72 45 18 45 16 20 73 40 64 17
13 25 35 86 24 8 7 14 25 13 48 44
13 26 19 21 38 25 4 44 42 79 18 11
14 15 30 71 63 35 46 79 66 71 65 6
14 16 96 86 82 61 82 71 98 60 81 73
14 17 81 82 45 16 84 32 73 72 90 75
14 18 31 40 51 16 55 32 51 56 79 16
14 19 73 63 87 78 52 68 85 27 47 50
14 20 33 63 72 56 58 33 14 57 56 16
14 21 46 56 28 83 36 49 64 15 20 61
14 22 62 37 82 36 65 89 57 63 35 83
14 23 60 84 91 79 42 42 53 14 25 67
14 24 68 52 75 74 55 54 75 27 75 87
14 25 39 58 74 25 37 19 83 74 76 49
14 26 50 10 21 45 21 58 52 17 11 59
15 16 56 32 50 68 86 71 77 86 47 39
15 17 46 87 20 89 20 23 27 66 51 59
15 18 74 38 77 80 64 90 46 74 84 19
15 19 28 11 53 7 53 61 75 11 21 70
15 20 7 56 67 81 23 15 42 48 38 77
15 21 69 90 62 48 79 15 20 28 84 22
15 22 89 36 96 75 79 29 65 71 85 40
15 23 76 47 90 22 88 83 35 61 42 74
15 24 45 88 21 74 30 48 44 53 69 21
15 25 1 50 62 43 8 23 7 50 54 14
15 26 37 8 80 47 10 45 68 12 69 34
16 17 26 73 72 30 24 59 41 50 48 64
16 18 98 20 29 58 90 69 93 27 45 24
16 19 26 69 46 80 39 29 7 70 33 45
16 20 93 82 59 24 96 53 77 75 58 98
16 21 17 81 79 39 78 17 29 24 20 27
16 22 38 23 74 27 40 56 19 43 32 62
16 23 89 26 89 53 85 63 61 85 83 62
16 24 75 29 49 37 31 65 26 84 92 40
16 25 19 46 70 30 74 49 73 64 53 49
16 26 47 87 65 85 86 47 47 64 60 78
17 18 61 80 46 18 56 72 30 43 66 44
17 19 51 48 54 43 69 11 48 86 65 74
17 20 3 67 12 21 60 9 25 69 12 44
17 21 17 64 22 27 29 73 10 68 7 9
17 22 81 84 57 47 56 34 59 81 71 81
17 23 78 72 35 85 31 95 74 49 41 44
17 24 8 33 55 61 62 48 67 18 32 79
17 25 37 23 83 75 42 36 52 72 81 36
17 26 81 50 32 28 95 57 44 76 71 70
18 19 42 64 52 39 61 23 12 19 75 26
18 20 86 38 39 72 73 36 64 50 70 52
18 21 5 49 16 11 2 5 52 41 74 18
18 22 79 43 92 34 71 24 92 84 38 41
18 23 78 24 69 58 45 59 84 50 48 33
18 24 27 28 67 80 7 49 49 49 35 11
18 25 59 21 43 13 71 91 68 70 74 66
18 26 84 29 53 91 34 43 28 50 19 71
19 20 29 25 51 33 62 63 74 64 58 24
19 21 50 75 42 73 80 12 82 76 42 66
19 22 81 67 87 36 82 74 69 23 73 86
19 23 77 45 58 24 62 43 87 21 52 77
19 24 29 31 19 85 80 71 37 80 71 17
19 25 36 19 20 8 25 33 60 29 28 44
19 26 94 38 83 65 33 41 51 57 50 91
20 21 73 88 49 18 63 24 41 87 39 57
20 22 86 92 77 90 94 54 26 80 67 87
20 23 85 51 68 42 42 81 81 44 45 85
20 24 83 26 59 55 71 71 50 67 81 61
20 25 70 88 32 57 69 64 46 88 80 49
20 26 29 62 9 46 58 82 32 34 24 16
21 22 41 44 38 37 33 67 57 11 53 84
21 23 32 68 53 36 68 36 54 61 71 40
21 24 73 57 76 72 47 91 17 80 20 70
21 25 32 39 63 8 56 65 33 64 48 7
21 26 51 73 50 53 76 58 61 59 80 17
22 23 55 67 42 29 61 36 55 17 62 75
22 24 94 81 56 38 86 93 25 95 22 74
22 25 56 12 58 60 27 36 32 19 33 56
22 26 72 70 88 42 56 37 86 37 33 93
23 24 53 30 63 62 27 81 32 55 89 65
23 25 74 78 87 33 49 25 31 79 61 86
23 26 27 66 80 39 46 32 79 45 24 23
24 25 75 30 80 42 26 21 85 55 90 92
24 26 88 56 40 21 21 24 51 61 57 96
25 26 26 63 25 49 5 25 80 6 82 84
