38 10
0.2 0.2 0.2 0.2 0.2 0.0 0.0 0.0 0.0 0.0 
0 1 15 68 3 77 67 54 58 3 19 6
0 2 44 59 72 13 44 31 16 62 42 33
0 3 18 82 8 38 48 66 37 55 34 6
0 4 56 28 28 58 15 38 72 41 41 46
0 5 11 8 71 29 41 73 47 21 32 54
0 6 15 17 40 77 49 7 51 47 57 33
0 7 37 15 49 80 49 65 56 46 61 24
0 8 65 26 78 59 21 86 88 85 13 87
0 9 55 13 58 62 86 35 62 55 35 11
0 10 11 22 74 78 25 27 61 51 56 73
0 11 54 35 79 78 31 83 58 12 34 48
0 12 4 2 42 64 3 13 60 37 14 45
0 13 47 56 78 85 70 51 34 27 84 35
0 14 14 31 67 12 50 23 78 23 61 46
0 15 17 60 82 42 66 64 44 52 45 18
0 16 77 53 35 94 60 89 30 81 46 90
0 17 75 24 17 83 29 61 76 67 21 85
0 18 82 65 80 93 28 28 20 69 81 91
0 19 77 29 53 66 16 78 18 94 77 76
0 20 78 29 59 49 26 33 32 66 40 86
0 21 73 89 46 44 38 55 30 31 80 45
0 22 7 40 22 80 45 33 37 11 6 69
0 23 6 61 7 67 34 19 56 58 77 80
0 24 63 67 13 73 16 63 71 49 50 60
0 25 47 68 20 31 15 41 88 57 37 35
0 26 4 11 47 61 11 57 42 56 60 20
0 27 65 87 15 46 79 86 32 82 76 66
0 28 82 92 33 56 16 48 62 42 45 50
0 29 42 73 15 75 87 30 44 56 21 34
0 30 63 18 78 59 92 45 18 21 18 20
0 31 39 50 40 9 28 26 37 21 35 36
0 32 31 74 78 66 73 67 76 68 70 23
0 33 0 48 39 48 17 54 6 17 73 6
0 34 41 56 36 34 25 27 87 62 19 76
0 35 40 57 38 78 63 11 48 64 8 35
0 36 81 45 59 58 86 46 49 84 21 29
0 37 64 42 67 42 61 46 55 21 59 35
1 2 60 43 41 70 40 23 12 62 43 21
1 3 98 59 70 68 77 55 59 64 53 46
1 4 9 15 10 67 35 19 8 79 64 49
1 5 62 28 66 27 70 14 87 69 31 65
1 6 55 58 55 66 11 53 74 82 16 88
1 7 34 74 70 44 56 49 52 18 61 21
1 8 43 72 85 49 28 53 39 43 26 24
1 9 56 44 32 86 74 88 78 19 28 59
1 10 30 42 10 31 79 74 26 71 41 86
1 11 29 36 17 81 41 65 76 61 80 68
1 12 88 38 18 67 62 35 84 72 25 27
1 13 31 37 74 77 39 14 25 55 59 61
1 14 94 29 76 35 47 55 86 70 67 47
1 15 31 10 54 28 68 20 75 19 30 79
1 16 19 52 60 12 27 5 56 67 18 8
1 17 4 68 60 66 14 32 50 68 80 27
1 18 67 40 25 50 50 41 83 79 66 56
1 19 48 54 42 59 13 68 13 26 57 74
1 20 49 62 39 75 29 87 31 78 16 66
1 21 70 27 63 81 49 54 39 56 31 87
1 22 45 16 39 47 66 49 25 28 38 30
1 23 6 54 3 26 5 47 56 20 39 74
1 24 96 87 54 59 56 29 72 94 23 27
1 25 90 87 49 93 21 35 23 40 96 93
1 26 60 45 38 63 15 19 55 69 72 51
1 27 25 8 53 20 18 29 52 16 67 13
1 28 78 16 23 92 63 23 83 50 74 50
1 29 10 70 48 70 26 44 39 35 3 18
1 30 21 45 18 55 53 15 10 41 63 45
1 31 34 34 68 23 45 9 16 72 86 44
1 32 76 86 16 87 17 16 80 43 89 79
1 33 55 57 38 17 79 37 74 72 14 85
1 34 93 53 54 50 90 56 34 81 55 95
1 35 4 11 78 27 56 15 33 56 73 29
1 36 22 57 30 46 45 60 37 72 23 80
1 37 0 34 14 25 56 34 56 39 57 69
2 3 35 13 83 61 24 71 11 72 73 82
2 4 65 50 52 17 59 92 25 82 19 85
2 5 45 21 17 45 45 34 33 48 19 53
2 6 77 37 75 27 80 94 95 61 52 49
2 7 49 85 81 26 70 62 46 52 67 71
2 8 68 56 65 15 59 47 74 61 22 16
2 9 58 61 26 84 59 89 13 83 48 29
2 10 52 27 38 76 69 49 50 24 77 79
2 11 38 48 10 42 23 70 77 17 12 50
2 12 40 67 76 66 63 32 68 42 28 10
2 13 20 37 9 29 56 26 70 78 62 23
2 14 81 82 91 25 17 61 38 53 84 32
2 15 31 12 20 26 68 81 77 75 25 17
2 16 54 90 81 71 23 82 29 46 22 83
2 17 23 74 34 14 64 78 11 52 62 43
2 18 28 55 69 52 41 33 50 19 75 85
2 19 72 43 89 43 31 26 54 20 30 64
2 20 31 41 20 50 65 64 22 75 6 63
2 21 5 47 40 9 31 61 13 65 76 23
2 22 17 55 11 73 45 30 75 18 72 57
2 23 59 22 32 66 82 13 35 31 55 19
2 24 59 30 88 78 15 38 12 90 18 70
2 25 94 87 72 66 51 68 93 79 35 40
2 26 15 76 43 10 80 28 18 47 76 71
2 27 66 92 69 76 27 21 66 16 75 78
2 28 52 61 47 35 67 67 85 54 59 64
2 29 14 63 15 23 17 57 65 21 37 10
2 30 32 45 6 69 19 44 84 25 33 32
2 31 93 74 48 73 73 68 25 66 54 52
2 32 21 6 13 81 14 70 36 63 80 78
2 33 69 68 93 52 23 42 68 88 20 31
2 34 13 75 66 61 62 62 40 71 31 44
2 35 47 42 26 82 42 42 80 71 59 50
2 36 32 30 63 51 28 48 82 19 33 27
2 37 76 50 60 30 36 45 62 90 25 49
3 4 88 80 69 30 62 50 27 85 85 45
3 5 36 53 68 10 32 16 69 50 82 41
3 6 84 62 66 81 34 77 30 55 53 49
3 7 50 83 60 16 84 16 72 43 78 58
3 8 65 73 33 23 70 88 39 34 88 34
3 9 20 36 14 22 30 6 7 42 45 77
3 10 55 77 40 47 75 74 44 41 52 81
3 11 94 59 93 40 58 54 56 79 58 35
3 12 74 77 47 29 16 70 30 83 31 92
3 13 49 32 30 64 10 70 45 44 81 47
3 14 20 14 21 31 10 7 27 54 46 59
3 15 7 71 54 49 29 54 32 37 12 35
3 16 0 42 36 20 20 36 65 65 34 57
3 17 59 34 59 56 71 81 85 80 45 62
3 18 49 82 72 33 76 77 56 28 22 57
3 19 97 57 72 28 32 51 42 89 76 76
3 20 62 91 89 19 60 26 33 69 78 14
3 21 66 88 90 83 41 19 85 80 27 90
3 22 10 25 58 45 45 48 26 78 39 42
3 23 73 47 47 66 59 28 56 73 57 89
3 24 90 82 38 48 68 34 56 76 68 21
3 25 13 77 17 61 70 24 24 35 58 12
3 26 79 58 26 74 26 29 21 34 90 50
3 27 97 32 87 45 85 62 37 40 49 43
3 28 45 54 87 63 21 86 40 28 17 88
3 29 68 82 26 65 62 82 53 83 53 72
3 30 50 78 39 29 27 34 10 61 65 51
3 31 52 74 65 39 21 14 18 87 74 80
3 32 37 50 9 28 15 16 33 65 11 83
3 33 3 33 1 30 32 11 50 42 44 21
3 34 30 58 16 21 57 37 68 60 7 16
3 35 85 81 78 86 91 29 52 30 44 25
3 36 48 62 16 77 64 71 69 78 76 16
3 37 25 18 13 65 6 12 57 48 56 73
4 5 49 36 32 56 12 79 47 67 10 29
4 6 45 35 87 78 76 48 70 19 17 19
4 7 94 80 70 23 83 21 71 39 61 72
4 8 9 26 32 24 61 19 35 72 56 71
4 9 9 17 46 36 20 71 52 31 75 74
4 10 81 57 92 74 53 54 93 72 50 59
4 11 75 45 25 58 19 62 84 25 24 77
4 12 42 64 80 28 37 69 31 24 54 48
4 13 14 5 14 50 74 58 28 12 50 29
4 14 39 87 20 60 34 33 72 36 51 53
4 15 55 54 47 37 40 87 88 75 88 43
4 16 18 17 71 81 34 6 20 61 12 79
4 17 62 69 83 84 61 67 15 49 35 35
4 18 38 65 86 8 70 35 32 11 38 18
4 19 60 70 16 80 85 64 31 80 86 84
4 20 28 68 76 48 80 7 82 44 32 20
4 21 29 76 25 66 50 83 19 65 47 33
4 22 70 29 89 50 36 42 82 21 55 21
4 23 23 52 39 61 49 46 51 41 36 8
4 24 11 54 46 4 29 42 51 55 55 74
4 25 94 48 90 45 49 40 85 76 83 57
4 26 51 51 15 20 25 32 51 22 27 35
4 27 42 11 29 32 75 62 28 78 9 79
4 28 20 78 46 60 80 79 59 36 15 17
4 29 61 78 59 54 59 16 43 18 75 41
4 30 33 36 83 29 83 10 76 56 68 16
4 31 45 80 27 84 84 53 80 33 22 66
4 32 80 79 77 52 57 49 52 33 67 43
4 33 68 22 28 75 30 55 52 77 75 86
4 34 31 63 75 37 84 11 38 48 7 25
4 35 98 89 69 61 39 29 23 28 76 84
4 36 72 59 75 16 66 63 90 31 81 54
4 37 50 74 58 88 86 60 54 24 48 24
5 6 63 75 55 65 69 52 72 51 49 24
5 7 5 44 41 8 76 65 61 36 3 13
5 8 60 25 70 32 89 54 77 23 29 83
5 9 22 18 57 72 65 43 34 79 25 59
5 10 97 21 35 83 38 50 44 97 46 22
5 11 77 32 88 22 27 85 43 54 41 92
5 12 67 50 34 90 26 32 54 47 92 27
5 13 69 92 84 46 78 37 62 78 55 52
5 14 44 37 36 44 54 67 17 18 85 66
5 15 70 15 47 81 42 87 47 30 89 44
5 16 35 60 80 8 61 22 23 16 29 62
5 17 20 48 65 68 60 42 10 44 80 68
5 18 49 68 37 34 18 49 49 38 81 75
5 19 91 63 82 57 34 87 75 31 36 21
5 20 63 81 79 16 22 71 28 73 53 29
5 21 63 73 62 28 72 78 84 47 85 38
5 22 76 56 55 82 48 55 41 66 67 67
5 23 23 25 49 42 16 48 70 47 72 67
5 24 23 55 69 56 32 50 10 47 4 75
5 25 24 18 49 46 38 80 5 84 29 24
5 26 30 40 65 33 74 83 68 39 50 84
5 27 31 18 32 7 81 8 73 25 33 28
5 28 89 26 87 90 47 71 48 21 45 75
5 29 64 85 87 36 78 89 27 87 17 63
5 30 76 62 82 53 19 49 16 61 74 16
5 31 87 86 72 19 89 75 80 48 34 85
5 32 15 44 7 79 19 15 54 53 28 43
5 33 60 18 69 13 55 65 79 19 83 88
5 34 81 69 17 36 82 22 75 76 28 75
5 35 36 46 78 70 18 64 54 9 80 39
5 36 5 39 5 35 39 53 49 62 37 21
5 37 68 87 77 92 82 56 19 15 46 17
6 7 57 81 49 43 17 85 12 43 35 53
6 8 93 92 93 46 40 71 55 54 95 52
6 9 51 67 59 43 30 76 70 34 68 84
6 10 28 59 9 63 30 48 80 6 53 28
6 11 60 12 69 86 50 15 76 42 68 78
6 12 41 47 25 30 54 85 57 25 38 62
6 13 6 67 39 22 60 3 29 48 19 49
6 14 10 75 9 76 63 23 48 63 68 17
6 15 92 39 75 92 37 86 38 35 87 74
6 16 12 22 40 50 10 26 10 77 38 22
6 17 71 90 17 41 91 50 61 21 66 93
6 18 88 91 32 96 69 51 89 85 67 37
6 19 72 77 68 58 75 78 42 69 73 33
6 20 0 64 44 60 62 75 59 66 49 56
6 21 38 15 66 14 74 12 60 15 35 86
6 22 10 71 8 6 21 77 21 12 30 54
6 23 12 17 13 49 26 14 19 37 30 61
6 24 77 79 25 36 79 68 91 34 33 52
6 25 7 19 30 51 70 13 28 72 30 22
6 26 74 45 40 19 56 69 34 28 35 76
6 27 88 53 85 53 74 71 63 63 50 54
6 28 8 20 25 68 28 75 39 80 43 72
6 29 50 44 78 76 69 55 87 46 15 47
6 30 92 68 70 53 20 84 30 92 64 50
6 31 0 42 33 17 24 54 26 68 36 29
6 32 34 29 73 29 20 72 71 84 63 34
6 33 68 82 85 87 61 74 41 89 58 24
6 34 62 65 29 73 25 33 77 80 27 73
6 35 12 61 24 38 39 57 76 47 16 67
6 36 17 66 14 25 78 35 51 78 17 6
6 37 0 34 61 21 35 69 51 26 47 55
7 8 61 34 85 53 32 37 79 29 78 31
7 9 31 71 63 25 79 34 60 19 24 54
7 10 25 10 54 15 69 60 16 75 25 56
7 11 27 45 17 33 24 17 49 69 15 64
7 12 54 85 86 90 64 38 20 26 30 25
7 13 88 76 67 54 69 17 73 82 83 45
7 14 30 77 40 28 10 16 12 85 26 66
7 15 33 60 22 43 47 29 44 51 50 42
7 16 85 58 61 91 68 30 30 62 60 61
7 17 31 80 54 73 68 46 71 18 18 50
7 18 78 73 82 93 60 29 69 53 25 86
7 19 8 19 48 15 23 58 47 2 3 62
7 20 74 77 72 92 15 73 23 68 60 33
7 21 0 75 61 69 63 64 23 66 50 9
7 22 77 36 42 64 60 48 41 76 83 34
7 23 19 36 34 69 26 63 71 71 59 38
7 24 3 60 68 25 66 10 29 55 35 11
7 25 4 15 15 63 49 30 80 7 41 16
7 26 22 17 64 9 42 11 45 28 80 38
7 27 22 40 33 12 56 12 46 67 69 8
7 28 48 85 35 72 29 67 21 20 75 49
7 29 76 88 15 83 91 59 22 27 54 27
7 30 76 48 85 32 57 43 94 90 71 44
7 31 95 34 40 30 36 90 79 41 33 47
7 32 12 63 59 9 40 39 35 5 34 4
7 33 35 19 40 48 84 10 79 77 76 48
7 34 5 30 17 6 15 6 58 52 3 16
7 35 55 62 25 82 38 25 73 75 72 28
7 36 4 65 51 67 16 41 33 20 44 58
7 37 47 12 61 51 42 11 74 63 84 41
8 9 40 80 38 82 21 62 64 49 24 24
8 10 49 43 67 47 61 41 36 37 69 74
8 11 25 66 42 8 25 69 84 54 74 25
8 12 54 67 82 90 29 34 79 78 67 60
8 13 50 20 58 33 45 67 21 51 70 67
8 14 60 15 34 66 13 20 40 90 58 19
8 15 60 91 67 83 46 60 88 32 13 41
8 16 10 39 29 8 72 79 17 19 37 60
8 17 52 80 88 60 27 28 38 14 89 52
8 18 23 43 68 79 56 60 24 64 15 63
8 19 16 70 20 28 51 13 65 32 57 19
8 20 51 73 11 22 63 75 73 69 13 76
8 21 41 87 11 11 58 52 79 31 60 63
8 22 77 23 80 24 82 79 50 43 63 62
8 23 37 65 10 80 85 80 11 41 57 50
8 24 34 78 68 55 53 74 77 79 74 44
8 25 2 33 26 58 55 38 42 49 7 32
8 26 68 30 28 47 29 34 18 87 19 46
8 27 36 11 17 74 10 43 39 75 47 76
8 28 43 25 61 32 41 53 23 39 41 77
8 29 15 52 51 68 82 81 45 30 80 58
8 30 13 68 53 69 55 69 82 54 3 7
8 31 87 37 39 74 79 36 77 80 86 74
8 32 23 33 54 17 65 55 23 9 27 13
8 33 18 49 6 49 60 58 47 38 76 71
8 34 36 61 35 72 38 21 57 53 25 43
8 35 5 79 43 40 38 17 33 37 8 22
8 36 99 39 66 70 88 55 25 90 75 71
8 37 59 57 26 23 45 78 72 57 51 35
9 10 30 37 28 17 31 85 74 77 27 22
9 11 19 48 7 72 73 82 44 57 42 49
9 12 20 54 60 45 78 31 72 22 64 32
9 13 56 51 48 45 69 18 66 18 90 27
9 14 18 38 47 47 27 11 50 15 12 77
9 15 19 44 14 20 82 29 74 16 39 29
9 16 74 16 78 66 21 54 65 83 18 20
9 17 49 32 74 85 68 81 79 18 38 72
9 18 57 26 33 81 45 61 44 69 15 14
9 19 18 79 6 70 80 18 22 47 10 8
9 20 98 37 65 38 28 68 83 84 48 50
9 21 99 67 85 58 27 88 25 69 99 35
9 22 57 52 70 45 59 36 67 76 59 48
9 23 94 97 92 38 22 57 55 37 47 58
9 24 39 30 14 60 12 16 65 85 16 22
9 25 84 51 63 83 60 92 71 77 52 74
9 26 56 13 60 39 30 14 14 40 21 70
9 27 45 31 76 23 12 25 37 37 46 10
9 28 22 45 57 72 14 48 80 17 29 79
9 29 59 76 81 51 74 80 39 74 61 46
9 30 84 79 77 82 29 82 32 49 87 24
9 31 78 91 48 71 80 65 74 43 57 57
9 32 21 46 43 8 62 55 26 38 40 31
9 33 83 95 27 80 23 88 22 19 66 81
9 34 44 60 60 22 75 17 73 86 30 36
9 35 49 12 46 70 29 25 41 66 12 74
9 36 38 31 78 84 76 44 82 86 32 74
9 37 38 30 63 72 23 9 85 22 27 48
10 11 22 60 61 68 62 50 30 66 11 6
10 12 64 74 54 39 76 39 55 51 46 13
10 13 53 13 15 54 26 26 27 54 32 30
10 14 14 57 10 51 10 35 6 13 75 70
10 15 22 19 52 55 60 8 79 55 80 20
10 16 75 93 42 20 35 52 19 22 91 54
10 17 23 15 57 35 83 56 80 23 50 72
10 18 21 58 47 4 84 8 50 74 19 64
10 19 19 69 80 56 29 9 71 27 11 5
10 20 68 18 27 88 67 22 80 73 53 34
10 21 45 87 66 47 73 69 70 30 82 88
10 22 25 64 72 39 58 36 20 14 42 82
10 23 90 89 82 34 40 35 86 22 61 93
10 24 27 46 37 50 66 61 48 35 46 40
10 25 8 64 24 39 41 57 59 78 80 39
10 26 93 67 80 88 26 73 92 38 26 80
10 27 14 14 69 54 45 38 34 56 13 32
10 28 52 49 66 38 64 24 60 74 46 54
10 29 65 39 90 90 49 90 60 68 85 37
10 30 70 74 73 21 76 87 31 14 29 43
10 31 89 20 97 48 48 33 87 52 84 21
10 32 75 22 51 65 28 30 85 89 64 22
10 33 59 86 85 36 23 86 84 69 67 25
10 34 45 69 32 35 15 39 55 28 60 19
10 35 24 13 62 60 44 72 54 37 67 18
10 36 83 48 19 78 26 78 53 45 90 79
10 37 72 40 32 32 18 48 16 85 40 77
11 12 79 71 70 85 81 77 44 77 94 65
11 13 66 38 30 62 67 72 68 66 23 71
11 14 40 49 73 62 48 36 86 73 12 47
11 15 21 67 54 41 72 28 35 36 62 23
11 16 61 85 84 44 29 68 63 59 12 50
11 17 57 16 91 82 60 79 17 74 52 89
11 18 48 50 28 24 61 16 42 58 76 86
11 19 85 51 45 89 28 48 69 29 84 90
11 20 37 29 21 11 77 40 30 15 47 16
11 21 86 32 64 47 51 91 69 74 24 41
11 22 68 14 35 77 38 51 72 22 24 22
11 23 59 80 17 27 72 63 55 16 73 73
11 24 79 50 89 72 50 42 85 30 53 87
11 25 33 55 50 17 35 57 49 85 77 59
11 26 40 66 73 86 64 84 33 31 54 19
11 27 14 3 75 28 4 56 64 13 70 32
11 28 94 47 81 96 85 30 69 44 80 57
11 29 33 53 71 17 46 59 60 24 56 53
11 30 23 55 54 72 53 43 22 27 45 83
11 31 37 62 64 61 85 40 13 32 35 66
11 32 92 29 74 45 37 96 87 93 37 27
11 33 49 65 23 79 50 88 88 40 69 39
11 34 32 22 25 30 75 86 30 81 54 13
11 35 23 10 70 57 73 60 49 67 6 76
11 36 35 75 52 11 55 41 34 12 10 80
11 37 79 30 71 31 63 90 92 84 31 62
12 13 64 62 54 55 49 29 21 29 38 75
12 14 32 51 25 19 35 44 8 74 42 15
12 15 0 9 28 17 60 31 50 47 28 44
12 16 52 34 88 76 53 86 80 26 28 14
12 17 40 14 76 32 25 52 55 44 70 31
12 18 19 37 29 30 54 48 32 44 63 32
12 19 37 9 33 43 84 82 12 27 18 59
12 20 69 46 89 30 68 52 70 78 56 55
12 21 48 77 50 78 71 11 44 49 27 29
12 22 45 71 69 40 12 84 18 75 26 16
12 23 9 52 65 70 56 45 70 24 24 24
12 24 55 78 38 11 73 58 77 25 71 33
12 25 11 70 53 47 68 49 46 11 9 20
12 26 78 60 50 19 36 88 76 80 76 21
12 27 24 61 13 82 41 15 66 73 19 60
12 28 39 15 11 66 50 24 39 34 44 69
12 29 61 40 30 86 66 82 17 30 26 74
12 30 17 22 8 46 29 40 73 51 22 4
12 31 79 37 50 67 73 78 59 76 40 93
12 32 59 54 31 78 14 81 91 67 62 84
12 33 95 29 66 61 30 97 61 87 62 44
12 34 77 33 39 29 51 76 90 29 19 37
12 35 60 15 86 58 78 56 51 28 91 45
12 36 79 51 50 57 71 68 34 25 40 66
12 37 96 78 42 85 58 65 76 47 37 91
13 14 34 17 26 54 31 7 25 52 14 57
13 15 82 93 90 72 61 72 45 29 33 62
13 16 84 28 96 48 91 87 22 54 67 66
13 17 39 55 29 82 31 45 36 58 62 34
13 18 49 35 71 22 51 10 36 31 88 49
13 19 8 59 77 62 75 70 26 20 14 54
13 20 26 55 42 76 74 26 12 37 15 26
13 21 91 43 95 27 74 51 86 97 57 86
13 22 56 69 53 16 60 44 72 54 17 87
13 23 27 59 82 61 84 64 84 51 78 81
13 24 7 21 55 35 48 51 31 59 57 45
13 25 30 67 53 68 24 76 65 8 76 80
13 26 18 9 33 7 76 36 68 25 76 82
13 27 15 57 5 55 65 9 33 33 33 66
13 28 94 94 55 27 94 39 89 50 95 98
13 29 80 58 56 29 16 81 90 37 91 86
13 30 40 32 18 83 14 48 23 83 22 84
13 31 89 24 88 45 84 50 81 90 89 43
13 32 73 48 29 69 52 26 90 86 81 83
13 33 88 94 81 51 18 72 30 37 25 89
13 34 30 15 58 10 49 22 63 17 58 18
13 35 72 29 77 43 25 69 70 43 54 66
13 36 10 8 75 58 9 73 60 46 19 76
13 37 63 90 27 80 22 18 84 17 80 16
14 15 25 19 25 46 17 45 36 64 76 8
14 16 69 29 29 37 89 26 68 70 60 70
14 17 77 55 85 93 37 53 38 17 65 71
14 18 75 34 53 50 66 16 57 25 18 22
14 19 13 20 72 9 3 40 9 79 28 57
14 20 80 29 22 17 80 35 16 95 29 55
14 21 36 44 32 17 40 51 11 55 45 22
14 22 60 32 12 50 78 90 54 22 40 62
14 23 58 65 37 15 88 31 73 52 53 80
14 24 0 23 6 4 0 48 9 16 25 54
14 25 91 46 68 39 78 26 78 83 26 43
14 26 38 69 61 72 78 17 12 31 17 16
14 27 2 29 79 9 29 11 2 33 32 33
14 28 12 47 57 28 30 43 37 28 13 14
14 29 32 34 43 11 78 76 38 49 30 28
14 30 17 65 62 81 19 83 43 19 23 80
14 31 76 55 31 76 66 24 51 44 80 64
14 32 47 12 14 84 88 62 55 85 72 57
14 33 24 50 39 37 24 31 32 72 75 18
14 34 22 46 64 65 78 64 57 51 45 66
14 35 41 32 20 22 67 88 23 55 45 76
14 36 46 17 38 14 30 83 61 65 29 77
14 37 88 61 86 39 21 47 97 41 28 25
15 16 18 71 43 77 41 22 34 8 10 20
15 17 71 49 59 37 51 55 40 31 53 63
15 18 42 71 65 45 11 12 24 24 69 88
15 19 4 35 15 37 76 72 20 13 6 62
15 20 13 60 79 25 68 52 43 11 17 35
15 21 85 67 47 60 46 38 60 67 24 35
15 22 33 26 23 69 22 71 49 45 46 78
15 23 95 88 22 47 22 38 76 20 61 81
15 24 40 79 14 79 25 76 77 43 18 31
15 25 92 37 46 94 21 29 73 70 83 64
15 26 50 12 46 48 17 55 77 19 39 48
15 27 51 90 55 49 80 73 55 16 35 65
15 28 57 57 28 78 12 49 33 50 84 78
15 29 25 32 44 40 76 61 42 57 58 27
15 30 67 68 60 69 34 75 72 71 25 36
15 31 57 88 17 79 82 65 23 74 25 84
15 32 83 54 57 54 90 71 69 64 93 56
15 33 8 39 50 5 34 48 25 39 39 7
15 34 52 25 77 12 40 54 88 38 38 38
15 35 9 7 32 54 44 6 77 20 80 12
15 36 86 81 95 59 20 69 75 53 88 55
15 37 8 58 55 31 37 55 38 24 42 37
16 17 28 64 40 39 71 22 46 50 32 36
16 18 20 25 58 68 68 75 80 51 10 70
16 19 6 65 22 66 16 40 48 29 76 28
16 20 69 91 47 46 39 73 57 79 23 69
16 21 34 61 76 11 36 10 65 25 67 40
16 22 87 64 89 82 58 85 28 88 71 96
16 23 38 77 41 22 54 44 48 27 73 46
16 24 6 24 51 26 32 55 44 3 36 41
16 25 81 63 82 85 32 95 73 54 58 78
16 26 10 31 17 25 13 12 56 78 12 81
16 27 91 72 45 30 98 79 23 90 81 89
16 28 13 30 17 80 5 16 66 53 70 50
16 29 4 2 16 19 48 64 50 30 45 42
16 30 66 82 84 80 87 58 36 53 20 74
16 31 25 19 5 58 5 37 49 75 11 40
16 32 88 38 57 49 22 22 46 55 22 39
16 33 13 79 79 27 23 75 46 39 74 29
16 34 80 41 44 78 87 45 32 49 52 43
16 35 77 34 65 69 26 68 17 37 74 63
16 36 80 82 50 65 63 76 59 16 39 57
16 37 75 48 38 65 84 16 34 32 94 22
17 18 29 50 64 7 10 42 51 49 80 64
17 19 73 47 88 32 65 44 21 62 83 78
17 20 19 5 36 14 31 25 30 82 33 20
17 21 67 48 54 60 77 28 50 59 50 50
17 22 33 19 32 54 47 85 51 16 83 54
17 23 13 46 63 16 62 5 40 52 77 44
17 24 18 24 7 45 18 28 38 6 52 64
17 25 88 48 63 70 63 83 43 30 24 34
17 26 48 27 79 72 27 79 22 37 31 17
17 27 87 96 19 76 92 92 25 57 78 66
17 28 18 42 55 34 51 34 21 3 80 21
17 29 53 85 77 42 62 36 87 27 86 48
17 30 49 20 30 21 66 83 56 82 20 19
17 31 41 28 60 34 38 41 18 46 53 54
17 32 63 21 24 74 31 13 25 20 55 20
17 33 94 60 29 89 68 54 80 66 81 81
17 34 8 8 80 8 80 80 75 75 36 13
17 35 90 33 46 92 51 32 78 80 69 41
17 36 5 28 7 23 45 28 60 58 59 26
17 37 93 90 77 23 94 54 50 83 59 31
18 19 70 43 82 46 43 82 31 37 17 53
18 20 93 65 96 66 34 45 21 81 96 53
18 21 8 11 49 30 60 27 46 67 5 56
18 22 45 25 86 48 67 81 47 62 73 44
18 23 22 56 70 22 68 57 7 67 79 73
18 24 37 74 43 24 24 52 31 47 9 69
18 25 24 84 43 65 69 17 76 46 32 66
18 26 75 25 57 61 60 75 41 28 31 72
18 27 18 9 65 46 67 58 49 8 13 36
18 28 82 44 89 20 78 59 29 90 89 32
18 29 42 88 40 28 54 44 52 22 45 61
18 30 56 83 18 14 90 56 57 74 35 69
18 31 47 77 40 83 58 55 30 63 17 50
18 32 45 19 64 79 83 21 74 49 80 51
18 33 64 91 29 83 74 82 52 40 89 67
18 34 88 79 41 63 41 48 80 74 91 52
18 35 78 28 16 56 67 75 22 47 95 34
18 36 40 29 38 11 63 69 26 40 10 44
18 37 21 45 10 31 33 27 15 33 27 54
19 20 10 41 34 17 18 32 11 13 52 9
19 21 29 51 71 82 38 53 63 28 48 74
19 22 43 37 58 44 26 27 75 28 88 37
19 23 89 33 20 96 50 44 76 64 64 47
19 24 13 67 47 43 15 81 79 19 59 82
19 25 79 56 27 58 29 59 41 77 16 58
19 26 61 48 33 54 53 79 41 50 43 33
19 27 8 70 37 43 37 22 67 31 23 52
19 28 48 19 35 75 31 86 11 24 57 56
19 29 84 48 57 69 59 34 67 53 66 53
19 30 62 14 33 26 53 86 24 68 79 67
19 31 95 64 84 75 25 25 48 93 94 39
19 32 0 53 80 18 36 66 33 16 16 43
19 33 32 75 77 24 13 62 64 72 54 13
19 34 59 50 61 60 88 86 46 22 32 86
19 35 11 53 9 70 43 48 22 78 34 4
19 36 4 10 42 65 32 21 32 54 74 23
19 37 31 59 7 29 68 47 73 57 50 38
20 21 86 69 74 42 46 22 77 55 95 73
20 22 83 55 19 93 68 40 21 88 47 33
20 23 0 8 52 73 51 47 15 69 61 24
20 24 73 39 45 18 73 40 59 88 44 21
20 25 59 27 46 36 79 64 26 33 61 25
20 26 27 77 56 68 9 55 63 32 13 21
20 27 67 73 41 52 16 34 75 38 15 23
20 28 4 16 76 79 30 71 23 56 29 58
20 29 2 12 41 33 23 68 33 71 71 23
20 30 99 68 98 89 62 25 61 69 46 88
20 31 74 21 52 42 36 81 52 59 26 32
20 32 3 63 54 49 34 38 29 69 41 41
20 33 87 61 53 46 18 95 57 53 62 61
20 34 71 27 24 83 27 47 79 22 36 37
20 35 63 36 70 67 40 42 44 49 18 24
20 36 29 64 29 78 55 40 81 49 65 12
20 37 4 27 31 57 19 55 18 12 21 73
21 22 67 56 83 87 36 40 68 29 38 57
21 23 70 39 91 60 91 72 66 87 43 92
21 24 10 54 22 65 26 51 15 8 8 6
21 25 49 71 31 30 88 53 15 58 80 14
21 26 85 91 25 57 68 72 70 28 79 25
21 27 84 35 74 48 28 33 22 38 29 19
21 28 30 77 63 14 29 75 53 75 74 32
21 29 39 61 29 12 52 83 82 14 72 33
21 30 77 83 31 87 55 74 91 29 87 86
21 31 70 67 54 84 84 86 59 21 85 72
21 32 11 80 41 4 11 21 25 6 22 73
21 33 33 52 85 60 85 27 56 62 54 77
21 34 89 77 80 94 19 79 87 21 72 48
21 35 14 56 19 74 26 51 78 69 75 33
21 36 25 70 57 52 56 29 16 79 51 50
21 37 12 47 42 18 29 31 16 34 37 68
22 23 33 38 62 34 56 19 69 26 26 26
22 24 18 7 59 31 83 35 13 9 63 11
22 25 75 45 70 17 25 71 29 49 29 70
22 26 25 78 58 67 41 82 12 39 58 52
22 27 22 69 6 9 29 13 75 68 12 77
22 28 95 23 66 26 97 46 44 28 98 24
22 29 7 25 35 28 58 79 43 36 23 10
22 30 78 18 92 50 67 84 63 78 66 41
22 31 1 21 56 31 21 55 22 34 43 12
22 32 76 87 92 31 57 64 20 90 23 57
22 33 33 18 51 12 74 75 18 38 63 16
22 34 90 34 86 79 70 57 84 55 58 67
22 35 28 38 57 65 47 17 78 61 18 26
22 36 29 78 24 54 11 14 66 35 6 44
22 37 46 87 87 55 20 40 44 47 86 75
23 24 51 14 30 10 87 86 67 13 51 80
23 25 38 71 21 7 41 38 64 76 42 18
23 26 89 85 56 92 87 31 46 54 28 21
23 27 41 81 80 37 87 23 60 64 76 87
23 28 64 88 84 68 56 25 32 20 72 70
23 29 99 25 90 48 50 31 34 63 91 47
23 30 67 69 40 55 57 45 74 38 53 70
23 31 17 27 83 80 5 58 27 16 41 11
23 32 20 30 53 70 44 49 10 10 6 18
23 33 2 26 44 36 19 55 25 67 52 23
23 34 91 54 18 18 84 30 20 31 84 40
23 35 42 24 58 82 18 30 45 38 87 53
23 36 80 57 51 58 43 63 61 41 70 87
23 37 27 83 54 74 39 70 65 57 67 48
24 25 33 77 33 21 79 47 35 68 34 17
24 26 76 71 93 21 92 76 26 24 72 90
24 27 12 8 46 34 47 33 53 52 77 21
24 28 12 5 47 72 7 65 55 67 35 15
24 29 84 49 28 17 50 62 95 80 42 42
24 30 25 67 10 8 59 36 82 53 13 84
24 31 75 88 75 60 71 67 85 41 44 75
24 32 74 30 79 56 32 34 78 40 21 79
24 33 92 62 44 84 40 95 32 81 63 31
24 34 94 79 66 27 35 86 80 46 34 76
24 35 28 32 69 16 21 56 14 14 50 46
24 36 66 79 80 77 92 46 73 23 37 70
24 37 55 40 76 81 62 63 73 13 33 72
25 26 42 18 69 33 86 50 61 74 46 11
25 27 46 16 38 70 37 35 33 71 49 63
25 28 31 51 41 15 70 27 35 59 17 68
25 29 93 36 26 89 95 51 62 74 57 50
25 30 78 56 94 28 68 55 42 73 88 70
25 31 19 49 21 33 71 13 46 80 36 4
25 32 48 64 31 29 37 39 28 16 53 55
25 33 3 22 15 39 7 9 67 33 9 13
25 34 66 53 19 34 36 82 77 54 48 36
25 35 67 77 60 84 72 62 62 59 42 78
25 36 94 66 86 52 51 48 96 50 27 51
25 37 14 12 38 74 48 4 42 4 12 76
26 27 48 53 28 34 32 40 37 63 36 68
26 28 58 72 42 76 59 15 16 47 65 91
26 29 9 48 48 20 36 7 59 37 63 17
26 30 72 93 87 35 73 58 18 29 20 22
26 31 37 21 81 69 51 24 80 75 56 10
26 32 18 73 23 5 8 53 51 56 56 82
26 33 28 42 55 35 30 66 19 46 48 9
26 34 20 72 34 81 57 84 21 28 75 17
26 35 74 49 15 87 84 81 58 40 73 36
26 36 3 70 76 63 12 15 44 61 29 33
26 37 29 43 17 53 72 59 74 11 79 33
27 28 14 16 33 46 37 46 16 56 7 76
27 29 95 79 69 67 97 47 67 95 75 56
27 30 18 26 39 61 71 81 54 45 57 12
27 31 47 82 68 86 9 52 27 68 49 39
27 32 47 72 81 29 33 53 37 49 80 48
27 33 15 28 39 38 72 47 19 65 36 22
27 34 1 26 0 57 11 41 54 35 46 68
27 35 70 20 25 62 36 81 38 66 72 91
27 36 46 43 67 27 52 73 32 73 46 67
27 37 33 13 65 66 16 76 64 13 11 27
28 29 46 56 55 33 15 82 17 44 16 36
28 30 58 62 83 82 77 88 56 39 32 74
28 31 25 46 46 62 19 25 78 54 30 82
28 32 97 35 31 51 96 95 96 80 86 77
28 33 81 28 94 21 83 51 47 47 41 44
28 34 37 8 61 84 9 37 30 51 56 71
28 35 39 81 84 40 42 45 85 30 36 41
28 36 18 13 16 15 8 60 31 31 18 44
28 37 74 31 92 24 85 84 45 81 26 39
29 30 50 38 41 25 33 14 10 49 36 72
29 31 71 30 63 72 74 84 81 47 25 46
29 32 26 27 19 66 36 36 21 29 76 64
29 33 69 80 77 15 90 76 91 75 37 28
29 34 8 20 80 75 35 64 54 29 6 12
29 35 66 69 26 92 34 60 33 78 39 78
29 36 71 43 33 77 40 71 59 34 28 40
29 37 83 27 73 72 56 25 39 93 50 44
30 31 97 90 96 43 49 69 24 47 20 49
30 32 1 0 47 22 46 16 63 30 25 55
30 33 76 70 92 31 50 24 78 69 35 22
30 34 61 69 68 26 13 82 21 81 55 36
30 35 32 84 27 62 83 71 25 52 7 61
30 36 60 67 33 72 14 44 15 40 83 68
30 37 62 39 33 19 28 83 37 66 37 62
31 32 58 18 82 48 81 87 71 71 47 73
31 33 72 41 91 70 73 23 40 76 94 63
31 34 5 37 49 17 53 39 57 33 76 28
31 35 15 39 39 48 66 5 50 79 50 71
31 36 88 73 30 93 86 88 95 53 66 57
31 37 86 62 94 25 39 70 92 78 24 85
32 33 68 73 51 29 41 25 80 36 22 65
32 34 62 41 65 48 13 60 28 45 39 25
32 35 48 30 58 48 75 66 32 41 12 69
32 36 78 38 55 65 51 23 57 45 93 66
32 37 61 49 13 27 15 31 65 86 86 29
33 34 3 36 71 62 55 58 36 69 60 71
33 35 66 65 76 55 91 65 90 78 56 40
33 36 12 9 10 38 38 73 32 49 63 61
33 37 95 74 71 35 55 29 91 48 30 78
34 35 25 47 38 83 74 50 63 21 54 57
34 36 17 4 61 10 50 79 12 71 58 12
34 37 70 42 92 23 36 35 61 24 91 90
35 36 62 69 66 22 51 55 85 56 20 70
35 37 34 28 45 35 75 59 13 44 31 52
36 37 46 38 53 34 80 50 69 77 34 24
