42 10
0.125 0.125 0.125 0.125 0.125 0.125 0.125 0.125 0.0 0.0 
0 1 88 75 76 78 79 79 85 89 86 86
0 2 53 53 52 48 47 49 48 52 58 49
0 3 47 51 48 54 41 51 54 44 53 47
0 4 86 75 84 79 79 79 83 80 76 81
0 5 46 43 47 51 39 48 47 53 48 43
0 6 66 61 57 61 56 59 65 68 61 59
0 7 81 82 74 71 74 77 79 76 77 80
0 8 91 82 91 90 90 81 91 85 91 88
0 9 87 84 88 79 74 86 79 75 81 86
0 10 50 45 53 44 48 53 46 57 47 55
0 11 17 21 20 22 24 26 27 25 22 19
0 12 52 58 46 48 57 49 44 56 53 46
0 13 35 44 30 41 38 37 38 34 43 34
0 14 47 45 47 54 53 51 51 43 42 54
0 15 97 94 95 90 95 83 88 92 94 90
0 16 16 22 14 24 22 24 22 26 23 19
0 17 45 53 45 39 44 38 51 42 44 52
0 18 73 69 66 64 66 65 66 65 75 76
0 19 24 30 29 23 30 21 32 25 34 32
0 20 7 9 9 16 13 7 16 11 13 14
0 21 79 68 82 82 76 81 81 72 79 68
0 22 77 79 67 78 78 70 77 77 73 71
0 23 29 32 25 32 36 25 35 33 29 27
0 24 56 58 50 56 54 56 51 57 52 60
0 25 72 70 69 66 65 73 72 64 68 65
0 26 21 31 33 31 32 21 31 20 22 32
0 27 67 70 65 70 68 63 64 71 70 65
0 28 14 21 24 19 16 14 18 19 15 18
0 29 21 32 18 23 27 32 26 29 20 25
0 30 9 11 13 14 14 11 16 17 14 20
0 31 99 97 98 84 85 90 85 95 95 97
0 32 94 92 83 94 80 95 86 90 91 87
0 33 99 97 91 89 92 87 86 95 95 90
0 34 31 37 40 40 29 32 36 31 38 39
0 35 92 88 86 89 88 91 83 85 81 82
0 36 61 55 53 57 61 62 66 61 64 53
0 37 20 18 27 19 30 31 31 19 17 23
0 38 23 27 31 26 29 34 20 21 34 32
0 39 22 32 20 27 23 28 28 20 30 26
0 40 13 12 18 23 13 11 24 11 14 18
0 41 19 23 29 21 25 25 17 24 25 19
1 2 10 18 12 11 9 15 20 9 16 14
1 3 53 52 47 46 53 57 54 46 57 45
1 4 19 22 30 29 18 25 22 23 26 17
1 5 10 8 9 11 19 22 12 10 20 20
1 6 45 44 43 47 50 51 51 43 52 39
1 7 69 64 68 63 69 61 69 63 68 67
1 8 75 66 77 74 76 66 77 65 64 76
1 9 1 3 8 4 9 7 12 8 5 10
1 10 56 52 61 48 59 56 48 61 56 55
1 11 48 42 45 46 47 42 46 54 54 51
1 12 41 45 38 38 49 46 44 47 35 44
1 13 32 28 31 33 30 33 37 38 36 38
1 14 67 67 69 70 61 66 72 68 59 67
1 15 3 8 9 16 14 8 14 12 7 7
1 16 68 65 59 66 66 59 72 70 58 71
1 17 45 51 39 50 46 38 51 50 53 40
1 18 25 34 28 36 34 30 27 31 35 24
1 19 86 75 81 87 80 82 79 78 79 81
1 20 1 8 16 9 6 3 4 14 5 6
1 21 16 19 13 17 16 22 16 27 25 27
1 22 75 66 67 65 77 67 75 69 77 69
1 23 99 92 93 97 96 92 91 91 90 89
1 24 52 46 50 57 51 53 48 48 46 48
1 25 61 54 58 61 56 63 52 56 53 53
1 26 29 35 39 33 36 36 29 28 30 30
1 27 51 45 47 56 57 54 45 43 58 54
1 28 33 34 34 36 30 37 29 43 40 31
1 29 45 45 47 46 48 46 43 53 42 48
1 30 28 36 27 34 27 33 34 28 39 34
1 31 15 18 18 17 14 20 22 14 28 22
1 32 46 46 48 50 53 53 51 43 40 49
1 33 24 26 29 22 29 24 29 24 24 30
1 34 89 89 77 85 82 88 86 79 90 81
1 35 94 80 93 92 95 89 80 87 94 95
1 36 19 24 16 20 23 28 21 21 17 26
1 37 2 6 4 8 9 8 10 2 4 7
1 38 24 34 23 21 22 31 34 31 33 28
1 39 39 48 35 43 48 42 38 40 38 39
1 40 30 39 33 38 28 35 38 38 26 37
1 41 67 59 65 61 65 67 64 63 66 61
2 3 75 66 71 70 76 67 66 65 69 64
2 4 51 46 52 50 48 50 50 47 46 54
2 5 38 37 34 41 35 37 40 41 37 39
2 6 72 65 70 65 74 62 65 71 69 65
2 7 63 54 57 60 54 56 59 64 59 65
2 8 22 22 31 28 24 22 26 21 25 27
2 9 88 89 78 77 80 76 85 86 81 87
2 10 29 32 34 29 32 37 30 31 39 36
2 11 88 88 79 80 81 85 76 76 84 89
2 12 11 14 15 16 21 21 23 10 11 9
2 13 66 60 70 71 57 59 62 65 58 64
2 14 16 29 18 28 25 22 19 28 14 19
2 15 70 65 73 60 71 72 67 71 71 73
2 16 79 71 73 68 74 73 70 69 67 67
2 17 90 78 86 79 80 77 91 79 84 79
2 18 9 10 8 11 14 8 18 21 9 10
2 19 38 46 43 41 35 35 42 33 39 40
2 20 66 68 63 64 71 60 65 61 64 69
2 21 15 26 19 13 15 13 16 18 19 19
2 22 99 85 97 92 96 94 94 92 90 98
2 23 14 13 22 19 22 14 20 22 15 25
2 24 69 72 67 64 67 68 61 72 68 71
2 25 85 73 80 77 75 87 75 81 79 86
2 26 25 26 33 32 33 33 25 29 27 25
2 27 82 81 85 83 82 74 77 84 73 78
2 28 91 79 89 80 88 79 90 82 83 87
2 29 43 45 48 50 38 46 42 49 45 41
2 30 83 80 76 85 82 79 83 85 83 75
2 31 4 4 17 5 18 14 5 15 9 8
2 32 96 94 96 90 96 82 84 91 96 95
2 33 46 41 42 53 54 40 48 40 53 48
2 34 63 69 59 66 67 68 69 59 55 68
2 35 11 17 16 24 19 24 13 13 18 12
2 36 66 63 67 69 63 68 59 70 67 60
2 37 28 28 38 32 25 35 31 26 24 32
2 38 76 77 77 78 78 67 76 67 66 65
2 39 16 22 27 19 15 22 21 17 25 19
2 40 15 24 27 15 15 28 16 15 19 25
2 41 54 60 49 58 50 59 50 53 52 59
3 4 71 66 69 68 66 74 63 61 66 68
3 5 29 30 25 36 37 25 35 26 37 31
3 6 59 55 64 57 60 52 61 62 64 56
3 7 78 80 71 76 72 81 70 79 69 74
3 8 54 51 56 52 57 52 59 56 56 48
3 9 58 61 54 54 57 51 52 60 56 49
3 10 0 1 4 9 10 3 7 3 1 14
3 11 95 95 88 91 87 95 85 88 87 83
3 12 16 23 22 24 27 18 23 18 18 23
3 13 7 18 12 8 19 12 14 18 15 15
3 14 94 84 89 93 83 91 85 90 93 87
3 15 17 29 17 26 29 14 27 26 16 15
3 16 49 51 47 55 55 51 44 44 49 45
3 17 20 28 17 19 27 19 24 22 30 18
3 18 54 56 56 55 55 53 49 55 59 57
3 19 26 30 37 33 28 29 35 34 30 24
3 20 26 29 24 29 27 32 29 37 23 34
3 21 21 31 22 25 33 20 23 19 28 20
3 22 31 38 40 39 28 41 27 40 28 35
3 23 80 73 83 74 78 71 82 70 79 74
3 24 32 41 36 30 41 32 33 31 38 28
3 25 40 44 37 38 47 37 44 47 48 41
3 26 81 73 79 72 75 70 73 73 77 70
3 27 36 32 39 43 33 37 40 36 33 45
3 28 52 52 50 45 59 54 50 57 46 57
3 29 54 55 57 55 59 48 57 48 53 48
3 30 75 68 72 66 78 78 64 78 72 65
3 31 91 79 79 89 84 92 87 88 83 93
3 32 12 15 22 22 11 25 13 22 10 22
3 33 61 60 66 54 53 57 52 60 66 55
3 34 46 45 46 50 39 50 45 52 50 48
3 35 73 70 76 67 69 67 75 75 75 74
3 36 34 36 36 34 31 37 41 36 43 44
3 37 84 77 84 85 86 72 72 74 76 78
3 38 16 14 18 23 23 17 21 19 24 22
3 39 69 61 60 60 64 65 63 63 66 59
3 40 52 51 48 46 54 52 46 51 51 50
3 41 52 48 48 50 55 52 45 48 58 47
4 5 64 67 59 62 55 54 56 65 58 57
4 6 48 48 50 41 54 51 51 50 52 50
4 7 86 78 85 87 85 84 86 82 76 83
4 8 35 44 34 30 40 34 35 37 32 44
4 9 75 73 64 75 68 73 67 76 66 72
4 10 34 40 35 30 36 34 34 38 43 36
4 11 12 16 20 22 25 24 22 22 21 19
4 12 59 52 62 64 55 59 57 61 55 57
4 13 32 32 32 29 32 30 40 35 28 30
4 14 78 71 71 74 68 75 69 73 69 79
4 15 68 71 61 62 65 61 65 66 64 67
4 16 10 20 15 11 14 15 16 21 23 22
4 17 62 59 65 53 57 59 61 61 56 61
4 18 72 72 72 67 62 70 74 62 75 62
4 19 65 56 63 64 66 57 59 61 55 58
4 20 9 9 17 11 19 15 16 17 11 16
4 21 78 80 79 67 79 77 81 68 73 68
4 22 21 27 28 30 28 24 26 22 30 28
4 23 42 41 46 37 40 48 41 46 35 41
4 24 73 65 64 77 71 64 70 62 71 63
4 25 47 42 42 53 51 49 44 46 47 50
4 26 18 22 27 28 22 28 18 18 24 19
4 27 49 48 54 49 56 54 47 47 48 57
4 28 75 71 70 79 70 69 76 77 79 69
4 29 80 72 79 82 69 76 68 82 69 72
4 30 59 54 54 60 54 54 57 56 56 61
4 31 89 88 87 87 90 77 90 90 84 84
4 32 25 32 27 25 29 31 34 30 32 29
4 33 82 79 83 80 83 72 82 80 74 84
4 34 72 63 64 74 75 66 68 70 63 69
4 35 43 48 46 42 39 39 42 47 42 44
4 36 99 90 97 93 93 89 89 85 99 86
4 37 71 65 63 66 74 61 64 69 70 68
4 38 30 25 32 30 39 40 33 25 36 27
4 39 40 43 38 36 38 39 44 38 42 45
4 40 95 82 91 82 85 95 92 86 81 92
4 41 57 52 50 63 64 55 49 58 55 61
5 6 57 50 60 56 54 50 52 58 56 58
5 7 31 35 29 31 33 27 33 30 34 38
5 8 1 4 2 8 11 10 5 15 8 7
5 9 86 85 86 79 83 81 84 77 75 83
5 10 90 82 80 89 87 87 88 83 82 89
5 11 37 39 46 43 34 33 41 38 41 38
5 12 65 68 68 58 68 67 61 66 58 62
5 13 94 90 84 91 87 84 90 94 83 86
5 14 35 31 32 33 42 39 36 37 39 41
5 15 83 79 71 70 78 77 71 77 70 81
5 16 18 27 20 23 28 22 22 20 18 25
5 17 40 48 40 35 45 44 41 37 38 38
5 18 89 78 81 77 82 79 90 85 78 81
5 19 94 87 85 90 84 89 92 84 91 91
5 20 2 9 2 9 6 8 4 15 16 11
5 21 85 80 79 83 78 87 87 73 79 83
5 22 33 36 29 36 30 32 28 35 29 38
5 23 46 49 41 51 50 43 46 40 42 52
5 24 22 21 30 23 21 26 21 29 19 21
5 25 66 67 57 56 63 60 69 59 67 70
5 26 91 87 86 86 85 85 91 84 90 92
5 27 46 51 51 54 41 50 44 39 51 50
5 28 18 18 28 24 20 27 20 28 23 21
5 29 15 16 16 20 23 25 27 17 23 22
5 30 26 29 27 32 25 31 25 26 24 30
5 31 37 45 43 42 45 34 38 31 40 36
5 32 20 19 31 28 22 20 29 28 18 25
5 33 86 87 87 78 87 79 85 87 87 84
5 34 18 17 23 25 30 27 22 17 25 16
5 35 2 6 4 11 8 4 12 12 8 5
5 36 60 53 54 55 55 60 64 51 57 60
5 37 84 76 85 73 71 78 82 76 82 78
5 38 92 80 83 91 89 83 80 79 83 86
5 39 56 62 57 58 55 49 61 48 62 59
5 40 28 28 27 30 27 33 31 34 32 31
5 41 75 78 78 73 67 68 67 68 64 69
6 7 45 52 41 51 43 53 42 49 52 49
6 8 68 69 62 62 67 69 59 67 63 67
6 9 34 29 30 36 41 34 40 33 38 36
6 10 7 17 15 13 7 16 19 13 9 14
6 11 88 76 81 75 75 81 83 85 82 75
6 12 38 41 33 36 32 36 32 46 34 40
6 13 30 34 26 35 34 34 39 31 38 40
6 14 62 60 59 65 59 59 55 62 53 56
6 15 28 38 26 34 24 30 36 25 36 35
6 16 56 49 54 61 61 54 63 55 50 50
6 17 62 65 57 59 67 62 58 62 64 55
6 18 0 10 12 6 1 10 10 6 10 4
6 19 82 77 72 74 75 81 70 80 72 76
6 20 44 52 44 39 49 41 44 52 47 40
6 21 20 21 20 30 21 29 18 29 25 21
6 22 28 27 28 35 37 25 32 37 25 36
6 23 75 64 74 75 68 71 78 74 72 73
6 24 61 57 57 64 61 61 61 65 56 57
6 25 40 34 48 41 47 38 35 40 45 49
6 26 57 60 50 63 52 58 52 50 55 55
6 27 47 44 44 48 51 44 45 40 48 54
6 28 70 65 69 68 73 74 60 70 60 74
6 29 55 59 59 56 54 58 47 56 56 56
6 30 39 37 34 46 42 40 40 45 34 42
6 31 51 55 55 44 48 56 55 50 48 55
6 32 76 71 78 72 71 66 76 80 79 69
6 33 67 60 60 71 65 62 64 60 70 64
6 34 3 10 15 13 10 11 18 10 5 9
6 35 48 44 42 54 44 45 44 43 48 42
6 36 62 60 55 54 63 67 60 59 54 65
6 37 25 30 21 28 29 23 23 35 33 31
6 38 30 40 39 31 38 39 31 37 33 40
6 39 64 62 62 59 61 56 60 64 55 57
6 40 83 83 78 83 70 73 75 71 83 78
6 41 64 62 61 58 57 58 60 61 59 59
7 8 85 81 79 81 77 75 84 76 85 76
7 9 8 7 21 7 6 11 15 9 19 9
7 10 77 68 72 80 74 75 68 77 78 72
7 11 80 79 74 81 76 74 77 74 69 80
7 12 44 44 47 41 44 50 46 50 50 38
7 13 58 54 63 61 57 61 49 63 54 59
7 14 7 9 14 13 13 7 16 16 21 8
7 15 13 17 23 24 12 17 17 24 19 24
7 16 82 81 72 83 70 70 84 71 80 74
7 17 91 88 92 85 83 81 77 90 78 81
7 18 86 83 79 84 73 88 87 75 75 81
7 19 59 58 62 56 51 51 64 52 61 58
7 20 44 46 43 44 38 43 41 44 48 51
7 21 59 52 61 63 59 58 53 54 54 56
7 22 44 46 48 42 47 39 48 51 47 42
7 23 39 35 47 36 43 36 37 35 43 36
7 24 92 82 90 81 89 90 87 90 78 89
7 25 21 29 33 32 27 25 24 24 28 22
7 26 70 70 63 72 64 65 61 70 71 71
7 27 18 17 20 16 29 28 30 17 29 30
7 28 18 19 27 22 30 21 29 21 21 30
7 29 87 80 85 75 85 85 89 74 76 77
7 30 62 62 55 65 62 59 55 58 66 62
7 31 87 81 78 85 78 85 74 83 78 84
7 32 41 44 37 36 44 47 39 39 43 40
7 33 36 42 45 32 37 43 43 44 31 39
7 34 0 13 5 9 8 6 12 15 6 6
7 35 46 50 47 44 44 43 49 48 41 46
7 36 48 47 43 41 46 49 53 41 44 49
7 37 36 42 32 37 43 35 36 31 34 38
7 38 25 30 24 23 24 24 23 27 35 34
7 39 86 75 83 81 81 80 87 84 85 73
7 40 17 20 28 28 18 28 19 29 17 29
7 41 1 12 6 7 14 7 15 8 2 12
8 9 70 66 61 60 70 72 72 61 74 74
8 10 69 71 60 73 63 60 63 66 65 73
8 11 86 85 82 79 73 84 75 84 79 84
8 12 1 7 5 7 4 9 7 8 6 3
8 13 43 38 43 42 46 38 48 38 39 40
8 14 14 14 16 22 24 26 19 18 21 22
8 15 88 76 77 82 76 82 76 82 78 85
8 16 15 19 27 21 19 27 19 23 24 27
8 17 2 13 14 8 4 3 2 10 8 2
8 18 23 29 28 20 24 26 24 21 29 23
8 19 2 7 16 9 9 12 6 7 8 12
8 20 50 43 47 51 43 54 53 56 46 48
8 21 56 58 62 55 58 49 60 49 57 52
8 22 42 50 39 39 47 45 39 45 43 48
8 23 12 12 20 24 13 20 21 25 24 10
8 24 16 21 26 25 23 28 27 16 26 18
8 25 71 65 75 65 66 70 71 66 63 71
8 26 40 48 42 46 40 36 35 41 45 40
8 27 41 39 38 47 37 36 37 49 35 39
8 28 61 64 58 52 61 58 66 66 59 58
8 29 90 87 81 89 83 89 86 82 88 88
8 30 79 67 78 79 77 76 78 82 82 69
8 31 12 14 25 17 20 11 15 24 19 11
8 32 52 49 56 50 58 57 50 52 52 51
8 33 29 28 39 25 30 28 27 28 31 29
8 34 62 57 66 57 56 55 66 61 55 67
8 35 43 44 49 48 37 42 43 38 47 52
8 36 20 21 19 20 22 32 29 23 32 25
8 37 5 17 10 5 15 17 9 6 16 19
8 38 38 41 35 45 43 45 34 41 33 41
8 39 0 5 2 4 7 2 10 9 2 11
8 40 67 66 72 64 66 66 71 59 67 65
8 41 99 99 87 84 92 96 95 86 92 84
9 10 25 35 30 30 27 31 33 31 32 31
9 11 10 16 17 22 19 12 17 17 20 10
9 12 35 35 41 33 44 34 36 35 35 32
9 13 4 7 15 5 8 16 17 15 13 4
9 14 8 21 11 9 20 11 21 15 13 12
9 15 86 75 77 82 75 80 84 76 75 85
9 16 29 36 39 35 26 26 29 38 28 32
9 17 44 48 49 50 44 38 50 42 43 39
9 18 18 25 30 22 27 30 22 30 19 26
9 19 77 79 66 80 66 71 71 66 80 70
9 20 64 63 58 65 61 65 68 63 57 64
9 21 4 13 13 9 17 16 16 7 13 4
9 22 81 83 79 77 77 74 82 71 75 78
9 23 43 47 48 44 48 51 43 42 43 48
9 24 73 71 67 70 63 67 75 73 69 63
9 25 14 18 22 26 26 16 25 24 13 13
9 26 89 83 79 89 87 87 82 77 82 83
9 27 68 65 62 70 69 69 63 62 62 61
9 28 42 40 41 38 49 42 47 50 39 45
9 29 60 64 63 59 63 60 52 63 61 63
9 30 22 29 32 30 23 27 21 24 34 20
9 31 4 14 11 13 13 17 5 13 14 7
9 32 89 79 83 86 82 78 87 86 89 76
9 33 31 30 28 28 36 34 34 30 38 38
9 34 97 97 97 93 90 83 87 94 86 88
9 35 57 58 63 56 59 58 51 50 56 50
9 36 34 42 35 36 41 33 38 36 33 43
9 37 95 93 83 92 93 93 95 89 81 90
9 38 62 67 57 56 54 60 61 63 66 66
9 39 28 33 36 26 30 26 34 29 31 24
9 40 68 65 73 71 63 65 71 63 59 62
9 41 52 52 51 58 58 46 47 58 45 51
10 11 34 33 35 42 29 37 38 40 43 34
10 12 22 24 23 34 24 27 25 19 22 24
10 13 16 13 26 15 25 21 14 23 20 27
10 14 33 40 28 40 40 33 39 42 34 32
10 15 29 33 27 32 26 34 36 35 37 37
10 16 60 51 65 56 51 65 64 62 61 57
10 17 32 37 35 33 29 41 38 33 39 30
10 18 48 49 48 49 41 49 42 51 42 45
10 19 29 34 30 25 32 31 32 37 26 35
10 20 31 27 29 35 41 36 36 29 38 36
10 21 1 14 9 14 7 11 14 4 13 5
10 22 74 73 66 73 63 77 64 78 68 65
10 23 19 22 19 28 21 19 16 22 27 26
10 24 89 86 76 91 85 79 87 85 84 78
10 25 39 34 39 34 47 40 43 45 35 34
10 26 69 68 59 59 59 69 63 62 67 64
10 27 56 51 58 59 61 61 55 47 49 57
10 28 99 93 94 94 92 91 92 98 86 89
10 29 78 68 75 70 74 74 72 69 66 81
10 30 76 75 67 73 70 71 67 74 65 67
10 31 16 14 18 28 26 23 16 22 22 16
10 32 60 55 54 55 61 64 54 51 56 54
10 33 29 28 35 31 27 30 38 38 37 32
10 34 42 40 46 44 39 41 48 38 39 41
10 35 21 21 20 21 26 29 20 30 25 33
10 36 41 44 40 36 43 36 37 42 42 48
10 37 65 63 69 70 58 69 67 56 63 62
10 38 95 93 85 81 92 95 94 85 86 82
10 39 55 61 57 55 49 54 53 51 51 60
10 40 78 67 79 72 77 75 74 75 71 77
10 41 53 57 53 57 56 54 48 54 51 57
11 12 34 36 41 41 40 34 33 34 32 32
11 13 8 17 19 20 17 19 17 15 11 9
11 14 17 26 25 21 22 16 29 30 29 23
11 15 83 79 74 80 73 83 84 84 73 82
11 16 40 45 38 44 47 37 40 41 46 34
11 17 19 20 29 26 30 21 22 31 19 17
11 18 14 18 27 25 21 24 24 25 24 25
11 19 3 5 13 6 13 4 7 14 3 4
11 20 87 80 79 84 80 74 81 85 79 88
11 21 65 61 63 66 69 67 61 57 62 64
11 22 96 88 93 82 85 92 83 94 91 84
11 23 84 71 84 80 85 86 77 79 80 78
11 24 28 33 33 31 29 29 30 24 30 25
11 25 64 62 55 64 58 60 55 67 69 66
11 26 84 85 78 75 74 79 77 75 78 77
11 27 97 85 85 83 90 88 85 87 88 92
11 28 28 38 33 28 31 34 28 38 29 35
11 29 76 75 73 74 79 72 79 71 70 78
11 30 97 88 94 83 92 97 90 89 94 88
11 31 14 13 22 18 19 13 16 26 14 14
11 32 26 23 25 25 37 23 33 29 26 25
11 33 95 89 93 95 90 86 95 95 94 82
11 34 55 53 55 49 47 53 54 48 48 59
11 35 37 36 42 45 42 41 40 37 41 37
11 36 48 46 46 43 47 51 42 50 50 51
11 37 63 68 62 61 54 60 67 65 62 62
11 38 20 20 31 26 30 21 23 24 21 23
11 39 84 76 76 73 83 72 78 78 85 86
11 40 92 83 88 80 81 90 85 87 85 79
11 41 96 83 85 83 93 88 93 82 84 94
12 13 93 79 93 88 87 84 84 91 91 92
12 14 30 37 37 28 33 40 35 39 27 26
12 15 86 79 74 83 77 79 77 86 86 77
12 16 25 34 33 28 24 28 35 23 22 26
12 17 44 48 38 39 41 42 38 40 39 44
12 18 19 24 29 27 30 20 29 19 23 22
12 19 75 64 64 67 79 70 76 70 71 74
12 20 40 36 40 42 36 40 48 48 40 36
12 21 67 64 58 63 60 65 60 60 66 60
12 22 98 96 86 93 97 89 91 86 85 91
12 23 82 76 83 77 79 76 75 73 80 82
12 24 88 83 86 82 82 85 87 84 89 87
12 25 9 22 16 16 19 22 19 18 19 20
12 26 54 51 50 61 58 47 61 54 52 51
12 27 89 90 90 78 89 78 78 88 89 79
12 28 54 50 51 49 58 58 48 59 56 55
12 29 53 55 45 49 57 54 57 47 47 56
12 30 18 20 19 21 19 21 23 16 30 18
12 31 50 45 57 50 53 54 58 52 56 50
12 32 97 94 93 89 96 92 94 89 85 88
12 33 24 28 34 35 34 24 23 24 23 27
12 34 84 78 81 71 72 71 86 76 73 73
12 35 1 5 6 3 15 14 9 1 1 10
12 36 42 36 37 41 48 48 42 49 41 40
12 37 4 5 7 7 12 10 17 13 12 15
12 38 39 46 43 33 36 35 39 35 46 36
12 39 23 27 28 21 25 21 23 21 19 29
12 40 0 3 5 8 1 2 8 11 3 6
12 41 12 18 22 13 25 17 22 11 21 20
13 14 58 54 49 51 51 64 54 57 54 50
13 15 78 78 81 75 78 77 76 76 67 73
13 16 35 41 40 38 36 38 39 33 42 36
13 17 47 42 47 54 52 41 48 47 43 51
13 18 5 19 10 18 10 8 19 10 18 17
13 19 7 10 17 16 14 18 14 17 6 7
13 20 78 77 72 74 72 68 81 77 73 76
13 21 74 72 66 70 73 75 64 75 64 69
13 22 33 36 34 41 43 41 40 33 34 36
13 23 22 28 26 29 24 32 23 31 25 23
13 24 82 75 83 76 70 73 83 79 74 71
13 25 17 15 15 16 22 24 29 28 25 27
13 26 45 45 50 43 48 45 45 44 41 39
13 27 16 27 21 20 19 18 14 13 16 23
13 28 41 43 40 41 42 35 49 36 38 44
13 29 24 33 22 23 32 25 32 35 22 29
13 30 5 19 19 8 19 14 10 19 6 9
13 31 45 50 45 43 44 46 45 43 44 49
13 32 85 76 82 81 84 86 83 83 80 85
13 33 13 24 20 16 24 23 16 13 19 24
13 34 33 42 35 38 29 37 30 34 33 34
13 35 81 82 76 78 72 79 73 79 79 77
13 36 90 88 91 83 83 85 85 84 77 77
13 37 76 65 72 75 74 79 77 80 69 65
13 38 62 57 55 55 58 65 63 61 63 67
13 39 66 68 61 63 64 66 62 66 66 67
13 40 99 90 89 91 92 91 91 86 92 86
13 41 30 35 32 29 35 29 39 33 33 28
14 15 50 58 56 53 56 53 44 44 55 50
14 16 14 12 21 22 17 19 12 12 15 12
14 17 99 95 94 85 97 93 87 97 84 96
14 18 37 39 45 41 35 44 32 33 33 40
14 19 81 72 81 70 73 69 77 77 80 70
14 20 20 30 24 26 17 18 18 19 22 19
14 21 59 61 60 56 58 61 51 63 59 57
14 22 1 7 11 5 16 15 11 8 6 9
14 23 77 79 68 77 70 67 68 79 69 73
14 24 54 48 50 57 60 61 58 48 55 50
14 25 64 61 65 66 60 54 66 61 63 58
14 26 54 55 53 52 47 53 53 51 51 53
14 27 43 43 39 46 50 51 51 41 44 40
14 28 68 72 68 61 61 71 66 60 59 59
14 29 53 52 50 56 50 52 54 59 46 55
14 30 60 58 58 63 66 57 51 66 54 52
14 31 31 32 36 28 36 34 32 28 30 32
14 32 29 37 26 37 32 26 27 31 34 39
14 33 37 43 43 46 42 41 45 42 41 46
14 34 0 6 14 14 14 4 4 10 1 2
14 35 5 10 13 7 11 15 5 14 13 8
14 36 17 17 16 21 28 22 29 15 25 21
14 37 96 96 90 95 93 93 88 85 87 96
14 38 38 33 40 33 38 34 37 41 46 43
14 39 31 30 38 37 38 28 35 31 35 31
14 40 13 24 13 24 12 18 11 13 20 17
14 41 35 37 40 36 31 37 33 44 36 36
15 16 14 14 18 13 16 17 21 14 15 23
15 17 33 42 29 41 42 42 36 30 41 36
15 18 69 66 69 65 61 60 66 68 64 65
15 19 13 20 14 24 13 23 17 13 23 21
15 20 59 58 57 65 54 65 55 65 58 57
15 21 23 32 33 27 27 22 29 30 23 32
15 22 81 70 82 74 72 76 73 75 70 74
15 23 30 33 37 36 41 36 28 30 31 39
15 24 0 0 13 7 1 7 6 6 3 4
15 25 41 45 42 45 38 43 38 41 35 37
15 26 91 89 89 85 77 86 92 79 80 83
15 27 4 17 6 9 12 15 12 7 16 10
15 28 40 46 47 43 39 44 48 39 44 40
15 29 19 20 30 30 29 17 31 21 17 29
15 30 39 43 33 44 41 42 33 46 40 45
15 31 54 54 59 49 57 54 59 48 57 46
15 32 85 85 77 81 83 76 73 81 78 74
15 33 41 44 43 43 39 39 46 41 48 48
15 34 76 73 67 67 74 71 70 73 72 65
15 35 66 68 63 59 59 65 64 66 61 57
15 36 20 30 20 22 31 31 24 27 21 19
15 37 73 62 72 65 72 70 72 64 68 77
15 38 99 89 88 89 96 89 88 94 97 93
15 39 32 37 30 42 34 32 36 38 39 38
15 40 54 55 59 56 52 51 56 49 58 59
15 41 99 84 89 89 90 87 95 98 96 97
16 17 61 66 61 65 66 52 57 55 55 66
16 18 31 28 29 40 29 34 35 32 41 40
16 19 69 67 59 72 66 68 71 72 73 70
16 20 39 48 48 39 40 37 35 42 46 39
16 21 18 28 26 18 30 24 29 26 17 18
16 22 84 73 73 80 71 76 79 71 76 78
16 23 57 51 50 52 49 62 63 57 54 52
16 24 95 85 95 87 88 90 89 94 86 87
16 25 56 58 60 49 50 58 55 50 61 59
16 26 59 50 52 55 63 63 56 54 62 54
16 27 31 37 39 29 27 27 41 35 33 27
16 28 52 55 45 54 52 51 50 44 49 48
16 29 78 80 70 75 70 80 79 81 70 72
16 30 81 78 76 79 75 81 74 81 74 76
16 31 6 14 13 8 6 9 5 10 13 13
16 32 16 26 16 17 22 25 28 24 18 18
16 33 37 43 36 46 41 42 41 32 39 36
16 34 25 31 30 22 29 36 34 36 33 25
16 35 25 24 35 29 23 23 26 32 35 29
16 36 49 52 48 44 45 52 52 54 43 48
16 37 52 54 54 59 46 48 49 53 49 55
16 38 40 37 48 36 43 48 49 46 38 43
16 39 26 30 37 30 31 27 36 31 30 32
16 40 48 54 54 52 55 53 47 41 54 49
16 41 85 76 80 82 85 76 86 85 75 85
17 18 94 93 88 90 94 91 94 90 87 91
17 19 30 39 28 28 33 27 34 28 33 32
17 20 23 26 23 33 25 33 28 32 21 31
17 21 17 17 24 28 27 20 23 29 20 27
17 22 35 41 37 40 34 37 35 32 33 37
17 23 37 32 39 42 33 38 38 33 42 43
17 24 13 24 13 13 21 19 13 20 21 13
17 25 39 44 39 46 46 41 43 40 45 39
17 26 7 9 6 17 9 10 10 18 16 8
17 27 15 26 22 20 26 17 15 24 27 24
17 28 17 26 17 28 27 18 24 21 16 26
17 29 96 91 89 92 82 92 93 82 91 84
17 30 51 44 57 46 55 48 48 47 53 43
17 31 91 86 79 79 80 80 81 84 92 84
17 32 97 93 90 94 93 89 82 94 88 82
17 33 99 91 90 86 90 96 86 98 87 96
17 34 17 17 25 17 27 23 28 16 23 21
17 35 46 41 53 51 49 45 50 51 42 46
17 36 65 70 58 69 64 68 66 62 69 62
17 37 47 50 41 40 50 51 49 51 55 55
17 38 34 43 30 36 43 33 33 33 36 36
17 39 44 50 53 43 45 39 50 45 44 51
17 40 1 3 12 14 7 7 10 15 13 4
17 41 17 28 15 23 23 24 24 26 20 25
18 19 23 25 34 28 21 22 34 25 24 28
18 20 33 32 29 39 31 34 29 39 28 39
18 21 84 77 86 79 77 72 73 85 73 85
18 22 29 37 30 29 26 36 30 36 33 26
18 23 22 24 25 19 30 30 33 19 26 33
18 24 68 62 61 68 69 70 59 60 59 70
18 25 76 69 66 73 77 71 65 73 78 75
18 26 83 78 72 77 74 80 83 83 76 79
18 27 95 86 85 92 86 85 89 83 92 82
18 28 6 18 10 6 10 6 12 7 13 8
18 29 54 54 60 49 60 53 51 57 50 50
18 30 39 36 36 41 34 43 45 46 39 42
18 31 77 75 69 66 72 67 68 71 76 73
18 32 75 71 76 68 72 70 68 76 68 71
18 33 33 33 42 42 28 37 35 35 29 32
18 34 13 19 17 17 13 25 25 18 19 24
18 35 29 32 25 38 31 27 38 27 27 33
18 36 42 48 39 46 38 39 37 46 40 42
18 37 27 24 28 26 34 30 25 33 32 32
18 38 71 62 67 72 68 68 69 74 75 64
18 39 88 88 78 87 80 83 78 79 76 80
18 40 37 40 41 40 42 43 39 33 46 43
18 41 93 83 87 80 93 81 87 90 88 91
19 20 37 33 37 41 33 37 38 46 45 46
19 21 40 37 42 41 40 39 37 46 47 48
19 22 82 77 72 82 74 72 84 77 81 78
19 23 13 15 23 18 14 13 23 22 13 22
19 24 30 40 30 36 33 34 32 38 38 29
19 25 88 79 76 87 77 88 87 81 84 89
19 26 72 75 70 62 72 73 70 72 74 64
19 27 99 99 89 86 93 88 98 92 98 95
19 28 74 64 75 73 69 75 69 75 72 77
19 29 63 54 65 57 64 56 61 66 54 54
19 30 3 9 5 15 13 7 6 8 7 9
19 31 99 95 94 97 92 98 87 91 95 92
19 32 71 75 68 67 68 65 64 62 68 73
19 33 4 8 9 5 14 6 11 8 16 10
19 34 99 87 93 91 91 92 93 93 96 98
19 35 88 84 83 81 79 85 76 84 77 81
19 36 58 54 56 58 53 53 61 51 56 54
19 37 63 62 60 57 60 66 56 66 60 65
19 38 35 39 39 30 37 44 32 41 41 39
19 39 86 83 88 77 85 86 74 78 85 86
19 40 47 42 43 42 45 53 46 54 45 47
19 41 97 85 85 89 91 89 88 94 96 92
20 21 3 15 3 10 7 4 7 11 3 9
20 22 82 84 82 76 73 74 76 82 84 70
20 23 65 60 61 57 69 70 59 55 65 68
20 24 67 70 60 57 58 68 61 63 61 70
20 25 74 67 64 68 73 77 73 64 72 66
20 26 35 35 40 37 32 40 39 30 30 39
20 27 75 71 74 72 64 71 67 65 71 76
20 28 55 55 47 55 56 49 60 58 56 58
20 29 58 51 60 59 50 63 63 52 56 64
20 30 85 80 86 83 82 83 83 75 86 77
20 31 11 22 15 19 14 24 16 15 17 18
20 32 50 43 48 53 52 44 46 47 49 45
20 33 95 95 92 88 93 95 92 83 83 95
20 34 46 49 47 40 45 45 40 42 40 52
20 35 66 70 63 64 71 57 62 62 62 67
20 36 56 53 62 55 55 53 60 60 50 58
20 37 59 57 63 62 52 57 61 61 57 59
20 38 65 64 67 59 63 62 70 59 56 63
20 39 90 91 79 84 79 90 78 83 84 86
20 40 15 15 22 18 13 23 20 26 17 20
20 41 47 48 43 53 52 43 54 51 42 51
21 22 30 38 39 37 28 28 30 26 34 37
21 23 75 69 75 66 68 70 67 76 78 77
21 24 47 53 42 42 41 51 43 51 52 44
21 25 66 58 65 70 67 62 61 64 70 65
21 26 57 56 53 55 59 62 53 52 55 55
21 27 92 93 81 84 81 79 80 79 83 79
21 28 38 45 46 40 37 37 41 37 43 36
21 29 14 24 18 21 21 14 12 26 24 21
21 30 9 13 21 14 10 21 10 10 16 15
21 31 27 35 33 35 35 32 33 32 32 23
21 32 37 43 43 39 38 37 42 33 45 39
21 33 4 8 17 5 6 4 8 12 16 7
21 34 99 87 87 86 95 87 87 84 87 96
21 35 65 67 69 68 60 66 67 66 59 67
21 36 82 76 81 78 73 79 79 72 80 73
21 37 32 35 29 30 32 40 28 41 37 38
21 38 92 87 87 91 83 89 89 79 85 91
21 39 30 38 28 27 39 33 33 29 34 25
21 40 98 91 89 85 86 86 90 97 97 83
21 41 38 41 45 43 36 41 35 44 45 45
22 23 72 65 74 64 64 61 62 64 69 74
22 24 25 26 35 22 22 26 32 36 25 27
22 25 12 12 22 21 11 16 12 10 14 19
22 26 76 66 70 65 66 78 77 78 68 71
22 27 87 76 88 76 76 76 75 76 75 74
22 28 2 13 4 14 16 2 9 3 8 15
22 29 3 16 6 12 14 11 11 3 6 14
22 30 5 7 11 10 17 13 8 10 7 8
22 31 88 86 89 88 80 76 85 85 75 87
22 32 86 80 79 81 75 78 84 75 85 78
22 33 33 31 38 35 37 40 41 29 38 42
22 34 77 70 71 68 77 75 78 71 72 67
22 35 80 81 77 70 78 72 69 70 69 71
22 36 92 92 92 86 87 88 85 91 78 86
22 37 1 8 15 1 15 7 3 7 10 8
22 38 36 36 44 41 33 45 35 44 41 44
22 39 3 5 3 14 13 16 9 16 5 8
22 40 26 34 33 23 36 30 27 33 24 28
22 41 83 72 85 75 85 74 76 73 73 81
23 24 5 16 15 5 15 5 14 8 12 15
23 25 59 54 54 61 59 57 60 59 59 55
23 26 15 26 21 21 19 21 15 20 27 17
23 27 6 8 18 6 16 19 14 9 17 15
23 28 19 27 20 29 25 21 18 21 22 28
23 29 97 85 92 87 90 93 91 96 85 91
23 30 12 12 24 24 19 21 18 21 21 19
23 31 20 26 20 18 30 29 30 29 31 25
23 32 5 11 11 16 19 17 13 9 17 6
23 33 22 28 26 32 34 21 21 27 34 21
23 34 48 42 51 46 42 51 46 42 43 55
23 35 32 31 31 28 33 30 32 41 36 42
23 36 80 83 77 81 74 71 81 80 70 70
23 37 36 43 36 44 44 31 43 32 32 33
23 38 76 72 76 77 69 66 67 66 73 68
23 39 11 22 21 21 16 15 16 11 24 16
23 40 0 3 6 13 6 8 1 5 5 4
23 41 59 52 63 61 55 50 60 58 59 51
24 25 20 30 22 32 29 22 18 31 18 23
24 26 34 33 31 39 44 39 32 41 36 43
24 27 84 80 73 75 85 76 84 76 76 77
24 28 20 19 25 23 27 19 23 22 27 18
24 29 2 12 8 10 10 15 4 11 16 6
24 30 51 45 52 44 55 44 49 57 49 57
24 31 76 75 75 69 71 74 79 69 75 80
24 32 86 82 86 75 82 83 87 83 86 87
24 33 35 38 39 44 37 36 39 39 30 32
24 34 41 48 47 42 35 44 43 36 35 37
24 35 66 71 71 66 64 58 59 60 62 61
24 36 22 28 21 29 25 25 19 21 33 26
24 37 3 8 15 7 13 8 17 10 9 5
24 38 68 66 63 59 59 66 72 63 70 66
24 39 83 71 81 82 79 72 81 85 73 80
24 40 76 72 78 66 67 68 70 68 67 65
24 41 7 19 17 12 17 9 18 6 11 14
25 26 42 40 42 44 43 44 37 49 42 36
25 27 69 60 69 70 71 64 67 68 59 68
25 28 63 54 62 58 65 55 63 60 56 61
25 29 8 20 15 7 13 18 11 12 9 19
25 30 47 50 47 52 47 42 51 41 47 43
25 31 58 53 60 62 56 50 63 57 62 52
25 32 92 86 79 81 87 90 83 89 86 85
25 33 82 74 79 74 79 76 69 76 72 75
25 34 36 31 33 43 43 34 34 40 41 33
25 35 75 66 66 76 74 74 67 76 66 69
25 36 87 81 77 84 74 80 78 84 86 88
25 37 44 44 45 51 43 41 49 49 50 47
25 38 43 38 39 48 49 43 49 40 40 42
25 39 27 24 38 31 32 36 29 28 26 27
25 40 63 66 56 64 56 65 59 68 54 63
25 41 53 52 59 53 53 45 54 51 45 56
26 27 20 21 24 30 31 23 23 26 31 29
26 28 3 12 3 9 15 7 12 6 5 15
26 29 64 59 59 67 62 56 66 56 63 57
26 30 25 33 21 26 22 22 32 22 30 30
26 31 68 71 65 60 59 64 66 66 72 66
26 32 46 47 43 45 46 52 48 46 48 49
26 33 99 93 97 91 90 85 96 94 93 92
26 34 53 57 51 49 50 48 57 59 49 59
26 35 29 39 27 25 29 26 27 32 26 29
26 36 0 7 13 4 10 13 6 5 1 5
26 37 69 64 61 66 67 63 60 63 68 73
26 38 86 85 85 74 80 75 83 86 76 86
26 39 35 32 35 35 37 43 41 34 44 30
26 40 74 74 64 73 74 73 73 70 67 74
26 41 12 19 21 19 24 16 12 20 21 22
27 28 93 83 86 89 79 82 93 81 91 79
27 29 50 43 50 53 56 54 56 43 48 47
27 30 36 37 38 37 32 38 41 33 41 35
27 31 69 64 71 70 58 64 67 69 72 63
27 32 55 56 53 61 58 52 48 55 57 59
27 33 98 94 94 91 85 94 95 88 97 98
27 34 72 69 67 63 76 72 67 68 68 71
27 35 90 86 89 91 78 84 88 90 88 81
27 36 95 92 90 88 81 81 95 83 87 90
27 37 34 36 36 41 35 40 38 36 33 41
27 38 59 52 51 65 51 58 61 56 60 53
27 39 6 6 16 17 19 14 17 10 18 12
27 40 27 32 30 34 34 37 37 38 33 30
27 41 91 84 81 79 91 91 79 85 80 90
28 29 87 78 85 87 87 77 89 75 82 75
28 30 82 74 79 75 75 77 84 81 84 75
28 31 30 36 31 36 29 38 35 39 34 31
28 32 38 38 37 45 33 36 47 35 38 41
28 33 38 35 46 40 46 45 44 38 37 46
28 34 18 20 26 28 22 23 21 16 20 26
28 35 8 19 19 21 16 15 18 17 19 8
28 36 69 61 67 68 63 73 72 63 67 63
28 37 89 89 88 81 87 79 89 84 81 89
28 38 37 43 37 33 46 40 34 40 35 39
28 39 42 44 45 41 40 40 43 38 36 50
28 40 57 62 53 52 54 56 59 52 58 50
28 41 64 59 68 68 68 58 65 66 56 58
29 30 38 44 44 36 43 37 44 35 34 37
29 31 27 29 36 32 26 33 28 25 29 28
29 32 24 30 30 23 25 35 23 21 31 32
29 33 77 68 74 67 78 67 74 76 71 70
29 34 1 3 6 3 2 4 8 16 15 2
29 35 88 89 88 86 88 80 88 76 80 86
29 36 52 46 55 45 58 54 47 56 57 46
29 37 90 80 80 85 89 88 84 77 83 84
29 38 61 53 62 52 65 65 64 66 54 61
29 39 95 83 82 89 89 91 81 95 91 95
29 40 46 51 51 49 48 50 54 46 39 51
29 41 65 69 62 56 68 67 69 63 65 60
30 31 75 69 77 73 66 77 64 72 77 78
30 32 87 80 81 82 88 85 82 86 75 77
30 33 61 53 66 59 64 59 64 65 64 58
30 34 79 79 75 73 68 71 79 72 76 68
30 35 22 20 30 20 31 34 24 24 31 20
30 36 30 39 32 33 31 38 30 33 40 29
30 37 17 23 15 28 23 23 16 17 23 17
30 38 64 56 65 68 56 61 62 65 60 55
30 39 48 51 42 45 54 51 49 50 46 45
30 40 75 73 74 72 68 66 65 76 73 64
30 41 76 75 72 65 71 76 65 77 71 65
31 32 86 82 76 80 76 79 80 88 74 82
31 33 9 18 18 18 8 15 13 14 22 9
31 34 17 23 19 21 26 15 14 21 14 22
31 35 5 8 14 14 16 16 8 7 5 18
31 36 10 21 17 11 13 21 10 9 14 17
31 37 70 70 61 73 71 65 72 65 72 63
31 38 95 87 83 83 93 91 93 90 92 82
31 39 89 87 81 78 83 84 81 87 83 79
31 40 64 58 68 57 63 64 62 58 64 68
31 41 66 62 65 61 61 65 56 61 65 68
32 33 33 29 40 41 35 29 40 36 29 41
32 34 66 62 69 62 62 68 69 68 56 64
32 35 3 10 14 14 11 11 10 9 3 9
32 36 98 95 92 98 86 88 84 97 86 93
32 37 35 33 33 32 33 44 41 39 33 37
32 38 28 38 32 26 28 34 37 29 35 39
32 39 7 9 12 16 15 13 14 15 10 17
32 40 22 20 27 23 32 23 32 29 26 25
32 41 49 42 49 42 55 48 45 50 45 47
33 34 98 92 89 92 86 90 86 97 98 92
33 35 17 18 15 27 29 18 19 19 24 28
33 36 0 8 13 6 8 5 6 12 2 10
33 37 58 51 49 57 63 52 60 63 54 62
33 38 88 76 88 82 86 84 85 86 89 86
33 39 24 35 29 24 22 32 34 30 36 21
33 40 54 47 58 48 57 59 47 46 56 52
33 41 32 27 39 42 40 34 39 37 39 41
34 35 68 68 72 59 59 58 61 58 68 62
34 36 23 25 33 26 27 32 24 25 30 22
34 37 17 29 21 14 28 17 17 25 16 21
34 38 3 4 11 11 17 3 16 13 11 16
34 39 22 29 19 21 19 22 22 32 26 23
34 40 54 53 57 49 48 60 46 60 49 58
34 41 3 9 16 6 3 6 9 14 16 9
35 36 79 68 69 72 69 79 75 71 73 77
35 37 88 75 77 89 88 77 86 89 86 87
35 38 19 28 24 22 21 17 22 19 17 27
35 39 13 16 22 14 25 20 20 18 25 17
35 40 53 49 48 57 50 45 49 52 53 46
35 41 42 37 41 48 42 44 42 49 49 44
36 37 6 16 18 17 9 6 20 11 19 15
36 38 30 40 39 29 38 34 30 32 28 33
36 39 62 56 60 60 62 64 62 56 67 61
36 40 57 59 49 51 58 53 62 48 56 53
36 41 30 31 30 33 31 29 29 26 38 39
37 38 77 74 68 75 71 74 78 80 77 77
37 39 47 52 46 41 50 47 45 49 48 42
37 40 66 62 64 70 61 58 69 59 68 57
37 41 89 86 83 81 81 86 83 82 90 77
38 39 10 17 14 18 23 14 23 17 19 15
38 40 61 56 59 53 62 58 60 58 54 60
38 41 42 51 48 44 38 40 43 41 48 36
39 40 87 88 80 86 77 85 76 76 82 78
39 41 76 65 72 78 72 73 70 79 75 79
40 41 78 75 75 79 76 77 70 80 79 78
