7 10
0.111111 0.111111 0.111111 0.111111 0.111111 0.111111 0.111111 0.111111 0.111111 0.0 
0 1 62 61 38 46 72 29 25 48 77 48
0 2 95 67 54 95 54 66 22 46 87 61
0 3 38 32 83 79 35 22 62 72 29 51
0 4 73 69 66 65 62 60 68 29 58 50
0 5 11 63 25 46 46 46 53 65 66 60
0 6 19 27 57 65 47 17 13 14 40 68
1 2 11 48 5 20 66 57 27 61 73 52
1 3 75 19 77 51 62 18 42 93 77 51
1 4 6 51 43 76 28 10 57 60 13 79
1 5 97 54 54 38 20 77 65 72 78 40
1 6 0 45 6 3 24 59 17 21 77 0
2 3 0 36 2 76 74 49 24 58 25 36
2 4 68 26 82 15 25 50 90 21 17 64
2 5 18 17 34 6 52 16 82 83 13 39
2 6 93 98 84 97 47 38 56 66 85 42
3 4 34 19 17 43 15 85 15 82 69 16
3 5 0 14 15 77 47 39 2 28 32 42
3 6 90 94 82 27 78 70 71 21 19 27
4 5 74 40 70 47 43 30 43 65 93 18
4 6 46 39 78 44 65 38 82 27 67 17
5 6 12 49 22 45 66 12 22 73 4 27
