7 10
0.2 0.2 0.2 0.2 0.2 0.0 0.0 0.0 0.0 0.0 
0 1 56 62 50 59 57 60 61 54 58 61
0 2 10 23 15 9 9 8 14 12 22 15
0 3 73 64 76 76 74 74 72 66 67 67
0 4 36 31 32 42 33 41 37 34 33 35
0 5 57 61 55 59 53 49 63 62 56 50
0 6 33 34 39 32 43 43 30 36 29 38
1 2 53 46 51 47 52 59 54 52 59 56
1 3 73 64 76 72 66 62 63 64 64 68
1 4 58 64 60 50 50 58 60 56 62 53
1 5 65 57 68 63 56 69 61 56 68 58
1 6 29 29 29 33 39 31 36 34 26 33
2 3 12 11 24 19 12 12 20 12 17 10
2 4 54 60 54 49 57 52 50 50 47 59
2 5 68 60 60 66 72 58 70 70 69 59
2 6 90 86 83 86 85 84 77 79 83 81
3 4 49 53 47 42 53 43 52 54 47 56
3 5 85 80 83 77 82 86 86 77 86 77
3 6 85 74 81 79 84 81 78 84 77 76
4 5 58 51 62 56 64 60 50 64 61 52
4 6 50 43 52 45 51 54 46 53 51 51
5 6 19 22 25 31 28 26 25 24 26 20
