15 10
0 0 0 0.25 0.25 0.25 0.25 0 0 0 
0 1 30 85 55 39 29 23 45 92 23 35
0 2 69 78 68 46 68 65 28 37 27 36
0 3 55 39 52 76 65 29 42 20 56 71
0 4 69 17 35 70 46 60 21 65 84 71
0 5 0 63 69 54 92 68 59 56 47 27
0 6 76 9 24 83 27 82 82 39 66 67
0 7 49 14 27 80 45 85 82 18 24 86
0 8 65 81 77 83 38 58 84 73 48 30
0 9 67 65 70 74 37 72 46 86 51 26
0 10 1 21 27 29 37 58 41 77 47 30
0 11 70 49 42 75 73 10 11 51 18 82
0 12 14 29 32 21 49 88 93 96 90 57
0 13 92 7 3 69 7 47 62 23 26 17
0 14 44 18 22 89 50 82 79 16 31 42
1 2 57 25 41 68 80 38 35 40 79 69
1 3 48 63 89 82 27 33 15 63 50 54
1 4 63 7 22 84 82 78 55 17 75 58
1 5 54 26 52 80 49 14 66 44 77 59
1 6 54 87 19 47 74 38 37 30 76 47
1 7 11 91 58 55 81 81 45 90 30 84
1 8 16 73 76 56 94 23 88 89 26 23
1 9 88 66 20 58 20 55 32 16 26 15
1 10 33 38 42 18 90 62 74 67 72 37
1 11 82 24 44 46 58 3 75 27 65 10
1 12 67 64 36 78 7 82 42 80 17 59
1 13 37 83 12 26 31 13 87 84 81 75
1 14 34 19 48 15 44 32 54 65 71 54
2 3 85 33 73 31 7 28 57 30 51 64
2 4 18 48 56 49 32 64 75 91 71 80
2 5 94 65 27 57 64 3 8 53 24 68
2 6 72 57 75 23 42 20 79 56 10 68
2 7 53 57 87 84 28 80 49 69 23 29
2 8 27 70 55 37 71 77 88 62 39 47
2 9 64 65 84 59 63 76 56 34 52 70
2 10 43 86 91 68 52 35 33 78 48 43
2 11 52 43 69 64 70 34 12 10 34 34
2 12 55 41 87 51 28 81 74 82 13 37
2 13 67 77 79 29 72 26 32 53 53 60
2 14 82 24 42 44 43 47 66 45 16 41
3 4 47 84 67 58 31 33 59 62 82 85
3 5 68 15 74 71 7 25 15 11 31 7
3 6 99 54 55 47 22 42 13 37 47 44
3 7 92 25 25 57 79 27 72 52 52 25
3 8 95 25 17 61 61 43 65 41 7 59
3 9 10 67 60 44 50 65 81 19 59 53
3 10 67 14 40 40 64 30 42 40 21 82
3 11 96 20 3 64 69 76 29 65 16 47
3 12 77 37 28 16 76 16 32 53 82 45
3 13 83 17 77 50 5 23 65 55 28 26
3 14 91 11 38 16 61 17 58 48 21 27
4 5 98 34 47 21 56 37 10 17 61 0
4 6 81 67 18 41 36 7 65 70 49 23
4 7 64 33 24 41 28 15 27 48 68 85
4 8 34 74 83 44 57 84 13 91 57 18
4 9 25 33 94 17 18 57 88 71 56 66
4 10 47 24 58 81 64 59 44 21 21 45
4 11 74 21 66 49 65 61 20 27 37 19
4 12 33 74 78 65 18 56 83 30 42 80
4 13 21 23 68 31 43 22 60 75 91 16
4 14 23 55 55 52 41 31 33 21 37 23
5 6 20 78 77 68 40 64 38 40 45 23
5 7 85 48 63 19 8 68 52 33 13 19
5 8 76 75 16 53 82 35 57 8 34 30
5 9 61 63 43 66 11 36 8 59 35 54
5 10 39 26 44 37 22 25 42 31 42 90
5 11 57 54 26 30 45 62 42 84 87 43
5 12 7 88 87 93 77 73 86 82 96 19
5 13 80 73 46 80 17 76 83 65 50 19
5 14 38 23 69 46 90 82 88 26 28 91
6 7 55 13 87 80 25 47 35 12 29 40
6 8 51 36 57 17 37 34 10 55 28 54
6 9 4 56 28 53 77 58 65 58 78 49
6 10 33 79 85 64 14 15 87 60 41 56
6 11 98 11 10 52 28 41 35 33 56 36
6 12 36 16 88 86 80 26 48 71 34 69
6 13 22 47 61 21 49 61 30 62 88 86
6 14 89 5 26 31 48 50 4 12 42 44
7 8 35 65 71 35 17 30 59 75 75 13
7 9 42 23 39 31 85 46 86 42 83 18
7 10 42 48 78 44 89 85 45 26 88 62
7 11 97 72 41 57 42 56 14 2 45 72
7 12 37 73 55 86 33 14 81 74 49 42
7 13 32 72 47 60 83 66 26 50 75 82
7 14 24 74 16 44 56 85 81 24 63 32
8 9 32 87 45 58 70 52 89 27 61 67
8 10 73 17 37 24 76 11 42 52 71 12
8 11 93 60 51 49 60 71 35 63 6 47
8 12 81 7 44 48 17 7 15 5 32 8
8 13 17 68 83 80 59 62 45 50 90 55
8 14 4 91 69 97 51 36 42 74 61 96
9 10 27 69 48 64 77 37 59 70 72 56
9 11 67 57 39 71 45 31 8 60 63 71
9 12 74 73 39 30 8 63 25 36 75 58
9 13 32 52 88 13 39 44 46 79 90 25
9 14 46 70 37 30 22 69 26 48 40 63
10 11 47 20 63 68 60 31 83 67 58 61
10 12 74 66 38 68 63 35 57 65 7 26
10 13 92 75 17 31 23 24 33 52 13 2
10 14 92 74 68 10 48 65 66 22 75 52
11 12 87 71 29 77 30 82 62 47 64 59
11 13 72 40 48 69 76 17 58 14 70 25
11 14 19 59 66 59 45 29 69 88 48 46
12 13 73 17 28 15 71 79 67 35 40 12
12 14 49 67 18 60 33 57 42 35 88 35
13 14 14 27 63 90 55 66 75 68 52 22
