15 10
0 0 0.166667 0.166667 0.166667 0.166667 0.166667 0.166667 0 0 
0 1 23 80 70 70 78 74 70 69 68 78
0 2 35 62 66 69 65 64 68 56 63 60
0 3 89 21 20 14 11 23 17 12 20 10
0 4 79 27 23 18 25 25 31 31 28 28
0 5 35 61 62 64 61 58 59 61 63 65
0 6 26 72 65 68 67 67 76 63 76 73
0 7 46 53 54 60 45 48 55 58 57 46
0 8 0 88 98 90 86 98 87 93 88 95
0 9 79 28 25 28 28 29 24 31 17 21
0 10 68 38 32 40 38 35 33 28 34 26
0 11 82 29 26 19 20 28 22 20 23 18
0 12 49 55 51 54 51 53 53 51 50 46
0 13 56 38 45 43 49 51 38 38 45 43
0 14 97 3 3 17 7 8 4 15 5 7
1 2 2 86 92 84 96 86 84 84 89 91
1 3 19 77 77 69 68 71 78 81 76 75
1 4 11 76 89 76 76 78 85 79 85 86
1 5 30 72 70 71 62 63 73 63 65 63
1 6 73 34 30 26 33 23 30 24 24 35
1 7 7 82 78 91 79 87 91 92 83 81
1 8 73 27 28 24 27 36 34 26 29 37
1 9 39 65 51 65 63 62 51 62 65 56
1 10 88 22 20 10 19 22 13 16 14 17
1 11 11 80 87 86 87 83 80 87 76 82
1 12 80 23 20 31 18 21 21 23 21 27
1 13 42 63 62 49 52 58 60 59 56 55
1 14 72 27 26 36 36 37 26 32 35 23
2 3 98 14 5 15 4 9 3 8 11 4
2 4 7 81 79 92 87 92 88 93 88 82
2 5 32 61 60 63 59 61 59 71 58 68
2 6 1 85 89 96 96 88 88 95 97 98
2 7 43 51 50 49 48 59 50 57 61 54
2 8 93 14 11 8 14 17 6 18 17 17
2 9 9 83 86 83 81 90 91 90 83 91
2 10 10 85 86 87 89 90 81 87 82 91
2 11 59 42 38 44 40 46 37 39 44 36
2 12 37 67 66 59 67 66 54 53 58 65
2 13 60 42 39 34 41 40 36 46 42 42
2 14 51 52 42 49 43 52 48 45 42 49
3 4 41 59 56 64 56 61 62 62 55 55
3 5 86 14 18 19 13 13 16 17 12 25
3 6 61 40 36 35 46 37 45 36 38 38
3 7 76 26 21 29 24 25 33 28 26 32
3 8 32 69 70 71 68 61 58 71 64 70
3 9 98 15 2 3 2 15 7 7 11 13
3 10 66 41 40 39 36 31 39 40 36 38
3 11 98 9 12 12 16 9 3 12 4 9
3 12 88 13 24 11 22 11 23 16 13 19
3 13 22 75 73 71 78 69 69 71 79 66
3 14 28 62 67 66 70 63 74 61 75 64
4 5 46 51 52 46 52 58 60 58 45 54
4 6 19 68 77 81 83 80 77 70 82 73
4 7 34 69 59 69 69 59 63 62 65 57
4 8 29 64 69 74 67 64 69 66 69 65
4 9 41 58 57 56 56 63 51 58 57 52
4 10 90 12 14 15 15 13 10 19 16 20
4 11 22 74 77 80 70 79 67 76 67 74
4 12 13 77 78 77 86 76 74 84 88 87
4 13 77 33 23 25 32 20 27 25 24 27
4 14 18 71 81 76 72 79 82 73 72 80
5 6 37 56 64 62 59 61 66 67 67 64
5 7 3 85 84 86 95 88 87 95 93 83
5 8 30 63 71 72 70 66 71 71 73 61
5 9 0 96 91 91 95 92 85 87 93 91
5 10 78 32 27 26 31 25 33 19 33 24
5 11 72 25 33 27 37 35 34 24 23 33
5 12 86 17 14 24 17 18 16 19 14 24
5 13 62 41 43 46 46 39 34 42 32 41
5 14 29 67 68 72 62 60 67 71 66 65
6 7 58 43 47 49 40 48 43 37 48 41
6 8 95 5 10 8 10 11 17 12 3 14
6 9 99 9 7 9 2 1 1 12 13 0
6 10 45 56 49 60 60 60 48 51 53 49
6 11 82 18 24 19 29 19 18 19 24 15
6 12 20 80 79 74 81 80 75 68 73 75
6 13 20 76 76 72 80 74 68 74 75 67
6 14 6 85 80 81 79 87 85 86 90 86
7 8 93 7 6 9 16 17 8 18 18 6
7 9 52 54 54 42 42 52 46 44 54 52
7 10 88 17 16 19 10 22 12 21 19 9
7 11 26 71 70 76 73 74 64 71 68 66
7 12 4 92 85 90 86 93 81 85 89 83
7 13 64 41 40 41 40 39 43 35 38 32
7 14 10 86 83 77 84 85 87 82 89 82
8 9 14 73 82 80 78 78 81 81 86 73
8 10 35 57 60 69 62 56 68 61 69 63
8 11 62 36 44 44 34 42 46 40 38 42
8 12 57 44 48 37 44 47 40 39 44 37
8 13 8 81 83 89 85 90 87 80 80 82
8 14 36 60 68 60 55 56 59 59 67 59
9 10 5 87 89 81 93 84 93 91 81 93
9 11 34 61 57 58 59 68 65 68 67 56
9 12 48 53 51 45 44 56 50 44 48 55
9 13 33 70 60 60 65 62 59 67 64 66
9 14 51 48 50 54 49 51 52 44 44 49
10 11 75 26 34 35 31 34 31 33 31 24
10 12 49 45 45 44 55 44 49 57 54 50
10 13 85 19 19 19 20 15 19 21 18 14
10 14 37 60 66 54 63 56 63 57 54 62
11 12 60 46 45 46 36 33 42 44 46 38
11 13 38 66 56 65 57 64 57 61 58 60
11 14 88 24 24 23 22 17 24 10 21 12
12 13 37 58 60 66 53 61 66 60 55 64
12 14 1 91 97 89 84 90 92 85 87 83
13 14 73 36 32 25 33 34 31 22 32 26
