20 10
0 0 0 0.25 0.25 0.25 0.25 0 0 0 
0 1 60 84 78 39 36 63 69 33 66 59
0 2 64 86 26 36 83 57 62 77 63 13
0 3 54 83 85 12 13 84 50 42 66 23
0 4 46 34 40 66 33 54 64 55 66 42
0 5 67 23 70 65 7 35 61 48 8 66
0 6 98 52 60 17 3 47 14 12 32 67
0 7 97 64 77 78 37 8 4 75 62 63
0 8 17 78 78 19 40 79 60 30 88 68
0 9 76 35 55 21 40 18 32 35 70 67
0 10 90 70 6 55 34 35 78 13 35 39
0 11 30 46 29 56 59 63 79 36 17 35
0 12 45 75 87 31 90 68 89 40 12 11
0 13 78 73 69 46 25 57 27 22 71 23
0 14 28 47 59 51 56 59 21 85 27 89
0 15 72 79 25 78 57 40 76 5 33 22
0 16 67 71 36 79 35 40 38 46 56 50
0 17 28 30 38 30 89 74 76 51 91 47
0 18 95 67 78 73 35 32 27 8 47 27
0 19 53 57 70 78 44 54 74 87 16 27
1 2 76 68 38 74 16 50 61 54 75 36
1 3 36 17 35 37 60 45 14 66 42 26
1 4 21 34 56 32 39 44 84 36 89 78
1 5 21 24 19 35 82 77 17 20 33 18
1 6 81 32 77 64 50 55 19 21 28 24
1 7 63 37 35 75 68 7 44 18 43 18
1 8 42 55 77 44 24 70 59 35 22 54
1 9 89 55 18 36 65 82 67 58 21 63
1 10 70 42 83 21 19 7 36 42 18 55
1 11 99 59 24 5 58 75 36 44 15 75
1 12 98 31 7 42 63 56 10 28 3 64
1 13 71 45 10 56 31 61 10 27 56 10
1 14 18 31 68 60 60 55 85 85 24 80
1 15 79 63 61 17 51 77 48 16 69 77
1 16 24 21 18 48 18 74 24 54 59 30
1 17 3 37 84 51 43 43 62 62 38 80
1 18 16 76 53 69 47 38 37 72 82 78
1 19 98 55 12 0 8 57 13 7 43 66
2 3 15 60 50 82 19 31 45 23 24 30
2 4 58 41 64 48 54 60 38 84 78 68
2 5 32 86 18 56 21 54 72 78 33 73
2 6 72 68 62 70 72 13 16 45 49 76
2 7 83 69 29 81 69 25 36 72 62 10
2 8 80 52 60 77 19 65 74 41 75 66
2 9 78 45 4 55 27 32 66 62 6 43
2 10 38 14 67 67 39 26 14 14 32 70
2 11 22 47 88 57 17 81 40 91 54 29
2 12 46 17 16 74 12 12 38 26 64 16
2 13 60 13 35 83 27 81 63 7 73 51
2 14 43 43 46 88 37 45 16 53 19 50
2 15 1 97 98 85 92 89 30 54 82 57
2 16 31 41 60 16 40 73 24 65 64 62
2 17 22 76 70 39 40 50 67 84 44 82
2 18 49 66 26 61 78 29 81 31 63 55
2 19 82 48 63 45 35 49 76 54 43 39
3 4 89 68 45 27 34 52 21 60 7 21
3 5 9 24 19 84 39 85 35 68 93 71
3 6 44 51 58 48 90 72 51 36 26 88
3 7 86 67 39 28 49 43 15 22 46 24
3 8 72 60 23 9 18 82 30 36 25 35
3 9 83 23 46 13 66 18 20 26 35 72
3 10 8 49 61 75 38 87 28 47 43 44
3 11 97 48 37 50 63 27 19 19 77 78
3 12 22 90 39 65 46 50 31 86 65 37
3 13 75 80 28 8 7 41 42 14 40 34
3 14 77 80 36 46 16 65 46 45 43 42
3 15 97 5 29 9 77 23 14 43 51 17
3 16 25 20 38 70 57 90 39 94 32 46
3 17 59 45 88 45 37 73 24 19 59 77
3 18 71 39 13 80 84 72 46 56 25 40
3 19 55 67 53 51 65 30 51 36 10 70
4 5 72 83 46 81 46 34 7 21 20 52
4 6 45 71 42 54 40 36 20 81 59 53
4 7 49 32 14 61 29 54 64 41 35 35
4 8 87 26 76 25 55 56 37 9 3 35
4 9 45 47 67 21 81 68 11 71 65 77
4 10 97 52 56 56 53 58 6 16 63 34
4 11 21 44 18 48 36 49 76 38 32 45
4 12 80 69 16 60 79 57 52 31 47 45
4 13 55 25 40 14 85 29 39 17 34 12
4 14 64 11 54 52 7 44 15 71 60 32
4 15 96 72 9 34 61 7 34 53 34 29
4 16 66 67 64 12 78 17 40 8 51 77
4 17 68 35 84 66 23 18 59 30 24 9
4 18 59 51 74 74 82 23 67 83 51 28
4 19 35 59 22 60 74 18 39 31 51 65
5 6 64 51 57 62 23 28 80 56 51 50
5 7 26 22 26 74 86 53 60 64 16 86
5 8 9 69 39 94 57 41 69 93 42 22
5 9 63 63 85 61 8 48 63 49 11 13
5 10 61 12 38 19 70 41 76 13 9 77
5 11 17 58 62 81 41 70 50 51 85 91
5 12 86 3 54 44 39 66 35 77 47 42
5 13 32 31 15 46 19 40 84 24 71 87
5 14 62 81 60 54 31 26 72 9 40 66
5 15 22 40 46 26 16 69 87 29 62 62
5 16 39 71 72 58 35 48 30 63 20 19
5 17 71 6 54 82 14 22 26 28 39 67
5 18 61 82 13 37 27 24 17 58 57 18
5 19 11 24 88 71 28 87 53 52 80 59
6 7 70 42 59 57 19 19 71 55 35 19
6 8 45 56 29 86 52 41 44 57 26 80
6 9 22 44 59 40 65 20 51 53 28 63
6 10 36 26 70 87 42 77 80 63 36 91
6 11 72 70 59 75 44 73 13 10 26 35
6 12 8 29 95 59 97 74 64 81 66 78
6 13 61 11 69 61 51 51 83 50 9 73
6 14 15 53 40 39 17 45 67 73 50 93
6 15 58 76 25 76 56 44 80 10 10 15
6 16 92 59 15 8 52 34 18 5 3 80
6 17 58 23 71 57 16 21 51 50 67 52
6 18 53 45 58 45 86 23 23 29 12 71
6 19 43 79 64 13 47 57 12 39 69 82
7 8 60 14 17 24 80 54 86 45 39 48
7 9 59 66 54 8 51 64 45 75 49 12
7 10 30 70 66 39 35 64 60 90 38 90
7 11 85 28 53 65 71 38 6 41 58 73
7 12 77 57 31 34 26 68 24 15 56 57
7 13 24 17 74 37 46 18 78 67 50 20
7 14 37 31 77 13 84 72 72 55 86 40
7 15 35 57 57 50 65 43 74 24 57 33
7 16 45 20 24 37 56 25 72 72 84 85
7 17 26 55 24 93 57 47 32 67 69 88
7 18 9 59 53 39 43 94 81 48 49 56
7 19 66 52 29 69 54 34 47 44 52 54
8 9 81 64 34 51 37 55 46 29 68 24
8 10 36 36 63 80 45 14 78 88 60 30
8 11 68 7 32 52 84 76 52 11 36 25
8 12 59 62 82 27 33 19 64 84 56 69
8 13 90 29 27 67 30 21 61 48 75 64
8 14 57 59 29 43 51 36 39 85 71 28
8 15 79 28 24 56 80 75 73 13 75 37
8 16 15 76 61 84 81 74 54 36 32 84
8 17 26 19 85 70 28 93 41 66 78 73
8 18 64 76 76 37 53 22 42 76 73 24
8 19 17 86 24 32 21 50 22 59 36 49
9 10 75 43 81 55 58 45 48 70 77 11
9 11 93 43 78 7 7 76 36 44 8 70
9 12 47 24 68 70 11 83 40 85 36 43
9 13 35 73 79 47 48 14 35 73 92 36
9 14 9 86 55 71 46 86 56 97 18 41
9 15 71 30 68 53 16 32 56 10 71 24
9 16 57 56 25 23 68 54 60 60 31 40
9 17 49 64 10 34 16 77 25 27 64 70
9 18 89 37 52 5 25 67 7 3 23 39
9 19 32 57 21 21 77 45 55 61 84 54
10 11 31 69 29 35 90 60 43 50 69 56
10 12 76 35 63 25 60 55 67 77 8 84
10 13 46 14 12 60 33 82 67 22 25 16
10 14 28 49 87 20 63 25 62 59 28 58
10 15 66 16 38 22 24 10 25 67 52 9
10 16 78 16 17 51 13 47 63 69 43 21
10 17 92 9 11 47 58 60 38 39 18 71
10 18 37 75 75 63 52 13 61 67 49 44
10 19 32 73 34 24 48 70 80 71 81 35
11 12 89 12 46 49 43 35 18 71 71 37
11 13 23 38 43 87 44 66 71 72 18 37
11 14 37 24 78 84 79 26 83 43 38 42
11 15 10 88 46 65 75 63 76 82 66 25
11 16 58 33 33 60 72 85 18 23 15 61
11 17 56 32 44 38 12 73 50 52 71 25
11 18 18 46 28 30 61 52 54 90 39 17
11 19 12 40 42 94 87 29 85 80 65 75
12 13 50 87 55 85 21 19 66 54 81 46
12 14 23 31 82 73 51 23 48 36 80 29
12 15 62 85 14 15 68 68 80 39 68 55
12 16 76 10 40 42 14 44 56 31 83 25
12 17 89 44 74 52 66 23 19 15 37 49
12 18 68 80 79 12 13 11 18 31 83 31
12 19 92 34 14 24 75 42 32 76 53 10
13 14 46 73 57 32 65 19 39 13 38 55
13 15 64 20 68 51 14 64 12 53 65 73
13 16 99 40 18 23 40 35 53 72 34 44
13 17 53 70 54 59 73 21 20 60 50 85
13 18 49 74 20 41 88 39 14 73 87 54
13 19 20 22 90 40 53 86 18 32 60 26
14 15 68 49 24 76 79 41 10 78 69 38
14 16 72 20 61 80 42 65 18 9 24 30
14 17 65 49 20 65 16 80 77 69 73 51
14 18 64 42 46 52 63 15 34 11 39 25
14 19 64 70 24 76 71 36 49 13 28 34
15 16 38 13 17 80 38 28 72 32 21 81
15 17 90 47 33 17 26 69 23 14 66 27
15 18 37 61 43 59 81 29 19 29 63 28
15 19 32 25 87 84 20 34 84 37 54 17
16 17 74 11 32 29 17 71 84 84 19 76
16 18 16 49 62 38 29 29 65 38 21 19
16 19 77 20 40 54 21 53 42 65 58 50
17 18 87 68 11 38 25 56 12 80 32 24
17 19 31 40 35 83 49 72 15 89 71 78
18 19 65 71 23 52 69 44 74 60 21 7
