33 10
0 0 0 0.25 0.25 0.25 0.25 0 0 0 
0 1 78 20 25 18 30 31 20 21 24 19
0 2 64 31 42 37 33 34 42 30 44 43
0 3 52 42 47 51 55 46 49 42 53 48
0 4 43 48 60 49 58 58 56 62 48 61
0 5 49 46 51 43 45 55 49 45 55 54
0 6 26 68 69 74 74 72 62 76 62 73
0 7 80 24 30 27 24 29 20 16 27 29
0 8 45 55 51 49 60 48 55 57 59 55
0 9 26 73 66 73 69 74 73 76 76 75
0 10 0 90 90 97 94 94 97 92 95 90
0 11 81 24 28 29 17 18 18 17 29 22
0 12 58 38 41 49 35 43 40 44 48 46
0 13 35 63 63 58 63 63 62 67 55 69
0 14 10 86 83 86 80 81 79 83 90 84
0 15 73 34 29 34 25 35 25 30 35 31
0 16 8 82 85 85 87 91 90 85 91 83
0 17 74 24 22 28 29 34 21 24 36 26
0 18 5 90 90 82 83 88 91 85 87 88
0 19 0 85 91 96 93 94 96 98 88 94
0 20 85 27 19 21 23 21 18 23 13 23
0 21 63 45 37 38 44 43 41 38 37 35
0 22 66 31 32 30 41 38 34 36 35 36
0 23 96 14 7 16 11 3 5 11 8 9
0 24 8 80 92 82 91 80 87 89 83 79
0 25 73 24 28 33 36 33 24 26 31 33
0 26 25 64 71 65 71 72 76 75 68 64
0 27 64 33 31 35 33 32 32 43 37 38
0 28 75 27 35 27 26 22 21 33 24 26
0 29 77 30 30 28 31 23 26 26 23 27
0 30 5 84 89 90 90 88 82 86 89 85
0 31 69 29 33 29 38 25 40 32 36 32
0 32 41 56 60 56 51 57 57 51 55 62
1 2 35 66 56 58 60 65 64 66 68 69
1 3 38 57 58 64 56 57 57 55 58 60
1 4 7 86 80 79 84 90 93 89 79 86
1 5 85 27 21 15 26 27 25 19 20 21
1 6 44 49 48 50 56 61 57 57 57 54
1 7 24 77 68 66 64 64 70 64 74 65
1 8 64 36 39 32 38 38 39 37 30 36
1 9 41 50 51 56 58 60 58 59 52 54
1 10 8 87 85 89 83 78 92 84 83 82
1 11 99 14 4 1 12 11 11 5 10 9
1 12 49 44 46 44 49 44 50 52 54 52
1 13 18 81 69 83 71 79 83 70 69 83
1 14 50 56 48 52 47 54 49 47 44 44
1 15 0 85 94 85 85 97 95 97 95 85
1 16 84 14 24 22 25 21 27 22 25 21
1 17 64 37 41 32 44 31 30 31 29 32
1 18 66 39 31 36 31 41 37 30 37 37
1 19 46 55 45 58 58 49 56 47 50 55
1 20 13 88 78 85 87 80 80 84 80 82
1 21 90 8 19 16 19 11 19 20 10 22
1 22 74 34 35 30 27 34 28 26 33 24
1 23 88 17 15 21 15 10 16 9 20 17
1 24 56 46 48 46 44 49 49 38 45 49
1 25 14 79 87 75 79 74 75 77 76 81
1 26 50 42 53 52 44 55 44 46 53 47
1 27 37 57 65 67 67 54 53 67 62 56
1 28 50 51 54 43 44 53 44 53 44 55
1 29 66 34 38 37 32 29 42 37 41 36
1 30 68 30 26 31 26 27 39 33 38 31
1 31 91 9 20 9 8 16 14 12 14 20
1 32 53 52 48 52 43 43 45 42 53 53
2 3 83 19 14 20 16 27 16 20 24 27
2 4 58 41 36 41 40 36 49 44 36 35
2 5 16 79 83 79 71 79 78 85 79 76
2 6 59 39 37 40 41 46 44 43 46 40
2 7 23 77 66 67 78 78 74 68 71 65
2 8 10 84 77 87 80 83 82 80 79 81
2 9 26 77 67 74 76 66 63 75 70 69
2 10 14 80 82 81 87 81 80 81 74 86
2 11 56 48 44 41 37 37 39 37 38 37
2 12 60 46 43 40 47 46 44 39 41 34
2 13 82 25 18 21 16 27 26 20 22 25
2 14 38 57 55 58 58 56 52 62 56 65
2 15 96 15 4 7 13 9 4 11 15 10
2 16 38 58 59 64 64 53 57 57 53 57
2 17 99 12 2 10 10 3 10 11 12 14
2 18 2 90 84 96 89 93 85 83 90 89
2 19 81 23 17 30 26 28 19 25 17 21
2 20 77 33 32 30 22 33 23 21 27 31
2 21 38 61 55 59 61 57 55 56 54 57
2 22 45 47 54 60 61 59 57 60 50 49
2 23 28 65 70 64 63 61 72 62 71 61
2 24 21 66 70 80 74 73 68 80 71 69
2 25 21 80 73 77 71 79 73 72 74 67
2 26 52 45 45 42 50 41 45 42 49 54
2 27 0 87 97 94 86 86 98 99 98 90
2 28 0 89 90 84 92 91 93 87 89 92
2 29 22 69 78 70 67 68 75 76 73 74
2 30 91 17 8 18 18 9 8 15 11 16
2 31 11 79 80 87 76 77 79 79 77 88
2 32 21 77 73 68 74 78 76 80 76 78
3 4 99 6 11 3 7 0 3 6 4 9
3 5 62 36 46 40 34 37 36 42 41 45
3 6 21 72 80 70 77 70 70 74 81 67
3 7 64 40 31 42 37 39 36 38 38 32
3 8 15 84 73 85 79 84 76 82 72 72
3 9 6 81 85 83 86 88 93 91 85 85
3 10 5 88 94 93 93 82 82 91 89 83
3 11 47 50 56 45 56 59 53 58 46 57
3 12 18 74 82 69 76 82 81 83 82 77
3 13 84 22 19 24 19 22 24 19 19 18
3 14 41 61 57 60 54 62 57 51 55 54
3 15 19 71 77 82 71 81 73 79 76 69
3 16 88 16 22 11 16 22 15 18 19 20
3 17 63 40 44 40 37 45 37 40 43 42
3 18 19 72 69 69 78 78 81 68 83 78
3 19 24 67 65 72 67 74 70 75 65 77
3 20 89 23 15 19 21 11 21 11 14 15
3 21 21 81 68 78 81 76 76 79 79 66
3 22 75 25 29 34 21 28 30 21 31 31
3 23 65 29 41 31 42 30 35 37 37 33
3 24 88 20 18 21 11 17 22 18 12 19
3 25 89 22 9 20 19 18 21 13 10 17
3 26 81 20 24 28 29 17 21 22 28 19
3 27 78 23 23 20 22 18 24 18 18 19
3 28 30 66 69 73 66 63 69 61 65 67
3 29 87 14 22 13 12 23 11 22 17 13
3 30 48 49 49 46 43 55 45 55 50 52
3 31 70 27 28 30 35 26 38 29 38 29
3 32 71 33 24 36 28 38 27 29 27 30
4 5 58 45 40 50 48 46 46 45 39 45
4 6 99 6 9 13 12 10 1 9 14 6
4 7 54 53 44 42 45 53 53 51 53 41
4 8 44 48 49 57 54 53 49 52 49 52
4 9 32 62 67 58 64 61 66 60 63 62
4 10 1 94 97 96 98 97 96 86 91 97
4 11 13 76 76 87 86 85 81 84 87 88
4 12 91 17 7 10 15 18 19 18 7 15
4 13 12 80 88 86 78 81 78 75 76 76
4 14 31 63 72 67 67 70 63 68 70 70
4 15 2 88 87 83 83 90 96 96 82 83
4 16 38 52 61 54 60 61 61 59 55 58
4 17 64 32 38 43 36 31 36 30 36 43
4 18 86 18 18 16 14 12 22 15 23 26
4 19 54 51 47 45 45 48 45 39 51 50
4 20 81 26 19 23 24 24 22 16 27 28
4 21 61 47 34 36 37 46 33 43 38 44
4 22 19 74 81 80 69 73 71 72 69 68
4 23 57 44 36 50 39 38 45 40 50 42
4 24 52 49 45 47 44 49 51 51 48 54
4 25 52 47 46 43 54 44 46 45 49 40
4 26 95 4 11 7 8 11 9 9 13 11
4 27 89 21 12 18 11 16 19 20 11 18
4 28 32 71 69 68 69 69 58 66 69 62
4 29 56 50 42 46 38 38 47 44 51 46
4 30 83 20 25 25 14 27 15 14 26 16
4 31 45 48 53 50 48 52 52 54 56 54
4 32 14 82 78 77 84 78 83 86 77 80
5 6 33 61 59 68 65 71 64 60 63 62
5 7 22 71 69 78 76 71 75 66 70 71
5 8 20 75 68 82 75 74 77 79 68 72
5 9 25 69 69 68 72 65 78 74 72 70
5 10 55 44 43 45 47 43 46 39 47 38
5 11 40 52 52 55 63 65 57 51 58 64
5 12 92 19 12 14 18 12 8 16 17 15
5 13 72 24 34 34 36 35 34 33 33 25
5 14 38 59 64 58 65 53 57 65 60 65
5 15 36 63 54 63 58 56 61 62 60 68
5 16 0 87 87 95 91 99 98 84 94 93
5 17 68 40 35 27 37 31 34 41 38 37
5 18 95 18 4 8 17 15 8 17 5 15
5 19 14 84 75 84 84 85 78 73 75 76
5 20 44 54 49 59 53 57 58 53 53 49
5 21 89 9 14 18 18 23 18 22 14 22
5 22 84 22 19 15 14 19 14 24 14 25
5 23 91 18 9 11 15 8 10 15 18 17
5 24 90 12 14 10 21 14 12 8 21 20
5 25 30 63 60 70 62 72 59 69 59 71
5 26 52 46 48 41 41 53 55 54 50 53
5 27 20 80 73 70 79 71 75 71 75 70
5 28 6 89 82 84 90 86 93 93 90 91
5 29 18 75 79 71 69 76 70 76 71 83
5 30 1 96 90 88 87 94 92 90 96 94
5 31 66 34 42 30 40 34 39 34 38 43
5 32 29 60 65 68 61 63 63 70 63 66
6 7 42 52 51 62 59 51 59 54 56 58
6 8 36 63 58 56 60 59 55 66 68 63
6 9 78 28 22 27 19 26 30 28 31 24
6 10 64 33 40 34 42 32 37 35 39 41
6 11 2 84 83 86 83 91 96 95 84 88
6 12 81 19 28 24 29 17 26 25 25 21
6 13 49 53 44 49 51 54 55 44 57 47
6 14 76 34 31 28 28 23 34 22 33 33
6 15 28 63 71 68 65 65 63 74 68 66
6 16 86 25 15 15 16 18 23 25 23 22
6 17 75 30 25 32 30 30 31 30 36 30
6 18 12 77 86 78 85 85 76 79 78 78
6 19 47 44 44 49 53 49 54 51 49 59
6 20 78 18 19 27 29 23 25 32 20 25
6 21 90 13 8 23 18 12 16 14 16 20
6 22 21 75 76 72 73 76 79 78 80 81
6 23 89 18 9 21 22 16 16 11 20 21
6 24 69 37 31 39 31 33 37 37 37 29
6 25 63 36 40 39 32 44 36 38 46 40
6 26 71 37 24 29 31 28 35 25 34 30
6 27 17 83 80 72 74 84 80 75 82 80
6 28 17 79 79 71 71 78 80 72 75 84
6 29 83 25 27 24 21 26 23 16 17 26
6 30 43 62 56 58 51 51 60 55 59 61
6 31 56 37 40 40 45 40 47 38 37 47
6 32 63 37 32 44 39 32 45 31 36 33
7 8 43 60 53 49 54 48 53 51 53 53
7 9 5 92 84 82 82 84 90 80 94 88
7 10 81 17 27 23 20 20 21 21 22 29
7 11 35 68 68 66 57 68 61 66 59 55
7 12 52 49 53 43 43 42 48 45 41 50
7 13 66 30 35 38 30 37 32 42 42 41
7 14 93 17 16 20 10 16 17 15 19 9
7 15 43 57 51 62 48 61 49 57 57 58
7 16 15 76 73 76 86 81 74 74 74 80
7 17 14 80 79 75 77 81 81 79 81 79
7 18 28 69 70 63 67 70 64 66 73 69
7 19 3 90 91 85 89 92 89 86 84 87
7 20 63 33 41 42 42 31 40 32 34 39
7 21 85 26 18 15 16 25 26 16 23 16
7 22 24 66 65 74 67 66 77 66 64 75
7 23 54 40 53 43 49 52 46 50 39 42
7 24 52 50 54 47 47 46 43 49 45 48
7 25 58 49 43 38 41 39 49 49 47 44
7 26 25 72 66 76 65 76 74 65 72 65
7 27 4 88 85 89 86 90 87 83 81 86
7 28 79 22 18 20 17 26 17 20 27 29
7 29 54 42 44 45 45 49 39 50 48 45
7 30 88 24 10 16 14 15 10 20 18 10
7 31 18 69 74 76 77 79 74 77 81 80
7 32 12 75 79 80 78 87 87 80 81 79
8 9 99 3 10 8 10 4 2 3 5 10
8 10 13 86 79 75 86 77 86 85 74 81
8 11 33 58 59 58 60 60 62 68 68 58
8 12 95 7 16 18 9 18 10 10 8 5
8 13 54 40 46 49 45 51 53 49 46 45
8 14 39 59 55 58 57 57 66 65 55 62
8 15 14 77 79 80 76 80 84 84 75 72
8 16 18 79 78 84 79 70 81 77 69 73
8 17 42 51 54 62 55 63 52 53 56 63
8 18 4 91 81 95 85 90 90 94 86 84
8 19 22 66 75 73 76 78 72 78 67 80
8 20 79 19 26 25 30 17 28 26 27 29
8 21 22 79 71 78 73 79 71 78 73 76
8 22 95 16 6 4 17 14 6 12 5 12
8 23 73 34 30 33 29 32 27 29 27 32
8 24 20 79 78 74 70 69 71 72 67 72
8 25 71 25 36 37 28 39 34 29 35 31
8 26 16 84 85 84 81 75 74 83 76 81
8 27 92 9 13 6 19 19 8 7 20 16
8 28 20 73 79 73 78 75 72 73 78 73
8 29 70 37 38 29 39 26 28 37 32 30
8 30 17 83 81 81 79 70 72 78 82 82
8 31 29 67 72 63 61 72 61 74 60 71
8 32 79 20 18 29 21 20 19 26 29 27
9 10 80 30 30 29 18 17 19 17 24 30
9 11 17 75 72 73 72 83 77 78 75 76
9 12 7 79 81 87 80 90 89 86 79 80
9 13 80 16 31 31 20 29 21 19 29 26
9 14 23 76 76 65 73 77 67 79 68 70
9 15 53 50 39 50 46 51 43 46 47 45
9 16 66 36 37 29 42 28 43 32 33 41
9 17 84 26 26 27 16 26 15 25 18 27
9 18 32 67 66 59 69 64 58 65 65 63
9 19 89 15 21 22 11 11 19 17 17 13
9 20 86 20 22 21 20 18 16 14 24 12
9 21 9 77 79 79 84 82 89 89 90 90
9 22 44 56 57 49 50 52 58 56 47 47
9 23 71 36 30 33 25 27 35 38 38 25
9 24 84 19 22 23 27 22 28 25 20 22
9 25 86 16 22 25 12 13 13 25 12 19
9 26 45 56 50 49 51 61 50 59 51 59
9 27 77 22 27 28 34 23 31 29 24 32
9 28 31 62 62 64 70 59 67 65 67 65
9 29 12 80 83 78 81 78 81 80 75 77
9 30 0 85 91 98 92 89 94 94 99 93
9 31 59 34 34 44 39 42 40 36 34 35
9 32 0 85 92 85 99 89 88 93 96 86
10 11 62 39 40 44 38 34 36 32 44 45
10 12 94 17 10 6 17 15 5 8 17 14
10 13 45 60 54 48 55 54 51 49 50 50
10 14 81 29 16 29 19 21 15 27 25 16
10 15 26 68 63 74 71 67 76 66 75 63
10 16 9 87 87 79 80 90 82 80 78 85
10 17 26 71 63 72 69 73 71 66 65 69
10 18 54 38 41 45 51 47 47 46 44 45
10 19 56 44 42 43 49 49 42 50 40 50
10 20 76 22 24 30 31 24 29 32 34 23
10 21 68 31 31 32 36 27 37 28 28 40
10 22 9 89 79 82 86 85 91 77 77 86
10 23 98 8 1 10 7 6 7 13 1 14
10 24 26 70 73 69 70 77 71 67 76 68
10 25 52 49 47 46 41 45 44 53 50 40
10 26 79 24 24 29 25 27 31 20 20 18
10 27 29 59 64 71 68 73 61 68 63 68
10 28 95 15 5 5 13 12 16 12 12 17
10 29 29 61 61 71 67 68 66 72 64 69
10 30 69 38 38 37 28 31 41 35 28 38
10 31 58 47 49 39 41 36 46 41 49 36
10 32 65 32 42 29 32 30 37 43 40 33
11 12 7 84 88 84 78 78 80 87 79 81
11 13 88 18 12 19 15 19 11 23 21 23
11 14 91 21 13 22 16 16 9 7 16 9
11 15 79 22 23 22 19 21 19 22 25 20
11 16 44 51 62 53 50 54 56 51 49 50
11 17 75 25 34 28 22 27 24 35 30 25
11 18 14 73 73 86 77 72 76 76 87 84
11 19 17 83 83 82 74 82 78 73 76 76
11 20 52 42 53 43 42 42 54 49 48 42
11 21 70 37 38 38 32 39 35 32 27 28
11 22 78 24 22 31 26 25 29 30 31 21
11 23 13 76 85 73 74 74 83 84 79 85
11 24 80 27 27 30 30 26 29 24 25 29
11 25 79 22 27 28 20 28 28 20 28 26
11 26 47 57 51 54 49 49 54 55 47 55
11 27 54 46 40 53 40 45 53 41 51 46
11 28 90 11 11 19 9 14 10 18 11 11
11 29 4 88 84 94 84 85 91 86 84 88
11 30 72 32 34 35 27 34 32 31 36 32
11 31 97 14 6 13 4 16 15 2 6 7
11 32 20 70 73 67 73 76 70 74 72 71
12 13 97 14 13 16 10 10 5 9 13 7
12 14 65 29 38 30 32 39 37 31 31 30
12 15 5 89 82 84 89 83 83 85 81 89
12 16 16 75 81 84 81 77 81 74 79 79
12 17 87 17 17 24 17 20 24 22 16 19
12 18 22 78 67 79 67 79 79 80 77 75
12 19 94 19 6 19 15 7 14 15 19 15
12 20 32 61 62 69 60 70 64 59 64 66
12 21 47 50 57 51 50 56 49 53 54 52
12 22 60 40 35 45 38 40 42 47 35 39
12 23 80 21 27 27 25 22 27 26 25 21
12 24 64 45 34 31 39 41 35 31 32 35
12 25 34 62 56 56 61 57 57 58 56 61
12 26 4 82 91 94 94 82 94 88 85 85
12 27 56 41 41 38 40 38 49 47 42 45
12 28 50 45 51 55 56 42 45 45 51 45
12 29 22 74 66 67 71 78 76 72 71 69
12 30 53 43 42 45 40 40 51 52 40 49
12 31 12 79 79 76 77 75 78 78 88 82
12 32 8 88 78 85 79 88 85 87 90 88
13 14 11 85 77 80 88 77 84 80 82 81
13 15 70 32 32 36 39 27 30 26 33 36
13 16 32 59 66 65 63 71 58 61 64 61
13 17 45 58 59 49 55 55 60 49 46 54
13 18 49 52 43 53 51 56 45 49 44 53
13 19 49 50 52 47 57 48 43 48 44 55
13 20 8 92 84 92 89 82 87 78 85 89
13 21 86 19 11 18 16 24 25 12 15 13
13 22 78 30 33 25 25 19 18 20 30 24
13 23 94 19 5 13 8 14 15 19 10 17
13 24 19 70 71 81 70 75 74 82 76 77
13 25 85 25 15 23 13 17 13 18 26 24
13 26 18 70 80 73 76 84 79 77 71 70
13 27 12 77 85 77 85 85 86 82 85 79
13 28 73 24 25 24 25 36 34 31 27 34
13 29 95 11 14 14 7 7 7 16 7 11
13 30 9 80 84 90 85 84 85 78 79 91
13 31 3 95 83 86 85 91 96 90 84 83
13 32 93 5 11 14 8 15 19 14 14 19
14 15 61 46 35 36 45 33 38 36 43 37
14 16 39 56 53 57 64 54 51 54 57 56
14 17 92 9 8 14 6 19 6 9 19 20
14 18 73 27 27 36 28 28 29 28 22 22
14 19 16 82 77 85 80 82 81 74 81 74
14 20 15 74 74 74 74 73 85 80 73 84
14 21 44 51 55 54 50 59 58 48 51 58
14 22 18 78 71 72 82 73 71 83 73 71
14 23 17 76 74 81 82 83 76 75 74 73
14 24 22 66 68 80 74 75 77 72 72 80
14 25 25 64 67 76 70 71 66 73 63 69
14 26 40 54 56 60 55 58 62 58 52 61
14 27 46 57 57 58 50 52 52 46 56 52
14 28 75 25 25 29 24 23 26 33 31 24
14 29 48 53 47 44 51 52 52 48 46 58
14 30 29 72 74 62 61 64 71 63 66 60
14 31 38 62 52 65 57 53 65 60 66 57
14 32 51 52 47 53 56 53 56 51 53 46
15 16 0 86 95 98 94 95 93 93 89 87
15 17 19 73 82 72 69 68 68 68 78 80
15 18 90 12 19 10 20 10 17 9 18 19
15 19 60 44 34 45 43 38 47 39 46 48
15 20 32 57 64 69 68 71 60 68 70 69
15 21 57 39 43 43 48 42 43 47 49 39
15 22 64 34 37 40 36 35 33 35 42 42
15 23 90 17 22 8 18 13 18 18 10 16
15 24 13 80 85 81 82 76 85 81 88 77
15 25 39 61 64 59 54 64 53 66 59 61
15 26 93 6 8 17 12 13 6 20 9 8
15 27 58 40 43 48 45 37 37 38 41 49
15 28 89 13 22 22 23 18 22 22 20 10
15 29 56 48 36 50 40 38 44 38 39 48
15 30 25 65 67 71 75 72 72 64 68 73
15 31 1 87 91 87 93 97 94 97 88 84
15 32 75 32 25 25 29 24 34 21 27 27
16 17 92 11 7 8 17 21 20 13 16 15
16 18 67 35 31 36 30 28 37 28 37 41
16 19 92 21 10 21 8 16 6 15 8 16
16 20 18 71 79 72 76 70 70 83 78 71
16 21 89 23 21 20 16 16 20 16 15 16
16 22 37 67 53 67 63 55 61 53 54 67
16 23 71 33 33 28 29 30 24 34 33 31
16 24 17 79 80 78 71 76 72 77 76 70
16 25 34 67 59 70 59 70 66 70 59 65
16 26 85 22 14 26 16 25 22 13 23 25
16 27 41 50 61 61 53 52 57 56 53 63
16 28 32 58 58 71 64 65 70 59 60 70
16 29 4 94 88 85 82 89 90 85 84 89
16 30 22 68 75 76 77 67 74 73 72 75
16 31 15 81 77 73 73 81 75 83 86 81
16 32 90 18 21 21 18 10 16 8 9 16
17 18 49 52 52 53 44 57 52 53 52 43
17 19 10 77 81 80 82 89 87 87 87 89
17 20 46 50 50 45 47 58 50 53 48 56
17 21 78 20 26 30 20 25 20 20 22 25
17 22 13 79 78 79 75 77 76 74 77 74
17 23 14 79 82 78 74 81 86 81 84 80
17 24 1 97 84 97 86 97 86 86 90 91
17 25 93 7 12 11 15 12 7 11 15 11
17 26 2 85 95 95 82 94 95 95 83 90
17 27 9 89 91 88 89 78 91 87 89 88
17 28 95 13 5 9 17 16 9 15 13 4
17 29 46 46 57 51 47 48 59 47 53 48
17 30 49 56 52 45 52 56 47 51 51 56
17 31 5 93 89 88 95 83 92 85 92 91
17 32 36 58 67 67 58 54 67 61 68 66
18 19 82 16 24 17 24 22 18 24 18 18
18 20 54 48 40 44 40 43 39 48 44 45
18 21 88 19 11 21 22 17 22 21 15 14
18 22 2 94 90 92 90 89 93 93 97 82
18 23 95 10 10 15 11 8 4 11 18 15
18 24 22 74 67 70 73 69 71 74 78 67
18 25 40 53 54 52 52 57 51 62 54 54
18 26 65 42 39 42 38 39 30 32 31 33
18 27 22 73 74 80 72 80 72 75 69 73
18 28 91 18 18 9 15 16 19 19 16 21
18 29 0 89 93 93 96 84 96 93 98 88
18 30 7 93 84 83 89 82 91 90 90 80
18 31 11 85 80 78 89 82 78 84 82 80
18 32 92 19 16 8 12 20 15 16 8 7
19 20 12 80 77 88 86 77 76 86 84 88
19 21 32 64 66 70 61 64 69 60 58 60
19 22 83 25 26 24 26 24 14 18 15 21
19 23 46 56 56 47 59 49 48 51 58 55
19 24 97 2 5 2 9 3 11 14 4 6
19 25 78 26 28 28 20 32 26 32 30 22
19 26 79 23 24 30 23 20 22 18 19 18
19 27 12 75 83 83 84 74 86 74 87 81
19 28 50 53 46 51 48 54 48 54 50 52
19 29 21 76 67 81 73 76 76 80 73 78
19 30 34 67 59 70 57 63 61 66 63 66
19 31 84 20 25 27 15 19 17 25 18 16
19 32 55 49 46 50 43 39 41 40 38 49
20 21 49 55 44 48 46 56 51 54 50 53
20 22 56 44 46 48 41 45 44 40 48 37
20 23 4 91 88 83 89 88 90 83 89 89
20 24 20 81 79 74 78 70 70 80 69 76
20 25 45 60 60 51 48 47 49 48 53 46
20 26 14 75 81 75 73 80 72 73 82 84
20 27 88 17 21 18 13 23 20 16 10 11
20 28 85 17 20 16 15 13 14 21 20 15
20 29 42 62 63 49 60 53 61 60 61 55
20 30 69 25 28 34 32 39 27 37 32 26
20 31 16 72 73 79 76 78 83 76 78 75
20 32 95 16 16 18 9 11 13 5 4 11
21 22 16 85 84 73 84 77 82 72 71 75
21 23 2 93 87 92 94 85 93 85 97 88
21 24 16 85 76 81 71 78 76 84 72 73
21 25 6 93 80 80 87 91 94 84 80 91
21 26 84 14 19 19 24 17 21 20 17 16
21 27 87 15 23 20 22 24 25 19 24 17
21 28 73 30 36 23 29 31 31 37 32 36
21 29 27 69 71 64 76 75 71 70 65 71
21 30 38 64 52 58 56 62 53 63 64 64
21 31 5 86 90 83 94 81 84 81 86 89
21 32 10 77 80 78 79 81 80 86 83 77
22 23 52 42 55 44 49 45 42 45 53 41
22 24 59 43 36 37 48 42 40 40 36 42
22 25 49 45 51 49 56 53 47 44 44 51
22 26 5 93 93 81 91 84 89 90 86 87
22 27 64 37 35 38 30 42 31 42 42 44
22 28 61 44 35 38 34 34 40 45 45 40
22 29 98 8 9 4 15 11 3 5 15 8
22 30 81 20 27 16 28 19 28 29 17 16
22 31 64 37 33 34 32 37 36 38 40 42
22 32 72 27 30 29 33 26 25 32 26 37
23 24 46 55 56 55 53 55 56 53 57 46
23 25 37 54 56 53 60 60 53 62 62 67
23 26 75 24 26 32 22 30 25 24 25 30
23 27 27 63 75 69 70 74 76 64 73 72
23 28 87 14 16 11 16 12 14 16 13 24
23 29 78 24 27 19 32 21 27 18 23 22
23 30 13 76 76 76 88 74 82 74 78 78
23 31 26 75 67 63 66 71 67 72 69 63
23 32 99 6 9 8 1 1 1 8 7 4
24 25 26 65 72 76 70 68 76 71 76 76
24 26 81 20 28 20 17 17 18 29 18 16
24 27 30 60 72 67 69 69 71 71 69 72
24 28 8 87 79 86 84 83 85 79 92 80
24 29 83 25 21 21 16 26 17 15 23 18
24 30 87 17 24 15 22 18 18 23 24 20
24 31 68 29 35 28 30 29 40 34 31 31
24 32 1 86 98 84 98 97 94 83 86 95
25 26 61 43 44 33 42 45 41 37 36 41
25 27 23 79 74 76 70 75 78 70 68 66
25 28 23 72 77 69 76 65 71 67 72 67
25 29 28 62 69 73 63 69 64 63 74 61
25 30 79 31 26 20 23 18 32 20 28 22
25 31 93 17 10 14 18 6 19 17 16 13
25 32 34 56 57 59 66 59 56 66 68 64
26 27 68 32 32 27 39 30 28 38 35 30
26 28 41 53 53 59 59 52 52 51 55 58
26 29 17 72 78 76 80 78 82 73 73 71
26 30 42 50 51 57 51 57 52 59 62 60
26 31 55 40 44 50 52 41 41 41 47 40
26 32 70 33 29 36 32 28 25 34 39 33
27 28 54 48 48 41 49 39 51 48 39 45
27 29 76 30 32 27 33 24 24 30 25 26
27 30 22 73 79 67 70 71 69 79 66 67
27 31 65 41 43 36 31 40 32 43 37 39
27 32 33 65 68 70 66 67 61 58 66 60
28 29 61 46 37 43 41 46 46 45 36 41
28 30 83 27 17 26 25 20 26 15 14 22
28 31 16 73 85 78 78 85 76 79 85 76
28 32 22 75 66 73 78 80 74 78 70 74
29 30 99 13 3 5 2 15 3 10 13 14
29 31 49 44 50 56 51 50 51 51 57 47
29 32 59 36 35 45 41 45 36 35 46 34
30 31 36 60 58 55 59 66 59 62 63 58
30 32 56 48 46 49 47 38 38 48 43 38
31 32 67 31 39 41 30 33 28 37 41 39
