35 10
0 0 0 0 0.5 0.5 0 0 0 0 
0 1 35 28 40 50 29 43 37 54 79 35
0 2 12 66 86 76 63 92 59 87 23 49
0 3 88 56 76 41 70 53 74 57 50 47
0 4 99 7 21 55 0 57 44 61 35 50
0 5 99 2 35 10 56 12 2 54 60 47
0 6 72 62 60 28 13 38 66 45 35 66
0 7 75 26 16 25 36 34 74 78 78 32
0 8 74 78 54 43 39 45 42 50 80 45
0 9 93 40 47 68 67 25 31 73 8 32
0 10 5 38 98 50 62 85 60 63 36 22
0 11 56 65 29 27 15 30 33 71 17 22
0 12 89 12 54 80 43 31 46 56 32 19
0 13 52 85 12 18 77 75 31 44 57 88
0 14 60 27 13 21 21 58 31 42 45 54
0 15 56 19 68 45 55 69 13 22 61 32
0 16 54 61 42 10 44 19 72 48 34 84
0 17 96 46 20 4 9 56 71 21 60 19
0 18 80 21 67 27 6 74 72 5 68 48
0 19 76 57 82 24 71 69 12 74 24 74
0 20 9 78 82 97 75 79 43 93 67 55
0 21 65 44 14 39 55 29 15 28 12 72
0 22 43 41 78 40 44 72 57 62 90 26
0 23 54 37 36 58 78 68 71 72 60 17
0 24 84 54 19 21 77 41 40 12 14 31
0 25 50 66 12 26 30 20 20 26 78 24
0 26 59 41 61 47 38 85 38 85 30 15
0 27 96 69 67 8 63 29 36 55 60 10
0 28 57 28 34 49 87 56 65 68 59 85
0 29 52 67 20 11 61 75 49 26 82 71
0 30 11 17 54 21 79 36 85 94 27 39
0 31 82 79 9 80 26 73 77 82 39 40
0 32 67 36 31 55 64 77 14 78 29 38
0 33 85 5 38 68 4 61 59 31 73 9
0 34 7 25 81 74 94 55 85 57 71 95
1 2 41 24 19 62 79 64 46 65 30 66
1 3 90 50 80 34 49 73 79 73 27 45
1 4 45 45 54 20 41 33 42 83 60 65
1 5 22 20 55 32 30 29 71 21 67 18
1 6 75 36 6 26 21 25 82 78 60 24
1 7 16 74 17 55 57 18 53 61 46 85
1 8 2 76 62 94 72 38 76 71 28 69
1 9 61 24 44 13 10 18 42 50 84 68
1 10 80 74 19 49 26 41 22 54 54 82
1 11 47 47 70 53 84 51 82 56 33 61
1 12 32 45 72 30 20 25 40 88 55 77
1 13 63 23 35 28 26 79 55 7 45 53
1 14 79 84 30 42 9 54 14 41 64 9
1 15 96 11 9 26 61 59 48 67 26 69
1 16 54 16 36 49 11 16 29 70 71 24
1 17 31 53 25 20 89 38 25 71 75 74
1 18 92 39 72 19 73 73 58 58 21 40
1 19 86 50 37 23 25 19 4 42 30 52
1 20 61 33 78 39 87 15 70 38 65 58
1 21 1 71 39 65 98 57 61 37 52 86
1 22 37 37 38 32 82 24 14 65 23 79
1 23 22 50 25 83 81 81 66 82 67 93
1 24 87 78 27 74 26 53 12 50 65 72
1 25 89 67 28 62 27 16 69 50 56 43
1 26 5 81 38 52 72 62 33 30 76 86
1 27 47 30 61 46 32 29 29 53 69 51
1 28 17 86 88 71 32 61 43 24 40 35
1 29 87 3 80 57 28 26 43 47 79 69
1 30 42 30 35 77 61 44 88 21 74 79
1 31 59 25 9 43 13 23 29 45 42 21
1 32 33 82 88 47 93 87 40 42 68 35
1 33 47 31 60 84 87 42 37 37 59 10
1 34 84 72 15 37 27 10 43 54 11 4
2 3 10 20 88 83 62 54 85 24 88 80
2 4 71 41 41 47 55 21 82 40 25 80
2 5 59 76 74 77 80 63 40 29 78 17
2 6 15 80 56 36 86 34 32 44 86 56
2 7 23 74 91 43 71 17 64 26 24 35
2 8 90 22 19 63 56 65 62 7 42 24
2 9 38 72 49 49 81 51 81 24 74 22
2 10 43 50 29 57 23 88 28 25 88 12
2 11 71 13 32 75 75 78 15 66 67 83
2 12 93 46 76 12 65 78 26 55 55 75
2 13 36 59 47 59 25 24 78 22 38 62
2 14 87 77 67 9 28 6 20 56 69 79
2 15 31 79 30 72 21 85 26 17 72 66
2 16 44 30 23 16 19 39 16 64 19 64
2 17 12 51 38 87 43 79 84 50 85 92
2 18 73 62 75 55 39 15 38 71 71 78
2 19 6 56 37 33 87 20 55 57 29 44
2 20 83 59 80 13 17 47 62 65 24 71
2 21 17 58 32 52 65 93 83 95 44 17
2 22 89 57 69 79 4 21 18 70 45 74
2 23 71 71 19 45 23 53 37 83 43 40
2 24 29 75 70 65 21 15 50 43 82 24
2 25 35 51 24 16 34 35 42 47 76 66
2 26 69 74 18 18 24 23 76 33 62 54
2 27 6 65 83 87 78 59 18 80 27 72
2 28 74 14 38 44 77 42 24 53 16 15
2 29 48 48 88 73 22 15 45 17 12 67
2 30 44 15 59 27 33 49 82 59 56 15
2 31 63 37 46 59 15 39 19 51 69 14
2 32 96 45 36 47 32 63 78 53 19 10
2 33 37 52 80 89 15 64 34 86 39 78
2 34 64 9 45 76 33 44 73 42 37 40
3 4 4 84 39 82 36 62 81 53 55 37
3 5 46 18 31 47 78 66 36 30 75 61
3 6 94 49 56 37 63 18 14 76 24 52
3 7 98 16 3 60 66 39 37 45 63 48
3 8 10 41 79 82 68 89 58 52 26 94
3 9 19 54 82 39 46 28 59 90 82 71
3 10 8 41 28 87 24 95 87 25 70 71
3 11 8 70 33 22 64 41 32 19 44 47
3 12 21 87 56 23 73 86 47 51 33 90
3 13 3 76 51 61 35 81 83 33 92 81
3 14 64 19 63 60 81 47 10 40 82 63
3 15 5 91 32 41 65 39 23 75 78 33
3 16 0 39 23 88 27 48 86 58 29 87
3 17 7 20 73 84 63 54 65 47 66 94
3 18 25 34 85 79 72 43 73 57 65 81
3 19 6 25 26 76 65 26 22 35 63 56
3 20 95 59 53 46 78 29 21 58 46 37
3 21 22 84 28 70 58 55 36 32 36 21
3 22 85 32 42 62 27 77 9 35 49 32
3 23 41 20 51 27 14 54 14 50 72 29
3 24 96 47 66 53 76 14 76 77 62 4
3 25 12 18 22 85 17 29 49 28 37 70
3 26 32 85 21 33 14 18 46 88 86 50
3 27 72 57 32 34 66 77 48 19 36 67
3 28 93 65 49 11 34 74 29 63 77 81
3 29 95 71 58 34 4 24 27 37 3 76
3 30 99 58 51 23 59 3 28 30 3 48
3 31 1 36 41 53 61 43 56 74 88 46
3 32 58 74 45 8 87 32 11 17 82 28
3 33 40 75 77 62 74 57 29 30 18 53
3 34 13 18 81 20 66 54 49 70 74 46
4 5 44 40 34 37 86 34 39 87 70 20
4 6 85 20 11 15 12 46 65 54 44 62
4 7 99 66 78 28 71 14 64 35 22 48
4 8 55 35 74 37 45 47 36 57 48 49
4 9 85 12 64 49 79 22 50 61 73 38
4 10 69 62 45 77 28 63 71 54 8 33
4 11 58 11 73 39 11 67 75 30 10 56
4 12 19 16 52 54 87 19 78 55 54 91
4 13 12 91 60 78 19 29 31 62 41 70
4 14 70 57 70 45 24 15 53 56 10 33
4 15 40 21 16 69 80 20 30 38 13 58
4 16 59 57 42 42 55 40 30 37 15 86
4 17 82 75 25 5 63 4 63 8 77 43
4 18 23 53 55 41 55 93 94 24 87 33
4 19 58 30 58 37 81 31 34 13 85 53
4 20 20 44 43 77 21 62 92 21 16 85
4 21 12 23 76 77 97 84 82 41 71 69
4 22 42 25 14 65 52 74 70 25 23 72
4 23 4 21 97 28 45 60 80 71 40 78
4 24 23 88 82 53 68 48 24 87 94 44
4 25 34 37 68 89 50 30 77 38 58 34
4 26 45 42 15 25 70 48 13 45 57 60
4 27 84 67 69 8 69 14 25 29 67 70
4 28 28 42 76 49 32 83 59 38 74 69
4 29 52 34 65 11 84 46 15 14 65 37
4 30 9 35 75 31 66 39 29 96 51 22
4 31 91 60 31 75 22 32 55 55 28 75
4 32 16 56 23 41 83 80 75 55 76 67
4 33 61 27 23 19 47 47 39 13 44 56
4 34 88 72 10 71 16 36 8 25 18 57
5 6 55 65 52 16 30 70 17 65 26 88
5 7 37 44 45 32 81 86 78 73 43 52
5 8 17 92 66 37 18 68 72 51 85 73
5 9 33 73 92 41 67 27 81 64 33 18
5 10 16 92 23 57 48 61 60 51 95 79
5 11 49 46 50 34 58 40 47 11 12 28
5 12 89 54 39 42 15 22 61 28 47 40
5 13 39 14 35 21 30 76 76 36 56 76
5 14 32 29 26 15 25 60 72 26 89 19
5 15 27 77 67 17 85 35 69 94 29 59
5 16 64 38 26 34 15 12 66 38 31 35
5 17 10 70 35 36 22 33 89 48 21 93
5 18 9 62 45 59 97 21 36 34 32 84
5 19 18 23 49 64 63 44 64 48 68 48
5 20 84 68 44 9 30 78 16 74 52 16
5 21 62 17 21 83 51 21 50 84 28 74
5 22 8 52 42 59 69 35 22 85 89 29
5 23 62 9 48 75 13 46 37 20 14 58
5 24 2 80 31 29 68 58 53 96 28 55
5 25 71 35 58 38 75 65 43 66 7 61
5 26 34 16 46 57 34 53 28 19 58 74
5 27 14 34 53 20 66 79 47 78 20 28
5 28 97 64 15 72 18 72 36 66 2 67
5 29 55 26 43 13 64 60 78 77 9 26
5 30 44 71 73 46 64 32 26 74 56 26
5 31 80 28 79 25 79 23 8 80 65 52
5 32 75 55 9 53 19 11 50 20 24 72
5 33 8 63 55 35 53 78 23 34 48 70
5 34 71 71 31 38 47 75 76 11 63 82
6 7 42 50 40 63 90 66 62 88 85 51
6 8 81 16 24 80 75 36 74 14 59 44
6 9 26 78 88 49 26 35 23 38 82 64
6 10 1 83 73 47 63 32 98 30 55 88
6 11 87 69 41 65 11 51 53 67 33 73
6 12 29 73 63 64 52 75 44 71 19 46
6 13 25 36 82 40 63 41 89 73 81 59
6 14 61 66 76 47 60 44 52 85 29 8
6 15 78 67 79 66 31 53 77 7 80 44
6 16 8 93 39 94 83 53 52 65 23 90
6 17 20 56 41 81 89 92 30 27 69 83
6 18 75 42 82 10 62 15 82 55 44 45
6 19 28 31 23 52 93 62 60 83 73 89
6 20 58 23 71 9 9 86 58 26 74 68
6 21 15 92 40 20 54 55 18 34 95 47
6 22 80 35 47 69 79 28 62 54 23 72
6 23 62 43 59 46 60 8 16 77 53 40
6 24 77 62 24 33 14 47 60 67 73 41
6 25 56 46 69 72 62 29 27 87 45 86
6 26 84 72 38 57 35 30 69 56 75 11
6 27 7 79 59 52 87 22 60 74 85 45
6 28 36 69 51 13 42 73 87 30 50 29
6 29 5 90 19 79 26 21 36 81 87 68
6 30 7 57 22 82 46 56 86 84 43 50
6 31 75 29 26 29 36 70 38 63 27 30
6 32 88 41 21 29 58 15 60 2 60 21
6 33 49 25 25 76 71 67 89 12 75 39
6 34 80 81 70 24 65 19 61 16 27 54
7 8 49 35 12 51 38 29 31 69 59 32
7 9 90 26 22 54 24 67 50 45 64 34
7 10 43 16 62 30 62 77 78 56 74 30
7 11 74 35 40 43 20 70 46 71 19 24
7 12 42 39 51 44 59 55 31 89 27 88
7 13 80 23 12 76 21 61 8 28 72 37
7 14 83 79 32 59 55 66 76 13 57 38
7 15 81 20 80 82 61 16 64 23 63 77
7 16 69 81 28 11 86 27 47 18 36 56
7 17 55 11 40 66 13 74 24 73 62 18
7 18 52 9 32 36 36 60 44 28 47 17
7 19 77 73 67 31 54 23 51 4 55 24
7 20 38 55 89 31 29 35 37 48 86 48
7 21 4 89 86 42 63 87 55 86 59 48
7 22 47 16 83 57 89 63 47 16 23 48
7 23 36 22 71 46 75 49 78 25 38 81
7 24 24 84 93 32 73 77 30 44 18 21
7 25 7 58 37 85 66 61 48 31 94 73
7 26 69 20 64 73 8 13 19 14 46 26
7 27 20 35 78 64 79 84 87 31 60 26
7 28 82 57 21 37 9 74 29 8 43 77
7 29 24 17 64 80 87 83 32 19 56 40
7 30 38 31 48 28 72 76 18 63 49 69
7 31 91 48 57 45 3 34 20 74 39 30
7 32 0 25 80 77 80 93 76 64 62 54
7 33 35 63 58 33 72 78 74 78 66 76
7 34 13 62 89 83 80 89 60 17 86 52
8 9 68 20 47 41 32 46 22 49 20 54
8 10 57 85 85 87 22 76 64 65 49 14
8 11 68 58 9 67 28 21 76 22 75 41
8 12 63 80 47 34 85 45 48 44 10 57
8 13 91 59 43 28 55 32 14 30 22 55
8 14 89 69 51 79 60 53 10 49 13 67
8 15 35 25 59 50 37 14 70 69 78 64
8 16 94 34 54 4 51 77 80 64 8 15
8 17 25 61 57 79 93 80 47 37 31 67
8 18 10 96 78 32 36 56 29 44 41 37
8 19 89 12 49 73 55 2 61 17 47 47
8 20 21 78 45 79 62 77 91 73 81 64
8 21 26 79 39 20 30 77 62 43 17 55
8 22 52 48 32 28 64 59 67 41 34 71
8 23 38 31 27 27 45 71 55 61 78 25
8 24 54 14 43 80 88 23 71 46 41 54
8 25 11 85 52 90 94 79 58 75 49 33
8 26 54 80 37 18 15 55 47 22 38 30
8 27 63 85 10 38 14 52 86 55 40 84
8 28 54 83 35 82 26 65 78 88 22 43
8 29 3 81 50 57 31 97 28 39 32 72
8 30 66 29 46 13 49 85 25 15 8 17
8 31 37 13 27 78 61 73 52 12 72 15
8 32 48 34 68 58 74 28 71 37 43 71
8 33 29 19 19 66 16 54 66 43 25 92
8 34 94 36 46 39 61 61 20 5 15 67
9 10 48 31 27 19 29 49 68 26 12 88
9 11 39 45 20 24 51 34 19 56 80 48
9 12 53 72 13 35 87 20 22 46 39 39
9 13 93 64 58 20 68 23 71 27 11 15
9 14 23 92 65 72 62 51 30 56 44 75
9 15 81 14 9 39 12 67 46 29 36 25
9 16 51 44 74 31 19 48 71 9 10 85
9 17 20 26 27 26 21 57 38 37 88 75
9 18 43 60 42 75 27 22 19 41 23 38
9 19 75 35 35 4 16 80 54 61 47 57
9 20 27 18 66 93 43 30 71 20 25 62
9 21 40 52 68 56 12 54 33 59 45 35
9 22 69 48 77 78 18 51 8 82 15 31
9 23 60 26 29 27 30 26 32 11 67 67
9 24 10 57 18 34 50 54 19 54 29 52
9 25 36 19 68 76 17 81 45 37 84 52
9 26 71 60 48 48 7 55 51 8 38 20
9 27 50 78 65 50 37 46 28 78 76 66
9 28 81 50 39 9 29 51 22 16 67 12
9 29 33 76 62 54 34 14 73 51 57 36
9 30 14 75 85 35 87 18 75 51 54 20
9 31 0 35 36 21 32 60 68 37 77 63
9 32 83 35 9 69 21 33 72 40 21 70
9 33 18 26 17 94 75 52 47 87 67 29
9 34 26 39 36 72 87 83 47 45 32 67
10 11 8 29 67 82 96 40 63 59 94 61
10 12 43 47 33 80 25 17 36 24 81 57
10 13 76 46 36 70 77 58 84 84 14 80
10 14 44 43 16 18 55 57 37 63 88 42
10 15 14 25 65 89 20 38 57 96 65 62
10 16 75 16 82 70 19 14 73 19 33 45
10 17 48 73 44 38 13 77 60 80 61 82
10 18 53 64 37 35 60 37 44 14 79 64
10 19 88 6 58 77 55 81 14 63 13 55
10 20 62 86 54 25 54 26 39 30 59 72
10 21 46 18 47 85 31 42 42 19 61 78
10 22 33 53 77 82 15 27 73 68 78 86
10 23 23 39 61 76 84 21 61 37 34 26
10 24 57 79 42 79 56 64 74 65 84 23
10 25 85 60 35 67 66 32 14 39 42 15
10 26 54 52 27 76 15 88 66 84 86 18
10 27 58 12 63 76 28 79 59 37 14 84
10 28 81 63 55 21 39 17 47 73 39 17
10 29 53 34 48 24 14 36 37 37 67 22
10 30 64 40 54 45 54 56 20 39 50 22
10 31 38 55 72 17 71 52 91 64 72 65
10 32 43 69 73 21 47 27 60 20 19 19
10 33 58 43 79 11 64 72 83 55 84 60
10 34 64 52 43 69 57 7 9 54 62 28
11 12 46 86 32 67 38 12 89 79 67 20
11 13 25 49 38 19 78 90 25 92 51 64
11 14 72 23 70 45 16 62 72 21 51 13
11 15 75 41 57 56 71 5 41 27 69 75
11 16 96 47 46 46 9 24 42 67 40 79
11 17 28 67 56 43 61 72 20 49 44 68
11 18 99 65 54 43 55 18 24 12 70 76
11 19 26 85 64 21 88 68 52 22 72 32
11 20 48 23 41 21 22 50 81 65 29 38
11 21 89 27 42 55 78 28 53 47 58 43
11 22 31 75 72 29 22 19 54 72 25 78
11 23 55 65 59 45 48 27 16 71 84 78
11 24 72 10 74 34 38 48 67 37 39 25
11 25 51 89 12 30 12 64 46 70 19 11
11 26 93 79 27 5 78 23 19 24 29 37
11 27 78 26 13 50 35 16 10 48 19 74
11 28 17 88 18 95 95 33 58 77 37 70
11 29 76 54 62 16 82 38 64 64 20 40
11 30 97 25 6 30 15 57 59 49 45 14
11 31 67 85 8 27 22 57 49 43 9 12
11 32 29 77 58 70 93 28 62 29 19 75
11 33 29 29 37 79 42 54 87 83 44 15
11 34 57 69 31 53 79 53 37 12 57 67
12 13 71 45 48 79 61 68 71 9 14 45
12 14 80 4 71 73 47 51 71 21 50 53
12 15 94 54 49 76 6 69 59 6 73 36
12 16 39 48 20 79 59 82 20 82 20 59
12 17 88 75 23 71 68 59 79 7 24 50
12 18 79 41 54 37 37 14 77 50 11 36
12 19 14 28 22 47 51 73 76 40 76 48
12 20 49 42 20 26 30 63 72 65 38 65
12 21 4 61 38 86 83 52 32 59 46 78
12 22 20 19 47 94 79 31 44 54 44 72
12 23 21 78 55 16 61 57 35 77 86 15
12 24 36 62 74 23 42 58 43 42 66 28
12 25 35 16 64 92 70 18 58 79 13 85
12 26 55 82 43 50 77 85 19 58 83 54
12 27 72 9 66 45 40 61 67 77 45 34
12 28 41 77 15 87 72 82 31 29 66 54
12 29 56 51 21 15 83 35 59 16 81 28
12 30 95 51 26 64 74 61 62 80 3 54
12 31 39 45 76 77 53 27 69 20 25 22
12 32 59 19 60 62 77 84 20 38 8 45
12 33 41 72 60 64 47 74 75 29 41 48
12 34 56 34 73 14 66 70 58 47 67 24
13 14 48 26 86 50 87 60 16 35 66 56
13 15 26 54 39 56 33 39 55 25 69 52
13 16 84 56 7 78 23 16 65 17 79 26
13 17 31 90 75 47 13 63 38 69 13 68
13 18 24 28 82 72 78 45 81 92 64 76
13 19 51 46 12 84 12 84 54 89 73 67
13 20 93 9 73 7 7 66 18 58 24 49
13 21 71 49 50 65 37 58 46 26 83 47
13 22 69 41 40 78 45 28 8 58 31 86
13 23 47 46 34 87 63 18 73 69 78 22
13 24 27 17 37 93 69 65 87 36 70 76
13 25 25 71 43 29 90 92 79 75 77 43
13 26 32 27 49 76 50 58 44 52 40 89
13 27 9 67 38 51 51 43 55 61 50 48
13 28 75 53 35 7 72 56 58 11 17 23
13 29 68 57 57 52 85 83 51 63 13 8
13 30 7 50 52 36 21 84 95 87 26 52
13 31 18 35 67 83 29 34 79 24 65 36
13 32 22 84 84 40 81 76 69 69 22 62
13 33 52 22 60 55 42 67 74 33 66 85
13 34 87 39 63 80 6 77 55 72 74 21
14 15 89 5 74 43 40 52 55 81 61 69
14 16 36 72 36 22 45 48 33 77 55 18
14 17 27 66 50 74 69 33 39 76 44 69
14 18 37 90 61 22 61 51 48 68 64 58
14 19 41 45 70 82 46 66 36 68 57 77
14 20 0 79 66 68 50 36 22 39 79 85
14 21 50 23 24 18 12 86 13 52 42 56
14 22 73 72 54 58 24 13 32 78 21 6
14 23 68 82 61 21 16 43 67 23 53 54
14 24 93 42 77 13 19 17 80 24 72 33
14 25 21 15 21 64 40 81 42 79 66 25
14 26 98 38 40 78 15 14 78 7 58 22
14 27 89 75 54 78 33 75 35 41 54 70
14 28 73 27 26 5 69 71 31 9 17 77
14 29 58 8 39 19 84 58 78 49 64 43
14 30 70 22 42 15 77 46 44 69 66 53
14 31 73 36 55 8 49 73 44 12 12 39
14 32 79 68 49 48 48 24 58 64 61 33
14 33 72 68 78 38 85 59 76 75 45 73
14 34 74 32 77 61 46 76 67 80 37 38
15 16 81 49 18 41 64 11 11 65 38 25
15 17 43 39 28 28 17 13 74 58 54 19
15 18 47 15 83 74 21 27 44 30 66 12
15 19 86 71 33 31 45 62 9 72 6 70
15 20 27 71 41 26 17 61 93 31 30 52
15 21 0 43 27 83 45 21 90 40 43 72
15 22 23 39 21 23 61 43 71 30 57 36
15 23 59 86 59 73 61 80 59 49 72 29
15 24 2 94 90 36 53 49 68 82 29 75
15 25 51 32 39 52 33 21 77 79 50 73
15 26 40 60 19 57 43 24 68 50 74 83
15 27 88 22 41 76 33 10 31 40 10 45
15 28 17 17 68 49 61 59 31 72 46 53
15 29 3 21 85 92 52 67 90 68 50 26
15 30 53 72 22 82 32 22 53 66 55 80
15 31 86 58 38 3 9 81 72 51 27 36
15 32 44 41 36 26 39 69 76 69 35 78
15 33 72 9 50 29 84 76 36 30 5 83
15 34 78 72 48 22 45 36 70 69 13 73
16 17 10 37 72 78 60 39 46 29 81 61
16 18 14 56 89 96 58 84 22 68 67 67
16 19 0 29 57 98 36 92 31 86 31 61
16 20 13 25 51 28 41 73 57 73 36 75
16 21 27 53 81 93 85 26 21 79 62 69
16 22 63 32 33 26 81 38 59 60 10 62
16 23 27 56 27 56 34 78 19 44 27 36
16 24 43 32 82 14 44 43 55 75 22 56
16 25 4 74 93 97 51 87 61 54 98 34
16 26 10 39 83 44 84 29 62 64 79 29
16 27 63 33 57 68 43 37 23 39 84 56
16 28 16 44 48 79 63 24 27 48 82 80
16 29 99 35 22 61 64 56 14 34 38 37
16 30 42 45 27 26 90 68 40 24 74 52
16 31 21 35 89 74 30 77 17 21 90 87
16 32 69 43 34 36 78 59 47 32 38 51
16 33 17 30 89 56 87 74 79 31 38 93
16 34 39 21 27 48 71 69 34 63 36 45
17 18 6 56 49 32 46 26 78 58 51 45
17 19 13 33 20 62 48 60 80 40 96 26
17 20 82 8 19 36 19 25 23 64 70 52
17 21 88 12 48 71 59 67 63 44 66 55
17 22 23 27 16 37 66 52 54 45 15 26
17 23 57 30 56 56 43 21 46 42 20 41
17 24 21 43 51 50 68 92 84 36 59 50
17 25 35 15 54 83 23 74 25 43 63 48
17 26 62 57 10 65 12 12 10 9 67 18
17 27 67 54 22 61 12 62 35 54 54 35
17 28 63 13 44 86 17 9 53 20 37 17
17 29 6 43 43 28 39 89 82 82 23 62
17 30 88 65 65 23 46 74 11 51 18 2
17 31 18 18 52 86 30 58 35 43 85 23
17 32 97 18 40 1 63 36 10 21 61 22
17 33 21 59 73 39 16 88 59 70 55 22
17 34 23 71 24 86 89 66 34 71 39 62
18 19 15 69 89 17 67 91 48 77 91 70
18 20 13 83 24 42 18 67 20 76 53 93
18 21 26 19 43 46 28 73 63 81 22 55
18 22 4 27 59 81 34 44 22 43 26 49
18 23 61 34 54 44 55 77 10 87 71 16
18 24 9 41 23 57 72 27 75 95 62 82
18 25 97 60 5 28 66 16 40 75 71 60
18 26 2 46 65 87 71 35 27 76 66 91
18 27 5 31 96 36 51 98 73 19 30 93
18 28 82 71 82 71 4 33 80 62 15 38
18 29 50 68 50 47 50 19 25 27 82 20
18 30 20 79 23 47 59 38 72 83 23 16
18 31 80 13 61 59 58 46 60 16 7 46
18 32 18 17 76 39 68 25 55 54 25 17
18 33 77 36 9 81 64 75 44 66 67 42
18 34 79 54 22 8 78 4 60 45 69 51
19 20 20 55 27 57 82 48 39 94 17 89
19 21 54 68 87 61 55 74 55 34 68 42
19 22 71 76 15 33 51 84 78 65 44 18
19 23 2 34 96 41 22 86 85 94 41 93
19 24 17 51 48 65 44 52 68 79 31 72
19 25 89 54 57 53 22 54 5 23 12 29
19 26 43 28 25 42 18 75 21 29 62 74
19 27 52 36 62 64 37 56 27 41 69 36
19 28 72 51 40 54 37 52 44 49 64 36
19 29 26 68 65 65 15 33 74 72 33 53
19 30 19 35 42 76 72 87 66 95 85 94
19 31 21 84 61 49 57 93 91 31 22 24
19 32 26 85 47 33 84 52 35 71 56 38
19 33 65 43 77 43 57 26 39 14 37 15
19 34 40 49 39 66 21 67 49 41 18 81
20 21 19 29 35 86 59 48 72 19 59 64
20 22 82 68 28 32 29 77 30 73 9 74
20 23 18 87 77 49 57 21 52 21 38 80
20 24 5 30 58 50 61 72 48 82 38 91
20 25 94 37 39 5 61 22 25 74 25 61
20 26 15 33 86 76 75 53 19 42 20 30
20 27 83 3 49 15 70 76 33 73 24 34
20 28 81 52 31 12 80 35 65 20 60 21
20 29 40 26 19 12 77 59 41 55 73 13
20 30 21 28 86 28 58 67 35 66 85 26
20 31 33 60 81 83 28 55 73 64 52 28
20 32 35 24 44 76 91 26 26 87 45 90
20 33 97 49 62 52 13 53 67 39 35 76
20 34 59 56 83 77 50 44 12 38 72 38
21 22 43 72 89 78 30 41 35 76 64 35
21 23 10 45 34 47 51 26 69 94 41 28
21 24 40 73 49 55 75 44 73 64 38 12
21 25 14 23 54 41 48 61 65 37 25 94
21 26 48 36 50 67 26 83 86 67 72 40
21 27 52 48 19 34 52 22 75 63 22 18
21 28 99 18 23 52 52 57 55 17 79 24
21 29 21 78 92 33 78 35 65 91 25 70
21 30 62 56 40 59 73 24 66 22 31 10
21 31 68 52 14 25 28 45 82 48 11 57
21 32 62 69 32 75 63 12 15 28 52 68
21 33 80 11 49 64 16 9 4 23 21 79
21 34 56 48 57 79 80 25 20 52 48 46
22 23 19 72 37 65 31 36 71 35 30 31
22 24 32 33 70 22 23 67 13 44 65 65
22 25 25 50 24 49 41 79 50 72 48 85
22 26 68 68 38 80 70 48 29 45 49 58
22 27 36 56 84 23 45 18 75 73 70 34
22 28 86 17 66 34 51 36 68 18 10 56
22 29 2 50 21 53 75 37 77 40 25 35
22 30 48 85 60 76 44 76 70 21 73 71
22 31 3 64 89 25 98 89 66 41 88 79
22 32 59 87 25 13 13 81 29 26 27 12
22 33 74 68 71 5 69 46 57 42 16 27
22 34 1 25 27 36 43 78 93 96 69 45
23 24 33 50 68 33 15 52 62 62 44 26
23 25 56 18 61 24 9 84 41 32 71 51
23 26 4 47 55 78 36 96 69 19 49 22
23 27 45 81 87 28 71 46 43 16 13 22
23 28 26 71 47 59 54 86 22 82 66 83
23 29 61 81 16 69 59 46 77 64 53 49
23 30 31 38 56 34 40 36 70 17 69 80
23 31 4 65 49 58 91 27 40 49 98 62
23 32 74 79 77 76 28 72 35 35 51 32
23 33 83 24 11 65 64 60 54 62 82 33
23 34 69 28 34 34 7 19 57 76 61 27
24 25 40 12 17 51 81 46 79 68 76 38
24 26 15 88 43 73 18 88 48 40 92 59
24 27 25 56 71 83 86 92 74 18 42 26
24 28 39 31 36 43 21 71 67 16 38 71
24 29 17 23 78 60 31 38 88 22 24 64
24 30 59 60 41 47 66 74 68 78 72 18
24 31 8 52 57 19 20 41 44 39 20 39
24 32 97 7 17 69 2 56 23 7 36 3
24 33 97 13 6 33 60 20 43 71 12 22
24 34 2 90 29 38 51 45 35 92 22 52
25 26 25 44 42 90 52 61 79 43 92 32
25 27 51 57 82 86 17 29 46 58 43 20
25 28 20 68 51 78 17 20 57 27 39 23
25 29 4 33 48 74 36 57 88 84 28 32
25 30 15 64 54 81 51 45 53 33 91 56
25 31 34 75 45 55 69 38 92 63 90 27
25 32 71 72 22 22 60 27 14 83 24 54
25 33 34 54 25 29 52 34 63 66 79 87
25 34 81 55 77 68 53 42 24 64 57 75
26 27 31 40 45 89 19 78 38 53 91 43
26 28 72 61 12 29 48 79 42 53 21 15
26 29 15 45 72 22 44 76 78 95 83 29
26 30 99 58 72 30 24 73 79 23 76 14
26 31 31 35 92 27 41 22 66 71 74 69
26 32 55 58 29 12 88 9 44 44 34 72
26 33 29 90 38 86 38 85 18 14 29 61
26 34 52 88 84 85 47 46 26 27 14 31
27 28 71 13 9 71 84 40 13 50 54 54
27 29 18 75 92 26 84 47 69 17 45 36
27 30 18 24 87 29 91 61 59 32 68 52
27 31 76 73 22 30 7 37 11 36 21 77
27 32 49 21 81 48 44 52 45 89 88 68
27 33 49 46 34 30 52 64 27 26 83 40
27 34 21 78 24 83 24 23 49 42 61 68
28 29 73 61 51 39 37 41 52 5 61 50
28 30 15 25 28 85 87 67 32 37 84 90
28 31 41 18 49 57 33 22 79 67 87 66
28 32 92 51 34 70 19 36 74 32 7 22
28 33 90 40 53 9 57 41 67 42 52 63
28 34 91 79 75 74 38 54 64 65 55 40
29 30 1 89 78 55 52 45 48 33 34 54
29 31 71 78 49 42 68 85 62 58 53 67
29 32 67 9 21 79 67 74 52 64 58 57
29 33 98 13 80 67 19 39 62 79 61 24
29 34 81 9 57 13 35 69 42 49 45 15
30 31 38 29 86 39 80 51 25 13 49 90
30 32 90 41 14 17 44 45 43 28 70 10
30 33 55 23 37 36 28 58 60 67 53 67
30 34 95 36 54 4 16 47 47 42 15 43
31 32 89 24 28 64 65 28 16 35 32 18
31 33 90 50 28 25 36 12 4 67 80 67
31 34 79 57 83 43 17 62 38 26 74 19
32 33 13 30 51 77 84 51 67 31 53 73
32 34 24 80 76 59 54 23 54 67 91 39
33 34 68 80 10 83 66 38 35 24 6 42
