45 10
0 0 0.166667 0.166667 0.166667 0.166667 0.166667 0.166667 0 0 
0 1 45 85 60 42 13 89 30 17 49 27
0 2 51 70 75 10 83 13 84 38 41 15
0 3 83 21 59 5 20 24 62 16 41 70
0 4 87 39 13 12 65 18 10 82 62 63
0 5 73 65 15 69 71 8 24 62 85 43
0 6 1 60 43 87 76 42 96 42 27 31
0 7 22 40 72 71 46 64 39 44 33 83
0 8 94 5 23 23 77 53 21 1 8 39
0 9 66 29 31 44 12 16 24 64 18 62
0 10 59 22 18 36 78 74 78 39 53 20
0 11 80 55 62 76 12 49 39 76 44 32
0 12 76 60 64 37 76 13 39 74 37 24
0 13 7 59 80 39 52 45 69 91 78 93
0 14 22 63 45 83 56 79 93 77 34 29
0 15 89 35 53 50 36 38 3 50 45 69
0 16 9 81 54 31 86 44 61 36 40 36
0 17 54 59 54 68 40 13 76 67 27 50
0 18 19 46 52 28 30 80 29 74 90 88
0 19 19 40 87 34 74 66 44 85 58 76
0 20 67 71 10 6 71 45 47 14 18 73
0 21 93 72 73 34 76 16 5 42 30 34
0 22 61 46 63 25 55 44 54 22 39 26
0 23 77 14 5 14 77 58 69 43 72 12
0 24 88 40 46 56 18 59 56 76 81 62
0 25 99 60 27 65 24 56 31 30 8 18
0 26 53 54 42 49 58 28 88 38 55 10
0 27 50 61 49 73 22 20 12 64 12 13
0 28 96 4 7 27 31 61 41 21 53 19
0 29 58 85 84 52 78 52 48 24 49 80
0 30 12 44 93 19 47 71 22 29 94 46
0 31 19 43 56 75 24 60 82 18 26 46
0 32 11 78 69 37 34 80 83 51 94 40
0 33 51 12 13 67 14 46 60 75 86 60
0 34 93 69 22 24 52 45 8 16 53 6
0 35 12 55 48 90 60 20 30 55 57 33
0 36 63 84 60 41 54 39 69 43 67 22
0 37 39 37 85 85 61 42 33 22 60 37
0 38 16 24 26 30 63 68 34 62 31 28
0 39 50 28 60 75 59 70 49 33 10 49
0 40 84 36 72 5 19 46 45 10 12 60
0 41 77 33 72 24 70 7 57 12 20 61
0 42 49 89 34 47 15 52 74 72 83 65
0 43 94 5 35 11 68 22 74 44 79 21
0 44 18 43 45 70 24 84 61 53 69 85
1 2 25 51 51 67 68 43 36 49 76 52
1 3 37 42 54 62 67 69 19 60 71 87
1 4 62 53 35 53 34 28 44 22 62 31
1 5 48 88 71 62 36 84 34 34 75 31
1 6 5 65 87 24 73 43 86 30 46 94
1 7 4 32 57 49 73 76 96 98 38 72
1 8 87 20 55 44 76 63 25 59 26 19
1 9 82 25 71 45 78 80 61 73 10 12
1 10 85 48 18 14 78 63 5 80 39 31
1 11 79 9 27 35 45 49 8 6 20 5
1 12 60 50 83 26 57 54 30 33 17 33
1 13 91 26 21 40 61 80 32 63 30 6
1 14 8 78 70 33 55 71 70 26 80 73
1 15 99 39 41 53 16 34 68 0 49 62
1 16 91 4 24 53 65 30 7 80 77 48
1 17 46 19 40 28 67 57 22 87 27 61
1 18 79 48 15 6 12 7 55 15 5 25
1 19 22 45 79 34 93 82 19 42 60 92
1 20 82 13 43 61 5 6 69 17 48 20
1 21 64 74 16 75 69 32 20 38 65 12
1 22 18 68 79 30 95 23 73 47 61 73
1 23 20 44 22 56 70 44 29 77 54 72
1 24 25 61 55 72 67 53 23 56 63 39
1 25 25 20 78 54 43 30 42 89 58 20
1 26 33 36 74 22 30 75 62 21 73 85
1 27 64 13 36 60 69 23 77 13 82 11
1 28 46 85 29 12 86 76 46 29 71 77
1 29 65 42 19 22 7 68 8 76 74 9
1 30 1 75 76 23 25 32 56 84 84 97
1 31 11 74 70 89 43 94 77 84 60 55
1 32 4 39 37 32 22 33 44 47 75 92
1 33 47 62 39 49 88 47 44 29 25 29
1 34 78 12 8 23 52 11 60 57 47 11
1 35 0 97 55 66 21 29 83 48 32 81
1 36 85 23 16 62 15 48 20 60 28 75
1 37 0 84 21 37 51 32 63 50 20 69
1 38 99 8 52 24 79 50 9 23 68 43
1 39 95 28 63 2 34 4 3 33 40 21
1 40 75 36 31 14 24 29 62 9 75 43
1 41 56 87 81 56 48 26 9 20 31 78
1 42 19 64 25 25 27 19 60 85 48 87
1 43 20 55 61 89 93 76 37 19 37 88
1 44 10 72 55 42 55 40 26 24 66 42
2 3 6 84 40 70 52 96 93 71 70 69
2 4 8 24 30 82 51 44 22 66 35 27
2 5 94 62 22 47 53 64 19 23 36 15
2 6 64 28 78 50 80 33 71 53 59 19
2 7 10 52 40 53 28 95 22 91 18 18
2 8 97 66 66 35 9 25 61 16 13 54
2 9 55 72 65 76 63 67 74 9 43 45
2 10 93 62 61 62 29 56 72 31 7 2
2 11 9 83 40 55 67 85 52 23 49 19
2 12 32 60 18 58 43 87 51 19 68 80
2 13 80 78 14 34 60 64 13 66 68 19
2 14 74 22 84 24 55 5 73 13 48 27
2 15 68 11 70 7 41 17 32 34 27 28
2 16 31 39 58 27 42 81 35 30 33 78
2 17 68 37 48 81 26 57 73 34 69 20
2 18 47 34 63 47 29 54 60 65 70 28
2 19 85 6 57 66 64 41 17 66 3 78
2 20 89 60 46 60 56 58 10 9 49 63
2 21 86 14 47 65 36 36 60 62 33 6
2 22 71 79 26 83 22 18 45 13 16 27
2 23 43 52 36 23 14 54 77 78 46 80
2 24 41 16 50 79 83 91 17 63 24 57
2 25 54 52 28 38 28 28 81 43 31 73
2 26 28 55 50 78 66 48 21 75 67 81
2 27 52 46 47 30 18 41 41 65 44 45
2 28 50 65 48 30 75 15 36 66 21 16
2 29 86 12 61 39 61 48 13 80 11 76
2 30 36 26 46 17 39 88 70 89 34 28
2 31 31 86 90 45 89 54 40 38 93 35
2 32 57 47 13 30 48 20 40 31 9 82
2 33 83 10 67 15 72 57 32 34 5 36
2 34 74 47 57 24 81 73 32 68 38 80
2 35 14 80 84 79 33 81 66 24 82 48
2 36 38 24 82 78 60 48 90 25 63 52
2 37 17 36 22 60 73 27 51 43 37 22
2 38 82 17 69 22 41 10 5 21 73 76
2 39 40 28 38 17 15 50 44 35 61 27
2 40 55 65 54 59 44 87 65 69 47 65
2 41 70 15 81 59 47 59 51 43 23 15
2 42 24 86 73 19 25 47 80 91 47 82
2 43 50 61 28 60 13 51 47 31 48 57
2 44 2 55 80 37 55 70 69 61 31 45
3 4 30 59 51 90 73 60 93 84 51 23
3 5 50 29 64 12 16 14 87 37 63 57
3 6 87 47 69 66 29 79 35 66 8 77
3 7 26 34 69 72 82 45 81 55 18 67
3 8 35 92 75 83 57 73 87 72 55 34
3 9 75 35 65 53 20 18 64 8 71 65
3 10 82 48 51 42 42 18 77 15 73 42
3 11 27 60 48 56 39 60 76 55 33 90
3 12 21 95 75 52 29 23 60 22 62 52
3 13 22 23 26 83 46 24 36 50 66 70
3 14 48 58 60 62 35 71 78 39 54 82
3 15 84 44 4 58 75 43 49 27 8 11
3 16 95 30 20 75 43 56 73 77 33 73
3 17 26 74 39 90 59 35 25 47 57 57
3 18 84 41 38 25 32 25 7 65 44 46
3 19 81 77 33 77 12 67 13 8 81 26
3 20 95 43 42 39 34 8 76 44 57 38
3 21 85 3 31 54 13 78 35 32 5 17
3 22 52 20 75 69 82 65 80 84 53 70
3 23 27 24 76 52 76 52 34 89 58 40
3 24 85 54 35 46 55 15 61 66 66 69
3 25 38 26 42 87 12 77 18 77 46 59
3 26 20 70 89 18 73 95 92 86 42 64
3 27 45 42 41 49 45 72 35 77 36 59
3 28 79 15 41 10 83 73 69 60 10 14
3 29 68 83 11 16 23 86 81 25 85 25
3 30 80 71 56 37 45 37 16 72 20 18
3 31 10 28 72 56 46 59 90 78 76 37
3 32 19 76 28 59 59 73 86 37 72 91
3 33 28 90 46 35 58 76 48 49 59 31
3 34 53 58 53 49 14 76 21 22 38 69
3 35 97 22 45 2 37 62 65 4 43 16
3 36 64 46 26 31 17 23 71 74 38 51
3 37 47 57 50 11 66 19 78 90 48 34
3 38 21 53 28 91 88 30 79 51 95 80
3 39 88 15 53 50 57 2 23 75 47 35
3 40 48 62 40 46 28 40 88 17 17 83
3 41 9 54 73 78 91 87 53 45 45 45
3 42 65 31 83 28 7 8 32 83 9 85
3 43 16 80 67 95 94 88 93 81 37 67
3 44 22 33 24 84 70 49 22 92 27 27
4 5 29 93 21 80 25 36 39 76 47 65
4 6 83 80 50 59 22 73 59 35 48 49
4 7 58 59 15 32 56 14 64 31 12 17
4 8 0 24 96 56 28 68 27 69 93 68
4 9 20 24 78 25 33 48 82 46 23 76
4 10 93 12 51 34 55 25 49 26 43 42
4 11 6 30 78 64 90 49 22 57 91 51
4 12 30 46 74 46 80 36 41 69 51 81
4 13 76 18 78 66 20 27 17 5 79 66
4 14 74 77 73 75 17 11 21 46 54 39
4 15 11 36 96 21 79 70 36 94 56 76
4 16 11 46 53 71 75 27 85 52 20 64
4 17 87 4 81 22 49 79 16 79 72 80
4 18 90 63 75 65 22 53 26 17 46 38
4 19 99 65 3 18 4 15 48 24 68 22
4 20 67 85 15 42 83 65 54 20 72 20
4 21 49 88 77 89 50 21 35 67 26 66
4 22 98 65 69 31 77 53 54 62 5 21
4 23 94 35 48 22 74 25 42 77 7 12
4 24 22 78 45 84 72 33 76 53 37 30
4 25 7 31 85 81 49 46 83 79 49 94
4 26 3 78 91 25 53 43 43 76 78 76
4 27 3 25 45 48 86 73 38 61 62 97
4 28 90 52 78 45 62 62 17 9 52 33
4 29 15 29 78 88 69 32 87 36 28 50
4 30 8 87 33 37 47 86 96 64 67 48
4 31 82 48 82 52 5 17 44 77 81 36
4 32 37 91 89 83 37 34 85 22 47 72
4 33 62 64 75 22 51 18 9 56 50 15
4 34 15 25 50 88 91 34 78 25 23 74
4 35 38 53 27 63 12 92 31 74 24 89
4 36 62 14 61 34 55 32 25 74 60 85
4 37 17 43 40 84 96 51 57 86 36 35
4 38 62 19 86 18 11 36 38 55 34 43
4 39 28 73 92 76 82 87 81 17 59 38
4 40 77 26 82 83 46 37 22 69 50 65
4 41 83 20 46 11 79 36 70 13 36 71
4 42 29 14 30 27 74 39 28 78 42 58
4 43 28 55 56 27 35 45 59 47 43 64
4 44 49 48 61 52 10 78 75 45 29 80
5 6 32 29 72 62 40 38 92 28 16 17
5 7 80 53 28 4 81 57 76 31 48 67
5 8 76 47 6 13 9 80 24 43 21 43
5 9 7 79 80 56 86 93 22 44 66 24
5 10 76 66 47 10 48 84 24 18 59 6
5 11 22 59 94 70 52 25 41 74 59 21
5 12 19 45 24 56 83 72 31 26 52 60
5 13 42 78 80 59 51 21 71 47 44 79
5 14 61 51 39 42 29 20 22 38 39 47
5 15 40 39 47 29 32 55 65 40 16 72
5 16 82 14 41 3 36 21 67 62 7 30
5 17 11 59 96 93 27 45 81 97 90 62
5 18 13 44 86 76 29 77 77 55 47 32
5 19 51 34 30 26 54 83 71 71 54 78
5 20 32 49 46 57 66 80 19 66 68 43
5 21 85 69 68 39 60 15 21 32 41 60
5 22 25 23 60 87 66 23 57 46 20 20
5 23 5 56 58 36 96 53 92 51 76 34
5 24 91 9 15 77 16 53 74 19 48 46
5 25 44 22 31 86 64 70 40 81 40 17
5 26 14 81 26 33 95 38 65 26 55 84
5 27 71 44 70 77 54 85 54 18 45 56
5 28 31 52 57 40 52 62 57 24 34 57
5 29 84 50 31 46 41 44 26 56 35 64
5 30 6 95 45 52 71 56 78 35 36 42
5 31 51 29 63 24 46 60 85 28 41 62
5 32 23 16 44 77 86 21 30 27 63 22
5 33 89 67 30 40 13 28 22 2 23 29
5 34 32 70 70 52 44 26 47 80 28 39
5 35 43 75 88 90 84 35 20 28 49 12
5 36 15 65 22 49 84 86 67 82 79 55
5 37 50 30 77 29 42 14 20 35 26 19
5 38 12 33 40 77 94 88 80 40 57 17
5 39 26 32 14 88 20 52 32 63 89 17
5 40 94 41 79 40 43 44 52 16 78 52
5 41 27 26 38 23 27 81 30 30 79 68
5 42 2 44 71 58 56 25 50 56 59 46
5 43 60 8 73 86 11 65 72 23 7 17
5 44 93 69 13 25 22 46 1 73 10 51
6 7 1 25 83 54 68 78 62 86 38 50
6 8 31 29 89 30 89 58 67 52 52 90
6 9 23 52 83 33 17 94 70 86 16 39
6 10 67 17 65 56 11 45 67 11 65 77
6 11 84 9 38 78 45 31 63 35 40 20
6 12 54 82 10 61 73 15 74 58 84 35
6 13 76 51 5 18 44 27 54 61 66 39
6 14 40 88 20 51 51 71 78 72 13 66
6 15 12 54 25 52 51 56 60 49 66 44
6 16 22 63 51 84 78 89 87 55 19 36
6 17 13 63 26 80 35 86 58 55 81 75
6 18 24 48 38 47 42 25 64 17 55 15
6 19 97 72 62 31 17 60 43 32 55 55
6 20 78 63 32 74 39 60 14 8 70 71
6 21 25 76 67 25 22 81 90 27 72 62
6 22 65 85 70 40 39 55 44 30 79 25
6 23 31 28 52 48 91 49 45 57 46 37
6 24 68 54 80 61 48 35 66 55 40 70
6 25 84 49 77 64 18 12 59 52 67 15
6 26 85 77 49 52 8 48 52 66 14 13
6 27 67 64 70 38 53 33 73 17 48 48
6 28 44 33 34 33 16 12 84 49 56 70
6 29 97 51 2 48 70 71 12 31 34 11
6 30 15 92 69 30 96 46 87 86 45 46
6 31 96 61 48 60 21 28 8 44 25 63
6 32 72 60 36 59 36 70 69 5 35 12
6 33 64 27 12 7 38 17 50 40 17 64
6 34 70 48 85 30 6 39 56 33 74 54
6 35 65 23 24 9 16 45 61 56 25 42
6 36 50 20 22 69 59 26 84 49 13 57
6 37 64 12 70 38 9 19 37 15 57 30
6 38 26 79 36 47 84 60 84 23 48 29
6 39 98 25 39 29 20 64 71 19 43 7
6 40 55 86 75 38 53 67 65 52 30 33
6 41 26 90 50 34 67 79 49 58 53 58
6 42 46 72 26 64 53 34 48 64 21 68
6 43 37 51 31 37 13 37 18 77 17 47
6 44 59 84 44 73 11 28 78 33 33 42
7 8 98 19 17 65 34 71 36 32 60 10
7 9 94 45 58 29 15 53 15 29 57 16
7 10 59 43 52 15 35 66 37 40 47 9
7 11 82 68 24 4 33 26 5 82 58 37
7 12 67 28 69 17 62 78 68 85 8 73
7 13 71 46 58 28 32 65 27 82 68 58
7 14 33 55 38 27 66 31 40 54 39 88
7 15 65 74 79 54 76 61 42 52 15 11
7 16 10 76 55 31 68 54 31 90 67 58
7 17 98 9 8 70 36 13 14 58 8 2
7 18 86 80 68 28 60 59 66 33 5 14
7 19 85 32 36 53 49 9 6 39 4 33
7 20 42 18 28 12 36 87 20 65 41 28
7 21 86 67 21 40 26 54 59 60 43 53
7 22 81 51 57 75 54 79 80 62 76 71
7 23 43 23 52 57 67 37 11 16 88 71
7 24 61 70 9 80 42 65 44 26 12 9
7 25 36 58 22 40 19 70 87 16 73 44
7 26 94 74 27 30 69 62 20 74 54 19
7 27 95 8 35 2 38 23 24 37 52 43
7 28 16 47 40 68 95 63 80 44 52 94
7 29 13 73 68 77 81 43 96 93 39 18
7 30 67 71 41 79 37 62 49 69 17 52
7 31 7 97 31 77 83 66 83 49 95 46
7 32 34 43 20 44 15 83 53 49 69 89
7 33 98 6 28 0 78 78 30 59 57 31
7 34 79 49 78 55 67 83 16 57 5 78
7 35 48 19 90 52 50 61 60 64 15 54
7 36 81 11 20 24 29 14 6 83 23 27
7 37 97 75 31 51 79 44 2 76 71 49
7 38 69 19 85 8 8 7 62 56 53 83
7 39 77 47 63 41 74 74 23 69 65 80
7 40 49 64 28 33 67 42 65 67 48 36
7 41 40 58 43 79 78 49 80 15 21 75
7 42 53 57 29 37 83 32 79 34 82 73
7 43 67 14 57 84 73 11 36 65 65 34
7 44 42 25 46 33 39 72 12 23 71 78
8 9 67 62 52 25 20 73 29 23 17 18
8 10 18 56 49 93 28 59 60 25 51 49
8 11 73 51 45 44 12 67 81 66 5 67
8 12 85 4 65 78 14 12 73 43 76 35
8 13 43 87 13 84 33 51 78 89 82 71
8 14 11 78 34 85 39 49 96 79 34 25
8 15 6 33 26 47 22 90 51 95 62 87
8 16 70 35 57 25 54 53 52 20 13 25
8 17 58 25 59 83 79 32 76 17 61 52
8 18 14 49 47 43 80 23 86 84 17 57
8 19 18 96 28 81 45 37 52 33 94 24
8 20 84 81 68 27 10 13 20 75 19 12
8 21 6 29 64 68 48 85 57 18 93 63
8 22 17 76 68 89 64 80 37 28 76 66
8 23 23 72 88 60 48 75 48 86 42 90
8 24 41 39 52 66 83 42 56 31 17 45
8 25 67 40 63 54 31 43 83 23 41 58
8 26 84 50 52 39 55 71 19 68 32 4
8 27 49 30 26 77 36 28 75 82 88 17
8 28 69 16 81 36 51 63 45 69 59 35
8 29 50 47 12 19 33 83 33 11 44 51
8 30 63 69 68 80 53 51 19 28 32 27
8 31 10 66 24 50 74 54 20 56 55 91
8 32 18 55 48 85 74 90 48 61 67 68
8 33 6 82 84 31 37 70 95 42 69 21
8 34 93 40 61 32 54 57 19 32 51 56
8 35 93 46 67 28 51 49 20 48 29 62
8 36 96 39 27 79 29 29 46 72 31 12
8 37 30 65 64 41 58 87 30 27 88 17
8 38 39 47 44 42 77 85 82 76 44 76
8 39 65 37 40 46 16 48 35 79 16 54
8 40 76 70 46 23 16 40 29 23 76 8
8 41 60 16 80 38 47 76 78 13 28 11
8 42 15 82 46 91 93 62 67 80 60 51
8 43 71 40 81 79 56 45 26 78 36 21
8 44 2 70 37 77 41 91 68 88 74 79
9 10 11 91 59 61 60 29 43 19 58 19
9 11 16 37 34 38 41 19 94 27 91 50
9 12 72 26 78 10 31 56 47 13 14 25
9 13 7 71 90 26 44 33 43 98 81 85
9 14 35 30 33 18 79 85 23 33 31 73
9 15 7 51 84 76 72 77 42 82 64 94
9 16 43 29 49 12 12 39 73 78 54 23
9 17 74 15 20 9 38 27 26 68 59 71
9 18 87 36 55 66 3 34 24 59 58 20
9 19 59 24 77 61 78 41 25 24 61 61
9 20 32 52 91 66 58 16 65 41 67 26
9 21 67 60 67 80 20 63 67 47 72 30
9 22 2 55 46 81 88 97 35 90 36 47
9 23 69 26 32 14 48 11 65 68 79 6
9 24 46 86 54 70 87 28 81 79 40 77
9 25 62 52 57 48 46 17 34 11 68 37
9 26 38 40 30 85 14 90 80 23 91 61
9 27 78 40 59 83 37 17 8 72 65 17
9 28 76 74 57 63 70 29 54 83 40 75
9 29 37 64 91 53 51 71 65 36 72 73
9 30 53 88 34 74 48 20 45 52 40 42
9 31 91 70 2 63 44 32 64 64 46 46
9 32 44 84 25 34 48 11 28 88 61 30
9 33 65 24 72 21 71 47 39 24 27 16
9 34 21 39 85 35 18 29 72 95 68 93
9 35 52 77 67 33 41 68 45 34 18 16
9 36 46 27 78 82 64 82 25 89 90 26
9 37 0 79 58 39 23 30 29 46 88 86
9 38 39 21 91 81 27 84 23 79 88 81
9 39 30 53 15 52 79 79 59 57 41 51
9 40 27 86 66 15 84 66 47 74 72 65
9 41 75 45 53 74 65 77 32 30 54 60
9 42 23 65 51 56 81 20 45 17 95 70
9 43 29 70 46 53 48 35 34 22 62 52
9 44 80 65 75 25 60 77 73 51 69 78
10 11 21 51 78 24 31 78 24 62 46 92
10 12 96 54 45 50 78 31 36 77 73 18
10 13 17 34 26 63 25 22 71 54 68 38
10 14 60 34 83 51 57 35 44 62 54 48
10 15 6 75 52 55 98 44 98 90 46 94
10 16 12 89 45 23 27 43 60 65 96 60
10 17 19 38 73 95 46 75 72 93 67 84
10 18 95 69 26 46 9 18 53 29 1 73
10 19 21 51 58 29 69 21 19 86 23 69
10 20 33 71 59 70 28 59 27 31 46 52
10 21 18 94 75 37 53 24 32 20 44 93
10 22 75 30 73 45 30 58 59 57 35 10
10 23 46 55 22 66 41 41 31 71 41 66
10 24 49 27 60 72 63 19 39 36 79 87
10 25 30 27 36 52 34 34 23 35 79 47
10 26 21 17 93 54 25 40 57 41 60 30
10 27 7 22 23 97 68 87 91 72 41 91
10 28 71 68 5 16 52 78 8 18 19 26
10 29 97 37 40 33 69 77 52 44 49 45
10 30 56 88 21 41 65 19 16 9 62 21
10 31 70 57 51 79 6 84 20 49 67 38
10 32 90 41 28 3 54 49 42 30 4 23
10 33 19 34 17 55 63 58 73 40 21 54
10 34 16 70 77 49 17 29 69 95 37 37
10 35 53 48 76 44 70 38 54 85 35 76
10 36 14 88 30 42 80 88 71 53 24 60
10 37 88 44 16 80 69 10 60 48 70 17
10 38 35 34 16 63 84 30 14 16 63 49
10 39 81 28 49 69 48 66 71 35 29 48
10 40 36 60 80 74 63 24 27 82 27 88
10 41 94 50 23 3 71 14 67 43 33 46
10 42 81 5 77 44 76 49 67 6 53 46
10 43 88 57 22 39 16 73 45 13 46 17
10 44 68 57 12 72 6 20 77 28 76 29
11 12 33 25 18 69 68 89 45 41 18 80
11 13 64 69 38 68 19 41 72 78 52 40
11 14 73 17 83 71 82 29 38 38 15 84
11 15 41 40 39 84 79 24 79 73 74 12
11 16 78 24 82 72 40 69 9 58 38 34
11 17 25 47 87 76 61 21 19 80 61 85
11 18 27 45 36 25 75 57 49 16 89 30
11 19 24 27 50 65 80 57 27 30 90 67
11 20 68 38 45 78 30 16 82 19 80 55
11 21 61 74 58 51 85 23 74 66 13 38
11 22 80 79 37 55 74 41 14 70 52 63
11 23 8 77 48 37 35 38 51 86 25 58
11 24 64 52 57 73 35 85 84 57 40 53
11 25 86 63 11 41 59 81 23 19 22 8
11 26 44 22 71 36 39 43 66 89 12 82
11 27 44 75 30 25 39 72 27 86 82 66
11 28 55 12 59 85 46 84 36 66 68 34
11 29 58 27 9 32 42 64 19 32 27 33
11 30 75 54 21 19 55 67 73 50 59 36
11 31 22 70 91 90 33 54 60 49 69 39
11 32 37 74 74 64 48 91 16 79 63 37
11 33 58 17 38 63 21 45 44 73 70 34
11 34 27 53 65 29 72 84 35 78 41 72
11 35 71 53 36 76 33 16 70 72 84 64
11 36 92 26 76 11 78 3 72 64 27 28
11 37 20 29 22 30 50 59 34 94 95 17
11 38 44 50 55 71 64 72 49 64 71 76
11 39 1 49 73 68 59 65 33 21 20 37
11 40 67 62 17 10 64 73 28 33 77 77
11 41 8 97 61 54 85 27 88 32 34 23
11 42 65 34 23 76 58 45 70 49 37 83
11 43 26 15 79 90 83 68 49 90 72 47
11 44 37 25 52 75 49 82 54 91 83 52
12 13 2 39 57 68 55 36 61 98 80 58
12 14 57 81 59 66 87 87 58 67 67 82
12 15 41 30 71 30 53 79 27 86 63 67
12 16 54 24 20 87 68 61 83 14 49 63
12 17 46 66 29 44 13 44 11 13 75 68
12 18 80 78 18 18 21 5 40 57 82 28
12 19 37 19 28 35 40 66 86 77 63 28
12 20 78 35 78 37 66 64 64 14 28 25
12 21 93 62 65 4 27 18 80 47 28 6
12 22 50 89 12 82 71 60 44 71 78 36
12 23 93 19 33 80 31 8 8 45 9 15
12 24 49 83 56 84 65 73 70 60 52 89
12 25 42 63 56 47 88 85 66 34 45 11
12 26 81 20 23 54 39 21 13 58 72 48
12 27 95 40 80 72 61 8 70 44 37 23
12 28 85 12 28 3 21 51 68 16 17 33
12 29 3 66 63 75 55 43 45 48 61 88
12 30 78 61 6 18 23 70 56 82 58 65
12 31 55 50 30 74 54 69 66 37 78 45
12 32 35 66 79 63 83 33 46 39 15 23
12 33 66 62 74 85 58 60 49 76 81 32
12 34 48 12 68 67 41 69 48 63 51 43
12 35 1 24 94 36 57 99 97 45 36 45
12 36 35 23 77 45 91 47 62 51 73 46
12 37 12 32 76 67 77 69 64 33 80 49
12 38 53 32 30 36 58 30 11 50 9 37
12 39 81 38 82 46 31 80 51 79 15 51
12 40 19 55 48 48 54 88 56 74 21 64
12 41 42 85 72 28 14 91 32 56 90 65
12 42 17 78 36 92 84 84 63 86 45 60
12 43 71 61 79 26 46 42 20 82 74 25
12 44 67 36 49 42 83 20 50 63 55 58
13 14 19 26 28 76 17 52 20 28 41 70
13 15 19 86 59 47 81 24 31 29 25 40
13 16 38 76 69 82 83 62 40 17 36 38
13 17 88 73 54 73 53 81 79 54 57 48
13 18 50 38 78 52 79 37 36 15 10 18
13 19 93 54 31 75 68 27 11 36 16 64
13 20 21 56 76 63 69 81 59 74 37 20
13 21 99 45 50 29 55 43 36 78 42 73
13 22 45 11 83 63 55 52 20 46 22 65
13 23 7 68 45 86 97 34 66 26 61 33
13 24 36 37 91 19 43 50 77 86 22 71
13 25 5 67 97 96 87 85 74 29 33 83
13 26 72 39 74 54 24 75 44 53 80 20
13 27 64 21 74 85 79 33 59 24 54 59
13 28 74 33 11 61 46 71 82 32 72 38
13 29 12 88 80 94 64 77 91 26 48 27
13 30 26 55 22 18 47 36 84 50 62 50
13 31 35 61 86 44 68 82 80 46 25 73
13 32 78 39 68 78 42 80 60 29 39 25
13 33 73 81 7 31 38 53 77 11 49 81
13 34 82 82 6 43 68 14 77 43 63 69
13 35 60 74 66 36 68 47 56 32 21 9
13 36 96 43 60 31 31 43 54 62 28 58
13 37 61 14 84 32 86 50 47 47 85 10
13 38 44 77 52 36 44 27 62 68 51 62
13 39 30 66 69 86 52 41 62 79 74 58
13 40 8 26 75 28 18 72 55 81 65 48
13 41 55 49 12 62 9 56 86 13 30 62
13 42 32 56 44 34 30 24 61 19 30 69
13 43 11 67 50 70 27 58 53 64 65 67
13 44 99 4 69 24 34 13 43 9 4 69
14 15 95 20 73 78 24 53 45 62 78 49
14 16 51 42 38 85 23 89 19 85 70 23
14 17 50 18 26 51 79 20 29 56 79 72
14 18 77 59 63 25 10 8 64 56 60 59
14 19 52 64 12 77 71 28 40 69 52 67
14 20 43 69 13 57 61 33 54 50 64 52
14 21 42 32 74 30 23 79 49 75 55 30
14 22 34 56 35 60 73 66 15 54 67 69
14 23 44 51 27 39 68 22 80 52 12 22
14 24 42 41 62 28 48 53 36 30 48 19
14 25 26 46 93 74 73 45 90 72 64 64
14 26 57 41 40 43 51 60 29 44 37 10
14 27 29 71 27 73 53 83 66 71 27 57
14 28 38 64 14 92 61 55 75 76 61 28
14 29 34 66 45 32 28 28 75 13 78 43
14 30 68 67 40 59 53 18 10 41 13 66
14 31 44 23 54 80 70 85 49 60 11 46
14 32 73 72 33 42 67 52 31 74 19 40
14 33 73 64 36 28 58 13 50 40 68 20
14 34 99 19 28 69 30 40 35 73 12 45
14 35 15 78 51 66 47 95 89 41 76 86
14 36 51 54 82 50 11 48 14 74 84 51
14 37 13 92 72 68 84 96 68 78 68 90
14 38 94 19 73 12 49 13 11 46 18 45
14 39 32 88 15 84 92 64 93 67 86 81
14 40 24 43 45 60 88 45 53 22 24 50
14 41 25 61 83 76 60 22 29 59 53 26
14 42 43 34 87 70 83 78 32 47 38 73
14 43 37 14 61 91 46 33 34 63 38 76
14 44 7 91 77 44 46 26 56 90 42 67
15 16 75 53 30 72 76 29 40 52 61 36
15 17 96 4 66 2 49 73 35 14 13 39
15 18 31 56 72 78 54 59 14 59 31 24
15 19 0 63 90 65 82 30 65 33 72 77
15 20 97 58 44 38 48 26 64 41 57 62
15 21 84 58 58 26 29 8 71 52 10 8
15 22 4 40 91 56 39 56 73 76 49 73
15 23 29 50 52 88 79 91 25 93 79 47
15 24 48 77 26 33 89 10 89 32 37 11
15 25 58 74 64 33 66 30 67 60 72 29
15 26 64 52 20 83 37 61 80 81 73 18
15 27 4 30 47 40 68 20 30 25 97 70
15 28 7 79 74 31 87 39 43 64 41 45
15 29 4 75 46 70 39 63 46 71 30 76
15 30 98 71 8 64 40 28 43 10 32 25
15 31 36 27 46 84 80 57 32 16 64 30
15 32 24 78 71 36 24 52 56 84 78 42
15 33 6 91 38 86 47 39 49 76 96 49
15 34 10 21 18 34 75 73 68 81 46 62
15 35 70 49 45 17 40 23 15 56 30 25
15 36 10 86 73 47 73 92 47 82 60 64
15 37 52 82 67 69 29 85 9 77 86 18
15 38 88 28 65 9 39 49 25 40 69 42
15 39 39 88 47 84 35 72 27 72 58 43
15 40 36 48 68 20 50 50 17 13 63 13
15 41 11 86 39 65 86 54 28 59 83 55
15 42 5 80 31 48 82 37 32 70 70 77
15 43 26 21 43 30 87 90 66 37 61 80
15 44 82 50 42 50 38 5 73 26 20 70
16 17 87 78 69 52 18 4 32 59 58 10
16 18 71 56 7 7 49 32 30 73 77 61
16 19 87 75 71 34 14 27 29 73 14 79
16 20 7 75 32 79 20 68 50 65 76 66
16 21 57 81 30 77 52 8 28 66 27 66
16 22 88 10 20 76 42 42 6 43 59 65
16 23 63 87 35 26 30 47 84 20 16 83
16 24 49 41 85 68 88 53 70 71 76 76
16 25 41 23 38 76 24 77 86 18 43 84
16 26 11 29 40 35 43 57 32 86 89 84
16 27 79 42 69 74 33 28 47 13 73 77
16 28 71 43 30 52 75 27 76 27 40 6
16 29 58 10 75 37 60 65 19 40 53 23
16 30 24 78 57 63 32 89 91 75 49 48
16 31 57 55 88 78 35 45 43 27 17 50
16 32 29 69 55 78 47 57 41 73 90 55
16 33 10 20 84 21 94 60 57 44 35 27
16 34 9 38 53 54 61 96 53 60 71 66
16 35 51 86 51 44 46 50 81 62 13 52
16 36 50 46 62 56 69 29 9 75 25 21
16 37 98 56 59 72 34 75 31 29 25 5
16 38 73 31 71 77 82 11 29 46 83 37
16 39 74 8 23 72 11 55 76 43 78 79
16 40 12 68 20 76 54 63 50 49 56 37
16 41 83 20 78 31 58 55 54 63 22 14
16 42 47 56 28 45 55 53 90 57 45 66
16 43 4 36 65 21 62 92 96 20 33 87
16 44 38 86 54 23 90 21 88 15 86 44
17 18 52 75 23 30 42 85 69 19 34 76
17 19 60 26 85 50 75 23 66 27 42 59
17 20 75 61 38 5 10 24 6 48 84 28
17 21 85 57 40 5 68 70 76 29 47 23
17 22 1 26 32 82 54 70 42 22 38 26
17 23 11 20 70 88 67 21 21 35 28 97
17 24 47 27 52 40 85 78 14 76 66 32
17 25 5 45 44 59 32 70 67 67 92 67
17 26 82 82 76 68 66 8 40 58 8 46
17 27 79 76 6 78 4 28 22 36 56 72
17 28 78 14 71 37 79 16 77 74 7 75
17 29 9 77 97 96 53 68 59 80 35 24
17 30 63 82 55 35 72 17 34 83 26 17
17 31 69 6 81 79 75 79 48 27 57 19
17 32 25 90 46 76 15 56 85 83 16 33
17 33 39 14 50 40 37 78 18 89 25 68
17 34 76 26 11 79 8 33 53 60 13 74
17 35 25 68 87 70 52 19 21 91 21 34
17 36 37 39 32 67 51 64 36 47 87 81
17 37 60 79 79 67 57 14 20 44 63 19
17 38 28 88 36 29 29 19 50 49 53 56
17 39 74 59 16 25 30 63 38 7 21 58
17 40 14 90 63 46 37 58 58 92 86 61
17 41 54 49 35 54 13 28 14 46 29 54
17 42 78 61 84 10 48 12 39 53 27 54
17 43 71 84 67 24 73 22 12 35 47 26
17 44 92 44 43 73 54 69 4 63 61 68
18 19 11 86 22 88 49 92 27 88 26 47
18 20 7 39 22 88 37 25 73 21 88 24
18 21 89 68 56 22 7 37 56 18 55 7
18 22 79 39 73 62 67 50 48 41 52 28
18 23 35 26 71 16 47 54 54 47 39 47
18 24 1 45 34 59 44 66 36 42 98 98
18 25 1 68 83 33 22 44 19 42 51 52
18 26 91 26 43 65 41 4 19 50 47 30
18 27 88 31 22 75 59 9 4 3 36 17
18 28 62 54 9 43 61 21 42 11 71 55
18 29 52 59 56 67 39 45 58 50 89 85
18 30 14 51 27 21 82 89 57 52 79 23
18 31 71 62 62 80 27 53 45 25 43 17
18 32 69 38 34 81 68 74 39 79 74 80
18 33 16 27 69 83 78 80 73 39 44 88
18 34 69 55 68 73 61 10 68 7 51 21
18 35 95 27 60 63 13 19 18 12 29 15
18 36 69 44 15 30 67 63 65 27 52 22
18 37 8 40 73 44 20 67 72 32 37 70
18 38 24 21 19 40 69 32 30 39 87 31
18 39 91 51 79 6 21 9 67 67 23 68
18 40 78 36 33 12 46 42 22 79 30 66
18 41 91 3 72 53 77 25 62 73 42 14
18 42 69 58 34 40 66 20 30 46 61 62
18 43 82 49 46 3 21 24 71 22 27 19
18 44 58 50 85 14 25 26 45 43 53 36
19 20 99 27 19 16 20 24 63 34 47 65
19 21 13 22 62 28 67 56 23 22 23 93
19 22 87 6 22 21 30 32 8 10 63 32
19 23 76 48 66 48 34 31 77 47 35 68
19 24 88 30 73 21 69 29 9 43 7 69
19 25 29 79 37 39 32 52 74 71 27 48
19 26 25 46 62 91 30 47 52 17 88 52
19 27 32 80 51 42 86 50 45 46 73 26
19 28 71 63 49 58 54 29 26 84 31 51
19 29 84 46 5 52 44 31 61 36 36 16
19 30 18 22 63 20 48 67 52 39 64 47
19 31 30 15 71 26 84 42 52 64 39 33
19 32 48 20 44 48 16 41 71 51 65 83
19 33 99 12 14 58 54 19 52 64 58 44
19 34 0 73 44 66 58 94 37 38 89 72
19 35 64 42 66 67 66 70 85 8 35 32
19 36 70 83 75 19 32 23 44 76 18 74
19 37 79 71 55 54 9 48 54 50 15 24
19 38 0 95 34 90 66 83 50 36 82 94
19 39 81 60 56 7 63 49 68 7 75 81
19 40 20 71 19 58 47 27 37 35 51 45
19 41 60 83 75 83 75 30 83 48 62 17
19 42 84 59 80 28 34 67 39 57 82 72
19 43 56 65 56 30 48 14 21 55 74 72
19 44 8 61 87 57 18 96 80 63 29 59
20 21 94 75 49 21 71 57 50 57 26 3
20 22 46 13 40 88 53 83 26 88 32 14
20 23 83 44 19 78 51 20 14 46 58 39
20 24 76 13 15 78 13 50 39 15 83 55
20 25 97 19 53 67 24 79 7 51 27 50
20 26 99 62 45 61 37 73 21 74 53 12
20 27 74 14 44 58 44 82 71 77 24 32
20 28 36 85 16 44 64 18 63 82 37 65
20 29 66 8 21 86 62 84 81 67 63 57
20 30 18 23 52 39 52 48 74 41 48 54
20 31 63 69 43 43 27 30 76 24 72 39
20 32 46 11 57 41 70 29 52 54 50 80
20 33 64 58 16 71 77 47 74 84 83 70
20 34 45 51 67 15 23 51 28 22 82 59
20 35 13 75 39 92 77 88 46 53 59 62
20 36 57 47 60 23 56 77 70 13 75 71
20 37 6 73 34 78 94 23 53 60 59 72
20 38 4 29 49 98 20 65 87 22 70 60
20 39 98 16 58 63 23 45 14 19 32 23
20 40 33 50 40 46 39 20 36 14 82 87
20 41 23 74 20 67 33 62 21 54 66 75
20 42 54 11 70 23 74 40 73 88 56 37
20 43 56 16 23 20 9 67 70 65 55 26
20 44 70 8 8 55 66 47 85 69 33 28
21 22 96 58 68 38 4 77 3 25 51 44
21 23 18 77 66 19 66 53 48 62 16 29
21 24 12 93 77 43 29 90 90 45 36 19
21 25 37 45 83 22 91 49 87 30 76 42
21 26 49 85 85 25 79 49 70 84 15 21
21 27 80 25 76 83 35 73 47 58 15 45
21 28 89 35 22 81 15 64 15 75 21 63
21 29 88 36 76 61 69 30 45 77 66 80
21 30 94 8 17 32 42 64 65 69 9 70
21 31 1 23 44 75 20 92 97 90 84 33
21 32 4 75 92 36 70 80 43 22 36 54
21 33 81 39 9 70 23 77 56 20 81 64
21 34 50 14 85 40 88 78 74 41 31 86
21 35 7 50 20 56 77 63 38 22 94 26
21 36 70 22 36 43 27 74 21 68 28 68
21 37 96 63 64 36 15 67 11 40 43 32
21 38 50 21 47 22 83 20 45 10 13 62
21 39 38 65 55 87 44 64 34 56 50 38
21 40 68 65 19 16 15 19 45 29 29 83
21 41 48 84 48 81 11 72 29 17 68 23
21 42 9 69 47 53 43 64 58 64 23 81
21 43 1 43 90 44 92 98 22 28 76 92
21 44 10 71 26 53 64 40 57 52 83 19
22 23 22 24 40 68 39 65 21 77 75 65
22 24 44 41 18 80 83 51 75 29 61 55
22 25 42 16 17 35 17 39 65 64 59 13
22 26 14 70 51 55 85 93 28 28 40 89
22 27 81 15 59 64 31 55 9 67 76 44
22 28 50 37 46 10 33 59 58 12 13 83
22 29 63 69 24 22 62 74 9 18 46 60
22 30 81 72 58 66 32 30 38 16 35 70
22 31 36 56 87 13 68 65 84 70 18 35
22 32 18 92 24 62 59 77 85 21 89 26
22 33 41 81 51 60 35 17 62 22 39 14
22 34 74 57 69 54 12 59 64 56 70 63
22 35 9 36 56 75 34 79 38 24 18 18
22 36 44 53 42 33 19 64 44 82 76 29
22 37 41 63 22 64 72 35 81 74 40 12
22 38 79 46 37 73 57 66 74 51 63 45
22 39 5 72 97 37 84 85 33 86 89 78
22 40 72 80 52 43 59 33 21 16 16 70
22 41 26 72 52 75 20 27 54 45 60 40
22 42 50 86 26 26 26 45 72 75 26 49
22 43 31 41 91 92 29 52 78 87 86 54
22 44 11 45 63 28 72 78 32 84 54 34
23 24 23 26 75 74 86 84 38 59 22 40
23 25 60 21 77 37 11 32 70 39 66 35
23 26 82 67 47 51 17 36 18 70 32 43
23 27 69 33 61 47 74 52 33 71 23 48
23 28 77 47 57 64 26 83 62 75 34 21
23 29 85 45 28 23 53 17 75 59 53 32
23 30 24 56 94 52 56 71 48 27 48 81
23 31 14 85 30 27 44 64 66 33 28 36
23 32 47 17 21 23 57 30 89 72 70 70
23 33 58 67 10 29 54 23 21 28 67 38
23 34 90 39 62 51 74 36 55 10 23 18
23 35 99 71 53 25 40 26 70 27 18 56
23 36 58 41 67 39 73 17 21 9 78 21
23 37 58 69 21 10 66 61 46 50 48 8
23 38 27 27 38 72 80 22 22 20 89 80
23 39 84 47 23 15 80 38 4 19 15 24
23 40 6 31 95 56 51 95 89 21 60 84
23 41 58 34 84 8 34 65 78 29 85 21
23 42 70 69 8 38 33 83 78 33 11 65
23 43 37 59 83 86 73 59 33 84 42 41
23 44 11 77 74 58 25 72 47 77 61 94
24 25 33 25 47 20 42 49 46 54 13 43
24 26 73 50 27 62 63 59 10 47 26 36
24 27 40 40 52 48 24 67 19 54 90 65
24 28 91 77 29 65 47 65 23 16 45 40
24 29 14 61 29 54 90 66 94 53 37 88
24 30 86 9 30 64 32 2 74 58 24 58
24 31 23 38 70 29 77 66 15 63 33 55
24 32 48 76 51 40 82 80 13 26 63 51
24 33 77 37 9 57 20 22 58 55 32 41
24 34 73 76 15 28 49 57 66 57 73 8
24 35 76 12 17 20 4 72 70 10 83 22
24 36 31 41 19 36 37 29 89 48 67 85
24 37 29 25 39 62 73 86 73 67 67 75
24 38 50 24 14 81 20 62 32 59 87 75
24 39 16 89 53 75 39 34 69 80 57 65
24 40 4 43 43 21 49 50 60 86 72 39
24 41 74 33 60 62 46 41 25 18 58 76
24 42 96 14 64 23 68 28 61 21 36 30
24 43 8 30 42 63 56 37 76 39 92 60
24 44 13 89 57 64 51 79 42 53 54 30
25 26 13 63 51 21 66 27 92 60 81 37
25 27 10 88 95 72 31 69 35 78 26 52
25 28 39 87 27 22 49 47 33 39 29 71
25 29 58 11 67 68 77 43 75 19 52 71
25 30 80 5 48 66 21 79 14 82 23 48
25 31 49 66 48 54 12 40 50 31 14 30
25 32 31 78 71 62 15 88 44 73 50 91
25 33 84 49 44 9 39 28 45 51 53 23
25 34 67 54 21 71 56 18 68 32 35 65
25 35 78 35 35 6 22 83 8 35 39 41
25 36 24 85 50 47 92 54 44 79 88 70
25 37 26 77 36 23 18 67 48 25 68 42
25 38 83 74 57 62 61 77 66 26 14 18
25 39 38 74 83 14 20 31 47 88 18 70
25 40 81 74 33 80 51 66 43 58 49 70
25 41 63 9 87 21 45 81 59 58 26 11
25 42 19 34 29 50 66 60 92 90 16 27
25 43 89 50 21 42 21 24 70 4 4 17
25 44 97 75 66 44 6 59 0 9 40 11
26 27 80 53 52 63 61 19 60 6 44 19
26 28 52 77 45 29 32 42 61 33 56 47
26 29 32 34 19 41 69 34 86 26 58 66
26 30 99 73 76 34 67 13 66 48 52 76
26 31 9 66 77 33 93 36 28 56 66 59
26 32 53 64 24 21 23 11 53 79 11 37
26 33 10 59 92 20 84 61 85 61 35 81
26 34 40 76 63 83 36 19 18 23 37 35
26 35 26 32 89 42 47 56 65 39 57 38
26 36 9 52 51 41 74 42 59 42 74 30
26 37 33 75 29 59 71 55 40 93 24 79
26 38 61 64 55 69 82 38 58 43 73 80
26 39 61 49 36 56 72 56 25 18 79 43
26 40 38 51 76 78 14 25 89 85 37 85
26 41 64 15 52 27 83 44 20 46 19 84
26 42 41 61 53 58 82 48 58 66 54 30
26 43 94 8 65 36 9 78 49 80 50 59
26 44 9 18 78 53 49 82 52 35 24 68
27 28 45 53 74 73 27 22 15 52 45 42
27 29 3 75 66 94 31 91 52 60 49 63
27 30 82 7 5 50 78 51 57 24 75 78
27 31 53 72 21 49 38 50 46 60 14 18
27 32 87 45 40 14 26 65 43 8 41 57
27 33 75 20 36 74 56 21 63 50 21 54
27 34 11 87 47 58 63 84 25 52 29 70
27 35 20 93 48 43 94 91 55 94 60 85
27 36 19 87 39 42 63 70 67 74 83 41
27 37 1 70 57 90 59 90 56 80 56 48
27 38 62 33 79 27 20 51 54 59 87 12
27 39 1 29 45 78 29 20 53 74 61 33
27 40 28 87 26 67 49 78 40 24 76 78
27 41 43 56 37 25 32 24 90 88 50 22
27 42 2 57 61 93 81 73 26 48 20 23
27 43 68 69 52 74 7 47 75 75 51 54
27 44 91 17 74 5 69 14 18 48 77 16
28 29 97 26 25 35 21 30 47 51 70 27
28 30 86 50 42 53 71 79 37 13 82 31
28 31 9 79 96 46 53 18 21 83 41 87
28 32 59 12 27 52 40 44 39 8 34 81
28 33 59 83 38 8 38 35 48 82 87 22
28 34 23 24 75 82 75 47 80 64 65 63
28 35 14 81 65 94 63 19 63 34 77 63
28 36 0 67 74 51 58 84 35 25 62 59
28 37 13 94 40 59 79 38 34 94 21 97
28 38 49 31 50 88 56 63 43 46 35 61
28 39 33 87 69 39 61 56 81 26 17 22
28 40 74 77 48 46 37 32 74 31 27 80
28 41 76 40 37 73 70 19 31 53 19 62
28 42 80 77 77 49 38 5 30 38 39 7
28 43 96 60 41 46 51 56 63 62 16 7
28 44 80 60 55 70 81 28 14 30 44 25
29 30 22 45 61 71 75 21 22 85 72 64
29 31 85 42 55 33 46 8 24 74 24 62
29 32 16 36 75 51 91 26 40 51 35 92
29 33 19 62 34 69 27 94 94 27 77 60
29 34 76 71 44 16 74 43 62 12 68 12
29 35 94 65 54 1 63 43 52 55 1 21
29 36 13 27 23 65 83 60 28 54 80 32
29 37 61 53 83 73 56 19 78 29 17 53
29 38 42 14 80 81 63 70 88 54 76 61
29 39 87 77 58 62 19 61 15 68 23 5
29 40 28 63 32 34 24 50 15 89 45 56
29 41 6 46 26 47 51 90 60 45 20 47
29 42 55 33 38 67 11 22 19 59 71 27
29 43 3 70 38 68 54 73 30 90 25 93
29 44 98 19 38 24 20 18 0 27 21 39
30 31 33 60 48 64 41 55 48 26 47 47
30 32 44 55 68 12 86 36 19 46 42 81
30 33 11 93 76 68 88 58 92 58 22 25
30 34 64 57 10 42 67 44 64 52 13 12
30 35 97 28 6 58 40 1 79 37 76 36
30 36 93 58 7 56 60 35 33 66 4 67
30 37 77 83 20 73 6 14 66 25 52 81
30 38 18 61 50 40 35 34 60 62 93 78
30 39 58 41 52 20 36 11 45 34 12 80
30 40 66 51 33 24 49 70 43 78 77 41
30 41 35 52 52 52 32 52 75 35 73 38
30 42 1 93 45 49 46 87 44 78 81 86
30 43 90 18 27 38 4 22 66 47 18 61
30 44 75 65 78 84 67 11 27 12 54 27
31 32 6 59 50 89 93 43 63 23 34 36
31 33 88 38 66 66 76 26 79 29 21 52
31 34 85 18 50 42 30 7 22 80 76 76
31 35 26 83 30 93 49 19 68 15 91 79
31 36 0 50 94 54 97 70 50 39 67 24
31 37 11 72 83 29 71 44 31 64 49 31
31 38 0 34 34 94 28 71 66 58 68 24
31 39 84 22 45 64 15 38 72 3 19 78
31 40 74 8 57 69 34 40 71 18 34 30
31 41 49 54 13 27 84 80 86 24 79 27
31 42 6 73 52 42 93 85 65 72 54 72
31 43 1 39 89 67 74 65 19 47 48 82
31 44 11 47 38 97 50 57 53 58 89 61
32 33 18 55 27 38 64 41 90 55 59 30
32 34 89 12 35 79 72 67 5 77 35 69
32 35 19 39 21 49 93 42 61 43 50 16
32 36 32 81 22 37 87 31 22 91 33 33
32 37 39 81 22 80 88 61 58 75 14 73
32 38 59 52 24 17 39 78 74 65 20 44
32 39 74 7 41 39 35 81 72 80 23 21
32 40 6 93 86 89 22 76 66 21 29 46
32 41 41 67 49 40 86 22 16 64 66 33
32 42 50 85 19 26 39 79 79 87 45 62
32 43 5 63 45 39 31 38 73 57 59 23
32 44 72 53 9 25 6 11 18 62 49 8
33 34 75 76 36 24 26 58 55 66 69 54
33 35 46 16 79 53 90 29 14 22 17 78
33 36 7 49 84 63 50 32 50 46 89 82
33 37 91 72 70 39 75 52 2 72 51 62
33 38 42 40 16 57 91 91 85 37 72 37
33 39 93 31 59 73 16 59 23 24 9 15
33 40 98 17 59 8 68 4 30 28 49 50
33 41 45 39 39 17 41 26 76 32 11 67
33 42 83 15 69 64 27 24 34 80 80 4
33 43 63 22 15 17 81 53 69 86 31 15
33 44 35 75 14 34 17 74 53 33 44 52
34 35 48 21 84 35 73 21 55 87 49 33
34 36 91 74 59 6 45 15 18 8 38 17
34 37 87 27 39 15 22 70 18 12 72 79
34 38 67 44 15 24 12 16 26 79 25 15
34 39 53 31 79 70 45 52 10 52 70 15
34 40 14 75 58 43 59 65 73 45 24 64
34 41 31 72 33 48 81 41 85 93 16 53
34 42 80 9 10 46 80 24 51 22 26 15
34 43 2 73 51 49 92 65 20 87 59 56
34 44 13 19 95 79 28 38 57 88 43 33
35 36 54 18 71 15 19 39 9 18 52 55
35 37 59 53 49 39 67 18 44 14 49 22
35 38 31 34 58 81 51 85 38 40 72 28
35 39 28 46 54 34 56 37 88 60 19 58
35 40 75 79 9 5 72 17 15 65 19 54
35 41 47 82 29 25 48 62 60 51 16 19
35 42 6 49 47 73 30 81 78 88 20 58
35 43 63 26 23 83 24 12 80 23 51 9
35 44 90 79 50 78 74 28 22 54 27 55
36 37 98 43 39 67 21 34 68 26 65 43
36 38 58 10 32 77 82 80 51 37 67 72
36 39 10 73 60 84 68 50 22 46 64 79
36 40 86 67 13 37 17 36 13 68 76 16
36 41 25 16 41 46 29 41 63 23 30 55
36 42 60 72 62 25 61 18 73 85 45 59
36 43 70 71 21 8 75 81 51 60 60 63
36 44 35 19 51 20 29 83 29 73 84 74
37 38 19 59 22 52 51 93 23 39 54 83
37 39 1 37 73 20 89 51 99 74 53 52
37 40 37 77 41 40 65 76 38 76 35 47
37 41 27 18 23 86 15 25 41 85 82 92
37 42 38 63 29 49 21 16 21 83 57 50
37 43 25 55 23 70 93 85 74 63 90 33
37 44 3 58 78 70 58 97 33 56 75 58
38 39 95 45 53 39 37 27 3 65 24 35
38 40 69 67 66 56 14 85 22 83 18 32
38 41 21 66 64 35 52 46 80 84 49 76
38 42 72 38 25 41 48 6 46 17 12 41
38 43 65 45 53 68 8 78 63 73 7 37
38 44 41 50 89 11 25 73 70 83 24 16
39 40 55 26 13 80 44 87 56 33 32 25
39 41 3 43 25 62 50 54 47 86 42 77
39 42 96 31 44 24 40 3 74 1 75 21
39 43 52 59 57 55 56 28 27 15 65 14
39 44 88 70 7 75 4 70 52 15 2 43
40 41 85 18 41 69 17 48 5 34 54 66
40 42 13 70 63 31 39 58 38 53 76 77
40 43 35 29 36 15 63 67 39 45 61 19
40 44 3 77 85 80 28 19 73 24 48 27
41 42 89 81 20 55 20 61 17 9 55 50
41 43 9 66 90 96 74 60 63 49 67 27
41 44 97 27 23 35 15 1 17 41 28 65
42 43 96 75 32 11 22 2 2 18 22 19
42 44 68 45 83 52 36 25 30 76 74 40
43 44 10 53 40 60 76 38 50 56 38 97
