10 5
0 0.333333 0.333333 0.333333 0 
0 1 25 54 68 53 83
0 2 71 20 33 17 28
0 3 29 82 75 48 45
0 4 73 55 19 19 48
0 5 96 22 44 12 51
0 6 58 42 48 22 31
0 7 77 54 61 36 12
0 8 20 79 60 85 71
0 9 57 51 42 63 42
1 2 63 66 64 19 38
1 3 16 51 77 84 42
1 4 27 84 72 80 44
1 5 80 14 43 56 55
1 6 5 72 89 50 89
1 7 66 60 61 27 44
1 8 8 67 93 85 65
1 9 51 30 68 57 73
2 3 60 63 58 46 45
2 4 70 48 19 15 30
2 5 81 28 17 14 52
2 6 6 90 48 52 76
2 7 4 63 97 83 49
2 8 91 41 44 42 37
2 9 47 43 62 26 36
3 4 63 63 51 47 45
3 5 29 83 41 78 67
3 6 37 33 55 56 74
3 7 68 34 18 43 19
3 8 22 58 59 58 84
3 9 91 7 41 26 18
4 5 37 73 79 47 36
4 6 87 18 44 7 16
4 7 2 73 74 91 57
4 8 11 47 52 63 68
4 9 16 61 66 55 68
5 6 87 8 49 19 30
5 7 59 39 35 42 40
5 8 20 88 56 53 60
5 9 0 52 90 75 66
6 7 3 95 77 66 86
6 8 79 46 17 11 58
6 9 6 77 81 74 87
7 8 72 56 25 62 49
7 9 9 91 86 72 71
8 9 67 66 57 62 61
