22 5
0 0.333333 0.333333 0.333333 0 
0 1 14 53 43 44 28
0 2 66 84 37 55 70
0 3 89 2 62 16 67
0 4 90 31 54 57 45
0 5 49 85 69 56 31
0 6 40 17 69 91 67
0 7 8 95 96 18 74
0 8 73 81 40 73 52
0 9 93 20 6 31 61
0 10 13 94 18 39 19
0 11 55 56 65 83 87
0 12 55 60 84 38 74
0 13 31 74 80 84 67
0 14 75 43 36 80 40
0 15 73 59 68 83 38
0 16 72 27 10 10 19
0 17 26 88 63 79 82
0 18 31 19 76 22 36
0 19 5 29 96 32 52
0 20 63 81 29 51 69
0 21 59 28 87 42 12
1 2 98 34 49 34 52
1 3 42 27 22 68 43
1 4 75 35 73 12 80
1 5 12 68 62 50 30
1 6 53 45 45 31 86
1 7 22 17 21 28 23
1 8 58 16 44 18 49
1 9 19 78 23 17 68
1 10 17 17 69 58 18
1 11 12 62 56 29 64
1 12 62 59 30 39 31
1 13 43 53 33 80 71
1 14 82 32 14 79 73
1 15 98 50 79 58 77
1 16 2 68 70 40 21
1 17 63 27 23 30 13
1 18 12 37 48 62 91
1 19 61 28 82 17 22
1 20 25 28 70 26 54
1 21 80 58 41 37 77
2 3 2 49 86 73 98
2 4 68 36 37 84 61
2 5 37 88 89 22 87
2 6 36 20 83 71 74
2 7 55 18 22 18 10
2 8 75 61 57 44 63
2 9 84 40 74 21 19
2 10 41 42 51 81 86
2 11 47 84 51 84 54
2 12 38 21 53 15 91
2 13 72 5 73 24 63
2 14 73 84 9 25 56
2 15 27 72 78 49 28
2 16 34 36 49 65 36
2 17 76 40 71 52 61
2 18 43 20 49 58 28
2 19 79 42 79 9 63
2 20 56 13 36 45 68
2 21 60 16 53 15 24
3 4 79 44 77 60 26
3 5 79 70 72 50 24
3 6 97 40 25 50 74
3 7 79 15 44 28 21
3 8 93 75 17 42 70
3 9 22 38 15 26 78
3 10 42 11 32 12 61
3 11 71 20 38 40 46
3 12 14 91 89 45 22
3 13 48 37 76 47 70
3 14 28 69 78 48 21
3 15 56 63 41 31 17
3 16 32 41 20 74 62
3 17 54 43 39 65 75
3 18 3 80 40 50 29
3 19 19 88 24 67 17
3 20 82 77 40 36 44
3 21 21 24 32 72 50
4 5 98 33 73 18 22
4 6 67 64 10 27 44
4 7 26 62 68 52 43
4 8 73 16 20 43 38
4 9 69 85 24 22 85
4 10 57 11 85 81 64
4 11 53 73 48 70 15
4 12 88 49 66 44 17
4 13 12 89 94 55 72
4 14 9 81 21 53 92
4 15 35 82 45 37 41
4 16 46 49 68 14 63
4 17 36 17 25 39 60
4 18 19 18 81 23 38
4 19 47 23 78 82 67
4 20 17 95 54 71 65
4 21 65 31 60 14 34
5 6 5 63 85 52 60
5 7 15 24 72 34 34
5 8 10 72 21 86 24
5 9 39 61 26 19 55
5 10 16 77 74 57 60
5 11 53 88 76 30 42
5 12 99 2 44 37 33
5 13 48 62 81 53 51
5 14 80 45 65 79 55
5 15 14 69 62 46 63
5 16 80 5 23 54 58
5 17 85 28 4 6 79
5 18 54 71 12 43 81
5 19 18 25 68 44 68
5 20 86 57 26 19 22
5 21 94 26 11 57 42
6 7 9 47 21 30 61
6 8 47 65 34 56 37
6 9 67 70 39 68 68
6 10 68 40 67 46 14
6 11 77 46 20 35 44
6 12 15 30 64 53 54
6 13 89 45 66 18 43
6 14 47 69 45 64 58
6 15 94 63 55 65 51
6 16 48 24 17 26 57
6 17 11 37 44 32 96
6 18 21 93 19 16 35
6 19 5 45 96 97 62
6 20 53 63 56 40 28
6 21 7 63 65 97 19
7 8 12 24 32 96 48
7 9 25 82 73 82 16
7 10 88 53 23 63 58
7 11 61 87 23 31 55
7 12 70 51 26 21 25
7 13 37 79 68 28 73
7 14 84 41 4 32 37
7 15 82 27 70 48 49
7 16 18 95 33 42 19
7 17 41 22 66 91 49
7 18 51 25 20 46 58
7 19 70 78 43 12 70
7 20 33 74 73 14 37
7 21 6 60 96 87 84
8 9 27 39 70 41 65
8 10 35 53 68 72 29
8 11 52 51 21 10 66
8 12 89 40 73 78 37
8 13 15 71 17 38 90
8 14 55 68 87 56 15
8 15 65 72 76 52 8
8 16 86 53 28 28 7
8 17 80 10 11 49 34
8 18 28 59 22 84 24
8 19 92 42 76 35 17
8 20 3 42 57 89 78
8 21 2 76 54 43 44
9 10 39 42 15 45 46
9 11 41 52 12 34 63
9 12 11 97 31 56 19
9 13 59 56 18 56 53
9 14 45 88 69 75 85
9 15 86 12 44 49 45
9 16 0 20 49 52 56
9 17 38 13 88 70 72
9 18 34 53 14 14 93
9 19 35 78 41 69 29
9 20 75 77 12 12 50
9 21 83 17 48 56 71
10 11 28 21 28 17 37
10 12 24 28 45 29 91
10 13 90 31 12 69 35
10 14 43 31 79 90 32
10 15 9 36 63 64 68
10 16 27 41 33 72 92
10 17 47 51 78 56 55
10 18 96 45 77 2 34
10 19 97 44 6 17 30
10 20 79 10 82 75 77
10 21 22 28 26 36 71
11 12 48 82 46 79 60
11 13 47 62 77 27 79
11 14 69 32 28 38 79
11 15 69 85 15 82 53
11 16 31 34 29 19 52
11 17 62 28 71 75 51
11 18 80 79 43 68 6
11 19 69 58 32 60 44
11 20 73 60 30 54 80
11 21 90 81 51 6 54
12 13 5 75 51 47 89
12 14 73 18 51 51 77
12 15 42 73 49 39 42
12 16 59 52 88 34 77
12 17 77 12 45 53 58
12 18 65 36 31 46 66
12 19 98 61 62 52 21
12 20 88 23 18 25 12
12 21 63 69 46 37 12
13 14 68 24 27 74 49
13 15 18 34 91 51 94
13 16 85 46 19 49 61
13 17 66 8 27 50 10
13 18 62 23 69 37 28
13 19 62 7 54 73 27
13 20 10 60 33 36 72
13 21 97 39 5 59 76
14 15 6 63 76 37 82
14 16 46 35 81 52 88
14 17 91 38 7 53 33
14 18 66 77 35 19 44
14 19 10 54 25 53 37
14 20 43 16 81 32 75
14 21 79 57 44 74 10
15 16 37 78 38 32 85
15 17 24 29 30 79 45
15 18 36 64 43 40 27
15 19 87 34 28 57 75
15 20 38 88 74 86 25
15 21 32 27 42 19 65
16 17 48 29 68 37 85
16 18 77 17 81 64 64
16 19 55 81 37 14 48
16 20 93 51 49 72 30
16 21 29 36 37 20 89
17 18 79 43 46 48 55
17 19 83 37 46 47 46
17 20 92 57 57 16 60
17 21 60 27 39 67 44
18 19 47 35 32 14 74
18 20 75 7 32 54 27
18 21 30 14 24 42 78
19 20 31 49 61 84 46
19 21 29 35 77 87 48
20 21 85 16 3 31 20
