25 5
0 0.333333 0.333333 0.333333 0 
0 1 79 27 61 4 22
0 2 18 19 54 75 28
0 3 6 76 87 57 94
0 4 8 31 59 95 60
0 5 35 58 20 86 29
0 6 53 72 24 22 16
0 7 49 20 51 52 10
0 8 68 70 79 81 44
0 9 43 46 55 74 40
0 10 67 54 65 55 54
0 11 17 86 30 87 54
0 12 1 90 88 53 42
0 13 81 13 43 32 34
0 14 44 46 85 35 79
0 15 59 43 15 31 44
0 16 74 11 78 7 38
0 17 69 72 19 48 54
0 18 12 47 68 95 93
0 19 32 23 50 43 78
0 20 42 29 86 41 68
0 21 59 77 8 50 21
0 22 12 34 60 88 18
0 23 56 57 40 18 59
0 24 52 53 24 76 12
1 2 8 28 33 72 34
1 3 24 59 94 72 52
1 4 83 77 24 35 64
1 5 15 18 64 23 61
1 6 35 83 31 54 59
1 7 92 54 40 7 71
1 8 74 38 65 54 26
1 9 71 62 77 68 35
1 10 74 45 74 54 35
1 11 50 34 37 33 39
1 12 67 80 67 23 42
1 13 27 20 27 32 39
1 14 77 47 57 27 82
1 15 15 78 82 67 91
1 16 54 57 74 68 81
1 17 12 42 37 80 37
1 18 23 53 51 26 28
1 19 7 76 46 64 40
1 20 29 78 76 35 87
1 21 65 32 12 54 62
1 22 22 20 89 69 92
1 23 15 91 66 65 23
1 24 54 14 68 78 63
2 3 2 76 57 70 57
2 4 90 76 59 14 39
2 5 96 56 72 13 69
2 6 18 42 19 95 65
2 7 18 48 36 52 93
2 8 90 80 80 27 43
2 9 59 39 22 74 49
2 10 85 57 28 54 24
2 11 75 14 20 70 75
2 12 87 21 63 46 17
2 13 21 87 40 79 68
2 14 55 86 68 80 39
2 15 55 80 76 82 38
2 16 82 48 6 53 3
2 17 20 37 68 37 28
2 18 9 24 31 52 44
2 19 86 80 17 32 19
2 20 86 12 21 30 8
2 21 50 42 25 48 12
2 22 68 9 7 85 61
2 23 61 29 39 10 58
2 24 44 64 86 32 69
3 4 74 62 13 20 64
3 5 34 75 36 59 49
3 6 92 47 2 62 57
3 7 37 33 71 41 68
3 8 78 34 39 77 62
3 9 72 47 8 84 68
3 10 49 84 49 65 46
3 11 98 50 2 64 46
3 12 64 7 16 53 84
3 13 74 47 46 52 74
3 14 78 19 56 39 72
3 15 14 20 95 68 85
3 16 28 43 92 65 88
3 17 97 8 30 53 23
3 18 8 53 44 86 43
3 19 63 30 55 22 24
3 20 43 17 24 54 30
3 21 20 30 87 26 48
3 22 17 23 20 18 17
3 23 57 32 60 87 79
3 24 26 60 19 37 28
4 5 25 63 71 66 38
4 6 5 32 79 76 25
4 7 52 32 84 66 10
4 8 29 34 68 47 47
4 9 66 52 52 76 23
4 10 28 45 49 32 83
4 11 65 62 52 51 80
4 12 85 16 78 36 7
4 13 23 57 56 56 85
4 14 88 35 28 41 47
4 15 51 57 88 50 36
4 16 74 57 29 18 42
4 17 31 45 48 63 63
4 18 25 64 43 30 68
4 19 3 46 75 86 93
4 20 74 47 44 45 28
4 21 92 35 17 24 48
4 22 78 77 19 26 9
4 23 92 5 59 74 66
4 24 12 86 50 84 31
5 6 58 22 71 24 83
5 7 7 23 60 92 58
5 8 46 60 18 83 78
5 9 86 40 66 49 58
5 10 42 47 52 44 63
5 11 74 50 33 5 69
5 12 50 87 51 59 28
5 13 6 93 51 35 92
5 14 81 11 28 33 80
5 15 7 70 84 33 37
5 16 55 45 54 87 47
5 17 78 64 44 26 66
5 18 7 86 76 70 39
5 19 76 32 32 59 65
5 20 22 49 61 86 70
5 21 94 21 29 49 54
5 22 3 40 44 92 37
5 23 20 93 45 91 74
5 24 24 64 45 59 85
6 7 98 38 79 72 39
6 8 3 32 79 37 96
6 9 84 24 27 22 3
6 10 97 10 37 9 67
6 11 42 45 41 55 90
6 12 77 35 36 37 74
6 13 92 71 41 68 78
6 14 36 65 15 44 21
6 15 67 70 37 82 39
6 16 27 27 55 23 26
6 17 63 64 86 82 13
6 18 41 60 88 83 16
6 19 75 11 14 68 83
6 20 29 90 46 37 75
6 21 35 30 50 69 81
6 22 7 47 26 27 79
6 23 71 57 70 69 48
6 24 13 24 42 65 36
7 8 0 29 57 99 83
7 9 76 57 23 67 35
7 10 44 17 13 64 40
7 11 81 10 11 40 7
7 12 87 5 53 73 32
7 13 40 70 28 32 59
7 14 35 83 42 34 37
7 15 28 18 76 59 27
7 16 86 52 50 19 4
7 17 83 41 15 11 73
7 18 35 39 51 77 75
7 19 2 36 68 22 36
7 20 30 70 84 65 71
7 21 79 73 81 79 24
7 22 91 70 53 38 30
7 23 45 25 60 68 38
7 24 18 60 32 69 80
8 9 80 54 6 45 9
8 10 11 92 20 55 59
8 11 60 25 24 46 85
8 12 71 48 59 70 44
8 13 16 74 23 92 21
8 14 70 79 10 58 79
8 15 65 44 24 72 8
8 16 73 20 18 37 51
8 17 11 42 45 90 79
8 18 6 44 56 97 89
8 19 55 75 49 44 14
8 20 43 28 54 12 32
8 21 62 69 8 68 8
8 22 74 20 60 52 82
8 23 36 80 34 21 22
8 24 93 7 66 2 13
9 10 90 19 38 62 10
9 11 40 78 45 53 46
9 12 70 39 42 33 76
9 13 5 35 44 45 19
9 14 72 69 51 38 23
9 15 86 80 51 48 35
9 16 29 26 51 28 33
9 17 55 18 13 54 21
9 18 54 41 66 50 11
9 19 13 82 23 57 86
9 20 14 34 61 39 33
9 21 96 2 26 73 1
9 22 53 64 75 53 17
9 23 75 16 39 46 59
9 24 73 46 53 33 37
10 11 81 70 35 36 77
10 12 11 25 36 82 20
10 13 87 14 73 53 47
10 14 11 18 65 97 92
10 15 16 34 67 89 90
10 16 61 81 21 38 73
10 17 18 26 44 68 44
10 18 96 51 71 25 67
10 19 71 11 54 62 33
10 20 29 62 60 26 26
10 21 79 56 74 30 16
10 22 75 63 16 56 33
10 23 92 40 2 58 34
10 24 82 16 59 10 52
11 12 74 77 21 9 25
11 13 94 71 50 50 25
11 14 24 42 83 59 42
11 15 56 80 16 72 57
11 16 40 62 49 25 20
11 17 8 48 89 90 92
11 18 71 49 11 79 84
11 19 47 58 76 88 35
11 20 51 23 38 26 11
11 21 71 52 56 18 59
11 22 83 3 17 43 78
11 23 32 36 85 68 90
11 24 56 76 33 76 70
12 13 17 90 37 76 82
12 14 72 84 70 47 47
12 15 68 40 56 58 38
12 16 56 55 21 87 60
12 17 98 16 56 64 19
12 18 85 76 72 41 74
12 19 85 18 51 34 11
12 20 3 21 48 96 60
12 21 83 42 28 36 10
12 22 71 38 51 40 47
12 23 22 40 37 17 93
12 24 57 14 25 23 19
13 14 70 85 13 73 63
13 15 51 23 76 12 28
13 16 61 61 55 30 21
13 17 78 21 49 64 25
13 18 79 76 77 8 7
13 19 95 17 79 73 57
13 20 90 33 71 46 71
13 21 78 60 66 42 21
13 22 30 93 28 21 65
13 23 2 26 94 34 80
13 24 26 85 42 38 51
14 15 14 22 94 85 49
14 16 3 71 98 65 54
14 17 94 19 28 51 25
14 18 78 5 79 74 64
14 19 29 27 67 22 78
14 20 5 58 28 87 43
14 21 79 72 33 37 57
14 22 74 7 37 8 68
14 23 54 38 69 42 14
14 24 23 58 64 68 21
15 16 77 84 56 46 41
15 17 31 24 52 60 24
15 18 24 72 79 47 58
15 19 76 24 57 68 30
15 20 48 13 82 62 68
15 21 49 76 45 23 75
15 22 52 15 42 53 21
15 23 15 62 91 75 40
15 24 87 37 50 81 38
16 17 0 47 85 79 96
16 18 87 14 62 71 4
16 19 34 67 39 88 42
16 20 86 14 16 54 60
16 21 1 32 85 84 79
16 22 68 67 34 6 32
16 23 4 59 91 58 72
16 24 82 68 40 80 46
17 18 94 53 53 79 63
17 19 95 65 79 53 55
17 20 99 34 44 79 50
17 21 38 62 42 82 45
17 22 1 56 84 68 98
17 23 77 53 35 33 18
17 24 44 51 88 12 73
18 19 81 53 49 41 64
18 20 6 41 30 48 23
18 21 78 62 66 62 81
18 22 76 56 43 68 22
18 23 50 38 44 68 13
18 24 12 87 48 38 74
19 20 47 77 16 22 14
19 21 12 94 45 96 62
19 22 19 67 92 90 19
19 23 72 68 80 13 25
19 24 69 18 50 66 15
20 21 50 46 88 86 18
20 22 61 76 73 43 8
20 23 75 55 56 83 57
20 24 44 46 14 63 84
21 22 19 20 53 83 37
21 23 80 33 25 41 37
21 24 27 56 58 83 70
22 23 58 10 81 60 67
22 24 13 60 70 92 67
23 24 74 83 27 83 74
