33 5
0 0 1 0 0 
0 1 96 2 42 8 43
0 2 37 72 70 60 80
0 3 93 6 35 12 13
0 4 1 98 73 82 81
0 5 16 86 50 54 55
0 6 3 58 59 95 88
0 7 67 44 55 47 34
0 8 91 8 18 4 10
0 9 86 36 12 54 40
0 10 21 72 54 88 51
0 11 17 55 87 73 64
0 12 36 64 79 64 77
0 13 9 55 78 51 87
0 14 66 32 49 27 44
0 15 24 59 71 78 64
0 16 67 48 20 38 22
0 17 42 75 36 42 46
0 18 75 37 54 62 46
0 19 16 87 74 53 55
0 20 92 10 20 41 16
0 21 52 40 31 69 36
0 22 83 45 15 34 21
0 23 66 34 52 62 27
0 24 59 45 42 56 61
0 25 24 57 76 56 51
0 26 38 65 68 52 63
0 27 35 49 57 34 57
0 28 89 7 49 49 35
0 29 49 74 54 41 42
0 30 22 40 75 42 73
0 31 75 49 32 54 57
0 32 30 51 60 71 65
1 2 30 65 46 44 80
1 3 95 21 42 47 46
1 4 85 45 23 31 31
1 5 11 44 54 84 88
1 6 94 7 7 27 21
1 7 56 31 67 68 22
1 8 88 50 14 53 48
1 9 19 89 52 84 49
1 10 41 73 31 61 68
1 11 93 30 4 46 22
1 12 82 39 33 47 25
1 13 35 73 53 38 78
1 14 52 46 47 43 50
1 15 83 57 20 41 52
1 16 15 86 90 63 50
1 17 12 81 63 70 51
1 18 20 81 55 58 43
1 19 5 49 48 87 82
1 20 9 62 52 77 64
1 21 93 14 52 36 16
1 22 66 64 27 52 24
1 23 90 32 31 14 40
1 24 61 46 42 53 64
1 25 44 54 35 31 56
1 26 57 32 60 56 61
1 27 10 81 72 53 87
1 28 52 38 67 59 52
1 29 1 84 72 56 59
1 30 25 74 41 53 59
1 31 99 25 38 21 23
1 32 60 63 52 48 37
2 3 21 79 53 72 60
2 4 28 47 42 70 58
2 5 73 62 34 24 23
2 6 77 34 43 53 54
2 7 3 74 91 91 84
2 8 27 39 67 53 75
2 9 59 32 35 39 67
2 10 52 49 53 56 44
2 11 7 63 81 81 70
2 12 86 34 15 7 33
2 13 56 33 31 58 68
2 14 93 22 34 38 9
2 15 19 52 67 73 59
2 16 2 71 75 58 53
2 17 29 76 83 69 57
2 18 74 60 22 38 32
2 19 58 64 51 68 38
2 20 11 48 62 53 51
2 21 44 71 39 41 32
2 22 56 63 61 59 49
2 23 75 48 25 16 21
2 24 64 42 54 45 50
2 25 30 51 60 80 84
2 26 69 50 41 34 32
2 27 60 62 60 38 49
2 28 6 77 81 53 89
2 29 12 56 68 55 46
2 30 33 58 74 49 43
2 31 8 56 65 83 71
2 32 20 78 76 53 87
3 4 26 79 73 65 72
3 5 12 76 55 75 52
3 6 89 23 43 42 28
3 7 34 41 61 33 52
3 8 72 45 53 27 32
3 9 89 31 18 50 7
3 10 39 45 49 57 65
3 11 87 49 27 22 11
3 12 9 73 54 60 66
3 13 75 50 46 38 53
3 14 29 57 39 71 43
3 15 66 17 32 56 32
3 16 28 47 81 35 38
3 17 40 72 75 51 42
3 18 67 31 57 33 41
3 19 5 54 71 48 87
3 20 44 50 31 52 42
3 21 69 16 22 26 55
3 22 20 83 75 87 77
3 23 69 64 46 31 33
3 24 95 22 34 35 50
3 25 29 35 54 76 81
3 26 14 84 66 51 85
3 27 7 63 54 57 66
3 28 75 21 53 53 58
3 29 4 80 82 58 90
3 30 6 70 52 69 61
3 31 99 14 36 44 13
3 32 41 52 33 68 70
4 5 24 45 71 61 66
4 6 78 42 41 51 25
4 7 45 64 37 27 49
4 8 25 82 79 46 72
4 9 0 89 62 63 77
4 10 39 42 74 47 62
4 11 56 51 70 35 38
4 12 55 22 35 61 42
4 13 41 32 42 79 79
4 14 68 58 38 44 31
4 15 76 31 57 34 41
4 16 78 56 55 57 45
4 17 5 88 48 53 64
4 18 16 68 45 47 63
4 19 46 74 71 63 53
4 20 39 46 71 65 40
4 21 62 57 28 44 54
4 22 32 50 67 49 61
4 23 65 20 19 43 44
4 24 67 21 59 60 19
4 25 37 55 56 59 48
4 26 47 43 39 39 32
4 27 91 40 52 8 21
4 28 6 46 62 95 54
4 29 86 35 12 43 20
4 30 28 44 79 48 39
4 31 5 73 56 81 62
4 32 4 58 82 94 89
5 6 81 33 27 57 49
5 7 82 43 55 51 49
5 8 74 42 54 19 35
5 9 60 61 45 36 21
5 10 20 58 65 59 42
5 11 16 70 70 90 76
5 12 67 22 56 52 41
5 13 9 62 59 77 56
5 14 34 63 42 47 76
5 15 15 66 91 58 82
5 16 32 46 50 74 61
5 17 14 59 43 45 58
5 18 49 68 30 43 48
5 19 28 39 59 71 50
5 20 11 50 73 55 79
5 21 34 41 52 46 60
5 22 54 59 72 59 41
5 23 54 32 58 29 28
5 24 14 83 54 73 54
5 25 52 24 55 45 32
5 26 31 45 81 63 65
5 27 79 57 17 39 50
5 28 49 72 25 74 72
5 29 63 23 44 63 42
5 30 67 63 26 61 37
5 31 89 19 9 20 52
5 32 2 60 85 56 65
6 7 84 57 39 51 23
6 8 20 77 42 84 82
6 9 67 55 20 39 19
6 10 36 72 49 39 45
6 11 45 68 48 60 65
6 12 22 40 40 76 49
6 13 90 37 53 39 31
6 14 58 51 25 27 53
6 15 35 76 61 78 56
6 16 59 32 58 57 47
6 17 26 42 54 75 38
6 18 73 52 48 17 56
6 19 90 51 10 18 28
6 20 55 38 30 56 38
6 21 49 67 42 74 53
6 22 51 37 51 51 39
6 23 61 51 43 43 34
6 24 8 60 57 67 78
6 25 85 48 20 20 8
6 26 8 46 81 52 81
6 27 46 53 45 58 66
6 28 27 75 77 54 84
6 29 10 53 65 69 92
6 30 41 54 75 31 44
6 31 97 27 33 22 15
6 32 64 40 37 48 51
7 8 72 38 56 54 45
7 9 78 60 25 40 42
7 10 99 28 44 12 36
7 11 69 21 31 41 57
7 12 46 45 61 68 53
7 13 67 42 22 39 17
7 14 32 66 48 71 50
7 15 54 55 47 34 39
7 16 16 44 69 73 76
7 17 44 37 64 70 70
7 18 68 35 49 48 59
7 19 23 76 70 75 62
7 20 12 71 74 72 86
7 21 45 28 52 42 50
7 22 13 51 82 58 66
7 23 34 43 75 69 71
7 24 71 43 17 47 24
7 25 9 55 56 91 83
7 26 64 59 48 49 67
7 27 62 50 23 34 30
7 28 90 15 12 31 15
7 29 2 74 65 68 70
7 30 48 31 74 69 33
7 31 41 77 64 40 49
7 32 55 48 72 51 45
8 9 9 73 64 45 80
8 10 85 46 10 20 44
8 11 96 17 3 22 18
8 12 92 7 36 25 49
8 13 62 57 33 58 21
8 14 67 58 50 54 16
8 15 88 29 46 32 16
8 16 66 44 31 39 43
8 17 7 71 89 53 50
8 18 77 45 27 56 53
8 19 6 64 78 53 84
8 20 41 79 77 41 33
8 21 94 46 36 30 13
8 22 15 70 92 70 92
8 23 23 43 43 81 77
8 24 80 22 16 25 45
8 25 57 60 27 40 58
8 26 95 23 51 45 34
8 27 38 69 48 44 57
8 28 53 62 27 34 71
8 29 5 59 68 55 77
8 30 20 87 58 62 49
8 31 43 40 58 50 68
8 32 29 45 41 79 83
9 10 99 26 30 22 21
9 11 46 42 45 67 56
9 12 39 45 59 40 76
9 13 36 61 53 65 68
9 14 23 67 86 45 68
9 15 72 13 39 46 39
9 16 43 42 28 40 35
9 17 72 36 60 47 27
9 18 32 70 75 45 62
9 19 39 60 64 34 35
9 20 41 52 31 60 68
9 21 76 56 18 53 26
9 22 79 35 40 38 27
9 23 93 28 6 48 25
9 24 54 52 47 70 56
9 25 64 26 60 40 59
9 26 3 81 91 64 57
9 27 55 64 26 26 23
9 28 43 58 65 42 32
9 29 88 18 14 8 6
9 30 65 31 18 17 55
9 31 93 39 49 30 7
9 32 22 72 39 77 79
10 11 81 50 35 39 58
10 12 91 43 36 6 50
10 13 22 76 50 53 76
10 14 37 57 31 72 68
10 15 67 20 18 46 53
10 16 17 82 78 53 53
10 17 8 68 63 86 65
10 18 5 72 87 63 94
10 19 54 53 32 30 71
10 20 65 30 48 48 25
10 21 51 73 62 30 62
10 22 73 57 14 59 59
10 23 31 70 66 40 37
10 24 15 49 73 87 50
10 25 71 20 51 39 41
10 26 23 64 69 49 64
10 27 16 53 55 48 54
10 28 88 18 51 23 12
10 29 43 32 45 38 52
10 30 33 43 56 80 67
10 31 14 51 85 63 81
10 32 41 69 79 54 29
11 12 80 25 23 23 26
11 13 34 69 79 65 33
11 14 4 66 74 68 53
11 15 84 40 34 28 54
11 16 45 69 34 45 59
11 17 53 28 29 29 61
11 18 56 27 56 30 45
11 19 6 95 92 87 72
11 20 2 63 84 71 50
11 21 54 54 54 68 51
11 22 84 24 25 54 45
11 23 17 62 88 50 55
11 24 76 46 16 13 45
11 25 70 63 25 44 27
11 26 87 12 43 17 19
11 27 56 30 44 56 28
11 28 45 36 61 33 74
11 29 91 38 36 25 33
11 30 72 60 19 59 45
11 31 74 62 22 35 38
11 32 41 60 52 37 77
12 13 35 42 65 67 42
12 14 56 56 48 26 51
12 15 48 36 49 31 31
12 16 43 47 43 28 49
12 17 81 50 12 54 33
12 18 35 42 81 54 63
12 19 82 18 51 54 35
12 20 65 17 20 53 45
12 21 44 72 63 50 45
12 22 31 78 37 64 77
12 23 85 51 7 10 49
12 24 13 92 85 69 80
12 25 35 69 42 66 68
12 26 41 77 60 77 49
12 27 77 60 40 24 59
12 28 53 50 27 61 23
12 29 6 76 65 82 52
12 30 64 65 39 21 45
12 31 6 84 86 69 50
12 32 49 58 44 33 39
13 14 20 84 83 87 58
13 15 84 11 46 44 20
13 16 49 47 47 34 38
13 17 80 39 46 35 32
13 18 18 47 70 58 47
13 19 16 72 70 85 91
13 20 1 59 51 91 66
13 21 99 44 15 45 15
13 22 99 11 32 49 33
13 23 83 53 50 23 11
13 24 24 63 83 71 47
13 25 51 60 31 38 28
13 26 61 25 50 25 42
13 27 67 34 58 26 64
13 28 81 56 31 56 43
13 29 44 33 54 52 41
13 30 44 65 42 32 68
13 31 90 7 38 10 45
13 32 36 40 54 43 53
14 15 72 36 17 55 44
14 16 60 40 47 41 46
14 17 61 65 42 66 28
14 18 95 51 27 22 21
14 19 99 40 36 35 1
14 20 13 90 57 69 84
14 21 56 35 59 43 27
14 22 53 72 29 58 41
14 23 22 88 49 64 69
14 24 61 21 34 26 19
14 25 46 37 57 56 54
14 26 1 77 58 67 76
14 27 7 50 60 66 70
14 28 68 26 19 47 28
14 29 61 56 51 22 57
14 30 38 63 32 47 69
14 31 97 20 22 41 38
14 32 86 16 14 9 27
15 16 78 54 52 51 50
15 17 77 15 46 22 25
15 18 19 59 42 58 66
15 19 15 78 44 64 77
15 20 73 51 20 34 27
15 21 44 31 33 56 72
15 22 46 50 73 27 55
15 23 70 29 38 23 39
15 24 66 41 65 65 32
15 25 84 52 44 15 42
15 26 89 15 45 19 6
15 27 74 45 39 18 17
15 28 35 40 33 44 55
15 29 1 73 78 74 87
15 30 91 22 19 33 11
15 31 1 96 68 86 97
15 32 11 56 81 75 93
16 17 16 62 87 42 62
16 18 63 36 64 48 32
16 19 21 55 71 81 57
16 20 47 55 29 36 28
16 21 36 42 51 76 49
16 22 95 2 2 46 38
16 23 57 68 53 44 58
16 24 12 66 51 53 89
16 25 2 63 50 65 69
16 26 48 42 34 71 39
16 27 45 46 69 51 57
16 28 68 30 32 64 50
16 29 12 51 80 52 78
16 30 79 58 52 46 30
16 31 99 48 34 41 39
16 32 7 64 95 68 53
17 18 87 27 13 36 33
17 19 69 21 50 20 60
17 20 4 55 63 51 85
17 21 10 88 89 45 60
17 22 33 50 33 54 54
17 23 58 65 63 48 56
17 24 62 37 51 65 43
17 25 52 46 37 44 57
17 26 89 24 45 10 46
17 27 85 7 50 18 45
17 28 74 54 31 59 31
17 29 25 59 57 83 43
17 30 77 17 57 46 22
17 31 60 35 33 24 36
17 32 58 34 37 69 69
18 19 8 74 56 55 95
18 20 42 57 53 62 60
18 21 47 63 64 58 28
18 22 3 52 82 70 67
18 23 24 57 68 71 46
18 24 20 45 66 39 69
18 25 57 32 51 54 51
18 26 95 16 14 37 15
18 27 2 56 65 84 82
18 28 10 75 79 91 55
18 29 67 59 44 48 54
18 30 54 40 65 65 66
18 31 96 40 4 39 45
18 32 87 15 49 26 54
19 20 19 71 77 65 81
19 21 42 53 57 36 35
19 22 7 48 51 82 88
19 23 23 55 47 53 79
19 24 30 55 79 84 70
19 25 81 12 51 22 49
19 26 41 32 60 44 31
19 27 58 51 43 35 55
19 28 73 46 59 40 55
19 29 88 36 36 21 19
19 30 66 62 49 62 58
19 31 43 70 35 57 39
19 32 10 46 90 44 44
20 21 20 56 55 53 56
20 22 1 96 68 65 60
20 23 3 62 80 85 66
20 24 23 78 69 49 81
20 25 56 64 37 66 30
20 26 62 61 34 59 39
20 27 4 78 90 49 87
20 28 27 49 60 78 57
20 29 15 72 59 53 90
20 30 41 77 50 34 56
20 31 9 70 53 73 57
20 32 94 37 40 35 18
21 22 86 53 38 13 35
21 23 9 85 51 74 86
21 24 63 35 55 30 39
21 25 60 57 64 66 28
21 26 86 19 21 16 9
21 27 61 36 54 29 53
21 28 24 87 79 40 45
21 29 28 67 70 71 60
21 30 59 60 61 66 65
21 31 71 31 21 38 38
21 32 93 45 36 50 43
22 23 48 50 57 53 67
22 24 50 35 58 64 69
22 25 97 3 36 43 33
22 26 90 42 39 15 16
22 27 58 38 58 66 39
22 28 88 46 21 16 18
22 29 53 35 72 57 67
22 30 57 29 62 37 51
22 31 25 61 46 65 82
22 32 23 58 53 57 56
23 24 63 24 40 41 54
23 25 78 27 55 35 19
23 26 45 75 35 64 47
23 27 75 28 30 17 36
23 28 59 40 59 54 32
23 29 44 32 51 50 29
23 30 85 40 46 22 37
23 31 28 82 84 73 55
23 32 23 44 43 48 72
24 25 83 50 54 34 33
24 26 0 60 61 77 96
24 27 74 17 51 55 62
24 28 4 49 54 70 53
24 29 52 32 62 51 37
24 30 1 67 89 91 69
24 31 86 44 23 11 35
24 32 71 22 47 42 20
25 26 3 85 48 92 49
25 27 38 43 65 53 57
25 28 51 69 30 40 72
25 29 53 28 37 67 30
25 30 13 81 69 82 57
25 31 34 74 52 51 69
25 32 82 51 14 20 46
26 27 26 71 86 48 59
26 28 59 27 70 27 29
26 29 44 66 65 37 66
26 30 71 54 39 23 50
26 31 67 28 44 28 45
26 32 92 14 36 31 47
27 28 86 7 45 31 13
27 29 48 68 52 39 59
27 30 62 56 36 53 26
27 31 62 67 23 51 35
27 32 1 71 56 85 89
28 29 69 51 58 25 42
28 30 96 49 39 11 43
28 31 38 77 60 34 34
28 32 37 68 58 66 47
29 30 22 85 80 69 55
29 31 10 64 78 53 84
29 32 76 48 28 39 13
30 31 73 39 14 62 26
30 32 79 14 20 43 37
31 32 71 44 19 19 50
