42 5
0 0.333333 0.333333 0.333333 0 
0 1 42 54 78 72 46
0 2 99 19 15 8 10
0 3 76 31 15 58 15
0 4 90 49 50 10 50
0 5 65 37 44 38 20
0 6 49 51 71 57 55
0 7 31 77 62 35 35
0 8 80 42 42 14 46
0 9 30 82 36 53 80
0 10 59 50 59 58 31
0 11 66 53 54 65 52
0 12 36 39 50 75 57
0 13 73 37 44 18 59
0 14 21 79 70 58 85
0 15 34 82 52 68 54
0 16 55 61 60 32 34
0 17 88 44 27 21 41
0 18 69 32 52 27 49
0 19 41 65 47 57 74
0 20 37 79 48 45 80
0 21 59 66 48 53 56
0 22 50 32 64 58 66
0 23 59 32 62 53 51
0 24 16 74 52 42 89
0 25 94 12 38 30 18
0 26 52 34 54 65 35
0 27 63 44 47 48 27
0 28 99 20 29 37 11
0 29 28 38 55 55 41
0 30 6 82 52 87 57
0 31 67 19 19 53 34
0 32 62 22 57 41 62
0 33 60 39 57 65 46
0 34 25 80 72 79 73
0 35 76 42 57 15 37
0 36 39 61 38 64 59
0 37 68 33 44 53 50
0 38 8 72 60 52 72
0 39 22 62 80 76 43
0 40 20 86 42 81 42
0 41 65 21 36 39 20
1 2 36 48 75 44 49
1 3 61 47 25 50 50
1 4 0 51 85 56 66
1 5 20 62 40 75 55
1 6 2 63 85 84 57
1 7 79 54 31 11 35
1 8 0 86 99 64 75
1 9 1 64 60 54 55
1 10 69 23 42 43 40
1 11 68 38 38 36 61
1 12 23 86 42 79 63
1 13 92 7 45 19 35
1 14 19 55 44 72 51
1 15 14 44 44 90 54
1 16 38 37 74 49 65
1 17 40 64 54 53 45
1 18 51 70 65 73 60
1 19 71 22 63 39 33
1 20 74 54 12 51 24
1 21 9 88 76 78 47
1 22 87 45 31 6 28
1 23 46 40 51 61 53
1 24 88 12 9 26 13
1 25 41 78 42 31 60
1 26 7 58 64 54 50
1 27 71 38 32 26 24
1 28 92 50 34 14 52
1 29 80 14 48 48 11
1 30 36 79 59 51 70
1 31 95 32 19 36 33
1 32 85 12 26 17 52
1 33 23 76 69 64 61
1 34 33 82 73 60 74
1 35 9 84 61 73 76
1 36 40 40 55 74 71
1 37 73 41 23 57 29
1 38 13 55 52 76 76
1 39 34 70 69 54 49
1 40 59 57 50 54 37
1 41 14 49 91 43 45
2 3 98 4 14 3 35
2 4 16 69 86 91 46
2 5 71 18 25 58 54
2 6 6 63 70 92 50
2 7 73 59 27 44 17
2 8 83 54 18 21 54
2 9 9 92 58 69 94
2 10 45 42 28 56 53
2 11 22 40 59 41 54
2 12 18 41 75 42 86
2 13 85 25 46 37 20
2 14 85 46 38 12 29
2 15 60 67 54 20 59
2 16 36 40 61 68 65
2 17 92 33 25 4 16
2 18 86 11 20 54 21
2 19 13 47 87 78 76
2 20 17 57 74 48 85
2 21 92 47 41 23 53
2 22 20 74 78 75 50
2 23 57 59 25 53 40
2 24 91 5 53 18 26
2 25 98 10 45 15 40
2 26 18 43 55 59 55
2 27 15 48 79 75 47
2 28 91 33 43 12 42
2 29 68 17 43 36 36
2 30 70 50 32 61 26
2 31 68 57 63 24 61
2 32 39 64 62 76 45
2 33 61 51 54 39 61
2 34 22 72 65 53 57
2 35 65 37 27 62 43
2 36 10 54 94 89 88
2 37 17 59 70 71 84
2 38 53 55 72 24 50
2 39 73 52 29 48 13
2 40 72 20 59 20 17
2 41 39 73 45 66 55
3 4 94 39 5 12 28
3 5 58 68 26 39 36
3 6 94 27 18 14 20
3 7 61 56 21 41 57
3 8 79 30 31 16 34
3 9 28 53 38 77 77
3 10 57 41 25 37 43
3 11 98 24 35 9 7
3 12 91 40 23 35 22
3 13 52 24 51 58 49
3 14 55 60 38 29 58
3 15 32 75 47 46 36
3 16 89 48 34 26 41
3 17 35 45 64 80 62
3 18 2 75 73 78 98
3 19 83 42 45 44 28
3 20 77 49 40 53 21
3 21 54 33 61 67 41
3 22 37 48 54 37 66
3 23 77 37 35 22 38
3 24 81 51 22 58 52
3 25 19 84 75 84 63
3 26 69 61 32 44 38
3 27 8 63 86 92 52
3 28 3 97 68 85 84
3 29 49 44 52 59 52
3 30 42 64 42 73 75
3 31 5 50 59 91 74
3 32 77 18 29 47 31
3 33 21 54 79 46 59
3 34 95 47 50 9 46
3 35 59 43 51 54 47
3 36 47 28 48 52 34
3 37 81 53 37 54 48
3 38 9 62 76 93 68
3 39 75 50 17 55 51
3 40 80 35 43 29 42
3 41 86 38 25 12 27
4 5 56 49 67 42 51
4 6 60 60 49 39 56
4 7 36 35 75 32 50
4 8 87 40 44 26 38
4 9 58 69 68 35 31
4 10 56 52 62 24 68
4 11 87 32 26 43 17
4 12 96 43 51 21 2
4 13 55 48 28 38 22
4 14 44 60 38 61 32
4 15 38 54 60 71 44
4 16 64 37 37 26 38
4 17 98 50 23 33 19
4 18 93 52 24 9 36
4 19 19 84 74 86 50
4 20 24 85 48 72 78
4 21 3 72 93 67 97
4 22 39 54 67 42 58
4 23 93 30 24 17 22
4 24 0 94 50 91 63
4 25 48 26 29 63 33
4 26 26 81 60 73 39
4 27 15 79 68 72 57
4 28 84 16 53 26 8
4 29 47 36 49 74 32
4 30 67 32 43 39 30
4 31 45 55 65 63 60
4 32 56 30 33 49 59
4 33 79 59 44 56 59
4 34 22 75 74 82 46
4 35 25 49 68 56 58
4 36 67 19 58 37 18
4 37 2 94 65 85 67
4 38 64 30 42 63 54
4 39 43 46 66 42 30
4 40 96 30 5 10 12
4 41 47 64 51 46 58
5 6 37 78 40 59 62
5 7 31 35 74 67 75
5 8 57 59 61 29 68
5 9 96 32 5 22 25
5 10 90 36 33 33 16
5 11 93 4 35 25 11
5 12 97 50 27 24 18
5 13 50 24 40 70 73
5 14 75 44 21 31 43
5 15 32 42 65 83 78
5 16 44 50 70 71 75
5 17 56 57 68 67 28
5 18 81 11 15 15 45
5 19 47 36 46 42 63
5 20 88 50 24 36 50
5 21 35 33 46 81 55
5 22 18 45 83 71 84
5 23 99 9 21 19 11
5 24 14 75 81 89 76
5 25 20 43 44 62 45
5 26 61 61 59 68 48
5 27 31 55 72 53 81
5 28 14 80 54 59 90
5 29 39 46 67 77 39
5 30 86 13 35 27 16
5 31 49 51 59 72 27
5 32 99 42 40 31 23
5 33 22 41 75 78 42
5 34 67 19 36 49 28
5 35 72 29 28 46 43
5 36 88 54 11 51 31
5 37 55 60 69 54 56
5 38 41 76 48 47 72
5 39 88 30 32 6 39
5 40 53 23 58 46 49
5 41 26 67 49 48 61
6 7 82 55 48 19 36
6 8 12 66 64 79 77
6 9 62 40 42 67 25
6 10 69 44 39 54 28
6 11 60 48 51 24 69
6 12 74 20 57 33 52
6 13 42 60 56 61 67
6 14 18 63 90 46 78
6 15 58 51 51 52 50
6 16 80 18 57 51 29
6 17 16 66 52 46 76
6 18 4 74 87 91 92
6 19 14 69 61 92 80
6 20 7 56 83 63 84
6 21 67 60 42 44 31
6 22 66 55 53 55 34
6 23 14 45 45 61 50
6 24 22 41 66 77 40
6 25 37 43 32 65 48
6 26 37 59 58 42 77
6 27 78 35 41 25 21
6 28 27 79 37 78 36
6 29 53 38 60 23 60
6 30 94 21 16 8 15
6 31 23 75 79 77 62
6 32 60 64 46 44 53
6 33 37 44 77 58 40
6 34 34 42 40 49 42
6 35 40 66 38 49 52
6 36 7 46 55 49 51
6 37 2 63 50 68 60
6 38 18 66 53 71 84
6 39 24 62 56 70 85
6 40 23 73 77 74 40
6 41 29 77 44 81 67
7 8 92 35 6 45 12
7 9 92 20 47 22 18
7 10 23 48 50 41 79
7 11 67 40 43 35 26
7 12 65 22 51 57 45
7 13 44 30 69 41 37
7 14 48 27 60 54 56
7 15 84 57 39 38 52
7 16 59 69 29 30 43
7 17 67 63 30 35 41
7 18 32 49 45 45 65
7 19 95 48 6 45 11
7 20 13 70 48 65 57
7 21 74 14 53 34 33
7 22 12 65 52 74 73
7 23 21 45 69 40 47
7 24 96 8 34 35 43
7 25 97 46 33 18 22
7 26 65 28 45 27 64
7 27 44 44 30 73 57
7 28 88 24 45 21 49
7 29 86 20 48 45 43
7 30 21 75 50 53 69
7 31 30 71 69 41 43
7 32 18 75 69 74 67
7 33 69 54 16 25 46
7 34 94 50 46 43 47
7 35 70 21 34 20 35
7 36 16 75 62 46 68
7 37 52 45 26 65 39
7 38 10 85 60 86 91
7 39 66 17 58 37 57
7 40 28 85 67 49 81
7 41 4 50 93 73 95
8 9 66 24 40 29 63
8 10 93 8 19 14 48
8 11 49 71 45 45 40
8 12 72 41 31 47 24
8 13 53 58 42 43 27
8 14 73 24 59 47 15
8 15 94 15 25 39 37
8 16 97 30 10 49 9
8 17 44 41 28 32 36
8 18 49 29 70 72 44
8 19 0 51 59 59 90
8 20 7 55 57 65 51
8 21 3 65 76 60 48
8 22 67 45 51 62 31
8 23 85 45 20 34 27
8 24 96 26 39 24 45
8 25 25 69 71 52 64
8 26 18 87 40 62 46
8 27 78 60 49 60 59
8 28 60 41 28 60 50
8 29 30 46 47 65 43
8 30 52 46 73 55 53
8 31 74 50 24 58 24
8 32 67 52 62 30 35
8 33 8 63 70 90 58
8 34 47 62 42 55 26
8 35 10 48 82 67 77
8 36 83 20 57 41 8
8 37 84 40 57 53 37
8 38 23 68 39 61 77
8 39 49 50 63 42 28
8 40 28 74 80 75 61
8 41 45 69 47 74 40
9 10 92 31 52 16 37
9 11 38 32 63 74 40
9 12 80 53 19 22 56
9 13 2 79 72 88 58
9 14 39 64 66 71 38
9 15 48 44 57 30 52
9 16 51 41 64 64 62
9 17 29 63 57 53 76
9 18 65 33 66 26 39
9 19 4 68 82 83 62
9 20 89 42 46 16 21
9 21 72 33 25 20 54
9 22 51 31 35 29 49
9 23 55 27 23 35 26
9 24 70 50 56 33 60
9 25 93 10 34 35 9
9 26 86 40 26 15 21
9 27 81 14 42 32 44
9 28 39 43 40 30 66
9 29 18 74 58 73 70
9 30 72 29 22 16 30
9 31 61 62 63 32 68
9 32 68 37 36 53 18
9 33 47 53 54 50 64
9 34 1 95 92 72 98
9 35 43 77 29 67 49
9 36 15 73 68 64 86
9 37 3 48 54 62 51
9 38 61 28 59 58 24
9 39 55 68 29 70 35
9 40 58 50 22 37 28
9 41 46 31 38 28 65
10 11 82 20 27 22 55
10 12 90 14 17 43 18
10 13 50 25 33 49 38
10 14 96 41 45 25 13
10 15 19 78 83 48 42
10 16 18 46 60 50 80
10 17 52 34 39 34 54
10 18 85 47 35 55 28
10 19 36 50 56 58 53
10 20 0 61 54 79 83
10 21 65 37 47 30 35
10 22 89 19 7 38 37
10 23 27 37 55 37 59
10 24 92 50 11 40 38
10 25 60 44 21 36 56
10 26 59 28 31 23 48
10 27 12 93 90 66 84
10 28 27 56 55 43 57
10 29 28 57 85 71 85
10 30 31 83 37 70 80
10 31 41 29 65 47 74
10 32 48 28 53 31 43
10 33 18 61 80 61 86
10 34 9 47 93 92 57
10 35 47 34 32 47 66
10 36 44 40 61 75 62
10 37 83 21 51 47 11
10 38 68 20 42 62 60
10 39 37 52 79 69 40
10 40 30 63 50 63 73
10 41 11 64 77 49 48
11 12 87 27 50 10 45
11 13 12 74 54 90 72
11 14 67 46 55 30 37
11 15 22 81 58 69 41
11 16 86 15 52 47 18
11 17 41 75 51 35 75
11 18 59 35 69 33 67
11 19 58 65 42 42 53
11 20 6 92 87 82 61
11 21 70 58 26 62 52
11 22 62 29 34 35 67
11 23 78 48 35 12 26
11 24 22 77 82 53 62
11 25 90 20 51 53 42
11 26 77 27 48 29 43
11 27 0 51 92 98 56
11 28 44 53 35 73 49
11 29 98 38 46 5 43
11 30 8 77 91 63 58
11 31 27 39 46 59 53
11 32 31 68 81 36 64
11 33 11 87 62 70 78
11 34 81 20 28 30 41
11 35 77 27 20 25 40
11 36 81 20 32 53 34
11 37 31 75 78 65 37
11 38 92 31 4 42 28
11 39 81 32 41 47 37
11 40 28 60 50 36 78
11 41 57 65 40 32 70
12 13 93 28 8 27 8
12 14 5 74 57 68 58
12 15 12 52 57 53 72
12 16 60 29 53 59 35
12 17 8 74 79 94 73
12 18 12 68 89 60 76
12 19 25 67 40 63 85
12 20 60 39 48 48 66
12 21 61 34 42 26 21
12 22 58 60 37 47 64
12 23 67 36 50 21 50
12 24 30 68 62 45 69
12 25 64 38 40 40 28
12 26 96 34 7 48 15
12 27 12 48 80 90 79
12 28 18 59 86 84 88
12 29 0 52 86 97 55
12 30 98 29 21 19 6
12 31 57 36 28 40 57
12 32 99 4 26 44 45
12 33 78 11 22 18 40
12 34 97 4 46 29 22
12 35 74 26 38 38 52
12 36 37 62 44 52 63
12 37 18 59 82 72 72
12 38 71 37 31 47 36
12 39 84 7 10 49 36
12 40 44 48 63 28 67
12 41 47 76 30 30 30
13 14 94 19 6 26 47
13 15 72 17 49 37 52
13 16 92 19 43 40 36
13 17 3 73 77 67 95
13 18 10 74 46 88 83
13 19 83 50 52 15 43
13 20 19 46 84 77 62
13 21 53 55 72 33 36
13 22 73 45 49 62 61
13 23 77 41 54 59 18
13 24 90 20 22 37 37
13 25 81 30 35 20 28
13 26 71 38 41 18 31
13 27 77 22 38 13 20
13 28 18 74 60 81 47
13 29 41 55 73 71 64
13 30 26 45 37 65 85
13 31 48 51 65 62 65
13 32 17 68 68 90 88
13 33 30 66 42 49 72
13 34 23 63 85 67 87
13 35 57 45 63 52 66
13 36 37 69 34 42 39
13 37 7 48 66 85 65
13 38 97 20 29 50 14
13 39 69 39 17 38 51
13 40 3 74 53 88 78
13 41 91 14 5 39 23
14 15 16 54 53 49 43
14 16 28 58 64 41 44
14 17 79 36 43 49 12
14 18 67 20 42 31 46
14 19 40 60 70 43 67
14 20 28 52 84 84 58
14 21 97 39 31 8 37
14 22 37 53 34 77 58
14 23 19 53 41 66 80
14 24 77 50 57 46 43
14 25 80 25 55 25 15
14 26 82 8 44 23 17
14 27 3 87 50 77 66
14 28 24 61 86 39 72
14 29 78 55 25 49 47
14 30 22 48 44 53 81
14 31 84 20 12 27 47
14 32 73 59 39 60 59
14 33 94 23 18 28 45
14 34 77 38 48 13 24
14 35 56 66 31 46 49
14 36 42 35 40 42 59
14 37 36 44 37 60 72
14 38 80 42 52 32 53
14 39 14 57 75 92 82
14 40 84 19 23 18 26
14 41 70 51 50 23 31
15 16 79 40 57 10 24
15 17 0 75 50 78 63
15 18 65 19 50 52 64
15 19 4 57 69 57 79
15 20 73 27 22 43 51
15 21 23 78 63 48 77
15 22 7 77 61 86 89
15 23 94 18 31 11 11
15 24 21 85 45 73 58
15 25 58 40 47 36 21
15 26 94 8 12 27 19
15 27 1 58 57 60 96
15 28 74 45 46 32 46
15 29 74 47 58 25 22
15 30 65 32 55 57 55
15 31 74 61 48 61 39
15 32 23 76 72 88 57
15 33 3 55 78 71 55
15 34 93 50 41 37 27
15 35 7 82 79 54 82
15 36 9 56 46 71 79
15 37 26 75 77 83 83
15 38 46 53 38 27 64
15 39 4 83 61 70 64
15 40 21 87 66 60 70
15 41 49 58 39 38 41
16 17 60 44 22 32 64
16 18 86 18 13 34 20
16 19 74 51 13 46 60
16 20 15 87 76 79 82
16 21 83 32 11 29 40
16 22 50 64 27 37 49
16 23 98 16 36 7 39
16 24 43 52 46 55 30
16 25 64 18 29 55 42
16 26 59 22 21 20 30
16 27 13 81 68 86 62
16 28 75 35 17 52 52
16 29 71 37 18 55 15
16 30 81 54 19 58 24
16 31 91 39 10 34 38
16 32 30 57 77 35 54
16 33 0 58 97 55 58
16 34 16 89 61 42 50
16 35 55 47 68 47 66
16 36 34 62 39 52 61
16 37 29 48 43 38 84
16 38 76 29 17 26 53
16 39 44 41 52 42 74
16 40 64 57 41 35 61
16 41 2 98 57 67 50
17 18 7 56 94 66 64
17 19 33 37 61 37 42
17 20 93 12 22 11 23
17 21 85 26 45 41 48
17 22 61 25 24 25 33
17 23 31 50 39 74 39
17 24 14 67 67 82 92
17 25 30 66 78 42 47
17 26 94 14 45 45 31
17 27 26 77 72 60 82
17 28 52 63 32 29 35
17 29 49 45 56 63 43
17 30 90 6 16 12 14
17 31 51 58 44 72 58
17 32 68 16 16 50 52
17 33 95 25 16 30 49
17 34 34 45 75 65 67
17 35 1 76 90 82 88
17 36 56 60 51 44 58
17 37 41 30 77 34 33
17 38 94 6 23 37 16
17 39 97 34 14 23 44
17 40 16 62 91 51 83
17 41 74 50 38 49 16
18 19 27 50 43 59 41
18 20 62 50 31 57 64
18 21 28 63 48 49 55
18 22 13 81 47 57 44
18 23 74 32 43 17 36
18 24 64 47 31 58 32
18 25 81 46 58 20 13
18 26 79 44 31 12 29
18 27 46 73 48 68 63
18 28 60 22 43 31 26
18 29 54 65 37 29 54
18 30 74 61 24 16 52
18 31 87 26 39 26 18
18 32 92 43 39 36 44
18 33 44 72 45 35 63
18 34 15 55 42 43 54
18 35 40 76 66 42 50
18 36 72 14 60 42 58
18 37 2 75 62 96 68
18 38 8 57 56 82 56
18 39 23 79 81 73 88
18 40 91 44 35 9 39
18 41 0 60 91 93 82
19 20 80 15 59 34 45
19 21 12 56 51 50 44
19 22 65 25 36 26 19
19 23 37 61 79 66 79
19 24 17 58 77 69 86
19 25 86 37 55 19 15
19 26 75 35 37 59 33
19 27 82 45 26 32 39
19 28 16 87 89 71 65
19 29 63 44 18 52 59
19 30 57 37 55 40 28
19 31 1 58 65 76 60
19 32 17 72 69 59 53
19 33 92 33 19 5 26
19 34 35 51 48 74 76
19 35 33 55 79 62 77
19 36 67 36 34 50 50
19 37 8 83 74 60 75
19 38 86 51 26 50 24
19 39 36 46 79 48 56
19 40 30 37 73 63 78
19 41 97 50 25 48 28
20 21 34 52 77 58 47
20 22 78 23 49 52 23
20 23 30 54 50 58 70
20 24 88 33 49 26 22
20 25 59 51 39 57 43
20 26 43 60 77 57 53
20 27 54 35 23 45 63
20 28 59 45 27 49 62
20 29 68 22 55 41 31
20 30 69 29 34 45 27
20 31 10 81 91 88 62
20 32 24 86 79 47 44
20 33 2 67 77 53 78
20 34 36 65 53 65 44
20 35 91 22 6 32 6
20 36 26 69 49 55 83
20 37 16 48 64 83 89
20 38 31 79 53 61 49
20 39 32 52 78 72 63
20 40 31 57 54 36 81
20 41 67 19 54 51 50
21 22 89 10 11 17 26
21 23 22 87 85 76 68
21 24 32 40 42 60 46
21 25 20 43 78 73 65
21 26 67 41 56 22 51
21 27 73 50 16 21 40
21 28 59 54 53 22 59
21 29 18 55 89 60 75
21 30 76 26 30 53 57
21 31 11 91 79 83 60
21 32 59 52 60 60 33
21 33 38 50 75 60 80
21 34 14 71 86 89 58
21 35 88 8 34 43 53
21 36 4 54 65 54 59
21 37 45 39 61 36 74
21 38 58 24 48 67 31
21 39 18 87 42 44 67
21 40 61 40 28 27 64
21 41 81 30 28 19 46
22 23 99 46 32 14 9
22 24 23 64 84 74 43
22 25 87 9 18 10 12
22 26 21 39 44 50 72
22 27 22 45 64 85 83
22 28 6 92 53 89 70
22 29 24 69 51 38 41
22 30 3 79 50 71 74
22 31 2 84 56 90 49
22 32 21 55 77 51 64
22 33 61 47 30 26 26
22 34 74 26 37 43 18
22 35 48 42 32 31 55
22 36 33 75 61 45 76
22 37 31 43 61 71 75
22 38 58 57 60 27 27
22 39 34 75 62 52 67
22 40 41 53 62 33 42
22 41 44 43 64 39 55
23 24 54 52 25 22 52
23 25 24 80 62 46 62
23 26 3 63 84 94 56
23 27 37 68 41 73 33
23 28 68 34 43 27 62
23 29 24 61 74 47 50
23 30 86 7 37 31 48
23 31 4 59 74 67 60
23 32 7 64 53 70 67
23 33 5 74 83 85 69
23 34 58 24 43 26 52
23 35 15 71 59 44 75
23 36 59 53 53 65 36
23 37 71 30 64 22 28
23 38 85 20 28 39 7
23 39 92 34 37 43 8
23 40 47 68 65 56 53
23 41 57 54 23 33 33
24 25 16 58 72 75 77
24 26 87 43 45 40 8
24 27 47 43 47 28 58
24 28 23 71 42 64 41
24 29 14 58 61 68 67
24 30 37 46 75 41 53
24 31 97 18 13 11 46
24 32 23 43 74 76 73
24 33 96 18 37 35 16
24 34 33 39 50 39 70
24 35 72 56 48 30 49
24 36 47 62 75 47 28
24 37 77 20 20 59 30
24 38 89 50 15 28 21
24 39 9 49 93 45 50
24 40 48 69 68 51 69
24 41 98 47 8 25 17
25 26 97 14 32 22 47
25 27 99 8 18 39 33
25 28 62 49 60 48 26
25 29 91 48 6 46 25
25 30 63 66 34 47 67
25 31 75 52 45 44 61
25 32 31 37 38 78 42
25 33 67 63 50 22 25
25 34 44 32 72 52 73
25 35 29 46 72 63 66
25 36 90 22 53 18 19
25 37 71 31 63 42 42
25 38 64 17 59 41 25
25 39 48 45 26 51 40
25 40 7 76 89 91 54
25 41 15 68 87 74 64
26 27 46 52 73 43 52
26 28 82 48 17 45 27
26 29 16 74 70 44 59
26 30 33 42 53 69 79
26 31 52 37 36 45 30
26 32 67 19 49 47 40
26 33 72 26 27 21 29
26 34 68 23 61 64 62
26 35 0 59 79 59 71
26 36 48 58 53 26 29
26 37 17 84 53 60 88
26 38 58 38 45 44 45
26 39 82 37 53 26 18
26 40 69 21 28 47 37
26 41 31 55 79 71 54
27 28 29 36 63 48 61
27 29 98 35 27 35 29
27 30 98 30 30 19 31
27 31 43 66 58 67 28
27 32 80 36 58 28 22
27 33 94 25 4 35 22
27 34 71 23 57 27 56
27 35 31 54 41 68 62
27 36 81 51 53 24 19
27 37 40 70 77 60 71
27 38 72 39 21 22 54
27 39 79 29 31 19 56
27 40 26 43 68 74 40
27 41 42 36 33 51 35
28 29 3 55 89 96 78
28 30 99 9 37 10 5
28 31 51 65 55 48 35
28 32 10 89 81 82 78
28 33 57 69 48 56 62
28 34 93 52 27 37 26
28 35 12 79 55 81 77
28 36 18 52 53 77 83
28 37 63 27 27 49 38
28 38 4 58 93 59 59
28 39 38 32 50 48 63
28 40 89 44 9 23 8
28 41 43 58 43 48 71
29 30 21 58 74 81 76
29 31 49 55 57 40 56
29 32 62 33 28 26 40
29 33 58 29 29 31 47
29 34 85 27 17 19 56
29 35 95 5 37 42 43
29 36 34 35 61 55 58
29 37 76 26 59 35 34
29 38 67 53 59 28 24
29 39 54 62 24 45 55
29 40 45 72 58 29 71
29 41 40 53 34 29 41
30 31 26 49 73 48 36
30 32 67 31 34 61 44
30 33 69 35 40 27 36
30 34 32 73 78 49 83
30 35 43 69 29 73 69
30 36 67 50 52 41 40
30 37 34 71 38 59 79
30 38 55 31 36 42 26
30 39 59 63 53 29 21
30 40 64 65 55 47 39
30 41 27 80 76 42 66
31 32 59 46 67 48 43
31 33 65 46 30 29 21
31 34 86 11 17 50 43
31 35 52 33 50 28 68
31 36 52 72 55 67 54
31 37 10 77 62 88 63
31 38 60 20 31 28 32
31 39 56 70 62 54 67
31 40 7 53 69 55 62
31 41 26 77 52 73 57
32 33 87 20 14 38 35
32 34 83 41 43 41 23
32 35 45 62 67 62 38
32 36 5 47 82 55 92
32 37 21 44 42 81 78
32 38 1 67 83 94 69
32 39 99 32 41 38 18
32 40 65 41 60 48 66
32 41 40 67 34 61 35
33 34 87 7 29 21 35
33 35 24 64 82 75 71
33 36 59 56 67 46 43
33 37 47 58 51 46 61
33 38 73 63 19 13 61
33 39 56 51 38 37 60
33 40 62 33 54 44 57
33 41 36 40 41 37 78
34 35 89 27 28 30 25
34 36 67 43 17 57 53
34 37 17 70 67 56 48
34 38 50 44 38 61 29
34 39 32 38 33 74 62
34 40 68 20 41 31 54
34 41 45 43 36 61 41
35 36 11 87 88 87 67
35 37 92 22 44 6 32
35 38 38 33 39 63 40
35 39 26 77 68 50 40
35 40 49 46 72 70 68
35 41 93 14 22 52 18
36 37 0 70 56 67 89
36 38 35 77 66 47 40
36 39 49 34 66 31 67
36 40 50 71 68 49 48
36 41 35 45 82 76 74
37 38 53 34 45 27 25
37 39 31 42 44 37 55
37 40 15 79 88 83 70
37 41 98 16 23 31 23
38 39 48 60 39 52 52
38 40 48 64 62 53 27
38 41 27 42 69 81 69
39 40 77 19 52 42 29
39 41 76 54 53 47 49
40 41 49 45 33 53 29
