45 5
0 0 1 0 0 
0 1 57 67 48 56 43
0 2 49 33 45 73 66
0 3 42 69 55 47 38
0 4 57 29 33 26 65
0 5 48 40 42 43 26
0 6 7 76 60 80 72
0 7 14 57 66 78 45
0 8 12 77 61 61 55
0 9 7 86 77 77 72
0 10 23 54 49 80 86
0 11 6 94 50 63 71
0 12 50 72 52 66 58
0 13 32 67 74 40 51
0 14 58 60 28 56 42
0 15 14 88 79 66 91
0 16 12 66 55 89 64
0 17 59 43 51 33 35
0 18 75 36 29 55 48
0 19 56 70 62 62 30
0 20 15 52 53 58 79
0 21 7 77 88 83 90
0 22 48 45 31 73 60
0 23 3 60 75 65 73
0 24 54 36 26 40 48
0 25 70 54 47 56 54
0 26 39 32 51 61 79
0 27 70 49 22 43 41
0 28 52 39 66 45 36
0 29 91 12 24 39 52
0 30 29 40 83 77 44
0 31 89 38 21 21 29
0 32 52 52 25 31 53
0 33 49 54 54 44 59
0 34 15 68 68 69 72
0 35 41 51 76 38 52
0 36 59 57 47 21 32
0 37 37 80 78 36 52
0 38 66 45 45 41 51
0 39 14 73 47 49 90
0 40 9 80 47 84 69
0 41 67 24 38 65 26
0 42 47 55 47 48 55
0 43 93 8 23 21 22
0 44 40 77 56 57 66
1 2 54 35 56 40 31
1 3 68 40 34 57 32
1 4 98 22 7 28 11
1 5 49 61 71 38 33
1 6 95 48 3 11 37
1 7 76 24 25 31 51
1 8 74 56 46 18 15
1 9 10 90 88 85 69
1 10 77 14 54 19 15
1 11 48 64 70 70 33
1 12 81 34 9 47 47
1 13 62 65 40 30 58
1 14 86 21 19 37 37
1 15 58 54 48 38 40
1 16 10 94 93 56 56
1 17 37 77 31 47 48
1 18 79 56 47 25 29
1 19 62 42 48 64 52
1 20 19 88 47 51 66
1 21 40 73 75 40 57
1 22 68 18 19 16 44
1 23 34 32 39 42 59
1 24 66 60 51 53 56
1 25 11 80 78 72 56
1 26 11 74 85 62 81
1 27 61 67 29 55 35
1 28 20 76 42 58 50
1 29 90 7 20 14 9
1 30 38 52 69 75 39
1 31 74 61 15 23 53
1 32 76 17 16 31 25
1 33 38 59 62 48 71
1 34 35 79 40 80 45
1 35 67 37 44 43 63
1 36 13 71 69 50 74
1 37 78 44 58 27 11
1 38 87 49 18 19 25
1 39 53 31 47 61 38
1 40 48 35 53 48 52
1 41 37 80 38 54 49
1 42 19 62 63 62 89
1 43 43 38 41 63 52
1 44 58 32 29 60 43
2 3 37 52 63 37 75
2 4 71 45 45 46 56
2 5 21 42 66 83 84
2 6 16 47 83 55 69
2 7 14 88 87 71 89
2 8 38 32 55 31 67
2 9 13 63 72 85 71
2 10 55 59 46 34 55
2 11 11 89 81 47 84
2 12 27 39 78 38 61
2 13 37 67 78 80 65
2 14 53 40 52 31 25
2 15 29 72 52 41 78
2 16 62 53 35 46 29
2 17 44 56 42 49 42
2 18 54 61 41 71 69
2 19 97 2 39 28 20
2 20 78 34 17 49 43
2 21 75 51 42 54 55
2 22 29 38 75 57 52
2 23 0 86 70 82 62
2 24 20 63 43 62 41
2 25 57 31 46 42 26
2 26 95 24 19 46 10
2 27 50 55 49 50 53
2 28 71 35 43 33 17
2 29 42 55 38 45 36
2 30 80 40 37 17 35
2 31 0 89 54 66 84
2 32 19 86 67 60 68
2 33 55 22 58 35 64
2 34 48 30 35 53 32
2 35 30 55 67 46 84
2 36 4 80 70 76 82
2 37 73 30 45 32 25
2 38 15 74 73 65 84
2 39 96 27 38 32 9
2 40 19 64 77 87 68
2 41 78 59 44 20 33
2 42 98 50 18 43 3
2 43 28 47 43 85 40
2 44 80 15 11 13 27
3 4 70 27 60 20 43
3 5 20 55 53 48 50
3 6 94 48 32 40 49
3 7 45 55 35 46 33
3 8 7 76 60 57 51
3 9 42 59 57 73 33
3 10 76 59 58 17 23
3 11 71 14 61 56 55
3 12 4 68 74 71 84
3 13 66 50 26 32 26
3 14 24 57 81 81 85
3 15 95 27 51 46 45
3 16 12 48 55 92 74
3 17 73 51 53 51 30
3 18 57 32 44 59 36
3 19 17 70 51 83 80
3 20 35 72 80 60 43
3 21 69 63 49 53 35
3 22 99 3 10 10 48
3 23 65 45 56 21 36
3 24 78 23 60 43 52
3 25 39 69 69 44 42
3 26 78 10 40 56 17
3 27 13 45 66 89 63
3 28 12 63 66 77 77
3 29 28 67 38 80 60
3 30 98 14 40 9 6
3 31 84 28 54 26 8
3 32 1 58 81 58 91
3 33 43 45 31 75 44
3 34 59 51 47 58 67
3 35 42 67 44 52 31
3 36 83 9 13 12 50
3 37 58 38 28 50 29
3 38 17 85 67 50 79
3 39 19 58 73 64 75
3 40 88 15 38 8 42
3 41 45 38 65 30 47
3 42 1 90 63 94 86
3 43 43 63 63 41 43
3 44 20 50 55 59 75
4 5 35 56 65 62 40
4 6 38 59 59 63 57
4 7 37 57 72 64 63
4 8 24 81 40 43 52
4 9 2 81 73 95 70
4 10 52 45 63 65 54
4 11 62 30 21 27 21
4 12 74 29 47 49 61
4 13 46 73 63 70 67
4 14 31 34 50 57 72
4 15 10 65 87 77 47
4 16 28 36 80 64 70
4 17 19 53 76 85 51
4 18 46 31 56 47 40
4 19 66 34 61 55 51
4 20 47 71 42 43 40
4 21 48 40 38 30 34
4 22 55 68 55 54 51
4 23 90 24 52 32 11
4 24 5 48 57 49 60
4 25 39 80 31 32 30
4 26 29 38 56 43 67
4 27 3 71 88 90 54
4 28 68 32 49 36 23
4 29 83 48 17 15 8
4 30 4 61 92 63 87
4 31 53 64 72 32 23
4 32 33 68 54 42 68
4 33 47 64 69 74 48
4 34 90 12 53 25 6
4 35 78 37 30 30 22
4 36 98 38 18 2 48
4 37 24 87 47 63 53
4 38 97 10 26 50 9
4 39 34 36 58 67 32
4 40 59 25 60 57 43
4 41 88 26 54 9 42
4 42 31 52 63 38 66
4 43 53 30 47 40 66
4 44 78 52 58 34 20
5 6 46 39 60 46 63
5 7 51 36 31 63 25
5 8 66 54 50 40 30
5 9 69 24 22 20 39
5 10 9 61 79 68 75
5 11 99 13 35 36 33
5 12 0 88 61 71 87
5 13 78 32 17 39 44
5 14 69 26 31 30 22
5 15 37 68 75 62 34
5 16 1 91 77 90 76
5 17 63 34 63 56 44
5 18 82 25 21 34 55
5 19 35 59 46 80 72
5 20 24 48 68 79 75
5 21 40 48 40 34 76
5 22 90 27 17 7 53
5 23 34 80 78 45 75
5 24 17 89 72 43 61
5 25 29 52 70 65 37
5 26 72 24 49 52 63
5 27 3 69 73 56 67
5 28 31 35 82 80 37
5 29 26 62 61 43 48
5 30 89 52 23 29 11
5 31 4 61 97 78 96
5 32 68 40 56 26 32
5 33 71 38 49 42 25
5 34 87 17 40 32 36
5 35 11 87 84 66 51
5 36 44 40 63 73 63
5 37 12 87 86 74 81
5 38 44 48 65 61 35
5 39 43 73 56 68 28
5 40 63 26 20 22 47
5 41 90 42 35 15 18
5 42 65 42 59 38 64
5 43 68 20 43 48 27
5 44 81 31 11 20 29
6 7 46 49 64 28 50
6 8 64 65 25 51 54
6 9 95 43 39 42 14
6 10 54 27 35 27 43
6 11 17 67 42 69 83
6 12 48 51 69 35 55
6 13 21 81 74 77 58
6 14 21 79 67 53 85
6 15 45 44 27 57 74
6 16 95 23 8 48 16
6 17 59 59 51 55 27
6 18 31 57 72 47 45
6 19 61 31 66 60 24
6 20 68 33 28 58 53
6 21 26 57 61 61 81
6 22 59 57 37 28 38
6 23 70 47 43 58 57
6 24 5 73 65 53 52
6 25 99 0 3 18 49
6 26 64 61 33 48 52
6 27 48 33 33 44 74
6 28 1 69 74 93 81
6 29 45 45 34 57 60
6 30 43 48 62 66 40
6 31 22 44 42 72 43
6 32 79 20 13 43 26
6 33 26 37 38 80 56
6 34 57 26 59 25 34
6 35 63 40 65 41 31
6 36 71 58 52 38 33
6 37 89 5 41 53 51
6 38 55 32 47 43 61
6 39 74 25 43 62 45
6 40 26 72 67 49 80
6 41 77 28 56 30 19
6 42 87 34 50 54 52
6 43 70 35 33 28 57
6 44 76 35 12 57 34
7 8 50 25 32 41 30
7 9 95 8 46 2 50
7 10 45 35 27 57 73
7 11 52 59 70 33 72
7 12 59 43 37 47 23
7 13 78 52 50 45 14
7 14 25 52 49 48 47
7 15 78 51 27 55 43
7 16 88 18 16 40 34
7 17 28 37 37 73 70
7 18 25 49 53 74 47
7 19 46 44 70 45 35
7 20 84 55 37 9 45
7 21 84 19 30 51 44
7 22 1 86 51 50 76
7 23 0 89 55 60 57
7 24 14 66 53 72 67
7 25 30 35 73 66 52
7 26 62 67 40 51 60
7 27 82 22 45 47 14
7 28 44 66 69 63 70
7 29 81 57 26 35 39
7 30 92 52 23 28 48
7 31 21 88 46 50 39
7 32 68 50 30 33 30
7 33 33 69 69 45 58
7 34 80 52 27 20 52
7 35 88 8 43 38 52
7 36 40 45 68 47 44
7 37 10 58 78 90 49
7 38 84 30 21 21 43
7 39 92 19 29 33 25
7 40 13 63 62 43 71
7 41 51 46 47 38 51
7 42 33 68 82 61 57
7 43 69 18 36 15 34
7 44 74 53 33 62 59
8 9 61 31 37 46 57
8 10 12 60 47 70 80
8 11 5 68 61 49 47
8 12 73 26 59 40 21
8 13 66 24 61 29 23
8 14 84 23 32 21 44
8 15 24 80 87 45 83
8 16 9 79 60 59 89
8 17 28 42 83 70 78
8 18 44 50 29 68 60
8 19 59 21 68 64 46
8 20 78 51 25 28 19
8 21 98 48 32 6 38
8 22 11 85 59 78 79
8 23 4 69 81 54 88
8 24 45 51 47 77 55
8 25 56 53 25 64 58
8 26 20 57 82 46 71
8 27 96 31 51 42 42
8 28 50 63 65 26 52
8 29 1 64 89 94 55
8 30 69 27 64 36 39
8 31 57 48 28 26 66
8 32 7 84 78 85 86
8 33 59 23 37 66 24
8 34 89 20 54 30 38
8 35 18 82 67 52 59
8 36 49 48 40 26 25
8 37 78 29 24 11 19
8 38 57 25 60 32 67
8 39 50 47 64 29 42
8 40 48 50 40 32 51
8 41 40 44 40 76 64
8 42 70 15 26 56 56
8 43 55 38 61 25 37
8 44 42 63 58 31 29
9 10 70 50 18 40 39
9 11 11 61 85 72 45
9 12 12 69 88 45 69
9 13 31 51 80 40 51
9 14 19 83 62 52 76
9 15 89 6 26 52 28
9 16 72 46 61 37 31
9 17 47 57 54 63 58
9 18 27 65 43 78 53
9 19 97 1 21 17 14
9 20 80 51 23 42 51
9 21 52 48 24 73 35
9 22 15 69 58 78 48
9 23 2 56 87 70 70
9 24 71 30 51 28 14
9 25 22 80 52 84 73
9 26 42 74 63 76 56
9 27 57 65 27 48 40
9 28 10 83 50 89 62
9 29 86 26 52 29 7
9 30 64 64 54 30 58
9 31 22 82 55 88 61
9 32 82 49 36 41 12
9 33 87 9 34 48 36
9 34 57 37 61 70 69
9 35 28 51 39 61 42
9 36 8 74 67 50 89
9 37 55 32 53 50 61
9 38 71 54 56 40 51
9 39 68 52 45 26 62
9 40 18 87 53 79 85
9 41 51 54 47 31 41
9 42 32 68 70 51 41
9 43 3 53 89 54 66
9 44 30 46 75 51 83
10 11 95 44 45 43 3
10 12 13 47 46 52 45
10 13 38 43 77 59 49
10 14 3 98 79 56 69
10 15 14 85 74 44 56
10 16 20 58 67 81 47
10 17 27 44 38 48 65
10 18 92 45 10 9 31
10 19 32 53 35 57 58
10 20 87 49 6 25 17
10 21 17 54 41 64 46
10 22 89 45 26 35 23
10 23 12 77 47 46 70
10 24 49 66 29 63 33
10 25 56 65 50 71 29
10 26 31 75 46 34 47
10 27 6 94 47 51 61
10 28 48 35 48 27 26
10 29 48 47 69 71 25
10 30 45 36 42 73 54
10 31 40 58 34 64 74
10 32 22 69 73 55 54
10 33 84 50 54 21 43
10 34 58 70 47 66 48
10 35 48 53 38 62 39
10 36 12 68 47 74 77
10 37 26 65 80 45 39
10 38 96 45 45 32 38
10 39 24 66 77 80 61
10 40 14 86 82 83 84
10 41 42 56 75 52 55
10 42 6 69 61 89 67
10 43 88 37 7 47 26
10 44 59 34 34 54 39
11 12 71 34 61 61 19
11 13 46 29 76 29 36
11 14 47 51 46 49 39
11 15 41 59 41 33 32
11 16 23 70 80 40 73
11 17 61 36 61 38 41
11 18 25 48 81 39 40
11 19 92 23 15 31 25
11 20 51 59 46 55 56
11 21 18 81 45 44 46
11 22 23 58 72 55 38
11 23 75 50 17 44 40
11 24 90 40 33 9 49
11 25 79 42 21 54 33
11 26 25 56 43 82 54
11 27 83 8 53 23 30
11 28 35 71 42 67 67
11 29 14 69 73 57 48
11 30 93 38 30 22 30
11 31 18 67 45 44 52
11 32 72 55 26 33 17
11 33 25 55 60 51 45
11 34 74 55 55 60 61
11 35 83 11 18 33 15
11 36 64 52 47 62 27
11 37 34 80 68 39 61
11 38 89 26 29 12 14
11 39 91 20 29 28 40
11 40 55 64 31 45 27
11 41 48 52 57 70 58
11 42 79 51 53 54 32
11 43 5 57 49 77 84
11 44 56 43 31 36 27
12 13 67 19 61 57 52
12 14 68 60 38 49 38
12 15 24 59 54 40 85
12 16 39 58 35 57 79
12 17 78 29 37 60 27
12 18 15 90 78 76 68
12 19 67 60 29 22 25
12 20 91 18 42 32 50
12 21 40 72 32 38 44
12 22 32 43 63 61 54
12 23 98 5 14 24 23
12 24 84 11 55 43 44
12 25 38 41 70 46 62
12 26 5 71 70 71 96
12 27 58 53 60 58 63
12 28 7 62 75 67 75
12 29 22 67 73 77 56
12 30 7 71 76 61 81
12 31 17 84 77 71 83
12 32 82 17 42 37 25
12 33 39 78 44 37 74
12 34 52 64 49 31 37
12 35 22 75 88 78 40
12 36 54 66 60 26 62
12 37 38 53 67 74 55
12 38 75 13 28 20 35
12 39 25 60 71 38 80
12 40 9 46 57 50 80
12 41 74 16 33 20 30
12 42 76 50 29 58 55
12 43 8 69 57 51 88
12 44 69 31 21 16 17
13 14 90 23 53 11 14
13 15 13 66 86 43 69
13 16 14 60 67 72 66
13 17 93 41 3 30 44
13 18 40 44 53 56 75
13 19 58 55 43 68 63
13 20 17 87 64 47 88
13 21 43 54 62 66 52
13 22 61 68 45 23 68
13 23 56 24 65 42 48
13 24 7 95 68 71 63
13 25 97 8 34 1 31
13 26 88 7 36 49 37
13 27 78 30 17 16 34
13 28 72 45 21 19 29
13 29 93 32 41 25 29
13 30 57 32 22 47 21
13 31 95 43 35 20 28
13 32 27 79 59 40 37
13 33 62 34 66 37 31
13 34 46 59 33 49 56
13 35 48 36 57 58 31
13 36 72 63 29 39 33
13 37 59 68 63 54 56
13 38 26 66 43 61 73
13 39 71 29 47 50 50
13 40 77 24 53 13 47
13 41 61 59 54 38 58
13 42 38 77 71 50 34
13 43 31 80 67 65 44
13 44 95 17 6 2 3
14 15 81 54 46 27 42
14 16 75 26 16 26 29
14 17 36 71 76 65 40
14 18 89 17 5 14 32
14 19 36 47 66 60 75
14 20 11 78 88 67 44
14 21 86 26 31 32 22
14 22 62 61 22 45 63
14 23 1 93 94 70 97
14 24 34 40 61 44 36
14 25 90 46 21 5 30
14 26 36 41 53 78 58
14 27 5 64 82 89 92
14 28 48 62 55 75 38
14 29 17 53 46 86 85
14 30 7 88 93 83 75
14 31 13 45 67 77 78
14 32 54 26 61 34 50
14 33 19 66 80 81 45
14 34 40 71 65 66 48
14 35 68 55 47 17 28
14 36 24 68 62 72 54
14 37 28 63 62 41 80
14 38 95 30 7 47 24
14 39 78 25 37 48 42
14 40 23 56 65 80 63
14 41 7 55 49 71 58
14 42 86 41 49 22 39
14 43 62 61 61 48 59
14 44 11 49 68 88 54
15 16 47 33 31 41 43
15 17 63 36 62 27 54
15 18 16 84 42 81 84
15 19 29 44 53 74 68
15 20 17 63 73 47 41
15 21 47 34 49 35 40
15 22 29 72 42 75 74
15 23 13 46 77 54 89
15 24 77 33 38 25 35
15 25 90 6 6 8 31
15 26 13 50 84 82 61
15 27 10 66 59 68 49
15 28 5 92 59 72 63
15 29 36 49 35 60 45
15 30 4 85 77 61 87
15 31 20 45 57 85 86
15 32 29 42 79 37 66
15 33 68 60 51 56 42
15 34 81 40 24 38 16
15 35 53 50 62 44 55
15 36 57 33 25 30 39
15 37 48 51 41 31 66
15 38 23 61 75 64 86
15 39 55 42 31 38 43
15 40 21 65 50 51 89
15 41 73 19 34 26 42
15 42 81 32 16 10 15
15 43 25 67 60 73 41
15 44 4 96 93 53 96
16 17 49 50 61 31 71
16 18 88 21 19 9 39
16 19 14 90 74 45 47
16 20 70 40 24 56 43
16 21 82 43 56 32 8
16 22 30 79 45 73 67
16 23 54 32 51 57 55
16 24 7 86 64 56 85
16 25 15 64 59 43 69
16 26 96 42 25 4 22
16 27 60 68 23 57 27
16 28 13 51 47 48 92
16 29 31 35 81 58 70
16 30 8 49 54 76 83
16 31 63 57 37 67 45
16 32 65 44 67 56 20
16 33 97 27 39 19 8
16 34 91 22 12 29 14
16 35 26 73 77 50 65
16 36 43 67 73 45 67
16 37 39 45 64 45 53
16 38 76 35 34 15 20
16 39 99 47 17 43 37
16 40 74 54 28 54 51
16 41 6 80 55 75 77
16 42 16 49 46 50 89
16 43 36 43 67 43 36
16 44 65 48 29 55 61
17 18 71 58 16 23 48
17 19 22 55 44 79 53
17 20 9 73 89 65 71
17 21 31 75 64 38 51
17 22 38 56 56 54 59
17 23 3 54 95 58 87
17 24 16 80 59 88 73
17 25 24 73 77 48 70
17 26 96 38 15 47 22
17 27 67 65 24 61 33
17 28 84 15 9 19 45
17 29 76 57 37 23 53
17 30 79 49 52 11 53
17 31 93 14 13 50 22
17 32 79 17 59 32 14
17 33 37 31 65 72 73
17 34 69 24 45 15 64
17 35 24 78 65 57 83
17 36 97 47 49 46 45
17 37 79 32 27 37 49
17 38 47 51 74 53 63
17 39 94 50 13 12 19
17 40 5 79 47 48 66
17 41 29 83 59 82 45
17 42 25 62 74 77 57
17 43 4 58 96 55 91
17 44 62 48 44 63 63
18 19 44 46 54 53 60
18 20 64 28 31 52 53
18 21 14 73 63 65 43
18 22 83 54 39 11 14
18 23 69 53 64 54 50
18 24 3 79 81 90 97
18 25 64 17 38 54 40
18 26 15 77 76 77 49
18 27 34 44 33 82 59
18 28 76 28 56 54 56
18 29 55 32 48 48 62
18 30 77 12 19 35 15
18 31 74 44 41 34 34
18 32 76 22 32 39 48
18 33 37 66 40 33 66
18 34 77 16 59 57 27
18 35 21 57 48 41 62
18 36 34 35 75 53 68
18 37 90 15 37 26 13
18 38 31 68 34 82 80
18 39 80 35 19 15 33
18 40 52 31 61 35 33
18 41 26 74 68 68 68
18 42 51 32 65 39 35
18 43 75 12 17 49 34
18 44 75 13 50 59 40
19 20 17 64 59 68 80
19 21 4 75 92 59 68
19 22 13 44 89 63 87
19 23 7 76 77 78 65
19 24 21 42 85 87 81
19 25 31 52 55 48 64
19 26 67 31 57 57 59
19 27 61 33 53 61 41
19 28 58 60 35 59 63
19 29 91 32 30 42 38
19 30 96 20 45 24 7
19 31 34 34 79 56 46
19 32 62 52 28 31 62
19 33 20 58 60 85 61
19 34 21 81 56 41 43
19 35 95 52 17 46 20
19 36 47 75 39 63 60
19 37 84 38 34 49 20
19 38 63 49 66 54 54
19 39 13 62 81 78 91
19 40 60 69 42 50 21
19 41 43 28 44 57 75
19 42 18 70 76 44 86
19 43 30 75 38 65 59
19 44 7 73 84 96 67
20 21 95 27 8 28 45
20 22 34 43 71 37 41
20 23 68 53 38 59 42
20 24 56 59 45 28 24
20 25 4 66 66 82 74
20 26 19 86 88 74 89
20 27 95 28 50 41 23
20 28 65 41 53 21 47
20 29 31 76 38 52 37
20 30 12 80 69 72 48
20 31 27 49 68 72 71
20 32 41 38 30 62 52
20 33 26 42 43 46 40
20 34 46 74 46 32 72
20 35 69 56 52 58 45
20 36 98 39 44 5 46
20 37 62 28 67 52 62
20 38 91 19 47 38 4
20 39 65 38 55 52 52
20 40 51 56 48 25 68
20 41 50 49 30 66 30
20 42 14 53 81 74 51
20 43 92 33 20 44 13
20 44 44 55 49 58 71
21 22 27 54 56 76 78
21 23 73 35 24 23 43
21 24 19 42 89 42 80
21 25 88 55 47 8 36
21 26 2 87 75 52 90
21 27 74 24 44 16 37
21 28 36 52 78 32 63
21 29 0 99 65 93 85
21 30 89 8 47 33 34
21 31 17 72 43 75 63
21 32 95 42 48 32 17
21 33 55 59 65 68 51
21 34 76 57 21 41 29
21 35 43 48 50 50 30
21 36 10 44 72 45 83
21 37 41 32 37 64 75
21 38 77 20 29 42 58
21 39 29 54 60 55 38
21 40 2 97 51 62 60
21 41 70 43 23 44 33
21 42 99 24 19 27 49
21 43 87 43 48 48 10
21 44 54 55 57 41 27
22 23 23 50 58 50 46
22 24 47 54 51 75 62
22 25 90 46 29 28 11
22 26 20 46 50 52 63
22 27 91 31 27 11 22
22 28 47 51 59 65 39
22 29 94 42 18 37 15
22 30 27 47 42 71 65
22 31 63 60 29 20 31
22 32 37 41 80 66 58
22 33 33 47 66 49 57
22 34 50 40 32 41 74
22 35 48 61 29 64 61
22 36 28 58 49 40 48
22 37 7 67 67 59 93
22 38 91 17 45 21 10
22 39 76 25 48 44 36
22 40 43 60 71 51 51
22 41 26 39 67 46 79
22 42 52 57 44 67 48
22 43 32 80 56 43 53
22 44 55 46 55 59 61
23 24 57 62 30 62 39
23 25 21 48 39 61 72
23 26 60 35 57 66 25
23 27 21 57 70 53 65
23 28 52 72 59 58 33
23 29 66 65 32 32 52
23 30 81 19 40 56 21
23 31 29 58 35 53 77
23 32 88 39 9 19 19
23 33 37 39 54 66 80
23 34 69 39 18 33 52
23 35 52 55 57 62 55
23 36 65 39 25 61 32
23 37 47 49 35 62 63
23 38 94 44 43 44 38
23 39 12 61 68 82 62
23 40 89 48 20 20 36
23 41 2 76 79 69 94
23 42 29 76 48 61 61
23 43 60 49 52 59 56
23 44 23 71 62 48 42
24 25 77 49 36 41 27
24 26 23 57 73 74 39
24 27 55 61 45 38 62
24 28 96 30 3 18 48
24 29 19 49 89 84 85
24 30 39 56 61 32 78
24 31 47 39 36 56 65
24 32 6 70 94 57 53
24 33 97 2 10 5 3
24 34 72 34 30 34 49
24 35 79 56 52 45 48
24 36 16 42 62 45 46
24 37 49 31 37 64 26
24 38 40 64 51 38 37
24 39 25 54 62 80 78
24 40 92 44 22 41 51
24 41 15 65 52 54 81
24 42 51 50 39 36 26
24 43 0 53 54 68 96
24 44 66 29 46 58 50
25 26 10 89 78 52 77
25 27 60 56 46 35 48
25 28 0 91 58 84 97
25 29 11 63 69 75 59
25 30 15 43 91 44 65
25 31 22 43 85 63 52
25 32 70 22 33 60 54
25 33 88 24 28 36 16
25 34 25 64 44 65 83
25 35 94 43 46 25 28
25 36 67 22 43 28 61
25 37 14 77 89 88 81
25 38 81 20 27 41 24
25 39 6 52 82 92 72
25 40 53 38 39 66 69
25 41 55 48 28 30 30
25 42 28 69 80 71 74
25 43 36 50 50 37 35
25 44 73 61 16 53 53
26 27 99 24 48 25 11
26 28 13 78 77 92 58
26 29 43 28 59 48 57
26 30 9 73 59 89 53
26 31 54 54 41 34 32
26 32 67 51 33 42 45
26 33 37 80 79 39 77
26 34 45 75 75 42 45
26 35 64 37 48 26 31
26 36 56 45 65 63 65
26 37 8 61 59 49 88
26 38 87 50 16 40 45
26 39 48 29 48 26 74
26 40 82 40 47 9 50
26 41 76 42 41 43 17
26 42 58 30 50 45 51
26 43 22 63 40 52 62
26 44 70 53 46 55 38
27 28 79 44 19 39 27
27 29 30 48 35 73 70
27 30 3 97 64 88 55
27 31 47 63 54 73 48
27 32 2 52 69 92 59
27 33 27 80 68 78 79
27 34 13 57 79 59 45
27 35 85 47 8 52 16
27 36 42 45 46 72 74
27 37 13 73 48 61 51
27 38 4 56 51 86 59
27 39 97 45 24 3 28
27 40 49 48 26 64 36
27 41 75 31 40 39 40
27 42 69 64 26 40 23
27 43 80 53 20 58 21
27 44 70 31 34 52 27
28 29 74 23 48 17 55
28 30 40 33 42 75 41
28 31 39 66 55 61 51
28 32 63 63 30 24 43
28 33 87 48 46 42 10
28 34 39 50 77 46 68
28 35 28 40 43 66 58
28 36 78 47 47 47 29
28 37 83 9 11 55 24
28 38 38 59 44 38 78
28 39 27 80 83 82 40
28 40 49 71 75 67 45
28 41 12 68 92 84 53
28 42 85 44 52 46 20
28 43 90 33 16 16 22
28 44 88 6 32 33 19
29 30 27 53 60 51 44
29 31 95 5 33 41 16
29 32 89 13 20 34 12
29 33 69 46 17 28 28
29 34 29 53 63 80 37
29 35 70 60 39 19 59
29 36 42 61 51 63 74
29 37 83 48 8 48 12
29 38 21 73 52 40 51
29 39 34 75 37 46 52
29 40 35 68 61 75 59
29 41 47 52 57 33 58
29 42 19 87 48 54 62
29 43 54 48 32 52 60
29 44 31 34 84 47 52
30 31 31 75 54 72 75
30 32 81 45 11 57 26
30 33 30 61 63 79 74
30 34 81 12 25 52 36
30 35 68 65 48 21 46
30 36 44 30 64 72 31
30 37 38 65 32 76 35
30 38 70 58 29 58 24
30 39 10 49 46 74 57
30 40 88 11 52 28 50
30 41 53 28 38 50 25
30 42 34 73 56 38 56
30 43 75 55 26 37 34
30 44 87 54 11 42 7
31 32 94 24 41 40 25
31 33 62 54 18 32 54
31 34 65 56 40 24 26
31 35 28 79 63 70 72
31 36 42 29 51 30 58
31 37 92 18 7 5 11
31 38 77 47 51 32 18
31 39 10 53 86 56 76
31 40 75 36 37 45 34
31 41 94 8 25 29 44
31 42 65 55 23 43 31
31 43 18 50 49 53 47
31 44 72 36 60 23 50
32 33 67 64 36 19 48
32 34 67 26 61 23 38
32 35 40 71 43 49 66
32 36 58 21 31 69 27
32 37 52 40 60 38 67
32 38 90 5 47 47 33
32 39 31 48 74 77 80
32 40 27 79 64 52 61
32 41 27 46 68 61 47
32 42 70 49 47 33 39
32 43 53 65 45 51 58
32 44 64 52 24 37 43
33 34 8 63 58 69 55
33 35 44 35 55 56 69
33 36 40 34 49 50 54
33 37 92 8 24 23 27
33 38 51 40 56 29 24
33 39 35 45 50 36 51
33 40 10 71 64 92 62
33 41 47 48 73 29 56
33 42 76 60 32 31 38
33 43 22 68 60 51 80
33 44 63 22 27 43 44
34 35 94 29 8 24 27
34 36 95 22 3 33 19
34 37 70 25 53 34 47
34 38 39 43 44 42 60
34 39 36 37 72 71 68
34 40 79 13 51 52 44
34 41 38 76 71 60 38
34 42 63 36 66 58 58
34 43 13 75 50 80 46
34 44 30 37 81 47 41
35 36 77 56 46 54 45
35 37 70 22 40 55 47
35 38 84 29 21 18 45
35 39 68 38 49 35 34
35 40 62 57 50 60 56
35 41 27 64 62 43 78
35 42 35 37 57 81 75
35 43 82 47 39 49 23
35 44 9 94 65 52 64
36 37 96 50 5 38 19
36 38 83 15 45 29 47
36 39 24 42 70 46 40
36 40 80 51 20 59 34
36 41 28 42 74 67 82
36 42 62 55 31 42 44
36 43 75 60 22 28 33
36 44 47 41 29 46 34
37 38 57 65 55 69 33
37 39 64 59 52 26 18
37 40 21 78 42 83 63
37 41 86 19 34 24 15
37 42 32 52 55 46 65
37 43 90 38 46 40 44
37 44 59 68 61 48 59
38 39 37 59 76 50 37
38 40 11 55 68 50 86
38 41 46 69 27 27 47
38 42 43 62 50 49 69
38 43 74 45 26 36 25
38 44 7 81 72 59 90
39 40 99 34 11 11 20
39 41 37 63 66 64 54
39 42 78 58 35 53 49
39 43 49 33 44 34 57
39 44 72 59 47 33 61
40 41 82 13 21 13 15
40 42 34 70 33 42 57
40 43 37 67 70 69 73
40 44 1 75 61 56 80
41 42 43 52 38 36 64
41 43 44 70 64 74 49
41 44 24 47 45 62 41
42 43 77 30 17 34 34
42 44 56 61 45 64 42
43 44 27 53 45 60 77
