10 10
0 0 0.166667 0.166667 0.166667 0.166667 0.166667 0.166667 0 0 
0 1 14 42 73 84 83 30 57 34 73 18
0 2 60 82 77 36 26 30 43 16 32 69
0 3 65 8 37 67 8 79 25 14 57 23
0 4 56 71 63 87 70 59 48 46 59 81
0 5 6 29 21 75 81 65 68 28 39 66
0 6 65 68 44 9 12 40 57 63 51 25
0 7 86 52 60 37 71 67 31 24 17 47
0 8 76 31 67 41 16 17 46 64 28 36
0 9 61 14 70 14 59 45 56 77 27 56
1 2 48 67 38 55 72 80 43 74 50 40
1 3 3 31 41 59 56 38 59 30 93 46
1 4 62 12 26 79 29 81 13 62 36 85
1 5 46 68 77 29 25 26 11 83 86 57
1 6 3 20 59 88 89 86 40 53 88 98
1 7 12 44 63 54 29 90 57 23 63 82
1 8 54 24 45 37 27 81 54 14 56 86
1 9 15 93 87 51 24 46 23 58 87 42
2 3 0 45 68 26 44 49 52 50 96 72
2 4 50 73 65 67 29 26 59 58 70 85
2 5 59 84 65 48 37 81 65 40 39 21
2 6 65 11 86 25 39 8 72 86 67 68
2 7 19 74 93 21 60 86 26 28 21 35
2 8 7 81 56 54 87 64 91 29 76 29
2 9 58 15 70 39 26 46 54 23 44 59
3 4 15 21 24 24 79 63 22 52 38 39
3 5 69 66 35 14 79 75 44 46 49 52
3 6 61 64 70 75 28 61 81 64 14 62
3 7 73 55 43 15 19 15 28 36 68 80
3 8 25 53 90 48 36 71 84 51 69 92
3 9 41 81 18 44 36 74 50 64 69 20
4 5 77 13 63 24 16 6 55 28 76 69
4 6 86 26 32 3 41 71 34 18 76 6
4 7 39 21 70 64 72 69 91 30 26 36
4 8 18 89 24 67 73 77 77 60 23 49
4 9 66 59 79 27 17 59 59 8 42 25
5 6 50 76 81 35 51 46 16 28 26 32
5 7 95 63 13 63 36 14 34 28 4 19
5 8 80 14 13 69 64 48 36 63 57 83
5 9 99 14 35 9 0 76 58 50 47 0
6 7 46 59 40 60 17 54 27 69 77 50
6 8 9 31 89 75 77 23 61 30 39 21
6 9 19 36 27 90 43 73 31 16 37 53
7 8 50 77 46 72 31 82 58 15 66 36
7 9 57 13 24 20 43 77 21 84 31 72
8 9 16 81 35 84 43 42 83 34 66 72
