12 10
0 0 0.166667 0.166667 0.166667 0.166667 0.166667 0.166667 0 0 
0 1 79 50 43 10 24 52 60 23 64 38
0 2 58 76 9 41 76 81 35 15 63 82
0 3 40 20 68 46 33 72 42 39 25 35
0 4 20 93 50 40 67 19 62 92 85 92
0 5 66 69 39 81 45 35 75 62 10 52
0 6 86 78 39 38 9 36 63 54 80 65
0 7 43 48 74 32 73 76 40 74 77 45
0 8 67 6 53 69 38 23 8 80 35 51
0 9 24 34 91 37 87 59 24 17 83 48
0 10 19 83 73 74 67 93 17 94 58 67
0 11 53 33 28 42 18 86 52 75 50 61
1 2 30 54 14 69 88 26 14 31 83 23
1 3 21 29 73 26 77 40 53 90 18 83
1 4 87 36 7 74 71 36 12 37 46 67
1 5 19 71 47 35 26 17 43 32 78 82
1 6 98 48 76 71 74 75 37 74 19 33
1 7 59 23 30 38 80 19 16 20 50 19
1 8 9 33 97 68 71 62 73 53 80 65
1 9 59 87 35 29 77 21 23 50 54 82
1 10 97 14 17 48 2 68 55 35 75 46
1 11 88 15 45 13 7 76 8 57 22 47
2 3 15 92 75 40 19 76 49 86 48 74
2 4 32 66 29 57 50 67 23 49 48 52
2 5 71 33 31 58 37 42 79 7 23 50
2 6 51 20 65 71 45 83 34 32 30 13
2 7 57 31 79 23 37 13 75 54 67 45
2 8 97 70 6 2 70 48 40 44 35 28
2 9 85 24 40 11 15 10 52 21 27 43
2 10 68 64 42 37 41 24 38 11 36 74
2 11 43 90 70 83 61 79 16 22 60 90
3 4 40 38 24 56 69 75 83 56 82 17
3 5 76 43 9 68 18 74 35 5 72 56
3 6 27 81 58 49 33 77 81 70 55 25
3 7 59 70 71 33 9 45 61 85 53 60
3 8 35 44 40 55 52 52 24 64 75 68
3 9 13 39 44 48 95 30 85 38 93 29
3 10 60 15 50 71 69 30 36 33 15 19
3 11 5 61 72 46 43 64 26 94 81 59
4 5 92 34 7 75 3 28 69 12 12 70
4 6 53 86 9 42 41 60 76 34 51 85
4 7 24 76 38 16 28 80 45 41 75 58
4 8 39 85 70 87 73 79 44 12 86 23
4 9 1 76 47 66 81 31 63 40 77 33
4 10 28 29 15 37 31 62 42 82 37 59
4 11 3 92 37 30 86 58 76 97 37 92
5 6 50 54 24 82 35 23 39 36 54 21
5 7 14 92 46 27 28 17 87 30 18 45
5 8 27 33 92 74 86 74 85 38 82 81
5 9 93 3 80 30 48 12 21 41 44 3
5 10 35 29 56 65 41 44 90 17 77 46
5 11 26 40 44 59 42 52 77 21 83 24
6 7 22 25 39 53 31 90 17 51 91 57
6 8 16 46 36 22 66 76 24 25 69 45
6 9 59 9 81 52 15 10 40 52 19 58
6 10 3 25 67 41 93 77 44 55 75 20
6 11 37 92 25 72 28 23 42 24 47 61
7 8 10 18 71 52 65 75 94 51 96 28
7 9 75 7 12 61 82 79 18 50 62 59
7 10 87 78 76 18 40 56 30 70 38 50
7 11 60 17 8 70 21 22 13 10 55 79
8 9 20 42 79 22 38 63 35 39 94 34
8 10 9 36 38 60 34 65 75 30 34 25
8 11 88 72 26 39 52 17 47 55 18 6
9 10 1 53 32 67 36 86 33 65 27 91
9 11 60 15 67 35 15 69 84 82 68 35
10 11 88 45 59 2 60 41 25 39 48 80
