27 10
0 0 0 0.25 0.25 0.25 0.25 0 0 0 
0 1 55 83 71 76 80 26 79 57 58 60
0 2 56 30 56 64 10 31 68 60 35 19
0 3 76 32 10 74 12 81 22 66 26 83
0 4 27 90 38 72 72 86 75 73 76 78
0 5 61 23 31 15 76 7 25 24 32 75
0 6 8 76 33 82 92 34 27 60 44 62
0 7 32 68 77 41 60 60 23 40 44 63
0 8 32 36 28 18 73 88 75 13 37 47
0 9 56 81 87 62 39 73 85 12 33 77
0 10 6 95 66 28 44 63 86 72 66 27
0 11 49 34 74 15 55 74 37 19 65 49
0 12 59 42 52 85 37 61 73 30 52 23
0 13 61 82 76 64 65 77 31 23 29 50
0 14 87 34 74 70 19 81 59 43 19 44
0 15 6 93 53 64 43 51 77 33 86 73
0 16 92 34 33 71 50 22 56 36 30 55
0 17 0 97 68 63 63 47 88 85 82 45
0 18 80 70 14 27 53 53 16 65 34 4
0 19 6 27 38 87 54 42 62 64 35 27
0 20 43 33 53 79 50 30 51 20 48 55
0 21 23 39 88 74 21 61 35 52 28 91
0 22 24 21 45 41 46 65 81 26 37 85
0 23 40 19 78 44 71 89 55 60 69 44
0 24 43 27 28 39 30 70 57 48 43 14
0 25 92 11 31 44 13 62 78 21 55 78
0 26 65 73 68 20 68 7 16 38 42 75
1 2 58 56 75 83 78 12 12 62 75 20
1 3 29 75 61 47 92 35 88 18 17 20
1 4 8 55 76 52 97 97 63 67 23 35
1 5 27 20 62 54 28 50 54 31 41 48
1 6 13 18 65 25 35 96 19 19 29 85
1 7 76 69 77 74 19 81 53 74 18 40
1 8 10 26 78 34 74 53 56 28 67 32
1 9 62 76 78 7 57 31 17 41 59 65
1 10 77 73 27 57 71 23 36 43 31 74
1 11 85 58 64 45 3 20 37 36 32 28
1 12 43 89 86 31 87 86 24 49 27 90
1 13 29 40 29 82 75 80 70 20 49 19
1 14 4 31 82 20 70 27 94 34 36 42
1 15 32 37 31 44 60 37 69 23 89 64
1 16 51 15 22 60 67 66 42 60 74 64
1 17 1 89 46 90 42 51 52 36 72 90
1 18 62 22 72 52 9 7 77 45 71 85
1 19 68 71 33 67 34 38 64 73 69 20
1 20 49 65 79 20 63 11 49 85 12 32
1 21 83 54 40 3 32 52 46 31 58 31
1 22 16 82 57 86 80 32 36 44 30 35
1 23 42 47 60 63 81 14 85 79 23 22
1 24 62 63 7 80 29 33 84 51 13 81
1 25 36 73 49 13 38 46 39 72 57 68
1 26 40 87 84 67 66 43 27 82 38 88
2 3 11 81 80 73 77 75 20 88 62 55
2 4 2 47 52 40 25 61 95 45 63 83
2 5 15 52 30 21 84 55 55 58 50 85
2 6 8 37 79 30 34 51 20 46 33 75
2 7 5 76 29 60 87 88 70 21 62 64
2 8 97 78 34 37 58 9 70 53 61 4
2 9 31 57 17 29 20 62 27 90 40 18
2 10 77 20 49 57 51 36 51 37 68 78
2 11 44 29 36 18 90 53 13 32 68 18
2 12 85 15 40 72 39 11 73 24 64 32
2 13 80 60 22 51 10 11 62 56 9 54
2 14 8 34 65 56 90 70 42 39 77 40
2 15 47 48 61 47 49 81 51 85 58 87
2 16 84 63 38 46 37 27 41 68 30 27
2 17 90 28 22 69 50 66 72 16 11 41
2 18 34 30 63 22 15 51 14 79 25 39
2 19 5 69 44 45 22 79 76 78 77 95
2 20 37 12 67 26 28 51 68 43 75 37
2 21 57 29 51 36 51 75 42 8 53 56
2 22 15 35 78 40 96 56 79 23 47 96
2 23 82 13 76 33 62 75 22 35 7 48
2 24 67 42 66 12 60 49 9 42 17 73
2 25 55 47 54 20 58 68 37 30 52 81
2 26 42 88 85 67 41 14 24 13 30 80
3 4 86 56 46 4 67 71 23 56 45 57
3 5 0 40 74 47 53 27 88 69 33 60
3 6 23 52 93 47 33 75 44 40 67 34
3 7 60 62 25 86 43 75 13 56 41 48
3 8 45 39 42 86 81 54 19 25 38 43
3 9 12 25 19 56 77 19 82 89 76 75
3 10 3 84 43 24 84 88 71 83 78 65
3 11 66 59 35 81 66 64 31 24 84 61
3 12 96 17 24 31 41 52 25 59 27 76
3 13 41 61 84 35 46 36 38 55 66 42
3 14 38 90 46 81 38 53 71 32 22 22
3 15 12 61 88 76 74 90 48 33 96 32
3 16 60 75 69 69 27 42 63 33 41 61
3 17 0 52 93 33 47 44 49 85 69 43
3 18 25 81 78 85 92 82 17 36 25 37
3 19 17 53 62 46 64 80 26 67 76 20
3 20 43 18 73 52 72 14 87 50 62 21
3 21 6 67 52 35 54 29 37 25 80 86
3 22 56 31 50 72 15 66 11 80 43 41
3 23 54 37 13 37 68 36 65 73 67 29
3 24 55 62 64 88 83 9 22 62 18 58
3 25 48 53 82 41 35 34 59 57 74 58
3 26 81 30 28 70 6 9 80 34 55 6
4 5 73 69 82 59 41 21 77 20 56 34
4 6 0 32 31 74 46 34 44 95 86 23
4 7 77 9 39 33 55 59 66 53 69 13
4 8 56 66 30 11 63 45 63 55 50 9
4 9 80 22 19 39 65 71 55 74 31 26
4 10 66 45 57 20 51 56 66 72 8 15
4 11 80 64 68 57 56 5 57 13 51 14
4 12 60 29 63 40 22 79 9 85 75 16
4 13 4 77 27 22 24 30 31 62 43 88
4 14 41 15 55 63 40 82 52 72 27 88
4 15 15 55 89 92 45 20 29 93 84 49
4 16 70 38 41 34 54 8 45 39 82 77
4 17 81 41 52 56 69 79 71 43 42 61
4 18 64 59 68 19 56 23 63 43 86 65
4 19 12 38 45 19 71 37 82 53 38 93
4 20 17 76 28 78 53 32 30 55 42 31
4 21 66 71 32 50 28 83 75 81 34 48
4 22 9 34 75 89 20 30 90 50 34 61
4 23 6 32 48 35 23 95 19 37 48 40
4 24 73 21 33 71 29 7 58 50 49 80
4 25 24 24 42 15 38 29 94 74 82 52
4 26 17 44 26 94 19 71 44 79 52 37
5 6 95 69 65 2 44 1 73 59 40 76
5 7 90 4 75 39 12 13 45 78 39 68
5 8 15 69 91 73 53 39 43 92 69 84
5 9 73 78 48 81 19 20 50 70 36 18
5 10 55 44 16 30 45 82 27 24 81 83
5 11 80 10 24 12 35 8 65 43 22 44
5 12 22 87 42 23 42 74 38 56 61 30
5 13 25 79 52 90 82 76 29 75 38 34
5 14 31 58 39 71 37 67 20 28 77 88
5 15 66 57 54 35 21 68 7 57 49 38
5 16 43 83 59 39 26 25 29 20 63 50
5 17 1 32 41 48 77 38 27 41 21 94
5 18 80 14 35 66 43 70 79 72 62 74
5 19 17 60 75 74 75 54 64 53 95 48
5 20 97 43 24 15 22 60 51 28 8 23
5 21 76 10 44 21 72 27 23 4 53 77
5 22 33 17 29 59 47 48 23 70 84 48
5 23 85 15 47 46 59 45 68 47 46 68
5 24 99 64 41 75 75 77 19 67 49 76
5 25 33 44 31 88 66 14 14 30 36 92
5 26 88 16 74 3 81 58 20 45 53 9
6 7 95 73 31 53 6 13 65 21 51 23
6 8 76 19 24 81 40 65 38 74 45 28
6 9 80 38 34 4 34 30 43 32 25 39
6 10 6 71 39 74 36 28 67 55 74 86
6 11 8 95 87 74 52 40 95 80 77 94
6 12 71 58 25 71 55 27 49 11 34 8
6 13 30 86 62 24 43 86 16 73 89 52
6 14 50 52 57 70 77 15 45 32 47 74
6 15 83 10 67 44 50 38 60 54 20 6
6 16 60 77 77 35 18 61 40 54 64 13
6 17 51 81 37 50 74 49 41 61 14 88
6 18 5 72 67 66 44 71 53 57 29 27
6 19 30 69 71 36 43 18 68 77 14 92
6 20 37 29 23 48 71 92 57 26 39 17
6 21 4 52 28 30 47 40 55 25 32 24
6 22 41 23 39 40 41 60 25 40 32 63
6 23 80 43 59 35 78 12 54 61 48 82
6 24 8 35 83 57 90 28 69 62 67 88
6 25 46 75 17 47 73 71 62 55 78 74
6 26 61 50 58 56 11 71 84 37 28 37
7 8 74 63 33 57 31 75 20 5 51 37
7 9 53 74 13 17 77 37 48 65 37 74
7 10 71 20 29 31 54 75 48 44 79 85
7 11 99 29 49 27 16 71 53 74 67 33
7 12 8 31 87 89 95 71 83 65 90 67
7 13 44 84 39 29 89 40 62 18 64 86
7 14 9 37 74 58 55 55 68 64 41 59
7 15 55 58 32 64 74 80 16 51 21 58
7 16 26 56 78 72 21 51 71 50 86 79
7 17 2 45 25 62 43 65 59 87 61 90
7 18 79 18 72 34 54 62 41 53 68 81
7 19 51 22 30 46 49 41 86 32 19 51
7 20 55 52 73 17 49 60 13 73 25 24
7 21 77 73 39 43 61 43 31 23 29 39
7 22 22 35 29 80 91 32 94 65 54 94
7 23 56 79 18 35 30 9 11 45 61 46
7 24 58 38 83 46 56 48 74 86 45 26
7 25 37 42 49 53 76 76 89 16 20 57
7 26 93 49 19 51 38 19 13 77 36 38
8 9 26 71 41 22 37 39 33 85 44 25
8 10 75 46 58 30 75 32 14 34 56 61
8 11 52 50 26 24 50 11 75 81 10 62
8 12 21 87 61 75 48 55 42 79 79 89
8 13 93 12 79 20 27 52 12 59 69 70
8 14 10 79 27 63 60 78 31 31 84 54
8 15 41 75 51 41 29 32 49 18 68 39
8 16 78 45 16 45 34 59 40 7 13 43
8 17 23 94 59 40 46 30 32 77 52 91
8 18 42 28 84 29 69 90 72 69 86 26
8 19 79 61 35 11 8 44 30 59 57 70
8 20 7 97 18 25 88 20 38 90 23 28
8 21 64 21 27 40 50 84 69 17 29 29
8 22 88 48 56 22 19 80 43 4 47 75
8 23 1 47 91 75 79 30 31 56 57 58
8 24 20 72 32 24 51 37 18 45 66 66
8 25 76 48 66 53 58 30 24 13 35 26
8 26 76 29 35 17 53 69 16 21 76 26
9 10 43 20 55 34 88 47 67 20 26 64
9 11 12 46 25 17 66 88 66 75 32 39
9 12 50 54 48 10 43 14 79 19 89 68
9 13 36 42 25 78 31 86 22 56 74 66
9 14 33 15 65 36 60 86 83 89 33 31
9 15 61 79 84 9 84 74 14 56 78 66
9 16 82 9 73 62 63 40 20 10 80 42
9 17 96 20 64 37 24 10 13 12 17 8
9 18 22 86 90 43 72 51 63 93 54 19
9 19 85 12 64 60 73 19 52 57 31 10
9 20 98 38 17 61 37 8 23 11 39 57
9 21 25 36 34 64 46 30 75 58 67 49
9 22 83 70 57 39 39 34 28 3 15 25
9 23 56 10 11 85 51 61 45 13 46 80
9 24 12 94 82 78 76 45 88 22 62 92
9 25 13 52 34 50 92 74 43 81 63 66
9 26 76 61 56 55 50 64 65 49 63 38
10 11 92 56 5 6 24 58 9 38 37 36
10 12 25 75 37 29 53 20 56 78 94 65
10 13 49 62 64 78 88 78 51 25 28 32
10 14 10 79 22 60 19 89 79 79 22 51
10 15 31 91 80 48 22 90 22 23 74 86
10 16 99 74 18 29 6 69 59 2 0 65
10 17 27 67 17 87 19 53 41 76 20 39
10 18 94 62 9 80 20 14 31 59 28 29
10 19 1 84 53 44 56 86 52 59 49 92
10 20 0 91 87 57 40 89 44 75 45 92
10 21 6 57 93 66 56 22 39 32 63 50
10 22 27 31 92 46 70 27 79 44 15 31
10 23 86 41 57 34 16 71 18 59 8 75
10 24 17 71 55 18 41 86 23 17 82 88
10 25 68 51 7 33 31 77 60 69 22 53
10 26 87 37 7 77 63 54 51 61 25 4
11 12 80 38 75 37 71 6 69 83 14 37
11 13 55 21 18 36 27 30 27 73 82 60
11 14 19 54 29 95 93 33 45 86 25 74
11 15 0 53 87 39 26 75 38 53 94 85
11 16 49 36 84 47 19 62 16 34 43 81
11 17 46 55 51 48 63 50 66 62 24 29
11 18 28 39 89 57 34 67 83 37 43 79
11 19 43 72 37 42 36 29 44 62 47 17
11 20 34 48 63 15 35 22 78 29 33 64
11 21 12 51 25 21 54 79 43 56 89 95
11 22 48 55 35 33 83 68 51 60 43 74
11 23 24 30 33 68 16 38 29 56 58 42
11 24 3 50 88 24 20 37 48 66 87 42
11 25 25 32 94 39 51 88 34 78 46 89
11 26 19 20 71 92 46 28 20 65 24 93
12 13 81 59 79 38 79 56 65 17 64 35
12 14 10 24 87 81 68 74 50 33 26 18
12 15 26 67 62 25 47 27 68 63 74 24
12 16 47 54 66 81 45 29 83 68 55 56
12 17 96 24 5 56 3 41 26 71 65 40
12 18 62 24 60 50 80 52 54 63 27 55
12 19 60 51 17 82 74 72 44 57 53 35
12 20 92 20 23 68 61 41 72 73 7 52
12 21 39 82 75 19 55 33 16 16 36 76
12 22 24 86 23 41 94 87 31 54 43 38
12 23 12 42 44 78 64 25 50 35 30 88
12 24 26 15 69 87 47 44 64 16 35 39
12 25 70 33 40 30 81 13 59 20 34 36
12 26 68 59 6 50 29 51 58 49 20 37
13 14 33 64 48 51 52 13 52 77 38 49
13 15 32 81 39 15 86 93 91 40 30 58
13 16 34 72 62 24 72 13 36 63 89 19
13 17 35 71 46 21 71 69 81 55 28 84
13 18 41 16 26 89 59 44 42 71 33 36
13 19 92 11 3 13 21 65 12 34 29 45
13 20 18 94 84 82 25 52 55 21 39 53
13 21 44 66 46 79 41 20 59 38 57 59
13 22 35 40 37 16 80 75 21 47 74 31
13 23 82 65 76 41 30 18 21 9 53 80
13 24 49 39 75 31 16 10 83 12 61 31
13 25 42 24 73 88 60 27 78 34 47 43
13 26 85 34 70 55 61 30 43 19 7 3
14 15 29 60 62 69 76 51 40 15 55 73
14 16 66 43 61 34 40 16 27 58 47 77
14 17 64 37 63 44 76 61 77 36 40 45
14 18 11 47 83 85 53 56 43 53 61 52
14 19 45 60 26 74 80 40 85 52 68 33
14 20 37 58 22 56 30 73 26 88 73 54
14 21 42 83 34 33 35 41 62 90 86 20
14 22 74 84 72 52 49 63 39 84 66 57
14 23 1 67 96 75 53 45 60 22 58 79
14 24 60 56 13 54 55 68 18 20 67 32
14 25 37 79 61 56 52 24 81 80 42 91
14 26 10 30 27 50 74 81 60 77 53 93
15 16 23 56 83 42 77 36 28 63 34 36
15 17 96 34 8 58 80 20 9 76 56 42
15 18 81 18 73 45 67 65 65 34 28 65
15 19 67 50 33 11 71 11 42 57 13 64
15 20 76 43 34 80 17 8 7 57 70 83
15 21 86 53 22 9 73 27 59 32 74 17
15 22 27 19 83 34 17 43 54 61 78 31
15 23 38 61 73 39 36 77 36 87 86 55
15 24 91 33 62 29 80 32 30 72 44 27
15 25 87 22 9 17 24 25 26 12 19 77
15 26 27 22 74 56 60 26 94 94 68 48
16 17 6 83 23 79 34 34 43 70 60 21
16 18 31 52 54 75 31 89 16 66 48 91
16 19 74 42 62 80 32 48 35 56 20 12
16 20 63 19 69 78 45 39 22 49 23 12
16 21 31 21 51 52 40 27 42 20 56 30
16 22 95 59 60 28 44 43 32 10 3 14
16 23 27 66 66 35 69 77 74 37 77 93
16 24 14 22 34 53 86 63 44 84 31 28
16 25 77 55 69 27 26 20 38 55 14 26
16 26 8 39 38 81 57 76 58 57 88 26
17 18 82 11 18 19 56 55 61 54 79 31
17 19 8 79 91 31 93 33 69 77 38 69
17 20 41 77 28 47 84 15 54 76 18 39
17 21 67 16 18 39 74 72 43 20 47 10
17 22 88 77 15 73 18 23 53 68 33 72
17 23 40 68 37 31 40 22 34 54 91 53
17 24 28 80 33 63 32 20 20 25 76 36
17 25 55 9 76 24 22 80 84 35 11 13
17 26 11 44 62 50 61 60 69 77 68 49
18 19 1 91 48 50 72 22 48 80 94 76
18 20 73 39 57 60 44 15 72 46 20 73
18 21 26 19 64 17 70 36 76 16 76 25
18 22 36 68 27 34 31 67 66 48 25 71
18 23 44 39 70 57 58 84 53 38 87 76
18 24 56 76 53 63 71 29 67 61 24 69
18 25 5 68 69 65 40 21 34 90 97 22
18 26 17 18 74 25 89 18 74 33 33 36
19 20 16 34 39 94 85 59 53 32 94 76
19 21 73 80 53 5 71 70 15 17 61 77
19 22 63 19 56 54 67 82 81 11 84 68
19 23 69 41 47 33 73 69 60 54 29 55
19 24 24 40 34 21 85 80 36 38 33 50
19 25 27 87 36 56 45 79 26 86 28 28
19 26 7 75 61 67 85 28 59 34 53 96
20 21 76 28 62 22 81 56 55 84 38 52
20 22 64 8 35 49 83 20 8 57 52 10
20 23 38 56 17 82 37 22 74 73 74 12
20 24 45 43 62 18 71 15 63 71 49 80
20 25 90 67 8 78 37 78 79 53 66 7
20 26 15 25 42 47 54 25 49 74 20 27
21 22 26 62 21 33 61 77 42 22 20 77
21 23 74 11 14 20 11 77 14 15 29 63
21 24 51 73 53 26 59 18 57 23 69 63
21 25 69 79 47 43 23 71 6 21 77 20
21 26 67 42 23 38 47 12 62 38 61 6
22 23 13 75 41 76 37 78 94 48 91 81
22 24 5 46 94 69 33 95 89 56 32 59
22 25 66 36 42 27 23 13 31 65 36 24
22 26 34 45 70 74 34 13 87 23 50 73
23 24 39 18 23 75 72 37 44 62 76 12
23 25 10 64 51 60 54 91 79 75 60 43
23 26 24 62 64 23 88 27 75 93 75 81
24 25 40 20 78 76 48 81 15 27 57 39
24 26 64 75 71 19 79 23 71 37 33 65
25 26 42 46 53 54 74 24 86 27 47 87
