40 10
0 0 0 0.25 0.25 0.25 0.25 0 0 0 
0 1 87 39 21 15 21 21 43 41 25 27
0 2 89 42 40 35 39 11 39 14 32 31
0 3 77 25 27 55 15 44 58 47 11 43
0 4 70 20 56 44 24 63 41 37 31 15
0 5 7 95 91 95 48 63 87 96 62 78
0 6 59 31 55 57 64 32 67 27 48 37
0 7 40 48 71 44 54 33 63 33 29 44
0 8 48 44 26 42 61 44 71 25 40 74
0 9 10 52 65 56 93 58 94 55 53 62
0 10 32 40 36 51 62 40 39 39 79 65
0 11 81 15 36 57 15 25 56 53 24 16
0 12 24 72 49 46 85 65 68 86 37 51
0 13 65 17 53 54 49 29 44 52 54 24
0 14 80 39 16 55 58 25 22 26 41 10
0 15 46 72 39 76 52 64 58 74 31 53
0 16 47 73 67 34 72 56 41 66 45 42
0 17 10 89 62 52 76 83 94 75 82 57
0 18 52 39 41 60 46 37 67 42 41 47
0 19 52 34 72 72 38 28 72 55 63 52
0 20 51 29 35 48 71 52 70 63 66 71
0 21 88 39 40 54 55 47 32 53 23 32
0 22 12 78 60 43 74 69 83 58 45 63
0 23 57 27 66 70 24 49 56 54 24 28
0 24 75 27 59 45 42 37 16 33 25 38
0 25 19 73 46 86 76 81 76 51 74 79
0 26 67 62 44 50 22 35 42 37 61 34
0 27 87 6 16 31 14 45 29 29 20 29
0 28 70 62 47 38 30 49 57 25 29 32
0 29 49 34 73 40 60 68 63 40 63 63
0 30 0 83 83 80 65 98 71 67 88 60
0 31 54 57 25 34 56 64 49 41 28 65
0 32 68 49 49 47 24 56 32 25 64 45
0 33 24 56 43 54 84 53 43 85 73 46
0 34 5 61 79 90 83 83 49 50 76 75
0 35 19 70 48 48 55 40 68 77 57 51
0 36 21 68 55 63 86 75 54 70 68 80
0 37 77 54 18 54 52 47 29 26 48 60
0 38 71 34 30 56 53 16 22 62 45 43
0 39 45 57 69 50 62 39 60 38 47 48
1 2 83 31 56 40 29 17 33 46 13 33
1 3 83 17 14 38 23 21 27 49 35 39
1 4 95 47 7 10 45 34 19 18 37 6
1 5 72 44 44 29 27 44 27 26 52 56
1 6 88 35 48 51 33 22 55 25 36 44
1 7 11 69 49 72 57 83 55 78 62 83
1 8 32 79 35 42 58 80 58 73 38 70
1 9 6 75 89 67 60 49 90 49 51 72
1 10 98 49 17 46 18 1 43 2 20 13
1 11 25 84 64 62 60 79 41 63 81 49
1 12 69 43 41 44 36 55 24 27 59 60
1 13 76 52 28 13 33 28 46 17 53 30
1 14 65 57 52 19 41 44 31 54 57 21
1 15 97 40 7 49 24 29 19 3 33 15
1 16 22 61 88 79 75 53 69 41 58 51
1 17 72 41 44 58 60 32 46 49 28 44
1 18 88 18 12 12 25 43 14 50 46 38
1 19 72 28 30 48 30 21 20 39 17 20
1 20 49 32 33 60 72 65 31 34 49 53
1 21 75 12 31 22 54 12 60 40 21 28
1 22 9 79 55 60 48 57 73 70 60 74
1 23 63 58 22 58 55 54 35 37 53 53
1 24 62 23 49 51 58 67 51 34 48 57
1 25 12 87 61 59 65 89 79 78 76 46
1 26 54 33 30 68 68 48 51 51 28 50
1 27 26 83 84 56 39 44 60 69 68 52
1 28 36 66 65 78 50 74 78 61 56 61
1 29 34 40 62 42 51 75 64 57 56 44
1 30 55 43 44 38 49 25 29 72 35 38
1 31 99 18 9 15 19 20 25 1 23 9
1 32 40 55 64 68 42 57 55 58 36 52
1 33 40 40 37 40 76 38 53 68 50 33
1 34 54 70 32 67 62 58 24 41 48 44
1 35 69 60 34 37 35 42 19 63 52 46
1 36 21 83 67 39 58 70 82 60 58 59
1 37 3 61 78 97 92 97 56 53 86 65
1 38 92 36 26 32 31 23 40 47 13 42
1 39 77 35 57 33 36 33 21 20 13 13
2 3 17 74 67 45 57 45 71 42 78 64
2 4 9 51 94 71 68 76 66 79 70 80
2 5 80 55 45 41 59 34 13 14 50 31
2 6 23 65 69 51 41 82 70 61 80 68
2 7 7 95 74 90 93 72 54 73 85 86
2 8 18 67 76 59 57 51 65 78 84 43
2 9 68 48 35 39 42 23 61 21 49 40
2 10 80 11 35 10 36 12 45 28 25 28
2 11 70 18 62 47 28 60 29 29 32 59
2 12 84 45 22 54 35 12 8 27 57 48
2 13 68 34 21 61 51 54 65 58 50 25
2 14 3 94 70 96 69 77 57 73 67 49
2 15 41 56 45 30 74 72 45 48 68 50
2 16 86 29 55 44 52 47 35 53 34 30
2 17 17 57 69 76 42 56 87 61 53 57
2 18 47 49 38 29 43 59 48 70 45 41
2 19 59 35 31 30 43 61 59 57 23 58
2 20 25 74 72 45 45 45 49 73 46 63
2 21 38 59 52 45 65 47 68 65 76 75
2 22 98 8 5 43 9 1 44 3 45 20
2 23 41 65 32 57 56 46 30 40 33 46
2 24 12 85 66 50 74 55 92 90 60 47
2 25 60 64 24 20 53 47 68 36 58 25
2 26 49 58 61 38 74 46 60 34 72 42
2 27 25 65 53 82 59 74 83 57 85 70
2 28 24 66 57 74 40 57 47 54 56 44
2 29 94 30 17 50 48 28 29 20 10 4
2 30 54 40 71 64 68 66 26 65 64 43
2 31 26 61 78 80 76 82 86 42 74 71
2 32 81 26 31 54 44 45 52 18 48 54
2 33 52 55 28 26 73 55 54 31 70 63
2 34 65 43 19 43 20 48 38 65 32 32
2 35 99 44 39 23 5 28 40 36 33 43
2 36 85 23 52 49 56 55 33 29 49 22
2 37 97 34 32 12 10 1 7 8 49 39
2 38 67 56 53 23 41 59 51 23 62 39
2 39 54 72 33 32 33 36 42 66 50 61
3 4 70 64 59 64 63 36 30 39 64 27
3 5 24 63 72 54 64 49 59 77 81 76
3 6 26 52 37 81 77 43 60 66 51 60
3 7 54 59 45 48 51 65 48 45 63 40
3 8 62 42 59 35 23 38 36 53 24 33
3 9 48 45 73 29 68 30 53 49 28 32
3 10 67 29 19 26 37 34 62 59 50 18
3 11 32 67 40 49 36 82 82 61 78 69
3 12 5 51 59 52 53 66 60 96 89 47
3 13 45 58 76 44 52 74 48 45 62 59
3 14 68 29 33 63 53 22 40 58 41 58
3 15 5 51 62 93 84 57 96 66 86 53
3 16 86 40 29 48 50 50 13 39 30 45
3 17 70 19 25 25 23 16 14 57 56 33
3 18 50 26 42 73 41 72 31 33 56 63
3 19 8 53 81 56 77 76 51 81 79 94
3 20 92 52 22 41 45 35 50 4 46 40
3 21 84 50 21 34 19 8 23 43 16 50
3 22 53 61 46 51 40 31 65 34 48 27
3 23 87 24 55 25 50 18 40 31 40 39
3 24 40 59 41 39 70 52 67 36 40 68
3 25 0 65 59 53 98 76 59 62 83 66
3 26 40 78 42 52 34 69 37 35 64 53
3 27 1 67 94 52 59 90 89 96 77 70
3 28 37 34 42 73 75 35 58 59 53 56
3 29 37 61 70 39 34 36 60 79 44 77
3 30 75 13 35 14 41 42 27 26 27 35
3 31 82 12 30 20 29 20 52 9 12 38
3 32 1 79 64 75 50 74 81 96 67 83
3 33 33 49 56 74 48 59 70 38 73 77
3 34 39 60 64 42 46 58 52 52 62 39
3 35 34 60 52 73 65 67 42 65 60 71
3 36 34 50 35 41 48 53 51 60 82 65
3 37 1 86 76 70 70 69 89 98 81 92
3 38 27 44 43 67 76 48 68 51 76 39
3 39 1 70 65 59 53 90 70 68 71 96
4 5 91 32 12 52 31 44 15 27 14 19
4 6 89 36 24 53 30 45 54 29 28 37
4 7 15 88 80 68 62 56 54 87 74 68
4 8 73 36 42 56 27 21 14 52 56 19
4 9 33 67 40 79 82 76 79 55 53 34
4 10 38 37 48 62 64 76 65 67 73 80
4 11 25 59 72 62 68 46 77 84 75 86
4 12 39 79 55 48 42 76 60 70 71 61
4 13 16 78 66 67 83 55 90 82 75 55
4 14 82 44 58 57 11 40 14 18 29 18
4 15 6 76 47 93 63 57 72 66 73 87
4 16 70 45 64 37 53 33 31 31 54 22
4 17 17 44 51 87 51 84 81 54 79 48
4 18 9 94 75 93 66 69 53 88 80 63
4 19 22 59 76 75 54 75 65 65 45 72
4 20 28 39 51 64 85 42 41 50 72 64
4 21 45 49 33 62 37 57 42 32 55 73
4 22 20 74 50 41 43 70 85 60 79 60
4 23 43 60 76 44 42 54 70 36 76 66
4 24 92 5 46 28 41 33 30 4 30 30
4 25 77 49 26 41 15 13 34 28 43 30
4 26 12 46 75 80 85 46 61 61 78 60
4 27 44 64 34 75 71 56 60 74 52 55
4 28 23 78 57 66 62 63 87 84 60 68
4 29 16 56 64 65 76 86 59 64 79 80
4 30 1 75 85 83 66 90 57 51 95 49
4 31 79 36 22 57 53 19 25 27 31 55
4 32 42 60 56 33 31 36 42 77 47 75
4 33 86 38 37 26 29 52 11 27 45 14
4 34 59 37 68 45 64 42 48 67 52 23
4 35 84 38 19 29 10 53 40 11 51 18
4 36 57 24 70 27 61 34 23 28 62 64
4 37 33 47 62 34 51 42 64 40 34 41
4 38 85 50 52 42 37 39 42 23 33 19
4 39 10 74 65 87 79 54 83 49 49 62
5 6 33 49 44 45 50 81 41 83 47 62
5 7 35 77 79 80 51 60 58 79 65 52
5 8 23 82 82 52 40 68 57 85 40 67
5 9 62 21 19 56 28 56 45 58 38 60
5 10 98 11 25 20 1 22 6 25 40 26
5 11 43 31 42 43 58 55 37 64 51 52
5 12 96 22 18 9 38 18 9 36 35 27
5 13 36 39 45 43 54 53 42 63 73 48
5 14 3 58 79 80 96 97 73 56 73 97
5 15 91 43 26 38 10 45 31 12 13 48
5 16 24 52 84 42 84 51 80 73 77 66
5 17 98 21 35 26 8 26 4 47 45 48
5 18 31 41 59 64 54 59 78 71 41 69
5 19 76 36 13 19 11 38 57 21 43 16
5 20 71 23 53 39 19 17 27 45 32 63
5 21 8 83 71 61 47 53 61 80 58 67
5 22 59 23 25 25 60 41 41 42 37 27
5 23 96 36 29 12 48 20 44 6 12 3
5 24 56 46 38 71 58 68 53 32 38 33
5 25 82 18 29 11 44 30 33 44 39 51
5 26 66 42 34 60 47 46 18 50 56 20
5 27 57 39 34 31 46 34 59 64 68 26
5 28 74 59 13 46 18 61 50 60 50 16
5 29 41 36 76 42 47 37 56 77 31 43
5 30 23 71 65 69 65 58 58 47 56 49
5 31 91 6 32 41 30 9 45 49 37 31
5 32 33 36 41 36 61 61 56 43 49 63
5 33 42 38 51 42 57 68 56 50 77 40
5 34 23 46 63 49 51 57 71 70 87 87
5 35 89 49 55 11 17 22 6 48 14 9
5 36 26 43 46 71 76 74 67 54 67 50
5 37 32 62 76 52 68 82 62 82 73 33
5 38 50 58 45 55 43 66 69 28 52 66
5 39 56 60 61 34 54 32 32 63 37 66
6 7 86 25 37 55 20 32 47 48 7 16
6 8 50 33 49 56 70 72 37 71 34 74
6 9 69 40 51 37 58 28 25 39 43 17
6 10 82 20 16 30 35 45 22 34 39 25
6 11 33 48 38 81 73 56 36 55 79 77
6 12 39 68 49 71 49 78 49 31 57 78
6 13 90 54 26 25 17 21 19 9 47 51
6 14 0 55 90 68 75 87 68 51 79 64
6 15 36 46 43 52 57 61 33 74 78 59
6 16 44 41 36 53 28 63 66 33 59 42
6 17 59 53 31 44 42 20 36 28 35 37
6 18 96 14 8 24 33 27 3 25 21 44
6 19 46 67 37 48 44 67 63 54 34 74
6 20 16 71 64 44 86 77 53 62 76 64
6 21 65 27 43 48 65 49 40 42 21 37
6 22 96 20 14 31 6 48 20 39 17 46
6 23 52 65 40 35 46 36 56 62 70 70
6 24 55 59 48 29 40 42 62 64 47 22
6 25 35 65 35 63 48 76 74 75 32 37
6 26 58 68 27 57 22 69 66 51 35 23
6 27 79 34 22 46 14 17 33 21 30 42
6 28 65 60 64 46 48 41 32 37 62 52
6 29 5 50 62 66 90 48 74 52 51 93
6 30 94 16 46 21 9 7 30 28 3 30
6 31 88 43 48 50 37 9 17 45 35 11
6 32 11 48 62 82 90 63 60 80 86 45
6 33 15 53 56 79 51 56 86 62 46 61
6 34 12 51 90 60 62 77 64 87 71 52
6 35 13 60 89 70 88 73 67 51 67 87
6 36 38 74 59 45 56 74 71 31 54 62
6 37 9 65 48 58 86 77 92 73 60 69
6 38 26 75 80 67 71 80 52 83 50 59
6 39 99 40 20 12 27 15 21 7 20 34
7 8 88 46 6 25 14 7 46 21 8 20
7 9 26 53 64 64 77 44 66 46 38 61
7 10 75 53 35 26 31 30 22 61 45 28
7 11 11 85 69 49 54 63 80 75 54 55
7 12 99 47 15 13 7 5 48 8 5 12
7 13 43 48 70 48 73 41 72 46 37 66
7 14 96 34 40 13 50 8 7 42 38 43
7 15 40 43 67 56 61 68 38 51 69 31
7 16 79 27 54 27 21 16 39 51 44 31
7 17 18 44 90 46 42 78 69 61 81 90
7 18 5 52 47 55 71 58 77 73 53 52
7 19 87 28 40 36 55 51 54 49 17 40
7 20 19 54 41 77 80 79 62 51 76 83
7 21 1 60 55 65 69 69 77 50 96 65
7 22 88 45 47 44 25 31 31 43 44 26
7 23 5 74 89 77 74 79 48 73 68 96
7 24 35 33 79 61 37 48 76 55 61 62
7 25 83 40 13 49 16 19 37 48 43 15
7 26 79 45 45 50 41 54 19 54 57 44
7 27 72 34 48 18 17 23 40 14 49 58
7 28 91 44 52 9 5 10 39 17 51 15
7 29 91 9 24 44 29 37 52 18 45 19
7 30 35 59 33 72 62 51 67 70 55 70
7 31 19 79 70 71 62 72 72 50 43 41
7 32 30 48 59 48 78 36 42 80 46 48
7 33 15 58 90 58 67 81 81 77 46 54
7 34 38 56 61 70 77 66 49 37 36 53
7 35 26 53 53 78 86 85 84 75 57 81
7 36 25 84 50 75 41 48 48 55 56 63
7 37 95 13 11 47 10 37 32 18 52 37
7 38 18 82 58 49 50 82 45 71 75 53
7 39 56 35 68 58 33 27 29 31 35 45
8 9 99 2 29 13 14 28 14 16 14 2
8 10 68 50 51 25 29 18 41 50 54 45
8 11 92 29 39 13 51 8 11 24 9 47
8 12 80 54 30 32 48 52 48 54 52 30
8 13 49 45 25 65 48 40 54 34 57 73
8 14 86 17 50 52 49 51 56 33 8 9
8 15 9 63 49 56 78 92 52 90 54 68
8 16 13 82 56 90 90 80 45 66 59 43
8 17 76 57 35 23 57 17 44 48 58 34
8 18 39 78 72 44 49 48 67 55 57 72
8 19 97 47 32 29 35 46 15 35 37 44
8 20 20 52 81 52 68 58 50 82 87 77
8 21 64 30 60 47 48 51 63 31 30 61
8 22 18 74 77 67 58 64 49 58 66 59
8 23 13 46 78 61 91 76 92 66 78 80
8 24 60 57 47 20 40 29 42 37 57 22
8 25 37 72 72 72 56 37 39 56 52 63
8 26 52 55 29 53 24 50 50 62 65 37
8 27 38 68 37 51 42 77 35 53 32 60
8 28 2 51 81 70 92 73 69 91 50 62
8 29 65 60 47 59 28 61 24 27 28 19
8 30 38 72 43 70 53 58 60 48 73 66
8 31 1 72 70 49 87 67 51 76 72 96
8 32 26 72 74 83 69 44 46 41 67 70
8 33 96 4 40 6 24 40 30 16 25 17
8 34 87 55 32 14 54 42 52 35 28 8
8 35 72 18 38 18 51 50 57 17 60 62
8 36 76 57 19 17 17 14 50 48 60 20
8 37 39 42 76 38 69 58 63 46 49 48
8 38 11 66 57 46 82 58 62 51 63 88
8 39 91 37 31 15 33 41 6 43 47 48
9 10 69 24 15 28 39 23 56 36 33 46
9 11 74 37 49 50 57 29 14 42 33 24
9 12 84 38 55 50 18 11 13 12 25 20
9 13 33 39 57 79 76 50 79 45 49 59
9 14 38 57 74 53 35 48 38 55 35 60
9 15 3 77 56 53 64 88 60 61 81 52
9 16 90 34 38 53 23 28 49 14 33 6
9 17 36 55 67 43 65 60 37 48 70 34
9 18 91 46 51 18 13 33 53 45 15 17
9 19 41 45 36 73 52 47 60 37 38 70
9 20 12 63 60 79 71 74 59 90 80 87
9 21 52 46 24 61 61 67 42 38 27 71
9 22 83 10 38 13 27 32 12 32 33 30
9 23 64 48 43 20 42 18 57 63 62 53
9 24 86 13 23 54 27 14 46 44 45 53
9 25 97 42 49 12 47 3 20 25 11 27
9 26 95 2 27 32 13 40 46 30 39 34
9 27 25 46 50 72 86 60 86 62 82 41
9 28 31 43 75 68 60 56 56 35 40 76
9 29 25 44 41 59 68 73 56 79 55 50
9 30 2 81 62 83 55 67 63 76 52 52
9 31 69 21 42 59 41 61 37 19 29 25
9 32 83 51 43 35 11 40 49 45 23 19
9 33 19 49 66 41 42 69 70 59 50 56
9 34 13 60 43 50 50 46 60 45 79 76
9 35 32 76 61 41 53 40 48 36 83 73
9 36 42 71 75 35 44 64 65 44 50 37
9 37 46 27 54 46 57 30 36 38 44 35
9 38 7 91 56 57 64 63 68 93 94 84
9 39 97 44 16 32 32 36 10 44 48 9
10 11 86 40 37 7 51 42 9 31 22 32
10 12 26 75 48 61 53 55 80 52 80 84
10 13 86 11 54 24 20 39 8 32 21 16
10 14 66 28 26 30 47 61 40 17 34 26
10 15 20 57 80 54 43 42 77 39 62 85
10 16 4 72 56 77 63 66 89 65 71 87
10 17 69 50 59 38 32 42 45 44 46 46
10 18 79 52 48 23 20 27 31 21 25 55
10 19 17 42 43 87 61 74 87 62 55 57
10 20 24 42 56 59 44 55 45 76 87 82
10 21 8 49 79 64 55 70 94 50 61 86
10 22 20 68 67 51 43 73 49 52 80 58
10 23 9 93 50 76 78 80 49 68 71 91
10 24 71 30 50 30 63 42 41 35 58 29
10 25 36 56 62 39 52 63 68 66 69 34
10 26 42 31 40 40 56 70 37 67 48 51
10 27 52 70 34 70 70 41 68 64 52 26
10 28 83 37 27 45 27 38 38 28 25 11
10 29 27 55 63 56 51 69 56 72 69 56
10 30 11 47 89 67 67 56 52 73 45 80
10 31 68 61 18 38 59 55 53 60 17 17
10 32 91 37 9 23 23 24 51 15 12 53
10 33 1 83 81 56 92 97 60 97 89 69
10 34 60 53 66 30 41 45 51 32 62 59
10 35 78 30 17 48 54 21 54 42 19 38
10 36 8 61 88 57 83 84 70 79 61 76
10 37 3 81 92 63 88 59 76 74 50 92
10 38 9 70 78 62 51 91 51 78 57 50
10 39 57 66 64 38 41 33 38 46 44 38
11 12 79 10 54 25 37 21 23 18 27 11
11 13 10 73 89 78 58 47 75 51 57 76
11 14 60 39 55 62 52 26 42 35 53 43
11 15 15 54 67 85 83 61 87 64 61 51
11 16 36 41 64 72 46 69 60 81 37 78
11 17 50 47 56 62 28 53 52 47 36 28
11 18 20 85 81 76 67 55 82 63 40 88
11 19 34 76 64 39 56 61 70 39 59 74
11 20 72 16 57 18 36 19 41 58 18 29
11 21 14 51 52 50 58 66 79 45 81 57
11 22 36 52 73 73 34 59 41 33 45 41
11 23 79 43 45 50 45 14 49 59 31 26
11 24 60 25 54 58 52 35 25 50 39 38
11 25 51 38 42 28 32 37 63 68 73 28
11 26 28 40 69 71 55 77 64 39 70 69
11 27 59 37 58 60 48 56 67 65 38 69
11 28 85 46 30 17 26 52 46 53 11 26
11 29 11 90 89 81 75 68 53 88 87 87
11 30 67 59 48 21 18 62 59 40 54 20
11 31 15 81 62 88 75 78 60 47 78 53
11 32 59 49 48 48 39 22 65 29 46 67
11 33 1 85 79 57 62 75 56 70 78 81
11 34 34 80 48 54 76 79 62 59 65 49
11 35 30 71 65 49 51 71 35 45 63 67
11 36 16 54 49 69 75 51 84 63 69 79
11 37 47 48 44 33 57 48 51 52 73 55
11 38 70 53 20 35 30 46 57 15 44 49
11 39 99 30 45 17 32 40 48 25 13 34
12 13 41 38 67 68 54 41 34 69 68 58
12 14 48 61 36 71 37 28 68 65 52 75
12 15 56 65 54 25 56 27 69 46 34 26
12 16 9 67 91 83 65 78 74 46 84 67
12 17 49 36 38 54 62 29 30 39 36 42
12 18 96 3 11 40 17 26 12 25 17 25
12 19 85 13 24 22 24 8 55 46 32 13
12 20 56 25 60 34 39 49 28 49 36 66
12 21 11 88 53 80 46 47 69 57 82 71
12 22 12 92 83 77 70 78 90 52 44 59
12 23 15 46 44 91 77 74 82 78 69 61
12 24 77 12 34 48 54 37 52 13 41 19
12 25 57 50 29 37 29 39 41 66 60 24
12 26 27 70 73 45 77 58 71 49 85 45
12 27 11 67 88 46 84 62 87 48 66 52
12 28 48 63 30 73 46 36 75 72 43 43
12 29 88 49 36 49 18 8 39 48 26 9
12 30 46 34 36 39 53 66 67 49 38 65
12 31 60 54 38 22 28 31 57 39 21 44
12 32 39 35 63 47 49 79 66 52 49 75
12 33 15 88 42 66 89 69 75 49 77 51
12 34 82 21 35 54 56 32 27 49 20 10
12 35 71 18 17 17 26 21 36 24 43 57
12 36 38 75 50 32 78 34 51 38 72 77
12 37 23 66 50 64 60 46 78 79 53 87
12 38 23 52 53 41 47 38 82 78 41 44
12 39 96 51 7 6 11 27 37 26 27 16
13 14 12 92 50 80 80 72 75 64 90 51
13 15 26 84 85 38 82 76 60 56 77 46
13 16 96 49 40 21 29 13 35 8 5 12
13 17 78 48 39 42 17 42 56 29 31 40
13 18 96 33 35 17 33 23 26 18 21 42
13 19 55 34 47 58 54 28 62 65 31 59
13 20 72 20 27 61 41 20 55 45 49 62
13 21 73 53 28 57 30 50 41 25 51 16
13 22 33 82 55 70 55 34 74 41 51 80
13 23 41 60 54 29 45 34 32 59 46 44
13 24 67 33 42 54 42 26 46 45 21 38
13 25 36 72 59 65 46 61 65 54 62 44
13 26 92 21 28 20 13 10 16 19 10 28
13 27 7 88 72 81 71 66 84 92 62 80
13 28 54 60 65 25 63 25 65 56 53 38
13 29 38 79 78 32 69 57 76 46 38 80
13 30 76 52 53 16 44 27 26 20 20 13
13 31 34 62 71 68 60 64 79 38 34 66
13 32 90 19 27 30 8 51 4 29 28 9
13 33 96 3 33 14 36 29 19 22 11 41
13 34 35 51 41 75 72 39 76 66 59 69
13 35 10 48 79 87 88 83 87 83 68 53
13 36 70 50 60 45 34 28 50 52 29 48
13 37 96 9 8 49 34 26 43 37 32 18
13 38 44 69 64 29 33 69 45 31 73 71
13 39 9 52 56 57 82 56 65 58 49 45
14 15 83 41 45 17 44 48 47 55 14 28
14 16 71 16 53 55 34 24 47 52 27 51
14 17 82 58 54 17 39 58 36 25 26 35
14 18 32 72 80 81 77 72 63 64 82 65
14 19 66 57 32 51 38 37 42 23 25 62
14 20 1 79 89 56 73 89 65 51 50 63
14 21 65 45 66 57 45 34 34 37 35 55
14 22 9 75 48 77 57 58 48 69 64 62
14 23 90 44 21 8 47 26 24 40 44 25
14 24 41 64 44 57 54 38 47 30 60 62
14 25 77 47 16 51 23 42 52 33 34 53
14 26 51 50 30 51 68 61 45 62 70 33
14 27 11 89 59 68 93 46 85 86 67 91
14 28 75 30 14 29 27 21 44 16 54 54
14 29 17 45 43 56 59 80 71 76 72 45
14 30 70 39 35 55 15 45 51 28 30 15
14 31 96 15 34 49 23 14 4 50 6 46
14 32 75 40 58 25 33 42 16 23 19 44
14 33 44 41 45 38 39 40 56 64 66 68
14 34 85 44 40 20 15 30 48 21 15 36
14 35 90 43 46 26 9 23 16 51 9 28
14 36 68 46 20 37 30 41 58 38 41 46
14 37 18 87 65 43 40 63 56 58 46 71
14 38 1 73 70 64 53 72 89 51 90 50
14 39 55 62 39 32 44 28 38 56 58 27
15 16 74 43 61 26 59 34 20 48 19 15
15 17 32 53 35 68 82 48 73 83 52 37
15 18 11 94 56 52 69 79 87 66 91 65
15 19 19 89 74 88 88 60 72 85 54 60
15 20 38 70 65 75 53 60 77 50 60 65
15 21 56 32 33 31 37 26 36 52 63 22
15 22 15 83 88 70 91 87 44 43 69 73
15 23 40 62 74 42 30 42 62 70 78 35
15 24 2 76 86 84 57 79 96 79 69 88
15 25 15 48 43 47 83 85 48 81 77 67
15 26 86 44 34 19 18 23 52 11 26 24
15 27 77 36 11 26 45 39 53 59 47 28
15 28 78 11 59 45 28 20 26 21 32 28
15 29 70 42 43 36 24 29 48 18 44 61
15 30 92 17 14 11 10 15 14 25 19 41
15 31 44 55 42 51 76 77 57 46 66 42
15 32 68 47 20 29 45 61 47 20 60 44
15 33 10 59 69 68 61 60 62 44 46 47
15 34 84 51 14 34 30 12 57 49 32 35
15 35 28 77 53 41 71 63 47 59 81 67
15 36 39 59 46 50 50 62 68 80 59 78
15 37 46 67 68 69 41 33 75 31 46 42
15 38 24 78 52 72 54 71 62 40 72 54
15 39 9 92 73 87 45 93 74 94 82 68
16 17 88 14 48 54 36 13 20 41 37 54
16 18 26 83 77 55 44 42 77 50 38 81
16 19 55 44 70 56 66 63 70 32 60 56
16 20 15 69 69 70 80 82 51 78 89 73
16 21 27 38 72 40 84 76 47 70 61 46
16 22 53 64 71 51 43 39 39 55 60 45
16 23 55 59 38 45 58 27 63 30 55 71
16 24 69 41 25 38 23 41 44 45 27 50
16 25 24 49 79 73 87 72 74 87 58 48
16 26 10 65 90 62 53 76 68 54 55 82
16 27 93 35 10 6 33 26 24 4 4 12
16 28 97 37 1 22 10 17 42 15 6 5
16 29 49 72 53 32 59 57 34 38 54 75
16 30 74 55 56 33 44 29 25 37 58 56
16 31 86 41 42 22 9 9 38 45 25 17
16 32 44 65 44 64 53 43 48 57 46 69
16 33 14 73 92 53 45 56 74 92 43 54
16 34 30 80 38 71 67 52 81 53 50 47
16 35 91 36 26 28 13 27 37 29 52 41
16 36 97 20 16 41 24 36 3 5 21 17
16 37 24 53 68 52 79 55 70 51 63 57
16 38 65 37 38 45 31 51 55 39 25 48
16 39 90 44 13 9 17 46 41 52 20 12
17 18 35 32 62 61 67 55 75 50 62 39
17 19 32 71 67 52 45 64 33 63 36 36
17 20 17 83 45 86 74 71 56 52 71 81
17 21 47 57 58 41 75 57 63 37 46 37
17 22 25 47 53 71 70 72 64 67 80 56
17 23 23 50 56 41 81 42 55 41 75 58
17 24 36 76 60 51 74 36 61 68 43 70
17 25 37 71 67 65 39 52 62 39 43 61
17 26 85 36 37 54 32 34 12 28 14 41
17 27 0 80 59 87 86 53 96 95 82 85
17 28 99 3 6 34 41 2 23 32 19 44
17 29 49 30 27 61 54 27 30 62 27 43
17 30 78 27 14 27 19 12 34 31 34 56
17 31 80 19 19 56 28 28 48 55 57 20
17 32 6 75 64 67 56 79 72 69 95 56
17 33 5 63 78 63 76 80 63 50 58 60
17 34 1 56 79 89 86 93 58 85 54 66
17 35 87 45 25 42 24 24 31 19 25 55
17 36 52 61 68 69 49 33 36 25 39 45
17 37 50 52 26 68 37 34 36 72 52 33
17 38 34 51 47 59 47 62 33 74 63 70
17 39 61 31 26 57 65 28 20 63 47 43
18 19 46 63 41 27 56 29 31 56 74 65
18 20 49 46 65 28 48 29 38 35 53 52
18 21 21 57 86 72 67 72 47 44 64 81
18 22 36 39 54 33 49 39 50 71 37 40
18 23 85 53 21 18 22 27 8 12 39 33
18 24 96 28 40 13 43 47 22 31 28 4
18 25 33 69 63 76 44 81 58 41 75 53
18 26 86 44 6 40 55 8 51 24 25 30
18 27 25 59 41 70 81 74 40 73 58 86
18 28 32 68 36 50 70 36 37 42 34 67
18 29 44 43 41 51 31 53 40 58 28 50
18 30 16 84 77 71 51 86 52 75 47 53
18 31 71 21 33 18 39 60 15 60 42 34
18 32 19 72 66 57 56 40 85 80 48 74
18 33 12 72 92 52 70 73 43 82 75 61
18 34 66 32 58 44 24 44 19 45 63 28
18 35 66 49 56 38 49 55 43 17 42 21
18 36 29 75 82 68 51 53 38 55 55 82
18 37 35 63 68 63 55 70 71 69 52 49
18 38 23 50 69 67 65 38 81 68 69 86
18 39 66 47 28 29 23 41 65 28 26 58
19 20 7 70 95 48 81 90 92 56 48 57
19 21 92 22 32 21 45 43 53 19 43 3
19 22 81 30 11 59 33 13 55 13 36 36
19 23 79 10 35 35 33 23 45 41 58 60
19 24 42 31 76 59 41 35 51 68 64 66
19 25 78 33 53 28 23 40 52 25 25 39
19 26 12 57 62 61 67 78 55 84 86 69
19 27 67 48 37 31 19 24 17 29 54 39
19 28 33 37 72 76 56 66 61 68 55 68
19 29 61 49 50 29 67 61 55 65 36 67
19 30 47 61 42 69 65 55 62 57 34 43
19 31 36 67 46 76 54 65 70 66 80 59
19 32 72 15 24 45 35 43 30 16 61 43
19 33 14 60 89 64 72 62 47 73 60 43
19 34 7 94 75 51 86 92 92 73 56 58
19 35 82 19 23 53 34 41 30 10 27 38
19 36 31 81 43 81 62 43 66 54 54 61
19 37 85 28 16 37 14 13 51 52 36 12
19 38 86 38 24 38 52 30 38 30 25 16
19 39 82 31 57 36 14 42 36 13 42 55
20 21 85 24 30 18 32 44 47 13 44 39
20 22 28 46 82 77 53 59 83 48 53 52
20 23 40 58 36 65 78 55 48 74 48 68
20 24 96 11 50 32 19 14 4 7 33 32
20 25 72 34 57 36 45 36 30 49 59 52
20 26 25 63 84 69 44 67 55 59 74 58
20 27 8 83 56 71 66 47 68 89 71 73
20 28 71 56 46 56 63 61 32 23 33 27
20 29 25 54 70 53 56 44 65 63 72 81
20 30 79 58 32 43 51 30 13 25 37 45
20 31 15 87 77 90 68 56 63 85 80 62
20 32 29 79 77 67 43 82 45 38 51 69
20 33 76 18 53 21 53 45 48 52 20 43
20 34 72 56 62 24 56 54 22 58 42 26
20 35 56 30 50 67 44 47 41 44 25 37
20 36 67 34 44 20 20 55 55 17 41 33
20 37 78 55 49 53 56 11 30 23 32 45
20 38 7 60 57 83 83 55 78 56 62 51
20 39 0 66 91 74 77 59 80 98 85 83
21 22 95 6 21 18 23 15 46 34 13 8
21 23 70 62 27 43 64 48 25 35 40 27
21 24 88 36 40 24 48 44 43 39 30 5
21 25 47 36 30 35 44 58 65 26 48 55
21 26 81 58 38 12 27 35 24 12 42 56
21 27 32 44 59 50 57 57 52 54 81 70
21 28 43 43 58 77 52 56 69 65 64 66
21 29 51 25 70 42 29 33 64 66 68 47
21 30 83 23 43 42 26 21 24 52 8 29
21 31 1 83 72 69 75 68 54 61 71 76
21 32 0 52 90 59 78 65 58 58 80 62
21 33 96 38 6 49 26 47 27 26 32 22
21 34 62 24 26 47 61 20 52 60 32 32
21 35 73 49 38 43 62 45 35 15 29 44
21 36 64 58 49 47 30 64 33 33 63 46
21 37 87 16 6 52 51 37 11 15 17 46
21 38 50 44 48 45 35 57 71 58 46 28
21 39 6 72 92 56 66 74 54 72 65 65
22 23 67 34 18 38 36 34 32 39 64 34
22 24 40 42 77 36 48 68 70 72 38 36
22 25 88 30 27 24 30 33 16 11 33 50
22 26 6 53 87 62 71 65 94 53 61 79
22 27 62 32 53 20 41 42 40 27 22 47
22 28 18 61 84 47 61 80 46 89 63 76
22 29 21 76 88 51 53 47 51 45 75 80
22 30 94 47 15 33 25 37 14 28 15 19
22 31 8 86 87 80 68 76 90 84 53 85
22 32 13 90 86 69 74 79 53 63 73 86
22 33 58 59 41 46 62 24 24 49 26 34
22 34 54 23 37 34 25 23 39 51 62 43
22 35 29 38 71 64 56 54 72 46 72 61
22 36 12 49 83 81 62 75 59 76 46 85
22 37 51 34 70 69 63 63 38 59 53 48
22 38 90 32 24 44 5 45 4 24 47 16
22 39 11 90 81 75 48 59 61 93 79 69
23 24 97 13 1 37 32 39 32 10 48 29
23 25 76 50 52 27 30 37 56 16 46 17
23 26 59 68 36 32 46 21 49 26 53 27
23 27 92 40 25 20 12 34 35 36 31 51
23 28 8 78 89 89 50 69 70 45 46 64
23 29 88 7 38 52 14 27 28 8 20 51
23 30 88 53 14 11 8 52 15 32 33 46
23 31 74 52 50 24 57 20 58 51 50 51
23 32 12 75 56 48 53 46 53 89 59 70
23 33 74 62 59 29 52 15 14 28 18 19
23 34 35 73 60 54 37 69 50 78 73 56
23 35 6 93 62 77 90 71 80 74 73 90
23 36 99 19 0 30 30 12 47 22 21 23
23 37 90 28 31 7 53 43 6 52 12 15
23 38 51 38 71 68 54 27 69 41 62 33
23 39 68 54 32 17 20 57 44 61 36 18
24 25 14 47 82 79 59 52 84 80 53 47
24 26 81 45 30 53 15 31 31 44 34 47
24 27 93 15 20 9 29 47 32 21 12 17
24 28 58 54 51 48 32 29 46 59 36 37
24 29 17 83 51 76 53 85 82 59 80 76
24 30 24 75 69 86 59 49 74 58 84 41
24 31 77 59 25 13 58 26 17 15 13 51
24 32 71 16 38 52 59 44 43 24 43 55
24 33 87 34 21 54 45 46 18 33 35 38
24 34 32 76 83 65 74 77 51 68 53 70
24 35 42 46 77 57 67 66 69 67 73 42
24 36 37 34 47 80 74 56 40 68 75 35
24 37 84 36 15 37 9 15 42 39 30 44
24 38 81 50 44 50 10 39 27 12 14 13
24 39 3 53 49 85 56 88 63 93 78 95
25 26 11 62 87 80 64 74 75 90 51 80
25 27 91 28 9 22 45 45 14 49 38 20
25 28 94 41 43 3 46 16 42 33 50 37
25 29 49 28 70 69 59 50 48 57 55 54
25 30 67 63 38 47 55 42 57 61 36 26
25 31 82 51 43 44 34 54 25 36 13 51
25 32 15 89 64 53 75 73 53 50 74 45
25 33 0 61 93 87 83 63 86 51 93 79
25 34 68 64 22 61 63 62 37 34 38 52
25 35 95 46 14 27 49 49 16 26 15 22
25 36 87 24 27 33 40 45 28 17 18 17
25 37 94 19 48 12 24 37 4 42 51 45
25 38 40 32 58 31 67 68 65 64 53 33
25 39 91 51 43 31 16 23 16 26 46 38
26 27 43 31 36 58 66 47 58 45 55 37
26 28 30 41 80 57 76 59 65 37 67 69
26 29 38 72 58 59 46 43 69 73 32 52
26 30 87 8 15 43 22 13 26 20 43 54
26 31 86 36 14 19 51 39 23 9 19 13
26 32 1 61 76 71 61 54 86 58 70 82
26 33 52 28 51 31 57 24 44 34 38 48
26 34 91 45 34 34 53 33 50 25 39 20
26 35 37 69 38 73 40 69 81 64 43 78
26 36 29 65 41 41 78 64 46 44 72 74
26 37 76 52 19 51 28 47 46 25 20 21
26 38 54 28 38 34 42 56 27 37 49 29
26 39 5 51 86 62 70 86 86 60 67 93
27 28 21 42 82 88 44 60 62 55 62 40
27 29 8 46 62 58 49 84 48 84 77 81
27 30 36 67 43 81 54 46 59 55 66 62
27 31 19 88 62 57 57 87 42 59 55 55
27 32 22 74 42 46 55 75 56 50 64 55
27 33 70 62 49 27 34 31 42 41 39 29
27 34 88 43 45 24 52 19 6 28 42 29
27 35 8 47 90 57 89 83 59 88 69 72
27 36 16 74 52 49 44 81 72 44 54 71
27 37 33 77 79 50 33 59 44 67 57 78
27 38 71 64 52 40 17 30 17 61 60 40
27 39 40 44 57 77 57 50 38 78 61 79
28 29 71 26 43 37 36 36 31 25 31 56
28 30 79 50 21 17 30 51 53 52 12 14
28 31 95 8 35 19 49 37 36 22 41 28
28 32 4 74 92 62 59 86 65 70 70 89
28 33 99 18 9 35 0 31 25 27 40 21
28 34 7 59 90 80 67 69 82 69 90 78
28 35 59 51 26 62 69 26 54 30 67 54
28 36 77 15 28 60 40 38 45 19 50 14
28 37 41 58 52 61 68 55 30 35 76 73
28 38 27 74 44 57 62 69 64 59 52 47
28 39 4 90 69 55 60 48 51 53 50 63
29 30 26 59 47 84 72 68 53 43 75 63
29 31 46 35 54 35 34 63 32 49 68 44
29 32 30 73 78 60 52 38 57 59 80 63
29 33 68 24 46 47 19 55 46 58 38 61
29 34 53 59 53 45 49 66 64 27 44 49
29 35 45 27 58 42 53 39 51 42 37 65
29 36 84 20 35 45 9 38 34 56 46 18
29 37 52 47 53 37 36 60 70 61 34 24
29 38 50 64 37 48 28 32 45 38 52 65
29 39 68 57 41 55 39 36 24 25 45 51
30 31 65 43 29 35 53 54 40 60 28 62
30 32 8 46 79 94 45 64 50 58 47 80
30 33 89 49 36 52 27 22 17 7 5 48
30 34 95 4 3 11 6 23 38 26 41 8
30 35 55 51 69 34 58 54 35 49 28 39
30 36 15 46 87 83 64 84 47 91 81 70
30 37 38 40 64 68 74 60 65 33 40 64
30 38 41 67 57 73 30 33 35 36 61 30
30 39 73 42 23 20 44 21 56 35 35 54
31 32 23 63 73 62 58 40 61 56 63 80
31 33 49 50 65 53 65 55 38 56 25 36
31 34 11 91 61 59 91 59 92 53 70 64
31 35 81 45 27 19 45 47 16 55 35 36
31 36 62 56 36 32 31 36 51 39 58 20
31 37 11 81 55 59 47 74 68 57 65 82
31 38 7 71 75 88 88 82 62 69 57 61
31 39 97 47 22 23 2 11 34 37 29 35
32 33 47 35 49 29 51 39 41 45 31 34
32 34 42 77 39 29 77 75 38 30 43 63
32 35 59 65 36 62 25 26 22 34 56 67
32 36 48 75 26 67 52 71 67 57 53 61
32 37 70 16 19 47 22 62 46 25 26 46
32 38 41 44 71 29 34 65 73 58 41 39
32 39 75 28 42 43 31 14 32 58 58 46
33 34 79 46 59 11 22 37 41 46 10 39
33 35 77 12 55 15 50 22 48 26 43 19
33 36 42 57 48 46 62 36 55 65 72 69
33 37 34 50 59 62 45 54 34 65 44 39
33 38 17 66 79 87 45 52 89 48 47 65
33 39 22 51 60 48 85 68 71 49 82 64
34 35 72 54 62 14 29 42 15 15 46 61
34 36 74 37 18 40 25 37 52 34 26 58
34 37 12 54 57 79 88 86 56 50 50 55
34 38 7 62 72 55 91 92 66 76 79 95
34 39 71 56 33 29 24 14 43 50 25 16
35 36 72 14 17 49 56 19 50 48 50 30
35 37 43 64 47 76 75 51 58 72 55 47
35 38 11 44 78 65 58 76 67 73 52 57
35 39 36 33 70 73 32 49 34 61 48 34
36 37 7 58 92 50 69 49 49 59 74 47
36 38 42 35 75 36 62 72 56 73 71 46
36 39 73 58 63 42 14 42 56 54 20 41
37 38 77 39 15 45 53 59 55 56 25 21
37 39 89 51 22 52 54 34 40 24 44 37
38 39 17 75 71 53 52 54 87 90 70 46
