48 10
0 0 0 0 0.5 0.5 0 0 0 0 
0 1 82 53 38 30 24 32 28 52 45 17
0 2 80 46 19 13 11 44 46 18 9 11
0 3 98 33 19 40 20 4 4 18 13 39
0 4 99 30 7 20 37 11 29 7 16 44
0 5 38 34 49 52 66 69 71 59 58 61
0 6 46 40 69 53 31 68 30 41 41 57
0 7 96 5 39 49 40 15 39 31 14 42
0 8 91 27 24 11 53 46 27 27 10 41
0 9 37 42 78 70 70 34 31 62 71 48
0 10 19 55 57 68 66 90 59 67 89 48
0 11 3 55 95 81 80 67 70 98 56 69
0 12 10 69 71 74 61 77 65 51 48 60
0 13 97 34 33 40 38 44 35 8 34 10
0 14 50 30 57 70 49 61 33 68 38 61
0 15 73 56 48 20 52 39 24 62 21 42
0 16 72 60 29 30 48 30 52 24 27 20
0 17 55 27 36 72 65 38 57 28 30 23
0 18 79 16 22 40 26 54 40 13 23 14
0 19 89 17 8 16 17 8 31 35 30 40
0 20 11 70 92 46 72 70 62 81 48 71
0 21 45 43 62 31 37 47 77 51 76 72
0 22 77 31 25 56 60 45 38 46 17 29
0 23 38 59 46 40 55 74 46 31 71 80
0 24 55 31 35 41 44 29 56 60 35 60
0 25 89 33 41 10 13 51 5 36 47 33
0 26 59 42 32 55 36 62 65 45 24 39
0 27 25 78 82 53 75 61 78 81 46 71
0 28 65 48 53 60 30 17 21 32 18 48
0 29 97 18 32 23 4 20 36 38 19 14
0 30 73 37 56 17 19 35 56 45 61 59
0 31 95 41 19 27 45 35 26 33 24 40
0 32 17 73 86 90 46 57 87 60 48 64
0 33 52 40 45 54 47 60 61 71 51 68
0 34 22 46 72 87 48 43 58 63 41 70
0 35 28 45 35 59 38 81 50 52 37 37
0 36 53 63 44 47 69 61 42 29 71 49
0 37 80 40 45 29 19 17 52 31 43 36
0 38 54 48 24 72 41 33 30 61 67 62
0 39 57 64 38 35 34 37 54 60 44 36
0 40 76 29 46 19 45 39 37 20 31 54
0 41 68 53 38 45 47 28 40 17 17 40
0 42 85 44 26 53 52 7 13 33 15 32
0 43 34 50 77 67 74 40 52 62 52 57
0 44 9 72 68 54 87 94 53 94 92 47
0 45 64 36 60 34 57 26 26 26 49 51
0 46 35 40 34 68 35 52 32 57 35 40
0 47 77 41 21 51 50 55 41 21 14 11
1 2 74 29 23 40 21 38 19 51 22 19
1 3 84 47 53 18 23 22 28 15 51 37
1 4 35 53 56 47 57 34 35 48 40 56
1 5 9 82 91 53 51 56 90 67 76 84
1 6 81 48 15 48 11 40 42 23 50 46
1 7 19 88 84 65 88 43 63 62 50 55
1 8 69 25 29 59 58 64 55 37 26 49
1 9 45 67 60 55 65 28 62 39 73 48
1 10 72 24 30 50 50 46 51 26 27 14
1 11 86 14 16 25 19 45 10 36 32 32
1 12 49 49 33 74 58 58 57 75 67 41
1 13 81 22 27 32 56 14 19 57 41 44
1 14 45 32 55 73 47 58 43 53 55 71
1 15 58 23 50 70 23 60 64 48 59 55
1 16 66 18 65 60 17 52 53 25 19 20
1 17 99 21 33 49 35 8 20 7 24 46
1 18 6 52 53 65 69 59 74 73 50 88
1 19 28 65 64 36 72 39 63 63 46 81
1 20 93 4 18 4 8 38 30 44 52 28
1 21 83 32 11 46 50 25 32 20 36 43
1 22 62 48 22 64 36 30 28 36 20 65
1 23 88 54 47 6 42 50 12 29 5 15
1 24 50 39 27 52 40 33 26 44 61 51
1 25 63 47 55 29 25 21 44 61 53 37
1 26 62 37 52 43 36 62 41 57 21 46
1 27 44 36 65 32 32 53 74 44 40 56
1 28 7 55 75 66 64 76 58 96 94 88
1 29 17 42 50 74 89 77 89 83 77 90
1 30 21 65 65 85 75 45 40 66 40 52
1 31 89 39 8 46 29 29 21 28 9 14
1 32 88 21 36 6 19 35 51 38 9 9
1 33 45 76 35 45 54 43 76 49 35 36
1 34 93 41 6 26 15 48 18 20 24 32
1 35 85 25 43 48 10 56 38 7 51 21
1 36 97 35 22 32 9 29 32 29 19 29
1 37 84 22 50 51 32 33 44 52 57 45
1 38 46 74 53 61 67 38 38 47 40 49
1 39 16 81 58 67 74 83 55 48 42 55
1 40 13 64 61 78 69 76 66 50 55 74
1 41 63 37 65 48 24 55 50 51 36 33
1 42 72 46 34 44 53 55 48 40 21 15
1 43 30 57 42 39 69 59 39 61 54 62
1 44 12 90 89 55 93 85 55 93 47 64
1 45 85 38 45 55 8 31 39 9 52 16
1 46 71 60 38 26 57 29 34 42 23 39
1 47 23 67 57 56 75 55 43 87 76 79
2 3 55 46 71 44 54 38 22 58 29 34
2 4 84 47 19 48 46 10 14 38 56 52
2 5 6 58 72 94 90 81 60 51 79 78
2 6 79 45 58 19 56 49 51 39 25 11
2 7 86 45 16 31 16 16 34 23 38 42
2 8 41 79 78 45 37 73 40 58 74 75
2 9 24 58 44 67 61 75 84 73 82 68
2 10 89 6 40 51 22 49 53 22 37 54
2 11 30 70 57 43 64 44 67 50 79 38
2 12 37 69 47 74 62 61 64 73 78 36
2 13 40 59 37 65 42 77 40 32 65 43
2 14 7 83 91 73 94 57 61 48 82 50
2 15 52 47 42 35 39 37 50 56 70 37
2 16 40 44 74 35 59 51 73 53 47 73
2 17 40 73 76 77 58 47 50 54 59 78
2 18 87 27 30 31 27 13 48 14 46 43
2 19 74 44 31 47 22 39 27 19 40 26
2 20 16 85 48 82 66 88 42 48 85 56
2 21 1 97 65 78 94 55 63 49 66 49
2 22 72 33 61 35 43 16 16 51 40 42
2 23 14 78 90 79 72 76 80 58 86 61
2 24 41 57 62 78 54 36 49 69 62 68
2 25 24 72 84 53 63 42 49 74 84 83
2 26 69 61 57 60 37 21 49 39 31 30
2 27 58 58 52 21 23 40 32 32 54 64
2 28 64 19 51 21 35 34 23 46 28 46
2 29 27 36 41 65 73 83 56 56 84 49
2 30 30 75 70 36 74 79 78 41 76 69
2 31 1 97 99 62 56 58 56 94 95 80
2 32 41 72 40 56 72 67 74 52 60 59
2 33 42 38 52 65 70 52 35 69 43 52
2 34 65 63 42 53 32 48 45 37 46 59
2 35 4 97 74 48 55 94 72 57 91 88
2 36 80 26 27 30 18 59 24 26 40 22
2 37 94 6 15 41 30 37 25 26 36 19
2 38 81 51 47 58 18 11 31 9 30 46
2 39 26 42 78 80 60 54 39 59 36 77
2 40 84 12 55 22 12 51 12 34 42 38
2 41 13 61 78 45 46 84 86 76 77 90
2 42 23 74 54 80 44 72 58 57 43 50
2 43 25 72 42 70 77 71 39 39 43 76
2 44 16 51 88 90 76 80 91 73 50 61
2 45 77 58 24 49 18 22 25 14 44 59
2 46 43 37 77 33 65 68 58 38 51 32
2 47 49 47 60 36 62 73 57 51 74 51
3 4 16 79 87 56 65 88 42 91 76 51
3 5 65 30 52 57 42 44 23 56 44 19
3 6 55 37 41 37 36 29 58 59 44 63
3 7 55 52 37 24 59 40 33 26 67 56
3 8 5 68 56 85 87 81 67 85 72 53
3 9 94 46 18 47 33 18 44 8 42 3
3 10 71 24 33 57 55 44 22 35 52 22
3 11 72 45 31 37 48 48 48 62 25 34
3 12 26 39 81 45 50 70 84 52 70 60
3 13 41 72 53 57 40 74 77 38 54 53
3 14 94 33 44 18 24 36 31 5 26 29
3 15 9 52 77 72 72 67 69 61 80 52
3 16 42 43 33 34 41 72 30 60 68 75
3 17 49 74 46 57 58 50 47 60 62 65
3 18 21 52 89 58 69 59 56 62 55 69
3 19 83 55 41 21 11 51 37 56 28 24
3 20 43 48 37 73 42 71 28 65 42 61
3 21 17 59 86 63 81 63 47 70 58 70
3 22 99 33 8 44 29 8 15 44 4 34
3 23 59 28 25 36 64 60 28 38 53 40
3 24 49 41 44 47 49 43 63 47 27 35
3 25 86 38 25 35 40 35 6 8 27 37
3 26 20 69 62 50 40 82 56 86 58 40
3 27 77 23 53 15 21 41 41 35 36 42
3 28 19 83 72 88 42 89 88 55 45 47
3 29 39 37 47 68 70 52 73 69 51 41
3 30 29 41 48 50 46 78 45 36 73 41
3 31 89 22 22 9 47 44 37 5 14 7
3 32 49 47 61 62 73 43 27 74 47 31
3 33 1 55 97 92 59 60 95 90 79 87
3 34 61 58 67 27 53 21 64 22 31 41
3 35 40 65 55 36 63 30 40 65 58 51
3 36 5 49 61 59 70 66 61 87 53 69
3 37 41 55 51 69 55 42 32 51 49 62
3 38 51 40 50 36 53 35 31 58 28 67
3 39 39 41 60 70 50 51 46 34 57 39
3 40 75 59 39 38 19 47 30 13 20 56
3 41 0 89 74 79 75 86 75 61 66 83
3 42 77 30 43 21 52 51 29 35 32 51
3 43 2 52 90 54 69 81 51 55 84 90
3 44 68 64 33 30 57 47 55 43 64 62
3 45 12 44 85 84 46 53 50 55 88 58
3 46 9 70 87 86 53 50 52 83 55 50
3 47 99 4 4 27 40 28 49 26 20 0
4 5 98 39 4 8 36 44 18 27 3 0
4 6 24 41 56 40 65 85 64 45 64 49
4 7 47 30 35 44 50 42 61 29 72 67
4 8 12 50 46 62 53 54 88 68 53 60
4 9 32 71 53 64 40 77 64 61 46 70
4 10 6 92 89 86 88 93 85 83 78 59
4 11 33 43 70 74 59 71 63 66 38 68
4 12 48 66 35 60 40 37 74 61 47 32
4 13 72 17 18 46 60 41 52 15 46 31
4 14 42 30 44 39 30 52 43 66 51 29
4 15 24 61 44 61 50 81 83 79 78 71
4 16 42 53 50 34 50 47 50 56 42 40
4 17 11 92 46 65 82 66 64 91 50 79
4 18 41 47 41 63 32 62 77 46 65 30
4 19 1 92 86 92 60 56 96 80 91 51
4 20 34 40 80 62 47 49 41 55 68 45
4 21 77 11 23 52 46 45 19 35 15 22
4 22 9 74 59 60 56 58 85 69 82 87
4 23 23 64 47 50 61 70 51 84 45 70
4 24 22 66 57 45 44 68 74 75 59 48
4 25 82 9 9 44 25 44 24 52 55 13
4 26 18 40 49 41 53 56 89 66 49 77
4 27 44 68 63 65 54 67 66 30 63 29
4 28 55 45 25 61 45 37 30 51 30 46
4 29 86 42 28 25 7 24 26 8 7 49
4 30 90 53 43 15 33 51 32 45 35 50
4 31 22 76 75 79 85 54 51 77 39 54
4 32 68 55 53 57 34 59 37 55 20 33
4 33 24 84 82 62 58 74 46 59 55 85
4 34 46 72 55 66 67 50 68 32 51 58
4 35 32 65 37 44 54 39 49 35 59 63
4 36 76 21 25 35 23 27 26 33 50 56
4 37 51 33 57 53 64 44 26 39 44 69
4 38 44 75 51 66 40 46 67 75 31 51
4 39 10 75 76 70 92 61 86 85 54 69
4 40 77 33 52 23 51 25 25 14 41 54
4 41 87 54 48 12 29 37 28 25 38 15
4 42 83 57 28 28 30 29 26 12 54 39
4 43 14 53 82 67 87 48 64 77 80 83
4 44 62 44 22 21 64 42 65 59 39 37
4 45 0 60 60 76 71 54 80 55 59 97
4 46 25 77 86 84 80 85 64 76 46 85
4 47 59 31 48 41 25 20 44 53 22 38
5 6 51 41 36 36 42 40 31 30 27 42
5 7 77 35 35 53 26 32 33 12 31 35
5 8 26 57 81 52 37 58 60 68 49 49
5 9 82 32 25 49 51 17 36 56 35 36
5 10 64 51 67 47 47 28 54 61 27 44
5 11 89 52 39 10 12 29 43 26 49 41
5 12 2 77 83 95 72 73 83 74 98 92
5 13 23 78 49 63 73 57 83 63 71 70
5 14 43 34 33 55 51 75 60 63 49 67
5 15 85 40 53 32 19 21 51 18 55 25
5 16 77 44 22 43 40 23 43 34 29 46
5 17 11 88 81 52 51 51 78 78 44 77
5 18 94 8 4 49 16 23 34 12 19 39
5 19 37 58 33 69 68 49 44 70 47 76
5 20 35 33 82 47 56 76 54 72 70 38
5 21 78 42 28 23 18 23 40 25 50 32
5 22 22 42 59 48 68 83 87 68 78 75
5 23 43 61 50 39 46 49 62 46 77 77
5 24 74 34 30 17 39 27 17 15 42 30
5 25 71 28 36 56 35 24 49 32 32 20
5 26 77 33 60 29 18 28 32 25 31 54
5 27 56 56 32 50 28 40 52 61 30 29
5 28 52 53 55 26 38 73 32 36 48 72
5 29 89 40 18 50 31 15 5 6 27 12
5 30 81 14 54 39 28 49 37 18 31 36
5 31 15 54 68 82 58 60 80 88 86 53
5 32 9 50 88 78 74 55 55 90 47 46
5 33 90 45 11 33 17 7 28 9 33 28
5 34 49 62 45 27 40 59 69 26 68 48
5 35 31 59 75 43 79 53 52 49 49 65
5 36 41 56 57 73 34 60 75 76 40 38
5 37 4 62 88 84 48 60 65 80 61 92
5 38 56 55 26 29 42 29 54 41 44 45
5 39 14 90 67 45 62 56 91 77 63 78
5 40 89 13 43 30 43 14 36 17 19 50
5 41 73 33 62 52 59 16 21 62 41 44
5 42 92 19 27 53 16 35 32 40 25 51
5 43 48 67 32 26 35 65 49 55 47 64
5 44 69 63 23 43 29 21 59 39 18 42
5 45 54 41 67 42 26 26 48 38 70 51
5 46 5 82 77 48 63 87 81 54 81 54
5 47 37 54 61 67 54 57 45 40 51 51
6 7 41 54 70 69 31 62 63 71 45 52
6 8 95 16 25 50 25 13 13 33 36 22
6 9 73 42 42 34 35 53 50 23 50 49
6 10 19 79 44 76 48 83 50 64 76 45
6 11 26 69 82 53 69 84 61 52 68 66
6 12 35 58 57 48 51 71 56 66 57 51
6 13 43 52 60 73 33 50 63 52 59 31
6 14 27 45 84 60 74 73 72 81 53 76
6 15 96 43 11 35 41 34 4 28 31 8
6 16 52 67 47 50 48 31 57 56 24 67
6 17 63 52 31 48 18 37 66 54 29 43
6 18 41 63 47 66 51 78 56 60 65 48
6 19 98 41 30 44 12 18 43 2 31 17
6 20 81 15 18 53 13 43 40 52 33 29
6 21 68 27 31 64 42 63 65 37 33 26
6 22 13 48 46 77 80 90 70 62 71 67
6 23 44 48 29 51 76 52 41 44 36 44
6 24 25 43 47 84 84 68 74 64 80 84
6 25 78 41 54 21 51 46 48 52 57 50
6 26 66 57 49 59 17 25 36 43 26 56
6 27 68 20 47 29 65 52 16 36 43 55
6 28 50 50 47 49 56 28 57 33 36 71
6 29 48 55 38 31 50 73 61 66 45 64
6 30 35 61 32 68 34 41 68 80 54 52
6 31 76 34 54 57 38 42 26 56 46 34
6 32 5 70 96 64 49 97 67 67 51 89
6 33 16 47 77 46 47 53 73 43 84 59
6 34 61 61 55 61 62 52 27 49 58 20
6 35 79 31 10 36 45 27 26 25 37 52
6 36 74 43 26 43 37 62 23 39 39 13
6 37 97 8 11 50 25 20 46 49 9 23
6 38 31 81 78 68 69 49 47 60 36 76
6 39 89 10 7 21 43 47 21 44 22 28
6 40 18 79 85 44 47 90 81 60 67 69
6 41 92 23 4 24 22 43 45 7 8 27
6 42 65 62 41 61 47 39 23 28 31 56
6 43 94 28 45 14 5 17 3 46 28 17
6 44 31 65 39 81 69 46 53 34 44 66
6 45 15 82 53 53 72 80 89 88 47 72
6 46 16 54 72 52 53 44 58 56 66 78
6 47 32 57 37 79 66 44 39 83 56 57
7 8 31 65 61 42 71 72 84 34 43 76
7 9 35 49 39 37 71 68 51 78 37 54
7 10 31 40 37 43 43 79 43 43 40 68
7 11 45 45 75 68 75 46 32 71 27 46
7 12 84 45 44 49 15 53 11 40 31 43
7 13 85 10 51 26 25 29 30 31 51 23
7 14 88 49 9 52 39 31 10 47 17 28
7 15 11 77 66 82 70 61 73 65 69 88
7 16 21 81 41 63 54 86 81 44 79 75
7 17 76 54 53 41 55 22 26 31 22 19
7 18 14 74 53 80 89 54 89 67 78 71
7 19 25 71 58 49 74 64 68 51 43 81
7 20 13 45 55 79 49 78 64 75 73 80
7 21 57 32 27 25 44 59 28 65 38 68
7 22 83 13 27 25 55 17 35 56 9 18
7 23 8 66 54 80 78 94 83 94 82 68
7 24 97 11 29 6 15 5 46 22 19 46
7 25 69 28 26 62 59 31 31 29 34 22
7 26 29 48 72 78 76 78 42 83 76 66
7 27 13 83 53 83 90 72 71 69 62 43
7 28 89 6 41 12 29 21 17 52 13 15
7 29 72 27 29 53 59 56 56 19 35 40
7 30 49 60 68 72 72 61 57 26 36 70
7 31 93 11 23 36 46 38 51 33 43 10
7 32 22 56 77 42 42 65 71 72 78 55
7 33 53 67 54 68 34 62 32 61 42 44
7 34 72 52 55 43 17 56 46 62 48 40
7 35 85 44 20 34 21 28 32 28 52 7
7 36 79 16 60 51 26 19 58 57 27 23
7 37 28 41 61 75 46 56 65 68 35 69
7 38 92 38 25 19 46 28 4 51 16 3
7 39 61 53 23 24 49 30 61 44 54 59
7 40 44 59 58 30 36 73 28 28 29 40
7 41 8 77 61 46 65 53 90 68 94 74
7 42 7 58 86 71 76 74 71 71 77 55
7 43 60 69 69 45 42 33 43 25 45 69
7 44 62 66 49 60 59 49 30 37 33 64
7 45 51 69 59 39 27 38 49 68 45 37
7 46 40 46 39 56 71 30 54 63 67 63
7 47 68 59 17 40 54 30 26 31 50 47
8 9 28 41 50 51 79 84 74 81 36 77
8 10 65 21 47 21 27 22 55 26 43 38
8 11 78 36 42 16 28 54 25 15 32 43
8 12 69 54 55 43 18 24 64 42 39 52
8 13 14 73 91 47 69 91 83 44 60 73
8 14 52 37 48 71 52 68 51 70 65 68
8 15 43 35 29 54 42 29 31 56 76 77
8 16 0 97 82 87 74 90 58 61 78 73
8 17 7 81 70 95 78 54 93 68 54 76
8 18 87 42 55 12 33 40 7 18 49 55
8 19 87 9 25 7 42 18 44 29 48 51
8 20 16 83 57 60 83 82 87 79 44 75
8 21 25 61 70 50 77 48 54 60 58 59
8 22 0 73 73 67 81 94 85 90 94 92
8 23 20 43 60 77 65 64 81 69 53 49
8 24 1 93 50 81 64 94 66 50 54 89
8 25 5 78 79 84 78 86 48 57 50 73
8 26 50 54 44 26 63 56 69 38 68 57
8 27 25 55 72 43 86 42 64 67 65 52
8 28 29 62 49 61 41 66 61 52 67 75
8 29 29 65 46 84 79 71 70 66 65 60
8 30 7 91 47 75 52 51 52 57 92 51
8 31 59 23 25 65 50 49 46 44 69 59
8 32 23 62 39 55 48 53 82 57 84 48
8 33 86 16 8 30 30 52 38 15 42 16
8 34 94 7 38 17 36 23 30 42 7 22
8 35 76 30 13 36 57 38 27 31 21 33
8 36 29 50 56 69 44 84 36 61 54 46
8 37 83 32 53 34 29 12 56 15 36 13
8 38 86 31 47 28 44 38 27 34 19 27
8 39 54 27 71 37 51 68 37 23 55 56
8 40 1 56 86 98 49 71 98 97 92 54
8 41 38 47 34 78 79 36 61 56 37 43
8 42 32 82 56 53 67 77 50 47 70 70
8 43 27 78 50 56 49 50 67 38 73 83
8 44 54 26 56 70 66 71 32 71 35 26
8 45 0 55 66 53 92 77 52 85 92 76
8 46 48 61 34 62 68 39 50 58 48 42
8 47 35 40 73 78 75 75 56 51 76 33
9 10 32 82 72 72 70 52 83 47 35 66
9 11 4 93 58 49 81 70 97 79 88 65
9 12 52 25 36 49 38 25 47 34 42 67
9 13 4 62 70 78 76 58 63 63 54 78
9 14 65 36 51 35 40 51 55 47 35 64
9 15 61 63 50 56 52 21 22 62 19 25
9 16 93 34 6 15 40 46 37 23 9 29
9 17 36 50 51 35 41 33 76 41 35 41
9 18 98 16 33 19 34 45 16 8 9 13
9 19 59 52 25 32 40 25 35 49 69 53
9 20 45 61 69 70 43 57 76 55 40 52
9 21 86 41 35 40 53 37 11 45 37 12
9 22 58 49 57 57 61 25 65 46 53 66
9 23 61 48 21 34 43 62 47 67 23 54
9 24 39 46 47 46 40 51 48 69 73 67
9 25 17 67 57 59 70 56 77 42 76 90
9 26 75 21 35 18 35 41 20 21 34 57
9 27 43 75 37 31 77 70 54 68 43 71
9 28 3 67 77 97 61 56 59 77 82 78
9 29 97 13 15 1 13 41 36 37 16 41
9 30 19 47 63 80 79 46 89 73 48 79
9 31 71 15 54 51 38 48 41 47 32 25
9 32 51 36 24 61 47 44 71 34 53 66
9 33 22 78 79 83 48 50 77 80 81 72
9 34 0 62 96 55 88 63 78 95 76 60
9 35 4 88 66 80 97 74 73 52 76 97
9 36 61 66 44 57 64 35 59 19 60 31
9 37 59 32 33 21 63 57 63 30 38 52
9 38 12 91 47 91 49 44 64 88 53 88
9 39 91 50 11 12 20 5 27 43 22 40
9 40 7 71 68 66 71 76 52 55 46 91
9 41 26 42 67 77 70 39 37 81 83 56
9 42 77 36 17 42 58 51 48 47 47 28
9 43 25 57 73 40 66 67 48 72 86 42
9 44 34 32 39 53 61 68 79 40 70 34
9 45 74 54 46 41 56 60 25 24 21 52
9 46 81 39 18 26 37 30 19 51 20 52
9 47 30 38 64 56 41 77 44 46 46 55
10 11 87 31 12 36 35 22 32 13 25 21
10 12 97 31 27 11 10 31 26 46 43 33
10 13 13 67 79 54 60 64 49 45 89 66
10 14 44 47 49 67 59 61 62 39 61 63
10 15 47 56 34 39 40 57 31 67 67 75
10 16 58 51 63 25 31 24 29 40 56 28
10 17 98 25 23 6 30 10 26 15 13 6
10 18 71 15 24 30 60 64 58 25 23 58
10 19 37 50 38 75 60 51 32 79 46 77
10 20 19 49 87 46 74 44 45 55 65 51
10 21 15 86 48 70 62 72 85 84 78 51
10 22 92 30 44 30 13 14 22 6 25 11
10 23 84 38 10 18 12 15 8 45 14 52
10 24 73 59 36 55 55 22 21 53 47 30
10 25 98 16 44 5 24 40 18 9 41 33
10 26 62 47 22 61 29 20 45 50 43 29
10 27 27 58 50 71 62 40 77 73 64 77
10 28 56 28 26 28 32 63 47 52 28 54
10 29 83 25 34 58 10 55 15 27 17 9
10 30 70 22 57 57 25 24 32 44 30 63
10 31 89 32 44 45 55 52 53 15 34 5
10 32 13 79 86 66 51 66 75 49 86 51
10 33 54 25 58 69 45 55 42 34 69 47
10 34 79 45 20 35 14 12 42 44 13 49
10 35 92 12 19 39 48 33 31 34 47 29
10 36 10 51 76 58 87 48 75 45 57 47
10 37 42 48 63 72 61 68 37 51 69 55
10 38 28 69 57 66 62 38 64 65 82 74
10 39 51 51 53 37 58 57 59 29 41 30
10 40 40 42 44 74 44 51 49 53 58 35
10 41 38 77 70 78 75 75 40 79 72 74
10 42 25 51 38 54 86 43 40 47 73 74
10 43 84 14 36 54 39 50 12 21 16 20
10 44 60 68 63 50 55 50 58 29 44 43
10 45 13 53 63 81 55 85 87 92 80 59
10 46 84 33 35 56 14 48 35 42 32 44
10 47 66 25 48 44 28 17 30 64 48 52
11 12 96 17 26 37 36 24 23 39 41 41
11 13 79 30 43 59 31 17 30 11 58 29
11 14 31 76 76 78 51 56 55 61 36 81
11 15 14 64 55 47 64 46 66 67 59 61
11 16 53 33 47 54 65 26 40 30 54 24
11 17 66 58 30 37 37 48 42 65 31 65
11 18 53 50 72 52 62 66 49 53 56 29
11 19 78 29 24 23 60 32 46 36 48 35
11 20 24 52 48 41 60 46 39 60 67 75
11 21 58 35 53 39 29 66 44 43 34 24
11 22 19 64 53 50 90 89 56 43 82 57
11 23 4 69 73 91 76 89 63 71 52 92
11 24 40 68 41 72 79 52 43 43 66 56
11 25 55 52 66 32 67 68 67 42 37 24
11 26 76 44 26 28 38 47 44 45 36 33
11 27 84 45 42 46 20 48 15 15 29 54
11 28 96 42 9 11 40 26 14 31 30 44
11 29 69 56 29 39 62 54 37 29 19 44
11 30 89 50 45 48 19 23 44 50 48 7
11 31 83 30 12 46 14 49 26 49 28 10
11 32 95 46 39 41 21 38 30 21 19 29
11 33 56 58 44 26 69 63 69 61 33 28
11 34 82 8 41 15 17 32 49 38 25 17
11 35 7 56 88 91 54 76 67 81 53 75
11 36 28 66 38 74 77 61 37 38 45 48
11 37 87 10 18 19 42 41 42 10 19 39
11 38 59 40 28 31 24 21 45 41 31 59
11 39 44 33 57 41 52 36 39 65 68 34
11 40 17 88 85 70 65 64 61 56 45 78
11 41 82 44 56 21 29 31 40 53 41 18
11 42 22 55 72 87 78 55 78 76 42 49
11 43 27 44 74 38 69 61 72 54 58 43
11 44 81 45 46 33 30 22 30 43 50 23
11 45 97 9 39 8 48 41 10 26 13 6
11 46 49 67 26 53 41 36 31 61 32 61
11 47 54 54 47 43 31 50 43 51 54 40
12 13 55 45 45 54 32 50 32 54 61 24
12 14 58 31 53 45 22 55 24 39 26 52
12 15 31 51 42 34 44 53 55 56 48 80
12 16 87 28 55 55 7 38 32 18 47 43
12 17 63 43 30 66 68 54 49 18 39 55
12 18 37 51 59 71 74 57 34 50 43 73
12 19 10 68 75 88 89 74 77 58 74 55
12 20 84 12 49 10 22 25 20 30 9 12
12 21 13 87 57 58 67 83 79 78 85 63
12 22 58 31 32 59 42 46 31 63 30 38
12 23 48 72 41 47 66 29 40 60 28 70
12 24 54 53 33 28 29 49 69 70 42 46
12 25 1 52 57 69 87 88 90 60 93 99
12 26 5 81 75 48 77 78 67 68 90 79
12 27 80 44 27 20 41 28 25 18 21 45
12 28 54 63 57 69 69 71 57 61 52 55
12 29 6 87 69 53 60 87 52 84 74 61
12 30 61 69 35 55 40 32 26 46 33 63
12 31 16 41 77 80 58 60 60 48 87 73
12 32 71 61 21 26 22 59 36 28 58 28
12 33 70 38 33 29 42 42 63 46 41 23
12 34 81 49 58 9 49 49 45 37 44 13
12 35 41 52 76 32 57 53 72 43 39 45
12 36 99 22 5 44 25 16 10 47 5 1
12 37 92 50 7 42 52 18 25 38 5 16
12 38 86 49 10 34 42 16 11 38 19 39
12 39 74 26 35 31 30 25 39 25 29 48
12 40 3 81 89 80 96 54 60 90 56 96
12 41 17 63 57 70 53 83 79 72 80 77
12 42 48 45 64 71 41 63 67 62 40 38
12 43 30 84 62 82 75 78 35 66 45 60
12 44 80 47 16 43 22 55 33 58 31 10
12 45 50 38 52 41 33 39 66 44 63 57
12 46 70 41 60 53 34 34 44 23 48 20
12 47 74 21 48 13 29 62 32 56 20 30
13 14 47 75 44 28 66 50 50 50 56 47
13 15 81 18 42 50 19 10 13 55 42 23
13 16 28 78 36 62 38 70 58 44 70 46
13 17 46 29 76 63 46 30 49 44 63 39
13 18 48 69 27 27 69 52 70 45 55 34
13 19 4 61 54 62 96 71 63 78 93 76
13 20 40 66 50 37 42 62 77 39 51 48
13 21 17 69 52 70 84 87 56 56 44 80
13 22 23 74 70 86 68 64 57 49 80 47
13 23 44 68 34 28 75 72 51 30 45 39
13 24 17 81 88 57 57 53 53 80 65 47
13 25 15 53 43 90 72 63 76 59 79 91
13 26 90 30 41 47 22 13 51 45 26 49
13 27 2 49 78 54 97 56 70 50 56 80
13 28 75 12 58 22 19 55 18 50 46 54
13 29 86 54 12 50 17 36 36 52 52 27
13 30 27 38 37 57 46 53 71 57 84 78
13 31 66 44 25 20 18 46 64 41 56 39
13 32 3 58 59 86 96 50 76 55 81 51
13 33 79 22 34 49 27 16 40 59 21 31
13 34 24 47 50 84 43 68 37 65 67 48
13 35 25 80 67 61 75 58 41 55 74 82
13 36 70 40 29 37 15 39 26 46 39 53
13 37 21 61 74 74 86 81 49 46 42 48
13 38 36 34 62 61 32 38 45 40 33 51
13 39 60 47 40 64 38 60 44 63 58 59
13 40 4 52 89 79 72 50 92 80 58 50
13 41 46 65 54 41 75 50 52 43 29 53
13 42 21 70 84 76 66 61 76 76 52 64
13 43 31 83 72 44 78 70 42 56 79 52
13 44 93 35 24 18 18 10 23 18 22 25
13 45 9 84 69 84 71 65 78 55 56 89
13 46 20 80 60 79 56 41 87 64 68 64
13 47 23 73 48 84 60 47 78 49 78 65
14 15 17 44 62 60 71 76 81 50 57 87
14 16 54 41 58 62 39 40 38 54 45 65
14 17 26 63 49 71 43 49 54 82 50 62
14 18 39 60 64 38 57 72 56 32 44 58
14 19 53 70 69 46 63 38 25 70 67 41
14 20 42 52 43 51 32 31 55 75 51 50
14 21 77 20 43 22 38 19 54 25 19 59
14 22 94 16 36 28 12 20 49 36 33 13
14 23 42 32 45 45 64 60 77 74 77 74
14 24 17 89 83 56 44 42 66 58 59 77
14 25 0 86 56 96 70 52 99 97 88 54
14 26 62 32 44 56 58 49 23 57 50 20
14 27 83 51 36 48 37 13 14 22 23 11
14 28 73 54 52 25 50 40 54 41 30 62
14 29 36 54 56 43 61 48 73 38 67 53
14 30 54 71 45 67 70 45 60 71 50 43
14 31 54 50 50 30 56 48 64 37 28 50
14 32 1 68 54 69 83 88 52 89 55 84
14 33 56 32 42 39 59 32 49 68 39 56
14 34 8 53 82 63 63 81 56 77 63 81
14 35 90 16 45 30 10 31 19 52 18 20
14 36 54 57 36 45 51 42 55 50 69 28
14 37 35 54 74 67 72 56 46 66 62 45
14 38 94 6 25 17 50 49 43 48 28 16
14 39 61 52 67 54 47 61 30 55 38 40
14 40 41 65 49 70 51 45 62 31 60 62
14 41 56 22 56 56 52 55 47 66 45 71
14 42 3 90 88 55 49 78 59 67 63 77
14 43 19 84 73 54 68 66 53 44 47 50
14 44 23 77 61 74 84 65 64 83 73 62
14 45 54 59 70 30 27 62 32 24 59 59
14 46 82 41 56 10 10 26 56 44 34 37
14 47 75 24 51 18 40 24 38 14 43 14
15 16 96 20 21 36 42 26 23 19 45 32
15 17 21 53 67 61 74 72 72 78 83 88
15 18 40 63 57 69 31 34 68 69 66 46
15 19 50 31 29 39 65 47 63 25 36 35
15 20 93 49 15 30 44 24 29 11 17 21
15 21 79 45 34 28 11 24 17 26 42 48
15 22 39 54 47 59 31 37 65 71 59 68
15 23 13 60 68 76 80 67 68 69 85 49
15 24 68 31 48 27 42 54 61 63 39 58
15 25 39 63 44 34 32 69 50 55 79 58
15 26 89 9 18 18 29 22 54 28 25 35
15 27 65 24 42 19 30 63 61 30 38 25
15 28 53 53 70 63 34 57 59 59 66 63
15 29 76 49 49 44 47 34 12 28 33 25
15 30 9 77 51 65 60 84 53 83 48 85
15 31 85 33 24 36 54 29 22 16 10 34
15 32 8 46 50 72 94 69 50 56 56 48
15 33 20 59 43 54 76 43 74 51 75 66
15 34 73 37 20 36 52 60 59 21 45 52
15 35 78 13 44 28 28 37 24 45 12 28
15 36 23 40 57 49 86 68 48 72 71 76
15 37 18 59 72 78 41 88 49 71 89 74
15 38 85 28 23 33 32 24 18 52 44 24
15 39 18 84 84 85 71 42 51 84 69 82
15 40 85 31 31 42 22 23 30 20 17 8
15 41 57 63 28 53 24 70 53 30 32 67
15 42 38 74 46 40 56 37 35 39 41 40
15 43 3 74 82 61 94 67 63 62 67 91
15 44 7 95 64 54 69 49 64 89 96 89
15 45 97 7 41 24 32 35 35 1 50 47
15 46 92 27 41 39 13 20 19 31 5 12
15 47 99 1 12 24 13 31 2 15 39 28
16 17 81 20 16 22 47 35 43 36 33 14
16 18 50 30 53 69 59 56 53 47 57 29
16 19 12 64 86 86 61 63 63 90 61 49
16 20 83 30 20 15 49 17 37 18 56 33
16 21 74 56 24 39 14 13 33 57 26 37
16 22 7 69 67 94 57 47 86 78 47 87
16 23 35 81 34 63 45 76 76 70 73 67
16 24 43 60 31 73 43 64 50 52 39 70
16 25 25 52 58 76 78 74 78 53 45 82
16 26 85 46 15 56 35 9 51 37 12 22
16 27 49 35 47 31 56 34 43 34 73 64
16 28 60 47 36 48 61 21 34 28 42 41
16 29 53 34 52 59 36 43 24 44 47 33
16 30 57 59 27 57 53 39 45 21 32 29
16 31 39 80 64 62 65 42 32 42 30 34
16 32 37 64 59 56 40 32 80 62 41 34
16 33 8 66 85 90 59 56 74 85 80 49
16 34 51 38 70 67 73 56 39 49 62 29
16 35 63 57 63 31 57 33 33 22 21 29
16 36 95 6 26 23 21 24 19 12 39 3
16 37 89 51 22 37 31 39 32 41 45 17
16 38 66 45 18 53 17 19 62 60 38 30
16 39 29 74 76 53 61 40 73 42 76 80
16 40 18 84 64 88 48 84 74 83 76 72
16 41 50 53 49 74 50 26 29 63 52 29
16 42 92 51 4 40 36 31 19 47 13 12
16 43 35 63 63 48 33 80 46 41 39 42
16 44 38 44 74 53 68 33 56 44 70 37
16 45 40 59 59 53 37 36 58 72 71 36
16 46 14 57 74 58 88 72 77 85 46 48
16 47 68 54 33 49 32 26 37 53 64 26
17 18 64 56 34 54 58 51 67 19 59 24
17 19 64 61 41 64 41 29 54 46 26 62
17 20 68 42 37 50 28 56 22 15 24 60
17 21 18 81 52 66 75 45 75 59 50 45
17 22 67 18 38 64 27 17 21 65 51 28
17 23 12 73 85 57 44 76 88 51 74 70
17 24 31 43 65 62 80 51 75 45 71 59
17 25 42 56 75 32 29 31 64 37 78 34
17 26 21 57 58 72 52 85 57 78 83 43
17 27 34 34 46 82 82 60 62 56 51 60
17 28 2 97 50 94 69 98 50 50 95 78
17 29 95 23 25 29 24 25 18 22 16 25
17 30 93 12 42 36 47 48 24 30 32 36
17 31 25 45 42 42 55 53 58 38 74 52
17 32 0 89 68 52 99 96 66 99 81 64
17 33 22 47 77 75 84 65 39 42 80 80
17 34 3 54 51 65 91 93 53 92 88 52
17 35 11 89 85 54 82 70 61 68 57 80
17 36 28 61 36 63 65 68 39 82 69 44
17 37 83 55 22 45 42 47 28 11 24 43
17 38 9 66 46 66 69 59 61 83 69 53
17 39 49 65 26 61 52 36 27 66 41 39
17 40 12 92 76 72 57 53 85 51 51 64
17 41 54 23 44 35 52 59 72 61 59 63
17 42 33 37 49 40 63 43 34 66 67 44
17 43 20 55 40 85 86 57 49 72 87 72
17 44 98 8 35 46 43 2 35 41 18 47
17 45 81 30 43 51 42 45 20 42 14 10
17 46 48 53 73 68 65 36 71 66 31 66
17 47 42 48 44 46 30 70 67 53 45 36
18 19 88 48 15 52 42 46 32 38 49 35
18 20 41 60 32 42 36 64 37 56 58 29
18 21 39 40 60 65 41 69 68 80 44 52
18 22 30 82 37 65 42 44 39 53 37 64
18 23 36 49 50 43 67 81 50 45 47 51
18 24 35 72 66 73 62 71 34 39 64 65
18 25 48 43 63 27 37 75 34 41 48 43
18 26 70 19 30 47 26 24 37 43 37 51
18 27 5 91 72 90 72 68 85 74 84 70
18 28 55 30 43 29 53 47 25 58 54 62
18 29 66 31 45 18 24 17 17 52 51 62
18 30 69 56 37 15 50 51 63 52 28 56
18 31 72 40 17 14 41 49 40 23 62 19
18 32 50 48 35 56 67 38 61 59 59 44
18 33 70 53 52 64 29 34 29 33 31 55
18 34 38 65 48 46 57 58 43 35 59 40
18 35 25 75 59 56 70 48 38 71 43 58
18 36 43 30 38 58 52 75 68 49 30 61
18 37 23 85 52 69 46 63 73 44 86 67
18 38 38 69 76 53 49 59 61 68 31 62
18 39 77 30 57 32 52 17 48 28 17 14
18 40 79 57 42 22 38 39 42 51 36 41
18 41 61 52 62 51 59 56 65 53 55 36
18 42 24 82 62 47 59 38 68 44 77 40
18 43 62 20 61 36 29 57 44 60 39 44
18 44 80 18 41 50 22 20 55 26 23 28
18 45 50 49 63 44 60 74 45 47 45 63
18 46 15 48 87 79 53 73 56 47 80 50
18 47 78 34 54 19 31 56 60 48 32 40
19 20 25 64 51 73 61 60 43 42 65 56
19 21 98 26 48 22 43 37 13 50 38 14
19 22 75 26 43 32 56 37 45 37 35 31
19 23 46 39 36 52 51 49 59 74 72 43
19 24 85 48 53 31 34 54 17 11 26 46
19 25 81 37 26 20 48 42 28 20 33 37
19 26 88 24 53 21 40 16 20 33 47 9
19 27 88 36 32 20 15 33 22 30 45 19
19 28 31 59 53 52 40 36 38 81 56 70
19 29 73 16 55 25 31 52 27 19 39 23
19 30 40 41 39 45 44 75 48 36 67 39
19 31 21 46 88 79 52 87 61 49 52 44
19 32 93 21 32 42 42 6 35 5 26 46
19 33 78 46 22 50 59 37 36 35 21 27
19 34 48 61 44 39 30 55 44 75 44 36
19 35 38 71 51 35 66 39 76 50 79 39
19 36 11 66 77 68 79 89 86 84 60 92
19 37 50 57 61 71 58 33 73 46 69 56
19 38 10 83 47 73 61 50 94 55 94 70
19 39 68 19 43 60 42 22 57 18 26 23
19 40 7 66 90 80 79 73 71 66 65 74
19 41 46 34 63 73 28 39 64 30 71 70
19 42 13 69 51 59 78 45 66 74 80 72
19 43 83 48 26 42 20 30 40 39 29 11
19 44 6 83 79 72 50 77 63 56 70 72
19 45 16 61 78 48 91 68 42 58 69 42
19 46 68 52 21 23 52 37 17 23 61 16
19 47 54 26 72 58 27 43 42 41 64 68
20 21 3 57 72 60 91 95 51 87 71 50
20 22 34 69 56 46 77 66 54 52 80 78
20 23 63 47 49 58 30 36 18 65 28 19
20 24 89 29 54 27 18 54 13 42 12 10
20 25 56 35 35 37 23 25 25 24 42 40
20 26 37 49 33 35 52 33 59 65 66 65
20 27 71 47 25 19 32 52 31 20 38 26
20 28 43 50 71 46 59 75 63 29 51 72
20 29 52 31 26 53 31 57 32 57 26 55
20 30 0 98 85 85 82 87 74 55 55 81
20 31 44 64 34 76 55 37 31 44 30 56
20 32 24 78 64 78 44 46 41 74 84 47
20 33 90 41 28 5 32 28 31 52 26 18
20 34 97 4 19 7 35 34 13 37 27 1
20 35 41 74 57 41 36 68 70 54 50 79
20 36 88 45 29 35 34 23 15 7 38 46
20 37 28 67 43 43 56 71 78 79 46 62
20 38 6 79 69 84 71 93 74 94 68 55
20 39 82 45 36 52 36 15 43 46 53 26
20 40 85 35 30 28 27 12 34 40 54 35
20 41 74 49 60 33 21 58 16 39 29 19
20 42 29 35 67 39 69 55 71 35 40 57
20 43 19 67 76 56 52 85 40 69 79 86
20 44 23 77 59 55 86 88 56 60 39 79
20 45 46 60 70 65 60 56 61 70 75 49
20 46 8 65 53 56 91 50 95 90 68 91
20 47 2 97 57 49 70 77 73 85 87 56
21 22 30 64 54 48 71 62 73 65 64 78
21 23 60 61 68 60 24 35 33 26 36 44
21 24 36 42 40 54 77 46 78 49 54 50
21 25 51 39 41 74 59 26 31 73 26 55
21 26 76 23 24 29 38 17 14 18 14 17
21 27 89 32 20 32 55 19 49 10 50 23
21 28 59 28 30 68 36 66 27 50 50 28
21 29 57 63 39 38 57 39 63 55 49 46
21 30 40 33 44 57 56 70 77 43 77 59
21 31 99 17 26 4 23 16 16 2 50 43
21 32 59 46 37 23 23 61 26 53 44 23
21 33 45 72 40 41 33 73 52 65 34 54
21 34 42 74 63 53 70 52 40 61 31 35
21 35 30 63 41 46 50 40 76 52 46 41
21 36 23 42 64 81 80 84 40 49 82 78
21 37 4 93 85 96 78 55 89 92 66 55
21 38 62 36 38 31 51 55 35 24 43 46
21 39 82 19 21 16 27 23 48 28 23 47
21 40 15 88 84 70 58 47 91 68 87 72
21 41 7 67 59 88 91 75 65 66 55 95
21 42 12 65 75 73 54 85 66 90 50 62
21 43 44 60 32 38 61 63 61 41 39 64
21 44 84 20 12 13 35 23 55 15 48 35
21 45 64 50 19 34 65 63 60 64 25 18
21 46 38 66 79 69 33 34 36 47 65 50
21 47 71 41 30 27 63 21 52 29 33 59
22 23 88 7 13 35 46 32 38 54 40 22
22 24 59 57 29 31 52 25 62 44 41 29
22 25 21 59 70 56 55 86 71 68 59 61
22 26 24 85 77 75 62 52 41 41 60 51
22 27 26 58 70 43 86 79 57 62 41 79
22 28 44 61 44 35 44 39 51 76 38 29
22 29 8 49 59 70 64 67 64 63 67 91
22 30 29 74 43 60 39 84 42 75 80 72
22 31 30 52 37 65 76 42 43 57 54 72
22 32 81 36 42 31 27 18 28 33 22 57
22 33 68 46 59 17 32 27 64 64 51 62
22 34 37 76 37 70 37 65 37 78 46 58
22 35 19 59 40 44 88 49 81 81 73 59
22 36 12 61 64 71 63 90 85 55 93 75
22 37 88 16 43 33 9 6 15 20 46 25
22 38 69 22 15 53 60 46 50 24 28 38
22 39 65 28 61 40 35 58 32 37 34 29
22 40 82 34 22 33 24 10 36 33 42 53
22 41 54 59 69 34 68 32 64 39 36 66
22 42 51 54 63 49 47 67 72 40 47 65
22 43 11 82 78 86 92 57 85 91 74 71
22 44 81 46 37 15 20 50 11 53 33 25
22 45 72 50 25 18 43 22 17 58 38 42
22 46 45 76 52 72 65 34 37 43 49 66
22 47 53 33 48 46 26 49 61 73 26 37
23 24 62 50 50 66 27 41 57 64 23 24
23 25 59 23 41 33 44 45 69 25 62 50
23 26 31 54 47 54 48 44 74 57 81 41
23 27 3 74 96 84 81 82 61 91 70 71
23 28 44 54 56 33 30 69 34 69 51 58
23 29 77 27 48 55 53 19 28 56 55 40
23 30 99 4 49 5 32 17 10 3 5 37
23 31 1 83 77 82 76 85 72 73 94 87
23 32 42 44 43 53 36 78 33 40 66 75
23 33 45 28 38 34 32 46 29 34 38 68
23 34 85 43 45 26 12 23 37 47 26 51
23 35 82 27 52 37 53 30 47 11 8 17
23 36 9 60 54 73 53 48 74 52 72 61
23 37 54 45 45 50 46 51 52 46 28 66
23 38 98 22 8 21 37 31 5 2 49 10
23 39 96 44 21 20 40 48 27 16 6 28
23 40 18 74 64 58 81 78 60 42 73 81
23 41 56 30 28 32 33 24 32 23 43 40
23 42 10 56 46 87 67 86 83 60 49 55
23 43 93 51 24 49 17 24 25 22 47 17
23 44 65 53 22 52 42 46 46 55 20 20
23 45 91 7 26 52 47 21 38 14 25 25
23 46 28 70 67 64 47 41 83 66 51 38
23 47 69 25 41 31 23 33 59 44 44 49
24 25 93 18 12 52 21 27 53 46 4 36
24 26 60 65 41 63 65 43 65 29 67 31
24 27 75 17 45 54 57 56 44 13 42 14
24 28 53 68 64 70 54 43 62 62 30 47
24 29 76 53 28 51 39 14 45 57 61 16
24 30 25 77 74 81 75 51 56 56 85 71
24 31 20 68 71 54 54 50 48 43 84 86
24 32 84 41 31 55 24 21 32 53 57 46
24 33 8 94 45 47 87 48 56 92 58 52
24 34 77 50 24 12 54 19 35 40 46 20
24 35 27 51 84 46 40 55 82 57 48 60
24 36 82 8 50 11 15 18 19 14 10 41
24 37 75 27 40 38 29 36 46 46 33 18
24 38 99 23 38 40 15 25 33 22 42 34
24 39 98 3 25 13 22 6 10 48 15 5
24 40 68 31 58 34 40 45 64 34 19 29
24 41 22 65 51 85 41 88 87 61 47 41
24 42 45 73 56 40 32 27 65 45 54 61
24 43 51 32 63 38 42 60 63 49 38 65
24 44 88 54 51 18 30 28 28 28 43 29
24 45 18 68 62 42 44 41 71 54 76 50
24 46 58 50 55 30 67 49 37 46 41 23
24 47 32 65 57 36 74 71 35 68 79 65
25 26 26 71 52 50 43 65 37 39 42 66
25 27 30 73 54 65 62 53 67 41 56 64
25 28 53 68 27 57 46 46 59 28 41 60
25 29 87 44 49 10 45 7 18 16 54 43
25 30 64 58 26 22 50 25 18 50 62 65
25 31 25 40 51 70 50 53 38 46 51 73
25 32 85 18 51 16 17 26 48 41 42 36
25 33 40 42 49 68 52 40 34 56 45 29
25 34 45 62 35 35 29 70 63 66 47 33
25 35 1 56 59 78 50 80 49 66 76 65
25 36 14 58 77 89 68 44 69 55 53 87
25 37 26 53 39 85 62 47 57 44 67 38
25 38 16 90 74 69 83 45 90 46 83 77
25 39 87 19 42 38 12 13 48 47 45 53
25 40 36 42 36 57 56 74 42 80 50 49
25 41 44 32 52 62 59 43 45 33 39 65
25 42 9 65 90 55 89 62 62 48 86 91
25 43 34 37 38 47 72 78 58 65 82 47
25 44 70 32 61 23 37 37 56 21 52 19
25 45 4 91 59 71 87 50 91 79 58 84
25 46 33 77 81 61 79 70 40 67 47 41
25 47 24 80 45 41 56 41 82 51 43 71
26 27 41 78 65 34 47 78 65 39 44 43
26 28 36 35 81 55 36 66 50 53 72 33
26 29 47 53 26 55 54 67 73 60 27 56
26 30 43 52 29 52 63 30 57 64 76 34
26 31 51 41 66 52 58 47 62 65 28 40
26 32 93 27 12 48 48 30 34 5 5 41
26 33 99 40 22 49 36 9 6 47 10 34
26 34 66 44 53 16 61 28 18 64 36 17
26 35 92 47 38 15 30 19 9 13 9 15
26 36 14 78 66 48 76 66 89 69 92 91
26 37 26 62 59 38 52 45 41 69 72 55
26 38 45 47 43 49 64 28 42 39 36 28
26 39 31 74 45 67 36 44 65 67 84 81
26 40 38 30 47 33 46 51 34 78 65 58
26 41 29 82 69 47 82 58 83 79 53 57
26 42 10 86 89 67 61 69 50 60 55 65
26 43 24 45 65 56 83 38 79 46 69 38
26 44 95 38 2 23 5 7 51 9 33 41
26 45 11 66 72 56 52 93 87 72 57 47
26 46 82 19 27 14 12 41 29 21 49 14
26 47 40 68 39 32 30 57 60 44 69 70
27 28 56 30 41 56 47 71 37 55 32 63
27 29 29 59 70 77 58 40 80 51 39 58
27 30 55 48 47 34 52 22 55 70 22 57
27 31 79 18 59 30 40 22 20 26 17 51
27 32 9 52 48 53 89 46 59 47 65 75
27 33 49 56 73 32 26 49 63 43 28 56
27 34 65 64 34 21 49 57 30 60 38 38
27 35 39 69 53 66 73 37 79 33 51 65
27 36 34 48 57 52 65 50 76 59 79 73
27 37 23 39 41 45 49 86 58 72 52 54
27 38 16 48 66 60 49 59 58 60 68 41
27 39 82 12 15 38 39 41 53 41 55 21
27 40 96 41 7 16 22 20 34 26 7 20
27 41 85 10 10 32 9 56 10 55 26 44
27 42 26 86 66 47 69 54 66 50 72 52
27 43 62 37 35 45 38 47 29 61 52 60
27 44 56 22 25 56 59 56 34 50 64 42
27 45 98 36 30 18 27 4 20 7 50 37
27 46 27 53 53 59 39 42 42 49 50 64
27 47 31 40 65 65 84 80 46 78 73 65
28 29 4 72 61 71 57 64 92 85 75 67
28 30 10 58 92 75 73 75 91 58 67 87
28 31 95 22 41 24 50 14 18 41 5 42
28 32 55 57 43 36 23 28 59 26 50 25
28 33 17 63 45 50 87 42 65 87 87 73
28 34 44 32 71 72 51 42 54 53 76 42
28 35 36 79 77 56 76 76 65 79 41 65
28 36 19 71 61 47 62 84 65 55 40 74
28 37 65 48 36 50 38 50 45 61 59 31
28 38 90 28 12 50 39 40 18 29 50 35
28 39 94 22 35 6 25 22 38 41 25 50
28 40 16 84 46 62 63 77 43 79 79 65
28 41 60 30 54 40 41 30 33 64 35 49
28 42 17 71 55 87 57 86 42 90 69 42
28 43 8 65 65 64 88 46 90 68 58 64
28 44 44 67 29 77 44 29 47 65 59 50
28 45 25 44 43 69 39 63 67 79 47 73
28 46 49 64 72 38 34 63 50 61 48 37
28 47 91 21 6 44 28 6 45 27 38 42
29 30 72 45 34 52 25 25 52 48 44 41
29 31 85 24 21 26 32 40 23 53 7 35
29 32 57 66 28 36 68 46 33 53 56 33
29 33 90 32 49 28 30 11 15 53 32 27
29 34 17 47 70 69 53 83 76 63 47 83
29 35 38 73 38 69 79 32 34 74 62 52
29 36 73 54 49 27 18 40 24 32 30 44
29 37 94 50 40 51 9 34 4 40 32 7
29 38 74 62 15 49 31 22 55 28 23 50
29 39 84 15 49 53 32 53 52 13 28 31
29 40 28 81 59 36 63 47 70 68 61 69
29 41 24 53 82 54 81 85 43 47 48 79
29 42 0 80 96 51 71 71 79 54 51 90
29 43 49 53 63 27 64 42 38 37 38 73
29 44 65 65 25 19 52 30 34 39 60 26
29 45 89 33 52 10 45 18 7 42 39 45
29 46 86 42 7 18 44 29 36 38 16 27
29 47 97 15 25 23 26 23 35 27 25 20
30 31 11 56 80 92 71 54 56 52 72 71
30 32 65 27 58 21 26 55 66 31 35 45
30 33 99 41 36 41 28 28 35 4 44 25
30 34 46 73 59 71 50 30 49 30 63 44
30 35 61 42 34 22 61 19 41 58 26 66
30 36 46 75 68 60 69 65 40 53 55 50
30 37 36 73 32 76 77 32 80 39 58 72
30 38 56 58 57 26 44 48 38 25 40 34
30 39 77 11 30 32 30 52 55 27 48 53
30 40 1 90 87 64 91 49 85 71 91 81
30 41 58 33 50 53 48 26 24 56 29 53
30 42 2 48 78 85 58 62 55 63 96 80
30 43 44 50 67 61 31 62 53 48 70 39
30 44 3 56 70 78 82 78 58 91 87 77
30 45 55 43 62 57 40 36 50 36 28 26
30 46 30 83 40 46 51 62 43 75 64 60
30 47 99 21 3 25 47 22 22 41 23 28
31 32 54 52 47 53 37 60 58 62 36 26
31 33 76 52 48 32 44 27 56 52 12 20
31 34 63 44 34 61 50 23 67 61 43 44
31 35 14 74 60 78 79 57 66 63 52 44
31 36 52 44 47 69 49 42 73 39 56 25
31 37 22 55 65 86 77 41 62 46 84 58
31 38 59 45 21 23 57 25 35 26 65 21
31 39 5 84 67 53 49 88 75 69 83 93
31 40 79 36 11 43 47 14 39 58 18 56
31 41 52 59 61 66 36 66 25 38 42 69
31 42 95 51 6 34 20 32 14 14 23 17
31 43 73 24 14 20 37 32 15 58 28 62
31 44 10 93 77 94 72 92 48 70 80 94
31 45 77 13 26 22 49 40 35 47 54 27
31 46 56 35 33 70 61 47 42 33 71 29
31 47 21 49 73 44 40 45 66 45 57 51
32 33 80 12 41 46 30 38 18 24 44 56
32 34 21 54 70 46 65 62 45 74 64 66
32 35 80 47 45 58 28 55 48 46 33 39
32 36 7 74 83 94 84 80 90 67 60 86
32 37 26 84 45 84 37 62 62 68 74 58
32 38 42 51 62 33 40 74 66 51 52 66
32 39 14 79 83 62 49 65 64 43 63 85
32 40 65 65 54 63 42 44 43 41 36 52
32 41 10 67 65 94 66 46 49 89 51 73
32 42 29 61 78 60 52 68 68 81 41 72
32 43 88 46 31 32 48 30 28 52 6 18
32 44 71 21 63 54 25 61 32 55 41 35
32 45 92 4 45 32 14 15 49 9 9 40
32 46 60 23 54 31 50 48 59 36 29 28
32 47 15 47 92 78 56 81 87 47 75 88
33 34 37 43 44 44 72 61 62 54 53 64
33 35 88 44 31 40 47 12 28 29 22 28
33 36 15 70 65 79 73 88 54 64 67 76
33 37 84 30 50 43 51 10 10 8 51 51
33 38 92 19 24 10 6 8 43 37 46 43
33 39 44 44 54 53 39 43 35 36 50 48
33 40 40 77 72 59 71 41 46 69 75 72
33 41 86 43 15 27 48 53 14 50 30 28
33 42 7 71 75 79 70 86 70 76 55 59
33 43 93 46 4 32 36 52 35 39 24 33
33 44 89 40 16 42 48 25 31 7 25 29
33 45 92 35 25 50 40 19 6 31 46 7
33 46 48 74 38 26 29 31 48 55 36 72
33 47 13 47 92 52 65 84 89 91 78 80
34 35 83 17 16 34 14 18 14 44 53 11
34 36 85 25 26 42 48 33 15 52 19 39
34 37 33 81 36 78 36 45 70 58 59 49
34 38 18 60 42 64 68 58 44 74 54 81
34 39 77 30 51 38 52 55 43 30 49 50
34 40 27 64 77 64 40 37 52 78 72 43
34 41 8 90 73 82 56 59 64 63 63 47
34 42 27 48 74 60 49 77 47 37 81 39
34 43 17 87 46 58 43 74 88 57 89 69
34 44 16 81 86 79 80 85 79 59 69 55
34 45 18 64 69 42 66 50 66 46 67 74
34 46 76 53 60 58 28 21 40 16 36 51
34 47 47 39 74 41 59 35 55 60 53 65
35 36 30 46 74 39 69 57 52 71 39 79
35 37 50 45 74 56 51 71 33 54 42 40
35 38 65 38 35 57 21 24 65 62 42 50
35 39 34 74 34 80 34 56 78 46 72 62
35 40 34 73 66 56 42 48 67 72 71 43
35 41 67 60 43 41 47 51 65 39 28 43
35 42 65 46 45 58 47 26 63 55 57 57
35 43 12 63 89 51 63 81 89 80 48 80
35 44 49 33 74 65 47 66 42 27 28 36
35 45 74 56 22 61 47 35 43 51 45 13
35 46 78 40 55 47 26 16 37 19 52 29
35 47 73 62 50 41 52 36 43 20 39 35
36 37 72 49 26 52 19 30 14 63 27 61
36 38 46 43 59 32 55 45 64 68 43 66
36 39 46 72 75 70 66 49 35 31 48 76
36 40 15 86 49 61 74 53 67 84 77 52
36 41 34 77 43 50 41 40 43 67 79 63
36 42 27 42 82 69 76 60 59 37 44 81
36 43 2 80 90 94 94 92 49 93 60 70
36 44 8 49 79 76 82 52 93 57 58 58
36 45 53 43 53 23 48 33 33 23 50 23
36 46 43 75 69 76 64 39 29 50 76 58
36 47 94 45 17 20 28 19 6 6 18 4
37 38 54 38 46 67 33 59 30 36 52 60
37 39 61 21 25 27 63 51 58 46 54 32
37 40 58 50 64 65 43 22 30 33 34 51
37 41 4 80 54 54 59 79 54 67 97 87
37 42 19 79 46 44 84 53 57 72 71 74
37 43 8 58 52 55 45 71 50 67 94 51
37 44 19 65 66 60 40 52 78 44 89 53
37 45 91 31 44 24 8 30 37 14 33 23
37 46 53 64 42 55 47 50 52 62 28 56
37 47 50 61 70 32 28 58 39 32 62 30
38 39 56 47 36 26 38 58 44 43 61 38
38 40 1 79 53 58 75 85 92 95 93 79
38 41 77 16 37 36 49 33 21 35 55 20
38 42 32 39 46 56 80 49 74 81 40 80
38 43 89 41 25 6 29 51 30 19 31 52
38 44 37 74 78 66 63 71 57 72 53 56
38 45 35 75 47 37 44 75 51 61 45 66
38 46 26 48 37 42 78 53 55 72 49 68
38 47 33 55 60 42 64 38 67 62 73 58
39 40 25 85 59 79 79 78 49 63 51 68
39 41 65 33 35 44 64 37 18 21 24 48
39 42 24 73 78 68 76 64 54 65 62 41
39 43 43 67 38 58 51 63 48 72 35 62
39 44 41 54 52 48 56 53 37 42 46 41
39 45 73 49 28 32 56 59 46 40 32 40
39 46 43 61 43 48 60 74 59 47 45 68
39 47 44 38 36 63 71 56 55 57 28 34
40 41 84 39 38 48 8 40 41 35 18 30
40 42 31 40 43 58 49 83 37 69 76 64
40 43 16 69 54 76 62 82 73 66 64 85
40 44 86 51 40 38 25 13 35 17 34 30
40 45 73 38 26 58 37 30 19 23 60 60
40 46 65 20 64 43 58 29 64 23 38 44
40 47 61 44 22 34 34 62 68 48 46 34
41 42 55 33 60 27 29 39 60 26 40 25
41 43 73 34 44 22 49 52 31 29 14 41
41 44 22 62 54 40 63 83 40 65 64 39
41 45 43 70 42 63 45 38 68 64 65 54
41 46 66 47 65 35 28 37 24 35 37 38
41 47 97 38 2 9 31 15 5 13 38 13
42 43 47 31 32 41 46 46 64 71 67 71
42 44 6 95 63 72 70 59 48 81 60 47
42 45 45 38 43 42 56 51 54 75 40 67
42 46 29 58 69 46 75 45 48 57 84 72
42 47 13 81 77 61 74 67 68 91 72 58
43 44 91 38 26 32 4 39 35 27 24 46
43 45 49 61 70 41 42 32 39 51 41 48
43 46 59 39 55 24 68 40 58 46 21 35
43 47 66 63 28 56 47 28 28 54 19 52
44 45 36 45 43 40 56 54 50 63 45 62
44 46 5 76 74 73 65 86 79 75 47 84
44 47 56 44 59 62 70 55 50 54 40 65
45 46 80 50 59 13 16 39 24 26 55 51
45 47 66 22 21 46 25 38 47 42 30 31
46 47 54 41 70 49 30 69 32 43 40 68
