48 10
0 0 0 0.25 0.25 0.25 0.25 0 0 0 
0 1 11 65 71 73 47 56 94 69 52 28
0 2 49 64 65 14 49 81 53 37 22 77
0 3 58 83 45 45 50 75 20 55 31 8
0 4 51 88 28 23 36 19 87 85 49 74
0 5 35 20 29 55 76 47 52 75 49 91
0 6 90 54 2 17 73 18 3 49 4 39
0 7 67 23 81 31 10 49 60 53 47 21
0 8 89 50 66 8 47 61 24 72 16 17
0 9 8 55 53 65 40 86 54 68 79 42
0 10 34 59 21 77 19 17 66 74 43 80
0 11 52 14 67 42 71 55 51 54 29 68
0 12 5 87 59 55 80 78 24 55 44 48
0 13 6 97 35 20 23 43 38 61 96 80
0 14 48 14 84 85 84 10 38 47 43 31
0 15 84 6 31 49 7 62 19 29 4 24
0 16 88 14 44 60 63 50 60 6 61 76
0 17 83 82 16 26 37 39 33 31 47 66
0 18 23 63 87 30 69 55 18 47 91 29
0 19 90 42 62 40 25 36 26 33 72 23
0 20 46 28 69 22 79 68 71 65 16 28
0 21 69 74 44 77 84 50 45 85 79 54
0 22 50 17 28 38 16 72 83 54 76 32
0 23 89 2 17 26 61 44 13 21 73 4
0 24 69 49 50 10 68 64 63 45 56 79
0 25 84 44 51 49 26 65 68 59 57 12
0 26 58 60 84 75 56 11 79 45 23 81
0 27 35 22 30 45 41 41 47 67 57 86
0 28 2 90 45 44 50 70 73 92 56 40
0 29 5 58 80 80 71 59 32 20 30 98
0 30 14 96 89 94 82 90 59 61 21 19
0 31 78 67 75 38 9 35 84 78 13 57
0 32 39 65 14 29 20 65 42 39 24 60
0 33 41 49 40 76 70 64 20 56 55 28
0 34 14 58 56 41 70 21 77 33 32 26
0 35 74 51 8 54 82 22 63 67 10 32
0 36 20 39 27 38 58 17 24 95 94 52
0 37 1 76 44 76 27 27 39 81 31 61
0 38 0 56 75 59 30 71 20 50 39 20
0 39 45 61 49 60 35 49 13 71 12 14
0 40 33 17 15 22 35 41 82 81 43 44
0 41 80 50 55 60 4 36 15 74 53 47
0 42 43 36 29 88 55 80 12 31 16 60
0 43 66 70 28 41 20 80 79 41 27 64
0 44 73 21 16 47 60 77 69 36 77 21
0 45 1 21 97 26 71 46 57 74 43 82
0 46 61 26 84 16 24 20 71 53 79 35
0 47 86 18 81 78 49 32 79 31 22 46
1 2 63 19 40 41 16 56 80 20 30 10
1 3 74 36 36 68 62 81 16 35 48 38
1 4 38 57 37 54 13 66 43 49 50 19
1 5 54 13 41 62 24 87 81 12 23 30
1 6 66 84 18 12 31 86 64 49 14 37
1 7 21 29 51 72 21 19 84 66 38 31
1 8 22 75 95 22 21 25 89 26 49 73
1 9 18 76 70 24 95 54 37 59 22 36
1 10 91 36 2 12 2 76 44 79 32 79
1 11 86 49 12 11 54 78 21 6 12 79
1 12 44 19 63 43 11 33 39 54 66 90
1 13 23 79 22 18 69 79 59 57 86 80
1 14 4 56 92 54 82 33 89 52 77 27
1 15 19 74 93 44 55 92 60 28 81 84
1 16 54 57 56 15 83 76 28 53 61 72
1 17 30 79 66 52 39 56 62 65 18 44
1 18 24 77 24 42 41 77 92 31 78 47
1 19 59 13 18 61 67 36 65 58 54 75
1 20 2 46 83 25 43 38 57 42 98 58
1 21 0 69 88 87 57 71 25 56 81 72
1 22 72 75 34 64 26 36 27 15 8 28
1 23 89 31 53 46 18 69 56 69 69 45
1 24 40 30 33 86 80 25 25 67 33 89
1 25 82 20 45 79 20 35 82 35 67 24
1 26 83 53 42 70 73 81 81 32 48 28
1 27 87 4 60 51 64 75 16 31 71 75
1 28 13 18 32 63 73 60 64 86 44 38
1 29 98 52 30 61 35 11 24 4 50 15
1 30 14 19 57 52 71 41 40 61 91 26
1 31 37 53 48 81 87 86 46 69 55 71
1 32 81 80 15 11 20 9 42 29 37 78
1 33 16 91 62 52 71 61 57 26 27 56
1 34 52 75 49 32 16 53 79 71 14 84
1 35 45 47 21 27 62 26 84 89 38 77
1 36 65 37 39 66 76 36 80 74 10 86
1 37 42 62 66 38 38 51 39 42 24 74
1 38 38 90 75 84 45 54 57 34 31 31
1 39 86 36 7 28 22 30 58 43 9 76
1 40 11 35 62 44 23 61 85 78 22 20
1 41 96 2 62 62 56 54 60 72 23 40
1 42 97 6 12 43 44 47 76 79 32 69
1 43 74 40 84 60 33 35 76 50 55 7
1 44 48 14 17 37 89 56 60 83 85 22
1 45 64 67 48 65 41 81 38 8 28 54
1 46 28 26 36 67 64 25 88 72 73 61
1 47 64 83 7 52 7 75 10 82 83 74
2 3 19 20 57 70 36 66 36 32 50 61
2 4 9 87 22 46 18 81 73 35 85 31
2 5 19 76 36 31 16 87 89 90 40 93
2 6 14 62 49 72 23 60 45 57 72 43
2 7 46 47 45 21 27 70 61 24 58 35
2 8 94 59 20 3 21 62 72 4 66 72
2 9 63 11 85 41 54 15 58 48 34 37
2 10 83 66 46 78 59 10 49 46 35 60
2 11 79 74 4 28 58 75 22 37 48 75
2 12 9 45 62 63 89 39 52 97 93 62
2 13 91 9 80 72 50 69 2 54 12 42
2 14 93 55 9 52 32 73 45 46 35 64
2 15 29 35 26 78 66 21 64 26 62 92
2 16 98 35 12 78 38 51 55 37 66 1
2 17 66 58 41 10 55 6 50 59 42 79
2 18 91 77 33 47 67 72 22 78 12 6
2 19 54 9 85 86 10 18 86 77 71 61
2 20 83 38 53 35 65 70 24 60 31 5
2 21 52 88 61 23 47 10 47 67 13 14
2 22 8 26 60 52 46 58 97 67 90 95
2 23 78 50 65 28 9 41 59 22 73 32
2 24 20 85 41 27 56 27 43 51 38 74
2 25 44 82 89 58 63 63 46 65 82 49
2 26 36 74 55 91 15 31 18 45 80 30
2 27 18 38 66 19 20 84 59 36 92 50
2 28 11 80 31 72 25 65 67 25 53 30
2 29 71 62 38 36 18 45 56 30 83 57
2 30 78 58 82 77 58 39 69 26 65 56
2 31 19 38 73 37 80 81 48 46 63 16
2 32 93 4 31 25 16 15 46 26 69 10
2 33 51 42 25 35 28 21 30 32 43 12
2 34 84 8 22 13 31 82 5 52 54 61
2 35 11 57 32 29 56 55 85 24 50 94
2 36 6 73 65 30 42 98 54 24 29 33
2 37 79 24 57 24 58 81 72 18 35 25
2 38 61 66 56 76 67 64 37 24 43 70
2 39 25 45 71 64 83 53 52 80 30 38
2 40 66 12 14 81 38 53 36 47 17 74
2 41 79 50 10 35 7 73 62 51 34 26
2 42 64 30 58 41 51 57 20 7 77 19
2 43 27 74 72 71 33 90 67 69 82 65
2 44 98 34 78 46 51 33 47 22 69 65
2 45 33 41 88 79 23 42 66 60 68 25
2 46 32 78 62 84 13 57 86 17 90 24
2 47 17 58 45 91 19 39 33 46 93 89
3 4 60 34 73 17 57 49 82 48 71 54
3 5 3 76 21 53 62 49 86 49 22 65
3 6 46 17 27 82 90 11 67 27 41 52
3 7 42 47 74 14 58 59 39 45 35 27
3 8 98 0 1 50 51 47 4 23 24 20
3 9 20 69 83 46 74 29 80 58 74 22
3 10 3 71 56 60 28 88 85 35 91 48
3 11 65 83 76 78 51 58 58 37 42 25
3 12 61 86 65 29 21 57 11 13 20 48
3 13 48 60 33 18 51 53 71 28 79 63
3 14 76 21 74 83 15 4 49 44 80 72
3 15 56 24 55 11 88 82 30 84 64 31
3 16 0 56 93 40 55 76 21 75 66 81
3 17 88 51 9 26 35 46 74 15 40 30
3 18 89 69 10 54 52 69 27 43 41 22
3 19 71 56 26 44 80 46 83 11 13 23
3 20 98 41 19 74 60 29 63 51 15 23
3 21 77 24 60 77 72 74 19 32 45 38
3 22 58 49 56 49 47 81 65 85 67 45
3 23 74 16 58 6 70 57 21 12 73 63
3 24 18 60 20 59 24 48 68 79 31 87
3 25 22 86 69 53 87 79 93 70 93 53
3 26 78 69 20 33 14 39 39 56 42 72
3 27 22 74 84 91 39 53 29 58 40 19
3 28 55 80 59 63 70 38 23 20 30 34
3 29 57 57 87 32 29 50 61 55 45 33
3 30 65 78 12 71 82 18 72 27 38 73
3 31 24 36 46 51 86 36 22 16 93 67
3 32 53 33 70 69 37 35 87 32 33 62
3 33 78 63 37 58 44 24 10 72 56 20
3 34 32 40 14 87 31 78 51 38 21 27
3 35 92 79 1 49 76 24 74 9 58 27
3 36 82 19 22 41 5 20 12 64 53 59
3 37 93 5 68 9 32 17 39 33 11 62
3 38 64 31 31 65 61 55 72 73 50 15
3 39 57 88 40 63 68 57 17 31 64 30
3 40 31 59 24 91 85 84 29 77 31 59
3 41 94 52 34 49 42 48 78 66 6 57
3 42 26 37 87 38 87 53 90 44 67 43
3 43 91 6 73 51 30 76 57 37 5 8
3 44 32 84 16 74 23 71 23 89 30 49
3 45 0 69 33 21 58 96 51 85 90 62
3 46 92 78 38 47 20 69 70 76 56 63
3 47 12 40 73 92 64 72 79 63 37 60
4 5 48 81 11 85 53 36 65 49 38 61
4 6 34 16 55 47 68 51 48 63 68 60
4 7 22 38 37 73 47 50 58 70 55 18
4 8 23 78 83 27 54 26 44 29 15 66
4 9 46 50 55 71 86 36 19 34 37 80
4 10 28 21 40 76 91 71 54 63 62 59
4 11 71 72 44 18 67 22 56 49 43 12
4 12 3 43 73 81 19 23 40 91 65 50
4 13 59 55 51 82 78 63 10 87 13 9
4 14 43 22 31 68 21 75 58 57 71 59
4 15 68 41 85 22 26 33 81 54 54 20
4 16 51 41 54 69 21 14 76 48 40 63
4 17 17 24 54 49 91 82 21 85 19 36
4 18 18 37 84 69 19 22 26 58 36 39
4 19 74 13 50 53 18 83 32 19 26 74
4 20 19 43 18 74 68 26 83 35 36 68
4 21 34 35 53 50 58 70 24 60 56 45
4 22 10 52 47 65 21 19 58 83 23 42
4 23 50 13 66 53 64 16 61 21 74 62
4 24 37 91 26 59 64 80 73 75 25 75
4 25 26 85 59 72 46 40 71 35 36 92
4 26 76 83 63 15 83 54 71 58 81 52
4 27 74 35 39 80 62 49 48 59 58 33
4 28 38 24 67 70 56 46 56 73 88 55
4 29 52 33 51 69 51 39 58 51 31 61
4 30 17 30 25 53 17 77 36 39 64 32
4 31 60 65 61 11 67 17 26 65 49 10
4 32 34 17 44 54 73 30 86 74 88 29
4 33 26 16 71 42 40 57 27 62 36 32
4 34 9 26 50 66 70 22 72 23 96 30
4 35 83 43 3 36 52 73 14 66 42 19
4 36 74 17 28 51 27 70 83 38 32 47
4 37 50 76 83 45 81 24 14 52 72 76
4 38 84 74 71 10 68 14 68 29 18 44
4 39 4 52 95 92 81 54 49 59 75 79
4 40 26 80 51 24 63 48 71 37 77 17
4 41 56 61 37 34 59 51 47 65 27 17
4 42 93 47 33 71 68 37 77 4 57 79
4 43 71 17 66 55 75 19 74 72 77 22
4 44 38 89 74 28 69 90 80 48 60 81
4 45 12 37 61 72 56 55 35 37 36 32
4 46 0 35 67 34 26 54 98 57 92 65
4 47 61 35 12 21 82 77 55 51 76 16
5 6 98 64 72 7 52 33 50 70 26 63
5 7 71 15 6 6 48 65 72 64 22 70
5 8 46 61 82 47 31 57 45 82 75 28
5 9 69 56 18 7 75 38 85 71 59 74
5 10 88 46 14 70 9 51 43 68 72 49
5 11 89 13 14 17 28 21 75 48 77 18
5 12 37 89 76 79 45 18 65 48 87 52
5 13 20 18 47 91 30 26 50 62 33 73
5 14 80 9 71 10 21 20 7 23 5 64
5 15 30 64 60 13 47 71 67 36 37 86
5 16 19 77 26 34 57 77 23 24 80 21
5 17 93 57 78 45 11 2 70 37 5 39
5 18 16 78 53 63 48 52 85 37 42 64
5 19 71 16 24 12 6 51 10 22 76 75
5 20 67 25 37 38 60 10 58 35 62 14
5 21 2 80 88 93 59 68 71 71 36 47
5 22 26 19 72 53 49 36 36 35 19 35
5 23 17 61 83 87 76 78 81 83 91 23
5 24 59 37 84 56 61 36 58 10 83 30
5 25 85 73 69 75 35 49 30 53 41 65
5 26 43 24 57 88 74 33 25 19 12 86
5 27 31 76 39 78 43 30 57 34 51 23
5 28 13 78 57 92 66 18 50 30 84 45
5 29 29 92 79 85 89 33 92 47 33 37
5 30 30 65 26 29 58 17 30 39 67 63
5 31 44 47 14 69 74 34 62 62 77 58
5 32 2 78 70 85 38 62 41 24 48 94
5 33 36 86 31 83 24 75 34 38 81 50
5 34 36 50 23 84 16 31 70 27 75 13
5 35 37 35 67 37 40 46 69 36 17 26
5 36 47 20 75 52 66 51 50 17 15 62
5 37 60 63 32 12 21 76 39 50 53 60
5 38 39 89 54 15 87 27 67 74 51 53
5 39 80 75 28 45 53 72 67 24 26 6
5 40 34 24 33 77 42 35 70 56 88 14
5 41 35 59 17 34 23 83 42 67 76 20
5 42 64 29 49 70 79 55 80 9 63 32
5 43 77 55 41 69 14 7 10 44 15 23
5 44 85 43 62 67 13 38 10 58 67 81
5 45 4 65 50 84 96 54 50 78 71 95
5 46 74 82 51 28 42 64 42 36 29 17
5 47 61 45 21 26 70 30 23 31 21 12
6 7 21 20 65 21 16 82 89 83 75 51
6 8 62 9 47 26 48 68 63 78 86 8
6 9 41 60 37 14 77 50 53 23 27 77
6 10 0 93 67 70 74 32 34 81 89 86
6 11 78 40 4 60 33 5 4 74 62 12
6 12 43 52 23 71 66 17 52 45 47 41
6 13 78 53 25 45 74 53 80 67 56 66
6 14 54 17 75 28 75 53 63 43 55 43
6 15 40 76 78 61 75 33 48 14 80 12
6 16 53 26 60 35 51 80 85 16 27 80
6 17 77 31 42 56 80 15 66 26 61 22
6 18 83 45 16 63 21 76 76 68 10 57
6 19 80 58 11 70 38 70 7 14 74 44
6 20 24 52 78 88 92 65 37 29 55 80
6 21 26 26 39 56 49 87 52 45 27 16
6 22 88 66 28 56 41 20 17 55 17 65
6 23 72 61 35 71 68 69 53 50 85 73
6 24 97 38 8 9 50 44 35 49 57 53
6 25 90 67 72 47 49 44 46 79 43 25
6 26 18 24 84 37 32 32 88 77 81 38
6 27 52 26 32 16 62 9 48 27 26 18
6 28 49 23 11 12 80 16 54 81 17 29
6 29 17 71 34 57 84 79 52 62 33 51
6 30 6 30 83 70 38 23 69 73 68 39
6 31 34 55 14 31 67 23 46 45 22 37
6 32 15 76 36 85 65 83 68 26 52 86
6 33 23 89 84 60 59 18 53 94 93 23
6 34 83 73 68 68 33 31 4 9 31 46
6 35 21 94 36 78 60 64 41 82 23 75
6 36 18 65 94 57 62 28 35 47 49 47
6 37 64 76 36 45 84 21 45 20 23 25
6 38 39 85 62 21 51 82 28 12 67 31
6 39 31 39 34 30 18 13 75 64 42 69
6 40 77 58 80 70 27 44 30 32 65 9
6 41 67 46 6 19 39 82 75 83 28 10
6 42 34 16 62 36 30 60 28 70 83 14
6 43 0 96 88 42 23 39 50 31 60 20
6 44 53 12 10 29 16 64 39 77 40 26
6 45 85 60 40 48 53 12 14 49 32 5
6 46 65 40 59 68 69 32 72 70 73 41
6 47 44 63 20 70 33 76 66 73 70 12
7 8 48 79 77 68 64 29 27 18 82 60
7 9 72 85 20 24 13 40 26 65 59 77
7 10 59 10 77 41 59 60 20 26 54 70
7 11 33 75 74 48 67 89 50 49 87 39
7 12 37 64 34 43 52 15 81 56 44 39
7 13 21 24 81 66 54 40 75 28 25 72
7 14 74 77 53 30 74 62 76 78 21 38
7 15 35 64 57 54 13 36 73 61 64 75
7 16 60 42 70 87 79 52 10 58 9 76
7 17 72 64 62 54 36 28 40 8 64 38
7 18 88 11 65 75 26 6 63 18 27 78
7 19 1 76 35 45 89 72 88 87 38 37
7 20 36 67 16 45 75 56 74 17 73 66
7 21 4 66 55 46 84 67 50 37 22 33
7 22 42 58 33 69 22 20 49 61 49 21
7 23 84 19 82 40 54 4 26 47 27 59
7 24 72 29 71 63 11 42 31 38 79 27
7 25 37 35 59 41 83 57 36 75 37 66
7 26 29 88 71 64 28 31 72 32 15 51
7 27 25 84 41 59 53 18 23 44 62 38
7 28 78 23 35 50 76 48 59 19 68 9
7 29 51 64 43 57 37 86 57 39 59 22
7 30 98 73 4 54 1 30 21 31 47 36
7 31 59 28 63 26 39 12 78 18 15 38
7 32 33 46 84 29 32 67 68 58 70 70
7 33 6 49 95 24 93 82 59 47 46 50
7 34 29 93 51 81 43 14 61 90 16 14
7 35 59 74 82 19 59 49 35 66 26 74
7 36 71 76 76 17 42 21 54 74 36 50
7 37 36 46 46 87 35 35 57 87 41 32
7 38 97 35 77 2 10 38 18 41 75 73
7 39 48 59 49 33 56 78 22 81 29 58
7 40 18 71 86 95 20 46 42 93 48 29
7 41 9 73 54 73 44 57 54 20 32 45
7 42 42 58 70 17 20 79 57 17 41 37
7 43 13 67 23 54 30 83 62 63 20 84
7 44 34 82 88 61 87 27 29 34 23 85
7 45 53 69 30 24 67 38 14 14 26 54
7 46 29 77 20 19 90 57 48 45 52 92
7 47 64 67 65 22 34 43 65 46 69 58
8 9 85 7 74 22 27 7 50 76 70 71
8 10 1 24 21 93 29 54 70 96 60 89
8 11 3 48 86 54 82 29 92 53 69 90
8 12 22 47 44 32 82 61 80 83 62 82
8 13 71 26 44 76 35 17 54 55 36 38
8 14 43 20 83 47 89 24 11 55 69 42
8 15 63 56 18 58 49 21 8 47 13 21
8 16 33 90 14 36 69 73 32 87 17 48
8 17 85 17 18 64 49 41 71 13 57 48
8 18 46 51 23 57 66 16 13 43 16 88
8 19 49 37 19 87 20 57 80 13 13 86
8 20 46 90 65 73 37 62 88 75 50 66
8 21 50 21 60 86 59 74 62 55 82 40
8 22 34 80 26 89 57 90 36 61 30 52
8 23 72 80 49 13 79 56 6 15 59 24
8 24 62 64 86 13 85 84 53 13 9 58
8 25 17 20 18 61 37 53 60 39 35 36
8 26 74 8 36 24 65 42 19 72 10 36
8 27 56 75 47 56 64 78 67 80 56 22
8 28 23 60 61 45 89 39 82 85 73 75
8 29 92 50 9 14 75 58 37 67 4 16
8 30 77 73 58 20 73 68 4 26 31 30
8 31 91 33 63 36 14 17 74 40 51 65
8 32 33 26 37 34 40 54 24 87 29 60
8 33 79 52 39 32 43 67 9 54 38 55
8 34 99 36 3 36 5 76 20 30 73 32
8 35 99 68 76 53 55 44 20 9 29 63
8 36 3 70 77 32 85 20 38 81 66 77
8 37 37 90 42 18 90 75 46 85 35 21
8 38 11 69 53 43 19 24 94 71 33 47
8 39 61 63 37 41 22 20 75 76 46 42
8 40 70 18 9 81 45 47 50 72 47 64
8 41 11 56 47 28 36 79 76 70 18 93
8 42 22 39 63 56 88 57 48 42 61 27
8 43 13 38 48 87 95 76 19 67 33 47
8 44 44 63 16 36 32 41 77 77 51 54
8 45 57 15 63 30 9 32 67 70 14 34
8 46 4 24 85 56 24 22 32 28 92 65
8 47 46 43 80 16 76 63 20 84 31 46
9 10 80 35 37 37 67 24 25 7 13 51
9 11 4 22 67 66 88 74 77 61 90 72
9 12 72 31 35 37 39 75 45 34 38 67
9 13 22 63 76 64 21 75 84 76 65 49
9 14 41 47 84 58 70 53 74 42 61 68
9 15 81 26 7 56 40 74 82 30 41 56
9 16 14 83 20 20 74 56 95 45 31 33
9 17 6 64 29 61 47 78 47 48 71 43
9 18 47 71 82 41 80 30 13 69 20 17
9 19 81 5 25 14 71 52 22 67 81 53
9 20 2 54 54 81 26 52 54 83 79 65
9 21 19 47 31 33 86 66 35 51 47 80
9 22 80 80 69 42 62 47 72 10 52 71
9 23 41 58 64 81 81 75 82 62 60 83
9 24 45 63 35 57 44 19 18 51 34 42
9 25 83 36 76 3 71 58 69 11 22 29
9 26 71 16 12 69 45 23 11 29 78 56
9 27 91 22 62 24 54 47 15 25 4 11
9 28 76 14 37 57 79 81 41 20 25 76
9 29 78 15 73 45 23 48 15 45 53 29
9 30 82 22 18 71 4 82 81 63 13 7
9 31 91 7 15 39 67 29 46 19 58 64
9 32 63 76 10 72 25 57 35 59 35 61
9 33 97 67 63 43 66 29 45 77 26 26
9 34 74 15 20 70 31 12 81 60 82 35
9 35 6 29 98 89 36 37 93 84 46 38
9 36 23 73 84 72 77 45 38 34 53 77
9 37 97 67 8 31 56 36 71 55 7 30
9 38 92 66 45 50 8 80 51 39 68 81
9 39 12 36 20 43 52 60 61 57 76 37
9 40 7 89 68 95 90 22 29 45 92 70
9 41 15 75 62 80 22 64 62 62 44 60
9 42 61 74 15 64 61 16 30 52 74 37
9 43 80 55 7 46 19 53 83 29 41 81
9 44 18 48 86 37 45 78 94 23 16 57
9 45 5 42 80 36 22 31 90 60 80 67
9 46 41 37 33 53 41 72 55 79 14 13
9 47 84 20 76 55 45 63 54 68 78 31
10 11 14 43 77 55 23 67 24 42 54 31
10 12 92 21 43 76 40 66 77 15 28 65
10 13 51 26 20 51 20 18 48 14 73 36
10 14 25 57 55 82 34 25 76 27 71 68
10 15 51 68 56 83 11 78 77 63 33 60
10 16 6 70 96 39 64 87 41 20 86 36
10 17 74 45 71 79 34 31 58 13 40 70
10 18 75 66 55 45 72 18 27 54 16 75
10 19 72 44 17 36 65 40 49 72 39 68
10 20 37 63 74 49 27 82 72 36 78 83
10 21 15 61 73 49 25 86 28 81 81 24
10 22 41 75 38 47 78 31 15 29 43 66
10 23 29 25 18 51 60 87 50 77 57 40
10 24 81 47 11 39 35 49 19 56 20 71
10 25 7 44 23 85 86 52 81 52 45 18
10 26 70 33 7 67 66 45 53 23 77 76
10 27 27 76 25 16 53 56 15 67 39 69
10 28 66 66 9 22 78 27 73 51 10 48
10 29 77 57 55 53 39 11 32 45 26 67
10 30 93 2 37 64 11 22 30 45 40 28
10 31 61 9 45 86 39 78 33 17 64 62
10 32 63 81 10 80 39 30 66 29 86 12
10 33 4 47 31 53 76 92 66 85 95 64
10 34 93 80 22 53 26 65 54 62 48 29
10 35 61 14 65 65 59 12 35 64 35 85
10 36 20 46 36 67 84 47 59 89 43 55
10 37 43 36 74 45 38 16 24 70 75 21
10 38 62 56 17 19 13 30 29 38 53 84
10 39 12 42 76 61 37 57 70 76 77 92
10 40 9 22 38 54 53 83 72 42 72 76
10 41 32 46 59 57 25 37 81 71 75 66
10 42 28 31 91 22 65 83 35 17 22 90
10 43 44 72 24 87 70 13 80 65 81 69
10 44 6 82 70 41 94 84 86 45 40 76
10 45 58 12 82 62 59 28 54 35 33 32
10 46 59 22 44 48 13 8 45 55 12 84
10 47 10 58 25 31 63 37 32 51 93 94
11 12 31 68 27 39 53 79 39 16 74 28
11 13 65 20 77 8 54 63 53 65 29 13
11 14 28 51 87 27 70 18 20 82 17 93
11 15 85 76 30 45 23 70 74 58 60 58
11 16 22 78 65 44 72 16 53 45 35 39
11 17 26 90 54 77 38 63 63 39 27 29
11 18 64 14 72 14 55 42 24 26 13 43
11 19 22 52 72 20 82 31 63 59 37 81
11 20 33 15 84 42 52 73 40 61 30 28
11 21 36 60 34 83 43 32 74 20 34 63
11 22 74 30 62 61 27 50 31 55 14 46
11 23 31 42 24 73 20 86 81 35 30 39
11 24 21 68 29 28 18 78 24 65 48 59
11 25 69 44 7 72 73 68 27 30 78 66
11 26 72 6 84 16 58 33 21 64 51 77
11 27 56 51 86 38 34 63 80 82 61 81
11 28 54 78 62 48 30 49 20 62 14 52
11 29 19 62 60 93 54 35 23 32 86 29
11 30 55 81 75 67 34 83 69 73 56 49
11 31 14 67 75 53 28 18 73 65 57 73
11 32 1 88 80 20 71 87 72 36 30 56
11 33 77 8 75 40 33 16 49 60 32 4
11 34 42 57 42 67 69 69 14 34 76 21
11 35 58 82 76 49 8 76 78 53 82 37
11 36 65 63 70 8 6 77 40 23 65 28
11 37 56 16 27 84 31 36 31 42 86 28
11 38 98 43 49 18 14 24 17 3 20 70
11 39 17 77 81 23 76 67 87 58 95 54
11 40 81 41 45 50 64 61 77 75 4 48
11 41 76 8 35 75 52 67 21 57 22 82
11 42 51 74 19 62 19 61 46 17 79 84
11 43 2 33 22 56 59 67 53 36 75 42
11 44 95 70 14 10 4 77 62 23 60 32
11 45 73 12 69 69 48 37 84 35 20 6
11 46 6 78 89 35 52 25 90 50 55 72
11 47 26 40 24 37 76 51 58 55 21 80
12 13 1 88 83 73 70 98 87 98 99 82
12 14 0 84 46 65 27 76 99 52 68 66
12 15 1 83 35 68 42 93 67 84 59 77
12 16 36 69 76 68 61 31 27 91 57 19
12 17 67 44 73 39 24 22 68 62 32 75
12 18 15 70 73 49 32 82 95 37 96 30
12 19 25 20 65 30 85 73 50 21 90 93
12 20 27 43 90 63 25 59 36 44 81 17
12 21 34 89 15 64 20 76 70 51 16 30
12 22 29 85 38 87 31 67 88 38 25 91
12 23 47 46 50 54 86 63 62 60 22 27
12 24 33 50 31 35 77 39 28 79 30 22
12 25 62 16 24 57 15 59 59 65 81 63
12 26 79 22 22 73 9 60 7 60 41 39
12 27 88 39 16 62 55 22 48 53 41 43
12 28 22 68 18 49 50 87 51 68 26 24
12 29 82 48 14 11 66 60 45 5 17 76
12 30 96 38 62 74 23 19 56 27 30 19
12 31 25 41 23 38 52 91 56 92 24 80
12 32 61 56 19 75 33 23 39 38 24 34
12 33 29 38 30 70 45 78 22 58 86 79
12 34 82 67 82 52 15 11 39 27 45 14
12 35 57 12 85 36 22 18 11 13 16 25
12 36 0 75 43 49 28 85 96 43 84 45
12 37 61 28 49 39 17 72 47 18 30 50
12 38 25 38 75 78 70 53 86 45 22 69
12 39 74 30 15 29 52 73 42 72 54 22
12 40 17 26 61 96 85 96 78 38 61 44
12 41 61 52 59 45 40 85 66 67 29 20
12 42 82 62 8 52 5 49 82 29 24 29
12 43 44 25 68 22 83 90 50 89 25 48
12 44 97 57 47 27 12 43 30 69 31 54
12 45 16 35 61 93 41 54 35 21 49 56
12 46 70 13 47 68 73 70 7 23 61 44
12 47 45 74 88 71 83 54 35 76 56 79
13 14 90 62 26 72 19 44 17 49 63 16
13 15 35 40 13 31 87 65 29 49 50 18
13 16 1 99 88 86 30 49 37 86 43 38
13 17 4 67 90 58 94 41 55 88 69 92
13 18 17 55 72 90 33 73 44 42 39 29
13 19 30 83 24 42 13 85 83 88 44 53
13 20 29 43 60 40 63 28 56 79 39 49
13 21 83 16 55 61 65 68 4 9 76 42
13 22 33 84 75 29 80 27 20 70 69 18
13 23 56 26 87 83 57 59 47 46 29 24
13 24 67 23 60 30 13 21 31 36 47 64
13 25 85 48 31 44 50 33 35 57 48 6
13 26 93 70 30 65 13 27 59 30 68 66
13 27 99 45 56 38 73 61 35 60 23 29
13 28 95 6 23 68 4 46 55 67 48 65
13 29 96 9 15 15 62 69 80 14 58 1
13 30 15 43 73 60 68 53 66 84 79 41
13 31 67 63 83 63 75 23 48 44 11 64
13 32 97 12 2 40 12 49 31 61 51 38
13 33 85 80 58 78 28 51 12 63 51 76
13 34 85 58 32 59 52 72 64 32 74 77
13 35 24 81 71 83 64 70 24 37 23 44
13 36 57 86 23 19 66 54 79 86 55 85
13 37 9 24 84 56 40 65 74 32 62 75
13 38 99 1 5 4 77 47 46 67 58 12
13 39 58 68 31 58 23 41 33 8 24 64
13 40 42 70 71 35 63 69 69 31 28 70
13 41 63 13 49 25 18 16 70 72 10 23
13 42 10 39 35 86 51 39 20 77 79 47
13 43 59 64 71 16 41 67 15 38 73 51
13 44 69 61 7 71 48 52 15 16 53 83
13 45 39 78 26 15 86 50 42 65 64 53
13 46 76 36 43 23 49 63 40 15 44 8
13 47 87 24 41 53 46 41 56 28 12 9
14 15 51 71 71 64 75 30 39 10 28 32
14 16 89 41 5 16 16 67 78 81 16 31
14 17 91 67 74 78 40 61 27 61 33 5
14 18 47 38 88 42 45 27 19 51 77 47
14 19 49 71 33 39 44 80 12 63 42 60
14 20 12 53 55 80 58 95 27 82 45 57
14 21 20 36 83 63 37 79 75 23 67 86
14 22 35 54 85 61 32 16 81 52 63 18
14 23 29 63 29 59 90 58 85 82 28 66
14 24 7 25 80 36 66 19 54 69 77 52
14 25 89 65 17 76 61 9 19 66 26 46
14 26 92 3 25 71 39 67 45 72 48 2
14 27 50 69 33 56 25 42 30 76 86 44
14 28 56 62 9 16 26 84 67 49 87 87
14 29 99 60 56 67 55 8 46 73 61 33
14 30 28 48 38 83 37 73 27 17 77 75
14 31 65 51 14 48 20 83 81 85 40 78
14 32 58 29 32 39 48 57 29 74 35 9
14 33 95 62 57 67 22 1 57 69 56 12
14 34 71 25 61 26 9 84 75 61 7 34
14 35 33 57 33 40 53 56 36 44 39 86
14 36 40 76 14 88 11 56 43 67 16 18
14 37 9 36 83 52 71 55 21 90 55 66
14 38 40 55 70 88 85 19 16 43 67 60
14 39 24 26 83 37 90 83 18 47 40 69
14 40 23 61 55 24 50 38 39 57 28 60
14 41 20 81 30 88 55 42 39 34 82 64
14 42 88 28 40 32 60 71 47 32 5 77
14 43 76 47 52 74 81 56 32 25 46 10
14 44 13 88 67 63 95 69 23 93 69 85
14 45 1 54 43 46 58 63 39 86 61 80
14 46 53 73 33 11 32 23 39 40 36 13
14 47 20 45 32 52 61 88 82 67 86 38
15 16 4 32 47 34 78 65 52 32 42 81
15 17 66 74 37 81 81 35 73 7 17 85
15 18 23 92 23 45 78 89 42 21 29 27
15 19 17 68 71 21 43 67 89 46 38 37
15 20 89 47 43 34 54 38 41 53 63 55
15 21 90 79 77 74 81 22 48 66 59 37
15 22 30 91 68 31 37 91 93 80 37 14
15 23 56 38 12 65 35 73 55 63 64 45
15 24 5 51 77 38 71 35 78 80 21 96
15 25 45 82 79 47 31 67 72 81 76 52
15 26 77 82 66 29 6 43 74 16 45 80
15 27 12 41 86 29 75 40 53 74 48 90
15 28 31 49 24 26 80 51 86 92 16 56
15 29 42 34 17 29 90 46 47 14 24 46
15 30 8 91 59 44 59 21 30 78 62 53
15 31 38 88 20 70 34 72 60 36 13 24
15 32 99 1 46 47 31 11 12 49 61 13
15 33 24 86 64 82 69 28 28 55 90 85
15 34 55 45 57 88 10 75 18 65 25 41
15 35 20 22 22 79 53 77 57 91 81 44
15 36 7 26 48 55 56 53 92 55 28 71
15 37 61 80 66 25 40 46 36 58 84 51
15 38 60 17 43 73 62 77 47 27 81 76
15 39 21 92 56 19 64 52 73 58 58 87
15 40 24 47 84 40 41 29 71 93 62 77
15 41 46 66 24 29 90 34 84 89 57 43
15 42 41 67 30 42 70 76 86 68 26 90
15 43 34 75 55 60 61 61 83 21 44 51
15 44 71 27 48 58 76 76 56 34 41 38
15 45 14 78 45 56 60 83 95 33 26 81
15 46 28 32 37 50 21 69 68 75 32 25
15 47 60 9 46 10 38 69 87 63 73 54
16 17 32 38 51 91 36 69 57 49 67 42
16 18 96 0 35 12 42 10 14 17 74 53
16 19 43 83 17 57 61 11 33 30 68 77
16 20 95 2 71 60 1 65 71 44 47 71
16 21 12 47 26 41 31 25 88 47 62 19
16 22 45 39 44 34 77 61 79 23 62 42
16 23 58 46 35 78 37 29 61 69 28 81
16 24 76 61 72 66 82 14 27 36 41 67
16 25 64 28 67 29 55 21 18 29 22 35
16 26 98 44 67 20 26 75 48 24 12 9
16 27 72 73 62 56 51 63 10 66 19 49
16 28 52 22 63 72 41 85 9 22 20 75
16 29 61 26 73 46 47 38 39 17 47 39
16 30 73 26 12 7 12 67 56 44 29 30
16 31 56 46 69 30 14 85 40 27 24 80
16 32 8 76 69 74 62 29 73 36 83 83
16 33 91 45 69 16 35 33 53 57 29 27
16 34 60 53 77 30 75 45 8 30 31 29
16 35 63 20 14 81 10 33 77 30 33 27
16 36 63 24 8 30 62 42 66 26 14 41
16 37 2 71 86 99 63 57 98 53 34 54
16 38 1 21 22 53 88 22 19 53 60 44
16 39 10 28 93 90 41 27 76 38 89 87
16 40 21 84 35 74 59 20 78 48 59 34
16 41 13 96 24 26 55 65 27 77 70 43
16 42 1 91 89 62 63 27 47 34 23 21
16 43 18 35 93 64 50 82 79 44 84 34
16 44 61 19 31 68 55 52 71 20 40 55
16 45 60 18 70 56 79 69 27 48 76 29
16 46 76 79 29 49 27 4 8 59 18 30
16 47 52 38 80 64 20 16 83 51 66 14
17 18 48 57 28 27 40 73 19 85 82 42
17 19 60 59 25 28 11 51 32 85 25 30
17 20 45 24 15 53 60 67 32 21 66 35
17 21 98 29 62 35 18 18 45 14 67 48
17 22 44 53 20 24 68 67 49 47 20 60
17 23 29 17 43 28 46 14 23 72 51 42
17 24 58 34 38 56 68 52 37 21 74 77
17 25 55 46 59 82 31 77 29 45 32 76
17 26 75 17 73 54 47 42 27 10 36 76
17 27 93 68 76 8 14 23 2 43 36 38
17 28 50 87 13 70 37 30 23 81 29 55
17 29 49 35 48 64 43 44 10 43 55 53
17 30 91 9 4 42 9 13 39 54 25 27
17 31 51 16 52 14 34 19 12 60 69 63
17 32 23 19 33 68 91 33 65 51 37 86
17 33 67 77 76 6 47 14 16 55 82 45
17 34 76 75 31 17 82 58 77 24 29 35
17 35 41 22 74 74 44 90 61 90 36 60
17 36 81 57 70 74 27 58 66 29 50 57
17 37 97 8 31 40 64 32 31 46 72 46
17 38 97 28 53 3 15 61 42 71 71 40
17 39 97 24 31 27 0 68 35 22 10 25
17 40 43 70 87 72 72 30 40 89 59 19
17 41 58 85 19 20 68 66 13 62 36 62
17 42 98 66 2 21 24 20 30 35 9 30
17 43 92 14 63 11 57 72 40 57 47 40
17 44 5 31 22 82 78 50 70 74 42 41
17 45 32 34 56 41 50 86 73 21 72 78
17 46 51 49 87 25 88 38 62 13 76 20
17 47 15 50 33 35 29 62 35 70 44 90
18 19 63 13 48 67 72 33 60 26 64 80
18 20 82 77 51 56 68 37 33 56 75 17
18 21 71 12 26 80 26 53 50 51 35 62
18 22 77 42 20 16 63 61 35 5 46 38
18 23 6 77 22 46 31 36 72 52 70 97
18 24 21 74 51 64 93 47 68 33 83 20
18 25 75 62 83 45 46 69 23 63 18 28
18 26 71 72 38 17 23 10 38 81 18 66
18 27 80 78 14 5 20 57 30 70 20 82
18 28 32 38 80 16 50 64 36 71 82 21
18 29 92 24 59 68 41 11 65 27 66 70
18 30 18 42 33 73 33 91 52 87 87 57
18 31 87 30 22 20 69 72 57 12 30 32
18 32 31 71 35 74 89 84 60 62 20 67
18 33 67 26 38 52 18 64 15 30 6 27
18 34 22 25 26 68 83 52 88 76 57 38
18 35 0 24 61 19 83 45 68 26 24 37
18 36 83 15 61 73 75 59 76 48 64 54
18 37 97 51 58 21 68 41 48 2 3 5
18 38 91 68 20 9 72 58 54 28 50 47
18 39 50 70 18 10 16 40 82 35 48 87
18 40 68 34 74 10 35 11 21 82 38 41
18 41 92 43 35 68 1 26 25 32 12 26
18 42 76 64 24 46 55 46 50 27 70 6
18 43 16 83 47 34 34 68 58 39 92 85
18 44 31 15 62 18 37 15 25 55 34 22
18 45 92 43 17 66 72 17 74 60 15 38
18 46 28 78 39 73 32 32 88 69 22 82
18 47 83 33 11 77 32 77 12 81 34 24
19 20 64 63 42 61 62 7 7 60 44 36
19 21 33 23 54 52 32 62 88 69 57 70
19 22 60 24 54 82 47 13 58 46 25 29
19 23 54 77 52 18 75 41 30 21 65 85
19 24 88 8 64 54 64 35 59 12 56 80
19 25 85 75 38 55 29 40 67 46 79 14
19 26 51 73 18 12 41 85 43 11 49 28
19 27 81 33 11 34 54 40 17 21 19 53
19 28 13 79 21 94 93 54 87 84 74 92
19 29 30 53 85 45 93 18 91 22 31 18
19 30 40 18 83 47 61 52 85 56 76 69
19 31 94 51 40 60 48 30 23 4 57 39
19 32 87 18 77 71 69 11 53 57 20 66
19 33 34 27 19 43 54 41 31 79 89 47
19 34 92 22 5 31 7 6 35 36 61 41
19 35 25 81 67 31 80 59 71 45 23 39
19 36 7 66 70 34 53 84 45 26 66 76
19 37 20 93 71 63 75 79 58 58 26 80
19 38 15 84 82 84 92 38 61 67 37 32
19 39 10 34 57 63 85 38 56 18 31 78
19 40 9 41 67 83 94 51 49 62 46 60
19 41 36 15 21 19 83 21 76 25 90 21
19 42 46 86 24 13 51 73 27 50 83 60
19 43 57 78 8 45 29 83 28 43 21 49
19 44 43 41 37 53 41 62 68 42 90 16
19 45 66 82 35 68 66 72 20 77 37 18
19 46 56 26 61 14 16 53 68 71 65 24
19 47 83 11 4 58 38 29 49 28 63 8
20 21 5 86 25 71 49 44 35 33 27 75
20 22 51 50 49 47 58 79 24 80 19 54
20 23 15 91 55 69 77 87 32 95 95 77
20 24 33 56 35 92 33 46 88 72 69 25
20 25 6 27 74 89 92 79 61 76 71 53
20 26 53 15 37 52 53 20 27 25 72 55
20 27 93 6 49 54 45 74 48 38 72 2
20 28 56 66 20 30 64 59 87 32 37 18
20 29 94 57 13 51 60 62 65 77 47 26
20 30 44 67 84 83 19 75 49 12 81 48
20 31 52 54 69 70 74 62 44 34 31 23
20 32 70 75 42 61 69 69 73 76 41 57
20 33 51 11 52 30 13 41 24 60 16 63
20 34 86 63 54 40 3 65 70 51 73 43
20 35 21 17 26 49 34 52 21 72 54 70
20 36 9 79 23 44 89 72 45 28 70 94
20 37 31 89 84 48 54 21 44 16 41 63
20 38 38 38 82 65 69 18 89 43 33 70
20 39 64 70 62 12 18 66 25 59 55 22
20 40 72 54 15 34 65 8 60 23 56 17
20 41 59 83 45 69 77 33 28 71 68 61
20 42 47 52 41 61 39 44 56 84 63 82
20 43 69 67 61 12 49 75 79 65 56 66
20 44 4 61 65 77 78 46 40 91 87 74
20 45 68 76 60 64 13 16 76 30 49 29
20 46 10 50 43 27 50 56 64 70 44 55
20 47 15 26 54 23 76 60 57 60 79 49
21 22 73 18 64 74 61 17 53 54 64 82
21 23 94 7 46 49 29 78 61 46 28 40
21 24 10 54 90 48 42 26 84 51 63 94
21 25 34 24 21 47 73 88 75 29 49 28
21 26 13 70 33 94 28 88 74 70 21 24
21 27 83 31 20 3 51 44 34 37 8 40
21 28 62 42 27 67 37 31 57 62 46 86
21 29 17 58 46 76 40 33 96 80 18 20
21 30 78 31 63 69 23 47 11 66 15 23
21 31 13 92 85 52 69 39 23 78 70 83
21 32 19 67 60 86 51 75 31 34 72 73
21 33 70 24 9 45 62 25 67 59 54 23
21 34 85 45 34 40 2 36 35 81 73 29
21 35 20 82 23 88 55 80 91 81 71 44
21 36 13 27 87 63 66 60 62 66 82 30
21 37 80 71 42 67 11 83 49 10 41 67
21 38 79 23 66 16 24 53 49 78 14 50
21 39 41 45 65 80 22 87 74 19 68 57
21 40 21 74 60 49 63 38 67 75 55 72
21 41 16 64 24 94 48 59 33 89 51 48
21 42 9 54 97 65 54 46 43 30 33 72
21 43 23 25 15 42 70 44 77 81 90 45
21 44 35 35 78 70 61 83 41 65 68 90
21 45 21 71 32 40 55 44 80 27 57 27
21 46 36 22 63 30 26 61 46 91 19 53
21 47 5 70 51 28 52 44 51 34 45 93
22 23 91 73 77 27 65 10 32 78 77 28
22 24 75 50 78 38 70 49 28 33 58 81
22 25 20 52 75 27 91 65 69 71 58 80
22 26 53 45 15 45 50 65 24 48 78 62
22 27 14 93 77 32 28 32 65 40 90 18
22 28 97 55 76 15 14 51 19 4 42 60
22 29 93 33 34 20 52 20 27 16 26 27
22 30 28 82 44 58 59 66 50 20 40 60
22 31 93 61 73 77 18 44 18 16 65 31
22 32 74 29 70 36 40 15 25 76 40 10
22 33 54 44 53 87 81 25 61 66 58 25
22 34 72 51 57 14 69 16 28 22 47 44
22 35 76 68 40 6 33 27 80 44 74 38
22 36 84 41 70 63 23 64 55 47 71 67
22 37 23 86 61 49 57 23 84 64 84 88
22 38 99 25 12 35 25 72 42 70 30 5
22 39 39 82 23 61 85 27 91 52 31 76
22 40 30 71 53 62 44 45 20 88 70 42
22 41 34 42 86 22 23 75 76 84 28 88
22 42 37 66 76 64 61 86 54 84 88 84
22 43 75 42 38 8 31 54 80 22 59 75
22 44 82 24 63 72 21 28 28 59 29 66
22 45 30 49 77 65 72 89 73 24 39 89
22 46 68 25 39 37 23 20 11 36 70 74
22 47 75 30 6 24 45 83 22 28 6 11
23 24 55 65 47 40 76 70 71 18 57 76
23 25 91 18 19 14 72 30 49 42 48 65
23 26 46 35 65 60 56 20 65 34 12 13
23 27 95 64 3 56 48 31 39 47 18 51
23 28 69 75 42 80 60 48 77 10 58 62
23 29 26 94 79 27 52 90 92 52 45 44
23 30 73 41 12 37 81 29 14 57 9 7
23 31 67 54 18 17 67 82 18 11 36 73
23 32 96 48 2 65 50 63 48 56 15 60
23 33 36 34 86 80 27 71 16 73 55 88
23 34 32 37 91 20 67 19 85 65 83 83
23 35 46 78 65 53 85 34 69 57 54 43
23 36 42 26 12 44 31 23 36 88 56 66
23 37 3 80 66 82 73 64 63 65 68 81
23 38 49 68 37 12 43 81 54 53 35 44
23 39 71 12 7 42 33 74 78 58 41 8
23 40 36 53 87 39 79 52 68 27 36 65
23 41 52 75 77 50 31 56 69 64 34 10
23 42 29 27 93 83 42 61 80 64 24 91
23 43 75 41 66 62 53 61 48 78 68 39
23 44 22 44 22 72 21 88 92 90 75 67
23 45 42 55 17 69 27 75 62 52 25 56
23 46 74 33 20 66 40 82 64 65 62 76
23 47 13 23 55 35 90 55 94 47 38 58
24 25 96 44 80 60 76 31 37 61 17 26
24 26 66 25 63 24 7 41 6 42 19 30
24 27 17 70 65 19 66 73 64 50 69 38
24 28 99 59 63 72 54 26 13 44 45 80
24 29 88 21 26 51 18 36 19 21 54 62
24 30 0 20 54 50 88 92 70 69 99 27
24 31 50 35 74 64 25 44 22 53 23 38
24 32 91 67 49 54 22 25 73 15 65 74
24 33 73 65 57 29 54 52 83 39 78 5
24 34 27 43 23 80 74 53 92 22 33 63
24 35 93 30 70 71 77 4 75 47 32 47
24 36 65 62 47 11 39 80 60 20 14 38
24 37 67 77 19 45 52 45 83 17 77 27
24 38 62 11 21 26 19 40 47 75 72 22
24 39 44 86 83 60 67 74 76 82 70 25
24 40 78 83 69 6 20 18 43 48 6 73
24 41 46 20 59 86 30 49 44 45 66 48
24 42 71 20 9 25 51 83 82 19 25 11
24 43 50 40 78 38 29 86 34 41 69 39
24 44 51 21 86 20 25 74 19 22 14 27
24 45 71 36 52 54 60 35 36 59 53 28
24 46 76 72 43 21 15 12 37 66 21 46
24 47 95 71 33 60 12 60 58 74 36 56
25 26 83 8 30 41 8 42 66 71 13 53
25 27 28 91 77 88 46 81 86 72 53 35
25 28 89 38 30 61 24 14 21 68 14 35
25 29 9 63 90 77 72 26 74 95 39 90
25 30 44 48 21 40 14 67 49 43 69 38
25 31 72 79 33 72 68 78 22 64 70 84
25 32 2 96 61 62 27 45 49 98 65 76
25 33 38 30 60 55 86 82 81 22 22 41
25 34 98 71 66 47 8 6 12 71 6 40
25 35 53 78 26 88 75 47 20 21 41 39
25 36 81 66 74 55 51 25 70 80 74 81
25 37 9 30 94 30 38 44 29 45 32 31
25 38 18 88 17 90 38 45 84 59 64 77
25 39 81 27 14 42 63 69 78 82 27 57
25 40 29 92 41 87 32 17 19 73 79 52
25 41 67 75 56 76 49 18 64 62 83 79
25 42 33 18 26 58 83 23 35 73 49 32
25 43 31 80 29 29 49 50 89 21 67 42
25 44 48 48 46 47 40 78 69 33 69 54
25 45 46 76 28 59 23 13 49 89 62 37
25 46 91 60 23 21 24 56 59 48 19 49
25 47 90 72 53 43 39 12 52 76 6 25
26 27 75 29 75 50 77 19 21 13 32 63
26 28 57 80 48 18 10 75 32 78 20 21
26 29 62 61 64 57 33 79 42 71 30 54
26 30 28 22 14 90 25 66 62 84 60 25
26 31 36 63 19 30 19 57 63 84 82 57
26 32 48 79 55 70 33 72 49 66 34 20
26 33 82 72 19 70 52 59 79 46 53 52
26 34 11 92 35 48 54 87 75 35 96 54
26 35 37 32 46 16 47 42 63 43 43 46
26 36 19 87 57 68 30 61 29 47 54 69
26 37 26 73 57 47 81 71 30 79 29 20
26 38 21 61 47 46 65 57 34 53 90 47
26 39 14 32 68 50 26 87 56 87 37 33
26 40 91 76 24 11 23 30 10 53 39 21
26 41 94 52 6 80 67 31 56 35 61 36
26 42 0 30 32 58 93 78 61 35 36 89
26 43 22 47 90 33 93 77 53 87 64 39
26 44 18 75 75 41 67 54 63 47 76 49
26 45 51 58 83 25 24 88 50 29 25 50
26 46 71 6 32 29 14 31 28 52 6 48
26 47 63 11 51 17 69 73 50 69 59 37
27 28 84 48 25 57 45 40 4 41 53 56
27 29 88 70 38 62 66 57 16 3 30 34
27 30 90 20 71 36 45 70 31 37 28 29
27 31 98 35 53 48 15 5 56 54 49 60
27 32 99 4 25 77 1 24 49 24 31 72
27 33 54 36 72 13 45 16 44 69 54 78
27 34 61 87 83 12 81 30 73 10 15 9
27 35 75 41 30 57 45 24 43 75 43 81
27 36 33 52 72 13 23 50 75 84 46 70
27 37 1 25 90 32 97 38 57 23 93 93
27 38 24 80 54 50 66 23 67 32 77 75
27 39 10 48 68 57 52 87 54 33 55 78
27 40 85 10 10 60 4 9 38 71 21 12
27 41 69 69 51 64 42 67 60 30 27 64
27 42 83 23 6 80 57 68 36 14 79 40
27 43 65 23 49 80 85 86 42 83 32 76
27 44 99 48 40 56 78 44 1 16 13 79
27 45 12 68 95 79 65 42 21 63 46 20
27 46 98 30 21 13 54 16 58 14 38 44
27 47 90 41 34 63 58 9 10 65 12 19
28 29 78 8 64 25 80 52 27 43 19 54
28 30 92 38 14 41 11 43 20 49 70 26
28 31 88 6 22 62 43 58 40 27 26 10
28 32 65 25 35 10 9 44 67 38 45 51
28 33 52 59 84 23 52 30 20 33 78 63
28 34 23 94 28 21 59 72 70 36 90 94
28 35 12 58 29 59 50 37 58 76 79 63
28 36 43 52 64 16 80 72 87 80 49 73
28 37 12 44 52 37 84 33 77 91 59 66
28 38 82 43 16 72 59 77 78 32 18 42
28 39 23 52 59 77 18 63 72 49 20 34
28 40 25 43 69 78 82 65 36 23 29 89
28 41 58 29 32 87 76 72 44 28 31 15
28 42 6 60 60 24 89 52 61 54 91 24
28 43 37 25 16 53 92 55 72 86 71 26
28 44 29 48 83 89 50 20 56 79 72 52
28 45 85 62 34 55 74 58 46 18 51 26
28 46 6 54 92 76 66 23 28 87 78 98
28 47 53 17 10 65 65 33 21 85 42 47
29 30 63 8 27 78 63 85 14 54 30 52
29 31 97 10 50 14 41 31 58 42 1 70
29 32 22 55 33 30 33 86 54 38 37 57
29 33 61 81 9 60 37 16 68 46 28 60
29 34 20 69 58 63 85 42 44 81 62 39
29 35 17 84 64 91 20 53 34 33 77 27
29 36 1 44 78 37 29 61 24 95 41 31
29 37 67 48 55 38 52 76 16 57 10 72
29 38 99 24 75 28 44 5 56 74 45 54
29 39 93 45 61 45 80 12 41 41 29 28
29 40 5 56 65 25 33 78 23 63 83 86
29 41 40 23 74 73 81 17 16 56 35 77
29 42 43 75 59 53 48 40 47 32 82 81
29 43 36 29 13 34 64 78 64 74 54 41
29 44 35 91 17 19 42 73 13 29 37 80
29 45 47 72 61 11 53 84 35 37 84 16
29 46 20 74 82 62 28 43 57 19 19 61
29 47 72 39 37 67 24 82 70 11 55 25
30 31 49 47 34 32 39 51 47 28 52 41
30 32 59 73 8 44 24 42 14 54 69 44
30 33 82 60 79 14 50 65 58 43 49 43
30 34 97 26 77 51 74 27 66 54 70 31
30 35 21 56 71 91 67 30 56 81 70 39
30 36 45 42 26 76 36 82 26 27 58 39
30 37 57 36 71 74 30 45 28 51 63 11
30 38 32 39 88 90 66 36 80 16 63 74
30 39 48 73 27 37 64 73 51 75 21 48
30 40 17 62 78 67 84 85 57 24 95 19
30 41 61 22 68 45 79 17 8 47 37 13
30 42 72 29 16 79 47 61 27 69 50 17
30 43 26 75 18 25 56 84 82 67 94 15
30 44 52 82 18 69 12 24 14 55 26 75
30 45 49 74 74 30 67 78 10 59 61 66
30 46 67 48 48 7 79 79 43 43 50 15
30 47 2 70 48 69 66 60 50 84 80 39
31 32 71 48 79 47 27 59 39 66 63 40
31 33 94 68 62 24 24 12 14 1 3 31
31 34 88 56 8 26 59 47 10 32 17 49
31 35 77 49 25 67 5 20 28 21 46 43
31 36 40 17 47 27 36 72 51 79 31 49
31 37 97 17 14 9 63 53 31 58 79 25
31 38 33 77 55 17 49 43 37 25 66 23
31 39 56 70 14 17 68 32 45 29 10 15
31 40 70 36 57 71 21 72 67 81 15 54
31 41 4 97 58 45 20 36 98 59 58 36
31 42 1 38 83 36 80 55 75 86 71 53
31 43 78 27 26 46 31 40 40 60 81 58
31 44 39 24 80 20 16 48 86 71 44 62
31 45 62 61 51 49 54 8 62 55 20 74
31 46 3 29 50 24 26 35 32 42 23 77
31 47 40 34 74 66 80 49 54 46 70 53
32 33 15 59 30 78 61 94 89 57 35 79
32 34 31 30 16 29 85 85 45 18 52 72
32 35 11 22 45 57 20 52 92 60 81 91
32 36 64 82 34 14 45 14 8 62 81 46
32 37 16 79 77 18 30 45 64 41 53 74
32 38 29 66 54 81 43 33 26 20 57 15
32 39 68 66 29 16 33 35 41 42 13 82
32 40 22 73 91 42 61 55 59 31 69 23
32 41 14 82 40 47 17 90 46 70 71 70
32 42 9 88 28 58 20 32 37 72 84 51
32 43 16 65 17 75 36 89 20 32 64 57
32 44 53 65 44 32 83 25 60 59 22 19
32 45 0 37 62 49 79 54 98 96 86 36
32 46 14 29 85 75 48 84 62 35 17 48
32 47 64 73 45 35 78 78 43 45 39 34
33 34 14 75 63 86 79 27 42 73 68 39
33 35 25 39 47 34 41 62 21 50 32 71
33 36 27 59 54 65 29 73 87 36 73 69
33 37 69 48 83 34 68 16 41 42 6 61
33 38 41 89 39 43 26 24 36 50 88 29
33 39 95 56 22 67 14 46 37 41 67 47
33 40 41 85 36 48 32 65 14 34 40 39
33 41 84 4 16 57 42 25 60 44 52 18
33 42 64 23 76 80 40 41 85 64 63 34
33 43 7 72 86 72 70 97 67 38 40 56
33 44 61 40 21 28 42 24 9 79 15 80
33 45 52 65 18 57 83 37 39 53 43 68
33 46 25 40 21 92 22 61 44 56 87 16
33 47 8 82 41 22 92 26 70 86 58 55
34 35 63 79 66 81 80 53 17 31 43 46
34 36 62 44 66 71 67 39 57 62 68 12
34 37 1 38 62 93 43 30 37 79 72 82
34 38 49 57 86 80 68 22 62 85 48 63
34 39 51 38 49 54 82 64 12 71 24 34
34 40 88 15 71 20 24 72 46 44 55 61
34 41 83 79 40 79 61 20 59 22 15 65
34 42 31 47 25 70 29 28 29 92 38 25
34 43 98 30 35 60 66 35 19 54 70 38
34 44 50 17 38 31 57 47 17 55 67 84
34 45 6 55 30 49 49 84 78 61 63 55
34 46 37 15 75 22 49 30 42 12 23 79
34 47 77 17 41 55 11 69 12 11 79 5
35 36 61 41 68 39 13 43 20 39 47 31
35 37 17 23 51 52 90 36 81 17 81 17
35 38 14 92 25 50 84 73 43 93 27 67
35 39 70 35 37 33 19 21 48 65 19 65
35 40 66 73 81 74 39 33 53 74 83 19
35 41 11 33 91 34 97 40 94 63 55 84
35 42 83 38 74 77 17 41 78 6 47 50
35 43 44 67 53 48 63 36 13 55 32 13
35 44 94 69 56 51 33 4 8 72 18 11
35 45 75 78 29 12 10 8 54 65 59 25
35 46 69 79 73 50 33 69 63 81 31 60
35 47 86 17 30 12 46 80 75 26 4 64
36 37 42 60 67 12 44 14 59 58 81 22
36 38 58 82 21 16 52 44 41 82 14 53
36 39 12 76 66 77 83 73 90 48 49 63
36 40 27 18 79 87 45 93 22 21 19 68
36 41 24 78 76 47 86 28 28 22 44 20
36 42 74 24 27 60 51 76 64 41 25 58
36 43 27 83 62 31 70 91 77 85 73 81
36 44 75 81 75 65 67 30 56 20 11 12
36 45 87 68 17 10 20 22 43 48 62 45
36 46 35 56 53 39 76 29 55 54 29 26
36 47 99 77 38 49 17 69 43 11 74 45
37 38 48 37 47 48 59 65 24 16 40 64
37 39 44 46 11 48 90 82 67 69 71 73
37 40 60 55 10 40 8 24 83 65 84 42
37 41 63 44 17 82 86 48 86 76 48 40
37 42 79 68 8 56 20 82 79 11 57 37
37 43 54 27 16 22 28 53 29 61 28 56
37 44 83 60 49 57 67 52 52 56 56 62
37 45 85 48 39 67 62 34 4 39 74 47
37 46 73 77 14 65 10 6 72 25 28 55
37 47 81 58 32 70 39 73 51 44 22 16
38 39 60 27 36 84 81 83 54 29 78 82
38 40 13 70 52 82 85 48 26 93 76 66
38 41 24 78 55 28 92 43 32 49 67 51
38 42 45 60 20 85 38 81 74 45 23 65
38 43 14 24 31 32 89 74 42 62 33 93
38 44 25 64 53 27 33 52 75 83 75 32
38 45 27 73 87 75 90 50 68 52 78 56
38 46 77 61 57 73 78 50 24 79 79 73
38 47 82 10 25 63 65 28 78 44 48 26
39 40 18 29 48 71 70 24 53 19 22 35
39 41 34 77 41 32 44 41 86 65 65 31
39 42 37 21 88 29 17 15 21 92 16 92
39 43 23 81 69 79 81 51 43 15 88 56
39 44 64 29 50 39 19 24 59 61 22 64
39 45 26 40 82 66 51 75 84 77 41 74
39 46 41 75 59 62 22 66 45 30 74 19
39 47 25 18 40 54 15 83 85 58 70 54
40 41 92 5 76 48 19 63 81 31 48 9
40 42 9 64 43 58 84 41 70 80 58 89
40 43 39 30 71 82 63 26 52 61 16 85
40 44 34 62 72 17 59 26 41 72 41 93
40 45 3 95 44 67 29 29 41 90 61 63
40 46 11 97 76 34 36 19 93 75 32 89
40 47 23 19 82 77 33 87 84 80 86 57
41 42 72 8 85 8 28 12 13 49 70 31
41 43 10 19 32 48 65 50 87 50 83 44
41 44 8 94 84 91 77 66 80 90 90 29
41 45 7 87 21 95 93 63 85 63 49 42
41 46 99 74 45 54 75 23 49 27 40 22
41 47 12 57 92 23 67 24 60 37 66 82
42 43 14 25 72 82 35 37 88 96 56 92
42 44 3 20 81 97 47 97 72 86 64 80
42 45 81 36 34 61 44 79 63 78 58 55
42 46 41 70 48 56 24 32 49 67 90 82
42 47 18 46 45 91 53 57 82 23 43 61
43 44 8 43 79 45 88 69 39 28 21 75
43 45 6 85 93 71 73 71 29 92 51 34
43 46 11 22 36 55 93 27 59 57 51 76
43 47 84 48 35 75 37 30 38 17 77 66
44 45 13 80 49 51 25 79 63 72 39 62
44 46 49 45 55 55 19 79 44 13 17 43
44 47 2 78 83 27 96 50 29 52 29 87
45 46 52 77 70 84 82 89 78 68 86 45
45 47 93 55 44 73 14 68 38 39 26 49
46 47 80 80 16 48 80 34 83 29 56 5
