7 10
0 0 0 0.25 0.25 0.25 0.25 0 0 0 
0 1 70 23 35 45 16 54 17 54 44 56
0 2 44 36 34 61 58 69 72 67 46 28
0 3 30 58 66 82 61 38 46 49 71 38
0 4 94 4 8 11 39 49 22 15 42 28
0 5 46 48 59 51 47 44 40 28 30 33
0 6 19 49 51 74 89 53 54 68 58 47
1 2 98 19 0 34 45 11 15 21 31 46
1 3 25 43 62 44 84 38 86 41 85 47
1 4 88 10 8 27 13 28 15 38 29 29
1 5 21 64 41 61 69 56 40 48 78 50
1 6 63 19 43 62 65 23 45 67 43 33
2 3 76 26 36 17 55 24 12 43 37 48
2 4 36 48 39 50 40 40 57 67 35 78
2 5 50 54 27 49 70 74 39 34 59 70
2 6 7 73 53 57 66 95 94 77 82 94
3 4 57 22 58 52 70 43 64 67 59 21
3 5 66 51 47 45 36 20 37 43 55 17
3 6 63 58 38 57 63 68 25 47 34 30
4 5 83 30 53 51 8 42 55 18 57 38
4 6 1 80 61 70 82 69 65 98 91 54
5 6 57 44 41 64 62 28 28 49 69 68
