15 4
0.3 0 0 0.7
0 1 18 60 67 15
0 2 27 79 57 59
0 3 26 54 82 45
0 4 77 27 16 50
0 5 99 31 46 37
0 6 90 68 37 62
0 7 81 74 22 26
0 8 77 25 59 28
0 9 8 10 64 52
0 10 88 24 74 18
0 11 92 54 69 91
0 12 12 20 42 24
0 13 10 37 40 52
0 14 60 73 50 40
1 2 45 60 74 44
1 3 90 20 51 21
1 4 15 28 20 25
1 5 61 23 83 23
1 6 81 57 53 29
1 7 68 85 30 78
1 8 74 33 53 48
1 9 59 27 81 34
1 10 51 57 58 25
1 11 26 56 51 23
1 12 75 48 54 70
1 13 3 18 0 74
1 14 74 42 52 30
2 3 26 53 39 64
2 4 31 44 32 23
2 5 36 8 25 48
2 6 52 86 55 71
2 7 19 38 56 83
2 8 46 68 33 82
2 9 74 38 29 34
2 10 17 65 22 4
2 11 66 33 64 65
2 12 58 63 19 18
2 13 19 17 44 42
2 14 65 31 65 31
3 4 83 76 51 42
3 5 41 21 72 50
3 6 40 13 48 26
3 7 3 63 41 19
3 8 32 48 75 20
3 9 86 57 49 68
3 10 78 68 70 24
3 11 38 60 61 43
3 12 35 71 36 80
3 13 98 40 28 64
3 14 96 74 90 21
4 5 14 72 68 80
4 6 98 57 60 58
4 7 28 11 67 41
4 8 32 37 85 48
4 9 74 15 64 71
4 10 89 72 27 66
4 11 79 46 39 42
4 12 95 76 49 82
4 13 20 19 20 10
4 14 83 45 52 32
5 6 85 24 52 28
5 7 52 53 27 19
5 8 80 42 38 94
5 9 2 8 6 17
5 10 94 66 28 40
5 11 87 65 49 22
5 12 77 81 92 79
5 13 37 24 27 57
5 14 36 13 41 42
6 7 91 34 54 50
6 8 29 49 77 19
6 9 72 65 26 74
6 10 20 13 69 79
6 11 79 55 82 35
6 12 75 83 70 59
6 13 19 12 33 44
6 14 96 38 61 29
7 8 69 29 32 61
7 9 19 16 20 83
7 10 97 64 31 55
7 11 97 54 92 63
7 12 87 24 24 59
7 13 35 56 35 67
7 14 86 37 37 58
8 9 21 39 25 48
8 10 29 54 12 16
8 11 65 83 30 75
8 12 85 60 67 80
8 13 76 79 85 48
8 14 22 55 10 17
9 10 66 36 51 40
9 11 60 16 56 59
9 12 37 17 78 42
9 13 52 38 49 39
9 14 86 95 81 23
10 11 64 45 81 24
10 12 84 20 81 71
10 13 38 67 44 73
10 14 9 5 25 62
11 12 2 54 9 3
11 13 49 75 76 72
11 14 26 82 53 67
12 13 29 54 24 31
12 14 94 24 49 33
13 14 0 62 54 73
