17 4
0.6 0 0 0.4
0 1 27 38 27 28
0 2 73 64 76 63
0 3 69 62 63 68
0 4 83 81 72 77
0 5 44 38 46 47
0 6 55 59 58 52
0 7 43 46 46 51
0 8 55 56 57 52
0 9 13 21 14 16
0 10 64 66 55 66
0 11 40 35 47 48
0 12 3 3 9 18
0 13 52 54 46 54
0 14 34 40 38 35
0 15 14 14 13 17
0 16 71 65 66 65
1 2 40 39 42 37
1 3 96 95 92 86
1 4 70 71 73 64
1 5 70 73 68 66
1 6 36 42 44 43
1 7 95 90 81 90
1 8 34 32 36 29
1 9 85 77 73 72
1 10 1 10 14 10
1 11 48 54 48 51
1 12 97 94 96 87
1 13 80 73 73 73
1 14 18 21 16 18
1 15 57 51 61 52
1 16 68 59 65 73
2 3 79 77 80 77
2 4 95 91 94 90
2 5 73 63 70 72
2 6 69 59 59 66
2 7 97 90 95 93
2 8 30 38 32 36
2 9 92 91 91 78
2 10 87 79 77 88
2 11 52 44 51 50
2 12 77 68 71 75
2 13 37 44 40 46
2 14 92 93 89 83
2 15 1 10 5 8
2 16 56 57 60 52
3 4 91 79 90 89
3 5 74 66 71 74
3 6 54 60 56 54
3 7 72 69 74 73
3 8 41 42 37 47
3 9 26 31 27 24
3 10 35 38 30 41
3 11 25 33 24 27
3 12 39 34 36 41
3 13 20 30 25 21
3 14 28 30 38 27
3 15 94 87 84 89
3 16 7 10 11 16
4 5 96 92 81 94
4 6 99 92 98 85
4 7 81 73 70 69
4 8 33 35 38 29
4 9 68 64 66 59
4 10 11 21 10 14
4 11 75 69 68 69
4 12 30 31 35 34
4 13 51 44 58 57
4 14 6 18 16 10
4 15 35 43 33 42
4 16 96 89 96 96
5 6 19 31 30 30
5 7 71 62 74 61
5 8 23 29 25 22
5 9 76 69 77 72
5 10 66 70 67 59
5 11 32 38 41 41
5 12 68 59 64 61
5 13 40 43 34 48
5 14 66 70 70 65
5 15 32 29 30 29
5 16 47 43 48 47
6 7 29 37 35 26
6 8 32 29 38 37
6 9 25 32 27 27
6 10 73 77 77 73
6 11 8 11 15 14
6 12 39 33 42 45
6 13 71 68 62 64
6 14 98 97 89 84
6 15 26 27 35 24
6 16 76 66 77 65
7 8 86 85 87 77
7 9 60 58 66 61
7 10 21 23 21 19
7 11 26 25 29 28
7 12 69 66 71 65
7 13 38 34 42 44
7 14 27 37 31 23
7 15 65 57 62 70
7 16 13 19 25 21
8 9 44 41 45 51
8 10 39 44 46 42
8 11 80 76 77 78
8 12 27 28 30 32
8 13 90 88 87 82
8 14 51 43 54 46
8 15 16 27 23 24
8 16 43 50 45 45
9 10 14 22 21 16
9 11 68 69 60 64
9 12 9 20 10 13
9 13 88 78 82 83
9 14 19 25 23 27
9 15 33 41 31 34
9 16 23 29 34 23
10 11 53 59 48 47
10 12 78 68 77 71
10 13 56 49 48 62
10 14 48 47 54 48
10 15 57 60 62 52
10 16 49 51 43 47
11 12 24 32 25 33
11 13 20 29 20 21
11 14 27 34 35 24
11 15 35 41 41 37
11 16 25 25 34 31
12 13 13 11 11 18
12 14 55 51 51 49
12 15 4 6 15 13
12 16 97 93 84 95
13 14 52 51 59 44
13 15 93 87 94 89
13 16 43 44 46 37
14 15 82 78 82 77
14 16 43 39 37 40
15 16 94 82 84 90
