20 4
0.4 0 0 0.6
0 1 21 39 18 42
0 2 92 72 73 68
0 3 66 38 62 59
0 4 56 30 71 63
0 5 83 89 80 89
0 6 23 41 57 31
0 7 91 78 84 82
0 8 72 74 65 57
0 9 92 57 46 91
0 10 55 71 32 29
0 11 65 61 82 53
0 12 56 37 67 67
0 13 77 45 41 75
0 14 88 76 75 63
0 15 8 33 31 36
0 16 7 17 18 51
0 17 0 37 3 13
0 18 75 38 68 60
0 19 50 57 45 58
1 2 27 23 22 14
1 3 6 5 17 6
1 4 29 48 36 22
1 5 36 62 22 55
1 6 2 6 34 9
1 7 97 90 56 76
1 8 12 6 46 19
1 9 72 65 56 37
1 10 2 15 38 17
1 11 81 66 60 86
1 12 88 45 63 58
1 13 82 88 87 82
1 14 6 12 6 24
1 15 35 29 18 18
1 16 15 52 21 34
1 17 68 47 80 57
1 18 72 43 53 39
1 19 20 36 52 17
2 3 65 41 50 36
2 4 77 40 44 39
2 5 62 57 52 59
2 6 47 48 37 43
2 7 12 7 49 16
2 8 2 37 21 32
2 9 96 67 86 96
2 10 67 60 59 38
2 11 47 50 29 58
2 12 50 50 66 41
2 13 84 52 82 77
2 14 13 40 30 7
2 15 9 49 47 25
2 16 50 35 61 63
2 17 10 8 8 49
2 18 49 54 58 61
2 19 39 54 32 46
3 4 19 28 57 17
3 5 34 35 53 52
3 6 32 45 62 29
3 7 17 56 14 32
3 8 26 41 51 34
3 9 42 68 60 51
3 10 0 9 5 21
3 11 64 72 80 47
3 12 73 50 53 50
3 13 86 83 64 66
3 14 69 52 37 58
3 15 69 64 79 55
3 16 75 48 59 50
3 17 46 71 34 63
3 18 65 41 38 58
3 19 65 55 44 40
4 5 31 19 30 54
4 6 53 50 27 59
4 7 51 27 32 37
4 8 46 34 39 59
4 9 87 72 68 75
4 10 39 65 25 21
4 11 75 56 74 51
4 12 18 57 40 53
4 13 63 62 54 73
4 14 8 53 47 19
4 15 51 59 38 64
4 16 98 49 61 53
4 17 77 49 48 41
4 18 68 44 45 65
4 19 29 23 15 37
5 6 47 32 57 33
5 7 84 78 91 66
5 8 56 29 52 53
5 9 55 60 42 69
5 10 38 25 58 36
5 11 90 47 57 79
5 12 47 59 53 41
5 13 20 27 34 50
5 14 47 55 61 66
5 15 7 28 18 10
5 16 92 68 53 60
5 17 90 88 91 48
5 18 89 57 65 75
5 19 67 82 52 77
6 7 68 47 66 59
6 8 99 85 76 75
6 9 92 48 51 75
6 10 94 82 71 81
6 11 27 41 45 24
6 12 56 68 44 41
6 13 42 33 37 50
6 14 14 23 55 49
6 15 95 74 83 67
6 16 72 80 37 39
6 17 31 49 26 38
6 18 93 65 47 67
6 19 92 92 83 68
7 8 91 78 92 94
7 9 84 47 87 90
7 10 39 19 40 34
7 11 17 19 28 9
7 12 69 57 71 53
7 13 34 37 19 51
7 14 71 53 57 49
7 15 30 61 30 25
7 16 60 69 59 32
7 17 64 53 44 61
7 18 40 58 57 50
7 19 60 39 40 65
8 9 95 48 91 51
8 10 90 89 76 83
8 11 76 81 47 56
8 12 11 17 33 46
8 13 70 59 74 54
8 14 28 40 58 20
8 15 1 18 26 2
8 16 64 62 49 69
8 17 41 48 59 26
8 18 10 55 48 15
8 19 47 56 65 42
9 10 69 65 79 62
9 11 9 43 31 45
9 12 61 45 80 53
9 13 69 43 50 76
9 14 5 4 24 30
9 15 92 76 52 84
9 16 81 68 72 68
9 17 27 32 29 42
9 18 78 84 52 49
9 19 57 36 42 40
10 11 20 34 31 24
10 12 45 33 63 29
10 13 1 4 10 41
10 14 7 23 21 25
10 15 74 79 75 86
10 16 69 70 73 81
10 17 17 19 47 58
10 18 16 48 20 10
10 19 79 66 80 77
11 12 17 21 26 33
11 13 83 44 49 72
11 14 24 42 37 53
11 15 51 36 62 29
11 16 10 39 48 26
11 17 0 29 40 3
11 18 31 38 30 16
11 19 42 30 27 52
12 13 22 39 38 21
12 14 83 85 65 83
12 15 66 72 46 44
12 16 90 83 95 63
12 17 75 49 60 55
12 18 18 57 45 56
12 19 49 63 36 53
13 14 2 8 10 19
13 15 63 70 40 47
13 16 74 45 41 85
13 17 28 59 18 62
13 18 36 45 37 35
13 19 85 82 59 90
14 15 0 31 47 8
14 16 73 45 80 81
14 17 59 73 62 45
14 18 50 67 34 71
14 19 99 55 60 93
15 16 47 38 60 54
15 17 23 37 44 56
15 18 58 58 48 65
15 19 88 61 57 91
16 17 6 43 27 9
16 18 48 24 62 35
16 19 83 58 58 79
17 18 58 78 43 63
17 19 90 75 81 57
18 19 47 54 71 31
