48 4
0.2 0 0 0.8
0 1 29 30 28 33
0 2 56 62 52 60
0 3 57 56 51 55
0 4 85 83 82 79
0 5 80 75 82 69
0 6 47 40 40 45
0 7 36 31 45 44
0 8 63 54 65 64
0 9 84 75 82 84
0 10 38 35 37 33
0 11 36 39 45 33
0 12 92 82 88 86
0 13 84 75 79 81
0 14 46 48 50 41
0 15 76 76 76 65
0 16 59 61 57 57
0 17 30 32 32 39
0 18 10 17 16 19
0 19 37 40 41 37
0 20 79 76 78 82
0 21 46 39 47 40
0 22 11 11 19 11
0 23 25 30 27 23
0 24 31 34 39 30
0 25 10 13 13 19
0 26 43 42 42 38
0 27 38 36 41 38
0 28 23 27 25 32
0 29 94 86 87 92
0 30 43 51 41 47
0 31 61 61 58 54
0 32 26 22 24 30
0 33 97 85 88 97
0 34 30 37 29 28
0 35 88 82 82 78
0 36 19 24 20 30
0 37 18 31 22 24
0 38 35 38 37 40
0 39 48 49 49 55
0 40 6 9 14 7
0 41 68 60 70 66
0 42 71 68 60 62
0 43 1 8 9 15
0 44 11 22 14 20
0 45 57 57 54 55
0 46 88 81 76 77
0 47 77 76 75 75
1 2 42 45 38 49
1 3 18 24 17 23
1 4 95 87 84 85
1 5 31 35 35 41
1 6 48 50 53 52
1 7 45 47 43 49
1 8 2 12 4 15
1 9 14 18 24 24
1 10 70 70 73 66
1 11 52 56 53 56
1 12 53 52 47 48
1 13 26 32 23 23
1 14 48 45 54 51
1 15 67 68 62 63
1 16 61 54 66 54
1 17 46 49 49 46
1 18 16 21 20 15
1 19 93 85 92 93
1 20 18 15 27 15
1 21 40 46 35 46
1 22 7 8 9 20
1 23 75 66 76 74
1 24 34 35 39 38
1 25 99 89 95 90
1 26 35 30 39 42
1 27 92 81 80 88
1 28 23 22 34 28
1 29 33 38 29 41
1 30 35 30 41 39
1 31 75 77 78 69
1 32 60 64 51 61
1 33 78 78 73 71
1 34 98 89 88 91
1 35 74 72 75 69
1 36 47 43 48 41
1 37 90 82 78 78
1 38 3 12 7 13
1 39 67 61 60 71
1 40 17 21 15 28
1 41 1 13 4 3
1 42 49 52 53 53
1 43 94 81 82 87
1 44 35 30 41 36
1 45 54 47 59 57
1 46 25 28 31 26
1 47 86 87 83 77
2 3 7 17 13 20
2 4 57 55 54 61
2 5 91 86 84 92
2 6 46 45 46 45
2 7 38 36 34 47
2 8 85 86 80 84
2 9 28 33 26 28
2 10 83 76 74 73
2 11 51 57 53 54
2 12 13 20 25 22
2 13 88 89 81 85
2 14 81 71 74 84
2 15 77 69 73 71
2 16 30 29 33 30
2 17 90 90 91 91
2 18 11 14 11 21
2 19 96 85 93 90
2 20 56 53 56 57
2 21 13 13 15 25
2 22 44 39 41 49
2 23 18 23 21 16
2 24 70 60 68 66
2 25 20 21 20 27
2 26 99 93 93 91
2 27 76 76 73 71
2 28 31 41 40 32
2 29 92 89 86 89
2 30 52 58 58 58
2 31 12 25 18 24
2 32 21 18 26 29
2 33 95 95 82 88
2 34 91 88 86 77
2 35 5 5 14 11
2 36 41 36 40 41
2 37 43 50 40 46
2 38 52 54 59 58
2 39 9 21 19 18
2 40 79 72 81 81
2 41 17 22 29 22
2 42 55 57 55 59
2 43 98 93 94 89
2 44 88 87 79 89
2 45 38 46 43 41
2 46 36 40 32 38
2 47 82 81 81 84
3 4 88 83 82 79
3 5 62 63 67 64
3 6 31 39 36 38
3 7 14 24 23 14
3 8 91 90 87 89
3 9 38 39 39 40
3 10 97 94 93 83
3 11 80 80 71 69
3 12 16 16 24 14
3 13 73 66 65 71
3 14 73 70 73 77
3 15 87 75 84 77
3 16 3 14 9 12
3 17 53 51 46 56
3 18 49 53 50 42
3 19 51 43 54 50
3 20 82 83 79 77
3 21 22 24 24 26
3 22 10 13 18 22
3 23 31 28 34 32
3 24 51 49 51 49
3 25 18 25 16 21
3 26 14 21 17 13
3 27 47 43 46 43
3 28 26 36 23 28
3 29 83 80 74 75
3 30 35 33 35 32
3 31 50 54 50 44
3 32 26 33 23 28
3 33 76 75 68 68
3 34 1 8 4 2
3 35 83 82 84 80
3 36 93 86 84 81
3 37 27 30 31 35
3 38 69 64 70 66
3 39 14 26 22 17
3 40 29 27 34 29
3 41 59 59 65 51
3 42 13 14 25 14
3 43 52 47 51 56
3 44 47 40 41 40
3 45 16 25 25 26
3 46 52 48 56 56
3 47 39 41 41 45
4 5 11 18 18 14
4 6 12 21 17 18
4 7 63 66 62 55
4 8 62 58 58 67
4 9 31 30 34 34
4 10 34 34 31 31
4 11 83 72 71 83
4 12 0 4 8 2
4 13 44 40 45 46
4 14 11 18 10 24
4 15 59 53 52 65
4 16 62 64 53 62
4 17 8 7 8 12
4 18 89 79 79 86
4 19 39 44 45 44
4 20 29 30 38 36
4 21 71 74 63 65
4 22 51 56 45 54
4 23 38 47 40 46
4 24 53 54 53 47
4 25 93 88 88 83
4 26 94 93 87 80
4 27 88 80 84 82
4 28 27 24 37 35
4 29 4 14 19 16
4 30 28 30 35 36
4 31 62 56 66 66
4 32 1 2 4 9
4 33 41 37 40 39
4 34 29 32 28 38
4 35 15 24 18 22
4 36 1 8 15 6
4 37 39 38 43 39
4 38 59 63 65 54
4 39 54 51 61 57
4 40 24 33 22 25
4 41 57 61 54 50
4 42 57 56 54 56
4 43 29 28 27 36
4 44 58 57 53 57
4 45 7 10 11 8
4 46 56 52 55 57
4 47 31 36 26 37
5 6 58 64 54 49
5 7 73 69 72 66
5 8 61 59 58 62
5 9 27 35 33 29
5 10 35 42 43 37
5 11 4 12 8 15
5 12 70 68 60 71
5 13 17 28 27 22
5 14 7 12 10 16
5 15 12 14 17 11
5 16 44 41 43 42
5 17 19 16 21 30
5 18 8 21 9 19
5 19 20 17 22 21
5 20 46 50 41 47
5 21 2 5 6 13
5 22 71 71 73 61
5 23 45 50 48 39
5 24 62 64 60 52
5 25 74 70 66 78
5 26 90 88 79 87
5 27 23 30 23 30
5 28 76 70 76 69
5 29 49 45 55 49
5 30 38 32 37 33
5 31 88 85 77 76
5 32 26 28 28 32
5 33 66 71 62 67
5 34 5 8 12 6
5 35 39 46 44 38
5 36 19 25 26 20
5 37 54 60 56 56
5 38 58 63 57 57
5 39 13 13 15 25
5 40 99 90 92 87
5 41 40 41 36 40
5 42 13 23 26 21
5 43 4 14 10 16
5 44 61 64 59 53
5 45 7 10 13 10
5 46 87 86 85 87
5 47 35 37 31 42
6 7 1 11 12 10
6 8 45 46 39 45
6 9 94 91 92 94
6 10 99 87 96 97
6 11 53 55 60 54
6 12 40 38 41 44
6 13 99 89 84 98
6 14 60 63 59 52
6 15 65 57 62 68
6 16 6 6 11 10
6 17 36 33 32 40
6 18 79 75 68 75
6 19 92 78 91 91
6 20 82 81 74 80
6 21 67 70 69 67
6 22 42 38 39 48
6 23 38 44 37 46
6 24 7 18 14 20
6 25 46 45 43 45
6 26 1 4 14 3
6 27 35 35 41 37
6 28 87 89 76 88
6 29 81 71 74 79
6 30 70 63 60 68
6 31 80 69 71 82
6 32 6 5 17 19
6 33 37 45 38 35
6 34 48 55 55 42
6 35 85 79 80 86
6 36 59 63 57 53
6 37 63 57 54 62
6 38 10 11 22 21
6 39 75 66 67 69
6 40 67 63 59 71
6 41 76 68 79 69
6 42 86 76 74 77
6 43 78 71 68 73
6 44 38 43 44 37
6 45 22 28 32 29
6 46 67 58 65 68
6 47 97 89 94 88
7 8 27 34 28 25
7 9 81 76 71 76
7 10 46 43 52 51
7 11 89 84 80 88
7 12 84 72 78 73
7 13 41 46 37 40
7 14 42 45 37 43
7 15 71 73 62 64
7 16 4 10 17 11
7 17 91 91 91 81
7 18 45 39 50 51
7 19 51 45 44 45
7 20 65 65 66 67
7 21 28 26 38 27
7 22 67 64 68 64
7 23 16 27 22 14
7 24 4 17 8 8
7 25 87 89 74 79
7 26 87 88 76 76
7 27 22 21 26 26
7 28 19 31 23 16
7 29 43 46 42 47
7 30 19 17 16 28
7 31 65 61 68 65
7 32 80 78 72 77
7 33 50 49 56 52
7 34 6 18 19 15
7 35 73 76 69 71
7 36 70 71 72 71
7 37 12 23 20 14
7 38 10 10 14 13
7 39 6 7 15 11
7 40 36 34 36 33
7 41 83 78 77 73
7 42 43 45 42 49
7 43 48 49 53 46
7 44 95 92 84 86
7 45 71 75 75 64
7 46 8 13 9 13
7 47 82 83 71 71
8 9 35 39 34 42
8 10 97 90 84 92
8 11 69 71 59 68
8 12 50 47 47 55
8 13 8 11 8 20
8 14 24 31 29 21
8 15 95 90 91 85
8 16 27 25 24 30
8 17 15 15 19 15
8 18 96 86 92 86
8 19 59 60 62 56
8 20 4 15 10 11
8 21 91 83 89 87
8 22 64 62 61 68
8 23 52 50 47 56
8 24 21 19 22 21
8 25 52 47 50 48
8 26 68 59 65 58
8 27 14 14 15 13
8 28 17 19 17 27
8 29 9 13 20 15
8 30 81 80 81 82
8 31 66 58 67 60
8 32 12 20 17 23
8 33 79 72 81 79
8 34 48 52 51 54
8 35 99 96 97 88
8 36 27 38 27 25
8 37 57 53 63 54
8 38 80 70 83 71
8 39 28 29 31 38
8 40 76 75 74 68
8 41 70 68 70 71
8 42 41 35 36 38
8 43 70 68 63 69
8 44 51 52 57 48
8 45 7 8 17 13
8 46 96 83 95 93
8 47 64 61 60 65
9 10 85 84 80 75
9 11 94 95 91 81
9 12 92 92 87 84
9 13 1 2 5 8
9 14 84 76 72 78
9 15 93 92 89 80
9 16 72 74 61 72
9 17 12 12 20 24
9 18 81 70 71 74
9 19 52 55 52 49
9 20 34 39 36 31
9 21 9 13 10 12
9 22 99 91 90 88
9 23 96 96 86 82
9 24 45 48 47 53
9 25 20 20 24 21
9 26 77 79 77 68
9 27 79 75 73 72
9 28 65 64 59 56
9 29 57 50 61 56
9 30 77 78 74 76
9 31 64 55 58 63
9 32 77 76 65 69
9 33 47 51 50 53
9 34 4 4 5 8
9 35 97 85 93 90
9 36 97 92 87 89
9 37 44 50 50 38
9 38 1 2 9 1
9 39 96 91 88 94
9 40 61 64 61 57
9 41 62 64 67 52
9 42 63 68 67 66
9 43 96 85 94 83
9 44 82 74 80 77
9 45 56 53 52 53
9 46 50 52 46 44
9 47 45 42 43 49
10 11 3 8 5 13
10 12 13 21 24 26
10 13 18 24 17 17
10 14 36 42 42 36
10 15 89 78 82 89
10 16 83 79 80 83
10 17 96 85 83 83
10 18 54 59 48 48
10 19 23 20 31 27
10 20 67 58 57 60
10 21 28 32 27 28
10 22 31 35 29 39
10 23 34 40 31 31
10 24 21 31 21 28
10 25 51 57 43 50
10 26 52 48 49 57
10 27 88 86 89 76
10 28 50 53 46 45
10 29 2 1 5 6
10 30 50 52 55 43
10 31 93 82 86 86
10 32 99 98 95 94
10 33 90 77 88 80
10 34 12 23 13 22
10 35 21 29 22 18
10 36 61 59 59 60
10 37 41 44 49 44
10 38 54 48 58 55
10 39 12 11 13 14
10 40 7 17 17 11
10 41 54 50 58 51
10 42 59 54 52 52
10 43 37 40 37 45
10 44 88 80 90 87
10 45 47 40 52 54
10 46 33 34 43 35
10 47 74 63 65 75
11 12 89 87 87 89
11 13 40 44 34 34
11 14 59 64 64 64
11 15 70 74 61 71
11 16 40 43 48 41
11 17 27 24 30 26
11 18 98 87 93 95
11 19 1 11 10 7
11 20 8 20 7 8
11 21 78 67 74 79
11 22 8 12 19 10
11 23 81 75 79 80
11 24 73 75 69 72
11 25 2 9 16 16
11 26 92 90 80 85
11 27 28 36 26 38
11 28 11 13 14 22
11 29 41 50 35 44
11 30 86 82 74 87
11 31 57 49 54 48
11 32 89 90 91 90
11 33 35 41 36 35
11 34 8 10 19 20
11 35 57 60 49 63
11 36 18 30 19 24
11 37 54 61 49 49
11 38 75 78 67 77
11 39 37 43 37 38
11 40 19 24 20 27
11 41 7 17 6 9
11 42 58 58 56 58
11 43 68 58 68 65
11 44 58 57 57 55
11 45 55 49 54 56
11 46 96 84 84 82
11 47 77 72 76 69
12 13 72 65 70 70
12 14 14 18 12 17
12 15 0 3 14 4
12 16 55 57 52 48
12 17 67 67 65 70
12 18 21 31 23 25
12 19 21 22 25 27
12 20 87 87 77 87
12 21 82 73 76 84
12 22 31 39 33 41
12 23 30 40 36 27
12 24 52 45 56 58
12 25 11 21 20 20
12 26 69 69 62 62
12 27 64 59 69 66
12 28 37 37 32 37
12 29 53 52 58 57
12 30 13 18 24 12
12 31 30 35 38 39
12 32 65 60 69 55
12 33 86 79 85 80
12 34 22 31 20 28
12 35 59 57 61 64
12 36 12 12 20 23
12 37 30 27 36 29
12 38 2 4 6 14
12 39 27 36 37 24
12 40 33 31 32 34
12 41 93 86 85 89
12 42 66 71 64 56
12 43 47 43 53 43
12 44 74 73 74 66
12 45 99 86 98 91
12 46 8 10 12 11
12 47 37 36 39 44
13 14 78 72 70 78
13 15 96 90 81 82
13 16 87 81 79 76
13 17 59 56 55 63
13 18 32 32 40 30
13 19 15 22 13 21
13 20 88 75 82 87
13 21 28 34 38 25
13 22 17 17 19 27
13 23 7 12 14 16
13 24 90 80 85 80
13 25 13 20 17 20
13 26 95 87 89 92
13 27 55 56 59 48
13 28 68 63 71 62
13 29 93 93 83 90
13 30 58 62 50 51
13 31 5 10 7 14
13 32 31 33 41 30
13 33 77 80 73 67
13 34 50 52 44 54
13 35 65 65 68 60
13 36 35 42 38 42
13 37 6 11 20 17
13 38 99 89 92 88
13 39 79 76 79 74
13 40 32 30 35 32
13 41 20 24 19 24
13 42 73 64 74 67
13 43 62 54 62 67
13 44 87 81 85 75
13 45 59 59 60 58
13 46 11 15 17 12
13 47 64 56 66 67
14 15 77 77 74 79
14 16 58 51 62 49
14 17 13 18 12 18
14 18 85 84 80 74
14 19 53 56 57 59
14 20 79 81 69 79
14 21 57 52 62 63
14 22 51 50 58 44
14 23 98 96 93 85
14 24 95 82 82 89
14 25 56 50 50 61
14 26 37 45 34 41
14 27 60 57 64 57
14 28 95 95 81 83
14 29 71 62 71 71
14 30 10 14 20 19
14 31 11 21 20 19
14 32 17 19 25 23
14 33 29 27 35 30
14 34 83 73 83 81
14 35 12 23 10 10
14 36 45 44 51 40
14 37 4 5 10 13
14 38 46 42 54 48
14 39 62 55 57 53
14 40 36 45 37 41
14 41 80 74 82 77
14 42 96 93 93 83
14 43 55 47 61 62
14 44 20 31 24 27
14 45 14 25 12 13
14 46 76 64 76 73
14 47 22 19 24 33
15 16 3 17 6 4
15 17 67 63 59 70
15 18 54 49 52 53
15 19 78 73 68 80
15 20 0 13 4 9
15 21 9 14 16 11
15 22 74 68 73 66
15 23 49 54 45 47
15 24 34 36 43 34
15 25 27 25 23 29
15 26 4 5 8 10
15 27 68 70 62 69
15 28 2 15 16 14
15 29 80 76 74 72
15 30 15 16 15 13
15 31 96 89 86 95
15 32 86 83 82 79
15 33 14 27 15 19
15 34 81 80 73 75
15 35 11 18 23 11
15 36 22 22 26 33
15 37 19 25 29 25
15 38 42 41 42 42
15 39 72 71 66 75
15 40 14 24 14 16
15 41 76 69 79 70
15 42 74 75 69 67
15 43 43 39 39 36
15 44 98 97 93 87
15 45 3 17 4 4
15 46 67 65 58 60
15 47 10 15 13 10
16 17 95 83 90 88
16 18 50 46 56 53
16 19 60 57 51 63
16 20 80 73 78 79
16 21 65 62 68 67
16 22 85 84 84 73
16 23 42 41 47 40
16 24 47 40 45 46
16 25 64 57 57 55
16 26 25 25 28 32
16 27 59 55 51 58
16 28 53 55 50 51
16 29 72 72 71 64
16 30 87 86 85 80
16 31 54 49 57 52
16 32 40 43 46 48
16 33 4 9 7 10
16 34 79 81 81 69
16 35 30 33 38 33
16 36 2 8 6 6
16 37 2 7 3 3
16 38 35 44 35 31
16 39 2 13 13 7
16 40 17 20 23 17
16 41 54 61 48 48
16 42 53 56 54 52
16 43 47 41 50 41
16 44 93 87 83 84
16 45 57 63 53 61
16 46 6 10 11 9
16 47 40 46 38 39
17 18 82 79 70 71
17 19 39 42 41 41
17 20 39 46 39 40
17 21 43 48 42 38
17 22 65 62 61 65
17 23 20 23 17 20
17 24 2 4 6 2
17 25 70 74 70 60
17 26 63 55 53 55
17 27 21 25 30 25
17 28 66 60 58 65
17 29 28 23 30 30
17 30 59 57 51 61
17 31 88 80 77 86
17 32 45 42 39 52
17 33 76 79 79 71
17 34 8 13 16 21
17 35 19 27 29 22
17 36 49 44 53 49
17 37 40 48 46 40
17 38 55 52 59 56
17 39 85 81 85 78
17 40 47 50 50 55
17 41 85 80 76 83
17 42 17 18 19 25
17 43 5 17 18 4
17 44 68 65 72 66
17 45 23 27 32 30
17 46 19 30 19 23
17 47 15 16 16 21
18 19 50 49 45 52
18 20 45 49 38 40
18 21 57 57 60 57
18 22 31 32 29 39
18 23 21 31 18 18
18 24 54 55 57 59
18 25 43 40 37 50
18 26 57 63 63 54
18 27 51 50 57 47
18 28 79 77 79 77
18 29 13 19 23 23
18 30 59 55 53 58
18 31 47 44 45 42
18 32 20 26 18 27
18 33 55 49 57 52
18 34 1 15 6 15
18 35 90 77 77 87
18 36 26 29 29 26
18 37 94 81 93 86
18 38 12 14 14 12
18 39 73 65 76 69
18 40 76 69 75 75
18 41 44 38 43 38
18 42 8 14 11 12
18 43 96 90 87 92
18 44 15 23 15 27
18 45 15 24 14 20
18 46 18 30 27 27
18 47 2 3 12 14
19 20 66 63 68 69
19 21 37 44 41 38
19 22 10 17 21 20
19 23 20 25 29 23
19 24 99 99 88 88
19 25 8 13 17 22
19 26 66 62 67 63
19 27 24 33 25 23
19 28 97 97 93 95
19 29 88 82 82 86
19 30 45 49 44 52
19 31 81 69 78 80
19 32 50 49 57 47
19 33 32 34 29 33
19 34 75 67 66 74
19 35 8 16 18 22
19 36 59 61 57 62
19 37 89 83 89 80
19 38 45 50 52 49
19 39 69 72 59 61
19 40 37 34 46 40
19 41 88 87 78 83
19 42 41 39 43 43
19 43 2 13 14 5
19 44 54 52 56 47
19 45 23 19 33 33
19 46 48 55 47 54
19 47 24 22 23 36
20 21 34 40 42 42
20 22 21 31 22 21
20 23 31 30 38 39
20 24 70 64 68 65
20 25 87 80 79 80
20 26 14 26 26 13
20 27 38 42 44 36
20 28 21 24 33 19
20 29 12 19 23 19
20 30 94 90 84 91
20 31 31 31 32 36
20 32 82 70 82 84
20 33 70 60 72 60
20 34 40 42 44 38
20 35 74 63 74 76
20 36 69 67 69 71
20 37 1 13 15 13
20 38 63 63 65 64
20 39 92 79 89 80
20 40 89 79 78 82
20 41 99 87 98 97
20 42 62 58 53 62
20 43 48 54 42 49
20 44 26 24 29 35
20 45 85 73 76 86
20 46 23 32 25 28
20 47 18 26 18 23
21 22 51 52 57 58
21 23 99 86 92 97
21 24 61 63 53 54
21 25 13 13 23 11
21 26 28 30 38 35
21 27 76 76 68 76
21 28 59 60 51 58
21 29 72 63 70 67
21 30 74 71 71 64
21 31 4 8 17 7
21 32 23 26 20 27
21 33 84 80 76 76
21 34 46 52 45 49
21 35 36 38 34 40
21 36 37 33 43 42
21 37 53 56 58 45
21 38 11 19 23 11
21 39 4 11 18 5
21 40 53 53 60 49
21 41 53 45 51 49
21 42 97 93 87 95
21 43 18 19 28 28
21 44 59 54 59 58
21 45 8 10 13 20
21 46 41 43 49 45
21 47 33 37 38 42
22 23 89 86 88 88
22 24 80 81 82 80
22 25 97 91 84 95
22 26 73 71 72 74
22 27 54 56 55 47
22 28 80 80 75 79
22 29 86 81 79 79
22 30 5 5 16 5
22 31 89 80 78 77
22 32 78 80 76 72
22 33 34 42 35 36
22 34 42 45 38 45
22 35 20 23 25 28
22 36 79 72 75 74
22 37 30 36 31 39
22 38 43 50 50 46
22 39 51 55 44 45
22 40 5 9 18 8
22 41 80 80 70 70
22 42 1 4 9 11
22 43 90 88 85 83
22 44 2 17 7 2
22 45 7 11 15 21
22 46 89 77 84 86
22 47 19 29 28 27
23 24 68 60 61 59
23 25 79 80 74 69
23 26 21 31 24 25
23 27 35 34 43 32
23 28 34 35 30 31
23 29 33 40 33 36
23 30 40 47 37 36
23 31 71 74 61 73
23 32 68 67 69 65
23 33 34 30 31 30
23 34 5 6 4 11
23 35 53 46 51 55
23 36 3 17 4 5
23 37 30 27 40 30
23 38 60 59 62 57
23 39 49 50 53 47
23 40 73 65 71 73
23 41 99 89 94 98
23 42 31 32 38 29
23 43 4 16 4 15
23 44 47 41 44 40
23 45 57 53 62 50
23 46 14 13 22 16
23 47 94 95 94 84
24 25 67 64 68 62
24 26 81 78 73 83
24 27 6 19 15 17
24 28 71 68 66 73
24 29 0 6 6 13
24 30 56 53 51 60
24 31 84 74 73 80
24 32 15 26 27 25
24 33 9 14 12 21
24 34 57 51 49 59
24 35 31 36 39 35
24 36 45 47 40 42
24 37 63 61 57 55
24 38 1 4 10 3
24 39 2 7 7 5
24 40 85 75 87 87
24 41 71 65 72 69
24 42 15 14 23 15
24 43 48 52 53 54
24 44 91 82 80 84
24 45 59 57 54 52
24 46 6 7 8 15
24 47 80 74 69 82
25 26 51 55 54 52
25 27 3 8 15 3
25 28 16 25 25 24
25 29 16 15 22 23
25 30 0 8 14 15
25 31 32 36 30 27
25 32 27 38 27 36
25 33 11 18 24 19
25 34 6 16 16 17
25 35 43 48 37 43
25 36 55 55 61 52
25 37 39 34 44 46
25 38 43 44 37 48
25 39 48 49 46 53
25 40 28 25 27 26
25 41 41 49 38 45
25 42 16 22 28 21
25 43 85 84 85 78
25 44 13 11 25 20
25 45 38 47 34 44
25 46 34 44 32 37
25 47 56 56 48 60
26 27 64 61 62 60
26 28 99 88 89 90
26 29 12 11 24 10
26 30 61 58 52 63
26 31 78 76 68 72
26 32 90 86 83 86
26 33 42 40 40 43
26 34 41 35 47 44
26 35 63 67 57 67
26 36 25 28 23 29
26 37 79 77 71 69
26 38 94 82 95 85
26 39 68 60 63 70
26 40 69 70 73 67
26 41 74 69 67 65
26 42 87 78 84 83
26 43 25 33 36 31
26 44 11 9 16 11
26 45 99 85 89 89
26 46 67 65 59 67
26 47 6 16 6 14
27 28 79 71 68 69
27 29 85 84 82 85
27 30 58 50 64 51
27 31 65 61 61 63
27 32 14 22 21 26
27 33 3 6 13 4
27 34 64 59 67 58
27 35 61 57 63 52
27 36 77 72 71 79
27 37 35 43 34 40
27 38 76 71 77 67
27 39 40 40 36 43
27 40 15 18 19 14
27 41 36 32 32 38
27 42 14 16 27 22
27 43 62 68 58 61
27 44 99 94 88 91
27 45 66 71 60 69
27 46 31 40 28 31
27 47 67 69 61 67
28 29 82 80 79 70
28 30 68 65 63 68
28 31 84 80 74 74
28 32 32 28 42 37
28 33 37 44 46 39
28 34 18 30 22 21
28 35 35 42 33 40
28 36 18 16 30 27
28 37 83 84 85 75
28 38 81 80 78 83
28 39 28 31 28 38
28 40 98 92 90 96
28 41 3 12 16 11
28 42 57 59 63 53
28 43 16 19 27 22
28 44 19 16 26 21
28 45 51 51 54 47
28 46 15 24 15 19
28 47 72 64 70 71
29 30 7 10 14 10
29 31 48 54 42 53
29 32 26 22 32 28
29 33 12 16 14 23
29 34 77 74 77 74
29 35 65 59 60 62
29 36 18 17 20 29
29 37 62 60 55 65
29 38 19 26 19 30
29 39 11 10 22 10
29 40 8 15 14 19
29 41 28 36 36 26
29 42 35 35 43 33
29 43 42 41 37 41
29 44 55 52 49 47
29 45 62 56 56 54
29 46 16 24 16 20
29 47 51 55 52 47
30 31 8 8 7 16
30 32 54 52 56 54
30 33 91 78 79 80
30 34 34 42 40 31
30 35 68 67 63 68
30 36 24 33 25 35
30 37 79 75 70 69
30 38 29 35 36 28
30 39 89 85 86 80
30 40 69 60 60 60
30 41 11 12 11 12
30 42 39 44 41 43
30 43 48 42 49 56
30 44 48 46 45 47
30 45 6 19 8 12
30 46 44 50 52 49
30 47 95 95 83 95
31 32 85 86 84 76
31 33 91 89 81 86
31 34 8 12 12 11
31 35 18 16 22 18
31 36 78 70 76 66
31 37 88 86 80 88
31 38 77 80 77 76
31 39 81 70 78 75
31 40 24 33 35 33
31 41 22 22 31 20
31 42 87 76 75 85
31 43 40 48 49 43
31 44 17 19 27 25
31 45 63 62 65 69
31 46 6 6 11 8
31 47 0 7 7 12
32 33 98 97 97 86
32 34 67 64 67 66
32 35 92 87 92 79
32 36 98 95 84 88
32 37 94 87 89 86
32 38 15 15 22 21
32 39 72 71 74 73
32 40 53 48 54 48
32 41 13 26 17 26
32 42 46 46 40 43
32 43 21 21 24 21
32 44 90 82 91 77
32 45 18 19 19 20
32 46 80 72 73 82
32 47 15 17 24 22
33 34 75 65 73 72
33 35 18 23 29 28
33 36 35 36 35 40
33 37 55 56 55 54
33 38 72 66 72 70
33 39 66 65 61 61
33 40 14 26 25 15
33 41 7 13 10 11
33 42 64 59 58 56
33 43 4 11 15 15
33 44 81 71 74 73
33 45 16 20 19 27
33 46 73 68 74 76
33 47 24 32 31 28
34 35 93 82 83 81
34 36 88 83 76 80
34 37 1 7 9 7
34 38 68 58 62 67
34 39 80 73 76 79
34 40 59 56 59 62
34 41 93 80 85 81
34 42 22 33 28 32
34 43 58 57 53 58
34 44 61 64 60 54
34 45 30 32 27 32
34 46 0 1 10 9
34 47 49 41 43 45
35 36 31 29 36 33
35 37 46 53 45 46
35 38 1 10 16 11
35 39 23 24 30 33
35 40 15 18 25 23
35 41 99 88 91 93
35 42 23 25 24 25
35 43 43 48 47 41
35 44 70 66 73 70
35 45 40 47 38 35
35 46 50 50 50 57
35 47 45 48 43 50
36 37 67 57 65 63
36 38 83 73 78 73
36 39 48 44 47 43
36 40 18 28 28 19
36 41 4 11 6 10
36 42 68 68 72 59
36 43 97 93 95 86
36 44 94 86 84 93
36 45 19 22 19 31
36 46 24 27 22 31
36 47 61 58 55 59
37 38 33 32 35 38
37 39 50 51 52 57
37 40 1 15 10 9
37 41 95 93 94 87
37 42 26 28 23 36
37 43 95 90 82 90
37 44 14 20 25 16
37 45 97 86 92 86
37 46 2 5 6 3
37 47 35 32 44 32
38 39 61 52 62 66
38 40 5 9 19 19
38 41 30 29 32 37
38 42 57 60 60 58
38 43 31 33 39 28
38 44 13 14 18 20
38 45 99 93 99 87
38 46 10 14 11 12
38 47 24 21 30 24
39 40 16 20 15 25
39 41 84 74 75 80
39 42 51 45 53 53
39 43 3 3 3 16
39 44 23 29 31 32
39 45 36 39 45 38
39 46 47 49 50 52
39 47 56 62 50 62
40 41 59 63 56 60
40 42 84 86 73 76
40 43 63 58 55 60
40 44 8 9 10 16
40 45 26 30 29 24
40 46 38 47 42 43
40 47 99 85 92 97
41 42 86 74 77 85
41 43 1 15 4 7
41 44 68 59 60 67
41 45 91 90 80 89
41 46 74 68 76 74
41 47 30 34 39 37
42 43 43 50 50 43
42 44 41 39 42 41
42 45 69 72 71 66
42 46 47 52 54 48
42 47 71 73 74 66
43 44 55 57 51 56
43 45 36 42 45 35
43 46 62 56 65 67
43 47 48 56 44 46
44 45 40 46 42 49
44 46 47 49 46 54
44 47 18 20 19 16
45 46 9 9 22 9
45 47 60 60 63 66
46 47 67 71 72 72
