20 5
0.7 0 0 0 0.3
0 1 21 28 30 32 29
0 2 33 38 36 29 36
0 3 13 17 24 20 16
0 4 13 14 18 20 15
0 5 96 88 84 83 82
0 6 5 8 19 14 11
0 7 94 90 88 81 88
0 8 63 57 61 60 65
0 9 7 16 11 18 13
0 10 6 7 7 17 18
0 11 67 60 61 61 58
0 12 20 22 30 25 25
0 13 21 29 29 26 25
0 14 66 64 70 71 65
0 15 63 66 59 55 62
0 16 39 34 43 34 46
0 17 18 25 24 24 19
0 18 99 93 91 85 95
0 19 29 29 27 29 37
1 2 66 65 62 58 57
1 3 27 33 26 23 30
1 4 8 10 22 22 10
1 5 39 45 36 39 34
1 6 92 84 92 87 82
1 7 19 25 28 18 17
1 8 70 69 70 60 62
1 9 61 63 54 64 52
1 10 54 50 47 55 50
1 11 9 11 10 13 15
1 12 50 46 54 45 57
1 13 86 78 83 83 88
1 14 29 33 29 35 26
1 15 98 96 93 95 89
1 16 82 79 79 77 76
1 17 11 15 22 15 15
1 18 37 33 33 39 32
1 19 70 71 68 66 74
2 3 2 16 10 13 15
2 4 29 30 38 34 26
2 5 96 85 84 86 90
2 6 18 30 16 23 22
2 7 24 30 22 26 25
2 8 33 38 40 31 34
2 9 50 56 49 46 47
2 10 47 50 44 43 44
2 11 28 38 34 31 34
2 12 54 47 49 50 53
2 13 2 12 8 14 8
2 14 46 40 51 53 48
2 15 50 54 57 54 50
2 16 45 45 45 40 52
2 17 39 37 46 38 44
2 18 21 31 25 19 26
2 19 38 35 33 44 47
3 4 37 36 43 33 37
3 5 63 68 55 56 57
3 6 80 72 73 79 69
3 7 25 27 23 24 36
3 8 13 19 22 21 21
3 9 79 71 74 68 68
3 10 72 74 64 75 75
3 11 15 14 17 19 19
3 12 82 72 71 83 78
3 13 25 36 35 23 21
3 14 76 66 75 75 68
3 15 3 13 6 16 13
3 16 86 75 75 75 87
3 17 14 21 22 13 25
3 18 94 86 85 81 85
3 19 41 50 44 47 41
4 5 55 47 54 51 48
4 6 89 89 83 77 85
4 7 57 51 62 62 54
4 8 22 23 19 29 23
4 9 88 77 87 86 76
4 10 45 43 50 43 42
4 11 41 40 46 43 38
4 12 45 51 45 50 44
4 13 37 35 45 35 38
4 14 20 20 23 25 28
4 15 63 62 57 54 65
4 16 48 51 51 49 51
4 17 69 73 68 62 73
4 18 35 44 33 45 40
4 19 39 46 42 39 39
5 6 95 83 82 86 96
5 7 6 20 16 20 17
5 8 85 83 75 79 76
5 9 78 71 69 79 72
5 10 38 46 36 42 43
5 11 36 43 36 34 35
5 12 73 64 72 65 72
5 13 7 17 16 15 16
5 14 22 20 30 29 31
5 15 17 23 16 24 23
5 16 94 83 91 82 93
5 17 41 46 40 47 35
5 18 93 90 82 93 86
5 19 63 53 64 59 60
6 7 66 71 69 70 67
6 8 38 36 33 35 36
6 9 7 8 14 14 19
6 10 54 51 59 49 52
6 11 69 61 69 60 71
6 12 78 75 77 73 78
6 13 36 41 36 35 37
6 14 96 91 88 83 94
6 15 54 51 46 56 51
6 16 84 79 73 84 79
6 17 13 25 17 15 14
6 18 73 63 76 76 62
6 19 58 59 58 64 60
7 8 73 67 73 64 75
7 9 18 21 16 28 25
7 10 75 69 67 71 66
7 11 72 66 66 64 68
7 12 13 24 19 18 13
7 13 57 48 54 54 51
7 14 87 82 76 81 74
7 15 62 59 65 62 66
7 16 18 28 22 30 20
7 17 94 85 86 81 87
7 18 50 57 46 46 49
7 19 42 48 38 43 40
8 9 14 15 16 13 19
8 10 18 30 20 22 25
8 11 62 64 66 63 56
8 12 60 60 60 63 60
8 13 49 51 55 53 46
8 14 35 39 31 37 40
8 15 5 15 8 5 18
8 16 61 55 54 59 60
8 17 6 11 11 17 14
8 18 15 15 28 27 19
8 19 49 55 50 56 54
9 10 17 29 22 19 16
9 11 75 67 70 77 76
9 12 41 44 41 45 35
9 13 32 28 31 41 42
9 14 49 52 49 56 44
9 15 54 50 52 56 55
9 16 9 21 18 8 10
9 17 76 76 77 72 78
9 18 49 55 45 44 54
9 19 74 73 70 65 77
10 11 92 88 91 87 87
10 12 5 10 4 6 6
10 13 17 19 26 23 25
10 14 59 54 59 52 56
10 15 26 25 31 34 22
10 16 86 80 74 74 84
10 17 27 24 28 30 34
10 18 59 60 64 54 52
10 19 43 50 37 48 47
11 12 42 43 49 37 45
11 13 4 12 10 4 17
11 14 42 42 49 37 45
11 15 24 23 27 24 21
11 16 42 41 49 50 44
11 17 67 64 70 69 66
11 18 89 80 76 77 81
11 19 98 92 87 93 85
12 13 24 29 23 31 29
12 14 72 62 74 67 66
12 15 22 32 30 31 24
12 16 54 56 46 50 53
12 17 76 71 75 77 76
12 18 20 27 30 22 27
12 19 16 16 23 15 18
13 14 22 21 21 23 20
13 15 29 31 29 32 35
13 16 88 86 87 76 79
13 17 34 29 37 41 32
13 18 4 12 10 10 17
13 19 72 76 75 72 62
14 15 63 54 59 61 55
14 16 96 91 84 83 96
14 17 25 22 25 29 33
14 18 47 42 52 46 54
14 19 1 8 3 16 6
15 16 87 74 79 86 83
15 17 39 36 42 47 40
15 18 41 36 48 39 43
15 19 98 94 94 88 97
16 17 99 89 89 86 92
16 18 32 38 30 37 33
16 19 83 73 77 75 72
17 18 98 90 85 89 89
17 19 14 23 12 13 21
18 19 11 16 22 10 21
