45 5
0.7 0 0 0 0.3
0 1 99 22 70 72 51
0 2 73 62 55 33 89
0 3 33 10 8 48 8
0 4 96 30 85 59 48
0 5 53 50 23 13 65
0 6 73 52 77 34 43
0 7 64 24 72 65 51
0 8 31 71 50 69 36
0 9 92 20 79 73 88
0 10 70 44 64 26 64
0 11 7 9 61 70 60
0 12 31 33 69 25 71
0 13 70 84 92 26 80
0 14 45 28 20 28 57
0 15 88 69 92 84 79
0 16 79 38 29 48 81
0 17 56 74 40 80 89
0 18 45 80 63 10 40
0 19 90 32 66 23 48
0 20 54 65 35 20 68
0 21 99 43 91 89 70
0 22 8 41 29 80 16
0 23 55 41 57 44 68
0 24 34 47 50 39 41
0 25 8 65 77 56 53
0 26 78 58 84 81 22
0 27 71 61 52 60 68
0 28 50 66 46 58 54
0 29 20 31 68 66 37
0 30 25 72 60 55 27
0 31 54 60 57 63 64
0 32 53 82 41 88 59
0 33 40 38 70 37 59
0 34 65 20 71 66 26
0 35 56 70 60 78 21
0 36 30 65 37 76 31
0 37 68 53 24 85 37
0 38 28 14 73 63 18
0 39 94 36 82 51 35
0 40 97 44 81 73 66
0 41 29 6 70 27 77
0 42 92 43 20 52 49
0 43 52 37 82 70 19
0 44 94 71 89 62 48
1 2 18 10 78 29 12
1 3 0 22 33 17 41
1 4 78 62 27 90 73
1 5 50 13 53 26 21
1 6 40 55 31 23 87
1 7 86 67 57 53 86
1 8 75 32 92 51 77
1 9 94 33 85 25 40
1 10 64 48 66 87 67
1 11 88 94 62 64 45
1 12 64 13 38 19 89
1 13 88 89 38 76 82
1 14 81 91 22 60 70
1 15 47 75 37 79 65
1 16 1 24 30 11 68
1 17 99 92 95 79 85
1 18 73 50 80 25 56
1 19 76 77 47 77 49
1 20 79 84 22 69 29
1 21 11 71 69 8 63
1 22 59 13 42 59 64
1 23 10 59 12 80 47
1 24 75 31 27 49 46
1 25 2 79 76 19 68
1 26 64 49 86 68 21
1 27 68 56 85 70 67
1 28 94 27 43 65 19
1 29 61 31 47 36 55
1 30 44 42 42 37 49
1 31 94 49 72 55 98
1 32 18 6 32 70 23
1 33 92 81 41 65 49
1 34 38 39 83 73 11
1 35 22 27 26 39 30
1 36 53 88 41 25 64
1 37 67 53 85 56 19
1 38 66 51 51 53 22
1 39 9 25 4 25 4
1 40 32 52 57 73 31
1 41 62 75 16 32 33
1 42 82 27 80 16 58
1 43 69 52 84 22 90
1 44 34 49 76 35 55
2 3 69 82 75 89 21
2 4 1 74 73 35 37
2 5 75 75 77 84 69
2 6 3 18 50 2 8
2 7 17 5 56 77 7
2 8 16 56 32 73 39
2 9 39 61 75 60 53
2 10 59 29 48 38 59
2 11 41 24 44 22 32
2 12 16 56 62 67 16
2 13 49 25 44 41 25
2 14 7 14 53 75 69
2 15 95 58 42 85 83
2 16 65 19 83 90 74
2 17 46 46 77 18 38
2 18 37 82 78 43 69
2 19 21 52 26 17 35
2 20 5 15 34 14 2
2 21 64 16 68 20 32
2 22 93 83 28 30 92
2 23 17 68 56 45 23
2 24 29 75 36 52 40
2 25 89 81 22 58 93
2 26 43 29 59 84 51
2 27 21 5 4 26 75
2 28 20 81 31 7 13
2 29 4 34 34 23 21
2 30 18 49 66 52 9
2 31 78 51 93 35 88
2 32 37 26 56 59 31
2 33 53 85 18 43 19
2 34 4 43 42 0 70
2 35 50 51 69 83 32
2 36 7 66 60 55 42
2 37 57 48 80 34 35
2 38 24 44 39 45 69
2 39 23 34 30 33 18
2 40 51 56 19 74 73
2 41 94 50 91 44 96
2 42 47 64 51 35 89
2 43 52 83 72 36 19
2 44 20 80 18 83 55
3 4 80 59 24 61 94
3 5 78 27 85 79 45
3 6 62 39 72 40 26
3 7 77 30 58 61 85
3 8 5 15 71 70 66
3 9 45 25 79 50 64
3 10 6 13 51 27 39
3 11 30 10 25 17 69
3 12 58 56 23 83 52
3 13 67 46 32 83 17
3 14 71 46 89 28 59
3 15 50 23 40 41 75
3 16 48 47 85 22 50
3 17 31 36 28 30 18
3 18 1 14 54 73 60
3 19 73 92 61 38 58
3 20 91 60 83 65 49
3 21 0 57 30 53 65
3 22 62 55 90 48 15
3 23 27 22 71 27 24
3 24 22 59 74 79 11
3 25 14 33 25 8 58
3 26 61 23 89 47 55
3 27 0 14 78 3 34
3 28 51 74 67 73 16
3 29 1 24 67 45 79
3 30 56 62 38 62 11
3 31 67 69 41 70 57
3 32 84 68 47 53 57
3 33 13 51 28 58 7
3 34 41 18 85 15 81
3 35 48 69 51 85 11
3 36 23 20 81 63 73
3 37 1 68 74 65 77
3 38 17 70 64 23 7
3 39 19 18 34 73 29
3 40 11 58 81 20 15
3 41 52 13 22 55 70
3 42 99 34 75 38 24
3 43 95 44 43 87 72
3 44 54 59 63 45 34
4 5 9 46 76 33 14
4 6 85 48 46 61 21
4 7 45 54 82 88 57
4 8 72 92 66 64 81
4 9 55 69 89 69 50
4 10 96 83 69 98 88
4 11 89 25 88 55 69
4 12 88 64 85 58 47
4 13 78 17 70 39 56
4 14 29 43 41 12 12
4 15 83 27 62 44 33
4 16 59 72 73 20 63
4 17 54 71 51 26 16
4 18 69 56 24 65 34
4 19 16 35 12 32 62
4 20 18 11 81 43 21
4 21 75 30 22 28 45
4 22 99 64 27 86 57
4 23 61 78 52 16 53
4 24 43 70 58 73 67
4 25 12 75 22 23 31
4 26 76 87 44 36 29
4 27 55 55 78 55 16
4 28 77 84 72 52 26
4 29 54 79 49 25 75
4 30 25 6 80 44 81
4 31 63 29 66 43 40
4 32 44 53 40 13 65
4 33 23 55 81 11 63
4 34 5 77 22 63 74
4 35 43 66 23 14 62
4 36 23 59 8 81 7
4 37 50 79 76 14 49
4 38 38 9 71 73 78
4 39 77 78 37 36 61
4 40 49 12 70 56 42
4 41 71 85 85 81 76
4 42 82 20 39 50 35
4 43 39 73 28 28 54
4 44 1 66 72 78 72
5 6 91 90 59 44 92
5 7 44 64 55 24 13
5 8 24 77 36 47 72
5 9 11 33 53 71 59
5 10 18 41 65 61 4
5 11 81 27 72 36 50
5 12 38 25 8 36 56
5 13 69 14 87 61 79
5 14 99 52 65 32 31
5 15 61 31 80 64 67
5 16 24 33 13 27 14
5 17 51 76 47 63 46
5 18 64 15 67 87 14
5 19 25 14 17 81 20
5 20 83 77 60 46 83
5 21 21 73 53 34 10
5 22 50 89 22 59 54
5 23 5 30 43 34 78
5 24 76 47 60 48 16
5 25 63 30 60 71 80
5 26 90 58 96 46 45
5 27 13 3 64 32 43
5 28 0 59 71 19 24
5 29 51 52 24 59 86
5 30 46 28 52 79 84
5 31 63 18 35 47 82
5 32 31 46 63 16 61
5 33 71 51 40 60 50
5 34 47 39 69 41 45
5 35 17 23 19 80 77
5 36 68 74 23 59 82
5 37 14 76 42 62 34
5 38 16 29 14 13 33
5 39 16 22 33 21 56
5 40 93 87 83 78 48
5 41 21 68 65 75 10
5 42 40 67 76 54 35
5 43 75 28 46 22 84
5 44 6 65 65 3 60
6 7 8 30 49 24 62
6 8 49 40 19 69 79
6 9 61 27 81 13 28
6 10 91 33 55 85 35
6 11 47 33 11 59 43
6 12 76 95 90 60 70
6 13 12 25 38 55 62
6 14 71 33 80 82 17
6 15 10 14 16 52 75
6 16 90 55 41 86 43
6 17 14 78 49 36 71
6 18 13 57 53 73 78
6 19 71 52 81 29 24
6 20 89 23 24 51 38
6 21 22 82 75 57 29
6 22 57 15 39 30 65
6 23 86 44 72 38 24
6 24 79 68 57 46 27
6 25 35 69 82 72 29
6 26 29 58 76 84 53
6 27 96 25 85 55 31
6 28 3 12 61 28 4
6 29 44 37 55 57 11
6 30 1 53 70 38 73
6 31 70 23 81 58 72
6 32 13 14 49 29 73
6 33 51 26 38 18 55
6 34 96 32 49 81 19
6 35 50 66 86 22 36
6 36 26 28 12 70 84
6 37 1 21 39 73 29
6 38 14 6 7 20 18
6 39 71 31 85 73 26
6 40 16 81 24 18 41
6 41 64 86 29 85 48
6 42 51 12 50 78 60
6 43 58 48 23 61 51
6 44 26 69 49 51 19
7 8 37 32 61 30 74
7 9 90 87 88 67 96
7 10 77 23 76 39 71
7 11 45 65 34 29 73
7 12 13 39 35 64 42
7 13 80 57 70 33 90
7 14 85 84 96 30 55
7 15 91 94 86 34 42
7 16 83 26 91 92 28
7 17 20 77 46 73 29
7 18 43 30 84 32 19
7 19 59 42 84 81 58
7 20 7 72 11 66 43
7 21 99 45 20 27 68
7 22 83 81 74 89 39
7 23 10 38 32 44 26
7 24 3 48 66 23 11
7 25 74 47 80 31 35
7 26 19 80 38 15 30
7 27 35 61 66 9 21
7 28 67 27 82 76 49
7 29 60 64 71 51 71
7 30 11 7 35 9 9
7 31 81 41 76 59 60
7 32 54 19 47 12 28
7 33 29 71 33 72 20
7 34 99 38 75 52 23
7 35 55 83 70 68 35
7 36 51 27 65 78 47
7 37 16 9 75 30 10
7 38 71 80 68 37 50
7 39 72 62 93 27 27
7 40 43 81 84 34 65
7 41 78 54 25 66 47
7 42 87 65 36 50 83
7 43 45 22 20 86 36
7 44 56 50 66 52 82
8 9 86 62 52 68 75
8 10 94 62 30 69 55
8 11 66 66 66 13 65
8 12 2 29 48 78 66
8 13 88 86 38 75 85
8 14 80 76 16 47 80
8 15 14 79 3 71 24
8 16 24 15 20 19 74
8 17 60 84 60 20 47
8 18 7 44 22 17 40
8 19 87 89 92 54 51
8 20 35 42 47 83 75
8 21 4 8 33 31 16
8 22 27 66 31 41 43
8 23 62 19 46 87 42
8 24 38 69 39 11 14
8 25 4 13 75 32 61
8 26 37 56 82 37 53
8 27 49 34 85 38 21
8 28 92 55 21 41 79
8 29 59 78 45 38 83
8 30 33 29 32 12 13
8 31 38 14 60 40 72
8 32 82 65 52 57 64
8 33 93 90 93 52 58
8 34 9 46 65 71 73
8 35 44 83 21 36 30
8 36 31 73 7 58 50
8 37 94 40 21 61 69
8 38 55 89 48 59 71
8 39 57 29 21 80 27
8 40 95 71 79 80 62
8 41 19 82 40 59 18
8 42 21 13 35 55 5
8 43 89 67 19 26 45
8 44 93 27 88 18 43
9 10 57 84 19 12 79
9 11 19 83 72 59 6
9 12 17 4 80 33 33
9 13 55 33 72 20 17
9 14 25 29 82 7 82
9 15 92 64 32 91 61
9 16 35 49 84 44 24
9 17 10 54 6 29 2
9 18 53 47 79 74 41
9 19 74 68 23 20 29
9 20 88 37 80 88 55
9 21 82 92 41 20 39
9 22 47 9 56 47 56
9 23 76 78 85 18 78
9 24 8 37 72 39 53
9 25 75 60 94 48 25
9 26 58 81 70 38 65
9 27 36 69 11 49 58
9 28 0 74 73 57 54
9 29 1 41 9 20 31
9 30 9 37 31 81 9
9 31 48 16 38 74 19
9 32 0 8 42 24 9
9 33 13 55 26 23 60
9 34 38 21 60 47 56
9 35 93 26 29 77 94
9 36 46 78 24 27 66
9 37 72 43 87 87 37
9 38 75 35 93 86 18
9 39 63 52 28 42 55
9 40 28 47 48 6 58
9 41 8 28 9 41 54
9 42 21 82 52 49 16
9 43 61 31 63 22 90
9 44 25 37 47 8 42
10 11 27 79 13 23 20
10 12 63 67 25 19 78
10 13 70 79 39 87 82
10 14 10 31 36 40 16
10 15 44 72 12 66 61
10 16 79 83 25 59 63
10 17 71 49 39 81 59
10 18 54 85 50 82 49
10 19 41 58 35 31 50
10 20 23 25 66 66 40
10 21 54 25 42 72 42
10 22 67 41 77 91 58
10 23 25 80 44 13 34
10 24 53 60 71 40 46
10 25 46 70 66 9 62
10 26 81 82 69 22 38
10 27 56 16 91 54 35
10 28 98 35 74 34 27
10 29 33 83 12 34 32
10 30 74 55 63 57 74
10 31 92 62 54 95 73
10 32 30 29 52 44 33
10 33 4 46 75 24 1
10 34 90 56 56 38 47
10 35 50 30 74 38 69
10 36 76 43 87 46 43
10 37 1 53 61 38 20
10 38 21 79 80 83 13
10 39 29 26 12 43 47
10 40 49 59 42 54 64
10 41 57 40 70 89 28
10 42 12 27 51 57 30
10 43 61 43 29 17 29
10 44 72 24 52 69 35
11 12 5 58 49 40 16
11 13 46 73 53 10 59
11 14 35 71 61 20 52
11 15 68 63 18 77 75
11 16 95 33 59 52 50
11 17 86 18 54 86 19
11 18 81 71 42 64 52
11 19 53 75 49 22 57
11 20 83 93 82 55 84
11 21 61 24 39 14 79
11 22 15 36 43 77 31
11 23 2 76 15 36 28
11 24 72 57 42 50 18
11 25 45 42 10 36 73
11 26 56 79 55 21 46
11 27 42 80 44 16 80
11 28 38 74 51 64 30
11 29 4 66 46 55 8
11 30 84 53 63 26 33
11 31 24 49 41 73 10
11 32 20 39 77 55 12
11 33 0 71 68 76 67
11 34 39 71 20 44 62
11 35 84 85 30 89 71
11 36 49 84 73 46 67
11 37 60 47 23 87 43
11 38 15 80 68 33 44
11 39 76 68 81 16 35
11 40 70 90 28 63 92
11 41 77 81 93 91 52
11 42 29 62 25 71 36
11 43 54 58 63 88 84
11 44 17 12 24 11 64
12 13 24 43 18 74 33
12 14 30 82 53 17 79
12 15 92 46 45 79 77
12 16 10 4 21 15 3
12 17 43 86 82 73 18
12 18 14 4 43 30 60
12 19 30 82 29 75 73
12 20 3 60 47 78 4
12 21 52 62 24 40 67
12 22 36 55 37 75 8
12 23 88 56 25 59 19
12 24 11 75 53 55 3
12 25 72 30 61 69 23
12 26 90 25 34 22 43
12 27 65 46 40 70 44
12 28 75 86 39 68 86
12 29 87 26 24 39 59
12 30 1 48 31 17 68
12 31 50 50 49 70 47
12 32 13 18 5 71 55
12 33 18 3 45 26 75
12 34 82 32 36 34 21
12 35 22 20 9 79 68
12 36 38 40 19 19 57
12 37 27 72 53 18 38
12 38 53 65 70 10 11
12 39 66 21 55 35 53
12 40 65 90 82 29 74
12 41 26 35 84 77 43
12 42 91 25 60 30 79
12 43 0 29 22 2 58
12 44 27 35 37 47 17
13 14 58 48 38 69 30
13 15 91 23 96 87 60
13 16 45 65 56 55 27
13 17 85 63 32 31 93
13 18 11 48 18 21 44
13 19 14 42 34 18 38
13 20 95 55 53 84 89
13 21 21 43 62 34 32
13 22 33 60 77 62 60
13 23 31 27 24 67 82
13 24 68 29 89 35 68
13 25 15 61 67 75 77
13 26 91 24 86 29 19
13 27 47 50 63 88 74
13 28 88 83 74 28 37
13 29 81 36 79 76 79
13 30 93 86 60 20 29
13 31 66 32 42 89 61
13 32 81 58 54 88 68
13 33 68 59 47 15 83
13 34 32 40 19 69 15
13 35 34 58 74 71 23
13 36 33 59 26 79 18
13 37 51 82 51 34 30
13 38 92 39 18 57 56
13 39 55 53 70 32 66
13 40 2 34 22 62 76
13 41 35 86 48 33 22
13 42 69 59 40 86 84
13 43 69 89 92 44 65
13 44 9 2 17 3 35
14 15 57 87 72 64 51
14 16 59 71 82 61 35
14 17 6 46 48 54 41
14 18 44 68 77 69 81
14 19 18 40 11 70 80
14 20 11 72 61 15 41
14 21 4 32 65 19 42
14 22 83 94 92 26 96
14 23 89 51 22 80 59
14 24 41 14 52 73 23
14 25 97 26 80 98 42
14 26 14 23 76 31 37
14 27 84 78 31 86 85
14 28 74 90 82 47 59
14 29 70 66 88 78 50
14 30 87 27 62 79 33
14 31 14 15 24 13 38
14 32 32 12 75 76 62
14 33 99 44 47 92 28
14 34 79 24 56 59 94
14 35 50 17 88 68 71
14 36 1 26 45 8 44
14 37 46 66 16 48 61
14 38 51 57 17 38 80
14 39 10 47 4 81 26
14 40 79 31 81 69 37
14 41 62 25 36 56 19
14 42 89 47 46 89 52
14 43 3 60 13 41 28
14 44 65 46 30 21 71
15 16 77 69 35 20 23
15 17 5 12 2 13 28
15 18 34 83 49 79 63
15 19 86 94 27 84 56
15 20 19 37 33 15 42
15 21 33 29 27 24 10
15 22 41 45 80 17 79
15 23 27 41 5 63 22
15 24 53 49 48 50 76
15 25 84 26 30 23 75
15 26 87 33 35 88 72
15 27 8 26 75 13 36
15 28 86 24 46 68 87
15 29 94 48 87 58 61
15 30 40 84 56 41 49
15 31 26 63 63 36 40
15 32 31 52 39 59 17
15 33 84 60 57 89 74
15 34 3 53 30 19 27
15 35 39 59 55 20 75
15 36 66 64 70 34 16
15 37 67 83 61 36 93
15 38 30 72 38 8 75
15 39 44 48 51 31 49
15 40 32 32 70 6 17
15 41 72 54 71 39 54
15 42 90 87 75 84 66
15 43 23 17 57 20 37
15 44 13 8 31 8 58
16 17 67 71 42 37 88
16 18 55 33 83 68 20
16 19 2 54 72 42 33
16 20 4 33 32 76 8
16 21 33 17 80 20 51
16 22 10 34 45 33 15
16 23 12 28 27 61 46
16 24 3 80 42 64 35
16 25 90 88 57 66 23
16 26 7 35 51 45 75
16 27 97 33 62 57 75
16 28 34 21 63 37 70
16 29 3 21 70 42 6
16 30 51 66 28 50 70
16 31 35 29 45 31 32
16 32 95 90 27 60 51
16 33 64 25 63 89 21
16 34 34 63 85 35 42
16 35 22 19 42 29 50
16 36 82 22 45 84 23
16 37 94 41 57 65 58
16 38 25 16 29 45 10
16 39 38 66 41 32 62
16 40 95 52 25 67 94
16 41 25 13 5 5 59
16 42 80 68 85 49 23
16 43 25 85 20 12 73
16 44 66 64 87 67 92
17 18 30 59 82 7 63
17 19 63 81 52 70 92
17 20 32 61 51 58 80
17 21 30 7 59 71 6
17 22 32 69 70 26 59
17 23 89 18 25 46 36
17 24 25 36 63 42 67
17 25 13 21 70 14 39
17 26 2 45 5 53 57
17 27 74 44 43 74 19
17 28 72 29 77 86 82
17 29 29 38 28 25 47
17 30 10 73 8 10 46
17 31 21 63 58 73 65
17 32 72 45 83 30 52
17 33 76 88 83 78 86
17 34 40 84 58 87 12
17 35 92 79 90 85 84
17 36 29 15 69 52 47
17 37 11 53 27 9 64
17 38 35 10 79 16 77
17 39 70 93 62 58 69
17 40 46 80 15 17 44
17 41 10 42 78 18 14
17 42 56 88 26 38 50
17 43 12 65 20 30 37
17 44 5 6 80 33 28
18 19 8 60 9 68 40
18 20 50 49 72 46 23
18 21 39 77 30 62 24
18 22 78 64 92 78 65
18 23 95 73 24 98 74
18 24 8 23 6 61 30
18 25 9 5 19 77 15
18 26 34 60 40 8 68
18 27 76 92 63 31 43
18 28 43 20 70 74 47
18 29 39 74 65 63 45
18 30 7 49 11 64 62
18 31 98 40 95 99 78
18 32 46 76 75 42 58
18 33 5 30 47 28 1
18 34 62 86 38 26 44
18 35 59 84 48 21 81
18 36 55 68 19 49 23
18 37 27 25 78 49 53
18 38 41 15 57 66 26
18 39 52 45 25 78 24
18 40 21 21 73 28 20
18 41 24 20 24 55 25
18 42 70 22 57 68 33
18 43 23 81 34 26 48
18 44 22 47 76 61 17
19 20 66 85 45 91 71
19 21 82 88 54 66 52
19 22 62 62 76 19 75
19 23 98 91 38 77 40
19 24 81 19 73 53 25
19 25 90 85 32 67 30
19 26 2 45 47 24 60
19 27 68 60 50 51 45
19 28 78 16 42 65 81
19 29 31 47 23 51 61
19 30 11 50 31 11 64
19 31 55 15 40 81 76
19 32 75 93 40 38 58
19 33 62 62 27 60 57
19 34 65 31 30 49 64
19 35 39 43 13 8 68
19 36 47 13 62 82 47
19 37 66 42 46 40 18
19 38 34 37 12 17 39
19 39 89 76 70 70 77
19 40 73 86 40 52 73
19 41 34 80 14 29 51
19 42 77 15 52 72 48
19 43 59 53 73 17 47
19 44 17 53 14 24 64
20 21 74 16 48 20 63
20 22 70 25 60 91 51
20 23 68 37 64 51 72
20 24 77 38 60 45 94
20 25 37 43 25 59 80
20 26 82 54 58 44 39
20 27 6 28 14 80 73
20 28 77 23 78 21 62
20 29 51 25 38 34 49
20 30 54 84 74 39 66
20 31 99 45 24 35 54
20 32 23 57 84 43 48
20 33 0 27 30 6 56
20 34 58 30 71 38 30
20 35 90 64 51 72 82
20 36 15 5 67 65 7
20 37 37 51 45 34 52
20 38 96 41 70 85 38
20 39 28 50 11 79 59
20 40 47 10 48 30 29
20 41 9 63 45 15 33
20 42 3 19 61 13 38
20 43 40 54 77 19 14
20 44 16 17 17 34 78
21 22 15 61 19 78 52
21 23 10 68 51 55 16
21 24 14 13 8 68 4
21 25 42 81 11 78 10
21 26 45 53 38 35 42
21 27 24 39 8 69 17
21 28 92 49 20 29 94
21 29 9 34 24 48 17
21 30 8 43 69 27 69
21 31 17 20 48 40 41
21 32 6 29 7 35 12
21 33 49 83 44 44 10
21 34 94 36 23 68 94
21 35 34 82 82 18 65
21 36 99 45 39 36 38
21 37 87 21 28 40 77
21 38 17 33 6 5 4
21 39 58 18 53 35 36
21 40 78 16 64 47 74
21 41 80 22 29 78 42
21 42 64 25 62 70 83
21 43 30 25 27 72 43
21 44 41 42 17 19 37
22 23 12 81 31 36 7
22 24 87 50 31 51 69
22 25 1 36 24 31 6
22 26 84 93 52 60 90
22 27 72 83 78 23 83
22 28 62 54 36 53 69
22 29 7 14 63 8 72
22 30 38 61 67 9 22
22 31 3 75 21 8 14
22 32 84 62 36 94 40
22 33 61 49 26 80 64
22 34 75 71 90 44 85
22 35 51 43 62 62 45
22 36 15 20 47 18 24
22 37 44 62 87 54 46
22 38 42 75 42 33 30
22 39 98 59 89 32 85
22 40 48 44 34 61 61
22 41 46 75 21 57 65
22 42 34 18 37 78 43
22 43 30 30 26 49 74
22 44 40 81 56 61 15
23 24 60 24 63 80 45
23 25 3 60 47 60 41
23 26 82 74 32 70 40
23 27 45 43 40 11 62
23 28 87 73 17 79 74
23 29 5 62 23 61 27
23 30 71 29 85 64 35
23 31 30 17 80 44 19
23 32 29 76 65 56 78
23 33 0 8 8 1 74
23 34 19 80 25 29 73
23 35 3 15 24 22 19
23 36 82 53 40 73 93
23 37 53 84 86 62 68
23 38 18 22 4 22 46
23 39 58 60 13 43 53
23 40 36 78 25 41 31
23 41 12 4 60 46 77
23 42 76 33 74 57 79
23 43 66 61 45 72 84
23 44 96 29 28 46 77
24 25 21 77 52 69 35
24 26 30 12 76 51 80
24 27 35 33 12 11 76
24 28 90 61 28 50 87
24 29 91 89 26 96 33
24 30 62 50 60 19 86
24 31 79 52 50 31 70
24 32 14 35 67 16 61
24 33 53 57 37 58 42
24 34 18 65 60 47 80
24 35 71 37 83 43 24
24 36 93 78 26 35 36
24 37 59 37 37 66 67
24 38 13 28 34 61 70
24 39 59 39 70 85 67
24 40 4 55 39 78 76
24 41 91 47 71 85 20
24 42 63 61 34 77 61
24 43 21 47 71 5 21
24 44 50 67 54 24 11
25 26 40 33 18 70 75
25 27 32 66 10 71 14
25 28 14 40 43 48 57
25 29 77 24 37 59 80
25 30 32 73 18 66 57
25 31 62 21 52 72 64
25 32 74 26 28 90 46
25 33 77 55 88 52 58
25 34 42 35 87 67 56
25 35 75 92 80 85 73
25 36 50 16 65 78 56
25 37 9 2 31 62 52
25 38 69 80 61 86 47
25 39 61 88 72 15 88
25 40 24 71 43 30 76
25 41 67 83 37 28 68
25 42 16 18 14 34 48
25 43 73 68 16 42 66
25 44 82 76 41 41 81
26 27 55 13 45 29 82
26 28 15 66 26 18 33
26 29 88 81 49 84 30
26 30 89 56 28 39 62
26 31 51 73 64 15 78
26 32 17 13 49 43 56
26 33 29 51 10 45 43
26 34 98 30 44 32 47
26 35 95 21 29 75 44
26 36 53 23 68 11 27
26 37 30 85 29 49 56
26 38 1 77 34 30 49
26 39 46 64 19 28 87
26 40 19 59 8 74 35
26 41 64 24 38 19 55
26 42 33 81 62 9 80
26 43 45 66 85 80 85
26 44 58 57 55 72 17
27 28 42 69 41 34 15
27 29 44 50 54 20 75
27 30 73 40 17 86 17
27 31 28 8 72 19 84
27 32 8 70 79 79 18
27 33 69 48 26 83 37
27 34 56 46 35 33 49
27 35 22 52 55 81 18
27 36 35 11 79 48 25
27 37 51 84 31 48 65
27 38 41 85 73 22 63
27 39 35 25 42 10 64
27 40 76 31 31 61 16
27 41 13 5 3 25 4
27 42 54 19 33 32 78
27 43 8 12 36 36 58
27 44 63 15 81 31 34
28 29 87 21 49 32 41
28 30 19 9 17 67 30
28 31 41 78 86 18 50
28 32 23 55 83 20 39
28 33 58 41 26 17 33
28 34 6 66 20 47 5
28 35 49 31 62 17 28
28 36 75 68 62 60 39
28 37 95 24 54 56 39
28 38 1 72 46 55 32
28 39 93 50 47 27 59
28 40 55 42 61 18 65
28 41 77 21 85 58 82
28 42 95 43 20 73 51
28 43 17 29 74 59 80
28 44 65 76 41 87 49
29 30 38 17 69 29 17
29 31 37 39 56 10 39
29 32 57 14 70 48 79
29 33 41 38 19 38 31
29 34 4 45 65 40 56
29 35 43 81 21 26 43
29 36 97 83 33 96 32
29 37 78 73 73 67 42
29 38 46 28 21 22 38
29 39 31 63 80 45 33
29 40 97 78 69 55 73
29 41 79 80 47 30 33
29 42 24 8 42 83 70
29 43 62 45 32 70 17
29 44 33 34 45 58 56
30 31 15 55 44 18 47
30 32 40 72 42 56 22
30 33 83 88 91 57 59
30 34 5 49 41 16 43
30 35 66 78 83 68 65
30 36 52 34 83 88 83
30 37 98 75 35 49 49
30 38 27 6 39 7 42
30 39 10 8 75 9 15
30 40 75 62 93 93 42
30 41 20 35 23 27 9
30 42 74 87 91 81 93
30 43 49 10 85 35 13
30 44 8 78 67 66 69
31 32 33 24 36 45 58
31 33 14 18 52 38 17
31 34 7 37 8 5 35
31 35 5 31 48 52 40
31 36 66 56 76 30 51
31 37 32 63 82 48 46
31 38 56 60 17 89 39
31 39 73 82 33 88 26
31 40 66 69 37 47 57
31 41 31 7 8 68 70
31 42 66 60 67 26 29
31 43 78 52 30 91 77
31 44 9 77 72 35 50
32 33 92 94 46 30 22
32 34 77 54 84 73 31
32 35 61 14 59 50 45
32 36 32 36 27 28 55
32 37 98 39 78 95 66
32 38 87 72 20 41 83
32 39 80 57 74 65 54
32 40 15 41 61 77 34
32 41 30 48 49 79 34
32 42 31 31 77 46 6
32 43 57 51 57 25 13
32 44 37 58 19 72 23
33 34 98 53 47 33 22
33 35 16 70 77 37 9
33 36 63 37 72 18 71
33 37 33 72 73 50 84
33 38 22 53 74 77 59
33 39 51 84 23 79 31
33 40 48 28 66 26 13
33 41 21 78 17 60 51
33 42 92 61 64 65 27
33 43 15 44 71 36 64
33 44 40 11 30 42 48
34 35 57 19 89 84 74
34 36 92 61 81 87 97
34 37 85 31 25 45 69
34 38 64 89 20 71 17
34 39 89 52 69 35 63
34 40 83 71 80 74 78
34 41 30 20 8 67 72
34 42 46 58 11 30 84
34 43 3 4 72 19 49
34 44 28 54 31 63 27
35 36 32 44 7 37 47
35 37 80 73 89 32 63
35 38 22 75 77 17 52
35 39 20 37 61 15 69
35 40 82 18 38 68 79
35 41 68 30 91 27 91
35 42 47 25 37 16 43
35 43 48 26 70 47 75
35 44 79 24 42 18 37
36 37 7 75 28 67 32
36 38 36 54 35 51 31
36 39 33 76 36 77 76
36 40 28 83 71 22 50
36 41 52 46 22 13 41
36 42 79 80 29 93 41
36 43 35 86 17 49 38
36 44 85 93 80 53 94
37 38 99 65 57 26 53
37 39 91 25 79 48 98
37 40 81 37 34 93 61
37 41 16 25 67 33 73
37 42 72 14 77 26 82
37 43 97 72 95 42 81
37 44 96 56 61 80 70
38 39 23 41 40 84 56
38 40 16 48 69 36 48
38 41 18 41 43 76 4
38 42 49 54 15 15 73
38 43 60 75 53 50 15
38 44 27 23 35 26 20
39 40 41 76 35 27 39
39 41 2 36 62 32 1
39 42 46 14 81 86 56
39 43 54 58 53 86 62
39 44 23 29 43 66 80
40 41 51 35 37 35 77
40 42 30 10 38 72 70
40 43 66 49 71 67 57
40 44 69 84 93 14 17
41 42 87 82 51 39 38
41 43 97 92 20 86 80
41 44 75 37 55 30 90
42 43 23 29 26 13 60
42 44 6 42 58 54 54
43 44 38 36 65 34 71
