10 3
0.4 0 0.6
0 1 97 92 56
0 2 24 34 13
0 3 68 68 60
0 4 47 27 58
0 5 17 32 27
0 6 24 22 37
0 7 18 51 33
0 8 35 57 49
0 9 53 58 62
1 2 30 31 36
1 3 72 36 40
1 4 20 37 16
1 5 10 40 52
1 6 44 45 32
1 7 34 23 54
1 8 15 54 30
1 9 2 16 50
2 3 23 61 12
2 4 71 84 55
2 5 83 74 51
2 6 92 75 49
2 7 65 38 65
2 8 85 80 53
2 9 49 30 29
3 4 72 55 53
3 5 43 23 57
3 6 53 34 60
3 7 54 56 74
3 8 45 35 58
3 9 4 4 3
4 5 72 57 65
4 6 49 32 53
4 7 9 8 46
4 8 22 35 52
4 9 93 92 91
5 6 24 30 30
5 7 22 56 15
5 8 98 68 66
5 9 39 38 31
6 7 89 90 48
6 8 47 31 42
6 9 50 32 32
7 8 97 88 83
7 9 41 52 55
8 9 55 48 60
