10 3
0.6 0 0.4
0 1 68 71 61
0 2 67 63 64
0 3 69 67 66
0 4 88 79 81
0 5 29 29 27
0 6 17 15 23
0 7 37 35 35
0 8 12 20 13
0 9 39 47 38
1 2 90 83 88
1 3 31 30 36
1 4 12 21 15
1 5 53 50 57
1 6 84 83 83
1 7 13 14 19
1 8 90 88 83
1 9 8 9 15
2 3 3 10 5
2 4 28 30 32
2 5 81 79 72
2 6 87 83 78
2 7 19 27 27
2 8 66 58 61
2 9 81 77 83
3 4 76 66 78
3 5 99 93 90
3 6 78 78 78
3 7 16 13 14
3 8 31 39 39
3 9 0 9 13
4 5 6 19 7
4 6 53 49 55
4 7 59 54 61
4 8 11 13 17
4 9 31 36 31
5 6 0 10 8
5 7 96 95 90
5 8 58 56 57
5 9 43 40 37
6 7 94 85 86
6 8 26 33 35
6 9 88 77 77
7 8 70 59 60
7 9 17 20 23
8 9 22 20 21
