17 3
0.3 0 0.7
0 1 5 5 63
0 2 49 25 14
0 3 33 74 81
0 4 77 42 79
0 5 88 96 53
0 6 36 82 60
0 7 12 3 18
0 8 54 19 40
0 9 65 32 78
0 10 38 22 73
0 11 23 49 60
0 12 22 71 11
0 13 99 53 50
0 14 74 84 81
0 15 98 53 39
0 16 78 81 31
1 2 27 37 11
1 3 57 68 79
1 4 24 8 35
1 5 13 12 68
1 6 42 81 34
1 7 33 37 16
1 8 82 72 30
1 9 24 35 78
1 10 94 55 71
1 11 31 64 80
1 12 10 70 44
1 13 5 24 50
1 14 17 23 38
1 15 13 71 62
1 16 56 67 58
2 3 72 48 52
2 4 1 61 48
2 5 59 32 54
2 6 72 60 85
2 7 27 69 16
2 8 9 39 50
2 9 22 37 61
2 10 22 72 49
2 11 91 94 72
2 12 96 81 45
2 13 32 19 62
2 14 41 10 69
2 15 15 73 46
2 16 18 63 30
3 4 61 79 60
3 5 4 28 16
3 6 65 53 19
3 7 40 82 56
3 8 38 11 81
3 9 99 76 68
3 10 74 55 30
3 11 21 48 46
3 12 70 92 75
3 13 80 45 74
3 14 49 11 57
3 15 81 34 91
3 16 75 16 39
4 5 58 85 72
4 6 90 29 54
4 7 24 37 31
4 8 65 68 36
4 9 58 83 78
4 10 67 79 27
4 11 4 15 4
4 12 17 55 70
4 13 38 33 20
4 14 69 81 19
4 15 9 53 73
4 16 97 32 50
5 6 32 64 23
5 7 34 62 48
5 8 5 33 65
5 9 86 23 50
5 10 69 20 32
5 11 63 57 28
5 12 32 57 70
5 13 85 27 27
5 14 78 24 27
5 15 36 79 32
5 16 97 60 24
6 7 55 85 81
6 8 46 34 18
6 9 97 24 25
6 10 62 47 33
6 11 83 69 17
6 12 69 88 71
6 13 75 90 92
6 14 64 90 85
6 15 69 37 25
6 16 25 36 69
7 8 68 38 88
7 9 34 66 30
7 10 91 85 35
7 11 61 78 71
7 12 46 68 16
7 13 19 44 65
7 14 61 82 48
7 15 61 21 74
7 16 19 64 76
8 9 8 30 40
8 10 75 44 51
8 11 7 32 75
8 12 74 92 27
8 13 2 40 49
8 14 54 41 85
8 15 4 54 6
8 16 37 50 34
9 10 15 73 11
9 11 61 71 76
9 12 15 72 58
9 13 95 44 28
9 14 23 8 22
9 15 76 29 78
9 16 96 47 45
10 11 7 60 77
10 12 8 23 76
10 13 83 79 94
10 14 33 39 47
10 15 73 93 87
10 16 56 83 48
11 12 16 27 23
11 13 28 53 67
11 14 6 53 10
11 15 25 54 53
11 16 25 37 23
12 13 2 5 14
12 14 93 81 83
12 15 6 55 56
12 16 87 19 96
13 14 72 93 89
13 15 16 45 26
13 16 59 42 60
14 15 86 66 27
14 16 84 42 88
15 16 72 59 64
