20 3
0.4 0 0.6
0 1 92 79 57
0 2 26 62 36
0 3 91 93 78
0 4 46 59 37
0 5 46 45 24
0 6 21 46 14
0 7 56 32 72
0 8 35 33 50
0 9 41 23 65
0 10 20 54 44
0 11 17 52 43
0 12 72 52 73
0 13 21 24 20
0 14 22 55 18
0 15 9 52 21
0 16 73 59 40
0 17 45 23 71
0 18 35 31 45
0 19 93 50 95
1 2 45 39 43
1 3 4 22 20
1 4 51 38 45
1 5 30 18 47
1 6 81 71 74
1 7 36 50 29
1 8 24 41 59
1 9 35 38 27
1 10 47 40 65
1 11 52 70 38
1 12 5 24 39
1 13 49 34 71
1 14 18 48 49
1 15 43 41 40
1 16 83 58 67
1 17 99 82 73
1 18 81 72 62
1 19 72 80 55
2 3 67 52 36
2 4 86 53 75
2 5 83 76 65
2 6 44 65 69
2 7 80 47 52
2 8 83 42 63
2 9 22 19 22
2 10 55 47 63
2 11 50 59 53
2 12 43 39 49
2 13 18 18 32
2 14 15 54 42
2 15 1 8 4
2 16 21 31 25
2 17 61 65 34
2 18 50 55 35
2 19 28 53 60
3 4 66 73 52
3 5 97 59 67
3 6 42 58 39
3 7 88 74 74
3 8 6 12 14
3 9 23 49 48
3 10 38 30 43
3 11 76 48 78
3 12 83 78 57
3 13 75 78 74
3 14 81 59 58
3 15 78 43 52
3 16 30 64 57
3 17 1 42 1
3 18 26 56 19
3 19 10 6 42
4 5 45 34 71
4 6 81 81 46
4 7 12 43 51
4 8 17 43 51
4 9 36 47 63
4 10 91 78 47
4 11 78 53 65
4 12 41 59 65
4 13 33 60 48
4 14 53 62 72
4 15 14 54 21
4 16 71 76 63
4 17 55 64 49
4 18 52 57 39
4 19 2 42 20
5 6 92 65 64
5 7 2 40 45
5 8 98 49 56
5 9 11 43 26
5 10 62 41 51
5 11 4 41 43
5 12 79 88 88
5 13 20 24 59
5 14 18 49 25
5 15 30 52 62
5 16 67 33 51
5 17 17 28 9
5 18 85 82 53
5 19 51 35 70
6 7 58 67 61
6 8 87 53 76
6 9 47 30 40
6 10 3 42 16
6 11 61 31 78
6 12 52 28 67
6 13 69 78 82
6 14 4 16 14
6 15 72 47 46
6 16 88 74 87
6 17 63 77 48
6 18 74 62 55
6 19 65 82 43
7 8 87 85 71
7 9 16 28 21
7 10 77 38 66
7 11 73 67 67
7 12 56 61 28
7 13 58 46 70
7 14 91 68 52
7 15 18 53 22
7 16 25 35 33
7 17 22 16 22
7 18 1 4 10
7 19 83 44 54
8 9 52 74 34
8 10 65 46 63
8 11 93 62 48
8 12 51 73 68
8 13 45 29 31
8 14 37 59 35
8 15 10 20 40
8 16 8 23 26
8 17 44 27 59
8 18 70 79 45
8 19 47 71 38
9 10 59 41 33
9 11 87 84 59
9 12 4 25 49
9 13 16 42 20
9 14 86 89 61
9 15 45 56 55
9 16 73 84 57
9 17 76 50 52
9 18 87 89 86
9 19 72 50 60
10 11 98 56 89
10 12 98 57 90
10 13 99 91 65
10 14 84 53 68
10 15 97 60 77
10 16 24 31 53
10 17 29 54 26
10 18 19 54 26
10 19 45 57 28
11 12 76 74 70
11 13 54 39 50
11 14 67 43 59
11 15 24 19 42
11 16 23 42 13
11 17 54 72 37
11 18 59 41 29
11 19 83 60 49
12 13 34 42 66
12 14 3 21 27
12 15 41 47 45
12 16 0 12 22
12 17 8 50 17
12 18 82 64 45
12 19 76 41 72
13 14 84 52 81
13 15 60 68 53
13 16 54 45 64
13 17 36 66 24
13 18 37 49 46
13 19 4 13 2
14 15 93 91 91
14 16 35 48 22
14 17 31 52 52
14 18 98 89 77
14 19 35 38 24
15 16 27 62 25
15 17 94 64 65
15 18 11 40 55
15 19 18 45 28
16 17 90 74 84
16 18 28 59 50
16 19 53 53 65
17 18 59 62 50
17 19 60 48 64
18 19 25 39 59
