33 3
0.7 0 0.3
0 1 24 30 22
0 2 54 58 56
0 3 21 30 21
0 4 11 16 12
0 5 34 34 36
0 6 1 1 13
0 7 87 84 87
0 8 12 13 10
0 9 2 12 7
0 10 90 86 82
0 11 98 92 84
0 12 18 20 16
0 13 95 84 89
0 14 30 27 32
0 15 82 75 72
0 16 52 48 53
0 17 66 59 63
0 18 47 45 48
0 19 9 15 8
0 20 12 20 10
0 21 48 41 55
0 22 66 63 71
0 23 23 33 23
0 24 73 65 70
0 25 67 59 71
0 26 69 72 71
0 27 83 82 79
0 28 52 49 47
0 29 39 43 35
0 30 99 98 98
0 31 95 96 81
0 32 80 81 72
1 2 55 61 52
1 3 4 5 9
1 4 41 41 35
1 5 72 63 66
1 6 69 61 64
1 7 65 57 62
1 8 10 11 16
1 9 88 88 86
1 10 99 90 99
1 11 25 24 32
1 12 10 15 19
1 13 39 48 48
1 14 6 6 14
1 15 99 93 90
1 16 64 59 68
1 17 22 31 24
1 18 10 16 10
1 19 51 52 56
1 20 12 11 16
1 21 8 9 20
1 22 92 82 92
1 23 31 34 31
1 24 31 37 32
1 25 21 31 27
1 26 51 45 47
1 27 1 4 2
1 28 32 40 41
1 29 55 57 55
1 30 72 70 67
1 31 39 39 47
1 32 50 47 49
2 3 96 94 89
2 4 46 51 51
2 5 58 51 59
2 6 92 88 80
2 7 53 54 48
2 8 93 83 82
2 9 59 65 64
2 10 2 14 16
2 11 37 34 41
2 12 93 80 85
2 13 70 61 70
2 14 38 45 39
2 15 23 30 32
2 16 16 24 14
2 17 29 34 36
2 18 53 57 53
2 19 78 68 66
2 20 18 17 17
2 21 84 78 81
2 22 76 75 70
2 23 43 40 46
2 24 88 84 87
2 25 24 22 33
2 26 83 82 78
2 27 24 27 32
2 28 35 29 35
2 29 21 31 18
2 30 10 17 23
2 31 91 83 89
2 32 93 81 85
3 4 74 65 69
3 5 25 28 29
3 6 42 41 42
3 7 23 21 31
3 8 68 65 66
3 9 69 72 69
3 10 90 85 91
3 11 19 22 24
3 12 17 18 29
3 13 66 65 63
3 14 76 75 65
3 15 59 52 58
3 16 19 22 29
3 17 18 27 29
3 18 58 62 50
3 19 59 62 58
3 20 74 72 74
3 21 15 21 22
3 22 6 10 16
3 23 11 24 23
3 24 84 76 81
3 25 28 32 37
3 26 28 28 24
3 27 85 85 75
3 28 86 86 82
3 29 27 25 30
3 30 43 42 48
3 31 60 54 52
3 32 54 49 50
4 5 50 51 55
4 6 76 67 74
4 7 86 86 81
4 8 65 64 57
4 9 77 68 75
4 10 68 63 58
4 11 81 70 76
4 12 47 46 45
4 13 43 43 40
4 14 17 26 27
4 15 15 22 16
4 16 41 47 36
4 17 57 61 52
4 18 72 70 76
4 19 46 54 44
4 20 44 46 46
4 21 75 73 78
4 22 85 83 79
4 23 42 47 40
4 24 5 13 17
4 25 12 10 20
4 26 35 37 34
4 27 13 22 18
4 28 43 48 50
4 29 47 53 44
4 30 9 12 18
4 31 6 12 9
4 32 35 45 44
5 6 38 40 33
5 7 19 22 25
5 8 83 83 79
5 9 21 23 32
5 10 60 56 53
5 11 79 74 78
5 12 94 80 88
5 13 84 77 73
5 14 61 52 56
5 15 9 15 16
5 16 96 95 94
5 17 41 37 49
5 18 9 15 12
5 19 4 16 4
5 20 51 45 52
5 21 8 8 8
5 22 88 75 79
5 23 47 51 52
5 24 35 44 39
5 25 43 43 50
5 26 5 6 12
5 27 5 16 19
5 28 51 51 53
5 29 44 47 52
5 30 88 84 77
5 31 50 51 47
5 32 87 81 85
6 7 8 11 10
6 8 29 34 36
6 9 62 63 54
6 10 38 47 45
6 11 65 63 69
6 12 40 46 40
6 13 2 16 10
6 14 50 47 43
6 15 96 84 92
6 16 48 47 46
6 17 98 87 98
6 18 29 28 38
6 19 74 73 72
6 20 51 57 51
6 21 83 81 76
6 22 80 76 80
6 23 38 45 40
6 24 61 63 52
6 25 28 38 27
6 26 4 5 11
6 27 78 66 76
6 28 20 21 25
6 29 0 8 11
6 30 18 28 20
6 31 62 62 56
6 32 88 77 79
7 8 73 69 74
7 9 45 41 45
7 10 71 73 72
7 11 16 14 26
7 12 43 48 37
7 13 18 25 25
7 14 79 69 73
7 15 37 37 41
7 16 26 29 25
7 17 77 78 66
7 18 29 35 25
7 19 22 22 34
7 20 85 75 77
7 21 86 86 87
7 22 0 13 9
7 23 27 28 36
7 24 32 41 34
7 25 80 74 71
7 26 18 30 17
7 27 29 37 37
7 28 74 77 72
7 29 20 25 29
7 30 81 71 72
7 31 89 87 90
7 32 2 10 10
8 9 87 77 80
8 10 32 37 28
8 11 50 54 49
8 12 17 22 23
8 13 60 53 66
8 14 49 51 49
8 15 31 37 33
8 16 64 58 66
8 17 31 34 35
8 18 13 14 18
8 19 67 57 58
8 20 86 88 78
8 21 7 19 16
8 22 89 77 83
8 23 32 31 39
8 24 55 50 59
8 25 65 66 62
8 26 23 20 31
8 27 22 19 21
8 28 40 35 39
8 29 78 67 80
8 30 54 50 46
8 31 2 14 12
8 32 72 75 63
9 10 30 34 27
9 11 82 83 71
9 12 4 9 16
9 13 16 24 15
9 14 35 41 30
9 15 92 90 83
9 16 48 50 46
9 17 0 0 7
9 18 77 70 67
9 19 4 8 5
9 20 13 21 12
9 21 32 30 33
9 22 96 91 89
9 23 59 54 64
9 24 52 46 49
9 25 54 48 57
9 26 40 44 36
9 27 19 27 24
9 28 68 62 59
9 29 55 54 55
9 30 91 89 81
9 31 86 77 81
9 32 95 87 84
10 11 94 92 89
10 12 77 73 73
10 13 98 95 84
10 14 74 67 66
10 15 95 83 92
10 16 82 73 82
10 17 14 18 17
10 18 46 49 40
10 19 26 35 34
10 20 59 54 64
10 21 2 16 12
10 22 47 42 44
10 23 50 46 58
10 24 75 76 76
10 25 54 55 52
10 26 75 66 78
10 27 58 50 49
10 28 33 39 28
10 29 10 16 14
10 30 1 12 11
10 31 15 25 17
10 32 78 71 76
11 12 23 31 22
11 13 59 53 63
11 14 51 48 57
11 15 62 62 61
11 16 59 60 53
11 17 83 72 82
11 18 12 22 13
11 19 30 25 29
11 20 61 64 66
11 21 60 54 53
11 22 69 60 71
11 23 50 45 49
11 24 23 23 28
11 25 99 88 93
11 26 92 89 82
11 27 44 45 46
11 28 63 64 55
11 29 14 24 17
11 30 72 73 76
11 31 78 72 75
11 32 31 28 28
12 13 26 29 28
12 14 14 13 23
12 15 59 55 63
12 16 70 72 68
12 17 64 59 59
12 18 51 55 58
12 19 36 36 32
12 20 49 44 51
12 21 15 20 22
12 22 64 60 57
12 23 32 41 29
12 24 22 19 30
12 25 95 88 84
12 26 83 77 78
12 27 40 41 39
12 28 26 34 27
12 29 26 27 26
12 30 13 14 18
12 31 6 11 11
12 32 83 78 74
13 14 8 16 21
13 15 53 60 59
13 16 31 29 37
13 17 4 5 17
13 18 90 77 78
13 19 20 19 32
13 20 20 22 28
13 21 26 23 29
13 22 69 63 68
13 23 98 98 91
13 24 80 81 69
13 25 52 58 51
13 26 83 75 72
13 27 88 76 87
13 28 95 90 94
13 29 35 36 35
13 30 11 24 11
13 31 79 69 79
13 32 89 83 78
14 15 95 90 95
14 16 93 84 85
14 17 13 24 25
14 18 90 77 82
14 19 67 69 62
14 20 20 30 29
14 21 46 40 46
14 22 82 71 71
14 23 0 10 3
14 24 6 5 9
14 25 16 22 21
14 26 31 32 36
14 27 99 88 93
14 28 48 42 55
14 29 64 60 69
14 30 85 76 73
14 31 93 83 92
14 32 54 59 51
15 16 91 91 79
15 17 11 20 18
15 18 33 32 31
15 19 37 35 37
15 20 47 45 41
15 21 99 93 95
15 22 50 52 57
15 23 5 6 8
15 24 95 87 85
15 25 65 69 67
15 26 15 24 15
15 27 32 33 35
15 28 64 56 64
15 29 66 69 59
15 30 32 37 41
15 31 75 75 69
15 32 21 33 27
16 17 60 63 62
16 18 70 64 70
16 19 79 78 78
16 20 94 80 84
16 21 78 78 79
16 22 75 75 69
16 23 64 64 61
16 24 81 81 73
16 25 1 5 13
16 26 96 94 84
16 27 6 8 13
16 28 36 43 38
16 29 94 90 92
16 30 46 41 44
16 31 1 11 12
16 32 8 7 12
17 18 58 57 54
17 19 13 24 22
17 20 69 59 66
17 21 60 59 63
17 22 41 47 48
17 23 12 17 23
17 24 42 47 50
17 25 83 74 75
17 26 3 9 12
17 27 15 15 14
17 28 27 30 34
17 29 79 72 74
17 30 99 86 85
17 31 61 63 65
17 32 85 79 78
18 19 27 25 33
18 20 54 53 52
18 21 52 50 54
18 22 23 22 24
18 23 44 50 51
18 24 42 51 49
18 25 13 12 13
18 26 31 34 34
18 27 16 25 27
18 28 78 79 70
18 29 97 89 84
18 30 77 76 76
18 31 23 28 32
18 32 93 87 80
19 20 18 17 20
19 21 53 53 59
19 22 52 46 57
19 23 50 56 49
19 24 23 20 24
19 25 68 59 68
19 26 68 68 60
19 27 86 81 79
19 28 99 89 84
19 29 5 9 10
19 30 39 44 44
19 31 84 85 85
19 32 16 14 15
20 21 57 62 59
20 22 92 91 82
20 23 72 64 68
20 24 91 84 79
20 25 62 66 67
20 26 69 68 65
20 27 6 8 6
20 28 99 87 99
20 29 98 93 95
20 30 36 31 31
20 31 75 72 66
20 32 9 14 22
21 22 46 47 45
21 23 91 84 91
21 24 1 11 9
21 25 84 73 77
21 26 65 65 63
21 27 90 81 87
21 28 27 36 36
21 29 1 2 13
21 30 72 67 71
21 31 27 23 25
21 32 14 18 16
22 23 37 42 43
22 24 71 67 65
22 25 89 79 87
22 26 29 36 28
22 27 89 80 78
22 28 12 20 21
22 29 79 81 70
22 30 35 33 40
22 31 95 94 87
22 32 36 33 41
23 24 19 23 18
23 25 73 75 69
23 26 24 34 27
23 27 40 34 49
23 28 35 35 41
23 29 50 48 54
23 30 63 59 54
23 31 6 18 9
23 32 86 83 82
24 25 38 35 40
24 26 53 53 59
24 27 57 52 51
24 28 1 2 7
24 29 89 88 85
24 30 9 13 13
24 31 47 50 46
24 32 52 45 55
25 26 78 68 75
25 27 40 46 46
25 28 84 78 72
25 29 35 40 30
25 30 58 62 58
25 31 93 92 87
25 32 27 32 23
26 27 34 35 43
26 28 84 79 81
26 29 89 89 75
26 30 81 75 70
26 31 33 37 33
26 32 37 46 35
27 28 77 74 80
27 29 89 77 89
27 30 6 12 13
27 31 3 16 12
27 32 67 70 69
28 29 15 20 13
28 30 55 47 48
28 31 92 81 82
28 32 35 39 42
29 30 35 34 33
29 31 69 66 60
29 32 71 66 73
30 31 15 16 27
30 32 37 42 44
31 32 87 78 87
