40 3
0.7 0 0.3
0 1 98 77 81
0 2 57 43 71
0 3 87 70 91
0 4 47 58 40
0 5 50 49 45
0 6 18 33 52
0 7 24 60 23
0 8 21 28 39
0 9 0 40 27
0 10 51 62 65
0 11 78 74 42
0 12 59 57 68
0 13 81 64 59
0 14 60 49 70
0 15 35 45 67
0 16 21 48 26
0 17 10 50 23
0 18 65 65 75
0 19 83 81 74
0 20 84 60 77
0 21 86 76 58
0 22 31 19 19
0 23 24 44 48
0 24 58 68 65
0 25 28 38 54
0 26 34 39 22
0 27 53 46 40
0 28 58 69 53
0 29 47 23 66
0 30 45 57 53
0 31 87 91 64
0 32 54 73 73
0 33 65 66 56
0 34 78 70 86
0 35 29 54 56
0 36 29 39 58
0 37 24 35 24
0 38 20 16 44
0 39 59 69 39
1 2 64 58 54
1 3 92 71 58
1 4 65 51 45
1 5 98 71 76
1 6 58 74 62
1 7 17 32 12
1 8 65 43 65
1 9 68 72 56
1 10 1 2 26
1 11 44 70 53
1 12 2 13 14
1 13 83 57 47
1 14 21 31 29
1 15 47 70 44
1 16 99 87 81
1 17 53 38 29
1 18 78 63 72
1 19 48 57 48
1 20 8 14 50
1 21 82 57 84
1 22 49 31 64
1 23 99 50 74
1 24 87 81 83
1 25 80 83 59
1 26 74 70 73
1 27 19 39 55
1 28 90 83 69
1 29 13 45 28
1 30 56 63 31
1 31 98 81 74
1 32 53 46 70
1 33 68 81 44
1 34 73 77 72
1 35 64 58 69
1 36 16 45 54
1 37 35 25 36
1 38 70 78 61
1 39 46 51 60
2 3 70 53 50
2 4 68 40 55
2 5 25 13 25
2 6 78 65 46
2 7 29 17 43
2 8 93 52 92
2 9 23 60 38
2 10 31 40 17
2 11 19 14 36
2 12 30 43 51
2 13 85 83 51
2 14 77 60 81
2 15 95 61 79
2 16 51 38 57
2 17 40 29 22
2 18 66 78 80
2 19 24 50 47
2 20 16 34 28
2 21 78 40 67
2 22 21 44 42
2 23 63 56 48
2 24 90 91 87
2 25 73 52 82
2 26 74 75 45
2 27 69 36 80
2 28 4 12 40
2 29 86 52 74
2 30 92 66 58
2 31 88 80 50
2 32 32 37 60
2 33 85 58 63
2 34 21 36 30
2 35 55 58 39
2 36 49 57 27
2 37 82 75 46
2 38 14 51 20
2 39 55 77 29
3 4 16 14 57
3 5 94 57 49
3 6 13 31 23
3 7 89 91 55
3 8 67 63 40
3 9 66 36 34
3 10 82 68 66
3 11 3 46 10
3 12 70 51 65
3 13 65 70 35
3 14 10 22 46
3 15 3 42 42
3 16 58 42 46
3 17 50 29 58
3 18 48 46 31
3 19 35 50 42
3 20 20 40 42
3 21 85 60 56
3 22 92 76 52
3 23 51 39 46
3 24 82 61 50
3 25 87 70 64
3 26 8 33 51
3 27 44 36 31
3 28 90 51 69
3 29 50 26 74
3 30 14 12 50
3 31 40 46 35
3 32 19 15 56
3 33 66 57 71
3 34 68 63 62
3 35 23 17 59
3 36 74 79 78
3 37 43 67 57
3 38 20 35 35
3 39 88 49 50
4 5 33 60 42
4 6 89 45 46
4 7 85 60 91
4 8 92 92 59
4 9 30 43 16
4 10 13 17 28
4 11 32 59 20
4 12 75 76 46
4 13 49 48 46
4 14 99 72 63
4 15 56 63 65
4 16 34 59 61
4 17 79 63 73
4 18 87 76 93
4 19 94 85 54
4 20 66 67 36
4 21 81 65 66
4 22 50 29 62
4 23 61 37 42
4 24 5 47 52
4 25 78 41 71
4 26 59 47 35
4 27 13 29 31
4 28 10 45 8
4 29 7 7 23
4 30 37 24 48
4 31 75 50 55
4 32 78 57 58
4 33 4 26 18
4 34 4 25 31
4 35 91 52 57
4 36 96 63 81
4 37 58 47 50
4 38 54 62 28
4 39 64 54 57
5 6 50 56 41
5 7 45 46 41
5 8 56 43 30
5 9 69 69 74
5 10 56 41 61
5 11 41 40 37
5 12 20 34 20
5 13 36 41 40
5 14 29 33 62
5 15 17 45 41
5 16 5 48 24
5 17 12 50 19
5 18 9 16 4
5 19 13 8 53
5 20 2 48 30
5 21 78 78 66
5 22 86 73 47
5 23 36 23 46
5 24 25 21 46
5 25 62 77 53
5 26 72 46 83
5 27 77 54 48
5 28 42 69 24
5 29 73 45 57
5 30 77 73 50
5 31 74 73 77
5 32 57 57 31
5 33 3 19 19
5 34 92 59 82
5 35 32 29 42
5 36 62 35 60
5 37 37 38 34
5 38 80 48 80
5 39 56 67 63
6 7 83 61 82
6 8 67 63 43
6 9 26 29 18
6 10 54 38 44
6 11 89 52 56
6 12 30 53 65
6 13 91 51 95
6 14 41 61 69
6 15 23 54 61
6 16 51 61 28
6 17 74 73 75
6 18 98 58 58
6 19 63 64 42
6 20 30 49 28
6 21 31 32 21
6 22 32 18 25
6 23 79 50 88
6 24 9 47 11
6 25 32 45 61
6 26 71 76 39
6 27 9 29 40
6 28 77 38 50
6 29 60 56 37
6 30 1 1 25
6 31 70 69 42
6 32 17 17 17
6 33 48 47 40
6 34 48 52 73
6 35 65 47 50
6 36 14 18 43
6 37 55 65 35
6 38 18 40 57
6 39 92 91 91
7 8 16 34 9
7 9 1 24 9
7 10 30 31 22
7 11 77 51 55
7 12 18 44 41
7 13 34 56 33
7 14 36 22 28
7 15 77 50 41
7 16 17 45 9
7 17 14 41 46
7 18 67 57 51
7 19 30 56 55
7 20 1 48 8
7 21 54 55 41
7 22 1 38 6
7 23 45 46 40
7 24 62 58 70
7 25 39 44 65
7 26 63 54 34
7 27 76 75 68
7 28 90 59 79
7 29 20 34 51
7 30 28 35 25
7 31 71 48 39
7 32 33 64 18
7 33 79 63 62
7 34 24 37 22
7 35 39 56 41
7 36 13 32 33
7 37 55 74 70
7 38 70 57 40
7 39 4 2 10
8 9 9 7 28
8 10 48 26 71
8 11 5 41 36
8 12 65 49 74
8 13 6 26 48
8 14 86 73 75
8 15 91 87 71
8 16 68 46 53
8 17 42 53 63
8 18 65 49 61
8 19 1 35 31
8 20 21 46 16
8 21 75 81 66
8 22 77 53 46
8 23 65 49 39
8 24 6 37 43
8 25 53 68 63
8 26 89 59 55
8 27 20 11 22
8 28 8 44 29
8 29 30 59 37
8 30 47 67 45
8 31 36 56 50
8 32 3 15 20
8 33 1 34 40
8 34 85 60 54
8 35 31 58 51
8 36 83 63 57
8 37 26 57 13
8 38 7 5 21
8 39 19 57 22
9 10 51 38 72
9 11 3 42 21
9 12 3 45 30
9 13 14 28 26
9 14 12 33 43
9 15 36 42 23
9 16 49 45 33
9 17 2 7 45
9 18 96 64 94
9 19 51 57 70
9 20 50 31 70
9 21 26 40 44
9 22 85 66 87
9 23 70 40 77
9 24 55 43 56
9 25 21 35 33
9 26 77 42 49
9 27 67 45 56
9 28 76 40 47
9 29 65 40 57
9 30 41 34 23
9 31 59 62 42
9 32 38 32 21
9 33 3 44 10
9 34 82 72 62
9 35 90 87 90
9 36 69 39 39
9 37 70 39 51
9 38 30 22 56
9 39 62 69 47
10 11 18 50 56
10 12 80 71 41
10 13 6 3 20
10 14 79 66 79
10 15 39 44 62
10 16 63 69 58
10 17 85 61 47
10 18 13 28 51
10 19 9 54 21
10 20 29 17 27
10 21 51 61 29
10 22 11 45 22
10 23 65 40 33
10 24 48 56 38
10 25 9 51 49
10 26 20 18 17
10 27 16 21 29
10 28 33 34 34
10 29 64 37 44
10 30 74 49 51
10 31 95 68 67
10 32 96 59 69
10 33 29 20 30
10 34 94 70 73
10 35 37 28 37
10 36 10 29 7
10 37 48 47 39
10 38 26 49 44
10 39 60 56 32
11 12 44 46 61
11 13 6 40 28
11 14 71 38 50
11 15 83 41 44
11 16 40 32 45
11 17 78 60 85
11 18 5 32 7
11 19 77 80 42
11 20 71 76 79
11 21 2 1 35
11 22 89 82 62
11 23 53 33 50
11 24 58 45 74
11 25 17 9 53
11 26 78 83 58
11 27 50 33 39
11 28 5 5 47
11 29 15 32 52
11 30 7 42 35
11 31 35 62 30
11 32 58 56 42
11 33 29 16 48
11 34 35 61 27
11 35 54 33 58
11 36 54 33 50
11 37 99 57 55
11 38 16 11 51
11 39 36 58 30
12 13 96 86 51
12 14 15 38 12
12 15 49 38 36
12 16 50 25 50
12 17 74 52 76
12 18 13 34 37
12 19 61 34 66
12 20 72 77 65
12 21 46 32 65
12 22 17 10 48
12 23 92 47 83
12 24 54 63 47
12 25 70 83 49
12 26 31 59 34
12 27 92 54 79
12 28 35 24 65
12 29 35 62 55
12 30 27 14 26
12 31 19 54 35
12 32 22 27 45
12 33 58 33 65
12 34 15 37 10
12 35 8 31 15
12 36 61 66 33
12 37 92 80 49
12 38 37 51 66
12 39 68 79 73
13 14 26 42 52
13 15 9 9 19
13 16 38 58 54
13 17 44 52 36
13 18 10 40 52
13 19 31 45 55
13 20 74 68 83
13 21 82 56 71
13 22 79 64 85
13 23 43 60 31
13 24 1 6 22
13 25 65 63 36
13 26 84 61 80
13 27 7 42 43
13 28 77 79 48
13 29 46 38 70
13 30 0 40 13
13 31 77 68 69
13 32 6 7 52
13 33 35 20 21
13 34 48 47 61
13 35 68 41 74
13 36 60 38 76
13 37 14 39 32
13 38 53 73 70
13 39 83 69 82
14 15 94 64 80
14 16 82 89 86
14 17 54 29 61
14 18 76 53 45
14 19 39 48 68
14 20 89 53 49
14 21 31 41 65
14 22 40 62 44
14 23 52 55 49
14 24 55 63 58
14 25 17 54 48
14 26 78 47 70
14 27 51 56 40
14 28 19 13 42
14 29 88 73 90
14 30 25 36 51
14 31 32 62 35
14 32 44 58 37
14 33 69 64 65
14 34 59 59 54
14 35 50 39 60
14 36 31 40 24
14 37 53 65 29
14 38 75 41 38
14 39 24 21 16
15 16 86 91 80
15 17 92 92 77
15 18 22 41 38
15 19 84 87 63
15 20 68 59 50
15 21 98 68 70
15 22 5 23 41
15 23 66 61 65
15 24 39 69 68
15 25 6 45 7
15 26 85 43 69
15 27 29 19 28
15 28 98 50 59
15 29 51 62 58
15 30 75 63 46
15 31 97 75 90
15 32 90 64 79
15 33 27 44 56
15 34 71 68 54
15 35 88 66 89
15 36 41 67 24
15 37 50 66 47
15 38 29 55 30
15 39 1 12 4
16 17 22 59 19
16 18 17 54 14
16 19 67 80 61
16 20 71 46 76
16 21 65 60 61
16 22 48 72 63
16 23 77 77 44
16 24 18 38 37
16 25 92 51 77
16 26 94 64 93
16 27 92 58 82
16 28 64 39 43
16 29 28 58 40
16 30 52 28 51
16 31 6 10 17
16 32 93 95 79
16 33 80 53 59
16 34 89 88 82
16 35 30 18 22
16 36 89 87 77
16 37 73 38 42
16 38 34 56 27
16 39 90 51 60
17 18 97 82 50
17 19 86 47 65
17 20 53 70 40
17 21 2 18 37
17 22 9 9 44
17 23 40 62 21
17 24 6 34 49
17 25 14 54 57
17 26 1 10 7
17 27 5 46 9
17 28 17 33 29
17 29 58 35 40
17 30 73 79 79
17 31 55 77 55
17 32 99 60 69
17 33 33 16 43
17 34 71 47 54
17 35 71 44 74
17 36 18 12 29
17 37 60 63 32
17 38 40 35 50
17 39 59 32 64
18 19 93 88 70
18 20 90 78 53
18 21 91 49 56
18 22 6 28 28
18 23 91 55 51
18 24 81 63 77
18 25 49 69 51
18 26 81 72 80
18 27 93 64 94
18 28 87 76 75
18 29 29 40 37
18 30 80 40 55
18 31 45 48 34
18 32 11 16 25
18 33 16 41 36
18 34 19 35 28
18 35 26 37 55
18 36 15 22 7
18 37 79 55 85
18 38 90 91 78
18 39 8 45 32
19 20 80 76 63
19 21 70 38 50
19 22 52 39 52
19 23 48 64 35
19 24 43 58 40
19 25 79 41 83
19 26 3 35 25
19 27 41 49 22
19 28 53 73 34
19 29 89 80 79
19 30 95 69 66
19 31 39 29 27
19 32 38 67 23
19 33 99 73 64
19 34 99 80 56
19 35 92 77 64
19 36 60 60 73
19 37 44 70 36
19 38 60 74 59
19 39 62 64 73
20 21 75 53 75
20 22 8 21 34
20 23 55 65 36
20 24 25 57 44
20 25 22 18 44
20 26 87 47 61
20 27 51 26 27
20 28 50 70 43
20 29 5 32 25
20 30 84 59 68
20 31 56 32 31
20 32 15 19 24
20 33 81 58 75
20 34 22 45 34
20 35 61 44 72
20 36 54 65 44
20 37 57 49 70
20 38 2 46 40
20 39 15 34 29
21 22 44 36 65
21 23 53 72 46
21 24 51 72 59
21 25 14 13 33
21 26 44 32 68
21 27 14 37 10
21 28 33 55 52
21 29 28 60 46
21 30 4 7 44
21 31 16 25 42
21 32 33 58 25
21 33 53 53 44
21 34 91 47 49
21 35 36 39 21
21 36 43 34 50
21 37 17 28 42
21 38 56 71 72
21 39 35 63 29
22 23 9 44 49
22 24 43 60 61
22 25 42 24 40
22 26 1 9 40
22 27 96 63 74
22 28 14 11 43
22 29 35 62 40
22 30 57 41 78
22 31 6 3 40
22 32 24 51 33
22 33 15 56 45
22 34 99 88 91
22 35 0 7 21
22 36 80 52 77
22 37 49 49 56
22 38 50 45 34
22 39 35 54 23
23 24 97 85 70
23 25 13 23 39
23 26 46 64 24
23 27 13 38 7
23 28 54 69 34
23 29 30 64 50
23 30 72 79 68
23 31 87 48 73
23 32 12 9 14
23 33 78 61 66
23 34 8 47 19
23 35 46 60 27
23 36 90 84 78
23 37 85 84 85
23 38 87 59 82
23 39 3 38 41
24 25 54 46 51
24 26 58 56 49
24 27 93 79 56
24 28 67 61 57
24 29 82 46 42
24 30 37 31 53
24 31 7 13 12
24 32 64 46 80
24 33 57 76 49
24 34 48 62 72
24 35 57 58 37
24 36 14 10 17
24 37 27 14 38
24 38 65 36 65
24 39 80 41 51
25 26 13 28 50
25 27 6 23 11
25 28 82 56 66
25 29 0 7 2
25 30 72 72 43
25 31 73 71 59
25 32 92 64 59
25 33 3 45 35
25 34 39 26 63
25 35 73 80 81
25 36 64 68 77
25 37 18 29 21
25 38 28 47 52
25 39 82 49 86
26 27 0 46 6
26 28 63 70 79
26 29 34 45 45
26 30 89 45 83
26 31 47 47 25
26 32 57 40 48
26 33 32 45 65
26 34 90 80 64
26 35 34 48 57
26 36 39 59 55
26 37 13 51 47
26 38 71 67 36
26 39 44 42 65
27 28 14 17 56
27 29 80 84 74
27 30 36 25 63
27 31 13 47 38
27 32 26 38 59
27 33 97 84 87
27 34 17 34 55
27 35 99 94 90
27 36 12 28 33
27 37 90 74 92
27 38 43 32 54
27 39 43 53 32
28 29 80 87 84
28 30 75 53 47
28 31 98 56 86
28 32 80 54 78
28 33 33 33 20
28 34 64 63 61
28 35 83 61 81
28 36 98 84 49
28 37 1 9 35
28 38 10 40 17
28 39 92 48 90
29 30 77 62 83
29 31 23 50 52
29 32 8 31 10
29 33 7 30 34
29 34 50 69 41
29 35 28 44 41
29 36 95 97 73
29 37 78 42 82
29 38 49 53 27
29 39 89 60 78
30 31 62 52 46
30 32 50 45 28
30 33 28 17 21
30 34 88 45 78
30 35 66 77 79
30 36 64 69 40
30 37 83 71 68
30 38 55 71 58
30 39 61 33 47
31 32 58 44 50
31 33 74 72 62
31 34 25 55 33
31 35 38 23 29
31 36 87 66 46
31 37 30 63 57
31 38 25 36 29
31 39 17 47 55
32 33 53 52 37
32 34 18 30 38
32 35 73 54 49
32 36 17 16 25
32 37 36 45 43
32 38 42 36 42
32 39 26 38 19
33 34 57 45 41
33 35 52 42 58
33 36 83 56 64
33 37 73 49 69
33 38 48 71 43
33 39 5 45 38
34 35 45 69 56
34 36 37 22 47
34 37 12 27 33
34 38 26 62 35
34 39 28 29 41
35 36 60 61 62
35 37 67 35 73
35 38 29 62 56
35 39 7 34 48
36 37 34 40 36
36 38 19 46 15
36 39 56 53 65
37 38 28 46 38
37 39 85 43 52
38 39 66 35 59
