42 3
0.8 0 0.2
0 1 35 38 43
0 2 34 31 40
0 3 95 82 94
0 4 16 21 20
0 5 9 14 15
0 6 53 53 47
0 7 19 22 29
0 8 2 12 7
0 9 77 65 78
0 10 84 79 85
0 11 22 27 29
0 12 11 19 15
0 13 4 18 6
0 14 60 56 59
0 15 50 43 52
0 16 68 65 66
0 17 82 79 80
0 18 52 54 50
0 19 53 48 51
0 20 32 38 27
0 21 64 68 67
0 22 7 6 21
0 23 15 27 26
0 24 38 46 45
0 25 7 9 18
0 26 73 74 74
0 27 66 69 67
0 28 36 33 42
0 29 67 60 70
0 30 34 32 42
0 31 26 37 22
0 32 64 62 68
0 33 66 69 61
0 34 14 12 18
0 35 46 43 46
0 36 32 36 39
0 37 96 83 89
0 38 76 68 65
0 39 36 31 44
0 40 26 35 30
0 41 72 73 64
1 2 66 56 68
1 3 47 42 41
1 4 74 67 64
1 5 32 37 29
1 6 11 24 21
1 7 94 89 93
1 8 84 82 71
1 9 91 79 89
1 10 64 58 57
1 11 35 40 42
1 12 11 17 20
1 13 68 58 69
1 14 71 63 63
1 15 56 49 50
1 16 35 37 38
1 17 75 75 65
1 18 8 10 16
1 19 5 10 18
1 20 73 66 76
1 21 9 21 13
1 22 46 44 48
1 23 44 48 42
1 24 31 38 32
1 25 95 88 81
1 26 77 78 70
1 27 48 47 46
1 28 42 39 46
1 29 77 77 72
1 30 97 91 86
1 31 34 33 30
1 32 34 43 40
1 33 7 20 7
1 34 12 22 15
1 35 86 85 86
1 36 76 74 73
1 37 67 60 60
1 38 43 50 41
1 39 19 30 19
1 40 77 74 66
1 41 60 56 64
2 3 5 11 19
2 4 8 13 14
2 5 85 77 77
2 6 90 89 78
2 7 21 18 33
2 8 80 74 77
2 9 87 83 85
2 10 18 27 17
2 11 54 47 60
2 12 23 33 33
2 13 52 49 48
2 14 42 39 46
2 15 79 70 78
2 16 15 24 25
2 17 20 31 26
2 18 79 75 73
2 19 91 87 88
2 20 89 77 80
2 21 24 20 29
2 22 39 44 35
2 23 13 25 19
2 24 9 19 13
2 25 69 63 62
2 26 86 82 84
2 27 64 57 68
2 28 88 88 88
2 29 52 58 56
2 30 6 10 7
2 31 69 72 64
2 32 35 39 33
2 33 59 61 52
2 34 28 25 35
2 35 61 66 59
2 36 52 48 51
2 37 30 36 38
2 38 62 56 61
2 39 12 15 12
2 40 16 16 21
2 41 20 20 24
3 4 71 63 63
3 5 81 75 82
3 6 82 80 72
3 7 43 43 43
3 8 73 77 62
3 9 1 12 2
3 10 53 49 58
3 11 19 22 22
3 12 3 3 6
3 13 63 62 66
3 14 17 26 29
3 15 42 48 37
3 16 46 45 51
3 17 92 91 90
3 18 87 75 77
3 19 44 42 43
3 20 91 90 92
3 21 60 58 53
3 22 91 86 80
3 23 82 84 75
3 24 59 61 59
3 25 7 19 16
3 26 99 91 98
3 27 98 85 94
3 28 41 43 41
3 29 87 80 74
3 30 49 51 56
3 31 53 59 57
3 32 18 29 30
3 33 62 62 63
3 34 77 75 75
3 35 39 36 36
3 36 60 58 57
3 37 93 88 81
3 38 69 65 64
3 39 3 13 6
3 40 78 74 74
3 41 42 49 43
4 5 46 45 42
4 6 29 32 34
4 7 77 73 68
4 8 25 36 28
4 9 31 32 30
4 10 26 30 37
4 11 8 9 13
4 12 33 31 35
4 13 72 67 76
4 14 94 93 93
4 15 98 93 95
4 16 84 82 74
4 17 46 46 48
4 18 23 33 34
4 19 81 76 78
4 20 2 12 15
4 21 12 25 19
4 22 51 55 50
4 23 16 21 26
4 24 25 30 27
4 25 5 5 5
4 26 14 13 12
4 27 65 56 62
4 28 89 81 83
4 29 41 38 49
4 30 15 24 26
4 31 84 75 75
4 32 46 51 44
4 33 57 49 52
4 34 99 87 86
4 35 71 71 67
4 36 36 45 44
4 37 65 62 59
4 38 51 49 51
4 39 58 49 56
4 40 55 57 60
4 41 15 16 19
5 6 71 64 62
5 7 22 31 23
5 8 95 89 95
5 9 22 31 29
5 10 68 59 72
5 11 71 61 73
5 12 2 15 5
5 13 51 57 52
5 14 34 43 35
5 15 79 75 67
5 16 33 41 36
5 17 74 73 69
5 18 13 18 21
5 19 72 69 65
5 20 8 18 11
5 21 63 59 62
5 22 23 29 26
5 23 39 42 44
5 24 27 30 36
5 25 25 28 34
5 26 53 47 50
5 27 9 16 17
5 28 26 31 25
5 29 37 41 44
5 30 70 72 69
5 31 32 37 37
5 32 3 5 3
5 33 96 93 89
5 34 74 66 77
5 35 23 33 21
5 36 44 49 45
5 37 72 68 62
5 38 29 26 26
5 39 70 71 74
5 40 59 59 64
5 41 12 15 17
6 7 3 13 8
6 8 32 40 32
6 9 51 54 55
6 10 15 17 22
6 11 39 42 37
6 12 12 25 13
6 13 2 9 1
6 14 36 36 38
6 15 64 57 69
6 16 20 31 18
6 17 10 15 21
6 18 62 56 54
6 19 19 22 31
6 20 20 20 19
6 21 61 57 61
6 22 14 16 18
6 23 31 35 37
6 24 90 77 89
6 25 67 66 58
6 26 24 25 23
6 27 5 17 17
6 28 95 87 92
6 29 30 37 34
6 30 5 13 17
6 31 88 85 78
6 32 23 31 25
6 33 14 13 26
6 34 45 42 47
6 35 93 80 83
6 36 8 20 18
6 37 60 57 61
6 38 58 62 63
6 39 3 6 9
6 40 57 64 50
6 41 20 18 28
7 8 22 25 22
7 9 63 56 56
7 10 5 5 15
7 11 78 79 79
7 12 88 76 75
7 13 72 76 67
7 14 45 49 40
7 15 95 91 95
7 16 2 11 13
7 17 73 67 70
7 18 2 9 11
7 19 98 89 90
7 20 50 57 57
7 21 65 61 67
7 22 12 16 10
7 23 77 78 78
7 24 76 79 72
7 25 18 17 17
7 26 81 76 70
7 27 6 18 15
7 28 34 33 42
7 29 46 39 42
7 30 51 56 45
7 31 81 73 77
7 32 17 21 22
7 33 2 6 13
7 34 78 67 79
7 35 70 66 74
7 36 70 73 71
7 37 50 48 55
7 38 37 38 42
7 39 9 20 17
7 40 34 40 40
7 41 28 30 36
8 9 10 21 20
8 10 31 40 37
8 11 59 62 61
8 12 95 81 86
8 13 26 26 27
8 14 99 94 88
8 15 92 81 87
8 16 24 32 24
8 17 0 4 5
8 18 88 82 84
8 19 33 38 42
8 20 60 51 58
8 21 43 41 40
8 22 61 56 56
8 23 98 92 97
8 24 45 43 47
8 25 45 44 52
8 26 8 10 16
8 27 59 57 54
8 28 59 64 64
8 29 27 29 26
8 30 86 87 77
8 31 98 93 89
8 32 0 12 10
8 33 87 87 82
8 34 27 36 26
8 35 56 50 50
8 36 15 16 25
8 37 98 89 89
8 38 52 55 58
8 39 82 70 69
8 40 9 11 8
8 41 16 18 22
9 10 15 24 27
9 11 20 18 32
9 12 14 17 18
9 13 7 12 13
9 14 10 23 9
9 15 86 78 76
9 16 39 45 42
9 17 60 65 63
9 18 87 77 84
9 19 65 57 61
9 20 84 82 83
9 21 32 37 41
9 22 3 8 9
9 23 40 40 48
9 24 79 70 72
9 25 85 76 85
9 26 72 64 67
9 27 21 19 26
9 28 70 66 64
9 29 17 26 17
9 30 38 46 44
9 31 9 12 18
9 32 29 25 35
9 33 16 14 26
9 34 93 89 81
9 35 69 66 61
9 36 67 59 61
9 37 30 35 34
9 38 71 72 69
9 39 91 87 79
9 40 2 6 15
9 41 18 23 26
10 11 66 64 67
10 12 58 64 53
10 13 13 24 17
10 14 74 70 68
10 15 85 72 76
10 16 76 68 78
10 17 96 84 82
10 18 3 15 14
10 19 26 30 24
10 20 35 35 32
10 21 62 55 56
10 22 14 21 21
10 23 94 93 93
10 24 58 59 52
10 25 78 68 70
10 26 55 56 50
10 27 85 73 79
10 28 52 48 49
10 29 70 66 69
10 30 82 70 75
10 31 55 49 60
10 32 28 31 37
10 33 67 66 58
10 34 43 48 50
10 35 99 95 91
10 36 74 63 71
10 37 21 18 21
10 38 73 66 75
10 39 24 29 28
10 40 92 86 79
10 41 93 82 82
11 12 61 55 53
11 13 57 56 62
11 14 58 57 57
11 15 85 83 73
11 16 46 52 49
11 17 75 77 64
11 18 38 40 44
11 19 87 84 74
11 20 18 25 19
11 21 26 36 30
11 22 66 70 69
11 23 22 25 31
11 24 17 26 24
11 25 8 21 15
11 26 81 80 69
11 27 2 10 9
11 28 14 21 27
11 29 97 88 87
11 30 81 81 71
11 31 5 6 5
11 32 77 77 68
11 33 45 45 44
11 34 12 13 23
11 35 65 70 59
11 36 30 26 33
11 37 59 54 50
11 38 36 43 35
11 39 39 35 47
11 40 85 76 73
11 41 26 32 30
12 13 80 70 80
12 14 80 71 81
12 15 64 56 66
12 16 25 22 28
12 17 76 66 74
12 18 71 72 74
12 19 57 53 52
12 20 0 14 4
12 21 59 57 62
12 22 63 64 66
12 23 49 52 44
12 24 84 80 71
12 25 1 3 11
12 26 27 34 31
12 27 86 77 82
12 28 9 22 15
12 29 56 52 54
12 30 0 6 5
12 31 11 18 21
12 32 47 47 49
12 33 18 23 28
12 34 24 30 26
12 35 42 44 49
12 36 26 35 30
12 37 92 87 88
12 38 83 82 82
12 39 80 73 69
12 40 96 85 90
12 41 67 57 60
13 14 67 67 68
13 15 38 32 37
13 16 36 31 35
13 17 46 50 43
13 18 15 15 13
13 19 82 82 76
13 20 16 21 27
13 21 55 54 50
13 22 40 34 35
13 23 27 34 26
13 24 96 87 93
13 25 17 16 21
13 26 87 86 86
13 27 31 30 33
13 28 96 82 88
13 29 73 76 62
13 30 51 56 56
13 31 20 24 19
13 32 24 34 22
13 33 24 25 32
13 34 46 48 51
13 35 30 38 35
13 36 64 65 58
13 37 18 20 27
13 38 18 26 20
13 39 33 39 42
13 40 92 81 81
13 41 8 20 9
14 15 9 18 9
14 16 96 86 89
14 17 0 12 12
14 18 95 93 92
14 19 53 47 56
14 20 34 30 44
14 21 52 55 58
14 22 32 38 37
14 23 57 49 58
14 24 48 48 44
14 25 58 50 51
14 26 33 29 41
14 27 84 71 84
14 28 73 65 67
14 29 0 8 7
14 30 37 38 44
14 31 68 67 67
14 32 4 4 11
14 33 72 75 68
14 34 49 54 44
14 35 7 17 12
14 36 54 49 54
14 37 17 22 29
14 38 31 27 37
14 39 91 83 80
14 40 25 29 26
14 41 83 81 76
15 16 60 52 63
15 17 82 85 83
15 18 90 81 81
15 19 75 68 69
15 20 12 13 16
15 21 93 86 83
15 22 38 43 42
15 23 97 86 83
15 24 32 35 30
15 25 43 42 41
15 26 60 54 60
15 27 68 63 70
15 28 78 78 70
15 29 78 77 74
15 30 34 43 39
15 31 50 44 54
15 32 4 6 7
15 33 86 85 81
15 34 20 27 26
15 35 81 78 69
15 36 33 31 28
15 37 79 80 78
15 38 43 50 45
15 39 33 39 37
15 40 53 52 60
15 41 22 22 26
16 17 44 40 46
16 18 64 68 60
16 19 29 26 39
16 20 88 76 86
16 21 97 85 84
16 22 62 56 65
16 23 44 41 41
16 24 63 58 60
16 25 59 58 64
16 26 97 92 86
16 27 73 72 76
16 28 10 17 14
16 29 93 92 85
16 30 40 48 46
16 31 99 94 97
16 32 17 29 16
16 33 49 44 45
16 34 52 56 55
16 35 72 64 69
16 36 60 56 64
16 37 85 80 77
16 38 76 68 78
16 39 31 34 35
16 40 60 59 57
16 41 57 50 59
17 18 92 88 84
17 19 4 15 13
17 20 1 4 12
17 21 43 38 38
17 22 88 84 84
17 23 43 44 40
17 24 51 53 48
17 25 43 41 44
17 26 64 55 58
17 27 45 43 44
17 28 5 10 11
17 29 45 41 53
17 30 21 26 32
17 31 50 43 57
17 32 86 87 74
17 33 40 38 45
17 34 60 54 59
17 35 64 56 68
17 36 80 68 68
17 37 87 88 79
17 38 86 73 83
17 39 68 69 72
17 40 93 82 91
17 41 68 58 68
18 19 70 73 69
18 20 83 73 80
18 21 7 7 10
18 22 14 24 26
18 23 48 52 47
18 24 13 17 16
18 25 63 65 63
18 26 82 71 77
18 27 7 18 9
18 28 12 16 13
18 29 6 10 10
18 30 36 39 33
18 31 37 43 34
18 32 76 72 70
18 33 12 25 14
18 34 51 46 56
18 35 30 26 36
18 36 22 25 30
18 37 94 93 92
18 38 50 46 44
18 39 76 76 76
18 40 98 95 98
18 41 18 29 27
19 20 25 25 23
19 21 97 93 84
19 22 2 2 3
19 23 69 62 73
19 24 99 90 97
19 25 13 23 24
19 26 8 13 19
19 27 74 71 72
19 28 82 73 72
19 29 30 39 28
19 30 76 67 70
19 31 36 45 31
19 32 70 65 71
19 33 80 76 71
19 34 27 25 34
19 35 38 46 33
19 36 44 50 52
19 37 88 89 79
19 38 93 83 89
19 39 5 5 17
19 40 52 55 51
19 41 86 79 87
20 21 6 6 10
20 22 78 80 77
20 23 24 34 34
20 24 22 31 33
20 25 46 49 40
20 26 39 36 44
20 27 52 46 49
20 28 99 85 99
20 29 32 30 40
20 30 40 46 46
20 31 45 44 42
20 32 9 13 10
20 33 73 72 74
20 34 72 75 67
20 35 79 72 76
20 36 2 14 16
20 37 21 29 31
20 38 99 98 90
20 39 54 57 51
20 40 6 6 15
20 41 4 9 10
21 22 48 41 55
21 23 87 89 87
21 24 70 69 63
21 25 38 35 40
21 26 99 97 98
21 27 96 86 90
21 28 59 54 51
21 29 38 41 33
21 30 98 89 95
21 31 83 83 75
21 32 73 72 72
21 33 1 8 13
21 34 27 27 35
21 35 23 28 24
21 36 85 83 74
21 37 12 19 15
21 38 61 65 67
21 39 99 94 89
21 40 97 86 91
21 41 9 17 15
22 23 72 72 69
22 24 19 31 22
22 25 25 23 22
22 26 76 78 71
22 27 16 25 18
22 28 61 52 66
22 29 4 17 17
22 30 89 85 85
22 31 38 42 39
22 32 17 21 22
22 33 20 23 19
22 34 57 52 57
22 35 35 43 39
22 36 61 52 52
22 37 13 18 16
22 38 11 19 13
22 39 34 32 38
22 40 43 41 49
22 41 62 62 64
23 24 39 45 47
23 25 53 53 46
23 26 37 36 32
23 27 96 91 92
23 28 43 40 51
23 29 21 27 32
23 30 77 80 74
23 31 75 67 75
23 32 48 47 55
23 33 5 5 8
23 34 35 33 42
23 35 56 54 51
23 36 8 11 15
23 37 60 65 63
23 38 39 46 36
23 39 52 48 45
23 40 1 3 14
23 41 44 39 45
24 25 42 38 37
24 26 64 58 56
24 27 8 17 10
24 28 6 14 18
24 29 7 17 12
24 30 6 10 20
24 31 35 42 36
24 32 38 44 38
24 33 34 35 30
24 34 66 64 60
24 35 78 73 79
24 36 21 25 26
24 37 93 90 79
24 38 63 65 67
24 39 75 78 74
24 40 63 59 58
24 41 63 60 67
25 26 89 76 86
25 27 9 18 18
25 28 27 28 34
25 29 21 26 22
25 30 45 46 48
25 31 41 49 49
25 32 64 55 59
25 33 28 32 33
25 34 61 63 65
25 35 88 79 80
25 36 84 86 78
25 37 37 42 46
25 38 34 39 40
25 39 81 74 75
25 40 49 49 44
25 41 78 68 68
26 27 4 10 18
26 28 22 24 21
26 29 13 24 20
26 30 19 19 27
26 31 70 67 60
26 32 65 67 58
26 33 42 38 47
26 34 50 56 47
26 35 54 56 57
26 36 45 52 52
26 37 17 16 19
26 38 64 55 60
26 39 63 67 59
26 40 31 35 37
26 41 50 48 43
27 28 72 67 66
27 29 14 18 12
27 30 58 51 63
27 31 9 10 12
27 32 94 89 91
27 33 68 66 62
27 34 4 16 13
27 35 5 19 9
27 36 84 71 77
27 37 87 85 86
27 38 0 14 11
27 39 26 31 23
27 40 49 54 55
27 41 90 82 87
28 29 70 68 65
28 30 48 48 48
28 31 66 67 61
28 32 4 12 9
28 33 7 9 20
28 34 44 44 41
28 35 53 51 53
28 36 47 42 46
28 37 77 71 78
28 38 46 43 50
28 39 68 66 68
28 40 95 89 92
28 41 55 47 52
29 30 7 10 8
29 31 66 70 57
29 32 56 56 47
29 33 68 60 65
29 34 12 24 24
29 35 32 32 31
29 36 69 71 65
29 37 37 34 44
29 38 52 52 45
29 39 6 17 14
29 40 63 68 61
29 41 76 78 71
30 31 30 36 33
30 32 52 46 56
30 33 56 52 59
30 34 25 35 25
30 35 6 10 20
30 36 40 47 35
30 37 79 81 71
30 38 82 84 84
30 39 48 53 42
30 40 11 21 24
30 41 4 7 10
31 32 38 46 40
31 33 79 79 76
31 34 10 10 17
31 35 79 77 77
31 36 21 21 21
31 37 48 44 46
31 38 65 63 66
31 39 2 12 16
31 40 46 49 52
31 41 43 43 48
32 33 56 56 49
32 34 69 70 62
32 35 84 84 82
32 36 23 21 30
32 37 66 62 61
32 38 90 80 83
32 39 5 14 6
32 40 97 88 91
32 41 78 75 72
33 34 56 57 58
33 35 62 64 60
33 36 81 73 82
33 37 65 66 67
33 38 24 31 25
33 39 63 54 68
33 40 14 25 24
33 41 12 13 23
34 35 64 58 56
34 36 30 33 38
34 37 61 56 54
34 38 83 85 75
34 39 84 73 80
34 40 41 43 44
34 41 79 80 69
35 36 34 32 39
35 37 10 13 17
35 38 4 5 11
35 39 21 19 28
35 40 1 9 12
35 41 38 41 39
36 37 93 92 80
36 38 11 22 16
36 39 84 76 83
36 40 48 45 42
36 41 79 76 78
37 38 66 66 66
37 39 48 42 46
37 40 50 56 43
37 41 84 82 84
38 39 3 14 11
38 40 37 35 40
38 41 98 94 91
39 40 75 78 71
39 41 2 7 11
40 41 19 21 30
