45 3
0.8 0 0.2
0 1 0 10 4
0 2 66 68 61
0 3 50 49 56
0 4 41 41 37
0 5 52 49 55
0 6 90 82 79
0 7 86 80 75
0 8 47 48 45
0 9 54 52 59
0 10 88 88 85
0 11 35 44 38
0 12 36 44 45
0 13 43 42 38
0 14 14 24 19
0 15 2 5 13
0 16 42 38 36
0 17 6 9 15
0 18 64 68 62
0 19 83 74 81
0 20 24 31 24
0 21 48 51 49
0 22 96 88 94
0 23 6 11 7
0 24 41 43 47
0 25 13 23 17
0 26 1 4 14
0 27 10 21 23
0 28 78 70 73
0 29 11 11 21
0 30 61 54 67
0 31 36 39 34
0 32 36 35 41
0 33 20 22 29
0 34 37 46 43
0 35 12 14 20
0 36 0 0 5
0 37 93 85 87
0 38 75 79 69
0 39 40 39 44
0 40 81 76 76
0 41 64 69 55
0 42 23 23 20
0 43 88 75 81
0 44 94 91 87
1 2 85 83 79
1 3 75 73 65
1 4 27 35 26
1 5 61 54 65
1 6 62 54 62
1 7 94 88 90
1 8 9 20 19
1 9 83 82 79
1 10 24 24 23
1 11 13 19 13
1 12 77 78 72
1 13 90 88 84
1 14 98 94 95
1 15 87 88 76
1 16 92 85 81
1 17 64 63 65
1 18 80 75 76
1 19 8 19 17
1 20 59 61 60
1 21 0 1 6
1 22 58 51 59
1 23 31 27 33
1 24 27 27 25
1 25 61 57 59
1 26 60 64 53
1 27 5 8 5
1 28 76 77 71
1 29 89 80 81
1 30 46 50 44
1 31 21 30 19
1 32 66 59 64
1 33 34 37 39
1 34 4 4 9
1 35 16 22 19
1 36 35 39 37
1 37 56 50 51
1 38 48 52 50
1 39 54 49 51
1 40 0 7 10
1 41 29 32 37
1 42 39 34 45
1 43 92 90 82
1 44 0 10 9
2 3 51 55 56
2 4 94 85 87
2 5 87 83 86
2 6 99 95 92
2 7 95 91 91
2 8 76 68 72
2 9 64 62 67
2 10 72 74 67
2 11 91 88 77
2 12 15 18 28
2 13 36 32 38
2 14 13 23 23
2 15 59 58 54
2 16 79 79 71
2 17 88 79 88
2 18 47 53 47
2 19 79 70 68
2 20 67 62 62
2 21 78 69 70
2 22 6 7 11
2 23 30 27 32
2 24 45 50 47
2 25 64 60 58
2 26 6 15 11
2 27 61 60 67
2 28 53 58 53
2 29 92 81 83
2 30 69 72 63
2 31 81 72 77
2 32 12 19 21
2 33 32 39 36
2 34 57 60 58
2 35 50 57 57
2 36 38 41 41
2 37 51 51 58
2 38 19 24 28
2 39 55 59 54
2 40 88 89 89
2 41 21 24 25
2 42 99 85 97
2 43 5 16 7
2 44 58 62 61
3 4 34 38 39
3 5 21 25 27
3 6 3 11 6
3 7 17 22 23
3 8 71 62 66
3 9 37 35 43
3 10 6 6 9
3 11 17 25 27
3 12 57 56 53
3 13 52 56 44
3 14 76 73 77
3 15 36 42 38
3 16 5 8 13
3 17 98 96 93
3 18 30 29 38
3 19 2 6 12
3 20 45 51 39
3 21 30 27 27
3 22 87 76 76
3 23 91 90 80
3 24 5 7 10
3 25 20 25 23
3 26 48 43 53
3 27 53 58 55
3 28 49 48 44
3 29 83 78 84
3 30 73 64 67
3 31 83 85 80
3 32 22 23 30
3 33 9 15 9
3 34 34 44 33
3 35 62 56 54
3 36 36 34 43
3 37 83 76 72
3 38 48 49 55
3 39 66 61 58
3 40 1 16 12
3 41 49 42 51
3 42 77 78 69
3 43 38 38 47
3 44 1 15 1
4 5 83 71 81
4 6 66 59 64
4 7 12 12 20
4 8 2 15 10
4 9 25 31 34
4 10 20 18 29
4 11 86 84 81
4 12 93 85 88
4 13 30 31 37
4 14 57 53 62
4 15 49 43 51
4 16 58 62 58
4 17 39 39 41
4 18 20 29 23
4 19 74 63 65
4 20 54 60 61
4 21 59 54 56
4 22 73 70 73
4 23 28 37 36
4 24 97 86 89
4 25 72 63 66
4 26 47 55 46
4 27 93 91 84
4 28 77 76 68
4 29 89 87 88
4 30 21 23 27
4 31 25 33 29
4 32 97 91 84
4 33 33 30 32
4 34 1 13 13
4 35 31 27 34
4 36 47 53 42
4 37 3 10 17
4 38 11 20 12
4 39 15 24 16
4 40 83 76 76
4 41 87 78 86
4 42 58 52 64
4 43 37 46 39
4 44 82 82 84
5 6 20 28 26
5 7 11 17 24
5 8 27 35 37
5 9 30 32 27
5 10 8 15 8
5 11 12 20 17
5 12 31 31 38
5 13 59 59 61
5 14 1 13 3
5 15 56 54 62
5 16 86 78 87
5 17 15 16 27
5 18 59 64 52
5 19 41 47 40
5 20 8 14 16
5 21 84 80 86
5 22 20 31 18
5 23 60 65 60
5 24 76 73 78
5 25 89 80 80
5 26 59 50 61
5 27 19 28 27
5 28 64 65 63
5 29 19 30 25
5 30 11 17 20
5 31 79 72 69
5 32 92 89 82
5 33 92 86 81
5 34 59 59 63
5 35 30 38 35
5 36 98 90 87
5 37 61 54 67
5 38 46 41 40
5 39 23 20 31
5 40 50 55 43
5 41 38 39 40
5 42 31 36 33
5 43 88 89 81
5 44 91 83 77
6 7 1 2 7
6 8 36 39 39
6 9 95 88 93
6 10 18 28 17
6 11 79 81 82
6 12 1 9 6
6 13 1 10 7
6 14 39 45 38
6 15 82 83 74
6 16 34 42 32
6 17 52 51 55
6 18 8 16 18
6 19 48 54 49
6 20 88 80 78
6 21 62 68 58
6 22 42 46 49
6 23 5 16 11
6 24 15 16 23
6 25 3 14 6
6 26 47 52 49
6 27 14 24 25
6 28 88 87 77
6 29 34 39 40
6 30 50 56 53
6 31 5 10 18
6 32 78 77 68
6 33 63 62 56
6 34 97 89 87
6 35 95 94 82
6 36 24 21 21
6 37 36 45 34
6 38 70 71 73
6 39 29 30 25
6 40 96 88 81
6 41 49 42 53
6 42 70 70 64
6 43 30 29 28
6 44 2 9 9
7 8 85 73 77
7 9 81 82 78
7 10 75 68 67
7 11 96 88 96
7 12 57 49 49
7 13 60 52 54
7 14 89 86 78
7 15 81 70 73
7 16 10 23 24
7 17 47 50 54
7 18 28 36 30
7 19 47 50 51
7 20 95 89 95
7 21 73 66 76
7 22 88 81 81
7 23 16 26 27
7 24 61 52 59
7 25 23 33 19
7 26 42 44 36
7 27 7 15 8
7 28 5 15 13
7 29 61 62 53
7 30 16 26 22
7 31 67 70 57
7 32 77 76 77
7 33 39 36 37
7 34 43 37 37
7 35 10 13 22
7 36 20 30 19
7 37 89 82 83
7 38 10 16 19
7 39 52 55 56
7 40 98 89 94
7 41 15 13 16
7 42 74 71 75
7 43 90 84 85
7 44 14 15 25
8 9 98 86 98
8 10 24 32 25
8 11 7 10 14
8 12 90 90 82
8 13 31 39 34
8 14 74 69 65
8 15 90 88 90
8 16 41 42 45
8 17 48 55 49
8 18 3 3 4
8 19 14 25 16
8 20 75 72 65
8 21 75 70 75
8 22 90 82 88
8 23 56 49 52
8 24 84 78 76
8 25 1 4 13
8 26 99 89 95
8 27 9 13 15
8 28 74 65 69
8 29 31 39 34
8 30 13 14 23
8 31 93 90 87
8 32 16 26 24
8 33 8 16 20
8 34 20 31 23
8 35 15 25 21
8 36 77 72 70
8 37 73 75 75
8 38 76 73 66
8 39 53 55 59
8 40 5 12 18
8 41 16 28 21
8 42 16 22 21
8 43 36 40 40
8 44 1 13 10
9 10 43 49 47
9 11 53 50 46
9 12 11 10 12
9 13 95 90 84
9 14 27 26 27
9 15 77 74 79
9 16 35 34 33
9 17 77 76 74
9 18 11 11 15
9 19 40 46 34
9 20 2 7 13
9 21 70 66 73
9 22 83 82 76
9 23 17 27 22
9 24 86 83 76
9 25 60 53 64
9 26 64 67 67
9 27 20 24 29
9 28 80 69 72
9 29 2 6 8
9 30 46 52 49
9 31 38 43 44
9 32 18 18 18
9 33 36 36 35
9 34 89 87 88
9 35 91 87 81
9 36 27 32 27
9 37 51 58 54
9 38 45 46 45
9 39 79 74 81
9 40 49 48 54
9 41 71 71 69
9 42 90 92 83
9 43 54 49 49
9 44 99 87 92
10 11 69 62 66
10 12 40 42 44
10 13 79 76 73
10 14 52 54 50
10 15 47 42 43
10 16 32 31 36
10 17 52 52 55
10 18 15 14 13
10 19 9 13 13
10 20 29 29 28
10 21 50 54 49
10 22 3 11 15
10 23 31 36 34
10 24 82 73 83
10 25 48 42 49
10 26 4 18 15
10 27 37 35 41
10 28 71 62 64
10 29 41 46 38
10 30 55 55 55
10 31 91 79 83
10 32 92 84 87
10 33 72 69 68
10 34 19 24 30
10 35 46 47 48
10 36 64 68 58
10 37 89 82 80
10 38 39 39 36
10 39 35 44 33
10 40 96 94 93
10 41 59 65 54
10 42 8 21 15
10 43 46 41 43
10 44 21 27 21
11 12 72 62 67
11 13 54 47 57
11 14 30 25 36
11 15 39 46 41
11 16 90 78 87
11 17 31 31 31
11 18 98 92 85
11 19 30 35 38
11 20 78 70 78
11 21 97 83 86
11 22 8 13 11
11 23 57 58 50
11 24 63 54 54
11 25 65 64 63
11 26 90 81 88
11 27 7 9 14
11 28 10 22 16
11 29 20 23 18
11 30 99 85 98
11 31 61 52 56
11 32 6 14 14
11 33 65 59 68
11 34 66 69 69
11 35 75 67 70
11 36 45 43 38
11 37 21 29 31
11 38 93 83 93
11 39 66 67 64
11 40 2 5 6
11 41 22 27 22
11 42 24 24 24
11 43 48 51 56
11 44 10 15 16
12 13 96 83 85
12 14 87 79 82
12 15 67 60 61
12 16 18 17 18
12 17 25 31 30
12 18 27 31 33
12 19 10 11 10
12 20 10 15 15
12 21 26 35 36
12 22 17 16 28
12 23 33 36 29
12 24 26 34 27
12 25 89 89 81
12 26 56 56 55
12 27 24 27 35
12 28 99 84 92
12 29 81 78 82
12 30 2 4 13
12 31 9 23 23
12 32 33 31 34
12 33 68 64 71
12 34 4 5 16
12 35 90 89 78
12 36 56 48 49
12 37 38 39 38
12 38 17 27 20
12 39 91 78 82
12 40 51 49 52
12 41 85 72 82
12 42 70 63 64
12 43 24 34 31
12 44 10 15 19
13 14 18 29 29
13 15 22 33 19
13 16 10 15 23
13 17 50 51 53
13 18 55 52 60
13 19 69 64 69
13 20 70 67 60
13 21 90 81 86
13 22 34 32 37
13 23 41 49 42
13 24 24 30 25
13 25 2 16 9
13 26 27 23 26
13 27 87 84 82
13 28 68 66 66
13 29 14 21 21
13 30 15 19 13
13 31 62 61 54
13 32 19 30 25
13 33 49 45 51
13 34 58 57 63
13 35 16 24 27
13 36 52 51 59
13 37 95 91 82
13 38 20 30 28
13 39 93 90 83
13 40 77 74 78
13 41 92 82 87
13 42 32 40 31
13 43 59 64 61
13 44 79 81 76
14 15 24 22 21
14 16 30 26 31
14 17 52 54 57
14 18 45 50 52
14 19 11 16 12
14 20 65 56 60
14 21 15 14 17
14 22 69 60 61
14 23 12 18 17
14 24 70 70 60
14 25 23 32 30
14 26 40 43 38
14 27 53 54 49
14 28 60 53 54
14 29 38 34 33
14 30 81 81 73
14 31 66 58 71
14 32 12 11 17
14 33 44 49 43
14 34 96 91 94
14 35 87 79 85
14 36 25 33 34
14 37 93 87 79
14 38 7 7 14
14 39 81 84 75
14 40 18 20 16
14 41 10 16 9
14 42 46 48 41
14 43 96 87 94
14 44 31 30 32
15 16 54 58 55
15 17 80 80 74
15 18 50 46 55
15 19 40 39 49
15 20 7 21 8
15 21 58 56 62
15 22 25 24 28
15 23 86 87 74
15 24 93 88 83
15 25 96 86 85
15 26 38 41 46
15 27 4 15 18
15 28 31 30 32
15 29 54 54 55
15 30 96 90 94
15 31 54 57 58
15 32 7 13 18
15 33 85 75 83
15 34 50 44 55
15 35 3 14 16
15 36 74 70 69
15 37 80 78 78
15 38 95 93 93
15 39 32 35 33
15 40 47 40 44
15 41 63 54 58
15 42 76 75 66
15 43 59 59 57
15 44 56 58 48
16 17 11 12 20
16 18 93 80 80
16 19 23 28 31
16 20 45 41 39
16 21 32 38 38
16 22 49 52 51
16 23 25 35 27
16 24 34 42 30
16 25 68 63 70
16 26 93 90 87
16 27 26 33 27
16 28 87 85 80
16 29 77 74 76
16 30 36 40 36
16 31 10 21 11
16 32 19 16 17
16 33 2 14 14
16 34 96 96 94
16 35 7 14 7
16 36 50 56 44
16 37 4 6 13
16 38 36 43 34
16 39 46 50 53
16 40 16 22 17
16 41 81 81 73
16 42 47 47 49
16 43 82 76 77
16 44 50 43 49
17 18 42 40 49
17 19 35 32 38
17 20 22 29 24
17 21 72 64 64
17 22 87 81 82
17 23 4 3 16
17 24 10 19 18
17 25 6 15 16
17 26 48 41 41
17 27 20 22 22
17 28 90 91 79
17 29 90 82 78
17 30 2 7 5
17 31 53 48 50
17 32 11 19 16
17 33 24 23 27
17 34 93 80 84
17 35 57 58 52
17 36 18 26 21
17 37 4 6 5
17 38 96 88 83
17 39 34 36 36
17 40 13 22 13
17 41 76 70 69
17 42 91 87 79
17 43 60 53 59
17 44 52 46 48
18 19 54 53 54
18 20 11 17 12
18 21 73 68 72
18 22 61 55 62
18 23 33 42 42
18 24 90 83 82
18 25 68 68 71
18 26 41 38 45
18 27 18 17 20
18 28 15 23 27
18 29 76 75 73
18 30 33 41 37
18 31 93 83 80
18 32 22 32 26
18 33 24 26 30
18 34 57 58 48
18 35 24 28 26
18 36 20 31 29
18 37 1 14 8
18 38 59 64 55
18 39 86 83 76
18 40 66 57 68
18 41 77 75 66
18 42 58 57 64
18 43 55 60 61
18 44 84 83 77
19 20 95 81 93
19 21 54 51 46
19 22 95 87 81
19 23 11 16 19
19 24 0 2 14
19 25 52 45 53
19 26 2 4 11
19 27 29 34 38
19 28 22 19 20
19 29 96 94 84
19 30 91 87 79
19 31 28 34 32
19 32 59 56 57
19 33 46 43 45
19 34 28 37 34
19 35 61 53 61
19 36 49 51 44
19 37 4 18 10
19 38 1 10 6
19 39 28 25 34
19 40 5 15 10
19 41 72 72 63
19 42 75 64 78
19 43 72 69 73
19 44 23 23 33
20 21 82 80 73
20 22 81 72 72
20 23 86 80 84
20 24 78 70 73
20 25 47 49 48
20 26 70 62 69
20 27 45 45 40
20 28 60 62 65
20 29 7 7 16
20 30 24 32 23
20 31 66 65 70
20 32 16 17 27
20 33 79 68 76
20 34 62 53 65
20 35 73 64 67
20 36 7 12 9
20 37 82 83 76
20 38 60 64 65
20 39 54 55 48
20 40 40 43 43
20 41 87 84 85
20 42 63 59 63
20 43 78 70 78
20 44 64 67 60
21 22 59 55 54
21 23 7 17 10
21 24 56 51 60
21 25 1 5 11
21 26 58 57 52
21 27 58 50 57
21 28 21 26 20
21 29 40 48 35
21 30 37 40 41
21 31 84 85 80
21 32 18 21 16
21 33 85 84 80
21 34 72 62 72
21 35 49 49 56
21 36 91 82 80
21 37 63 65 60
21 38 67 71 71
21 39 73 65 66
21 40 61 57 53
21 41 83 78 80
21 42 1 9 2
21 43 70 62 64
21 44 71 67 62
22 23 91 81 80
22 24 98 86 95
22 25 57 60 55
22 26 88 76 75
22 27 61 52 66
22 28 44 39 49
22 29 59 51 65
22 30 51 50 54
22 31 69 61 69
22 32 76 72 73
22 33 1 3 5
22 34 64 65 54
22 35 1 5 9
22 36 39 42 45
22 37 75 68 68
22 38 85 76 74
22 39 64 61 69
22 40 52 55 48
22 41 36 42 31
22 42 67 62 69
22 43 89 76 84
22 44 28 28 32
23 24 23 34 33
23 25 90 77 78
23 26 39 47 37
23 27 67 69 68
23 28 30 35 34
23 29 37 36 41
23 30 43 38 46
23 31 66 62 59
23 32 90 86 77
23 33 69 70 64
23 34 98 92 85
23 35 28 33 29
23 36 53 55 48
23 37 64 56 66
23 38 42 47 46
23 39 41 37 47
23 40 3 7 10
23 41 14 24 20
23 42 0 9 9
23 43 64 64 68
23 44 74 67 74
24 25 77 65 68
24 26 67 61 70
24 27 50 51 46
24 28 23 30 23
24 29 68 69 69
24 30 31 37 40
24 31 98 86 98
24 32 12 21 22
24 33 21 31 24
24 34 34 34 29
24 35 91 84 87
24 36 54 46 50
24 37 86 80 74
24 38 0 11 7
24 39 13 17 17
24 40 37 34 39
24 41 69 62 65
24 42 95 81 90
24 43 41 44 41
24 44 4 16 3
25 26 85 74 75
25 27 80 69 75
25 28 97 97 83
25 29 97 91 93
25 30 46 44 52
25 31 44 46 44
25 32 11 23 16
25 33 46 50 46
25 34 62 63 54
25 35 28 28 29
25 36 86 85 76
25 37 34 38 30
25 38 46 41 44
25 39 88 82 81
25 40 17 26 25
25 41 38 46 42
25 42 19 26 29
25 43 88 80 77
25 44 6 14 19
26 27 67 70 65
26 28 91 86 82
26 29 55 53 50
26 30 52 50 49
26 31 0 12 1
26 32 24 31 26
26 33 43 44 37
26 34 14 13 15
26 35 17 24 20
26 36 87 88 87
26 37 32 32 38
26 38 29 26 37
26 39 6 19 15
26 40 71 64 71
26 41 0 9 7
26 42 54 60 55
26 43 70 64 62
26 44 86 87 79
27 28 51 54 45
27 29 80 75 79
27 30 52 53 47
27 31 26 35 35
27 32 6 8 12
27 33 21 22 25
27 34 73 75 63
27 35 58 56 55
27 36 56 59 48
27 37 14 22 18
27 38 9 17 12
27 39 29 38 39
27 40 83 82 73
27 41 45 51 52
27 42 91 92 91
27 43 90 78 80
27 44 11 20 9
28 29 98 84 94
28 30 71 68 67
28 31 72 65 67
28 32 20 25 30
28 33 98 88 93
28 34 91 80 83
28 35 54 47 52
28 36 32 29 33
28 37 5 4 8
28 38 13 13 12
28 39 51 57 50
28 40 14 20 17
28 41 33 41 41
28 42 85 75 73
28 43 99 99 90
28 44 38 34 37
29 30 64 56 58
29 31 86 78 84
29 32 60 64 62
29 33 31 34 28
29 34 93 82 79
29 35 72 68 72
29 36 52 52 47
29 37 58 60 58
29 38 75 74 77
29 39 85 73 86
29 40 72 63 74
29 41 76 80 68
29 42 36 32 33
29 43 47 42 40
29 44 86 77 81
30 31 32 40 42
30 32 54 59 51
30 33 53 54 45
30 34 79 77 76
30 35 2 11 3
30 36 22 30 33
30 37 48 41 51
30 38 96 87 88
30 39 52 53 45
30 40 18 18 22
30 41 98 89 93
30 42 1 9 10
30 43 97 88 89
30 44 56 55 50
31 32 16 21 22
31 33 84 84 80
31 34 79 69 81
31 35 10 14 13
31 36 48 51 49
31 37 61 60 61
31 38 73 65 68
31 39 67 59 64
31 40 92 91 85
31 41 45 45 39
31 42 48 47 55
31 43 20 26 23
31 44 46 54 41
32 33 18 21 23
32 34 47 45 43
32 35 31 32 32
32 36 21 21 31
32 37 50 49 45
32 38 35 32 40
32 39 43 51 40
32 40 1 11 5
32 41 97 82 97
32 42 30 27 39
32 43 49 51 50
32 44 0 11 5
33 34 67 72 71
33 35 42 44 50
33 36 50 47 51
33 37 34 41 41
33 38 33 28 33
33 39 13 22 16
33 40 79 71 68
33 41 37 43 46
33 42 38 46 36
33 43 89 86 81
33 44 92 79 82
34 35 22 26 31
34 36 32 29 34
34 37 68 67 70
34 38 27 25 27
34 39 19 28 27
34 40 83 80 76
34 41 63 58 56
34 42 95 88 94
34 43 13 12 24
34 44 61 61 65
35 36 61 53 52
35 37 21 28 20
35 38 70 72 61
35 39 28 26 26
35 40 43 42 38
35 41 90 88 81
35 42 32 28 28
35 43 77 80 79
35 44 65 69 69
36 37 55 61 47
36 38 73 67 70
36 39 21 26 26
36 40 32 40 36
36 41 66 60 63
36 42 23 34 32
36 43 83 80 85
36 44 17 26 25
37 38 59 61 61
37 39 42 47 43
37 40 76 65 69
37 41 99 96 87
37 42 23 26 31
37 43 6 13 11
37 44 54 61 60
38 39 45 40 41
38 40 83 81 77
38 41 82 73 72
38 42 10 19 17
38 43 92 91 78
38 44 1 7 11
39 40 2 15 6
39 41 39 43 44
39 42 32 36 34
39 43 84 73 81
39 44 0 12 6
40 41 61 55 54
40 42 9 13 10
40 43 65 61 64
40 44 68 71 66
41 42 85 79 87
41 43 35 39 41
41 44 26 32 33
42 43 14 21 12
42 44 90 85 77
43 44 37 40 44
