45 3
0.6 0 0.4
0 1 57 44 45
0 2 79 20 58
0 3 47 45 82
0 4 58 49 70
0 5 75 58 55
0 6 50 30 85
0 7 43 77 60
0 8 87 63 52
0 9 22 73 30
0 10 56 30 65
0 11 0 49 41
0 12 26 8 22
0 13 79 61 23
0 14 42 40 42
0 15 33 32 41
0 16 72 53 44
0 17 37 22 60
0 18 66 16 79
0 19 49 16 85
0 20 65 64 78
0 21 41 30 37
0 22 56 15 21
0 23 15 42 66
0 24 34 65 46
0 25 12 27 27
0 26 25 62 64
0 27 7 14 70
0 28 93 68 31
0 29 99 34 90
0 30 22 36 69
0 31 19 29 76
0 32 74 37 40
0 33 90 45 89
0 34 4 5 55
0 35 56 37 62
0 36 11 67 36
0 37 23 83 41
0 38 77 19 33
0 39 26 13 17
0 40 59 60 15
0 41 58 44 62
0 42 46 77 34
0 43 84 91 94
0 44 93 47 27
1 2 83 92 28
1 3 59 39 80
1 4 22 13 30
1 5 3 56 2
1 6 74 66 70
1 7 21 83 59
1 8 76 75 93
1 9 19 51 47
1 10 91 77 63
1 11 82 96 38
1 12 94 60 81
1 13 41 52 85
1 14 49 38 17
1 15 24 47 72
1 16 14 25 45
1 17 56 82 24
1 18 23 69 15
1 19 17 50 45
1 20 12 34 11
1 21 1 1 43
1 22 65 71 87
1 23 50 37 58
1 24 98 30 28
1 25 47 67 46
1 26 51 83 42
1 27 60 19 19
1 28 91 60 70
1 29 92 97 64
1 30 18 70 77
1 31 45 24 51
1 32 67 20 47
1 33 0 75 67
1 34 69 90 49
1 35 22 83 81
1 36 14 49 55
1 37 99 31 52
1 38 74 30 86
1 39 74 91 38
1 40 59 58 54
1 41 27 75 8
1 42 68 41 44
1 43 61 32 34
1 44 68 82 79
2 3 52 41 76
2 4 63 91 74
2 5 3 51 26
2 6 18 74 56
2 7 98 52 42
2 8 61 71 70
2 9 11 61 30
2 10 14 55 73
2 11 85 91 94
2 12 21 60 76
2 13 74 18 37
2 14 32 71 11
2 15 7 11 51
2 16 4 49 8
2 17 0 1 54
2 18 88 84 55
2 19 45 50 87
2 20 46 29 69
2 21 37 30 76
2 22 67 70 31
2 23 23 13 75
2 24 12 76 57
2 25 92 41 82
2 26 38 35 67
2 27 81 82 71
2 28 36 68 14
2 29 7 12 33
2 30 50 61 19
2 31 65 13 62
2 32 60 77 38
2 33 14 18 4
2 34 96 24 21
2 35 68 15 71
2 36 16 26 32
2 37 16 65 50
2 38 79 81 82
2 39 98 75 74
2 40 35 68 49
2 41 47 23 62
2 42 7 32 39
2 43 50 55 82
2 44 31 23 58
3 4 25 9 24
3 5 25 48 36
3 6 13 47 70
3 7 45 60 62
3 8 33 7 36
3 9 80 61 85
3 10 43 76 60
3 11 20 32 30
3 12 51 74 42
3 13 29 44 77
3 14 37 8 63
3 15 24 52 67
3 16 93 50 53
3 17 49 78 54
3 18 5 20 3
3 19 71 55 75
3 20 82 38 36
3 21 85 30 40
3 22 23 35 68
3 23 36 30 18
3 24 52 49 19
3 25 96 88 80
3 26 26 19 70
3 27 14 70 66
3 28 10 65 61
3 29 16 60 12
3 30 15 79 49
3 31 68 90 47
3 32 43 88 64
3 33 62 90 54
3 34 55 47 20
3 35 59 33 86
3 36 24 5 59
3 37 13 22 52
3 38 67 89 30
3 39 29 13 21
3 40 85 56 20
3 41 78 64 78
3 42 8 71 67
3 43 11 23 31
3 44 70 23 93
4 5 34 58 41
4 6 89 20 96
4 7 85 37 19
4 8 6 23 32
4 9 7 58 64
4 10 67 89 87
4 11 87 27 19
4 12 89 95 18
4 13 90 30 27
4 14 63 88 64
4 15 11 33 70
4 16 79 18 30
4 17 79 72 26
4 18 36 78 58
4 19 76 93 30
4 20 71 57 47
4 21 37 34 57
4 22 1 22 37
4 23 9 16 53
4 24 35 76 54
4 25 1 23 54
4 26 3 58 28
4 27 61 53 56
4 28 28 26 82
4 29 55 77 65
4 30 96 50 86
4 31 42 71 21
4 32 93 44 98
4 33 66 33 90
4 34 58 87 23
4 35 81 34 23
4 36 89 72 52
4 37 5 75 25
4 38 53 61 12
4 39 26 6 34
4 40 89 48 74
4 41 95 56 62
4 42 88 36 78
4 43 66 56 91
4 44 48 28 87
5 6 47 69 18
5 7 76 59 60
5 8 54 79 69
5 9 80 22 86
5 10 38 50 68
5 11 0 62 68
5 12 50 78 67
5 13 48 79 19
5 14 87 29 87
5 15 16 33 13
5 16 99 89 94
5 17 26 78 68
5 18 52 27 37
5 19 0 36 52
5 20 85 75 67
5 21 21 17 14
5 22 41 42 27
5 23 2 63 30
5 24 14 19 18
5 25 91 45 38
5 26 65 58 35
5 27 39 41 15
5 28 91 48 83
5 29 75 57 17
5 30 32 33 38
5 31 93 21 25
5 32 43 76 50
5 33 13 57 43
5 34 16 62 32
5 35 12 57 62
5 36 31 85 29
5 37 18 33 9
5 38 8 10 46
5 39 80 59 64
5 40 10 58 72
5 41 69 91 17
5 42 43 66 49
5 43 86 81 86
5 44 45 38 9
6 7 39 11 56
6 8 10 20 35
6 9 30 81 34
6 10 81 82 52
6 11 68 25 44
6 12 42 30 87
6 13 42 88 70
6 14 19 38 5
6 15 31 53 57
6 16 45 87 38
6 17 6 25 44
6 18 62 85 17
6 19 79 17 23
6 20 52 40 21
6 21 21 12 36
6 22 7 33 79
6 23 48 19 84
6 24 85 59 34
6 25 93 56 47
6 26 88 68 54
6 27 0 37 10
6 28 25 21 9
6 29 54 50 17
6 30 86 70 91
6 31 89 70 87
6 32 60 58 13
6 33 25 32 18
6 34 4 61 39
6 35 42 87 29
6 36 80 81 47
6 37 47 52 88
6 38 81 88 67
6 39 77 61 33
6 40 80 50 25
6 41 16 6 49
6 42 38 66 51
6 43 67 57 41
6 44 8 69 20
7 8 95 89 28
7 9 32 10 37
7 10 64 14 22
7 11 13 14 81
7 12 80 74 55
7 13 74 76 19
7 14 8 63 22
7 15 30 61 21
7 16 60 42 68
7 17 99 74 47
7 18 32 69 29
7 19 57 67 13
7 20 27 31 47
7 21 82 65 43
7 22 83 50 40
7 23 56 55 20
7 24 41 36 49
7 25 70 32 27
7 26 49 84 41
7 27 92 71 93
7 28 64 24 54
7 29 9 46 30
7 30 88 79 33
7 31 56 57 12
7 32 83 42 39
7 33 55 46 82
7 34 98 89 46
7 35 79 84 95
7 36 0 15 78
7 37 21 11 52
7 38 78 23 19
7 39 25 23 68
7 40 32 50 47
7 41 44 81 17
7 42 79 33 28
7 43 52 18 11
7 44 0 47 50
8 9 9 80 24
8 10 53 19 52
8 11 79 92 65
8 12 70 38 22
8 13 7 25 36
8 14 38 37 75
8 15 52 20 63
8 16 18 55 69
8 17 34 17 32
8 18 95 89 68
8 19 55 52 39
8 20 17 50 80
8 21 85 80 74
8 22 91 76 27
8 23 10 62 75
8 24 87 89 62
8 25 3 62 46
8 26 84 76 29
8 27 41 22 29
8 28 7 52 35
8 29 3 12 22
8 30 52 60 47
8 31 38 57 64
8 32 39 21 16
8 33 34 72 34
8 34 12 51 19
8 35 37 39 87
8 36 66 36 16
8 37 50 60 59
8 38 69 53 55
8 39 80 69 28
8 40 62 22 91
8 41 31 63 58
8 42 41 12 52
8 43 80 39 60
8 44 64 42 48
9 10 28 78 9
9 11 51 69 46
9 12 46 35 53
9 13 63 40 58
9 14 40 67 32
9 15 59 45 46
9 16 26 69 15
9 17 50 10 84
9 18 10 24 55
9 19 54 25 75
9 20 77 92 57
9 21 32 67 75
9 22 65 87 86
9 23 60 33 81
9 24 33 54 40
9 25 53 42 43
9 26 81 39 64
9 27 47 47 27
9 28 77 67 19
9 29 14 69 76
9 30 40 26 76
9 31 67 52 41
9 32 20 53 62
9 33 42 27 52
9 34 7 71 77
9 35 66 58 48
9 36 95 57 72
9 37 75 73 57
9 38 75 85 30
9 39 21 15 8
9 40 81 49 63
9 41 5 69 63
9 42 82 45 31
9 43 61 20 69
9 44 85 73 89
10 11 3 48 63
10 12 10 26 37
10 13 59 66 72
10 14 92 84 18
10 15 27 70 9
10 16 4 12 62
10 17 52 34 41
10 18 96 90 55
10 19 91 75 68
10 20 94 43 75
10 21 38 38 85
10 22 12 6 21
10 23 43 48 45
10 24 23 81 38
10 25 3 45 49
10 26 37 30 46
10 27 82 20 62
10 28 85 49 56
10 29 70 69 53
10 30 47 81 10
10 31 96 96 95
10 32 13 55 50
10 33 34 33 63
10 34 47 73 16
10 35 61 51 48
10 36 2 39 74
10 37 1 28 5
10 38 19 31 68
10 39 51 10 46
10 40 41 56 8
10 41 2 55 65
10 42 45 46 84
10 43 93 31 75
10 44 54 70 13
11 12 12 74 33
11 13 88 79 79
11 14 52 57 44
11 15 78 64 89
11 16 11 56 41
11 17 77 38 47
11 18 36 70 68
11 19 78 53 50
11 20 59 61 22
11 21 38 51 30
11 22 94 67 79
11 23 23 79 58
11 24 5 71 33
11 25 26 35 74
11 26 36 24 74
11 27 31 55 70
11 28 66 40 27
11 29 83 85 25
11 30 7 74 56
11 31 1 9 23
11 32 49 63 40
11 33 2 31 71
11 34 81 61 24
11 35 79 19 29
11 36 69 36 71
11 37 79 77 24
11 38 95 42 53
11 39 64 72 75
11 40 28 25 78
11 41 30 77 16
11 42 46 62 31
11 43 77 16 65
11 44 75 68 33
12 13 46 15 22
12 14 42 62 75
12 15 15 6 61
12 16 64 37 64
12 17 81 95 59
12 18 23 31 72
12 19 87 77 97
12 20 17 33 46
12 21 93 71 83
12 22 77 56 74
12 23 30 36 16
12 24 30 57 43
12 25 98 63 50
12 26 9 26 35
12 27 46 15 44
12 28 44 24 21
12 29 7 68 39
12 30 41 70 38
12 31 61 82 58
12 32 98 26 66
12 33 98 77 35
12 34 57 45 80
12 35 85 77 80
12 36 54 43 75
12 37 42 60 65
12 38 45 58 27
12 39 40 62 51
12 40 96 45 34
12 41 8 77 21
12 42 46 32 58
12 43 4 3 51
12 44 35 64 44
13 14 95 46 24
13 15 39 36 64
13 16 92 43 41
13 17 88 79 20
13 18 77 56 83
13 19 27 26 19
13 20 54 77 12
13 21 51 40 50
13 22 65 19 75
13 23 25 11 54
13 24 76 31 44
13 25 27 32 75
13 26 98 43 66
13 27 37 30 8
13 28 43 77 36
13 29 26 36 57
13 30 45 13 23
13 31 15 15 39
13 32 45 33 54
13 33 57 63 85
13 34 27 50 17
13 35 43 57 62
13 36 54 42 44
13 37 85 75 54
13 38 55 28 16
13 39 68 57 74
13 40 95 20 49
13 41 68 73 47
13 42 85 68 92
13 43 42 66 29
13 44 53 31 35
14 15 33 10 16
14 16 44 9 30
14 17 23 5 44
14 18 13 24 68
14 19 33 69 75
14 20 4 47 58
14 21 56 59 39
14 22 95 31 45
14 23 15 60 6
14 24 44 69 76
14 25 16 63 44
14 26 24 30 32
14 27 79 49 37
14 28 45 34 13
14 29 71 57 71
14 30 0 12 60
14 31 36 18 64
14 32 76 63 33
14 33 50 71 86
14 34 98 25 49
14 35 76 33 64
14 36 97 26 44
14 37 32 44 9
14 38 47 47 87
14 39 60 17 85
14 40 77 16 75
14 41 23 67 34
14 42 80 60 38
14 43 49 68 48
14 44 39 13 75
15 16 79 21 63
15 17 71 67 51
15 18 81 75 84
15 19 74 36 21
15 20 90 26 94
15 21 82 93 64
15 22 62 42 47
15 23 45 26 13
15 24 63 85 13
15 25 52 57 78
15 26 0 37 50
15 27 98 60 72
15 28 22 13 42
15 29 90 68 86
15 30 15 30 35
15 31 29 43 26
15 32 76 40 43
15 33 63 89 23
15 34 22 33 29
15 35 33 59 32
15 36 3 22 11
15 37 65 61 48
15 38 70 29 41
15 39 89 52 42
15 40 87 47 55
15 41 62 90 49
15 42 31 13 59
15 43 54 89 56
15 44 9 18 63
16 17 90 68 74
16 18 63 34 49
16 19 49 72 31
16 20 65 70 31
16 21 76 93 23
16 22 8 31 62
16 23 79 51 30
16 24 51 72 27
16 25 62 56 88
16 26 55 24 37
16 27 20 58 24
16 28 16 56 80
16 29 84 78 45
16 30 16 81 25
16 31 54 86 29
16 32 79 40 63
16 33 72 92 87
16 34 43 45 20
16 35 0 76 62
16 36 19 42 27
16 37 47 19 35
16 38 26 23 20
16 39 73 65 35
16 40 9 11 7
16 41 44 67 20
16 42 1 23 11
16 43 81 73 91
16 44 76 56 73
17 18 65 86 24
17 19 32 12 39
17 20 71 68 89
17 21 5 58 31
17 22 14 73 9
17 23 63 26 78
17 24 13 15 52
17 25 40 37 33
17 26 44 84 54
17 27 75 42 68
17 28 55 26 86
17 29 46 58 73
17 30 86 19 66
17 31 20 22 51
17 32 89 52 86
17 33 27 22 16
17 34 89 56 39
17 35 93 42 55
17 36 1 26 63
17 37 58 31 26
17 38 69 76 22
17 39 27 58 73
17 40 3 7 30
17 41 29 54 53
17 42 31 37 18
17 43 77 21 41
17 44 49 64 17
18 19 16 79 50
18 20 60 88 28
18 21 16 18 25
18 22 79 62 70
18 23 84 32 54
18 24 96 57 69
18 25 85 80 17
18 26 75 34 21
18 27 11 65 33
18 28 2 76 18
18 29 25 32 74
18 30 39 11 53
18 31 17 17 40
18 32 64 34 45
18 33 28 46 5
18 34 22 23 47
18 35 5 37 50
18 36 81 57 47
18 37 19 22 17
18 38 59 58 26
18 39 35 83 39
18 40 90 61 86
18 41 14 46 77
18 42 32 71 78
18 43 84 29 73
18 44 36 11 46
19 20 53 36 39
19 21 54 85 20
19 22 59 42 91
19 23 9 43 26
19 24 82 18 18
19 25 34 83 63
19 26 91 70 50
19 27 58 73 34
19 28 31 53 75
19 29 17 13 28
19 30 13 81 65
19 31 90 40 84
19 32 86 40 57
19 33 62 20 61
19 34 23 54 47
19 35 98 88 92
19 36 11 77 4
19 37 43 62 80
19 38 1 61 3
19 39 53 78 60
19 40 89 87 58
19 41 81 81 90
19 42 45 77 19
19 43 65 24 27
19 44 51 34 31
20 21 31 25 83
20 22 76 34 53
20 23 54 43 85
20 24 4 20 3
20 25 23 17 62
20 26 32 65 25
20 27 92 54 56
20 28 4 78 11
20 29 99 57 70
20 30 92 93 18
20 31 81 72 81
20 32 84 53 34
20 33 60 75 25
20 34 62 87 39
20 35 61 35 22
20 36 68 14 54
20 37 97 87 95
20 38 32 76 67
20 39 30 15 75
20 40 43 29 44
20 41 79 82 80
20 42 41 40 29
20 43 23 9 74
20 44 76 94 28
21 22 51 22 78
21 23 41 39 46
21 24 32 85 10
21 25 57 19 19
21 26 27 38 7
21 27 92 50 41
21 28 85 47 85
21 29 94 42 92
21 30 44 70 29
21 31 43 12 79
21 32 71 85 80
21 33 71 76 25
21 34 98 53 72
21 35 85 67 43
21 36 11 8 47
21 37 33 51 58
21 38 88 90 24
21 39 46 75 38
21 40 38 45 57
21 41 35 63 20
21 42 73 39 69
21 43 51 32 55
21 44 76 58 62
22 23 91 80 55
22 24 83 52 76
22 25 33 11 81
22 26 54 74 52
22 27 96 21 56
22 28 10 65 72
22 29 76 23 82
22 30 88 83 59
22 31 12 53 44
22 32 14 63 24
22 33 56 87 56
22 34 96 46 91
22 35 7 4 67
22 36 59 84 21
22 37 85 54 42
22 38 11 6 41
22 39 35 17 76
22 40 86 71 87
22 41 16 46 48
22 42 72 90 18
22 43 66 43 32
22 44 60 19 33
23 24 84 30 52
23 25 39 61 22
23 26 9 77 2
23 27 2 14 22
23 28 55 84 38
23 29 35 53 10
23 30 63 21 76
23 31 89 56 40
23 32 66 67 33
23 33 32 30 26
23 34 83 52 70
23 35 42 17 55
23 36 69 46 75
23 37 77 65 79
23 38 67 90 55
23 39 42 73 35
23 40 12 8 55
23 41 21 57 33
23 42 52 70 56
23 43 3 62 28
23 44 13 74 4
24 25 82 68 68
24 26 63 91 84
24 27 29 27 73
24 28 72 39 89
24 29 53 36 29
24 30 66 34 42
24 31 43 78 77
24 32 5 52 5
24 33 8 65 79
24 34 28 49 25
24 35 97 29 48
24 36 27 64 27
24 37 75 25 17
24 38 44 36 71
24 39 19 8 29
24 40 83 30 85
24 41 14 80 32
24 42 21 54 7
24 43 72 50 16
24 44 4 60 15
25 26 7 23 54
25 27 81 72 85
25 28 13 68 62
25 29 90 30 97
25 30 60 34 65
25 31 37 57 43
25 32 87 30 93
25 33 99 87 36
25 34 42 55 72
25 35 69 89 59
25 36 86 59 84
25 37 38 30 25
25 38 54 70 83
25 39 39 85 23
25 40 52 55 73
25 41 74 77 23
25 42 70 23 22
25 43 44 67 18
25 44 1 50 14
26 27 7 7 80
26 28 45 29 38
26 29 7 67 79
26 30 43 67 51
26 31 26 37 24
26 32 96 21 49
26 33 58 45 64
26 34 13 8 23
26 35 11 74 29
26 36 76 81 39
26 37 72 55 45
26 38 53 11 46
26 39 23 61 64
26 40 73 69 48
26 41 84 90 37
26 42 17 16 68
26 43 7 46 61
26 44 36 31 42
27 28 50 57 11
27 29 68 34 43
27 30 62 13 74
27 31 44 10 67
27 32 59 50 63
27 33 52 87 33
27 34 5 41 54
27 35 96 98 20
27 36 24 9 66
27 37 43 55 17
27 38 65 92 81
27 39 27 13 40
27 40 23 66 64
27 41 86 74 31
27 42 40 76 60
27 43 23 83 49
27 44 73 50 24
28 29 82 18 48
28 30 7 60 37
28 31 97 71 46
28 32 92 76 54
28 33 75 87 65
28 34 93 45 65
28 35 8 35 22
28 36 35 33 75
28 37 42 40 57
28 38 53 49 61
28 39 11 37 24
28 40 40 12 84
28 41 5 71 75
28 42 24 6 61
28 43 68 62 82
28 44 42 33 32
29 30 63 47 73
29 31 55 36 88
29 32 28 15 74
29 33 60 63 16
29 34 68 89 59
29 35 62 75 83
29 36 96 45 43
29 37 85 33 60
29 38 50 26 26
29 39 30 10 29
29 40 76 82 61
29 41 82 75 67
29 42 26 8 28
29 43 31 43 17
29 44 16 52 17
30 31 81 36 30
30 32 91 21 53
30 33 8 24 9
30 34 70 60 36
30 35 58 88 85
30 36 63 42 29
30 37 89 83 73
30 38 29 11 9
30 39 99 46 25
30 40 14 70 12
30 41 14 70 64
30 42 53 65 27
30 43 94 48 55
30 44 65 68 56
31 32 31 61 83
31 33 23 42 47
31 34 80 94 50
31 35 50 83 82
31 36 41 67 64
31 37 55 39 85
31 38 37 33 11
31 39 28 73 82
31 40 78 16 30
31 41 11 68 46
31 42 45 11 47
31 43 33 61 64
31 44 23 72 14
32 33 62 81 44
32 34 64 38 86
32 35 97 55 31
32 36 20 41 44
32 37 10 22 45
32 38 94 62 46
32 39 82 63 32
32 40 39 75 80
32 41 53 28 37
32 42 25 61 83
32 43 41 65 11
32 44 51 75 70
33 34 94 27 19
33 35 37 54 58
33 36 98 98 68
33 37 31 44 50
33 38 0 18 42
33 39 46 12 27
33 40 42 9 41
33 41 95 87 84
33 42 97 49 85
33 43 46 31 9
33 44 57 46 89
34 35 17 7 16
34 36 44 19 20
34 37 92 46 78
34 38 94 83 81
34 39 26 78 51
34 40 82 82 40
34 41 60 91 60
34 42 66 25 38
34 43 42 18 86
34 44 25 67 79
35 36 13 22 8
35 37 64 58 82
35 38 55 85 67
35 39 4 26 16
35 40 75 92 91
35 41 89 35 83
35 42 41 17 25
35 43 63 67 87
35 44 9 73 77
36 37 20 47 13
36 38 70 91 88
36 39 83 32 16
36 40 26 69 74
36 41 17 31 24
36 42 15 10 19
36 43 69 77 83
36 44 34 43 52
37 38 91 85 37
37 39 67 39 87
37 40 6 20 80
37 41 98 84 41
37 42 20 68 32
37 43 34 77 30
37 44 91 37 93
38 39 5 67 62
38 40 51 89 82
38 41 96 72 91
38 42 77 67 31
38 43 58 80 46
38 44 13 61 76
39 40 33 51 42
39 41 65 75 31
39 42 36 69 54
39 43 36 8 14
39 44 56 29 75
40 41 67 18 56
40 42 73 86 36
40 43 88 18 52
40 44 52 79 30
41 42 91 20 63
41 43 77 70 25
41 44 98 65 64
42 43 23 20 26
42 44 6 2 27
43 44 10 48 16
