17 3
0.5 0.5 0.0 
0 1 27 26 61
0 2 43 41 32
0 3 85 80 89
0 4 19 26 24
0 5 2 35 27
0 6 32 22 17
0 7 35 66 46
0 8 85 54 83
0 9 9 24 13
0 10 7 15 11
0 11 95 79 48
0 12 33 24 57
0 13 62 35 48
0 14 96 88 61
0 15 22 45 31
0 16 4 51 3
1 2 66 68 37
1 3 37 56 53
1 4 11 10 24
1 5 13 48 42
1 6 15 33 23
1 7 22 58 32
1 8 82 83 86
1 9 51 53 67
1 10 47 57 50
1 11 59 54 50
1 12 42 44 70
1 13 45 61 70
1 14 68 78 49
1 15 57 78 76
1 16 64 58 46
2 3 13 53 52
2 4 2 33 26
2 5 22 53 59
2 6 58 51 33
2 7 48 32 34
2 8 58 73 57
2 9 19 17 12
2 10 55 64 58
2 11 46 28 68
2 12 70 53 62
2 13 7 28 9
2 14 62 33 31
2 15 2 7 42
2 16 65 38 54
3 4 96 69 91
3 5 95 60 66
3 6 58 67 55
3 7 30 50 25
3 8 39 40 68
3 9 79 59 42
3 10 33 29 35
3 11 22 53 19
3 12 96 97 51
3 13 2 28 25
3 14 70 66 36
3 15 20 16 30
3 16 66 75 51
4 5 96 55 75
4 6 37 52 39
4 7 25 61 57
4 8 99 90 97
4 9 57 68 32
4 10 79 80 68
4 11 91 57 74
4 12 58 74 45
4 13 95 55 86
4 14 49 33 53
4 15 56 68 54
4 16 48 50 60
5 6 18 11 17
5 7 6 44 33
5 8 99 64 56
5 9 99 58 82
5 10 80 40 74
5 11 1 33 26
5 12 75 64 86
5 13 75 67 77
5 14 44 37 49
5 15 12 38 44
5 16 59 72 30
6 7 7 51 12
6 8 91 48 50
6 9 80 79 69
6 10 14 17 40
6 11 68 53 70
6 12 72 61 57
6 13 0 44 47
6 14 41 47 25
6 15 88 54 72
6 16 73 76 58
7 8 92 91 47
7 9 22 22 44
7 10 72 82 58
7 11 75 39 57
7 12 74 54 65
7 13 43 28 37
7 14 83 58 68
7 15 30 64 42
7 16 27 46 36
8 9 44 72 64
8 10 18 43 23
8 11 50 38 26
8 12 81 43 82
8 13 98 86 66
8 14 58 31 46
8 15 99 69 56
8 16 87 47 85
9 10 29 24 64
9 11 53 51 33
9 12 69 55 50
9 13 49 64 67
9 14 89 71 60
9 15 78 78 70
9 16 21 11 53
10 11 96 80 54
10 12 0 29 3
10 13 53 68 53
10 14 36 30 45
10 15 87 67 90
10 16 28 19 50
11 12 49 29 55
11 13 56 30 29
11 14 78 80 54
11 15 72 70 66
11 16 46 37 34
12 13 27 34 37
12 14 63 64 65
12 15 53 54 70
12 16 7 28 11
13 14 39 57 28
13 15 72 42 42
13 16 26 24 51
14 15 62 57 68
14 16 41 33 23
15 16 23 33 29
