30 3
0.333333 0.333333 0.333333 
0 1 80 17 33
0 2 61 14 89
0 3 11 51 37
0 4 6 31 79
0 5 55 73 70
0 6 74 84 25
0 7 9 10 33
0 8 36 76 71
0 9 64 60 58
0 10 33 69 56
0 11 54 17 48
0 12 33 71 11
0 13 36 19 37
0 14 92 21 24
0 15 51 61 43
0 16 41 44 73
0 17 33 77 21
0 18 82 38 33
0 19 32 16 85
0 20 97 79 35
0 21 33 82 52
0 22 6 33 41
0 23 82 34 29
0 24 16 50 78
0 25 76 27 94
0 26 67 15 38
0 27 54 82 46
0 28 93 64 85
0 29 16 36 21
1 2 83 18 36
1 3 82 74 45
1 4 43 79 34
1 5 14 77 28
1 6 98 24 59
1 7 52 12 90
1 8 48 84 28
1 9 36 34 15
1 10 59 12 27
1 11 33 25 28
1 12 89 44 70
1 13 35 70 7
1 14 57 71 61
1 15 2 20 15
1 16 28 11 57
1 17 47 82 81
1 18 27 6 72
1 19 28 7 57
1 20 93 61 22
1 21 31 18 14
1 22 31 16 61
1 23 4 1 14
1 24 77 32 86
1 25 24 15 8
1 26 3 25 17
1 27 27 43 35
1 28 84 43 75
1 29 72 49 74
2 3 78 29 65
2 4 41 36 15
2 5 20 82 56
2 6 54 21 83
2 7 96 63 58
2 8 57 24 80
2 9 16 51 76
2 10 45 31 64
2 11 24 21 66
2 12 87 42 70
2 13 20 74 78
2 14 78 19 79
2 15 63 50 70
2 16 88 83 59
2 17 4 80 10
2 18 51 29 53
2 19 84 31 73
2 20 50 37 83
2 21 90 39 94
2 22 89 66 64
2 23 24 73 53
2 24 47 77 23
2 25 77 86 72
2 26 19 10 30
2 27 67 38 68
2 28 28 54 69
2 29 36 39 86
3 4 40 18 70
3 5 38 63 36
3 6 82 48 21
3 7 53 61 69
3 8 65 33 25
3 9 9 58 54
3 10 39 12 79
3 11 43 74 74
3 12 93 98 47
3 13 85 81 33
3 14 8 9 15
3 15 47 85 87
3 16 21 18 27
3 17 41 85 33
3 18 56 51 57
3 19 29 79 23
3 20 42 35 25
3 21 99 49 35
3 22 20 79 35
3 23 31 16 59
3 24 10 56 56
3 25 50 19 62
3 26 31 58 85
3 27 87 30 35
3 28 28 19 52
3 29 86 74 86
4 5 77 34 88
4 6 88 48 96
4 7 54 80 76
4 8 72 65 88
4 9 82 48 21
4 10 36 62 85
4 11 10 68 70
4 12 49 36 43
4 13 28 39 41
4 14 77 21 49
4 15 70 20 68
4 16 72 81 57
4 17 62 26 18
4 18 34 32 67
4 19 52 81 11
4 20 89 29 77
4 21 85 42 70
4 22 72 78 33
4 23 65 23 66
4 24 58 46 63
4 25 62 62 46
4 26 21 20 45
4 27 9 22 60
4 28 81 20 32
4 29 42 22 62
5 6 98 99 87
5 7 29 39 40
5 8 30 63 18
5 9 46 30 67
5 10 94 33 51
5 11 24 54 27
5 12 59 44 90
5 13 86 29 74
5 14 83 48 65
5 15 89 66 30
5 16 65 35 47
5 17 62 69 34
5 18 84 69 54
5 19 29 7 8
5 20 38 58 51
5 21 48 16 15
5 22 51 44 24
5 23 28 53 64
5 24 64 90 29
5 25 98 78 49
5 26 39 50 11
5 27 17 59 10
5 28 24 51 64
5 29 81 59 41
6 7 54 13 26
6 8 50 85 66
6 9 11 71 41
6 10 65 47 67
6 11 96 24 31
6 12 36 32 85
6 13 75 79 73
6 14 24 81 38
6 15 32 67 63
6 16 55 19 82
6 17 14 46 75
6 18 76 25 89
6 19 70 20 77
6 20 29 76 73
6 21 92 21 82
6 22 33 33 17
6 23 10 57 54
6 24 18 71 40
6 25 54 11 89
6 26 54 28 15
6 27 23 26 72
6 28 5 69 16
6 29 43 13 74
7 8 19 67 81
7 9 68 77 86
7 10 56 70 71
7 11 37 77 67
7 12 44 9 38
7 13 59 22 35
7 14 37 30 70
7 15 36 47 34
7 16 81 77 30
7 17 4 0 60
7 18 49 35 34
7 19 61 91 29
7 20 38 57 19
7 21 80 41 50
7 22 68 27 90
7 23 30 22 47
7 24 10 52 30
7 25 65 67 70
7 26 92 64 25
7 27 83 96 25
7 28 13 59 46
7 29 34 61 63
8 9 40 39 68
8 10 49 26 10
8 11 1 0 78
8 12 82 93 48
8 13 72 58 84
8 14 20 10 26
8 15 25 64 71
8 16 99 59 27
8 17 97 83 28
8 18 56 82 26
8 19 97 36 44
8 20 31 80 12
8 21 30 13 11
8 22 47 16 35
8 23 64 14 70
8 24 72 45 41
8 25 84 79 35
8 26 95 91 94
8 27 66 41 17
8 28 15 69 25
8 29 2 4 76
9 10 32 17 37
9 11 6 13 72
9 12 23 24 61
9 13 38 26 40
9 14 43 42 15
9 15 57 70 47
9 16 35 14 33
9 17 3 11 9
9 18 51 35 50
9 19 77 27 59
9 20 90 21 23
9 21 74 15 58
9 22 9 77 16
9 23 21 76 17
9 24 57 76 70
9 25 63 88 53
9 26 98 91 47
9 27 63 89 18
9 28 1 56 65
9 29 6 64 43
10 11 25 24 30
10 12 99 63 25
10 13 10 37 73
10 14 40 30 54
10 15 29 11 55
10 16 50 35 75
10 17 41 50 39
10 18 40 77 15
10 19 60 80 32
10 20 50 49 68
10 21 17 75 81
10 22 3 69 15
10 23 34 85 17
10 24 19 17 55
10 25 49 85 60
10 26 37 63 21
10 27 84 21 81
10 28 84 63 59
10 29 79 90 43
11 12 60 47 15
11 13 40 29 87
11 14 72 81 52
11 15 33 21 22
11 16 24 34 19
11 17 32 68 85
11 18 87 95 60
11 19 86 90 85
11 20 80 41 62
11 21 42 44 46
11 22 69 49 81
11 23 74 18 35
11 24 89 68 50
11 25 33 70 47
11 26 28 43 64
11 27 22 33 49
11 28 31 62 85
11 29 10 31 23
12 13 74 81 24
12 14 84 75 77
12 15 48 69 64
12 16 96 41 63
12 17 56 56 90
12 18 11 36 38
12 19 62 51 57
12 20 77 36 32
12 21 0 51 28
12 22 65 50 24
12 23 15 53 17
12 24 24 74 13
12 25 84 21 69
12 26 2 57 6
12 27 99 36 60
12 28 85 76 58
12 29 19 72 58
13 14 36 77 51
13 15 53 45 18
13 16 43 65 86
13 17 28 63 39
13 18 46 52 74
13 19 12 14 18
13 20 6 54 53
13 21 43 58 17
13 22 4 50 6
13 23 18 73 18
13 24 88 71 55
13 25 99 52 22
13 26 79 50 80
13 27 45 87 53
13 28 74 50 63
13 29 97 20 27
14 15 61 15 75
14 16 95 32 86
14 17 59 34 49
14 18 4 16 5
14 19 73 29 25
14 20 86 21 35
14 21 70 48 71
14 22 70 70 25
14 23 7 68 69
14 24 74 90 31
14 25 79 68 93
14 26 5 10 46
14 27 30 21 56
14 28 4 74 61
14 29 55 31 52
15 16 20 68 30
15 17 18 26 30
15 18 36 22 26
15 19 77 48 90
15 20 42 47 83
15 21 54 34 52
15 22 45 9 62
15 23 32 36 16
15 24 57 38 41
15 25 84 29 42
15 26 54 82 78
15 27 66 33 59
15 28 53 34 74
15 29 75 88 30
16 17 59 80 82
16 18 96 88 28
16 19 8 49 11
16 20 90 92 33
16 21 3 35 21
16 22 71 40 46
16 23 95 89 56
16 24 51 83 61
16 25 58 69 59
16 26 19 73 48
16 27 34 44 68
16 28 53 79 21
16 29 90 93 37
17 18 93 52 41
17 19 41 78 43
17 20 96 92 54
17 21 93 49 79
17 22 76 83 38
17 23 42 58 46
17 24 74 63 94
17 25 64 39 46
17 26 45 40 45
17 27 35 52 55
17 28 64 81 20
17 29 13 51 45
18 19 25 57 45
18 20 29 33 67
18 21 47 85 35
18 22 99 37 34
18 23 77 16 50
18 24 79 20 56
18 25 96 54 88
18 26 12 76 35
18 27 38 37 72
18 28 59 25 34
18 29 30 54 28
19 20 31 43 49
19 21 6 27 58
19 22 8 81 11
19 23 16 69 17
19 24 26 82 38
19 25 36 42 26
19 26 55 27 54
19 27 68 43 18
19 28 68 46 56
19 29 93 74 69
20 21 2 51 8
20 22 45 50 13
20 23 55 20 81
20 24 85 39 91
20 25 32 85 27
20 26 3 53 42
20 27 58 15 35
20 28 71 83 18
20 29 60 51 70
21 22 76 66 68
21 23 14 47 45
21 24 59 72 28
21 25 56 53 36
21 26 45 76 11
21 27 57 42 45
21 28 68 38 75
21 29 70 50 44
22 23 14 26 57
22 24 0 75 67
22 25 25 9 17
22 26 80 36 52
22 27 65 35 81
22 28 0 72 17
22 29 6 1 77
23 24 35 42 68
23 25 81 53 39
23 26 75 92 33
23 27 4 30 78
23 28 96 32 35
23 29 25 78 58
24 25 75 87 21
24 26 35 34 62
24 27 73 19 71
24 28 41 35 56
24 29 26 73 62
25 26 30 57 28
25 27 61 50 83
25 28 88 39 66
25 29 83 71 32
26 27 80 68 24
26 28 52 68 36
26 29 88 36 29
27 28 99 35 50
27 29 38 47 42
28 29 22 42 59
