35 3
0.5 0.5 0.0 
0 1 40 42 48
0 2 36 35 45
0 3 77 77 66
0 4 37 45 45
0 5 27 31 28
0 6 89 79 83
0 7 57 57 59
0 8 9 19 17
0 9 33 39 29
0 10 50 47 47
0 11 16 20 23
0 12 53 50 48
0 13 46 51 44
0 14 1 5 6
0 15 59 62 52
0 16 53 60 46
0 17 34 39 34
0 18 65 60 64
0 19 6 18 13
0 20 16 15 23
0 21 9 15 13
0 22 79 68 73
0 23 79 78 70
0 24 70 62 74
0 25 74 73 63
0 26 55 49 52
0 27 91 81 86
0 28 77 76 77
0 29 64 67 67
0 30 29 28 26
0 31 47 54 46
0 32 88 75 88
0 33 17 20 26
0 34 47 49 46
1 2 81 72 72
1 3 32 33 30
1 4 10 19 18
1 5 57 50 52
1 6 54 60 51
1 7 43 38 42
1 8 85 85 87
1 9 28 25 36
1 10 52 51 57
1 11 31 28 41
1 12 22 31 23
1 13 87 87 79
1 14 92 80 79
1 15 80 70 79
1 16 44 46 45
1 17 90 88 78
1 18 44 48 44
1 19 82 82 80
1 20 98 84 92
1 21 88 81 83
1 22 57 58 60
1 23 36 41 40
1 24 24 27 30
1 25 13 17 19
1 26 71 64 72
1 27 62 59 62
1 28 38 38 40
1 29 83 74 71
1 30 89 85 84
1 31 58 52 64
1 32 63 66 59
1 33 32 40 38
1 34 91 90 89
2 3 73 75 72
2 4 64 67 60
2 5 87 78 79
2 6 30 27 31
2 7 2 9 3
2 8 46 53 41
2 9 37 32 41
2 10 9 11 20
2 11 83 77 79
2 12 39 43 36
2 13 55 61 54
2 14 76 78 74
2 15 53 54 46
2 16 49 54 51
2 17 28 31 31
2 18 19 28 16
2 19 17 20 27
2 20 27 25 27
2 21 87 83 88
2 22 25 26 34
2 23 68 70 61
2 24 64 65 59
2 25 38 36 35
2 26 4 8 17
2 27 77 76 78
2 28 28 30 33
2 29 75 67 70
2 30 9 22 17
2 31 32 39 31
2 32 20 28 28
2 33 27 30 34
2 34 64 56 66
3 4 2 2 16
3 5 0 2 8
3 6 93 94 86
3 7 44 39 48
3 8 31 40 28
3 9 23 22 33
3 10 33 38 32
3 11 11 18 18
3 12 25 25 26
3 13 54 55 57
3 14 59 53 58
3 15 40 41 36
3 16 83 73 83
3 17 20 24 24
3 18 31 27 28
3 19 25 25 34
3 20 97 87 93
3 21 50 50 51
3 22 66 59 68
3 23 35 31 30
3 24 86 84 76
3 25 35 30 40
3 26 70 70 64
3 27 89 86 81
3 28 52 56 58
3 29 13 15 12
3 30 36 33 34
3 31 19 20 24
3 32 93 93 86
3 33 28 26 33
3 34 89 89 85
4 5 76 78 68
4 6 67 67 68
4 7 83 73 83
4 8 77 77 78
4 9 49 57 54
4 10 20 30 29
4 11 13 20 18
4 12 75 67 64
4 13 8 12 13
4 14 2 5 11
4 15 22 27 27
4 16 79 76 78
4 17 81 74 81
4 18 26 28 36
4 19 13 24 13
4 20 3 8 11
4 21 58 57 57
4 22 27 27 32
4 23 83 85 76
4 24 55 53 53
4 25 98 89 87
4 26 96 89 87
4 27 7 12 8
4 28 18 21 15
4 29 37 41 35
4 30 65 69 58
4 31 7 17 17
4 32 2 7 5
4 33 69 63 64
4 34 11 22 12
5 6 66 63 71
5 7 57 50 59
5 8 42 42 38
5 9 69 58 65
5 10 55 55 50
5 11 44 40 48
5 12 29 31 38
5 13 13 15 16
5 14 81 83 74
5 15 60 62 64
5 16 43 47 45
5 17 99 94 93
5 18 77 73 70
5 19 79 77 75
5 20 61 62 59
5 21 71 73 63
5 22 39 47 41
5 23 1 10 12
5 24 36 35 38
5 25 68 66 68
5 26 11 13 17
5 27 43 43 46
5 28 77 67 75
5 29 92 85 79
5 30 52 52 58
5 31 10 16 12
5 32 39 40 35
5 33 9 23 18
5 34 26 36 25
6 7 20 26 24
6 8 19 28 29
6 9 39 43 36
6 10 82 84 82
6 11 72 75 67
6 12 23 28 27
6 13 74 70 66
6 14 13 22 22
6 15 20 31 29
6 16 39 43 42
6 17 93 88 92
6 18 44 50 44
6 19 77 76 75
6 20 13 15 23
6 21 91 90 87
6 22 23 22 24
6 23 94 84 89
6 24 21 23 23
6 25 46 51 42
6 26 92 82 91
6 27 10 12 16
6 28 85 79 85
6 29 57 55 50
6 30 36 41 37
6 31 59 64 58
6 32 43 45 40
6 33 87 88 88
6 34 90 77 90
7 8 53 51 48
7 9 99 85 86
7 10 10 22 15
7 11 90 82 81
7 12 79 72 77
7 13 21 29 20
7 14 39 39 43
7 15 89 85 83
7 16 98 98 98
7 17 8 17 20
7 18 71 63 62
7 19 6 10 16
7 20 97 89 96
7 21 39 38 48
7 22 44 38 48
7 23 74 72 76
7 24 97 97 83
7 25 76 71 69
7 26 61 56 57
7 27 20 27 18
7 28 34 40 39
7 29 99 84 91
7 30 76 66 78
7 31 74 66 75
7 32 3 16 8
7 33 6 10 15
7 34 17 25 14
8 9 85 86 73
8 10 91 85 82
8 11 86 74 77
8 12 41 42 42
8 13 26 24 24
8 14 5 16 16
8 15 53 51 52
8 16 99 96 91
8 17 93 82 84
8 18 4 18 9
8 19 88 86 89
8 20 18 29 22
8 21 22 23 21
8 22 52 51 49
8 23 14 21 14
8 24 56 62 48
8 25 20 23 18
8 26 11 12 12
8 27 70 60 70
8 28 57 62 62
8 29 15 27 17
8 30 73 72 72
8 31 17 27 26
8 32 58 53 54
8 33 5 14 11
8 34 83 83 77
9 10 47 54 46
9 11 40 42 35
9 12 47 42 46
9 13 23 21 20
9 14 0 13 3
9 15 76 71 78
9 16 25 24 27
9 17 83 81 80
9 18 19 25 28
9 19 41 44 36
9 20 19 20 19
9 21 14 25 18
9 22 61 59 54
9 23 29 34 33
9 24 49 46 44
9 25 7 20 12
9 26 61 62 56
9 27 80 74 72
9 28 36 37 42
9 29 79 79 72
9 30 64 64 63
9 31 2 7 5
9 32 45 44 41
9 33 67 71 64
9 34 42 45 48
10 11 73 67 67
10 12 71 74 69
10 13 6 15 19
10 14 92 83 89
10 15 0 6 12
10 16 20 32 31
10 17 60 59 54
10 18 48 45 53
10 19 60 53 64
10 20 55 58 61
10 21 7 19 20
10 22 35 37 44
10 23 93 86 80
10 24 63 65 54
10 25 15 23 15
10 26 11 13 19
10 27 45 47 39
10 28 6 15 6
10 29 15 25 19
10 30 56 50 55
10 31 67 70 65
10 32 41 45 48
10 33 70 71 63
10 34 45 46 44
11 12 84 76 80
11 13 49 48 47
11 14 5 8 18
11 15 47 48 49
11 16 90 88 79
11 17 6 17 18
11 18 75 76 75
11 19 69 61 72
11 20 83 83 73
11 21 66 69 68
11 22 95 90 87
11 23 75 71 66
11 24 65 67 64
11 25 10 21 21
11 26 50 46 43
11 27 99 96 96
11 28 19 22 26
11 29 39 46 37
11 30 46 51 45
11 31 71 69 61
11 32 78 77 72
11 33 31 34 26
11 34 64 67 58
12 13 96 94 94
12 14 14 25 17
12 15 4 7 17
12 16 38 46 39
12 17 90 82 84
12 18 31 33 38
12 19 64 68 68
12 20 56 55 56
12 21 30 28 37
12 22 45 50 45
12 23 71 70 68
12 24 29 37 35
12 25 12 20 14
12 26 18 29 16
12 27 2 7 11
12 28 82 80 79
12 29 47 44 48
12 30 48 45 45
12 31 94 91 89
12 32 93 92 81
12 33 55 52 51
12 34 49 53 49
13 14 82 78 77
13 15 26 29 36
13 16 52 51 52
13 17 25 34 35
13 18 38 45 42
13 19 4 18 11
13 20 92 89 81
13 21 53 55 52
13 22 23 21 26
13 23 94 89 83
13 24 98 90 86
13 25 32 40 33
13 26 73 74 68
13 27 20 28 27
13 28 60 62 59
13 29 66 69 71
13 30 23 34 30
13 31 56 54 61
13 32 23 27 26
13 33 23 20 32
13 34 21 22 31
14 15 55 53 56
14 16 15 20 14
14 17 48 51 55
14 18 19 31 20
14 19 13 14 20
14 20 18 27 16
14 21 35 35 34
14 22 50 42 55
14 23 70 70 71
14 24 41 45 46
14 25 93 94 91
14 26 14 14 22
14 27 69 70 70
14 28 92 87 85
14 29 5 12 7
14 30 66 70 61
14 31 37 32 35
14 32 33 37 36
14 33 51 53 45
14 34 81 74 82
15 16 28 29 36
15 17 97 95 90
15 18 90 84 88
15 19 49 49 48
15 20 18 15 21
15 21 70 66 64
15 22 93 90 82
15 23 8 19 14
15 24 70 64 64
15 25 90 87 78
15 26 48 49 52
15 27 34 42 37
15 28 4 8 16
15 29 92 78 84
15 30 9 9 23
15 31 14 18 21
15 32 10 19 19
15 33 90 88 84
15 34 59 61 56
16 17 19 18 27
16 18 96 94 95
16 19 65 62 60
16 20 39 37 42
16 21 81 82 74
16 22 83 78 71
16 23 19 28 18
16 24 7 21 19
16 25 68 70 63
16 26 6 14 5
16 27 42 48 38
16 28 98 87 89
16 29 42 50 43
16 30 53 60 46
16 31 67 67 57
16 32 60 58 65
16 33 7 12 17
16 34 79 79 69
17 18 81 83 83
17 19 6 13 18
17 20 3 4 10
17 21 82 80 83
17 22 24 27 22
17 23 53 56 48
17 24 19 27 27
17 25 31 29 36
17 26 38 47 33
17 27 2 15 9
17 28 65 63 62
17 29 79 76 76
17 30 85 79 75
17 31 56 61 47
17 32 5 15 5
17 33 28 24 28
17 34 97 91 94
18 19 23 32 26
18 20 3 6 15
18 21 10 15 23
18 22 17 18 15
18 23 43 44 44
18 24 55 60 51
18 25 28 30 35
18 26 27 24 32
18 27 42 50 37
18 28 81 82 73
18 29 73 67 71
18 30 35 33 36
18 31 96 89 92
18 32 45 50 48
18 33 78 73 76
18 34 90 84 78
19 20 52 47 53
19 21 87 77 78
19 22 59 64 54
19 23 26 29 32
19 24 22 27 29
19 25 35 43 30
19 26 66 61 70
19 27 47 48 43
19 28 39 40 42
19 29 61 62 62
19 30 62 67 61
19 31 20 28 28
19 32 35 34 37
19 33 30 34 32
19 34 86 75 88
20 21 96 92 91
20 22 60 59 63
20 23 20 29 30
20 24 2 6 14
20 25 40 47 43
20 26 92 79 89
20 27 78 81 81
20 28 11 22 18
20 29 31 27 41
20 30 67 57 62
20 31 65 61 61
20 32 32 30 34
20 33 1 3 9
20 34 60 52 59
21 22 8 11 19
21 23 49 46 43
21 24 84 77 75
21 25 36 31 34
21 26 98 95 84
21 27 64 62 67
21 28 20 21 29
21 29 92 83 91
21 30 13 25 21
21 31 39 36 35
21 32 14 25 19
21 33 65 60 56
21 34 95 91 93
22 23 4 17 6
22 24 48 42 55
22 25 11 12 17
22 26 44 42 49
22 27 37 32 42
22 28 69 64 73
22 29 91 87 81
22 30 81 77 72
22 31 99 90 96
22 32 24 31 26
22 33 90 85 79
22 34 58 59 52
23 24 21 20 30
23 25 28 37 38
23 26 24 33 27
23 27 18 21 20
23 28 49 47 47
23 29 96 94 88
23 30 29 25 38
23 31 50 50 55
23 32 96 89 82
23 33 6 8 10
23 34 95 82 85
24 25 5 7 15
24 26 65 70 63
24 27 77 76 70
24 28 5 5 15
24 29 81 78 79
24 30 64 60 67
24 31 51 57 49
24 32 34 34 33
24 33 39 44 34
24 34 81 71 83
25 26 15 20 28
25 27 46 44 51
25 28 1 9 7
25 29 32 42 31
25 30 24 32 21
25 31 42 38 44
25 32 61 54 64
25 33 62 55 66
25 34 33 28 42
26 27 11 16 14
26 28 62 57 67
26 29 24 32 23
26 30 66 71 65
26 31 70 64 60
26 32 13 26 17
26 33 84 86 80
26 34 29 29 27
27 28 44 47 52
27 29 1 5 16
27 30 65 56 64
27 31 85 79 81
27 32 27 27 26
27 33 58 58 55
27 34 94 86 84
28 29 4 11 9
28 30 93 87 88
28 31 21 23 29
28 32 52 50 57
28 33 73 71 65
28 34 46 46 45
29 30 50 47 49
29 31 70 69 65
29 32 43 51 43
29 33 45 51 47
29 34 48 43 46
30 31 20 26 19
30 32 27 34 32
30 33 64 56 61
30 34 5 11 11
31 32 23 24 27
31 33 54 56 52
31 34 63 58 56
32 33 20 28 30
32 34 77 74 71
33 34 23 22 32
