38 3
0.5 0.5 0.0 
0 1 62 81 65
0 2 31 23 44
0 3 30 11 85
0 4 80 87 34
0 5 43 65 63
0 6 37 28 76
0 7 33 21 30
0 8 95 90 82
0 9 80 44 76
0 10 25 61 6
0 11 97 74 78
0 12 74 53 78
0 13 76 54 31
0 14 42 87 83
0 15 55 78 78
0 16 20 37 49
0 17 12 17 82
0 18 8 10 23
0 19 35 7 35
0 20 57 76 11
0 21 48 49 12
0 22 68 55 54
0 23 16 18 24
0 24 60 80 12
0 25 14 78 46
0 26 15 79 33
0 27 89 71 75
0 28 28 12 63
0 29 82 73 45
0 30 88 63 74
0 31 12 36 7
0 32 24 67 7
0 33 82 64 93
0 34 64 73 83
0 35 96 69 88
0 36 52 19 16
0 37 19 67 12
1 2 45 87 78
1 3 90 27 59
1 4 69 34 44
1 5 25 66 67
1 6 26 77 73
1 7 66 33 76
1 8 28 38 15
1 9 90 81 47
1 10 62 53 29
1 11 24 15 79
1 12 29 82 42
1 13 60 38 53
1 14 91 87 82
1 15 48 79 75
1 16 0 40 8
1 17 57 45 53
1 18 2 43 11
1 19 16 24 68
1 20 50 50 29
1 21 61 31 84
1 22 16 63 27
1 23 29 19 43
1 24 70 27 70
1 25 38 85 65
1 26 55 16 26
1 27 38 34 26
1 28 13 6 51
1 29 31 85 61
1 30 4 75 22
1 31 25 62 84
1 32 88 43 45
1 33 97 40 58
1 34 1 37 36
1 35 30 45 37
1 36 40 84 50
1 37 37 40 19
2 3 15 24 60
2 4 76 78 22
2 5 59 41 43
2 6 35 29 36
2 7 66 29 55
2 8 65 30 83
2 9 27 27 65
2 10 89 58 27
2 11 82 55 85
2 12 22 16 11
2 13 97 34 95
2 14 65 18 51
2 15 61 50 42
2 16 55 20 67
2 17 51 30 69
2 18 22 81 27
2 19 77 24 36
2 20 66 25 64
2 21 75 24 62
2 22 2 46 4
2 23 57 63 84
2 24 77 32 46
2 25 0 34 5
2 26 60 88 90
2 27 18 40 9
2 28 28 38 75
2 29 9 43 38
2 30 85 72 91
2 31 60 38 60
2 32 20 69 18
2 33 58 79 41
2 34 54 59 67
2 35 97 76 51
2 36 51 35 38
2 37 22 73 53
3 4 92 35 93
3 5 21 37 11
3 6 42 79 40
3 7 18 42 18
3 8 23 24 43
3 9 78 77 71
3 10 76 49 95
3 11 3 46 59
3 12 95 95 70
3 13 11 5 64
3 14 55 78 12
3 15 70 22 39
3 16 17 11 57
3 17 79 20 33
3 18 34 38 21
3 19 49 72 28
3 20 9 5 40
3 21 88 92 28
3 22 23 73 52
3 23 6 19 71
3 24 10 16 64
3 25 28 7 55
3 26 47 57 78
3 27 24 53 7
3 28 92 90 42
3 29 98 68 86
3 30 99 98 21
3 31 52 80 19
3 32 99 31 47
3 33 43 25 25
3 34 51 12 42
3 35 34 10 14
3 36 58 69 60
3 37 40 42 69
4 5 91 39 43
4 6 78 22 27
4 7 40 37 55
4 8 47 29 60
4 9 31 80 25
4 10 6 64 28
4 11 11 22 11
4 12 85 24 28
4 13 52 26 32
4 14 78 49 81
4 15 43 74 62
4 16 15 63 20
4 17 83 29 39
4 18 44 17 83
4 19 50 12 26
4 20 39 13 41
4 21 50 20 60
4 22 9 17 40
4 23 15 78 12
4 24 31 8 24
4 25 80 42 27
4 26 91 35 85
4 27 73 80 38
4 28 89 85 64
4 29 73 30 74
4 30 38 17 49
4 31 30 19 10
4 32 35 47 34
4 33 69 77 47
4 34 99 30 30
4 35 90 73 56
4 36 87 18 66
4 37 2 26 64
5 6 23 50 5
5 7 46 75 37
5 8 82 78 26
5 9 28 39 5
5 10 20 80 51
5 11 12 37 78
5 12 72 92 94
5 13 93 20 74
5 14 24 62 5
5 15 18 61 73
5 16 43 37 78
5 17 47 10 11
5 18 87 30 66
5 19 67 31 39
5 20 95 28 33
5 21 75 83 17
5 22 45 69 88
5 23 25 27 11
5 24 39 40 11
5 25 39 20 62
5 26 3 49 28
5 27 87 93 87
5 28 84 72 88
5 29 37 7 14
5 30 83 19 44
5 31 84 55 42
5 32 41 37 62
5 33 57 15 55
5 34 67 59 80
5 35 92 47 48
5 36 9 22 11
5 37 76 62 70
6 7 52 87 15
6 8 27 30 78
6 9 48 43 86
6 10 83 41 75
6 11 63 62 61
6 12 0 42 67
6 13 44 84 29
6 14 76 88 22
6 15 66 80 63
6 16 61 19 82
6 17 29 84 74
6 18 18 67 72
6 19 27 61 43
6 20 87 85 53
6 21 53 79 42
6 22 98 93 27
6 23 62 34 26
6 24 15 50 41
6 25 89 86 49
6 26 78 61 20
6 27 23 34 54
6 28 44 51 18
6 29 88 92 78
6 30 50 61 59
6 31 32 36 11
6 32 45 50 62
6 33 92 44 27
6 34 58 22 14
6 35 47 15 14
6 36 37 61 68
6 37 58 55 53
7 8 95 23 95
7 9 21 73 48
7 10 50 78 18
7 11 65 66 51
7 12 20 79 21
7 13 39 70 8
7 14 60 40 70
7 15 17 58 54
7 16 46 32 74
7 17 23 58 30
7 18 38 37 61
7 19 80 75 62
7 20 45 25 30
7 21 4 33 73
7 22 47 58 46
7 23 86 94 28
7 24 27 65 11
7 25 82 35 29
7 26 66 79 33
7 27 11 59 71
7 28 24 19 17
7 29 70 21 76
7 30 52 44 33
7 31 99 30 54
7 32 42 12 66
7 33 40 17 67
7 34 51 60 72
7 35 94 22 40
7 36 45 34 37
7 37 79 50 51
8 9 26 57 46
8 10 75 64 71
8 11 72 34 61
8 12 4 40 13
8 13 48 10 50
8 14 25 69 52
8 15 73 61 22
8 16 19 28 56
8 17 79 69 61
8 18 52 47 61
8 19 76 27 20
8 20 71 75 39
8 21 72 53 58
8 22 84 92 36
8 23 21 17 31
8 24 81 82 81
8 25 93 32 74
8 26 52 34 22
8 27 76 24 28
8 28 87 27 91
8 29 27 81 23
8 30 20 69 18
8 31 24 33 61
8 32 69 23 72
8 33 46 39 74
8 34 91 68 23
8 35 12 76 77
8 36 38 73 50
8 37 27 79 51
9 10 27 23 31
9 11 2 47 69
9 12 80 89 91
9 13 68 86 62
9 14 70 71 16
9 15 50 57 57
9 16 33 28 74
9 17 78 63 63
9 18 92 74 24
9 19 27 43 6
9 20 24 80 49
9 21 81 85 34
9 22 92 66 67
9 23 88 63 53
9 24 35 82 77
9 25 72 46 49
9 26 15 79 70
9 27 2 5 6
9 28 42 40 50
9 29 42 56 24
9 30 29 22 73
9 31 33 18 20
9 32 81 30 85
9 33 33 23 66
9 34 44 41 38
9 35 23 75 70
9 36 35 69 83
9 37 25 12 12
10 11 45 68 68
10 12 20 34 70
10 13 74 66 19
10 14 55 13 27
10 15 58 64 76
10 16 22 80 29
10 17 69 59 29
10 18 63 50 45
10 19 71 70 76
10 20 29 74 80
10 21 30 24 85
10 22 15 27 7
10 23 74 40 91
10 24 96 71 75
10 25 48 48 20
10 26 56 39 68
10 27 16 32 34
10 28 23 47 8
10 29 93 84 48
10 30 56 19 62
10 31 18 42 33
10 32 75 73 57
10 33 88 31 21
10 34 85 26 57
10 35 67 68 59
10 36 62 35 22
10 37 72 50 86
11 12 35 70 25
11 13 65 22 19
11 14 66 62 50
11 15 24 7 61
11 16 8 29 15
11 17 4 51 79
11 18 7 60 53
11 19 2 40 65
11 20 84 88 91
11 21 85 96 19
11 22 39 55 33
11 23 85 33 21
11 24 57 67 85
11 25 69 46 19
11 26 80 68 81
11 27 18 5 34
11 28 90 54 68
11 29 45 88 52
11 30 87 46 84
11 31 12 11 16
11 32 63 44 24
11 33 83 62 44
11 34 36 13 79
11 35 9 72 3
11 36 84 80 65
11 37 26 52 67
12 13 82 83 31
12 14 37 77 73
12 15 3 26 27
12 16 15 52 45
12 17 19 44 79
12 18 22 38 41
12 19 70 24 63
12 20 35 50 35
12 21 73 48 54
12 22 50 10 43
12 23 4 3 12
12 24 84 26 30
12 25 82 21 59
12 26 12 8 41
12 27 12 36 44
12 28 16 54 21
12 29 45 29 39
12 30 18 22 52
12 31 19 80 29
12 32 0 51 56
12 33 30 60 56
12 34 39 45 16
12 35 61 91 73
12 36 22 14 53
12 37 99 20 59
13 14 33 55 77
13 15 61 22 68
13 16 1 41 42
13 17 81 49 24
13 18 70 56 85
13 19 28 74 60
13 20 74 42 64
13 21 7 47 63
13 22 54 13 88
13 23 97 84 51
13 24 40 39 61
13 25 1 8 41
13 26 17 17 25
13 27 87 56 72
13 28 57 60 45
13 29 14 20 17
13 30 74 75 81
13 31 84 40 85
13 32 44 40 60
13 33 65 18 53
13 34 23 21 74
13 35 74 45 39
13 36 86 79 58
13 37 20 44 78
14 15 72 27 61
14 16 98 65 69
14 17 15 22 64
14 18 25 39 13
14 19 50 16 79
14 20 84 94 92
14 21 80 17 76
14 22 12 39 55
14 23 34 31 53
14 24 91 31 34
14 25 44 11 24
14 26 67 88 91
14 27 76 76 92
14 28 3 56 45
14 29 71 75 41
14 30 70 37 51
14 31 99 84 56
14 32 21 51 35
14 33 15 69 65
14 34 57 68 18
14 35 52 38 82
14 36 60 20 57
14 37 85 19 95
15 16 1 62 70
15 17 79 31 54
15 18 17 74 43
15 19 59 24 59
15 20 48 11 70
15 21 8 63 66
15 22 49 38 40
15 23 4 64 53
15 24 64 66 69
15 25 34 25 83
15 26 72 70 22
15 27 92 96 26
15 28 56 17 50
15 29 8 6 63
15 30 17 58 72
15 31 79 26 91
15 32 64 69 82
15 33 23 24 27
15 34 30 30 21
15 35 41 68 84
15 36 4 50 1
15 37 97 25 37
16 17 74 78 38
16 18 33 62 70
16 19 82 42 44
16 20 95 38 22
16 21 42 33 11
16 22 35 52 33
16 23 67 81 49
16 24 10 21 60
16 25 9 66 63
16 26 90 64 92
16 27 7 56 62
16 28 29 39 45
16 29 49 12 64
16 30 4 79 71
16 31 42 51 52
16 32 60 72 37
16 33 38 56 59
16 34 73 50 36
16 35 10 64 64
16 36 91 92 83
16 37 61 63 38
17 18 37 59 50
17 19 65 89 52
17 20 20 41 63
17 21 52 15 68
17 22 43 70 13
17 23 17 50 67
17 24 53 14 79
17 25 95 98 44
17 26 99 98 45
17 27 46 18 22
17 28 23 71 42
17 29 53 89 66
17 30 55 41 48
17 31 94 80 69
17 32 89 71 97
17 33 70 31 26
17 34 24 63 24
17 35 52 68 44
17 36 86 73 37
17 37 47 85 10
18 19 18 79 12
18 20 88 52 86
18 21 81 38 80
18 22 94 60 69
18 23 18 56 58
18 24 81 39 53
18 25 38 47 65
18 26 79 29 80
18 27 38 60 47
18 28 91 26 65
18 29 6 23 12
18 30 81 25 93
18 31 85 23 92
18 32 27 43 68
18 33 67 41 47
18 34 29 8 79
18 35 11 80 20
18 36 67 83 29
18 37 67 45 59
19 20 10 74 12
19 21 37 49 79
19 22 21 15 46
19 23 54 42 84
19 24 75 63 80
19 25 80 18 28
19 26 9 23 52
19 27 19 47 81
19 28 91 22 83
19 29 95 94 86
19 30 72 89 71
19 31 49 73 19
19 32 26 80 62
19 33 15 14 35
19 34 64 26 84
19 35 28 83 19
19 36 63 75 86
19 37 98 36 76
20 21 34 85 69
20 22 39 28 21
20 23 67 86 65
20 24 60 20 83
20 25 44 76 76
20 26 53 22 73
20 27 12 26 14
20 28 96 55 36
20 29 73 67 73
20 30 61 55 23
20 31 87 20 92
20 32 62 17 43
20 33 43 21 70
20 34 37 47 36
20 35 58 35 21
20 36 89 21 95
20 37 64 21 69
21 22 66 74 32
21 23 73 15 22
21 24 50 75 40
21 25 90 75 57
21 26 18 65 36
21 27 48 48 37
21 28 45 28 68
21 29 4 22 46
21 30 28 82 44
21 31 16 38 48
21 32 13 29 6
21 33 51 76 68
21 34 96 43 98
21 35 89 29 36
21 36 83 54 34
21 37 8 55 20
22 23 48 36 51
22 24 21 52 9
22 25 66 88 41
22 26 87 24 70
22 27 37 85 40
22 28 50 46 20
22 29 61 55 58
22 30 11 61 42
22 31 36 80 44
22 32 14 43 14
22 33 33 51 77
22 34 27 57 72
22 35 2 40 77
22 36 16 45 21
22 37 7 20 51
23 24 59 37 50
23 25 7 26 51
23 26 15 45 9
23 27 72 87 77
23 28 72 86 75
23 29 35 68 15
23 30 79 89 51
23 31 87 54 40
23 32 32 82 81
23 33 72 40 87
23 34 92 29 60
23 35 25 7 83
23 36 72 72 84
23 37 57 11 23
24 25 41 43 33
24 26 97 78 81
24 27 29 13 7
24 28 87 59 54
24 29 1 66 44
24 30 41 70 20
24 31 26 71 49
24 32 1 35 67
24 33 68 90 85
24 34 88 61 65
24 35 15 14 26
24 36 83 37 31
24 37 17 60 41
25 26 54 34 64
25 27 7 46 76
25 28 92 48 91
25 29 43 18 9
25 30 19 52 59
25 31 83 58 29
25 32 9 20 61
25 33 86 91 80
25 34 71 72 90
25 35 27 48 67
25 36 5 18 5
25 37 95 88 74
26 27 41 56 24
26 28 69 47 22
26 29 73 82 45
26 30 61 26 72
26 31 18 13 43
26 32 65 48 25
26 33 49 81 79
26 34 38 25 85
26 35 35 38 66
26 36 46 87 63
26 37 46 53 50
27 28 11 13 52
27 29 42 46 65
27 30 81 24 49
27 31 75 37 86
27 32 91 40 37
27 33 81 23 77
27 34 84 72 45
27 35 65 13 44
27 36 41 15 12
27 37 97 34 21
28 29 40 32 40
28 30 91 79 82
28 31 7 67 36
28 32 91 63 24
28 33 33 32 25
28 34 26 65 23
28 35 44 13 42
28 36 8 75 22
28 37 44 47 55
29 30 17 55 80
29 31 12 51 11
29 32 76 91 81
29 33 45 11 27
29 34 10 53 40
29 35 76 26 36
29 36 87 38 68
29 37 39 84 79
30 31 69 75 27
30 32 18 28 59
30 33 92 26 65
30 34 83 34 24
30 35 4 71 17
30 36 5 76 63
30 37 66 15 42
31 32 60 65 72
31 33 74 84 49
31 34 91 53 20
31 35 92 43 60
31 36 95 20 88
31 37 51 34 79
32 33 68 58 51
32 34 62 91 65
32 35 12 70 72
32 36 64 63 87
32 37 30 71 78
33 34 36 60 57
33 35 4 53 21
33 36 38 37 53
33 37 57 34 80
34 35 16 6 5
34 36 78 92 55
34 37 72 86 31
35 36 4 40 50
35 37 50 51 54
36 37 16 19 67
