50 3
0.333333 0.333333 0.333333 
0 1 66 57 63
0 2 54 46 61
0 3 13 15 13
0 4 88 79 77
0 5 96 85 83
0 6 64 64 63
0 7 38 40 47
0 8 7 11 15
0 9 37 38 38
0 10 69 59 59
0 11 56 62 60
0 12 85 76 82
0 13 78 77 79
0 14 35 33 30
0 15 66 56 70
0 16 9 19 11
0 17 44 39 41
0 18 45 48 49
0 19 59 50 62
0 20 74 66 71
0 21 47 49 52
0 22 12 25 14
0 23 54 54 50
0 24 63 66 54
0 25 19 18 19
0 26 31 33 35
0 27 19 23 17
0 28 65 60 65
0 29 91 87 81
0 30 83 80 74
0 31 12 18 10
0 32 70 74 74
0 33 4 13 8
0 34 18 16 20
0 35 16 16 17
0 36 5 11 18
0 37 57 61 57
0 38 67 67 66
0 39 28 31 37
0 40 42 40 40
0 41 86 74 81
0 42 39 38 46
0 43 26 27 24
0 44 51 51 52
0 45 13 12 24
0 46 52 56 59
0 47 0 3 5
0 48 51 57 45
0 49 57 61 56
1 2 41 37 41
1 3 95 86 94
1 4 7 10 11
1 5 33 34 40
1 6 46 40 48
1 7 66 61 68
1 8 41 43 44
1 9 22 20 19
1 10 59 59 59
1 11 49 56 48
1 12 50 46 47
1 13 70 65 63
1 14 82 75 72
1 15 59 63 53
1 16 62 58 52
1 17 48 51 41
1 18 41 41 40
1 19 47 44 52
1 20 87 81 84
1 21 69 69 68
1 22 0 5 1
1 23 27 31 29
1 24 12 18 11
1 25 33 32 33
1 26 11 23 23
1 27 12 13 20
1 28 86 78 86
1 29 19 27 17
1 30 57 62 50
1 31 80 72 70
1 32 75 73 76
1 33 5 8 13
1 34 78 69 79
1 35 44 44 50
1 36 5 11 12
1 37 85 72 79
1 38 63 65 57
1 39 5 10 17
1 40 47 46 50
1 41 83 84 82
1 42 47 55 40
1 43 6 18 7
1 44 84 73 83
1 45 35 33 44
1 46 14 21 21
1 47 68 59 66
1 48 43 44 48
1 49 2 10 5
2 3 81 74 69
2 4 80 78 71
2 5 21 21 31
2 6 94 80 82
2 7 95 93 83
2 8 13 17 13
2 9 74 67 74
2 10 41 46 41
2 11 9 11 12
2 12 32 39 39
2 13 13 25 17
2 14 53 54 52
2 15 4 11 14
2 16 63 63 66
2 17 31 29 34
2 18 97 85 93
2 19 25 33 26
2 20 78 73 77
2 21 19 17 27
2 22 25 33 29
2 23 10 18 21
2 24 30 39 34
2 25 29 26 30
2 26 12 25 13
2 27 31 39 28
2 28 28 35 24
2 29 60 64 63
2 30 32 33 33
2 31 37 36 36
2 32 84 78 83
2 33 77 73 75
2 34 78 69 78
2 35 50 47 43
2 36 92 86 90
2 37 28 30 36
2 38 55 54 51
2 39 60 63 65
2 40 80 70 69
2 41 22 20 26
2 42 68 61 70
2 43 24 27 34
2 44 87 85 86
2 45 85 72 79
2 46 90 89 89
2 47 48 52 51
2 48 69 58 60
2 49 64 56 69
3 4 59 65 62
3 5 47 48 49
3 6 23 31 35
3 7 15 14 15
3 8 26 25 35
3 9 38 42 35
3 10 14 16 13
3 11 99 96 84
3 12 98 94 90
3 13 32 30 32
3 14 19 30 29
3 15 53 49 56
3 16 23 29 34
3 17 98 88 96
3 18 37 32 40
3 19 17 28 23
3 20 20 20 30
3 21 23 20 24
3 22 40 39 46
3 23 14 22 21
3 24 98 84 86
3 25 7 8 7
3 26 87 88 81
3 27 53 48 49
3 28 1 12 4
3 29 11 16 10
3 30 33 29 38
3 31 53 57 54
3 32 40 43 37
3 33 40 39 43
3 34 74 72 68
3 35 69 60 71
3 36 67 65 67
3 37 50 45 53
3 38 88 79 87
3 39 1 6 3
3 40 60 64 60
3 41 11 12 18
3 42 34 33 35
3 43 70 65 66
3 44 49 52 46
3 45 10 23 18
3 46 65 65 57
3 47 54 51 56
3 48 55 47 47
3 49 96 82 96
4 5 97 92 94
4 6 66 60 63
4 7 73 69 64
4 8 90 82 79
4 9 65 61 57
4 10 16 19 16
4 11 25 26 24
4 12 79 74 69
4 13 11 15 16
4 14 86 85 78
4 15 30 33 36
4 16 74 64 76
4 17 46 40 41
4 18 42 36 37
4 19 70 73 61
4 20 85 73 86
4 21 20 20 26
4 22 96 96 89
4 23 73 72 62
4 24 4 14 15
4 25 30 31 29
4 26 1 7 11
4 27 0 6 11
4 28 47 44 50
4 29 43 39 50
4 30 65 56 68
4 31 38 37 36
4 32 82 73 74
4 33 99 87 96
4 34 2 7 8
4 35 64 60 57
4 36 2 6 8
4 37 7 18 19
4 38 14 16 21
4 39 93 84 93
4 40 90 88 84
4 41 64 69 61
4 42 47 47 42
4 43 17 14 25
4 44 81 81 72
4 45 86 78 86
4 46 16 23 23
4 47 32 27 33
4 48 9 16 19
4 49 95 85 88
5 6 78 67 74
5 7 53 54 55
5 8 90 87 90
5 9 60 58 53
5 10 33 39 42
5 11 96 88 86
5 12 24 29 23
5 13 19 18 28
5 14 23 23 31
5 15 20 25 31
5 16 81 80 75
5 17 38 36 45
5 18 1 2 8
5 19 43 39 50
5 20 27 31 32
5 21 57 60 54
5 22 31 27 29
5 23 0 15 2
5 24 58 61 63
5 25 63 59 60
5 26 2 4 12
5 27 86 84 83
5 28 70 61 71
5 29 47 42 49
5 30 57 50 53
5 31 65 64 61
5 32 43 50 44
5 33 30 38 35
5 34 98 98 91
5 35 44 50 50
5 36 80 71 68
5 37 6 6 11
5 38 5 12 5
5 39 8 20 21
5 40 17 19 18
5 41 40 47 48
5 42 35 42 41
5 43 55 59 57
5 44 90 83 87
5 45 7 18 20
5 46 52 47 50
5 47 5 6 14
5 48 57 54 57
5 49 63 62 61
6 7 59 61 56
6 8 85 82 74
6 9 14 26 26
6 10 16 19 25
6 11 52 57 57
6 12 78 76 69
6 13 40 49 39
6 14 24 26 26
6 15 0 6 11
6 16 0 6 7
6 17 71 64 65
6 18 24 22 29
6 19 46 52 53
6 20 6 17 14
6 21 86 73 79
6 22 40 39 43
6 23 33 29 30
6 24 33 29 41
6 25 99 97 84
6 26 66 69 63
6 27 95 90 90
6 28 50 52 43
6 29 43 42 44
6 30 92 87 80
6 31 97 87 93
6 32 32 33 29
6 33 28 38 25
6 34 16 22 14
6 35 16 21 20
6 36 7 6 14
6 37 64 55 54
6 38 36 35 36
6 39 11 19 13
6 40 17 18 27
6 41 48 52 41
6 42 62 62 53
6 43 41 43 43
6 44 11 20 15
6 45 69 65 71
6 46 67 58 69
6 47 50 49 48
6 48 12 11 17
6 49 70 65 68
7 8 28 37 28
7 9 6 13 15
7 10 72 65 70
7 11 5 18 12
7 12 21 20 20
7 13 69 71 71
7 14 71 63 74
7 15 96 87 95
7 16 55 60 57
7 17 93 90 88
7 18 54 58 52
7 19 33 42 41
7 20 49 42 50
7 21 79 80 75
7 22 51 56 55
7 23 9 10 15
7 24 98 92 89
7 25 32 36 28
7 26 96 86 95
7 27 58 51 51
7 28 73 67 69
7 29 91 83 83
7 30 31 36 32
7 31 58 56 56
7 32 94 81 82
7 33 51 54 53
7 34 11 17 20
7 35 11 17 10
7 36 20 28 26
7 37 73 62 76
7 38 1 4 10
7 39 25 27 24
7 40 44 49 44
7 41 1 5 16
7 42 41 38 48
7 43 82 83 73
7 44 66 61 68
7 45 54 46 54
7 46 46 53 52
7 47 2 12 9
7 48 29 30 26
7 49 10 11 20
8 9 15 23 26
8 10 0 10 2
8 11 46 54 44
8 12 61 56 53
8 13 51 45 50
8 14 70 74 73
8 15 56 52 48
8 16 30 25 26
8 17 76 74 75
8 18 68 59 63
8 19 69 70 62
8 20 66 67 60
8 21 37 32 38
8 22 90 83 78
8 23 5 5 15
8 24 32 30 36
8 25 93 80 84
8 26 27 35 36
8 27 3 3 18
8 28 10 15 22
8 29 92 82 91
8 30 85 85 77
8 31 83 79 84
8 32 44 52 40
8 33 64 68 62
8 34 77 66 80
8 35 72 70 63
8 36 92 92 90
8 37 6 12 13
8 38 93 93 82
8 39 58 61 56
8 40 62 54 59
8 41 68 59 62
8 42 57 52 52
8 43 9 8 20
8 44 0 9 14
8 45 80 72 82
8 46 55 55 50
8 47 12 24 11
8 48 27 24 38
8 49 31 30 34
9 10 99 90 90
9 11 8 20 17
9 12 63 64 58
9 13 3 7 4
9 14 36 34 31
9 15 45 51 51
9 16 83 78 78
9 17 20 24 29
9 18 47 53 49
9 19 13 19 25
9 20 94 80 87
9 21 89 87 77
9 22 32 31 31
9 23 60 54 62
9 24 12 17 18
9 25 32 35 31
9 26 87 85 76
9 27 53 47 49
9 28 38 32 34
9 29 43 41 42
9 30 80 73 82
9 31 39 34 36
9 32 41 35 43
9 33 73 62 73
9 34 32 28 29
9 35 70 69 72
9 36 47 41 52
9 37 66 57 68
9 38 46 39 40
9 39 9 14 19
9 40 67 62 69
9 41 2 6 11
9 42 98 92 86
9 43 84 73 86
9 44 37 46 43
9 45 70 72 70
9 46 25 23 30
9 47 34 33 30
9 48 83 73 75
9 49 18 17 27
10 11 68 71 70
10 12 29 32 34
10 13 46 41 40
10 14 91 88 86
10 15 29 39 34
10 16 22 25 25
10 17 60 61 60
10 18 1 4 13
10 19 70 60 61
10 20 77 71 67
10 21 49 49 52
10 22 23 31 31
10 23 61 61 58
10 24 45 52 47
10 25 49 44 48
10 26 32 38 38
10 27 24 35 31
10 28 32 35 29
10 29 57 61 52
10 30 90 88 82
10 31 57 62 60
10 32 5 5 10
10 33 25 27 28
10 34 67 60 62
10 35 29 26 33
10 36 35 35 42
10 37 54 60 49
10 38 54 53 54
10 39 19 18 18
10 40 86 78 86
10 41 64 62 57
10 42 13 14 24
10 43 17 21 25
10 44 76 80 65
10 45 3 5 14
10 46 45 42 47
10 47 35 43 30
10 48 43 38 44
10 49 50 43 49
11 12 45 40 44
11 13 79 72 77
11 14 83 79 73
11 15 18 22 21
11 16 93 81 90
11 17 72 73 62
11 18 69 64 61
11 19 64 61 67
11 20 43 49 46
11 21 28 24 36
11 22 15 21 13
11 23 39 39 38
11 24 9 19 16
11 25 13 16 18
11 26 9 8 17
11 27 16 15 19
11 28 51 55 49
11 29 58 50 63
11 30 14 22 17
11 31 52 48 51
11 32 48 53 53
11 33 85 86 75
11 34 9 15 21
11 35 23 33 27
11 36 58 49 63
11 37 24 33 31
11 38 66 67 67
11 39 13 18 12
11 40 84 80 74
11 41 95 95 87
11 42 1 11 6
11 43 21 32 19
11 44 25 36 35
11 45 50 50 44
11 46 1 3 11
11 47 33 32 30
11 48 65 62 65
11 49 38 36 41
12 13 28 26 30
12 14 49 42 52
12 15 64 56 68
12 16 17 29 15
12 17 73 71 67
12 18 48 44 45
12 19 68 58 61
12 20 4 12 14
12 21 55 62 47
12 22 73 65 68
12 23 54 57 54
12 24 87 78 80
12 25 84 82 82
12 26 85 82 86
12 27 60 62 66
12 28 38 44 33
12 29 76 74 74
12 30 52 56 56
12 31 76 78 76
12 32 18 21 22
12 33 9 10 19
12 34 69 73 60
12 35 85 77 78
12 36 73 73 75
12 37 9 12 17
12 38 93 84 90
12 39 37 43 46
12 40 8 9 15
12 41 66 64 64
12 42 35 32 36
12 43 37 41 45
12 44 49 43 56
12 45 26 32 31
12 46 16 21 15
12 47 4 16 17
12 48 71 64 66
12 49 68 64 61
13 14 98 88 90
13 15 32 37 41
13 16 59 63 52
13 17 46 49 41
13 18 3 12 12
13 19 50 49 51
13 20 78 69 77
13 21 80 79 76
13 22 36 45 35
13 23 62 60 55
13 24 81 73 72
13 25 78 68 72
13 26 1 1 15
13 27 46 44 51
13 28 42 45 46
13 29 71 61 74
13 30 45 52 50
13 31 45 45 41
13 32 38 43 47
13 33 22 28 32
13 34 90 83 86
13 35 60 56 63
13 36 10 19 22
13 37 89 80 89
13 38 17 21 27
13 39 94 91 89
13 40 41 40 39
13 41 54 56 58
13 42 10 20 9
13 43 39 43 43
13 44 4 17 6
13 45 54 50 51
13 46 69 69 65
13 47 90 87 85
13 48 8 13 20
13 49 99 91 84
14 15 42 43 47
14 16 71 71 62
14 17 74 73 76
14 18 56 53 58
14 19 51 57 46
14 20 58 62 49
14 21 75 74 74
14 22 72 69 64
14 23 87 78 83
14 24 23 25 33
14 25 66 70 68
14 26 58 55 62
14 27 23 21 34
14 28 9 19 12
14 29 20 22 26
14 30 49 48 52
14 31 94 84 80
14 32 7 6 19
14 33 61 52 60
14 34 85 82 84
14 35 80 71 74
14 36 91 86 87
14 37 58 62 50
14 38 68 64 62
14 39 95 89 84
14 40 15 19 21
14 41 77 78 77
14 42 93 88 84
14 43 55 56 59
14 44 11 11 22
14 45 19 30 23
14 46 46 53 53
14 47 89 85 89
14 48 74 71 66
14 49 47 50 41
15 16 99 98 93
15 17 50 54 49
15 18 60 54 55
15 19 48 42 42
15 20 59 60 55
15 21 98 97 84
15 22 61 66 60
15 23 13 11 16
15 24 18 24 27
15 25 57 48 63
15 26 82 80 72
15 27 81 70 73
15 28 85 74 74
15 29 80 70 79
15 30 4 5 16
15 31 39 34 42
15 32 94 86 90
15 33 77 69 67
15 34 3 10 12
15 35 78 75 70
15 36 68 68 70
15 37 12 21 16
15 38 63 64 65
15 39 72 64 67
15 40 44 40 44
15 41 91 90 91
15 42 13 16 17
15 43 4 11 6
15 44 21 19 18
15 45 20 28 29
15 46 61 66 65
15 47 0 7 9
15 48 86 81 78
15 49 19 24 18
16 17 76 80 72
16 18 90 86 89
16 19 86 88 83
16 20 67 61 61
16 21 70 69 73
16 22 72 68 69
16 23 83 83 78
16 24 57 62 57
16 25 42 43 39
16 26 31 32 39
16 27 74 68 69
16 28 19 24 19
16 29 20 25 31
16 30 14 24 17
16 31 69 74 61
16 32 49 54 55
16 33 41 45 38
16 34 45 43 48
16 35 96 86 85
16 36 20 18 23
16 37 11 13 15
16 38 22 24 24
16 39 18 16 22
16 40 44 44 48
16 41 31 36 40
16 42 71 68 73
16 43 15 19 27
16 44 44 48 39
16 45 76 71 76
16 46 24 31 21
16 47 84 73 81
16 48 56 56 52
16 49 77 72 70
17 18 89 81 85
17 19 16 22 26
17 20 62 66 54
17 21 67 68 57
17 22 84 74 74
17 23 0 9 12
17 24 70 67 69
17 25 26 32 33
17 26 6 13 13
17 27 94 94 94
17 28 82 71 75
17 29 37 38 34
17 30 70 71 70
17 31 81 72 80
17 32 10 11 16
17 33 64 66 66
17 34 43 37 51
17 35 23 29 25
17 36 90 79 79
17 37 2 15 6
17 38 29 27 39
17 39 74 63 71
17 40 57 60 56
17 41 35 33 37
17 42 94 95 88
17 43 74 72 68
17 44 74 78 66
17 45 82 79 73
17 46 27 29 37
17 47 22 21 20
17 48 66 60 66
17 49 50 50 43
18 19 24 34 28
18 20 47 46 41
18 21 65 64 57
18 22 10 22 9
18 23 66 69 64
18 24 22 29 23
18 25 39 41 46
18 26 2 4 11
18 27 51 49 45
18 28 98 85 95
18 29 80 83 71
18 30 6 14 13
18 31 67 68 65
18 32 23 33 20
18 33 6 18 14
18 34 50 43 51
18 35 57 60 61
18 36 23 31 28
18 37 64 62 56
18 38 14 24 17
18 39 44 51 47
18 40 98 86 91
18 41 76 74 73
18 42 93 92 87
18 43 89 84 80
18 44 2 3 16
18 45 17 29 20
18 46 23 20 34
18 47 2 5 9
18 48 60 54 54
18 49 74 76 72
19 20 15 22 24
19 21 28 27 31
19 22 76 72 74
19 23 3 17 3
19 24 96 90 93
19 25 75 77 69
19 26 92 88 91
19 27 82 83 83
19 28 90 85 90
19 29 52 56 56
19 30 54 58 54
19 31 20 27 17
19 32 73 65 70
19 33 34 41 34
19 34 34 34 37
19 35 17 22 18
19 36 61 67 66
19 37 2 12 13
19 38 31 37 36
19 39 42 42 39
19 40 28 35 24
19 41 52 51 47
19 42 54 60 57
19 43 80 76 83
19 44 50 51 46
19 45 38 46 42
19 46 28 26 29
19 47 57 57 49
19 48 69 67 62
19 49 58 55 60
20 21 17 22 15
20 22 47 46 49
20 23 47 54 45
20 24 26 25 28
20 25 55 51 59
20 26 5 11 17
20 27 54 61 48
20 28 89 86 80
20 29 67 58 59
20 30 26 27 27
20 31 66 66 64
20 32 6 10 15
20 33 12 24 17
20 34 53 54 53
20 35 53 48 54
20 36 29 34 37
20 37 43 43 41
20 38 22 22 33
20 39 89 87 77
20 40 80 80 77
20 41 74 77 63
20 42 24 23 30
20 43 30 28 28
20 44 10 12 17
20 45 52 46 54
20 46 57 53 49
20 47 64 66 65
20 48 49 49 51
20 49 37 39 45
21 22 73 65 64
21 23 73 67 77
21 24 52 59 49
21 25 88 85 83
21 26 81 76 76
21 27 24 24 26
21 28 44 48 42
21 29 23 28 25
21 30 13 22 18
21 31 90 79 86
21 32 78 75 81
21 33 26 31 32
21 34 48 51 46
21 35 78 81 79
21 36 29 38 33
21 37 85 79 80
21 38 37 40 39
21 39 17 23 27
21 40 45 53 40
21 41 11 24 13
21 42 65 58 64
21 43 82 71 83
21 44 85 80 73
21 45 8 9 10
21 46 33 39 31
21 47 25 30 25
21 48 81 70 79
21 49 97 94 91
22 23 43 48 50
22 24 32 42 40
22 25 51 53 55
22 26 90 77 81
22 27 32 37 38
22 28 58 62 49
22 29 0 3 6
22 30 28 25 25
22 31 45 47 41
22 32 74 63 76
22 33 32 40 35
22 34 20 23 22
22 35 13 19 22
22 36 20 22 23
22 37 12 11 16
22 38 57 48 50
22 39 80 70 78
22 40 75 67 77
22 41 94 81 81
22 42 24 34 29
22 43 1 5 1
22 44 70 67 60
22 45 70 73 67
22 46 14 25 18
22 47 59 59 53
22 48 2 15 8
22 49 95 95 94
23 24 79 76 80
23 25 20 22 31
23 26 32 27 29
23 27 7 10 14
23 28 6 18 14
23 29 86 81 78
23 30 78 70 72
23 31 29 38 31
23 32 67 62 65
23 33 11 11 17
23 34 91 82 81
23 35 44 47 46
23 36 70 62 69
23 37 95 92 88
23 38 73 62 70
23 39 1 14 13
23 40 84 76 76
23 41 83 85 79
23 42 3 12 9
23 43 56 50 52
23 44 62 54 53
23 45 94 88 84
23 46 72 70 75
23 47 49 46 48
23 48 39 41 41
23 49 12 23 20
24 25 13 17 25
24 26 0 4 13
24 27 90 86 78
24 28 11 22 10
24 29 79 72 70
24 30 34 30 41
24 31 11 9 15
24 32 88 83 84
24 33 81 77 74
24 34 84 72 73
24 35 73 65 71
24 36 16 22 24
24 37 75 76 69
24 38 80 71 68
24 39 86 83 87
24 40 58 56 59
24 41 90 79 85
24 42 74 75 66
24 43 94 92 90
24 44 0 15 10
24 45 93 86 84
24 46 89 84 85
24 47 39 44 37
24 48 58 58 53
24 49 77 71 77
25 26 53 60 52
25 27 27 27 26
25 28 87 84 83
25 29 64 60 65
25 30 65 62 68
25 31 71 62 68
25 32 43 40 51
25 33 55 57 61
25 34 98 92 97
25 35 40 44 41
25 36 67 70 64
25 37 49 44 46
25 38 64 68 63
25 39 81 83 71
25 40 84 74 83
25 41 59 62 58
25 42 68 63 63
25 43 30 27 32
25 44 29 39 37
25 45 12 20 16
25 46 13 16 25
25 47 88 84 80
25 48 28 25 27
25 49 22 30 20
26 27 73 72 74
26 28 4 7 17
26 29 73 65 73
26 30 48 54 51
26 31 11 12 21
26 32 16 18 23
26 33 24 33 29
26 34 26 36 30
26 35 73 65 65
26 36 2 5 5
26 37 99 87 85
26 38 25 27 32
26 39 44 39 49
26 40 94 86 89
26 41 25 22 21
26 42 43 38 50
26 43 44 39 49
26 44 62 63 61
26 45 75 71 68
26 46 56 49 52
26 47 99 91 98
26 48 98 85 92
26 49 55 56 57
27 28 84 84 74
27 29 75 65 75
27 30 20 25 24
27 31 43 44 50
27 32 96 96 87
27 33 22 22 21
27 34 84 83 83
27 35 9 12 15
27 36 94 90 88
27 37 49 50 56
27 38 83 80 81
27 39 51 55 55
27 40 18 29 26
27 41 33 30 40
27 42 79 68 69
27 43 98 92 93
27 44 94 94 93
27 45 10 10 21
27 46 28 36 28
27 47 2 11 8
27 48 96 82 95
27 49 59 54 51
28 29 70 61 74
28 30 54 49 51
28 31 36 40 44
28 32 77 74 78
28 33 39 43 34
28 34 1 4 13
28 35 54 51 48
28 36 11 14 15
28 37 62 66 61
28 38 56 54 60
28 39 83 73 74
28 40 53 50 57
28 41 96 84 89
28 42 42 51 43
28 43 21 26 24
28 44 20 18 22
28 45 51 54 49
28 46 96 87 82
28 47 95 93 84
28 48 76 79 79
28 49 88 83 82
29 30 37 34 35
29 31 99 96 99
29 32 84 84 85
29 33 61 60 53
29 34 63 54 67
29 35 82 71 74
29 36 81 72 72
29 37 8 12 7
29 38 23 24 21
29 39 24 34 21
29 40 79 68 71
29 41 68 59 61
29 42 19 31 18
29 43 58 58 61
29 44 12 17 18
29 45 91 80 83
29 46 37 40 42
29 47 62 60 57
29 48 65 68 66
29 49 43 42 43
30 31 89 81 81
30 32 30 34 39
30 33 24 25 32
30 34 86 83 77
30 35 83 79 79
30 36 55 51 59
30 37 59 60 63
30 38 63 66 61
30 39 53 55 55
30 40 75 74 77
30 41 87 79 85
30 42 49 46 53
30 43 10 17 19
30 44 98 95 97
30 45 59 63 59
30 46 14 19 13
30 47 80 69 78
30 48 33 28 40
30 49 39 40 38
31 32 48 45 46
31 33 24 24 32
31 34 80 77 70
31 35 91 86 79
31 36 53 55 59
31 37 90 78 88
31 38 24 28 24
31 39 36 39 31
31 40 67 64 60
31 41 83 76 75
31 42 7 17 21
31 43 40 35 39
31 44 36 32 39
31 45 33 34 41
31 46 13 15 26
31 47 8 9 14
31 48 14 15 13
31 49 51 49 53
32 33 56 49 54
32 34 2 2 11
32 35 68 62 70
32 36 38 45 35
32 37 76 71 79
32 38 97 97 92
32 39 21 18 24
32 40 15 26 22
32 41 8 19 7
32 42 18 24 15
32 43 81 77 83
32 44 5 6 11
32 45 99 98 90
32 46 2 7 11
32 47 50 49 46
32 48 98 88 92
32 49 28 37 38
33 34 77 67 69
33 35 83 73 74
33 36 88 87 87
33 37 85 75 74
33 38 6 20 13
33 39 13 18 17
33 40 92 81 84
33 41 17 16 20
33 42 31 27 40
33 43 56 51 50
33 44 24 32 23
33 45 60 61 61
33 46 47 48 49
33 47 29 38 34
33 48 99 98 94
33 49 79 73 80
34 35 82 84 71
34 36 55 56 59
34 37 47 49 43
34 38 47 41 40
34 39 1 6 10
34 40 68 70 65
34 41 37 35 39
34 42 39 41 46
34 43 67 65 68
34 44 60 56 63
34 45 22 20 29
34 46 4 10 11
34 47 13 24 16
34 48 77 75 78
34 49 0 2 5
35 36 22 31 25
35 37 36 42 36
35 38 96 85 81
35 39 63 60 54
35 40 51 51 58
35 41 74 73 77
35 42 82 73 76
35 43 72 61 68
35 44 29 29 35
35 45 42 47 49
35 46 46 47 41
35 47 95 93 94
35 48 52 54 45
35 49 57 62 55
36 37 90 81 89
36 38 75 73 74
36 39 6 15 10
36 40 17 18 19
36 41 27 25 34
36 42 45 43 51
36 43 42 38 40
36 44 34 37 43
36 45 47 42 42
36 46 93 82 93
36 47 12 17 21
36 48 54 58 57
36 49 43 40 44
37 38 94 82 95
37 39 58 61 54
37 40 23 30 32
37 41 18 19 16
37 42 87 82 77
37 43 49 56 49
37 44 99 95 92
37 45 36 33 35
37 46 10 11 15
37 47 34 35 44
37 48 1 2 7
37 49 47 46 43
38 39 18 26 22
38 40 63 64 55
38 41 82 77 70
38 42 16 17 16
38 43 58 55 54
38 44 52 52 50
38 45 60 63 55
38 46 68 68 66
38 47 34 32 38
38 48 49 51 56
38 49 82 75 76
39 40 70 74 64
39 41 23 29 31
39 42 70 65 63
39 43 41 45 49
39 44 70 70 62
39 45 37 41 45
39 46 40 37 42
39 47 88 79 86
39 48 87 82 89
39 49 58 60 53
40 41 35 36 33
40 42 63 60 68
40 43 9 16 10
40 44 21 28 21
40 45 84 75 83
40 46 39 39 44
40 47 80 74 75
40 48 65 61 59
40 49 2 15 14
41 42 48 49 49
41 43 71 64 72
41 44 15 20 17
41 45 45 50 45
41 46 62 56 59
41 47 94 88 87
41 48 72 72 69
41 49 46 41 41
42 43 27 32 34
42 44 61 65 62
42 45 72 65 74
42 46 64 58 69
42 47 58 56 59
42 48 12 11 21
42 49 54 49 57
43 44 7 15 9
43 45 49 52 43
43 46 13 12 22
43 47 82 70 75
43 48 25 22 35
43 49 25 29 26
44 45 43 38 49
44 46 42 42 44
44 47 90 90 79
44 48 23 20 23
44 49 25 33 33
45 46 51 52 52
45 47 63 60 65
45 48 73 64 75
45 49 82 72 72
46 47 44 43 45
46 48 88 79 88
46 49 99 91 87
47 48 16 17 23
47 49 11 16 23
48 49 87 87 80
