50 3
0.333333 0.333333 0.333333 
0 1 37 59 13
0 2 93 22 55
0 3 58 35 60
0 4 9 33 25
0 5 60 12 21
0 6 74 21 29
0 7 81 19 77
0 8 76 26 37
0 9 79 95 55
0 10 21 78 21
0 11 24 40 51
0 12 86 78 60
0 13 14 22 17
0 14 4 69 20
0 15 15 74 13
0 16 78 57 87
0 17 61 85 57
0 18 98 55 71
0 19 18 76 15
0 20 46 71 69
0 21 6 38 60
0 22 81 22 67
0 23 63 58 60
0 24 27 14 83
0 25 5 17 29
0 26 31 45 26
0 27 54 17 82
0 28 30 62 34
0 29 68 83 63
0 30 93 30 39
0 31 65 50 27
0 32 34 8 29
0 33 46 63 69
0 34 14 80 72
0 35 22 24 41
0 36 75 62 79
0 37 66 68 67
0 38 0 3 57
0 39 35 61 18
0 40 87 45 74
0 41 3 67 41
0 42 75 18 24
0 43 54 85 37
0 44 22 60 80
0 45 85 69 66
0 46 3 36 76
0 47 53 13 14
0 48 95 50 95
0 49 96 38 73
1 2 84 46 65
1 3 15 71 56
1 4 94 42 25
1 5 30 37 14
1 6 12 72 45
1 7 66 32 48
1 8 85 63 68
1 9 37 31 77
1 10 71 64 56
1 11 10 67 15
1 12 42 83 17
1 13 95 62 58
1 14 19 45 25
1 15 31 16 78
1 16 49 83 27
1 17 89 18 50
1 18 65 78 47
1 19 41 87 86
1 20 98 71 61
1 21 75 86 57
1 22 58 71 21
1 23 3 15 74
1 24 81 88 64
1 25 94 31 73
1 26 64 54 15
1 27 9 52 48
1 28 31 39 11
1 29 91 66 92
1 30 6 20 74
1 31 72 82 25
1 32 6 66 80
1 33 55 24 54
1 34 83 35 94
1 35 41 79 29
1 36 63 85 30
1 37 64 67 64
1 38 10 55 20
1 39 31 16 41
1 40 82 45 24
1 41 21 15 28
1 42 18 47 11
1 43 64 25 12
1 44 97 76 93
1 45 94 52 83
1 46 28 62 80
1 47 22 18 14
1 48 6 56 35
1 49 17 75 11
2 3 80 93 50
2 4 78 86 21
2 5 36 32 16
2 6 26 23 83
2 7 28 41 40
2 8 24 7 73
2 9 74 76 51
2 10 67 63 69
2 11 10 17 66
2 12 40 24 75
2 13 55 24 15
2 14 81 85 18
2 15 44 16 54
2 16 88 33 61
2 17 0 3 69
2 18 51 30 89
2 19 17 51 30
2 20 9 50 25
2 21 17 79 33
2 22 4 76 80
2 23 0 49 28
2 24 97 46 82
2 25 30 55 65
2 26 56 45 34
2 27 54 78 12
2 28 94 91 53
2 29 81 24 25
2 30 7 50 21
2 31 78 61 46
2 32 61 19 36
2 33 25 59 15
2 34 30 37 75
2 35 34 70 46
2 36 36 48 71
2 37 52 63 34
2 38 56 51 50
2 39 39 34 24
2 40 7 61 34
2 41 22 49 75
2 42 12 3 73
2 43 59 45 38
2 44 56 27 16
2 45 63 73 24
2 46 10 72 55
2 47 93 19 84
2 48 74 87 68
2 49 58 52 42
3 4 33 75 11
3 5 59 18 73
3 6 54 74 83
3 7 91 83 69
3 8 26 26 59
3 9 79 82 39
3 10 90 86 61
3 11 59 78 64
3 12 19 22 32
3 13 35 67 23
3 14 80 46 69
3 15 58 51 16
3 16 42 49 79
3 17 9 81 48
3 18 32 40 75
3 19 43 66 40
3 20 3 59 39
3 21 80 52 60
3 22 96 49 74
3 23 3 36 74
3 24 28 77 37
3 25 53 68 17
3 26 64 29 63
3 27 60 56 22
3 28 21 5 18
3 29 34 17 68
3 30 57 87 59
3 31 10 39 77
3 32 89 93 45
3 33 14 52 11
3 34 96 41 21
3 35 10 23 12
3 36 0 60 8
3 37 69 25 31
3 38 58 81 56
3 39 5 48 75
3 40 97 45 66
3 41 30 27 30
3 42 20 76 17
3 43 59 78 58
3 44 22 76 58
3 45 93 20 46
3 46 82 78 78
3 47 71 51 44
3 48 46 50 45
3 49 69 34 46
4 5 64 50 75
4 6 40 24 27
4 7 88 32 42
4 8 17 77 30
4 9 10 70 81
4 10 79 21 48
4 11 3 9 56
4 12 34 15 81
4 13 29 44 36
4 14 41 64 34
4 15 72 51 74
4 16 6 54 61
4 17 52 33 48
4 18 81 34 79
4 19 40 31 15
4 20 65 89 58
4 21 27 65 53
4 22 1 56 54
4 23 91 45 65
4 24 37 81 17
4 25 43 73 79
4 26 44 23 70
4 27 77 42 55
4 28 51 33 24
4 29 76 34 47
4 30 71 67 38
4 31 8 13 7
4 32 49 36 28
4 33 88 65 65
4 34 18 24 70
4 35 12 62 60
4 36 69 17 91
4 37 29 83 79
4 38 77 15 29
4 39 53 72 59
4 40 74 92 35
4 41 60 86 52
4 42 31 60 80
4 43 29 85 67
4 44 81 54 51
4 45 69 59 56
4 46 34 84 56
4 47 43 72 48
4 48 58 18 17
4 49 69 38 35
5 6 91 39 46
5 7 59 26 88
5 8 70 17 39
5 9 14 53 27
5 10 29 46 35
5 11 86 77 77
5 12 97 19 64
5 13 29 77 76
5 14 69 19 42
5 15 23 59 25
5 16 77 87 93
5 17 5 10 76
5 18 27 43 6
5 19 17 42 63
5 20 80 50 66
5 21 44 49 32
5 22 51 58 65
5 23 14 44 5
5 24 93 40 40
5 25 44 49 53
5 26 51 80 12
5 27 3 74 77
5 28 25 66 9
5 29 91 68 79
5 30 18 14 9
5 31 17 42 20
5 32 12 8 28
5 33 81 74 95
5 34 38 69 62
5 35 44 9 80
5 36 52 76 71
5 37 52 25 26
5 38 20 55 21
5 39 64 33 31
5 40 45 67 33
5 41 82 47 62
5 42 99 61 83
5 43 58 91 80
5 44 58 35 70
5 45 94 73 84
5 46 89 53 93
5 47 51 63 10
5 48 49 63 65
5 49 92 35 44
6 7 30 76 30
6 8 23 81 41
6 9 53 88 83
6 10 83 16 20
6 11 99 84 51
6 12 1 54 33
6 13 68 80 77
6 14 5 31 51
6 15 32 76 52
6 16 56 63 62
6 17 20 82 8
6 18 16 37 61
6 19 30 59 20
6 20 94 46 19
6 21 57 71 82
6 22 64 17 71
6 23 16 42 3
6 24 90 24 89
6 25 29 6 58
6 26 63 66 21
6 27 35 35 13
6 28 7 71 23
6 29 20 69 53
6 30 62 31 45
6 31 31 25 62
6 32 84 95 92
6 33 75 38 71
6 34 26 81 49
6 35 37 38 29
6 36 46 26 45
6 37 74 21 79
6 38 23 23 57
6 39 42 13 49
6 40 29 51 49
6 41 24 32 22
6 42 76 62 92
6 43 27 54 31
6 44 81 75 33
6 45 79 77 31
6 46 56 79 57
6 47 80 85 73
6 48 31 31 37
6 49 28 33 9
7 8 67 43 80
7 9 83 38 81
7 10 6 64 15
7 11 73 79 26
7 12 4 17 28
7 13 82 53 48
7 14 97 80 97
7 15 20 8 61
7 16 49 34 69
7 17 4 44 52
7 18 78 58 60
7 19 37 80 61
7 20 2 46 67
7 21 9 71 58
7 22 19 49 22
7 23 63 66 41
7 24 62 12 17
7 25 11 38 63
7 26 42 9 68
7 27 64 42 78
7 28 65 48 46
7 29 65 21 47
7 30 7 15 54
7 31 53 67 45
7 32 95 62 84
7 33 59 63 90
7 34 92 36 46
7 35 72 83 82
7 36 86 70 30
7 37 65 18 26
7 38 98 31 21
7 39 33 68 67
7 40 51 48 26
7 41 34 35 34
7 42 96 23 77
7 43 55 70 51
7 44 14 40 24
7 45 1 34 7
7 46 67 38 47
7 47 95 96 64
7 48 23 47 64
7 49 51 67 53
8 9 44 67 88
8 10 94 66 56
8 11 1 45 20
8 12 27 23 67
8 13 67 23 76
8 14 23 54 34
8 15 33 62 22
8 16 38 43 14
8 17 17 67 82
8 18 8 30 73
8 19 84 66 58
8 20 82 44 36
8 21 54 75 59
8 22 22 5 8
8 23 81 37 89
8 24 44 32 54
8 25 21 26 51
8 26 47 49 64
8 27 51 19 40
8 28 99 82 87
8 29 46 41 40
8 30 3 11 46
8 31 85 85 51
8 32 90 74 79
8 33 78 21 78
8 34 12 6 63
8 35 59 64 56
8 36 53 30 39
8 37 64 91 36
8 38 9 34 34
8 39 71 29 88
8 40 16 60 59
8 41 94 81 78
8 42 65 65 55
8 43 60 58 45
8 44 57 68 58
8 45 61 33 54
8 46 33 16 27
8 47 15 49 4
8 48 62 83 73
8 49 82 43 60
9 10 50 19 62
9 11 91 89 27
9 12 83 63 37
9 13 63 46 34
9 14 12 10 56
9 15 34 82 17
9 16 99 48 64
9 17 61 78 50
9 18 42 17 15
9 19 23 67 45
9 20 0 57 23
9 21 78 61 89
9 22 87 57 39
9 23 11 46 35
9 24 15 59 11
9 25 23 45 67
9 26 3 36 64
9 27 51 19 12
9 28 59 27 80
9 29 5 21 20
9 30 67 81 63
9 31 49 66 45
9 32 98 95 59
9 33 50 39 60
9 34 19 75 62
9 35 50 41 51
9 36 70 40 84
9 37 60 49 35
9 38 17 4 47
9 39 97 31 26
9 40 95 31 68
9 41 17 48 33
9 42 14 79 63
9 43 67 36 58
9 44 83 62 17
9 45 22 22 44
9 46 37 30 73
9 47 67 17 27
9 48 16 72 26
9 49 23 23 65
10 11 64 36 41
10 12 39 49 10
10 13 5 73 25
10 14 46 75 11
10 15 29 80 20
10 16 28 61 81
10 17 89 42 48
10 18 66 42 26
10 19 19 4 34
10 20 38 63 81
10 21 32 61 32
10 22 0 64 51
10 23 51 79 26
10 24 98 46 48
10 25 98 57 41
10 26 29 83 61
10 27 79 84 64
10 28 5 68 64
10 29 95 94 55
10 30 47 23 86
10 31 94 44 88
10 32 82 60 95
10 33 47 49 19
10 34 21 6 80
10 35 51 46 28
10 36 17 52 70
10 37 15 61 12
10 38 20 41 49
10 39 4 68 79
10 40 43 57 55
10 41 12 42 53
10 42 56 45 60
10 43 82 16 75
10 44 76 22 86
10 45 94 36 96
10 46 53 42 33
10 47 36 34 50
10 48 59 70 22
10 49 69 81 87
11 12 16 56 55
11 13 11 49 65
11 14 11 68 3
11 15 9 8 39
11 16 90 58 88
11 17 74 67 85
11 18 15 34 67
11 19 52 28 38
11 20 13 22 37
11 21 46 81 37
11 22 85 45 80
11 23 4 66 42
11 24 41 73 48
11 25 24 20 10
11 26 90 31 29
11 27 78 31 48
11 28 88 43 45
11 29 94 95 82
11 30 94 63 33
11 31 13 74 17
11 32 66 30 55
11 33 27 7 18
11 34 10 37 4
11 35 42 55 48
11 36 77 55 89
11 37 65 80 84
11 38 31 28 63
11 39 50 28 50
11 40 23 76 45
11 41 73 72 59
11 42 44 33 72
11 43 25 20 67
11 44 39 74 53
11 45 11 53 11
11 46 30 33 36
11 47 35 48 76
11 48 15 26 70
11 49 0 7 69
12 13 36 47 80
12 14 13 49 75
12 15 93 30 25
12 16 96 33 75
12 17 38 73 19
12 18 34 27 63
12 19 24 61 21
12 20 24 15 77
12 21 56 29 26
12 22 36 38 37
12 23 62 36 60
12 24 9 2 72
12 25 40 36 51
12 26 86 38 37
12 27 27 12 63
12 28 43 20 40
12 29 94 35 81
12 30 78 62 57
12 31 94 24 59
12 32 95 62 30
12 33 55 86 30
12 34 32 18 65
12 35 90 27 45
12 36 31 16 44
12 37 78 46 83
12 38 22 76 45
12 39 50 79 40
12 40 25 47 73
12 41 53 78 64
12 42 98 84 55
12 43 65 75 46
12 44 24 76 60
12 45 81 65 19
12 46 47 74 19
12 47 35 22 32
12 48 97 98 89
12 49 9 31 36
13 14 44 39 86
13 15 62 72 75
13 16 41 33 13
13 17 14 4 25
13 18 31 28 59
13 19 20 67 46
13 20 71 16 60
13 21 89 50 75
13 22 75 86 89
13 23 67 63 51
13 24 67 21 43
13 25 12 16 75
13 26 69 24 38
13 27 88 19 20
13 28 40 77 86
13 29 58 42 32
13 30 28 28 71
13 31 68 92 17
13 32 79 42 82
13 33 70 62 34
13 34 14 55 32
13 35 26 50 57
13 36 62 85 18
13 37 45 47 46
13 38 94 55 89
13 39 74 62 28
13 40 67 82 93
13 41 98 40 29
13 42 78 33 23
13 43 39 69 28
13 44 61 24 79
13 45 45 22 32
13 46 31 67 34
13 47 51 72 44
13 48 30 10 60
13 49 69 70 26
14 15 89 61 35
14 16 75 55 82
14 17 41 8 17
14 18 29 77 27
14 19 94 67 19
14 20 59 42 82
14 21 91 32 38
14 22 19 21 50
14 23 23 80 66
14 24 66 52 67
14 25 46 69 39
14 26 49 18 61
14 27 56 59 76
14 28 70 68 77
14 29 52 59 79
14 30 76 45 77
14 31 61 13 14
14 32 23 53 58
14 33 51 88 18
14 34 58 59 78
14 35 78 62 20
14 36 89 18 35
14 37 54 82 15
14 38 73 34 86
14 39 83 41 49
14 40 17 19 56
14 41 27 13 39
14 42 68 90 34
14 43 47 39 19
14 44 14 62 81
14 45 29 28 56
14 46 59 77 42
14 47 95 43 95
14 48 54 60 46
14 49 74 67 63
15 16 5 31 72
15 17 19 33 22
15 18 51 34 33
15 19 61 17 86
15 20 78 67 55
15 21 39 85 79
15 22 17 80 57
15 23 70 46 62
15 24 73 37 78
15 25 82 84 27
15 26 56 62 30
15 27 28 33 84
15 28 9 12 74
15 29 8 25 14
15 30 60 57 57
15 31 75 90 32
15 32 61 50 87
15 33 58 46 67
15 34 9 74 42
15 35 60 82 43
15 36 43 39 22
15 37 37 67 79
15 38 7 8 11
15 39 69 90 29
15 40 32 22 77
15 41 62 80 23
15 42 92 72 43
15 43 99 88 91
15 44 49 23 77
15 45 41 64 81
15 46 1 10 71
15 47 50 70 24
15 48 24 62 33
15 49 82 89 60
16 17 62 79 38
16 18 36 61 48
16 19 16 15 60
16 20 48 76 24
16 21 31 15 79
16 22 5 24 36
16 23 51 56 82
16 24 48 69 62
16 25 52 55 87
16 26 54 64 22
16 27 97 21 47
16 28 77 20 28
16 29 98 51 23
16 30 98 41 41
16 31 76 37 46
16 32 37 84 73
16 33 63 45 35
16 34 46 57 71
16 35 88 68 75
16 36 17 45 21
16 37 50 27 39
16 38 79 27 57
16 39 35 76 9
16 40 14 31 55
16 41 83 82 43
16 42 7 25 77
16 43 95 47 82
16 44 56 88 52
16 45 98 43 53
16 46 32 41 55
16 47 46 30 27
16 48 79 22 67
16 49 72 17 27
17 18 51 89 83
17 19 0 58 45
17 20 59 51 65
17 21 22 76 56
17 22 33 64 74
17 23 74 21 18
17 24 50 31 24
17 25 30 48 11
17 26 20 68 47
17 27 94 70 53
17 28 57 77 42
17 29 32 51 28
17 30 2 65 46
17 31 25 19 22
17 32 50 12 80
17 33 1 48 71
17 34 33 80 10
17 35 8 69 22
17 36 12 48 72
17 37 29 23 59
17 38 12 8 64
17 39 60 28 67
17 40 38 37 51
17 41 17 27 22
17 42 87 26 87
17 43 50 79 60
17 44 7 68 50
17 45 23 32 31
17 46 68 35 36
17 47 56 21 90
17 48 28 6 80
17 49 71 46 79
18 19 45 81 30
18 20 4 80 49
18 21 32 63 6
18 22 85 61 44
18 23 10 49 4
18 24 5 60 51
18 25 10 74 77
18 26 26 55 57
18 27 45 35 63
18 28 34 75 59
18 29 4 32 14
18 30 15 24 21
18 31 72 65 81
18 32 13 17 44
18 33 92 83 86
18 34 99 42 56
18 35 75 80 94
18 36 29 56 76
18 37 79 77 56
18 38 19 75 67
18 39 84 73 55
18 40 13 17 35
18 41 71 91 65
18 42 91 74 41
18 43 18 79 42
18 44 90 48 28
18 45 82 75 55
18 46 50 69 87
18 47 66 43 62
18 48 54 15 78
18 49 30 19 80
19 20 70 85 22
19 21 51 36 49
19 22 35 31 72
19 23 33 67 51
19 24 73 28 58
19 25 34 56 51
19 26 11 51 69
19 27 2 58 56
19 28 46 85 72
19 29 54 47 19
19 30 20 81 60
19 31 3 53 49
19 32 44 86 37
19 33 61 24 49
19 34 9 9 57
19 35 37 24 23
19 36 37 32 67
19 37 77 83 80
19 38 91 59 49
19 39 31 82 24
19 40 98 57 63
19 41 43 23 23
19 42 22 32 16
19 43 80 57 36
19 44 66 52 41
19 45 23 13 44
19 46 30 50 83
19 47 20 40 76
19 48 73 62 27
19 49 89 59 71
20 21 53 82 38
20 22 8 53 79
20 23 31 42 25
20 24 2 27 59
20 25 13 20 78
20 26 22 15 37
20 27 7 72 56
20 28 6 35 73
20 29 10 80 47
20 30 48 18 63
20 31 25 53 33
20 32 9 62 29
20 33 66 48 23
20 34 47 77 84
20 35 49 26 12
20 36 70 60 83
20 37 50 22 71
20 38 96 36 34
20 39 86 78 80
20 40 27 48 48
20 41 96 26 22
20 42 74 89 83
20 43 59 34 46
20 44 97 21 87
20 45 56 85 65
20 46 42 16 34
20 47 87 25 58
20 48 72 65 68
20 49 98 90 41
21 22 89 85 20
21 23 40 61 67
21 24 68 19 46
21 25 19 17 45
21 26 67 73 65
21 27 83 75 42
21 28 92 89 71
21 29 70 24 65
21 30 23 6 36
21 31 13 20 31
21 32 61 53 68
21 33 32 60 25
21 34 70 55 40
21 35 36 32 55
21 36 64 90 69
21 37 13 71 21
21 38 0 0 23
21 39 40 33 54
21 40 89 92 95
21 41 22 49 60
21 42 34 17 80
21 43 15 20 38
21 44 9 24 77
21 45 85 66 47
21 46 39 75 46
21 47 63 66 56
21 48 73 67 39
21 49 15 11 23
22 23 90 44 94
22 24 24 61 61
22 25 65 73 58
22 26 56 25 21
22 27 71 19 50
22 28 24 73 81
22 29 18 73 54
22 30 65 71 63
22 31 86 62 54
22 32 28 42 11
22 33 82 37 29
22 34 58 16 13
22 35 79 20 55
22 36 15 11 32
22 37 6 80 75
22 38 6 73 58
22 39 65 50 79
22 40 74 31 54
22 41 55 71 89
22 42 53 57 59
22 43 43 75 73
22 44 53 54 75
22 45 52 74 56
22 46 25 79 6
22 47 88 73 91
22 48 35 29 36
22 49 64 79 67
23 24 27 80 53
23 25 49 42 29
23 26 33 12 38
23 27 81 79 36
23 28 42 31 45
23 29 68 54 87
23 30 39 76 47
23 31 90 21 23
23 32 41 40 73
23 33 40 18 59
23 34 22 11 33
23 35 90 26 30
23 36 62 64 76
23 37 30 60 32
23 38 20 12 8
23 39 42 87 16
23 40 24 53 46
23 41 49 64 12
23 42 4 30 31
23 43 83 75 91
23 44 80 35 88
23 45 39 73 54
23 46 43 70 20
23 47 58 79 34
23 48 61 39 38
23 49 55 11 15
24 25 87 69 40
24 26 10 24 47
24 27 60 21 19
24 28 45 10 21
24 29 38 74 22
24 30 2 53 28
24 31 22 49 55
24 32 54 52 36
24 33 19 23 14
24 34 33 27 24
24 35 16 55 59
24 36 94 86 23
24 37 97 90 59
24 38 5 65 16
24 39 97 51 69
24 40 93 84 64
24 41 19 76 27
24 42 23 33 73
24 43 16 35 83
24 44 21 70 40
24 45 27 29 57
24 46 63 57 85
24 47 26 29 84
24 48 80 39 46
24 49 13 37 34
25 26 12 34 27
25 27 30 53 66
25 28 49 87 74
25 29 74 58 94
25 30 5 53 40
25 31 53 61 12
25 32 46 69 71
25 33 89 82 84
25 34 12 82 34
25 35 60 48 89
25 36 7 76 32
25 37 87 24 34
25 38 79 41 66
25 39 92 68 46
25 40 90 23 29
25 41 7 20 49
25 42 44 86 73
25 43 16 21 29
25 44 11 4 38
25 45 22 56 7
25 46 58 75 62
25 47 30 77 17
25 48 99 98 83
25 49 58 82 47
26 27 10 6 13
26 28 98 54 30
26 29 6 36 28
26 30 38 13 16
26 31 56 49 46
26 32 63 61 61
26 33 32 64 23
26 34 18 10 24
26 35 57 65 49
26 36 67 53 43
26 37 78 72 80
26 38 54 79 16
26 39 93 43 46
26 40 94 79 95
26 41 98 48 62
26 42 33 52 24
26 43 39 73 9
26 44 26 62 50
26 45 29 54 32
26 46 51 13 66
26 47 82 25 42
26 48 83 71 25
26 49 91 93 65
27 28 84 34 24
27 29 67 82 44
27 30 6 7 58
27 31 25 62 8
27 32 77 41 88
27 33 12 49 18
27 34 36 64 42
27 35 24 72 25
27 36 90 22 57
27 37 30 13 46
27 38 73 89 29
27 39 70 26 63
27 40 29 49 39
27 41 21 14 82
27 42 21 83 66
27 43 1 18 45
27 44 57 26 77
27 45 26 80 43
27 46 10 53 81
27 47 43 86 36
27 48 89 62 39
27 49 67 18 83
28 29 98 47 49
28 30 96 42 93
28 31 45 52 54
28 32 6 19 54
28 33 85 28 89
28 34 18 71 8
28 35 44 22 23
28 36 93 80 81
28 37 37 27 69
28 38 64 24 74
28 39 4 59 41
28 40 26 71 84
28 41 53 51 57
28 42 67 16 33
28 43 48 61 47
28 44 85 33 23
28 45 13 77 57
28 46 89 70 24
28 47 31 35 57
28 48 43 31 40
28 49 92 90 25
29 30 83 37 30
29 31 30 35 52
29 32 65 53 77
29 33 85 28 81
29 34 98 85 23
29 35 84 86 34
29 36 57 25 87
29 37 31 28 67
29 38 60 76 60
29 39 22 24 67
29 40 12 37 29
29 41 2 67 30
29 42 24 15 60
29 43 62 82 20
29 44 29 43 57
29 45 27 76 43
29 46 34 8 73
29 47 28 56 35
29 48 52 26 46
29 49 0 26 78
30 31 14 68 80
30 32 93 55 68
30 33 11 48 21
30 34 81 56 43
30 35 26 66 10
30 36 63 22 77
30 37 70 81 65
30 38 63 22 13
30 39 0 40 75
30 40 52 40 48
30 41 56 78 25
30 42 54 29 23
30 43 14 74 29
30 44 7 17 48
30 45 58 90 12
30 46 86 95 83
30 47 99 77 90
30 48 10 22 62
30 49 15 62 19
31 32 83 54 90
31 33 22 72 69
31 34 67 83 60
31 35 41 13 59
31 36 62 32 76
31 37 99 74 52
31 38 96 67 89
31 39 6 72 59
31 40 42 27 46
31 41 70 80 72
31 42 94 76 70
31 43 2 18 3
31 44 73 45 70
31 45 0 14 70
31 46 9 49 26
31 47 22 4 8
31 48 45 52 38
31 49 37 75 35
32 33 62 25 28
32 34 6 65 14
32 35 37 11 64
32 36 28 75 73
32 37 64 32 77
32 38 79 34 55
32 39 84 29 56
32 40 27 80 56
32 41 55 54 84
32 42 49 74 49
32 43 30 76 70
32 44 36 75 42
32 45 72 44 64
32 46 25 78 68
32 47 10 75 47
32 48 67 18 16
32 49 88 90 40
33 34 42 50 84
33 35 16 69 53
33 36 90 95 90
33 37 51 70 49
33 38 64 24 66
33 39 63 90 54
33 40 36 45 46
33 41 94 93 98
33 42 13 15 32
33 43 49 53 88
33 44 12 82 35
33 45 33 23 9
33 46 60 84 53
33 47 81 31 48
33 48 61 80 16
33 49 95 38 90
34 35 46 67 49
34 36 61 71 55
34 37 40 19 65
34 38 75 56 83
34 39 22 65 33
34 40 44 51 11
34 41 87 62 21
34 42 12 70 47
34 43 76 19 64
34 44 34 36 22
34 45 95 82 80
34 46 87 40 93
34 47 37 59 41
34 48 19 41 34
34 49 18 53 38
35 36 47 35 81
35 37 95 42 66
35 38 94 63 73
35 39 99 51 69
35 40 34 80 31
35 41 8 40 68
35 42 14 39 21
35 43 89 66 18
35 44 38 64 72
35 45 79 70 87
35 46 59 40 81
35 47 67 66 19
35 48 0 13 26
35 49 19 12 55
36 37 78 76 43
36 38 13 74 81
36 39 59 39 73
36 40 5 38 51
36 41 93 62 39
36 42 44 68 40
36 43 77 55 64
36 44 30 38 8
36 45 17 44 67
36 46 57 44 88
36 47 42 60 41
36 48 79 17 47
36 49 17 53 57
37 38 45 16 72
37 39 74 42 42
37 40 89 92 18
37 41 77 32 54
37 42 74 55 48
37 43 22 35 47
37 44 57 73 28
37 45 14 26 6
37 46 72 44 38
37 47 25 9 27
37 48 91 70 69
37 49 46 42 24
38 39 23 65 19
38 40 10 11 26
38 41 65 82 85
38 42 13 36 3
38 43 58 29 17
38 44 84 56 55
38 45 61 41 50
38 46 90 97 87
38 47 36 8 38
38 48 77 70 65
38 49 36 55 31
39 40 6 11 73
39 41 77 53 22
39 42 10 44 66
39 43 79 93 77
39 44 14 12 24
39 45 1 1 7
39 46 37 23 61
39 47 40 49 86
39 48 85 20 82
39 49 54 53 69
40 41 60 52 46
40 42 48 48 25
40 43 86 21 96
40 44 24 80 31
40 45 83 92 54
40 46 52 80 81
40 47 22 28 67
40 48 54 12 58
40 49 56 52 87
41 42 0 8 0
41 43 10 37 22
41 44 17 11 48
41 45 57 38 67
41 46 89 53 62
41 47 31 23 11
41 48 47 26 40
41 49 55 12 36
42 43 44 13 79
42 44 99 23 91
42 45 30 58 49
42 46 42 28 51
42 47 36 64 18
42 48 67 57 59
42 49 45 88 36
43 44 76 49 28
43 45 93 94 75
43 46 96 65 32
43 47 23 50 74
43 48 86 48 17
43 49 37 44 77
44 45 39 51 15
44 46 74 22 25
44 47 21 61 46
44 48 10 7 30
44 49 61 77 50
45 46 61 71 75
45 47 21 73 69
45 48 53 46 77
45 49 85 46 94
46 47 32 25 21
46 48 80 85 29
46 49 78 90 25
47 48 46 82 18
47 49 47 82 46
48 49 49 75 20
