25 10
0.111111 0.111111 0.111111 0.111111 0.111111 0.111111 0.111111 0.111111 0.111111 0.0 
0 1 33 57 65 70 62 63 70 61 66 70
0 2 24 65 78 64 71 74 76 64 71 75
0 3 85 26 14 18 24 14 25 22 22 26
0 4 26 71 75 72 68 66 68 65 71 72
0 5 1 98 95 90 86 94 85 96 86 86
0 6 25 70 67 68 67 73 73 65 78 68
0 7 96 4 5 8 17 17 9 15 17 9
0 8 94 16 5 7 13 12 8 11 18 14
0 9 22 71 72 68 74 77 77 66 66 69
0 10 48 52 52 46 45 58 56 50 56 48
0 11 31 66 65 59 70 70 66 62 70 67
0 12 93 19 6 10 15 8 11 19 10 13
0 13 16 73 81 75 81 71 71 82 72 77
0 14 82 22 23 28 26 27 21 21 20 24
0 15 10 84 85 77 76 90 80 90 80 87
0 16 37 56 61 54 55 61 58 62 53 61
0 17 79 30 24 25 31 27 19 18 18 20
0 18 16 71 81 71 74 78 83 75 76 75
0 19 36 55 56 65 64 60 66 68 68 54
0 20 51 43 46 54 42 50 46 50 41 52
0 21 49 43 47 50 47 46 54 51 54 45
0 22 25 65 65 76 72 76 72 75 73 78
0 23 71 37 37 34 29 28 33 36 35 28
0 24 46 53 57 53 54 53 54 53 49 45
1 2 30 59 61 61 72 65 61 63 71 73
1 3 86 22 20 23 17 24 15 11 19 12
1 4 39 52 58 54 62 61 61 52 54 51
1 5 98 9 14 10 4 15 13 11 8 2
1 6 52 45 41 49 54 45 42 55 54 53
1 7 70 39 35 36 38 37 32 39 38 32
1 8 51 42 50 55 48 43 44 53 55 53
1 9 62 37 35 38 37 44 42 46 41 41
1 10 54 45 48 52 53 47 43 39 49 40
1 11 74 34 33 33 31 27 26 34 30 32
1 12 11 81 83 84 84 84 86 77 85 86
1 13 95 8 16 4 14 18 12 11 7 6
1 14 54 43 53 42 40 44 40 40 47 52
1 15 59 35 36 49 45 38 41 37 39 39
1 16 90 17 21 20 8 23 13 21 10 22
1 17 53 49 43 50 45 51 41 40 42 43
1 18 7 87 81 78 87 86 87 82 80 80
1 19 87 14 22 14 17 15 16 13 12 16
1 20 2 84 87 87 92 95 90 87 92 83
1 21 79 24 26 23 28 18 25 21 29 21
1 22 39 64 53 64 56 52 64 55 53 57
1 23 50 50 54 53 47 54 45 53 47 48
1 24 48 49 58 57 44 51 51 52 44 58
2 3 97 8 12 8 8 9 3 13 13 10
2 4 89 11 13 8 16 9 10 14 21 11
2 5 50 43 52 48 42 52 45 44 50 46
2 6 66 33 32 29 40 40 37 28 29 30
2 7 83 17 27 14 17 15 15 24 15 20
2 8 56 51 45 50 39 38 41 44 42 50
2 9 80 30 17 30 30 29 25 16 18 24
2 10 83 27 22 19 21 18 18 17 14 15
2 11 16 82 79 83 77 79 80 71 78 79
2 12 24 66 64 76 78 66 77 73 78 69
2 13 5 82 85 87 93 84 85 83 83 83
2 14 13 79 78 85 75 85 77 75 73 86
2 15 16 84 76 80 71 75 78 84 81 81
2 16 3 95 85 86 89 83 85 85 85 86
2 17 46 55 52 60 54 48 50 55 57 49
2 18 80 18 28 18 21 29 31 31 25 18
2 19 1 90 97 96 95 96 92 96 98 86
2 20 98 8 7 3 3 11 15 4 5 6
2 21 59 46 46 35 38 38 48 43 42 42
2 22 11 82 80 81 78 75 81 79 83 85
2 23 54 48 39 52 43 47 53 42 46 42
2 24 84 19 27 18 27 15 13 15 22 26
3 4 28 63 63 67 75 62 68 62 73 68
3 5 9 87 87 85 81 78 89 89 81 85
3 6 53 50 41 47 45 52 53 52 45 52
3 7 26 69 73 64 74 73 64 71 74 62
3 8 12 76 81 77 82 75 74 75 87 76
3 9 3 83 82 86 86 94 89 89 86 91
3 10 12 81 85 80 88 86 82 78 86 88
3 11 70 38 37 26 26 35 30 33 28 35
3 12 74 32 24 28 29 28 25 23 27 24
3 13 5 93 91 84 86 83 93 87 85 90
3 14 43 56 58 55 51 48 52 49 49 57
3 15 42 53 61 50 54 53 52 50 54 55
3 16 47 54 44 46 56 56 51 53 48 45
3 17 22 66 74 71 77 71 73 73 73 72
3 18 78 31 23 25 18 31 20 20 21 21
3 19 39 59 60 64 54 66 54 62 63 58
3 20 9 80 84 83 81 90 85 85 89 80
3 21 77 28 21 27 32 31 20 23 33 19
3 22 62 44 39 45 43 35 38 37 38 39
3 23 45 60 60 54 56 60 49 60 61 47
3 24 15 77 80 78 81 73 73 80 74 85
4 5 87 11 15 22 14 24 13 22 16 21
4 6 80 19 29 21 26 29 18 31 25 25
4 7 43 60 56 53 60 51 52 49 52 58
4 8 24 73 66 76 66 71 73 68 71 64
4 9 64 42 34 45 37 33 32 33 42 36
4 10 26 70 72 71 77 73 63 73 71 62
4 11 50 46 55 48 44 51 42 55 41 46
4 12 69 29 34 40 31 34 28 38 29 28
4 13 3 86 88 96 84 90 84 85 86 84
4 14 93 19 16 18 11 19 9 10 10 17
4 15 16 73 80 82 77 83 84 82 81 73
4 16 61 40 38 45 41 37 41 43 40 47
4 17 84 27 17 24 24 22 24 22 27 26
4 18 56 39 41 39 46 41 48 45 49 41
4 19 74 26 32 25 23 31 29 31 33 34
4 20 38 61 55 60 53 62 63 54 66 59
4 21 53 50 41 53 50 48 41 49 46 41
4 22 79 28 26 19 21 22 23 17 27 30
4 23 37 59 66 60 56 58 67 65 58 54
4 24 11 85 87 76 85 83 78 81 77 84
5 6 90 18 10 13 18 16 20 11 8 22
5 7 45 55 50 51 53 58 46 57 60 50
5 8 31 72 69 70 70 65 72 71 58 60
5 9 59 36 35 46 35 38 36 41 39 47
5 10 46 51 59 53 58 55 57 51 53 50
5 11 53 41 47 41 52 53 42 41 47 46
5 12 69 32 34 34 37 31 38 38 34 36
5 13 28 63 71 66 70 65 75 73 69 67
5 14 45 51 58 60 58 50 55 57 60 48
5 15 9 77 88 81 77 88 77 81 91 80
5 16 20 70 80 74 73 74 74 68 69 69
5 17 95 13 16 4 3 9 11 10 4 16
5 18 12 76 81 83 82 86 75 83 74 80
5 19 5 88 80 84 93 95 85 89 86 93
5 20 2 85 96 96 96 93 82 91 96 95
5 21 93 13 8 13 20 7 11 10 8 18
5 22 63 33 44 38 45 37 45 33 44 44
5 23 50 41 44 42 49 44 50 46 49 47
5 24 95 9 14 9 4 12 7 5 16 15
6 7 65 36 31 41 39 37 31 29 32 36
6 8 68 34 29 41 33 32 37 28 27 37
6 9 2 91 90 91 84 89 93 84 84 88
6 10 4 95 90 91 95 88 85 84 91 82
6 11 42 51 49 59 58 63 54 59 50 56
6 12 73 32 29 30 31 22 22 34 22 29
6 13 57 45 38 36 43 36 46 46 49 41
6 14 33 70 68 67 61 71 70 60 59 67
6 15 87 18 19 22 14 13 22 23 23 20
6 16 84 16 21 26 26 15 17 19 13 25
6 17 41 64 64 59 53 57 62 55 57 59
6 18 70 26 37 33 30 35 28 39 29 37
6 19 95 6 16 4 16 4 15 16 11 12
6 20 92 16 7 7 16 16 15 8 13 14
6 21 17 77 72 80 72 78 80 79 84 73
6 22 78 20 30 28 26 28 30 24 19 26
6 23 23 76 76 75 68 66 74 79 79 67
6 24 32 66 65 71 60 65 57 65 65 70
7 8 81 24 28 30 27 21 24 27 24 17
7 9 45 57 49 52 47 48 54 58 53 48
7 10 58 46 48 43 38 47 47 49 41 39
7 11 88 12 12 24 21 16 22 22 21 13
7 12 72 25 31 37 25 27 23 36 29 26
7 13 44 50 53 57 59 54 58 60 61 48
7 14 99 15 15 1 3 5 4 3 13 4
7 15 45 51 50 51 48 49 51 49 57 49
7 16 24 67 72 71 70 67 70 65 68 72
7 17 82 24 23 29 20 23 26 25 21 24
7 18 94 19 13 16 5 19 6 11 8 11
7 19 3 86 83 88 89 85 87 90 90 91
7 20 36 63 62 56 64 54 62 67 66 58
7 21 69 28 26 34 39 29 39 36 27 38
7 22 4 94 90 82 89 83 87 90 90 85
7 23 47 45 52 58 47 58 57 44 59 47
7 24 99 7 12 0 3 8 1 13 6 12
8 9 53 44 47 47 40 53 47 49 51 40
8 10 50 49 48 54 54 47 46 54 50 49
8 11 28 67 75 70 69 75 71 68 69 73
8 12 4 92 95 91 82 85 95 88 94 91
8 13 14 82 83 80 85 82 82 79 73 80
8 14 43 60 60 50 61 55 50 51 62 61
8 15 45 54 51 59 53 55 52 47 59 49
8 16 44 53 51 61 57 53 57 51 56 53
8 17 52 53 48 41 42 45 49 51 41 52
8 18 82 26 29 28 23 20 17 15 25 19
8 19 25 70 63 70 77 67 64 63 78 66
8 20 32 70 62 71 60 64 68 65 60 66
8 21 98 9 13 4 14 5 2 8 14 10
8 22 7 89 93 93 79 89 82 84 85 90
8 23 69 40 31 38 34 37 29 27 37 28
8 24 63 40 42 42 32 45 41 36 39 40
9 10 40 52 53 53 50 58 52 63 56 60
9 11 98 9 13 3 8 15 6 16 4 14
9 12 4 95 83 94 86 96 81 94 82 84
9 13 63 34 42 34 37 33 39 43 41 39
9 14 90 16 12 14 8 13 20 14 16 10
9 15 63 45 32 39 35 31 42 34 46 35
9 16 7 82 87 93 84 87 91 81 86 86
9 17 63 43 43 39 41 45 36 41 44 34
9 18 17 72 81 72 81 83 80 79 73 78
9 19 85 18 14 16 20 15 16 16 15 16
9 20 66 34 28 39 38 31 42 31 35 36
9 21 8 87 78 90 81 84 92 84 82 91
9 22 48 57 48 53 47 43 54 57 58 45
9 23 22 73 75 68 70 80 69 71 75 67
9 24 9 83 84 83 89 88 81 87 77 87
10 11 23 68 70 72 76 76 75 67 72 76
10 12 92 19 16 15 20 13 12 19 11 17
10 13 80 29 29 22 20 20 22 18 19 18
10 14 33 58 63 68 68 60 59 69 67 62
10 15 69 37 30 28 36 34 29 33 33 28
10 16 83 24 26 20 21 19 23 15 28 14
10 17 17 75 80 74 71 82 79 71 77 82
10 18 44 52 55 52 60 49 57 54 56 55
10 19 76 23 34 33 25 31 29 26 24 29
10 20 47 56 55 59 47 51 59 54 57 54
10 21 30 66 70 67 65 69 66 60 68 68
10 22 56 41 42 40 50 39 40 36 39 42
10 23 32 58 57 60 64 69 62 68 62 68
10 24 80 29 29 28 21 17 27 20 22 18
11 12 2 86 86 95 83 83 95 91 92 95
11 13 92 20 12 12 18 21 17 7 19 9
11 14 69 29 33 31 30 29 30 33 31 30
11 15 83 15 23 13 19 28 18 17 16 22
11 16 89 20 14 13 14 20 12 18 23 17
11 17 19 81 70 70 76 70 78 82 75 76
11 18 19 81 70 78 72 71 71 72 82 79
11 19 99 14 7 3 1 14 13 2 2 1
11 20 71 29 30 35 27 33 28 37 32 25
11 21 12 79 74 81 77 87 85 88 79 79
11 22 92 8 14 12 10 20 17 9 20 10
11 23 61 38 46 35 43 38 33 43 43 38
11 24 31 70 63 65 62 61 70 63 60 70
12 13 34 67 62 56 59 60 58 65 57 62
12 14 78 26 32 24 21 27 23 20 32 32
12 15 49 48 52 47 43 57 56 50 44 54
12 16 95 8 15 4 16 15 9 16 14 14
12 17 3 93 93 83 83 91 85 94 88 93
12 18 37 57 56 53 54 67 58 55 67 59
12 19 47 57 54 50 58 56 57 58 51 48
12 20 34 56 58 67 66 66 70 59 56 55
12 21 90 13 22 16 10 12 19 8 17 13
12 22 58 36 40 38 46 40 45 37 48 36
12 23 57 42 39 38 40 47 39 48 40 41
12 24 15 84 81 80 71 71 74 79 85 80
13 14 36 62 53 61 64 60 65 57 63 58
13 15 45 50 57 59 49 50 52 60 57 60
13 16 17 81 72 79 77 84 77 71 76 76
13 17 72 23 30 35 23 35 33 27 27 36
13 18 76 30 20 29 33 32 27 21 21 33
13 19 83 28 15 20 15 17 18 28 21 19
13 20 83 16 28 23 29 26 14 16 23 26
13 21 37 58 63 60 54 64 53 54 58 56
13 22 94 17 15 5 12 11 8 4 10 15
13 23 46 57 56 50 59 45 57 52 52 59
13 24 11 83 78 75 76 81 87 89 83 75
14 15 48 46 55 51 51 54 52 51 51 53
14 16 62 34 33 42 45 39 39 36 32 33
14 17 55 38 49 48 48 46 44 41 48 41
14 18 8 85 87 88 90 84 78 87 87 82
14 19 98 15 15 15 9 8 6 13 9 16
14 20 79 23 31 29 17 19 31 25 21 17
14 21 82 20 17 16 22 29 26 20 24 21
14 22 62 46 42 32 32 44 40 31 34 32
14 23 77 31 22 25 31 33 27 31 22 23
14 24 6 81 87 91 87 81 86 90 92 79
15 16 55 48 52 40 52 44 47 52 41 39
15 17 57 36 37 46 38 44 38 44 41 50
15 18 97 10 4 13 12 14 6 10 6 10
15 19 90 17 19 13 17 14 19 13 12 14
15 20 10 83 77 81 85 76 90 88 81 83
15 21 86 13 18 22 12 24 18 26 22 17
15 22 34 62 63 63 57 60 60 66 62 56
15 23 35 68 66 57 66 62 66 56 69 69
15 24 64 35 36 37 43 35 33 40 35 35
16 17 80 20 28 29 29 23 26 31 30 26
16 18 44 51 61 50 58 58 49 56 48 55
16 19 14 74 85 73 78 80 79 87 78 77
16 20 51 46 47 50 51 42 49 46 51 45
16 21 96 9 10 7 9 15 10 4 8 7
16 22 72 33 27 33 38 32 26 28 25 24
16 23 67 38 33 38 31 40 32 34 33 36
16 24 8 79 91 78 85 90 82 88 79 83
17 18 83 27 22 18 20 27 26 13 19 14
17 19 35 66 59 58 67 57 61 67 60 63
17 20 51 43 47 54 45 44 51 42 50 48
17 21 10 86 90 89 85 86 79 82 87 89
17 22 68 28 35 33 29 30 30 34 29 35
17 23 30 65 63 67 61 65 69 65 64 60
17 24 9 85 79 86 82 85 86 80 79 85
18 19 12 74 83 84 74 77 76 88 82 77
18 20 63 42 36 38 44 31 33 45 45 36
18 21 23 79 79 70 66 68 73 78 66 79
18 22 56 40 47 42 43 39 46 47 50 48
18 23 60 47 40 34 46 43 41 42 39 47
18 24 58 35 43 43 39 40 46 36 43 46
19 20 83 22 18 21 15 28 27 26 25 20
19 21 91 15 17 16 16 14 15 20 15 17
19 22 63 33 42 37 34 38 41 33 32 31
19 23 98 7 15 14 5 4 5 11 15 9
19 24 5 92 93 82 80 84 90 87 83 88
20 21 10 76 79 76 80 88 77 85 79 78
20 22 92 14 12 20 20 16 9 6 8 12
20 23 60 41 39 42 34 35 46 35 43 48
20 24 38 56 58 53 61 62 58 57 62 55
21 22 77 24 20 31 34 20 28 29 27 20
21 23 21 70 80 68 74 71 67 80 70 75
21 24 11 82 88 89 84 80 80 87 87 77
22 23 73 22 35 24 32 34 32 33 28 27
22 24 23 70 74 75 69 72 67 72 72 77
23 24 83 28 16 15 18 21 19 22 24 23
