27 10
0.125 0.125 0.125 0.125 0.125 0.125 0.125 0.125 0.0 0.0 
0 1 26 37 85 51 71 76 60 66 59 58
0 2 36 70 79 35 64 43 65 71 54 67
0 3 61 40 32 26 23 30 47 30 54 22
0 4 13 44 46 88 60 88 81 90 93 58
0 5 66 46 19 23 50 31 34 38 54 60
0 6 97 10 13 33 4 14 2 37 18 4
0 7 77 35 44 56 30 59 28 20 41 45
0 8 61 28 66 56 62 46 29 28 57 58
0 9 98 3 29 40 32 39 36 32 27 26
0 10 42 32 48 72 48 35 60 36 52 72
0 11 80 20 14 22 21 59 35 44 53 42
0 12 58 60 24 51 70 34 48 53 33 69
0 13 59 58 35 48 47 29 56 22 31 45
0 14 9 77 58 75 50 73 63 76 79 94
0 15 14 88 73 79 69 91 64 57 63 89
0 16 98 40 17 27 8 35 11 13 39 5
0 17 71 18 14 48 23 34 51 41 36 22
0 18 72 36 44 29 37 51 54 56 48 22
0 19 77 32 56 16 42 16 20 37 20 32
0 20 34 58 41 50 33 57 68 76 60 53
0 21 98 27 41 29 15 14 28 40 4 31
0 22 19 87 85 52 82 41 50 42 72 78
0 23 97 19 12 41 35 16 9 14 16 16
0 24 93 28 37 41 53 50 9 47 16 48
0 25 63 50 39 27 64 32 19 49 50 52
0 26 56 42 55 37 48 53 34 42 22 42
1 2 57 51 50 69 46 51 26 32 35 31
1 3 53 37 37 32 38 66 44 29 69 46
1 4 23 70 54 76 56 72 75 55 72 39
1 5 98 38 29 36 5 4 38 30 22 13
1 6 5 84 81 63 65 93 54 90 87 51
1 7 50 51 46 53 63 35 41 63 61 52
1 8 15 46 92 56 44 64 81 46 55 66
1 9 80 42 33 22 45 36 37 44 13 48
1 10 56 31 31 46 45 68 54 36 68 50
1 11 41 51 51 62 63 64 35 40 33 43
1 12 29 83 83 84 37 71 66 65 62 61
1 13 58 51 27 51 55 45 55 26 28 33
1 14 4 64 71 84 66 90 75 85 66 81
1 15 54 36 30 56 56 58 51 43 58 45
1 16 68 56 46 63 19 36 59 24 58 24
1 17 14 86 50 43 80 81 65 73 85 57
1 18 40 39 53 39 70 50 43 55 36 53
1 19 58 56 45 61 46 50 27 44 46 68
1 20 72 32 45 62 19 32 32 44 54 38
1 21 86 40 39 31 22 49 51 18 31 48
1 22 31 51 39 63 35 80 42 51 83 78
1 23 30 79 58 78 51 39 61 66 75 78
1 24 69 25 20 34 15 51 27 53 46 33
1 25 81 33 23 45 50 47 54 33 36 19
1 26 18 45 90 44 86 48 42 69 79 64
2 3 24 66 71 60 70 46 53 80 85 84
2 4 44 77 77 59 63 62 51 67 35 75
2 5 5 74 53 88 85 82 97 63 79 62
2 6 42 49 50 57 54 46 75 51 74 47
2 7 26 41 73 86 38 63 44 73 82 44
2 8 57 59 29 22 46 54 47 44 67 28
2 9 65 66 40 31 46 37 63 32 56 26
2 10 34 67 56 58 52 33 44 35 38 74
2 11 28 36 76 70 47 42 52 74 47 61
2 12 63 21 40 35 26 29 52 50 65 38
2 13 87 35 51 28 43 40 39 40 48 36
2 14 66 48 22 28 29 36 48 19 57 41
2 15 2 90 82 98 51 85 81 83 89 72
2 16 71 27 34 20 55 51 28 31 23 19
2 17 34 46 64 75 49 41 59 79 68 40
2 18 49 47 28 57 60 63 43 67 25 31
2 19 64 45 47 55 46 26 53 18 24 26
2 20 95 41 24 22 50 20 47 47 34 11
2 21 36 42 33 34 47 45 42 71 44 63
2 22 31 70 84 41 69 40 68 43 40 52
2 23 68 63 65 53 55 16 33 47 48 56
2 24 8 85 94 54 62 65 73 82 74 88
2 25 71 20 29 38 62 35 49 42 14 16
2 26 54 39 47 25 63 59 66 49 37 59
3 4 4 52 57 77 60 94 54 55 65 81
3 5 78 45 32 43 20 44 16 58 34 32
3 6 82 26 31 58 21 10 31 28 54 50
3 7 5 81 74 51 73 77 54 84 96 62
3 8 75 54 57 28 40 47 43 40 25 49
3 9 48 60 39 36 38 39 43 65 58 59
3 10 32 45 64 55 69 73 59 50 49 50
3 11 34 36 79 51 60 37 80 82 70 76
3 12 87 24 27 41 29 8 34 37 12 26
3 13 18 46 42 72 72 48 82 72 66 52
3 14 50 42 51 57 57 32 55 56 52 36
3 15 3 80 68 87 71 75 70 96 52 51
3 16 11 92 64 93 58 59 72 74 50 79
3 17 21 39 42 65 80 66 88 74 87 45
3 18 37 35 33 47 75 63 64 51 46 40
3 19 18 78 55 65 72 77 73 87 75 55
3 20 49 62 69 41 39 43 72 35 34 55
3 21 46 55 42 61 38 53 45 63 63 60
3 22 42 51 33 32 58 42 30 67 48 58
3 23 44 76 65 48 58 46 54 69 71 37
3 24 13 69 62 57 48 48 66 44 46 49
3 25 84 41 56 30 36 25 57 52 42 57
3 26 18 80 51 74 60 82 64 58 65 59
4 5 66 44 58 44 57 36 58 36 50 42
4 6 86 37 56 46 44 30 24 52 16 40
4 7 8 92 67 68 66 75 63 59 65 60
4 8 52 47 48 62 62 30 54 67 58 32
4 9 72 41 56 36 32 62 17 20 33 14
4 10 4 76 59 74 49 57 68 55 92 76
4 11 93 40 28 29 47 8 35 6 52 25
4 12 28 74 40 84 79 46 43 50 83 46
4 13 65 21 36 64 46 32 38 63 52 42
4 14 89 10 25 39 54 22 53 20 29 36
4 15 14 64 44 64 75 75 78 65 87 61
4 16 38 42 52 42 76 30 72 50 40 47
4 17 38 77 51 48 61 75 44 56 66 72
4 18 94 22 37 12 25 25 12 19 25 13
4 19 33 42 49 70 51 80 36 62 43 68
4 20 19 81 80 70 51 51 81 46 85 59
4 21 22 59 61 71 43 70 61 41 62 48
4 22 96 49 46 51 19 36 26 44 11 15
4 23 84 25 53 18 13 12 18 26 26 30
4 24 80 12 52 53 33 30 30 14 20 13
4 25 25 74 71 48 58 73 77 65 68 76
4 26 67 19 25 55 31 57 50 59 16 40
5 6 62 23 39 59 37 54 58 26 47 68
5 7 59 48 35 22 20 22 32 65 43 50
5 8 39 52 64 63 52 33 53 50 65 49
5 9 53 45 31 40 52 28 28 35 64 25
5 10 73 47 47 53 58 46 24 34 55 29
5 11 18 48 57 59 66 66 49 59 83 44
5 12 32 80 73 42 48 47 45 47 77 41
5 13 57 30 66 69 33 66 70 51 23 38
5 14 62 28 64 56 28 48 24 19 66 52
5 15 96 26 24 23 42 49 10 40 46 32
5 16 7 82 88 79 54 93 75 70 88 69
5 17 98 28 40 3 12 3 45 20 49 34
5 18 60 58 47 42 28 48 64 24 55 59
5 19 56 39 68 63 44 34 52 71 64 26
5 20 84 47 31 53 30 21 12 56 21 55
5 21 49 63 65 35 61 44 46 28 35 50
5 22 46 45 26 39 59 52 41 70 71 51
5 23 34 66 52 62 74 49 51 34 74 73
5 24 63 57 31 22 33 61 66 24 66 60
5 25 3 61 58 71 51 85 63 75 79 52
5 26 46 62 72 74 73 31 73 52 42 59
6 7 86 33 35 29 20 37 51 50 19 55
6 8 7 91 85 87 47 61 92 61 68 64
6 9 32 74 43 52 47 46 38 53 59 50
6 10 66 49 38 40 33 33 54 35 48 49
6 11 60 43 57 31 30 59 50 49 58 36
6 12 8 58 77 72 68 65 93 82 91 57
6 13 54 45 28 61 32 54 52 59 42 64
6 14 74 13 61 31 14 19 54 23 46 45
6 15 29 50 72 47 55 70 48 38 83 77
6 16 33 38 54 74 63 42 65 81 42 67
6 17 55 44 33 70 71 52 51 57 45 68
6 18 79 13 50 49 59 36 16 46 42 51
6 19 72 26 24 59 16 16 56 54 23 20
6 20 13 91 65 45 58 55 44 81 69 86
6 21 6 88 94 48 59 79 55 74 67 90
6 22 71 15 33 56 19 15 59 35 62 56
6 23 43 47 58 73 35 50 35 63 41 37
6 24 20 74 49 68 40 70 51 42 53 66
6 25 73 37 16 35 21 52 18 55 31 40
6 26 2 69 87 86 49 78 90 72 86 59
7 8 75 41 56 37 15 27 44 34 57 34
7 9 24 63 82 63 68 46 69 87 84 78
7 10 33 81 40 82 37 42 57 81 52 70
7 11 10 94 52 91 47 55 66 80 68 88
7 12 85 18 22 9 31 56 25 19 18 8
7 13 18 48 69 67 50 72 90 42 69 55
7 14 48 64 51 58 29 57 51 38 52 72
7 15 64 42 35 26 30 61 50 31 35 44
7 16 82 56 56 33 14 50 51 16 11 26
7 17 13 70 65 72 64 89 60 72 45 78
7 18 30 47 46 44 79 81 43 63 55 77
7 19 72 34 61 52 16 34 57 58 24 29
7 20 76 58 15 54 38 49 51 60 33 54
7 21 17 70 49 56 83 78 85 90 63 63
7 22 10 45 78 90 50 50 72 53 90 91
7 23 33 36 67 60 58 79 50 60 38 39
7 24 10 51 92 68 76 64 75 70 90 66
7 25 19 57 84 76 51 79 55 40 89 57
7 26 56 41 54 41 34 71 39 69 35 66
8 9 31 60 50 82 76 63 70 54 44 48
8 10 93 15 46 13 31 23 20 3 43 24
8 11 97 25 23 14 43 2 50 10 5 13
8 12 46 38 39 28 50 74 64 57 54 55
8 13 41 49 40 64 51 69 71 51 37 61
8 14 17 87 61 63 65 62 81 75 63 76
8 15 26 78 67 60 43 56 84 39 51 64
8 16 85 39 43 46 9 41 55 7 26 10
8 17 51 64 52 25 36 42 54 71 24 69
8 18 81 21 32 39 40 44 57 16 50 18
8 19 67 41 32 52 53 38 47 61 17 57
8 20 0 75 89 98 58 60 67 82 57 90
8 21 94 29 36 4 46 17 5 17 15 20
8 22 82 56 25 50 24 39 27 37 17 27
8 23 81 37 49 37 42 45 45 47 55 46
8 24 52 28 44 49 59 29 35 69 32 26
8 25 68 27 61 56 62 39 39 44 49 19
8 26 63 30 34 32 24 42 25 48 45 56
9 10 45 53 62 35 73 73 36 46 73 40
9 11 4 85 55 63 69 69 49 55 87 69
9 12 16 69 58 79 45 46 56 87 53 88
9 13 43 61 30 71 37 44 41 75 45 77
9 14 88 22 9 16 23 10 17 19 6 50
9 15 58 43 48 69 46 63 49 54 48 56
9 16 78 47 49 52 37 53 41 12 40 33
9 17 19 55 79 61 74 66 65 72 89 58
9 18 99 48 30 44 17 9 28 44 6 21
9 19 65 52 30 38 41 42 44 47 56 56
9 20 71 51 37 26 55 35 16 33 47 58
9 21 4 94 96 83 92 58 54 93 65 87
9 22 15 89 43 71 56 88 80 65 79 67
9 23 67 40 36 52 21 28 63 34 25 31
9 24 80 12 18 38 34 53 27 35 16 9
9 25 77 54 59 59 14 30 44 39 26 32
9 26 9 51 55 59 55 60 46 62 91 74
10 11 3 91 76 49 74 93 84 49 96 91
10 12 56 68 42 24 44 58 26 22 57 46
10 13 67 32 35 62 43 45 49 24 64 46
10 14 44 76 73 46 72 33 44 56 55 68
10 15 27 70 41 66 60 37 46 65 69 80
10 16 11 80 55 50 54 85 66 54 58 89
10 17 89 53 16 20 28 45 50 23 51 42
10 18 57 54 25 68 45 64 40 65 31 34
10 19 29 64 66 54 42 46 77 73 60 40
10 20 42 50 33 48 65 30 56 51 68 47
10 21 9 79 45 91 45 58 63 93 77 54
10 22 90 18 13 33 16 9 9 26 15 21
10 23 8 65 94 69 93 75 77 45 54 76
10 24 37 31 75 36 63 52 44 34 63 53
10 25 20 53 44 74 85 57 74 63 61 55
10 26 5 91 52 84 66 96 97 91 71 92
11 12 83 12 43 45 12 25 49 9 40 41
11 13 91 31 11 26 42 53 53 25 45 14
11 14 10 65 59 47 85 82 68 67 55 67
11 15 5 66 72 65 64 85 73 74 68 80
11 16 51 61 62 72 36 68 63 70 36 70
11 17 66 21 48 65 34 48 26 45 32 27
11 18 96 24 6 20 20 9 16 3 17 13
11 19 71 55 57 18 61 24 35 25 54 43
11 20 28 83 45 62 37 68 57 63 65 37
11 21 6 75 88 83 76 61 80 78 60 62
11 22 99 45 0 44 24 36 25 27 16 27
11 23 52 52 70 28 27 30 54 47 53 39
11 24 31 66 35 70 36 49 66 55 38 59
11 25 98 32 44 2 23 44 14 44 8 41
11 26 71 29 63 40 16 20 17 34 38 52
12 13 81 17 40 41 42 33 17 43 57 13
12 14 2 55 96 75 68 93 50 83 95 54
12 15 87 12 50 52 36 36 51 50 28 14
12 16 20 84 56 49 69 59 55 47 44 67
12 17 99 47 16 36 18 39 44 43 12 34
12 18 21 85 51 52 77 56 71 50 88 41
12 19 12 80 57 90 92 53 54 63 86 80
12 20 90 48 14 49 42 21 52 6 37 40
12 21 49 70 60 57 59 49 72 36 64 73
12 22 69 22 26 62 35 25 57 51 41 41
12 23 65 40 66 25 40 40 65 25 60 20
12 24 16 65 70 76 79 76 64 51 78 78
12 25 98 43 41 20 9 11 28 39 20 31
12 26 79 52 44 18 50 20 38 15 56 46
13 14 14 77 82 47 59 78 88 73 51 50
13 15 64 21 25 31 47 19 31 42 27 42
13 16 75 38 46 25 15 20 18 27 37 48
13 17 50 68 54 38 39 66 69 61 28 61
13 18 47 66 70 63 59 64 51 65 45 73
13 19 42 30 37 67 72 65 75 74 65 66
13 20 60 44 52 49 56 60 66 37 32 31
13 21 60 68 69 25 22 69 66 56 25 40
13 22 63 28 36 46 32 56 38 20 37 42
13 23 1 81 76 62 71 74 52 95 79 67
13 24 75 15 19 23 44 46 56 53 40 42
13 25 69 28 35 56 28 48 56 54 20 52
13 26 36 50 64 37 77 38 72 44 76 56
14 15 83 56 33 26 19 28 43 25 43 10
14 16 36 36 62 38 37 70 66 75 35 36
14 17 44 74 75 71 62 39 66 55 76 43
14 18 63 66 39 42 64 47 35 57 66 61
14 19 12 46 56 59 66 72 44 78 83 64
14 20 42 52 46 38 61 36 36 77 44 35
14 21 98 24 49 39 29 24 11 34 49 6
14 22 82 25 34 23 24 24 13 37 53 45
14 23 17 81 82 43 58 83 83 77 84 82
14 24 69 51 64 63 36 48 63 46 48 41
14 25 28 84 82 76 40 80 60 83 45 61
14 26 75 18 13 18 16 52 45 16 31 14
15 16 52 54 29 24 40 27 40 50 51 44
15 17 31 64 72 51 38 38 60 35 38 51
15 18 50 27 70 37 34 31 72 25 71 53
15 19 23 46 65 66 66 57 75 56 48 55
15 20 54 70 27 32 30 41 30 33 65 69
15 21 73 16 58 56 33 53 15 48 50 56
15 22 24 68 83 65 79 44 76 73 85 55
15 23 4 88 61 80 56 77 74 57 97 90
15 24 40 67 34 49 40 54 59 42 42 58
15 25 38 79 54 73 41 49 58 37 63 66
15 26 55 33 53 62 34 65 35 32 36 65
16 17 11 58 79 90 51 93 87 52 53 45
16 18 36 56 70 68 68 74 57 41 63 49
16 19 43 41 29 72 66 78 71 64 64 44
16 20 57 39 62 41 63 55 68 56 51 47
16 21 81 45 19 16 35 9 51 50 35 38
16 22 28 44 46 38 81 45 82 68 69 70
16 23 38 68 77 36 49 44 53 56 72 39
16 24 67 23 47 42 33 40 61 35 30 64
16 25 96 45 24 39 12 43 5 3 34 21
16 26 85 48 18 22 47 37 52 39 55 14
17 18 4 50 50 91 50 81 95 90 53 78
17 19 51 47 42 64 46 65 63 68 54 50
17 20 2 77 60 88 51 83 52 69 62 77
17 21 99 42 26 48 39 16 29 6 31 20
17 22 50 62 29 51 74 49 62 28 55 46
17 23 7 65 78 75 46 49 48 54 62 48
17 24 30 70 54 46 56 55 38 47 62 49
17 25 16 86 68 81 81 88 73 90 62 63
17 26 20 43 57 69 41 47 77 67 47 60
18 19 44 55 28 46 52 32 67 28 56 56
18 20 90 42 7 25 16 51 21 50 23 51
18 21 16 60 58 45 46 91 44 54 78 83
18 22 47 64 32 34 62 31 48 36 60 74
18 23 69 62 33 34 46 46 36 29 42 35
18 24 65 39 43 54 34 44 56 45 27 54
18 25 35 61 55 81 36 38 74 60 71 72
18 26 18 53 88 51 73 42 78 42 69 63
19 20 61 40 46 65 20 58 58 45 40 54
19 21 15 81 62 70 73 76 44 79 80 63
19 22 74 24 16 23 13 36 59 13 54 40
19 23 76 27 19 51 23 48 15 41 51 18
19 24 52 59 65 48 54 66 59 31 66 52
19 25 87 37 27 28 25 14 25 21 47 10
19 26 27 48 55 61 48 82 76 83 72 62
20 21 82 14 38 45 53 27 43 30 42 23
20 22 24 59 56 52 45 67 80 76 77 45
20 23 18 85 89 51 51 62 61 63 90 49
20 24 17 52 58 85 54 56 52 90 82 52
20 25 71 50 56 53 17 22 20 40 25 60
20 26 40 60 30 67 36 52 76 73 41 62
21 22 36 34 73 50 38 55 61 37 35 68
21 23 79 19 49 15 29 19 17 24 22 11
21 24 25 43 70 57 84 78 83 86 75 75
21 25 82 54 28 26 39 17 35 10 15 48
21 26 83 48 35 44 27 46 52 18 44 46
22 23 8 79 84 74 51 78 53 46 74 86
22 24 19 50 75 89 49 67 78 51 90 75
22 25 45 45 48 72 57 66 49 63 36 73
22 26 62 50 60 40 42 48 58 61 41 47
23 24 20 62 82 65 62 64 72 69 60 60
23 25 39 62 43 41 49 32 34 67 68 39
23 26 70 31 21 44 23 62 58 42 29 61
24 25 59 33 30 52 68 25 58 68 53 55
24 26 23 82 63 61 42 61 61 58 41 42
25 26 92 45 27 21 39 15 7 13 10 27
