35 10
0.111111 0.111111 0.111111 0.111111 0.111111 0.111111 0.111111 0.111111 0.111111 0.0 
0 1 58 27 63 38 40 64 28 46 59 37
0 2 96 5 1 14 12 26 2 41 9 39
0 3 34 36 42 60 81 71 73 54 80 48
0 4 13 87 59 64 44 68 63 61 89 58
0 5 49 52 49 74 65 53 50 67 74 58
0 6 93 32 48 23 11 51 41 24 9 14
0 7 92 17 18 44 43 41 42 27 46 11
0 8 84 51 36 45 9 36 36 55 32 11
0 9 10 58 90 83 82 62 72 93 83 80
0 10 84 15 17 16 33 53 14 23 47 55
0 11 48 46 52 54 45 44 64 58 26 55
0 12 49 70 47 46 73 71 44 49 30 45
0 13 79 13 39 24 10 20 57 35 57 44
0 14 37 53 63 80 63 71 70 64 63 55
0 15 77 25 60 32 50 49 25 37 27 19
0 16 66 31 45 53 56 48 28 16 41 43
0 17 98 22 45 39 18 21 40 16 50 33
0 18 47 53 63 70 64 71 32 70 39 29
0 19 31 39 45 68 53 64 39 44 43 67
0 20 11 67 78 55 65 81 78 89 53 64
0 21 51 63 26 27 27 67 64 56 27 51
0 22 2 70 65 88 82 80 55 76 87 65
0 23 4 92 58 65 50 73 77 75 55 79
0 24 81 21 47 52 17 31 42 54 35 44
0 25 92 14 27 20 16 47 8 35 33 44
0 26 86 8 27 43 40 35 20 39 24 49
0 27 43 35 44 31 42 50 76 78 64 63
0 28 44 30 44 31 33 71 38 58 35 37
0 29 32 41 52 40 73 46 42 81 68 56
0 30 4 67 86 69 86 59 69 51 48 64
0 31 23 49 65 83 74 55 69 43 40 58
0 32 66 17 48 19 24 25 39 27 64 25
0 33 91 51 49 16 24 33 31 38 43 25
0 34 71 39 44 35 15 24 63 27 55 21
1 2 21 60 59 80 76 64 87 81 54 51
1 3 20 50 73 80 46 76 52 78 76 77
1 4 1 55 50 69 49 64 53 73 62 68
1 5 30 47 77 60 80 61 46 61 52 40
1 6 92 18 34 40 7 49 22 14 49 30
1 7 12 83 51 82 50 81 88 46 56 53
1 8 75 50 61 18 58 35 55 23 40 49
1 9 87 22 53 47 25 9 9 21 11 25
1 10 33 78 81 79 45 54 36 65 46 36
1 11 24 38 51 39 71 62 64 72 38 71
1 12 43 45 42 49 43 50 31 59 58 75
1 13 3 88 48 71 76 81 85 92 68 78
1 14 90 50 15 48 46 53 4 33 20 32
1 15 75 40 46 59 20 36 12 19 60 56
1 16 75 55 51 38 56 23 33 12 16 33
1 17 96 32 22 36 21 33 24 9 3 6
1 18 65 47 42 58 57 57 52 17 44 21
1 19 97 22 17 10 50 15 30 26 10 26
1 20 65 54 24 37 33 64 36 33 26 45
1 21 66 58 32 59 36 23 17 59 53 30
1 22 15 48 72 59 54 71 82 75 64 56
1 23 49 69 34 26 50 74 36 55 54 73
1 24 75 59 47 53 32 14 31 46 60 48
1 25 27 39 46 67 60 60 56 40 56 79
1 26 92 40 30 25 34 42 36 14 21 49
1 27 9 77 94 93 56 68 69 50 55 45
1 28 3 71 83 66 48 49 88 70 96 56
1 29 70 59 29 47 22 57 15 20 61 59
1 30 87 23 53 11 48 44 42 34 29 44
1 31 28 49 68 48 37 55 54 60 65 39
1 32 16 52 43 57 61 42 85 70 90 60
1 33 2 89 70 61 50 76 95 83 90 50
1 34 69 50 47 47 16 15 33 20 54 64
2 3 72 55 29 52 40 36 60 49 63 60
2 4 42 56 71 74 75 50 56 66 55 65
2 5 77 19 33 49 33 32 12 37 45 40
2 6 83 47 29 49 48 51 21 51 56 55
2 7 48 40 58 43 68 30 38 39 57 52
2 8 94 8 7 39 13 47 49 49 15 6
2 9 85 20 53 52 41 42 32 37 9 35
2 10 40 40 43 45 29 68 71 61 64 50
2 11 71 32 40 45 63 21 52 22 35 36
2 12 47 28 27 36 26 39 69 61 47 53
2 13 43 48 73 32 65 69 64 40 34 50
2 14 1 76 81 89 57 63 69 97 51 78
2 15 38 52 37 76 59 45 40 64 76 73
2 16 56 58 33 44 71 43 55 39 44 41
2 17 34 37 64 50 45 39 75 41 59 38
2 18 53 29 37 73 61 64 38 34 72 59
2 19 55 61 63 68 71 63 58 60 56 43
2 20 9 65 93 59 51 81 93 90 55 72
2 21 89 31 10 41 14 54 6 54 33 27
2 22 61 56 30 19 61 33 55 65 50 55
2 23 57 38 26 64 68 38 58 58 50 32
2 24 49 48 62 40 37 67 44 56 61 37
2 25 19 74 55 67 54 43 84 65 65 63
2 26 34 74 57 76 74 39 48 71 45 82
2 27 42 47 73 74 36 45 57 43 64 30
2 28 68 37 37 54 30 37 52 24 58 55
2 29 52 59 52 55 68 71 39 27 49 40
2 30 74 48 32 57 54 23 36 20 34 33
2 31 72 60 18 51 39 39 30 58 38 62
2 32 88 18 14 19 41 45 38 17 41 18
2 33 9 69 64 93 83 52 91 94 88 89
2 34 3 65 87 80 87 94 52 75 50 51
3 4 93 49 38 47 52 49 41 29 19 17
3 5 43 49 46 28 75 33 73 68 50 47
3 6 46 34 27 49 43 35 74 29 56 55
3 7 53 48 34 48 55 59 62 43 30 23
3 8 70 29 51 47 27 34 39 56 25 31
3 9 75 48 45 60 14 60 45 44 39 62
3 10 46 39 33 33 31 28 52 65 52 56
3 11 54 26 56 45 25 53 30 55 46 50
3 12 46 61 69 53 68 72 35 33 67 56
3 13 25 72 47 41 74 43 70 85 62 42
3 14 27 83 37 50 44 47 68 53 82 45
3 15 80 47 46 56 48 15 31 41 15 18
3 16 42 36 61 48 34 78 31 32 61 60
3 17 68 37 55 47 27 25 52 19 50 56
3 18 97 44 1 46 25 13 46 35 34 12
3 19 16 52 74 45 78 66 61 46 51 42
3 20 43 50 71 35 56 71 48 59 58 73
3 21 40 55 76 52 65 52 57 67 48 35
3 22 35 76 63 57 34 37 41 37 46 53
3 23 10 49 46 51 45 48 78 82 53 80
3 24 15 84 65 80 77 44 68 58 59 91
3 25 76 60 36 37 54 60 58 57 27 28
3 26 23 57 60 77 76 43 46 74 65 54
3 27 59 46 60 65 63 28 34 52 53 41
3 28 84 33 17 50 8 53 43 41 9 13
3 29 39 31 56 61 31 78 43 51 72 75
3 30 74 53 40 59 38 19 33 56 17 49
3 31 13 69 62 64 52 72 54 70 65 91
3 32 57 28 70 48 47 24 45 31 51 40
3 33 59 45 50 26 61 33 56 52 60 66
3 34 33 76 76 63 37 69 59 59 68 72
4 5 72 27 18 18 22 32 19 44 43 34
4 6 52 64 70 53 37 61 40 60 62 57
4 7 65 61 29 33 55 60 40 33 31 36
4 8 37 35 43 72 40 47 78 37 34 59
4 9 62 60 29 66 23 21 25 22 22 36
4 10 84 20 48 19 36 15 31 9 29 40
4 11 2 90 86 66 72 64 73 52 88 92
4 12 99 21 41 18 40 32 34 9 32 9
4 13 64 22 53 67 17 29 57 20 29 56
4 14 13 91 53 73 52 61 71 66 48 71
4 15 8 89 86 82 54 85 67 74 49 89
4 16 8 65 80 88 58 79 85 78 50 87
4 17 32 75 45 62 67 61 56 50 73 62
4 18 5 89 90 87 61 90 52 91 85 51
4 19 18 87 66 77 55 67 69 72 42 69
4 20 99 10 26 44 24 15 13 43 16 31
4 21 71 31 22 62 15 27 60 56 51 30
4 22 31 43 82 59 80 66 61 49 57 39
4 23 99 41 47 3 22 10 8 27 10 15
4 24 20 83 67 87 48 57 40 67 41 57
4 25 50 66 44 31 67 37 63 28 34 26
4 26 10 46 88 81 62 57 46 63 80 88
4 27 75 39 46 18 54 15 49 24 13 28
4 28 80 54 40 21 16 33 16 19 51 16
4 29 88 33 44 54 18 19 48 14 22 44
4 30 82 46 18 37 39 22 15 31 11 44
4 31 93 20 29 40 27 29 45 26 9 45
4 32 95 40 40 46 44 34 41 38 14 15
4 33 17 73 67 75 78 77 64 83 80 60
4 34 16 44 85 44 77 82 52 71 71 70
5 6 29 67 79 79 80 70 72 36 41 39
5 7 91 34 47 11 44 29 25 29 18 45
5 8 88 54 37 23 38 14 7 40 36 26
5 9 12 69 82 88 70 92 70 85 78 52
5 10 60 28 31 62 47 42 43 53 55 69
5 11 0 79 83 76 59 76 76 97 73 75
5 12 95 51 2 51 20 5 16 38 6 38
5 13 83 9 48 23 24 32 24 43 50 43
5 14 1 94 49 64 59 70 73 49 72 65
5 15 57 27 26 54 32 61 44 27 38 54
5 16 73 51 23 29 25 52 38 52 20 62
5 17 88 30 25 10 31 53 9 8 29 33
5 18 61 57 64 47 39 41 25 48 57 42
5 19 49 45 34 72 29 26 64 61 31 72
5 20 14 86 58 53 49 47 83 92 49 91
5 21 26 39 81 65 66 55 60 40 82 83
5 22 36 32 78 49 71 78 49 66 69 74
5 23 73 22 34 49 61 46 22 18 43 40
5 24 6 68 60 88 95 54 49 78 49 63
5 25 87 45 13 45 55 10 53 35 37 43
5 26 11 85 73 55 79 59 77 61 45 66
5 27 45 76 64 50 35 45 41 32 28 31
5 28 41 47 65 55 51 49 66 49 57 33
5 29 82 38 56 12 11 33 27 58 30 31
5 30 87 34 7 49 40 36 48 41 10 47
5 31 51 61 33 43 28 44 42 47 70 47
5 32 98 49 33 28 15 44 14 11 33 20
5 33 92 43 30 28 34 49 49 34 23 31
5 34 93 29 37 19 16 21 13 21 40 10
6 7 61 30 27 35 35 63 57 31 54 30
6 8 35 51 61 57 44 41 59 38 40 34
6 9 55 59 24 56 42 58 51 22 50 27
6 10 61 51 56 50 21 53 56 52 26 48
6 11 13 92 75 54 90 68 74 43 47 87
6 12 6 54 68 76 95 51 70 69 56 67
6 13 89 51 9 24 45 34 26 32 14 11
6 14 10 86 76 63 78 83 89 78 56 94
6 15 32 57 70 34 40 39 41 55 53 81
6 16 56 26 63 67 55 35 30 55 71 50
6 17 50 31 69 44 51 68 73 30 64 27
6 18 60 50 69 59 45 67 43 66 20 57
6 19 88 54 23 17 55 20 49 34 32 21
6 20 40 77 49 42 62 44 63 73 52 67
6 21 14 51 80 83 63 51 70 78 90 90
6 22 99 35 12 21 7 3 15 4 25 40
6 23 65 34 64 41 63 60 19 45 18 30
6 24 19 47 85 79 65 43 71 88 60 79
6 25 50 62 73 32 31 74 70 28 59 62
6 26 3 75 58 77 95 95 94 96 71 52
6 27 18 53 71 84 71 64 69 45 81 59
6 28 17 81 78 71 51 86 54 44 63 57
6 29 23 75 58 70 81 59 60 78 46 53
6 30 12 85 71 89 88 73 64 84 48 49
6 31 83 51 32 37 34 15 57 30 46 51
6 32 49 33 54 58 41 48 26 28 53 53
6 33 74 12 43 16 60 51 59 30 19 59
6 34 51 74 65 66 72 43 63 50 44 27
7 8 53 41 61 64 31 23 70 61 51 44
7 9 60 20 56 24 58 31 30 27 69 36
7 10 81 51 35 40 32 32 9 39 57 18
7 11 45 35 33 41 74 45 58 75 30 44
7 12 46 68 31 52 40 31 40 32 73 29
7 13 34 65 55 46 72 70 38 43 80 67
7 14 93 18 9 6 34 40 30 38 15 23
7 15 51 37 39 52 33 44 25 59 34 63
7 16 11 76 54 68 66 45 69 88 47 73
7 17 81 39 16 13 13 42 48 51 43 29
7 18 36 74 68 38 37 49 46 59 73 62
7 19 80 51 22 58 45 41 17 26 12 16
7 20 9 77 88 61 72 72 90 94 52 93
7 21 86 25 39 45 55 48 18 56 37 25
7 22 6 65 69 80 70 63 48 77 78 86
7 23 90 28 7 28 41 15 38 53 40 7
7 24 52 72 47 28 26 35 49 35 34 65
7 25 45 75 58 61 71 58 60 37 62 76
7 26 72 36 18 62 55 49 63 32 44 29
7 27 45 47 29 50 69 76 57 33 55 62
7 28 45 28 31 73 29 66 65 64 32 60
7 29 29 40 69 73 49 83 62 79 67 39
7 30 37 33 32 76 74 45 78 35 44 39
7 31 58 38 42 21 36 31 29 42 49 35
7 32 57 46 37 42 45 46 51 70 36 27
7 33 29 60 36 62 66 44 80 42 54 84
7 34 41 38 62 72 69 36 64 63 64 63
8 9 43 38 29 29 47 59 37 74 47 71
8 10 53 69 32 31 61 23 61 35 53 35
8 11 84 50 22 7 23 55 14 56 11 16
8 12 82 15 49 32 53 34 31 32 48 38
8 13 83 23 55 33 34 35 50 21 21 19
8 14 61 24 64 65 41 51 51 28 19 46
8 15 86 8 45 12 35 14 9 20 31 42
8 16 92 51 11 36 36 30 32 37 38 6
8 17 38 51 74 49 40 69 61 80 71 74
8 18 95 28 4 48 34 21 11 18 29 2
8 19 30 66 61 39 35 53 49 41 42 66
8 20 92 15 38 40 50 25 6 24 23 42
8 21 25 61 69 68 39 38 40 79 48 74
8 22 26 59 77 75 42 72 61 52 69 81
8 23 31 76 36 69 73 71 54 54 37 62
8 24 61 22 36 43 54 31 28 66 41 51
8 25 72 33 42 27 63 25 16 63 19 63
8 26 45 59 65 47 72 30 51 59 51 69
8 27 35 80 75 47 37 71 72 55 46 38
8 28 81 35 11 49 41 56 58 11 41 27
8 29 0 64 66 62 89 64 56 65 77 74
8 30 33 74 76 77 71 48 60 63 66 62
8 31 73 35 34 46 43 62 57 60 26 58
8 32 7 93 49 59 87 78 57 48 65 71
8 33 75 49 32 48 44 53 61 37 51 13
8 34 63 61 31 68 19 46 67 31 50 47
9 10 37 59 52 75 70 60 80 50 63 77
9 11 67 39 52 62 60 57 53 43 19 35
9 12 5 57 66 73 62 72 97 63 48 87
9 13 85 13 28 27 51 41 35 17 40 22
9 14 79 17 55 42 23 21 37 13 13 54
9 15 6 50 93 58 79 57 56 60 49 54
9 16 0 97 93 81 60 56 69 69 85 71
9 17 87 55 36 44 31 51 41 15 36 36
9 18 82 25 47 30 29 10 22 40 17 24
9 19 33 38 43 73 61 79 42 75 43 50
9 20 33 79 76 76 62 35 40 66 48 69
9 21 59 38 69 33 47 23 55 39 44 54
9 22 6 52 66 90 80 73 54 74 87 56
9 23 29 76 49 72 77 64 45 39 61 67
9 24 61 54 31 52 37 58 37 31 45 68
9 25 69 27 46 57 56 49 49 30 53 49
9 26 13 77 53 77 70 52 66 55 70 84
9 27 17 75 59 81 86 62 73 52 79 57
9 28 64 24 36 39 23 52 32 63 65 28
9 29 57 64 32 30 45 40 25 48 28 41
9 30 46 62 48 39 71 65 51 54 64 61
9 31 58 31 58 38 57 59 56 48 36 66
9 32 32 65 61 77 59 67 38 35 59 35
9 33 65 18 54 30 25 55 46 61 33 23
9 34 54 47 59 57 34 29 49 37 23 29
10 11 56 61 47 38 27 26 41 60 54 58
10 12 73 16 47 14 33 23 51 25 35 61
10 13 89 15 43 44 52 18 46 24 11 28
10 14 53 47 41 41 44 48 54 31 61 34
10 15 60 55 27 55 48 43 26 38 62 47
10 16 48 62 48 37 33 56 33 33 44 54
10 17 16 57 63 50 43 61 87 78 60 89
10 18 1 50 71 54 84 61 68 51 60 71
10 19 95 15 50 36 44 11 11 13 43 10
10 20 42 35 49 43 43 51 30 29 31 42
10 21 27 62 75 51 75 69 49 38 63 81
10 22 17 85 48 71 86 41 57 59 79 51
10 23 65 58 60 64 29 29 38 39 53 27
10 24 15 50 46 70 61 69 59 55 59 62
10 25 98 29 15 20 43 34 46 49 44 23
10 26 84 50 33 45 40 34 12 48 18 46
10 27 10 64 94 60 71 46 45 48 73 60
10 28 65 36 58 64 32 35 27 38 18 51
10 29 90 42 40 5 21 25 48 6 30 19
10 30 32 37 51 72 70 42 49 67 66 62
10 31 61 37 23 48 57 63 56 63 54 28
10 32 83 35 19 23 15 16 25 36 17 26
10 33 40 43 68 62 55 41 68 73 74 44
10 34 66 38 61 38 27 39 37 48 34 57
11 12 64 34 65 53 64 65 20 52 27 33
11 13 56 43 40 56 63 65 37 62 24 22
11 14 56 51 31 53 39 67 34 27 34 60
11 15 99 18 22 43 20 31 19 34 19 48
11 16 23 41 72 70 74 69 43 69 67 69
11 17 91 6 24 48 9 28 23 44 31 13
11 18 25 51 72 76 80 48 78 85 82 77
11 19 38 71 39 59 60 61 67 48 57 40
11 20 75 27 43 59 59 29 34 34 58 53
11 21 9 48 69 94 80 90 90 80 78 70
11 22 53 30 68 49 56 25 72 27 52 42
11 23 50 56 65 40 54 38 55 27 64 47
11 24 51 25 24 34 44 49 55 66 42 72
11 25 25 78 60 74 40 45 47 85 45 77
11 26 47 60 40 48 56 29 66 70 29 31
11 27 84 11 20 37 44 26 41 21 16 56
11 28 78 43 47 46 30 14 39 14 13 57
11 29 31 77 78 39 81 66 66 56 60 50
11 30 28 76 66 74 50 69 42 85 39 58
11 31 5 56 52 48 91 48 65 52 82 48
11 32 51 58 55 72 38 56 69 52 24 52
11 33 89 27 53 29 50 36 54 33 41 11
11 34 67 28 46 37 29 33 42 23 39 64
12 13 79 25 19 41 39 34 25 24 13 22
12 14 19 49 44 48 79 49 78 86 61 43
12 15 94 42 35 11 19 15 9 39 12 5
12 16 15 83 72 75 47 73 78 72 89 64
12 17 63 27 34 64 28 19 27 45 21 62
12 18 93 21 45 47 23 25 20 6 51 35
12 19 73 57 31 28 58 21 33 59 28 34
12 20 28 40 58 36 75 66 77 44 53 79
12 21 65 17 31 41 28 65 24 29 21 43
12 22 83 9 30 34 8 53 58 15 35 25
12 23 40 36 51 52 42 47 74 42 39 76
12 24 39 50 76 33 43 66 63 42 54 74
12 25 67 59 17 53 32 56 27 31 55 55
12 26 16 53 87 53 80 59 72 64 50 84
12 27 11 48 72 80 67 71 74 73 93 78
12 28 31 83 35 66 69 75 61 83 76 65
12 29 20 57 63 54 73 57 81 47 86 50
12 30 90 16 18 27 20 10 54 7 23 12
12 31 50 48 63 67 50 46 38 53 71 52
12 32 30 36 77 65 54 61 59 82 49 46
12 33 61 42 51 39 57 47 34 29 43 61
12 34 65 47 28 27 41 46 27 57 38 54
13 14 56 32 37 71 56 57 30 40 31 71
13 15 8 46 70 72 92 90 90 46 92 58
13 16 79 47 26 27 47 36 59 45 48 26
13 17 17 80 59 77 44 69 63 87 85 51
13 18 37 68 80 80 38 46 73 41 42 53
13 19 78 25 31 26 56 11 48 58 24 11
13 20 83 45 28 45 11 15 53 43 50 29
13 21 69 33 35 43 20 54 50 46 62 43
13 22 65 38 34 64 59 26 49 38 26 44
13 23 75 20 48 37 54 33 51 60 18 58
13 24 44 63 41 65 35 65 74 41 70 58
13 25 40 51 79 79 38 34 50 30 34 73
13 26 37 78 60 59 80 60 62 64 65 75
13 27 28 49 65 49 38 40 77 48 51 76
13 28 2 85 64 60 62 56 69 56 87 55
13 29 67 66 62 58 37 56 43 47 45 61
13 30 84 14 16 55 36 49 28 54 50 41
13 31 5 61 60 83 92 54 83 81 52 48
13 32 14 78 59 50 62 49 56 92 45 81
13 33 64 46 19 30 28 28 54 66 35 19
13 34 50 40 42 65 72 68 45 64 49 49
14 15 32 51 66 81 58 39 41 50 40 44
14 16 99 27 37 45 44 18 29 27 15 48
14 17 61 47 64 23 63 50 58 33 64 40
14 18 89 5 35 24 25 27 35 37 49 41
14 19 91 28 22 41 52 38 33 27 53 43
14 20 24 58 76 54 38 86 62 73 59 46
14 21 83 9 34 57 44 24 38 28 41 54
14 22 15 43 42 42 70 56 42 48 56 63
14 23 57 43 54 28 67 42 41 62 63 38
14 24 9 58 55 47 85 75 47 49 49 84
14 25 39 70 73 48 52 54 56 77 64 43
14 26 70 60 55 49 24 54 55 58 32 28
14 27 68 50 37 27 40 48 55 47 61 18
14 28 31 62 40 46 82 62 71 78 36 41
14 29 93 43 11 16 44 52 12 44 36 27
14 30 86 53 49 12 46 14 16 53 18 40
14 31 48 67 56 75 30 43 55 32 60 27
14 32 86 47 8 42 35 10 20 28 51 53
14 33 67 46 44 56 54 64 19 43 28 20
14 34 33 77 83 77 60 44 63 62 35 78
15 16 77 56 23 29 34 60 39 18 47 34
15 17 60 59 20 44 44 28 26 28 49 62
15 18 81 21 26 40 58 56 42 50 13 46
15 19 95 38 34 20 41 32 34 7 50 35
15 20 90 28 18 12 8 44 42 49 38 38
15 21 28 39 80 57 66 36 84 46 40 49
15 22 93 52 32 14 41 6 34 10 23 6
15 23 73 61 22 40 22 34 59 37 41 15
15 24 7 49 93 61 50 58 78 87 65 73
15 25 41 54 47 40 59 74 35 54 72 51
15 26 37 39 39 67 80 34 54 54 63 51
15 27 62 64 37 50 36 35 34 42 20 61
15 28 22 73 62 60 61 64 65 67 54 45
15 29 62 62 33 49 34 55 34 54 30 57
15 30 63 68 50 63 56 47 63 18 57 43
15 31 2 78 87 97 98 50 71 60 68 88
15 32 65 61 51 66 51 53 28 27 28 41
15 33 54 60 64 38 57 67 54 65 54 46
15 34 64 28 40 40 37 62 39 24 28 42
16 17 78 51 20 23 11 52 46 51 47 51
16 18 12 63 62 88 93 61 72 83 54 62
16 19 92 28 41 4 4 5 15 48 24 22
16 20 11 53 66 77 55 64 48 49 74 78
16 21 33 38 39 63 38 76 69 75 82 62
16 22 68 38 61 55 31 19 43 53 60 54
16 23 35 34 40 80 51 79 43 45 38 58
16 24 39 76 67 48 47 34 44 35 59 45
16 25 55 39 27 37 38 64 33 41 24 45
16 26 88 27 40 26 33 21 8 10 16 49
16 27 83 10 44 56 38 54 51 22 13 48
16 28 94 52 12 25 21 29 16 48 13 4
16 29 25 42 43 49 86 57 67 76 84 46
16 30 31 53 76 46 42 79 68 69 58 59
16 31 21 72 51 81 62 78 87 41 41 43
16 32 44 28 73 65 31 48 71 56 38 30
16 33 65 30 53 53 25 65 63 30 42 27
16 34 25 66 49 49 65 70 80 50 75 71
17 18 85 51 33 9 15 40 27 43 44 29
17 19 10 65 82 82 49 89 91 45 78 84
17 20 88 18 18 25 38 22 11 46 39 12
17 21 29 79 72 70 52 85 45 70 43 59
17 22 61 25 22 63 25 68 53 38 24 65
17 23 22 49 61 74 65 79 81 84 86 74
17 24 36 69 70 41 47 39 71 36 56 62
17 25 51 41 53 45 33 40 38 62 49 58
17 26 80 53 34 24 31 54 57 18 35 39
17 27 1 80 66 53 62 81 90 88 71 60
17 28 89 53 20 16 8 47 45 21 37 50
17 29 14 83 59 54 77 87 54 46 72 87
17 30 21 55 81 43 40 67 57 73 88 70
17 31 85 53 9 21 17 44 53 50 51 46
17 32 79 52 44 21 51 26 43 53 28 24
17 33 4 73 74 87 58 59 69 93 86 87
17 34 24 60 53 39 73 68 57 39 63 54
18 19 83 50 20 46 11 37 40 19 57 52
18 20 7 47 79 65 48 70 73 47 94 94
18 21 30 84 56 62 56 41 63 38 73 76
18 22 79 11 40 40 24 57 23 25 52 34
18 23 40 56 71 63 38 68 37 61 36 35
18 24 86 54 28 40 39 34 42 41 45 8
18 25 6 92 87 67 69 65 89 90 69 50
18 26 56 24 65 60 69 66 50 29 65 70
18 27 68 20 44 18 41 41 53 21 45 22
18 28 34 78 36 52 38 37 42 70 64 68
18 29 16 57 43 82 69 87 62 50 84 54
18 30 24 73 58 66 46 79 47 73 45 72
18 31 40 49 48 53 71 40 78 39 50 50
18 32 82 18 24 26 57 37 24 48 12 49
18 33 76 28 17 45 28 36 27 33 19 40
18 34 47 47 67 46 48 56 31 53 37 63
19 20 90 30 23 23 22 12 20 44 14 25
19 21 85 27 31 10 29 44 39 16 19 20
19 22 86 22 13 44 51 20 31 35 50 9
19 23 83 25 13 18 54 22 9 50 45 34
19 24 81 38 29 34 28 23 48 45 24 46
19 25 79 50 30 58 36 26 29 29 54 22
19 26 10 62 89 72 50 76 77 90 61 57
19 27 22 41 51 68 47 60 61 53 49 82
19 28 79 41 28 29 31 22 15 22 24 21
19 29 13 55 58 69 73 65 57 73 58 50
19 30 50 43 36 72 39 33 38 38 41 69
19 31 18 76 60 76 56 71 73 74 48 71
19 32 76 22 17 27 17 29 58 61 55 22
19 33 15 57 60 80 67 68 67 87 52 47
19 34 82 46 30 49 20 57 47 20 23 22
20 21 4 55 83 95 68 74 63 60 91 74
20 22 84 44 46 9 10 39 23 31 55 23
20 23 16 89 44 45 84 60 55 60 61 63
20 24 27 49 73 62 68 68 64 75 58 56
20 25 51 29 56 38 60 69 71 47 38 61
20 26 94 38 6 16 49 34 25 7 30 35
20 27 66 65 45 52 49 38 22 36 37 31
20 28 59 45 61 29 21 58 54 40 39 51
20 29 44 54 48 74 31 49 68 45 42 55
20 30 87 10 16 43 29 52 35 20 41 16
20 31 77 20 26 19 16 34 13 18 60 57
20 32 77 50 45 57 25 34 61 19 22 50
20 33 25 46 46 44 40 69 73 55 79 39
20 34 48 47 39 68 51 52 36 55 39 35
21 22 81 41 25 22 13 48 50 12 44 10
21 23 53 42 64 37 31 63 30 33 34 56
21 24 16 78 43 49 58 45 82 79 79 84
21 25 34 73 65 54 63 63 36 58 49 50
21 26 14 56 85 88 59 80 50 84 86 48
21 27 63 31 23 37 67 19 60 61 40 29
21 28 29 82 65 67 54 36 42 48 60 79
21 29 83 41 35 37 16 48 47 30 56 17
21 30 81 16 11 10 57 28 13 59 31 15
21 31 94 27 50 35 51 10 26 34 14 46
21 32 89 48 22 33 34 23 25 6 8 31
21 33 86 25 33 27 34 32 47 47 8 10
21 34 21 67 70 53 62 45 60 74 71 41
22 23 64 26 26 50 66 53 30 65 42 52
22 24 22 46 53 68 78 76 67 60 39 60
22 25 25 72 64 51 41 68 44 85 38 40
22 26 76 27 14 52 28 46 58 58 56 12
22 27 79 23 55 21 55 22 41 34 54 38
22 28 79 16 43 56 32 57 46 49 41 35
22 29 99 37 19 14 32 45 25 29 24 26
22 30 20 81 64 79 79 57 86 62 66 84
22 31 34 32 42 79 53 43 59 35 69 77
22 32 2 57 77 77 95 71 60 57 94 59
22 33 59 33 45 30 27 22 47 41 60 31
22 34 84 14 36 36 32 43 46 31 39 24
23 24 19 55 84 51 86 79 64 62 59 67
23 25 4 74 72 53 63 87 79 71 55 95
23 26 62 45 25 36 44 50 29 49 60 65
23 27 72 61 59 32 24 48 52 52 50 39
23 28 32 44 79 52 53 81 75 82 81 65
23 29 81 29 38 58 47 25 52 31 56 49
23 30 94 41 16 5 33 13 43 10 38 47
23 31 13 63 55 81 75 89 77 58 50 65
23 32 14 44 75 92 57 77 53 78 46 82
23 33 44 27 40 65 38 41 43 68 66 55
23 34 51 62 28 55 52 33 62 31 67 40
24 25 60 30 37 52 46 47 54 61 59 30
24 26 84 16 47 14 32 23 34 9 25 21
24 27 19 74 62 66 63 50 77 58 63 82
24 28 34 60 78 74 49 41 61 54 38 45
24 29 56 43 60 62 32 38 46 37 30 56
24 30 42 44 70 71 77 71 52 39 48 33
24 31 7 59 71 65 66 94 63 95 58 68
24 32 30 74 38 75 79 75 83 58 49 74
24 33 77 24 44 49 31 17 44 58 60 11
24 34 41 32 76 43 57 66 38 58 69 32
25 26 91 6 18 9 14 50 24 17 54 46
25 27 92 15 31 12 16 35 33 21 49 12
25 28 17 77 86 68 89 79 66 62 67 68
25 29 31 67 64 35 67 61 34 48 56 57
25 30 36 60 42 36 71 55 53 32 59 40
25 31 61 32 63 43 33 50 56 28 63 39
25 32 51 24 50 60 70 61 52 49 47 71
25 33 25 61 71 80 83 82 61 62 57 37
25 34 19 77 51 40 52 64 72 75 58 78
26 27 24 62 42 68 78 63 47 59 77 69
26 28 16 74 83 68 76 43 80 43 53 46
26 29 35 63 51 67 60 60 61 74 56 47
26 30 10 87 55 50 90 57 53 91 77 80
26 31 68 51 34 45 16 46 31 39 52 36
26 32 94 15 48 14 23 16 14 28 42 14
26 33 55 27 23 63 61 55 45 41 38 47
26 34 7 49 68 92 52 52 70 68 77 59
27 28 26 76 47 58 65 65 75 59 41 37
27 29 89 40 43 53 24 8 18 38 36 35
27 30 4 90 63 50 63 95 87 54 54 69
27 31 36 48 59 80 78 67 62 38 33 48
27 32 38 56 72 68 34 69 70 64 55 74
27 33 45 29 51 63 67 32 71 27 73 66
27 34 23 83 74 46 58 85 67 84 86 51
28 29 69 18 26 56 21 36 58 37 41 45
28 30 83 56 47 48 36 44 38 45 47 24
28 31 9 91 75 91 68 50 51 65 70 71
28 32 46 66 51 75 63 34 36 35 72 69
28 33 13 53 53 77 48 69 89 78 55 50
28 34 3 67 84 65 90 64 80 50 79 58
29 30 1 99 95 87 58 63 73 87 60 71
29 31 66 47 51 24 59 28 65 48 31 29
29 32 68 28 39 46 32 64 51 24 32 43
29 33 65 42 37 22 66 56 20 66 51 47
29 34 97 2 34 48 5 22 3 2 21 48
30 31 63 45 33 56 66 19 21 39 39 60
30 32 11 92 76 76 45 64 66 92 81 90
30 33 87 49 55 46 21 14 9 31 24 20
30 34 51 72 64 28 58 59 54 24 54 65
31 32 32 68 60 82 68 35 39 77 66 65
31 33 84 18 43 44 12 33 32 11 30 56
31 34 15 71 76 48 76 43 44 61 82 83
32 33 0 66 68 74 67 79 68 64 72 76
32 34 23 67 70 71 69 76 86 57 48 87
33 34 65 40 40 56 58 61 19 19 61 53
