35 10
0.125 0.125 0.125 0.125 0.125 0.125 0.125 0.125 0.0 0.0 
0 1 79 30 25 28 30 18 32 24 17 30
0 2 78 32 20 32 22 24 28 32 25 19
0 3 74 31 27 30 33 31 23 27 33 26
0 4 11 90 78 84 87 88 89 77 81 78
0 5 51 43 54 44 41 48 47 51 48 44
0 6 57 37 38 45 45 46 36 47 48 45
0 7 65 34 34 34 30 33 43 35 40 32
0 8 97 9 16 10 15 11 6 12 5 6
0 9 19 70 69 79 68 69 75 71 81 72
0 10 6 87 83 82 83 91 88 82 87 84
0 11 97 7 14 14 15 14 7 11 13 7
0 12 35 64 69 61 58 67 63 60 65 65
0 13 53 40 44 45 47 46 46 42 46 45
0 14 72 28 36 33 28 26 28 25 29 36
0 15 60 37 43 35 36 43 36 39 47 45
0 16 69 30 26 33 32 37 39 36 39 35
0 17 77 28 24 27 25 25 31 34 26 20
0 18 63 38 43 33 40 45 40 33 32 34
0 19 35 65 65 56 68 62 65 56 58 60
0 20 55 51 46 52 42 41 46 47 40 48
0 21 1 89 85 97 92 91 84 89 84 94
0 22 83 23 25 25 20 20 22 16 14 22
0 23 38 63 67 61 53 64 53 56 53 53
0 24 68 33 30 40 30 30 32 34 40 39
0 25 2 84 85 84 90 90 93 97 86 90
0 26 60 35 39 34 44 46 35 33 46 42
0 27 89 10 12 23 13 12 16 17 13 9
0 28 61 35 46 44 45 37 39 35 45 47
0 29 17 74 72 84 74 77 84 77 79 71
0 30 3 96 96 85 88 94 93 93 84 88
0 31 53 43 41 46 42 45 43 49 45 43
0 32 87 12 14 15 21 11 22 18 10 16
0 33 73 35 27 31 29 29 28 27 31 31
0 34 12 81 75 79 86 79 89 86 87 81
1 2 57 47 47 45 47 48 47 38 48 49
1 3 48 50 58 52 43 53 55 47 45 55
1 4 67 28 38 33 41 39 36 40 38 32
1 5 5 86 94 84 89 83 94 84 95 91
1 6 19 74 73 78 79 69 83 75 73 81
1 7 68 41 28 40 33 32 41 39 31 34
1 8 41 64 59 50 58 58 50 64 57 57
1 9 43 62 52 51 60 57 58 50 56 59
1 10 35 56 67 68 68 57 65 68 69 67
1 11 12 86 82 81 77 85 78 75 81 81
1 12 72 31 33 25 35 24 37 24 33 33
1 13 16 74 74 84 77 73 74 79 81 73
1 14 55 42 42 39 49 45 43 48 38 50
1 15 10 79 77 89 90 87 77 83 82 75
1 16 33 64 68 58 62 60 69 60 69 66
1 17 62 44 41 45 44 43 37 33 39 36
1 18 8 85 87 89 87 82 91 81 83 77
1 19 42 49 58 53 62 53 53 59 63 52
1 20 72 37 32 30 24 34 35 35 27 23
1 21 56 42 43 40 39 49 46 45 47 48
1 22 97 4 5 14 10 8 5 12 10 17
1 23 62 43 39 42 39 39 34 38 43 45
1 24 74 23 33 28 33 28 22 28 35 31
1 25 98 7 5 1 1 9 9 5 11 7
1 26 44 56 61 56 55 49 55 50 54 54
1 27 59 45 49 38 46 35 38 35 49 40
1 28 85 22 23 21 24 16 26 19 14 18
1 29 92 12 20 7 9 8 9 13 10 17
1 30 52 42 42 53 46 50 50 43 51 41
1 31 23 67 67 65 68 70 78 67 70 67
1 32 99 15 1 15 10 11 3 1 0 12
1 33 63 45 42 40 33 41 35 37 34 44
1 34 88 15 18 23 21 18 15 17 19 13
2 3 34 69 67 65 64 60 56 64 61 62
2 4 25 76 76 72 72 75 76 65 64 77
2 5 66 30 39 36 42 29 31 40 33 37
2 6 17 72 72 77 70 80 73 73 75 72
2 7 98 2 1 6 12 7 2 6 14 15
2 8 0 86 89 93 96 98 88 92 98 86
2 9 42 53 50 61 57 63 59 60 61 56
2 10 45 49 49 55 51 55 50 50 55 47
2 11 43 57 61 49 51 56 62 56 48 51
2 12 62 34 42 41 36 44 31 42 42 40
2 13 82 17 20 19 28 26 14 22 26 23
2 14 49 44 54 43 42 51 51 44 50 46
2 15 55 40 50 44 49 51 43 48 53 43
2 16 7 91 87 85 93 87 79 86 78 84
2 17 59 48 48 47 46 44 48 47 45 40
2 18 29 63 61 73 69 62 70 70 61 63
2 19 98 11 7 13 7 6 7 2 4 4
2 20 46 50 53 46 48 46 57 56 55 56
2 21 8 88 86 87 82 87 82 88 91 83
2 22 21 67 66 72 71 66 77 74 67 71
2 23 82 20 22 29 29 26 22 23 25 24
2 24 82 17 18 26 21 25 22 18 19 21
2 25 90 8 19 22 15 17 14 16 21 12
2 26 46 48 46 51 60 48 57 53 50 53
2 27 98 6 12 5 5 14 14 13 9 3
2 28 57 40 47 44 43 48 39 46 43 44
2 29 52 44 45 51 52 45 48 52 46 51
2 30 73 30 34 36 27 30 33 22 23 27
2 31 65 30 43 40 38 38 33 43 32 42
2 32 68 28 36 36 36 36 29 36 27 33
2 33 52 42 50 53 48 42 41 43 54 41
2 34 4 81 83 90 87 86 83 95 88 88
3 4 26 67 70 73 63 64 72 73 74 62
3 5 52 48 46 44 48 51 53 44 41 49
3 6 54 50 47 45 50 51 47 42 53 48
3 7 11 76 79 84 81 79 77 88 75 75
3 8 66 31 41 36 41 31 36 41 37 28
3 9 1 91 86 93 87 93 84 89 88 94
3 10 69 36 38 33 34 38 31 34 27 26
3 11 29 65 74 66 70 68 68 68 62 70
3 12 13 85 81 88 85 81 80 87 83 86
3 13 53 48 43 51 52 49 44 53 49 45
3 14 47 58 45 45 55 56 57 54 56 52
3 15 23 75 68 79 79 72 78 66 74 73
3 16 84 17 23 15 25 22 23 21 18 20
3 17 58 44 47 42 44 40 41 47 35 44
3 18 65 40 33 31 36 34 33 40 32 35
3 19 10 80 84 76 83 78 88 90 78 85
3 20 27 70 67 72 75 70 67 73 76 64
3 21 77 29 22 32 21 23 32 24 30 19
3 22 23 79 65 75 67 77 72 78 75 75
3 23 80 31 20 27 22 28 21 23 27 24
3 24 94 9 11 8 18 7 7 9 15 13
3 25 19 77 72 77 73 81 80 71 70 79
3 26 45 55 52 52 57 49 47 46 50 60
3 27 4 91 89 92 87 93 93 81 83 82
3 28 12 84 74 86 74 77 80 83 77 78
3 29 24 76 79 68 78 76 73 71 65 75
3 30 76 23 35 22 31 24 31 31 22 33
3 31 50 56 51 42 42 45 46 42 43 46
3 32 5 92 85 88 83 83 89 88 84 85
3 33 72 23 27 29 33 29 32 34 35 26
3 34 40 61 54 57 58 64 56 56 61 65
4 5 98 1 14 4 3 15 13 15 13 3
4 6 17 75 84 70 76 70 79 77 71 77
4 7 2 92 93 90 92 97 84 89 87 95
4 8 58 36 36 39 38 43 41 49 39 44
4 9 73 35 23 30 27 35 30 35 25 28
4 10 44 52 56 59 48 50 60 61 53 50
4 11 23 73 78 77 67 76 76 74 75 68
4 12 32 70 59 62 58 64 70 61 69 67
4 13 10 81 85 78 90 86 86 85 77 79
4 14 46 52 60 49 48 52 53 51 47 50
4 15 25 68 75 76 78 67 70 67 70 71
4 16 58 43 35 42 49 40 42 38 50 46
4 17 77 27 31 23 21 22 25 20 21 20
4 18 95 16 18 16 14 5 14 4 15 10
4 19 76 22 23 28 22 30 33 25 27 22
4 20 51 52 45 50 52 44 44 45 48 49
4 21 51 41 42 41 54 46 52 55 50 41
4 22 75 23 28 34 26 35 26 30 35 27
4 23 14 81 81 78 77 73 77 79 81 77
4 24 66 37 42 30 41 43 41 36 41 39
4 25 88 16 13 9 16 10 10 11 13 17
4 26 55 40 52 46 40 40 51 46 46 41
4 27 73 35 31 28 36 31 28 34 30 24
4 28 8 79 90 89 92 89 81 86 81 82
4 29 29 74 69 71 73 73 61 69 65 67
4 30 18 83 74 84 72 77 82 83 70 71
4 31 70 34 36 31 28 27 36 36 38 30
4 32 17 82 75 82 74 78 79 74 73 84
4 33 41 55 52 52 57 57 60 56 62 59
4 34 88 10 17 17 22 16 17 10 23 22
5 6 3 81 87 85 90 84 90 86 84 87
5 7 23 78 77 68 65 75 75 76 75 72
5 8 59 39 46 47 37 43 46 36 35 38
5 9 60 47 41 39 40 35 42 43 44 41
5 10 37 64 57 66 60 66 58 56 57 56
5 11 14 81 80 85 85 77 84 82 82 73
5 12 50 54 42 53 52 46 50 49 53 43
5 13 95 18 4 12 5 15 11 8 17 17
5 14 30 72 71 67 59 66 61 61 66 65
5 15 18 72 71 81 83 81 82 72 84 71
5 16 63 41 40 44 31 40 45 43 39 40
5 17 28 62 68 69 68 67 74 69 61 67
5 18 80 24 16 26 18 16 29 29 26 29
5 19 87 11 18 23 25 16 15 16 16 12
5 20 81 25 30 30 18 16 24 25 26 30
5 21 47 56 59 58 55 50 46 48 53 56
5 22 76 21 32 27 27 32 33 31 25 30
5 23 40 55 50 50 53 50 51 58 63 61
5 24 50 56 42 52 48 55 49 44 45 55
5 25 1 97 96 92 92 95 88 95 87 97
5 26 98 5 2 5 6 5 1 15 12 9
5 27 20 74 77 71 81 73 81 73 71 73
5 28 0 90 89 89 91 97 91 93 85 90
5 29 81 24 25 19 17 20 30 23 16 28
5 30 14 76 77 76 77 81 79 85 80 75
5 31 53 42 51 50 47 41 43 45 44 40
5 32 90 13 12 22 19 22 12 9 15 10
5 33 71 32 30 35 25 31 37 31 28 36
5 34 62 43 41 40 41 35 33 39 42 45
6 7 71 35 29 37 38 36 25 30 26 28
6 8 79 20 21 28 30 24 20 24 19 24
6 9 96 11 16 8 13 9 15 6 3 5
6 10 40 54 57 51 56 55 62 54 55 54
6 11 25 68 65 77 73 64 72 69 66 67
6 12 73 28 33 25 22 26 29 24 29 27
6 13 14 79 73 85 73 82 80 75 81 75
6 14 7 82 80 80 78 82 92 89 82 81
6 15 70 25 33 37 39 29 25 32 36 32
6 16 12 75 88 83 76 81 85 80 89 82
6 17 84 26 25 13 20 17 24 27 26 22
6 18 12 81 76 88 88 81 76 75 74 75
6 19 64 35 32 30 44 36 43 40 39 44
6 20 14 73 75 76 84 86 72 74 79 73
6 21 59 37 36 39 45 34 47 44 40 44
6 22 63 33 45 45 42 38 34 37 35 33
6 23 60 39 44 39 46 46 42 35 39 45
6 24 75 24 32 25 31 29 25 26 33 30
6 25 45 58 60 57 56 54 50 49 59 48
6 26 44 58 56 61 54 59 47 54 51 49
6 27 19 73 73 80 82 79 82 76 70 78
6 28 23 78 75 69 72 74 65 79 78 79
6 29 61 38 39 45 36 43 35 35 47 34
6 30 34 67 60 62 56 55 59 63 57 61
6 31 4 84 84 96 94 95 90 87 94 82
6 32 99 2 4 4 1 3 5 2 1 2
6 33 18 71 79 73 71 79 77 79 73 81
6 34 91 21 19 8 21 17 15 13 11 18
7 8 11 78 80 86 76 86 77 80 86 85
7 9 67 35 34 35 36 32 30 36 38 30
7 10 20 78 77 78 70 73 79 74 80 79
7 11 97 9 16 5 4 10 10 3 7 8
7 12 97 10 4 16 10 3 13 5 9 7
7 13 24 72 72 73 71 71 66 73 68 66
7 14 12 83 87 83 85 78 86 75 87 80
7 15 69 40 30 36 35 29 40 40 34 32
7 16 49 54 44 46 50 56 57 51 54 49
7 17 14 87 86 78 86 83 87 84 81 83
7 18 88 11 17 10 20 10 13 13 22 14
7 19 59 35 38 45 46 47 46 34 45 43
7 20 64 42 32 41 36 43 31 40 41 40
7 21 55 44 52 40 44 40 39 39 41 51
7 22 73 30 34 26 25 30 34 29 35 26
7 23 61 35 39 40 33 34 38 35 43 41
7 24 40 56 58 56 61 64 54 52 64 64
7 25 83 19 26 25 19 15 19 17 29 14
7 26 13 87 75 74 82 85 76 78 78 75
7 27 68 39 30 31 28 37 31 29 40 31
7 28 24 71 74 67 66 66 76 71 68 75
7 29 53 52 42 39 41 44 53 45 46 50
7 30 74 32 35 27 30 36 28 26 30 36
7 31 37 54 57 57 64 59 60 63 63 65
7 32 30 68 64 59 70 67 62 67 59 62
7 33 34 57 60 62 66 60 69 66 64 56
7 34 81 30 22 19 18 24 28 29 15 20
8 9 79 30 22 24 20 19 24 21 23 20
8 10 38 67 56 60 67 59 53 59 56 52
8 11 17 79 72 84 80 70 74 70 83 78
8 12 6 87 93 84 94 83 94 85 88 92
8 13 33 58 69 68 65 62 67 66 69 70
8 14 45 58 54 49 50 59 54 46 55 60
8 15 79 27 21 18 22 23 18 18 20 22
8 16 85 19 20 18 23 18 19 14 26 26
8 17 76 30 34 25 27 29 33 24 25 30
8 18 25 65 67 76 76 75 74 71 68 65
8 19 6 83 81 90 83 82 79 91 85 86
8 20 39 65 65 55 63 60 65 52 55 63
8 21 56 47 40 44 50 41 49 39 42 43
8 22 19 82 82 76 68 68 75 69 74 73
8 23 18 80 82 76 70 73 80 82 75 75
8 24 92 9 6 10 13 13 8 20 18 11
8 25 14 75 85 75 78 79 75 73 76 73
8 26 29 64 60 65 70 61 67 70 65 65
8 27 89 15 15 12 14 11 18 21 15 10
8 28 96 5 10 7 7 11 5 17 11 9
8 29 11 81 84 90 83 88 82 88 83 80
8 30 51 49 54 44 45 46 43 54 51 51
8 31 17 81 75 84 81 81 74 83 74 73
8 32 7 84 91 82 89 91 87 83 83 80
8 33 42 50 55 60 58 52 49 57 58 63
8 34 66 42 37 39 28 31 33 31 34 42
9 10 22 67 65 76 80 72 70 78 78 74
9 11 29 68 63 60 61 60 64 68 73 62
9 12 91 12 9 11 17 16 11 20 12 15
9 13 41 55 54 59 52 53 57 61 57 54
9 14 51 52 49 52 49 48 50 44 51 54
9 15 15 86 79 79 86 85 84 73 76 86
9 16 36 55 62 64 56 67 61 58 57 67
9 17 9 78 90 83 79 81 84 87 87 77
9 18 14 74 84 77 75 76 80 78 74 79
9 19 34 68 69 70 60 67 67 55 60 56
9 20 47 57 46 59 47 55 52 48 46 46
9 21 87 17 23 16 17 13 19 12 12 19
9 22 70 38 39 32 27 27 28 29 39 34
9 23 64 29 38 39 35 34 32 39 34 30
9 24 79 29 32 20 26 28 23 29 31 30
9 25 67 40 32 39 33 40 41 29 37 41
9 26 77 23 32 19 26 34 30 24 24 27
9 27 89 16 18 9 16 23 17 14 10 18
9 28 6 87 92 94 80 93 87 80 86 91
9 29 4 95 83 88 86 89 95 92 95 95
9 30 1 90 85 86 85 95 97 93 92 98
9 31 20 69 75 72 69 71 72 79 75 81
9 32 81 28 23 18 25 27 16 16 23 18
9 33 56 51 50 41 40 41 42 51 36 46
9 34 31 66 60 72 68 64 69 73 62 58
10 11 95 8 18 9 10 9 15 15 7 14
10 12 6 88 79 80 83 87 85 81 81 91
10 13 60 34 47 45 47 40 42 44 46 38
10 14 67 31 42 39 35 28 41 31 37 38
10 15 74 33 29 34 31 22 28 29 32 25
10 16 9 78 86 81 86 77 81 86 77 78
10 17 49 52 43 57 52 45 54 47 54 44
10 18 40 54 57 58 57 61 54 57 64 63
10 19 89 16 12 22 16 17 22 19 21 17
10 20 96 11 9 12 6 16 11 13 11 7
10 21 22 78 78 79 75 70 70 68 77 71
10 22 87 15 18 20 18 15 13 17 16 24
10 23 27 70 66 68 72 71 64 75 70 72
10 24 69 40 27 37 29 35 26 28 36 28
10 25 48 54 48 44 52 46 57 55 45 54
10 26 60 42 39 40 45 40 33 45 41 35
10 27 39 65 61 58 63 59 61 57 51 61
10 28 74 34 31 33 33 32 27 29 32 27
10 29 49 43 54 47 46 50 49 55 48 55
10 30 22 75 71 67 78 72 79 78 80 79
10 31 65 38 32 42 39 40 33 33 29 42
10 32 26 69 72 76 73 70 74 74 69 77
10 33 22 73 76 69 69 77 77 70 71 66
10 34 24 77 70 65 75 77 70 67 76 68
11 12 37 54 55 67 57 63 56 67 56 64
11 13 17 73 78 76 71 72 76 77 71 77
11 14 93 11 5 7 9 14 10 17 5 9
11 15 62 37 41 35 42 44 41 44 35 42
11 16 43 59 61 58 56 50 48 49 55 49
11 17 37 61 62 56 60 57 57 61 61 64
11 18 48 45 57 44 51 44 53 58 45 50
11 19 72 31 37 28 36 37 38 38 25 30
11 20 41 56 52 50 50 50 59 49 58 50
11 21 1 88 88 97 88 90 84 87 87 92
11 22 17 83 72 80 72 78 73 71 82 75
11 23 1 85 92 91 91 95 85 98 84 89
11 24 52 53 49 54 53 49 43 41 54 42
11 25 53 44 40 43 53 53 39 47 53 43
11 26 90 16 17 9 12 11 17 18 23 9
11 27 79 27 20 21 31 24 25 28 21 25
11 28 45 47 47 52 50 58 61 48 49 54
11 29 19 73 73 72 80 75 78 71 72 71
11 30 63 43 35 35 35 37 37 32 36 44
11 31 6 91 82 92 83 92 80 81 89 82
11 32 49 53 49 46 43 52 57 53 45 44
11 33 81 23 16 26 23 22 20 15 22 27
11 34 3 92 88 87 91 89 94 88 95 82
12 13 52 42 52 45 47 55 51 47 52 41
12 14 12 87 76 80 74 75 77 77 78 85
12 15 83 14 25 23 20 27 14 28 22 24
12 16 91 17 16 11 15 12 9 18 18 9
12 17 99 3 9 9 13 12 6 10 9 5
12 18 80 25 17 21 27 26 29 29 27 29
12 19 62 39 32 38 40 35 38 44 43 35
12 20 90 13 13 11 10 12 9 12 13 16
12 21 57 46 42 49 39 39 45 47 44 43
12 22 7 84 81 80 93 80 91 89 92 90
12 23 85 13 16 18 15 23 22 26 22 15
12 24 51 53 53 55 49 54 43 44 43 45
12 25 58 37 36 48 48 39 37 42 36 35
12 26 81 18 25 29 26 26 23 19 25 16
12 27 90 23 12 13 11 22 9 15 10 13
12 28 45 60 58 57 53 50 49 47 46 55
12 29 43 56 58 61 51 48 62 60 52 56
12 30 46 46 49 56 55 59 59 48 50 60
12 31 91 17 14 10 15 16 18 14 17 21
12 32 82 19 20 26 26 25 15 29 16 25
12 33 40 61 62 62 60 65 52 62 51 57
12 34 70 32 39 39 27 32 25 28 26 34
13 14 40 59 51 57 54 61 53 63 63 53
13 15 49 48 46 42 56 46 48 51 51 45
13 16 74 33 30 36 29 32 30 22 31 24
13 17 37 64 59 59 56 63 59 55 61 59
13 18 99 2 3 6 13 2 15 14 15 1
13 19 21 72 75 68 77 80 67 70 76 78
13 20 87 16 20 20 10 10 13 18 15 10
13 21 15 86 84 84 78 75 86 72 72 86
13 22 21 73 67 73 67 71 70 69 74 75
13 23 15 80 75 81 83 83 83 75 76 73
13 24 45 55 46 51 55 56 57 50 50 57
13 25 94 17 8 11 5 13 18 17 8 10
13 26 12 78 89 85 82 81 88 84 85 79
13 27 45 48 60 53 57 53 58 46 49 57
13 28 4 86 83 89 92 84 88 83 82 94
13 29 45 51 55 54 47 55 48 58 61 47
13 30 96 13 8 13 11 9 16 12 10 12
13 31 26 77 66 64 73 77 74 75 66 74
13 32 26 76 72 70 62 62 72 70 72 73
13 33 53 48 50 41 47 44 43 42 45 53
13 34 89 9 13 22 17 18 22 23 23 9
14 15 13 79 83 82 83 82 83 82 86 80
14 16 20 73 70 82 72 77 74 71 70 68
14 17 64 40 31 40 45 44 39 36 35 42
14 18 92 10 14 17 15 19 8 11 12 21
14 19 36 68 60 54 67 56 59 61 57 61
14 20 1 90 96 91 87 89 95 88 94 96
14 21 74 29 22 35 35 25 26 36 21 28
14 22 11 84 78 88 78 79 76 86 77 81
14 23 62 35 35 36 33 37 42 38 37 43
14 24 20 69 81 70 81 75 68 79 75 71
14 25 55 51 38 47 46 38 50 42 44 45
14 26 41 59 49 56 54 51 62 61 62 63
14 27 70 29 37 39 28 31 28 38 25 32
14 28 40 57 60 51 55 65 60 54 52 51
14 29 91 14 10 15 18 19 18 20 11 11
14 30 44 54 55 52 57 56 47 56 62 54
14 31 44 55 61 53 55 56 55 49 52 60
14 32 92 19 8 17 20 8 20 14 6 11
14 33 55 52 42 38 41 45 44 43 45 39
14 34 93 15 6 7 10 17 11 16 8 18
15 16 54 53 48 38 48 49 38 42 47 43
15 17 14 86 76 87 87 76 81 85 73 85
15 18 38 65 61 62 62 61 54 56 64 56
15 19 54 38 48 42 52 39 40 47 44 52
15 20 71 35 25 32 27 25 29 31 37 26
15 21 87 18 14 12 20 13 13 12 13 23
15 22 90 12 11 14 23 21 10 21 14 18
15 23 85 21 26 21 22 24 14 23 26 24
15 24 54 50 52 45 52 52 45 48 41 51
15 25 22 68 77 72 80 74 77 74 72 80
15 26 68 36 37 33 41 34 27 32 35 42
15 27 24 71 73 77 75 77 66 65 75 68
15 28 25 72 65 77 70 64 72 71 75 74
15 29 95 14 5 15 8 6 8 10 7 7
15 30 46 49 51 47 49 59 55 56 46 57
15 31 33 69 57 58 58 63 67 68 66 67
15 32 55 38 39 49 48 52 40 51 51 43
15 33 60 43 35 47 46 35 35 39 44 36
15 34 67 42 28 31 33 40 29 28 34 33
16 17 48 54 58 44 53 45 58 45 55 58
16 18 33 65 63 62 60 58 69 65 65 70
16 19 39 60 54 52 63 52 64 65 54 65
16 20 50 47 47 54 50 56 47 50 47 51
16 21 71 27 28 31 32 30 31 33 25 31
16 22 37 53 62 53 56 66 66 57 58 63
16 23 55 45 51 49 49 47 39 42 45 52
16 24 50 50 55 42 47 56 44 55 46 49
16 25 53 44 41 51 48 52 47 46 43 45
16 26 75 24 35 30 33 32 30 27 22 22
16 27 91 16 18 12 9 19 9 17 21 20
16 28 60 37 34 41 42 39 46 40 40 36
16 29 86 14 18 22 14 26 26 12 18 18
16 30 5 80 81 94 87 90 80 89 82 80
16 31 7 84 90 87 83 84 88 89 79 82
16 32 74 33 22 34 28 35 32 31 24 23
16 33 9 84 82 87 84 84 77 86 83 90
16 34 43 56 48 58 54 49 54 61 55 49
17 18 87 25 24 19 11 24 24 11 12 22
17 19 1 95 94 88 91 89 94 96 89 95
17 20 20 68 72 80 80 80 79 69 80 68
17 21 82 24 20 26 29 18 14 20 19 28
17 22 62 41 39 45 36 40 36 42 44 39
17 23 59 36 45 41 47 36 42 34 38 39
17 24 27 75 67 68 73 75 66 72 66 65
17 25 8 78 88 83 82 86 92 89 81 88
17 26 30 68 59 66 59 70 63 69 61 63
17 27 12 82 79 86 78 78 78 80 87 77
17 28 6 87 88 94 81 92 80 85 82 92
17 29 36 68 55 57 60 56 59 66 56 55
17 30 6 90 87 88 82 81 87 85 84 90
17 31 30 62 70 64 61 70 66 67 71 59
17 32 94 17 10 14 6 10 5 18 8 10
17 33 83 22 21 27 21 16 23 26 28 22
17 34 51 42 45 54 53 55 50 48 52 51
18 19 74 22 30 28 28 32 24 29 28 29
18 20 28 63 70 62 71 63 67 63 69 71
18 21 17 73 77 75 80 78 82 77 71 73
18 22 22 66 72 67 70 76 75 76 71 74
18 23 54 49 48 47 46 47 47 50 40 38
18 24 44 54 61 55 53 48 54 49 47 48
18 25 31 60 70 66 65 71 63 66 60 63
18 26 11 88 87 87 86 81 89 90 76 79
18 27 5 85 88 83 93 84 84 94 84 87
18 28 83 26 23 24 15 22 23 27 24 27
18 29 50 48 51 55 50 54 48 54 56 45
18 30 3 94 87 86 83 86 91 94 95 82
18 31 85 21 23 21 15 23 20 24 13 14
18 32 86 21 25 25 24 24 22 19 13 20
18 33 97 6 9 15 3 8 13 15 7 14
18 34 77 28 34 21 32 29 24 29 29 22
19 20 0 94 92 96 96 94 87 95 88 85
19 21 48 53 43 52 54 52 54 53 43 49
19 22 86 20 13 13 26 21 13 17 20 13
19 23 49 53 47 54 47 43 53 57 52 53
19 24 42 52 60 49 63 61 60 49 53 62
19 25 32 67 65 71 66 60 68 65 71 65
19 26 62 38 46 41 46 34 38 39 40 40
19 27 2 91 92 97 82 85 93 92 84 97
19 28 68 29 29 31 35 37 38 30 37 33
19 29 69 33 35 31 34 28 37 25 35 29
19 30 99 0 8 10 12 14 11 14 3 7
19 31 18 76 83 79 82 80 71 75 81 80
19 32 30 64 65 63 61 63 65 60 66 70
19 33 83 22 25 15 15 19 15 26 14 25
19 34 11 86 83 88 87 79 78 83 81 75
20 21 84 24 22 27 17 17 20 23 15 24
20 22 62 37 43 33 46 34 45 42 44 32
20 23 59 36 35 47 45 43 49 43 39 36
20 24 7 80 78 83 82 84 81 84 87 87
20 25 39 63 56 55 53 62 52 60 54 65
20 26 92 20 8 11 15 7 7 14 10 7
20 27 81 26 29 16 17 28 25 18 18 18
20 28 38 59 52 57 61 54 55 63 53 64
20 29 83 13 22 25 16 20 24 22 18 28
20 30 27 73 70 61 61 72 63 72 66 63
20 31 10 77 80 88 84 88 82 79 85 83
20 32 94 18 9 8 17 16 18 9 15 7
20 33 11 79 88 87 76 83 76 76 81 76
20 34 98 12 4 13 6 3 10 10 7 3
21 22 52 51 43 51 52 52 43 41 49 41
21 23 25 64 72 67 63 74 71 71 75 72
21 24 1 96 87 93 87 87 84 91 89 88
21 25 68 41 29 32 28 32 27 28 41 41
21 26 30 71 73 60 70 67 71 61 60 73
21 27 57 36 47 42 39 46 40 42 37 44
21 28 84 27 19 21 17 24 24 22 23 16
21 29 70 26 30 25 28 34 27 37 27 26
21 30 49 55 44 43 46 47 49 57 47 49
21 31 87 10 15 23 15 17 17 12 21 24
21 32 70 35 36 33 26 36 28 25 29 35
21 33 24 63 78 64 71 66 69 74 67 67
21 34 97 10 5 14 8 2 8 14 15 5
22 23 39 59 63 51 55 65 55 58 59 54
22 24 51 44 51 46 45 53 45 41 42 51
22 25 78 33 31 27 22 23 31 30 22 30
22 26 41 51 62 54 61 49 50 56 54 51
22 27 13 88 80 85 81 79 84 78 74 86
22 28 60 46 43 42 41 46 35 46 47 35
22 29 53 41 44 52 43 44 45 40 40 39
22 30 19 71 73 81 71 70 74 82 80 70
22 31 42 57 60 53 54 62 52 50 61 54
22 32 87 25 25 11 25 11 18 11 10 16
22 33 45 50 48 59 56 58 50 58 55 46
22 34 10 87 86 86 85 80 90 90 79 76
23 24 10 80 83 91 77 87 86 85 87 78
23 25 67 35 31 35 35 33 41 30 31 38
23 26 13 75 80 75 83 74 87 79 82 81
23 27 55 39 43 43 46 43 39 41 49 45
23 28 76 26 20 31 27 27 25 34 24 25
23 29 13 87 84 74 81 84 80 78 82 83
23 30 27 69 73 65 72 69 69 73 66 68
23 31 37 64 56 59 57 63 66 55 58 56
23 32 75 31 28 23 34 21 24 24 22 31
23 33 75 21 30 35 34 29 35 22 24 31
23 34 7 82 78 87 84 81 81 81 89 81
24 25 51 54 52 47 51 52 54 47 45 43
24 26 95 6 3 5 12 11 17 15 5 7
24 27 99 6 5 0 4 13 5 8 8 2
24 28 67 35 32 28 33 36 30 41 33 34
24 29 80 19 19 28 16 31 21 18 30 16
24 30 83 17 19 15 24 14 27 21 27 14
24 31 37 57 65 67 54 67 56 58 54 57
24 32 0 89 95 93 89 96 90 86 93 88
24 33 42 53 55 50 60 55 51 58 59 51
24 34 97 13 7 2 12 4 12 11 11 5
25 26 64 38 43 32 38 31 38 34 37 41
25 27 9 80 80 77 79 84 79 82 78 85
25 28 2 91 89 85 89 94 94 90 94 92
25 29 35 65 62 63 58 60 54 55 65 65
25 30 90 8 8 11 15 14 11 21 23 16
25 31 29 66 67 67 60 65 64 65 63 63
25 32 52 43 45 43 48 47 55 49 43 44
25 33 55 44 49 42 48 50 42 41 39 51
25 34 99 5 14 3 14 4 13 4 8 1
26 27 84 26 17 13 17 25 14 16 23 17
26 28 49 54 49 54 55 45 46 47 55 43
26 29 57 49 41 38 40 38 47 46 47 43
26 30 15 84 72 78 81 78 77 72 76 77
26 31 9 86 89 84 86 89 79 84 77 79
26 32 23 70 77 69 73 65 79 76 68 67
26 33 69 31 39 30 29 32 29 36 34 34
26 34 71 31 34 36 36 30 38 35 27 36
27 28 40 51 50 58 50 55 57 59 52 55
27 29 47 55 52 49 55 59 50 58 57 45
27 30 6 89 89 82 80 93 81 82 92 92
27 31 25 75 68 63 65 70 76 64 68 64
27 32 89 15 18 18 14 12 18 21 15 14
27 33 24 72 78 75 71 65 66 78 71 76
27 34 83 17 23 24 22 25 27 26 26 26
28 29 38 62 61 67 55 58 53 54 63 64
28 30 53 47 54 40 46 39 39 46 51 47
28 31 91 14 8 17 17 15 18 15 19 12
28 32 7 79 81 89 92 79 86 85 89 89
28 33 98 11 7 12 10 10 9 4 15 13
28 34 59 48 41 49 42 41 44 48 37 48
29 30 87 11 14 14 19 16 18 12 14 15
29 31 52 52 46 47 50 43 44 48 53 48
29 32 76 23 29 30 26 21 24 26 32 27
29 33 54 50 40 44 41 38 52 43 51 48
29 34 74 29 32 21 32 35 27 28 30 25
30 31 0 87 96 88 89 91 85 97 96 89
30 32 35 68 64 67 61 65 55 61 54 60
30 33 96 8 6 9 6 6 9 15 6 9
30 34 84 27 23 25 16 20 16 21 17 25
31 32 61 43 43 42 40 34 44 40 46 44
31 33 34 64 64 65 66 66 60 67 57 68
31 34 86 22 22 17 19 16 16 18 13 19
32 33 97 3 12 3 5 6 6 15 11 8
32 34 74 30 36 33 28 22 27 29 24 25
33 34 77 26 19 19 29 21 33 31 31 30
