27 4
0.25 0.25 0.25 0.25 
0 1 23 27 33 25
0 2 11 10 13 21
0 3 48 44 46 48
0 4 44 43 51 49
0 5 26 36 32 30
0 6 8 11 15 11
0 7 61 58 60 59
0 8 35 37 40 40
0 9 23 34 25 27
0 10 58 56 54 50
0 11 44 42 44 44
0 12 20 26 26 22
0 13 61 65 55 62
0 14 82 74 76 77
0 15 47 41 42 55
0 16 79 73 81 78
0 17 2 16 10 13
0 18 67 70 64 71
0 19 23 34 22 22
0 20 33 40 30 35
0 21 68 60 60 67
0 22 75 78 77 65
0 23 84 73 83 73
0 24 11 20 23 21
0 25 65 58 57 63
0 26 44 42 43 40
1 2 3 14 16 3
1 3 25 35 22 23
1 4 71 65 61 62
1 5 77 78 69 69
1 6 72 69 67 64
1 7 98 95 89 95
1 8 8 10 9 15
1 9 66 70 68 69
1 10 99 91 92 95
1 11 36 37 32 33
1 12 95 86 83 82
1 13 32 27 30 37
1 14 5 13 14 6
1 15 41 40 42 43
1 16 78 68 75 79
1 17 79 70 75 75
1 18 66 68 71 58
1 19 28 35 31 27
1 20 7 8 15 9
1 21 45 48 52 43
1 22 95 91 88 85
1 23 2 10 12 9
1 24 40 45 36 44
1 25 91 78 80 89
1 26 44 38 39 45
2 3 80 73 75 77
2 4 38 39 44 38
2 5 26 25 30 34
2 6 69 67 58 62
2 7 76 76 72 69
2 8 4 7 7 9
2 9 16 18 14 17
2 10 3 9 13 17
2 11 29 29 33 37
2 12 10 15 18 20
2 13 80 70 72 72
2 14 48 48 55 50
2 15 17 23 22 26
2 16 10 17 18 13
2 17 62 53 67 63
2 18 49 43 51 53
2 19 13 24 14 13
2 20 57 58 63 49
2 21 25 30 26 26
2 22 38 35 46 33
2 23 9 12 18 11
2 24 92 83 83 87
2 25 30 32 39 36
2 26 17 16 24 19
3 4 12 20 20 21
3 5 68 58 59 66
3 6 18 25 23 23
3 7 79 78 75 78
3 8 38 33 35 34
3 9 94 86 93 89
3 10 50 52 47 51
3 11 37 41 43 38
3 12 70 62 62 71
3 13 26 27 36 23
3 14 57 56 55 61
3 15 38 47 40 33
3 16 65 62 57 60
3 17 47 47 49 54
3 18 12 23 14 12
3 19 49 45 46 54
3 20 40 37 37 38
3 21 38 46 45 35
3 22 99 88 91 98
3 23 55 50 58 47
3 24 86 76 82 83
3 25 74 65 71 78
3 26 86 76 74 73
4 5 91 79 90 89
4 6 11 13 17 15
4 7 23 23 34 26
4 8 6 12 9 19
4 9 32 29 36 40
4 10 77 74 75 79
4 11 41 41 36 47
4 12 78 68 73 79
4 13 53 57 51 52
4 14 35 31 44 37
4 15 20 18 28 26
4 16 29 38 37 25
4 17 77 68 66 72
4 18 11 15 13 12
4 19 32 40 42 36
4 20 36 35 36 43
4 21 95 84 85 88
4 22 31 32 36 41
4 23 73 73 64 65
4 24 72 63 68 63
4 25 34 40 33 36
4 26 84 80 78 84
5 6 30 37 37 34
5 7 25 23 23 28
5 8 92 92 85 90
5 9 56 51 62 51
5 10 93 85 93 84
5 11 27 34 24 35
5 12 62 56 61 66
5 13 31 37 34 36
5 14 90 77 79 85
5 15 54 56 57 56
5 16 25 35 32 26
5 17 61 58 63 54
5 18 54 54 50 55
5 19 6 15 18 9
5 20 16 15 24 23
5 21 79 69 82 72
5 22 43 43 42 47
5 23 60 64 60 56
5 24 0 13 5 3
5 25 67 58 67 58
5 26 25 27 30 23
6 7 44 44 38 50
6 8 14 19 24 17
6 9 98 98 95 90
6 10 75 72 72 77
6 11 19 21 26 29
6 12 15 24 21 24
6 13 78 68 77 77
6 14 85 76 73 75
6 15 92 84 83 92
6 16 74 67 68 69
6 17 45 51 43 46
6 18 84 82 74 76
6 19 54 61 50 58
6 20 92 88 85 81
6 21 42 49 43 44
6 22 44 43 37 52
6 23 61 57 62 65
6 24 71 70 64 66
6 25 55 61 53 48
6 26 19 23 16 30
7 8 94 94 84 82
7 9 65 60 71 63
7 10 48 50 42 48
7 11 92 92 78 91
7 12 88 87 76 85
7 13 21 24 23 27
7 14 25 27 26 23
7 15 13 24 23 19
7 16 56 62 50 53
7 17 46 41 39 42
7 18 21 19 22 23
7 19 84 86 82 79
7 20 7 15 13 13
7 21 73 72 63 76
7 22 80 72 77 72
7 23 59 63 65 61
7 24 40 38 48 40
7 25 6 11 9 5
7 26 30 27 36 32
8 9 57 60 62 60
8 10 77 73 69 78
8 11 49 43 42 52
8 12 35 35 37 43
8 13 50 43 43 48
8 14 80 69 69 70
8 15 40 38 46 38
8 16 46 41 42 43
8 17 70 65 73 65
8 18 80 71 71 74
8 19 44 52 39 40
8 20 33 37 40 31
8 21 28 32 35 33
8 22 29 36 34 27
8 23 79 81 68 74
8 24 62 66 54 54
8 25 43 47 46 39
8 26 71 61 65 69
9 10 61 65 60 54
9 11 88 88 89 79
9 12 56 53 50 61
9 13 97 86 83 95
9 14 31 28 37 31
9 15 41 49 49 48
9 16 71 65 68 65
9 17 77 73 74 70
9 18 12 19 13 15
9 19 6 18 6 18
9 20 82 82 84 71
9 21 86 80 85 78
9 22 68 72 69 64
9 23 8 9 10 19
9 24 40 44 45 47
9 25 37 34 40 32
9 26 73 71 72 67
10 11 72 73 61 62
10 12 47 52 43 48
10 13 8 21 8 9
10 14 4 15 4 9
10 15 24 31 28 34
10 16 3 16 6 13
10 17 10 13 14 11
10 18 4 13 18 17
10 19 86 81 86 81
10 20 82 71 81 75
10 21 4 5 9 8
10 22 44 45 41 40
10 23 36 35 39 40
10 24 87 85 79 86
10 25 87 74 75 81
10 26 1 5 4 1
11 12 97 94 90 86
11 13 15 14 18 15
11 14 78 71 70 69
11 15 28 27 25 37
11 16 48 43 46 42
11 17 30 35 28 29
11 18 97 92 89 93
11 19 65 70 57 65
11 20 70 67 66 72
11 21 37 36 39 40
11 22 64 57 57 65
11 23 82 83 75 74
11 24 3 5 10 3
11 25 19 19 25 25
11 26 34 39 30 32
12 13 55 46 57 60
12 14 61 57 52 56
12 15 98 93 91 85
12 16 30 33 27 28
12 17 64 64 65 66
12 18 73 72 73 62
12 19 51 53 48 45
12 20 36 34 42 35
12 21 28 38 33 30
12 22 64 56 58 56
12 23 6 18 8 13
12 24 91 79 82 92
12 25 98 89 87 89
12 26 72 71 75 74
13 14 36 35 39 38
13 15 63 61 60 55
13 16 56 50 51 61
13 17 7 14 18 15
13 18 53 59 56 55
13 19 61 62 53 53
13 20 95 93 91 89
13 21 91 78 80 91
13 22 29 40 37 38
13 23 19 24 18 24
13 24 58 50 56 56
13 25 38 39 37 37
13 26 93 87 85 86
14 15 84 73 80 85
14 16 82 70 78 70
14 17 20 25 24 18
14 18 42 42 42 48
14 19 37 34 40 37
14 20 20 24 29 22
14 21 71 71 68 64
14 22 19 26 29 16
14 23 93 91 87 82
14 24 24 34 29 32
14 25 68 72 60 63
14 26 78 80 72 69
15 16 3 14 15 12
15 17 79 81 76 78
15 18 23 19 23 24
15 19 15 25 27 13
15 20 18 26 18 21
15 21 28 27 26 30
15 22 84 74 81 86
15 23 74 68 65 64
15 24 64 67 60 61
15 25 79 76 70 76
15 26 31 31 28 35
16 17 8 16 14 8
16 18 73 74 76 71
16 19 11 15 24 24
16 20 62 61 59 59
16 21 80 73 82 81
16 22 80 79 79 68
16 23 41 41 42 39
16 24 99 88 84 87
16 25 0 12 10 13
16 26 7 10 9 16
17 18 99 89 90 99
17 19 30 36 29 26
17 20 57 60 54 59
17 21 62 61 57 56
17 22 0 0 10 10
17 23 64 65 66 60
17 24 18 24 16 20
17 25 25 23 35 33
17 26 29 31 38 34
18 19 15 26 22 26
18 20 78 74 71 79
18 21 23 26 22 24
18 22 37 31 39 31
18 23 91 83 79 78
18 24 94 92 94 93
18 25 16 25 26 15
18 26 25 31 30 27
19 20 16 23 16 20
19 21 32 34 39 42
19 22 39 46 39 33
19 23 80 69 76 81
19 24 7 6 8 11
19 25 23 23 29 33
19 26 83 84 81 72
20 21 53 58 55 56
20 22 30 33 33 28
20 23 64 68 63 58
20 24 40 40 49 45
20 25 35 35 35 35
20 26 53 48 55 54
21 22 28 25 30 37
21 23 33 34 29 43
21 24 86 84 80 82
21 25 38 37 42 34
21 26 53 60 48 47
22 23 84 75 75 86
22 24 49 56 43 45
22 25 96 83 83 87
22 26 96 89 96 87
23 24 47 48 49 51
23 25 81 79 81 81
23 26 50 52 56 44
24 25 44 45 46 38
24 26 92 88 80 91
25 26 7 11 16 12
