33 4
0.25 0.25 0.25 0.25 
0 1 3 5 17 5
0 2 14 26 12 25
0 3 87 83 81 88
0 4 9 14 19 8
0 5 36 39 30 44
0 6 98 94 94 91
0 7 37 33 39 45
0 8 5 18 7 11
0 9 15 13 15 13
0 10 64 56 67 56
0 11 24 34 26 22
0 12 24 23 31 31
0 13 98 95 83 86
0 14 59 62 61 51
0 15 24 33 28 27
0 16 24 21 32 34
0 17 87 80 85 74
0 18 43 39 49 42
0 19 16 22 21 14
0 20 4 11 11 17
0 21 55 50 60 52
0 22 26 32 24 35
0 23 51 44 56 52
0 24 65 70 55 55
0 25 96 95 84 96
0 26 45 44 52 42
0 27 64 63 67 56
0 28 24 35 28 32
0 29 97 94 97 86
0 30 61 62 66 65
0 31 79 76 70 70
0 32 21 29 30 23
1 2 70 60 65 71
1 3 21 26 30 32
1 4 57 51 54 50
1 5 91 88 90 89
1 6 34 29 41 42
1 7 83 76 76 85
1 8 94 93 88 81
1 9 33 40 31 32
1 10 21 18 24 21
1 11 79 77 77 80
1 12 55 59 54 54
1 13 3 3 11 15
1 14 63 53 55 58
1 15 92 86 81 83
1 16 92 85 84 78
1 17 15 21 15 16
1 18 80 74 78 78
1 19 96 84 89 94
1 20 70 60 66 68
1 21 33 35 40 30
1 22 30 35 37 37
1 23 81 83 82 81
1 24 78 76 77 75
1 25 58 59 64 60
1 26 52 53 55 45
1 27 96 85 86 93
1 28 18 25 24 26
1 29 60 62 59 59
1 30 4 15 15 14
1 31 91 82 79 90
1 32 20 26 24 22
2 3 27 24 36 31
2 4 91 86 82 88
2 5 81 69 78 72
2 6 7 12 16 9
2 7 41 42 35 38
2 8 76 68 69 68
2 9 77 72 79 75
2 10 10 9 20 19
2 11 86 82 76 88
2 12 62 57 58 61
2 13 76 66 68 71
2 14 24 24 31 32
2 15 92 93 84 85
2 16 93 86 84 79
2 17 62 59 55 53
2 18 10 16 20 10
2 19 3 8 6 15
2 20 70 61 72 65
2 21 97 89 89 83
2 22 83 85 83 80
2 23 27 23 28 32
2 24 70 67 61 67
2 25 42 42 42 51
2 26 36 31 33 37
2 27 28 28 33 25
2 28 49 48 49 45
2 29 82 82 71 82
2 30 97 95 91 86
2 31 71 62 70 72
2 32 51 54 50 53
3 4 17 16 16 20
3 5 56 48 49 48
3 6 91 88 90 80
3 7 98 92 85 87
3 8 91 79 77 85
3 9 74 68 75 64
3 10 42 49 51 36
3 11 68 70 70 67
3 12 38 34 45 43
3 13 59 54 57 63
3 14 72 73 75 65
3 15 85 83 86 82
3 16 43 47 45 43
3 17 88 86 77 88
3 18 76 68 66 77
3 19 70 68 61 68
3 20 60 61 55 65
3 21 72 61 66 69
3 22 2 16 11 11
3 23 9 22 20 12
3 24 50 47 53 49
3 25 82 77 80 76
3 26 78 72 67 79
3 27 16 28 29 21
3 28 71 65 73 66
3 29 97 93 88 87
3 30 56 59 48 57
3 31 88 77 79 80
3 32 46 49 50 49
4 5 7 7 11 19
4 6 50 49 48 53
4 7 25 33 26 30
4 8 81 80 72 80
4 9 1 15 6 7
4 10 59 50 62 56
4 11 96 84 87 92
4 12 63 57 66 66
4 13 21 27 30 23
4 14 83 82 74 82
4 15 26 24 33 26
4 16 71 74 67 62
4 17 73 66 67 68
4 18 90 87 87 85
4 19 5 7 5 16
4 20 37 32 38 36
4 21 28 33 36 24
4 22 92 84 88 90
4 23 74 65 70 69
4 24 96 84 85 86
4 25 69 72 61 66
4 26 19 17 21 31
4 27 67 68 68 63
4 28 48 45 52 42
4 29 97 92 91 95
4 30 72 74 70 68
4 31 54 53 58 58
4 32 9 22 12 16
5 6 91 91 79 89
5 7 95 86 85 93
5 8 53 57 50 50
5 9 94 80 80 92
5 10 38 45 41 38
5 11 99 97 96 96
5 12 4 12 13 6
5 13 68 72 60 70
5 14 68 68 70 63
5 15 76 68 79 67
5 16 55 52 55 53
5 17 55 60 54 48
5 18 74 74 72 74
5 19 89 90 82 80
5 20 5 13 13 14
5 21 29 29 28 31
5 22 45 53 41 50
5 23 86 80 81 78
5 24 22 33 28 20
5 25 35 36 34 41
5 26 85 76 85 84
5 27 21 26 23 32
5 28 39 39 46 47
5 29 96 83 85 97
5 30 91 88 84 85
5 31 70 71 63 67
5 32 91 91 83 91
6 7 96 95 86 91
6 8 85 78 72 83
6 9 3 15 12 5
6 10 88 87 89 83
6 11 12 18 11 18
6 12 25 27 30 36
6 13 3 13 3 4
6 14 21 22 24 19
6 15 0 0 5 9
6 16 23 25 24 32
6 17 47 51 46 52
6 18 13 22 19 15
6 19 21 28 20 23
6 20 2 5 11 15
6 21 64 64 59 66
6 22 58 55 52 56
6 23 71 72 72 69
6 24 19 20 20 27
6 25 78 76 72 78
6 26 60 57 59 51
6 27 78 81 70 77
6 28 97 94 86 87
6 29 11 10 16 19
6 30 32 41 35 35
6 31 32 35 38 30
6 32 90 83 77 83
7 8 42 47 36 40
7 9 2 4 9 12
7 10 28 34 33 37
7 11 57 53 62 53
7 12 73 73 76 75
7 13 75 70 67 72
7 14 68 69 68 70
7 15 42 45 39 46
7 16 42 37 44 40
7 17 93 86 88 90
7 18 76 67 67 75
7 19 96 89 96 86
7 20 53 46 53 51
7 21 19 27 31 18
7 22 16 23 15 18
7 23 45 39 51 39
7 24 74 72 69 69
7 25 23 29 22 31
7 26 58 54 64 62
7 27 66 63 60 68
7 28 33 38 42 38
7 29 98 86 88 86
7 30 93 85 93 88
7 31 86 73 73 85
7 32 51 52 47 44
8 9 33 34 31 40
8 10 96 88 85 92
8 11 47 43 50 54
8 12 26 33 26 25
8 13 99 95 94 86
8 14 99 90 95 98
8 15 6 11 7 6
8 16 13 13 20 17
8 17 69 72 68 66
8 18 57 51 48 59
8 19 50 47 50 51
8 20 84 79 81 76
8 21 43 48 44 37
8 22 27 24 24 28
8 23 89 90 88 76
8 24 65 62 59 59
8 25 77 80 66 76
8 26 96 88 93 90
8 27 46 50 40 40
8 28 47 42 52 42
8 29 27 31 24 28
8 30 75 66 69 78
8 31 75 71 72 67
8 32 6 15 7 8
9 10 42 41 37 49
9 11 68 65 72 66
9 12 13 20 18 20
9 13 29 27 37 39
9 14 42 39 35 39
9 15 84 81 85 86
9 16 71 68 66 62
9 17 32 28 34 27
9 18 78 67 78 74
9 19 59 53 52 65
9 20 50 57 49 49
9 21 35 43 32 35
9 22 74 73 65 65
9 23 29 27 40 35
9 24 67 67 68 61
9 25 58 54 61 62
9 26 23 20 27 23
9 27 78 72 81 81
9 28 95 90 93 82
9 29 19 25 25 29
9 30 71 65 74 75
9 31 92 82 92 80
9 32 79 69 76 72
10 11 84 80 83 72
10 12 67 68 57 67
10 13 79 76 69 71
10 14 44 47 44 38
10 15 21 28 20 25
10 16 24 35 21 26
10 17 89 88 79 86
10 18 15 26 13 14
10 19 6 19 12 10
10 20 75 75 76 78
10 21 61 57 61 61
10 22 71 64 71 72
10 23 38 37 36 45
10 24 49 49 50 47
10 25 78 73 69 81
10 26 89 84 84 79
10 27 52 44 56 54
10 28 5 13 18 6
10 29 95 88 84 89
10 30 25 29 29 23
10 31 14 21 19 23
10 32 62 67 53 62
11 12 78 73 80 70
11 13 39 36 40 47
11 14 12 13 23 24
11 15 75 75 67 71
11 16 47 45 43 54
11 17 42 39 36 39
11 18 94 86 92 90
11 19 32 36 29 38
11 20 17 18 27 15
11 21 17 15 17 25
11 22 42 37 45 47
11 23 75 77 67 72
11 24 26 34 22 31
11 25 57 48 48 53
11 26 57 50 61 59
11 27 78 80 79 79
11 28 32 40 38 35
11 29 45 47 48 51
11 30 33 35 34 29
11 31 84 77 78 78
11 32 89 77 80 77
12 13 88 76 85 85
12 14 72 68 70 76
12 15 33 29 32 42
12 16 68 73 65 59
12 17 48 44 50 54
12 18 67 64 69 61
12 19 67 61 68 63
12 20 99 91 85 90
12 21 91 85 86 91
12 22 46 43 51 42
12 23 15 20 21 14
12 24 71 68 70 71
12 25 19 19 30 20
12 26 6 15 9 18
12 27 13 17 18 18
12 28 35 44 33 43
12 29 90 85 85 82
12 30 1 13 1 3
12 31 47 46 49 55
12 32 26 29 25 24
13 14 9 12 15 14
13 15 12 20 10 19
13 16 91 79 91 85
13 17 94 80 84 81
13 18 99 95 98 91
13 19 88 83 82 81
13 20 3 7 6 7
13 21 32 38 42 31
13 22 42 41 44 47
13 23 2 5 12 16
13 24 42 43 49 40
13 25 25 35 36 35
13 26 85 82 84 85
13 27 78 72 72 68
13 28 59 53 52 62
13 29 52 58 56 54
13 30 54 52 55 49
13 31 78 71 78 76
13 32 86 80 74 77
14 15 66 71 67 56
14 16 17 19 20 23
14 17 36 32 36 44
14 18 95 89 88 86
14 19 94 82 85 82
14 20 89 89 82 77
14 21 26 23 35 35
14 22 9 18 19 8
14 23 67 63 70 66
14 24 14 20 21 20
14 25 22 33 22 25
14 26 35 30 34 41
14 27 98 88 84 92
14 28 58 61 50 63
14 29 16 28 19 15
14 30 83 78 79 83
14 31 44 46 42 44
14 32 15 17 22 16
15 16 29 30 27 39
15 17 99 97 95 91
15 18 55 59 61 51
15 19 32 38 36 33
15 20 51 56 51 53
15 21 81 77 76 72
15 22 49 54 46 49
15 23 33 39 33 34
15 24 55 57 50 61
15 25 59 59 58 56
15 26 9 21 22 10
15 27 22 31 33 24
15 28 24 31 35 21
15 29 42 37 38 40
15 30 79 79 71 78
15 31 38 40 46 39
15 32 67 67 64 59
16 17 92 90 85 88
16 18 82 71 73 81
16 19 8 21 7 13
16 20 63 63 67 63
16 21 77 65 78 73
16 22 83 81 76 80
16 23 81 82 73 74
16 24 34 39 41 38
16 25 44 48 40 38
16 26 30 26 40 27
16 27 21 24 24 18
16 28 62 62 64 67
16 29 12 16 23 12
16 30 27 35 32 35
16 31 28 28 36 35
16 32 69 63 66 68
17 18 48 47 42 47
17 19 55 61 58 57
17 20 82 78 75 73
17 21 83 77 83 85
17 22 68 66 71 59
17 23 68 72 64 65
17 24 63 65 55 57
17 25 13 20 22 22
17 26 5 14 13 18
17 27 7 8 19 21
17 28 90 84 83 84
17 29 98 87 93 90
17 30 70 62 67 63
17 31 30 36 30 32
17 32 18 22 26 18
18 19 48 43 54 44
18 20 8 19 13 18
18 21 18 22 17 16
18 22 19 31 26 27
18 23 66 63 63 59
18 24 81 78 76 81
18 25 19 26 20 30
18 26 31 28 36 41
18 27 61 57 58 56
18 28 20 25 22 17
18 29 34 32 33 30
18 30 95 83 82 94
18 31 13 13 18 18
18 32 32 31 41 38
19 20 14 16 20 19
19 21 43 51 37 39
19 22 82 80 81 72
19 23 72 74 62 73
19 24 64 61 57 64
19 25 55 51 57 51
19 26 45 46 42 47
19 27 98 83 97 85
19 28 66 66 69 64
19 29 21 23 21 20
19 30 6 13 13 6
19 31 50 50 47 51
19 32 20 32 29 23
20 21 25 26 33 27
20 22 26 37 26 35
20 23 50 45 42 53
20 24 31 39 35 31
20 25 84 83 75 75
20 26 22 32 19 32
20 27 29 37 30 38
20 28 18 25 19 23
20 29 77 70 76 67
20 30 99 94 95 86
20 31 26 26 36 27
20 32 2 10 6 14
21 22 84 73 71 80
21 23 42 36 36 48
21 24 36 35 36 37
21 25 4 6 14 8
21 26 79 67 70 72
21 27 51 47 51 48
21 28 99 92 92 84
21 29 26 29 28 33
21 30 72 73 72 67
21 31 7 10 15 17
21 32 20 31 24 20
22 23 5 16 8 16
22 24 76 72 79 72
22 25 39 42 36 41
22 26 81 80 70 74
22 27 76 78 77 71
22 28 18 28 19 19
22 29 35 41 43 36
22 30 32 33 39 34
22 31 31 36 40 27
22 32 46 46 50 42
23 24 2 10 10 8
23 25 77 76 75 75
23 26 78 71 81 73
23 27 69 65 69 60
23 28 87 85 77 84
23 29 65 60 55 59
23 30 21 31 33 25
23 31 88 80 88 77
23 32 14 24 16 13
24 25 9 17 17 17
24 26 25 34 22 32
24 27 86 85 85 78
24 28 34 37 30 40
24 29 29 36 26 31
24 30 13 16 12 25
24 31 68 68 64 68
24 32 75 66 71 75
25 26 84 80 73 75
25 27 69 72 71 65
25 28 38 40 35 35
25 29 85 72 80 85
25 30 14 22 15 19
25 31 41 38 41 36
25 32 81 75 73 78
26 27 13 11 11 14
26 28 3 8 5 8
26 29 28 29 25 25
26 30 15 14 14 21
26 31 20 28 18 27
26 32 74 63 65 77
27 28 31 34 39 31
27 29 67 63 70 70
27 30 48 55 48 48
27 31 83 76 86 81
27 32 57 53 57 52
28 29 98 85 88 94
28 30 6 14 18 14
28 31 74 72 67 69
28 32 37 42 41 32
29 30 59 60 58 59
29 31 44 39 38 44
29 32 59 60 64 64
30 31 28 31 32 36
30 32 42 40 48 38
31 32 80 82 69 81
