
48039.00
47961.40
47603.00
47905.40
47868.60
47991.40
47764.80
48057.80
48064.60
47836.60
48017.80
48068.00
47839.80
48030.00
47760.40
48013.80
47787.80
47898.60
47853.80
48057.40
47928.80
48042.60
47780.00
47992.40
47507.00
48003.00
47754.20
47807.00
47986.80
47881.20

48002.20
48170.80
47907.00
48057.20
48213.40
47501.60
48054.00
48048.60
47774.80
47747.60
48289.40
48008.40
47791.20
48033.20
47360.40
47379.20
47564.40
48123.20
47999.80
48155.40
47699.80
48196.60
48004.40
47772.80
48098.80
48346.00
47902.60
47850.80
47369.60
47208.20
