10 3
0.8 0 0.2
0 1 82 32 36
0 2 46 74 38
0 3 68 47 27
0 4 93 25 41
0 5 73 56 14
0 6 20 58 84
0 7 28 51 53
0 8 48 55 54
0 9 71 59 48
1 2 35 81 48
1 3 51 24 50
1 4 92 41 47
1 5 32 80 38
1 6 15 82 53
1 7 77 52 34
1 8 2 49 63
1 9 35 73 76
2 3 68 46 51
2 4 99 47 30
2 5 71 29 30
2 6 94 16 10
2 7 48 67 65
2 8 7 67 67
2 9 90 19 44
3 4 85 34 32
3 5 28 59 80
3 6 39 77 59
3 7 57 26 65
3 8 38 70 55
3 9 77 26 50
4 5 97 43 5
4 6 71 47 39
4 7 9 54 45
4 8 82 26 53
4 9 6 69 84
5 6 11 93 53
5 7 50 31 63
5 8 53 25 64
5 9 91 9 6
6 7 76 48 61
6 8 26 86 81
6 9 51 42 73
7 8 90 17 25
7 9 2 70 73
8 9 76 12 46
