17 3
0.7 0 0.3
0 1 91 33 1
0 2 21 39 94
0 3 84 67 58
0 4 74 49 76
0 5 46 77 36
0 6 35 49 46
0 7 76 35 29
0 8 23 38 25
0 9 40 45 79
0 10 54 14 10
0 11 65 16 58
0 12 11 45 60
0 13 46 36 87
0 14 73 49 22
0 15 84 40 20
0 16 74 57 37
1 2 28 66 29
1 3 60 35 33
1 4 38 40 49
1 5 22 55 80
1 6 58 56 55
1 7 77 15 44
1 8 91 30 58
1 9 90 65 71
1 10 93 46 54
1 11 20 88 87
1 12 43 89 33
1 13 12 24 36
1 14 82 7 4
1 15 33 20 63
1 16 56 82 52
2 3 18 78 60
2 4 35 89 50
2 5 34 72 42
2 6 1 61 55
2 7 2 64 53
2 8 36 52 48
2 9 10 97 42
2 10 10 90 44
2 11 87 12 22
2 12 3 39 70
2 13 59 26 10
2 14 69 59 34
2 15 44 23 70
2 16 5 38 36
3 4 82 79 39
3 5 41 70 79
3 6 75 76 36
3 7 73 57 73
3 8 58 69 86
3 9 0 80 52
3 10 6 95 95
3 11 1 81 71
3 12 23 87 34
3 13 1 39 93
3 14 21 70 62
3 15 33 72 63
3 16 67 23 11
4 5 49 60 53
4 6 53 36 60
4 7 83 41 69
4 8 88 64 54
4 9 72 48 28
4 10 32 66 34
4 11 20 52 72
4 12 16 29 44
4 13 95 14 67
4 14 30 44 48
4 15 55 19 16
4 16 16 84 90
5 6 16 47 50
5 7 65 41 11
5 8 43 59 62
5 9 86 49 32
5 10 30 87 65
5 11 63 37 75
5 12 8 41 29
5 13 56 54 35
5 14 2 83 50
5 15 87 67 34
5 16 88 76 26
6 7 14 81 29
6 8 32 46 85
6 9 90 10 42
6 10 9 52 69
6 11 37 37 77
6 12 57 87 23
6 13 36 91 91
6 14 66 63 48
6 15 22 69 86
6 16 35 18 20
7 8 14 71 21
7 9 99 71 18
7 10 38 56 39
7 11 7 34 24
7 12 65 70 76
7 13 38 85 86
7 14 62 77 84
7 15 63 48 9
7 16 55 60 55
8 9 59 55 57
8 10 4 20 24
8 11 70 37 35
8 12 8 84 64
8 13 57 54 83
8 14 10 84 25
8 15 81 21 51
8 16 80 41 16
9 10 92 69 40
9 11 96 33 42
9 12 33 32 22
9 13 37 15 13
9 14 73 6 11
9 15 15 21 21
9 16 56 63 60
10 11 38 31 17
10 12 57 46 33
10 13 83 81 23
10 14 91 27 73
10 15 19 19 66
10 16 78 28 81
11 12 68 52 49
11 13 1 20 94
11 14 34 66 79
11 15 82 50 46
11 16 96 45 22
12 13 36 57 20
12 14 2 72 33
12 15 42 34 61
12 16 28 47 52
13 14 83 53 18
13 15 35 92 86
13 16 45 70 27
14 15 30 52 22
14 16 69 7 27
15 16 23 64 56
