30 3
0.2 0 0.8
0 1 38 65 65
0 2 77 44 31
0 3 64 53 40
0 4 44 39 76
0 5 26 65 66
0 6 18 73 49
0 7 45 40 53
0 8 84 48 56
0 9 80 35 39
0 10 12 52 70
0 11 61 59 20
0 12 77 32 43
0 13 83 57 42
0 14 99 0 33
0 15 91 25 45
0 16 32 50 77
0 17 41 71 45
0 18 64 34 64
0 19 59 34 68
0 20 78 33 31
0 21 42 69 69
0 22 26 78 39
0 23 43 40 53
0 24 86 51 17
0 25 64 37 51
0 26 17 88 80
0 27 10 62 62
0 28 90 34 44
0 29 6 86 67
1 2 63 20 27
1 3 48 39 48
1 4 78 58 39
1 5 52 70 35
1 6 14 80 59
1 7 10 61 46
1 8 49 59 69
1 9 1 53 59
1 10 91 16 52
1 11 66 60 37
1 12 28 38 60
1 13 19 55 50
1 14 36 80 67
1 15 71 30 33
1 16 94 38 35
1 17 38 38 71
1 18 86 23 37
1 19 34 60 46
1 20 70 52 60
1 21 95 11 4
1 22 82 24 50
1 23 67 21 21
1 24 41 59 30
1 25 42 31 32
1 26 37 79 78
1 27 80 41 37
1 28 20 73 78
1 29 2 69 88
2 3 96 47 50
2 4 78 36 39
2 5 87 21 54
2 6 27 41 62
2 7 91 21 20
2 8 84 18 30
2 9 18 73 69
2 10 26 81 73
2 11 91 42 29
2 12 49 33 46
2 13 71 16 51
2 14 23 82 85
2 15 84 10 32
2 16 3 93 54
2 17 27 38 60
2 18 92 43 13
2 19 71 59 31
2 20 26 66 78
2 21 7 88 70
2 22 67 29 21
2 23 17 79 80
2 24 53 70 63
2 25 49 28 39
2 26 19 58 79
2 27 95 15 17
2 28 48 41 31
2 29 16 53 61
3 4 11 74 60
3 5 79 39 15
3 6 60 36 38
3 7 93 11 16
3 8 8 51 50
3 9 56 69 39
3 10 9 83 75
3 11 86 49 12
3 12 51 33 36
3 13 86 40 27
3 14 82 32 36
3 15 85 50 39
3 16 4 60 76
3 17 70 34 28
3 18 98 23 45
3 19 60 59 45
3 20 78 18 25
3 21 79 20 24
3 22 83 25 28
3 23 43 38 42
3 24 7 80 77
3 25 18 84 47
3 26 77 23 46
3 27 94 25 47
3 28 53 57 65
3 29 53 65 70
4 5 14 81 58
4 6 81 30 46
4 7 90 28 49
4 8 45 51 29
4 9 82 27 56
4 10 92 32 50
4 11 6 73 64
4 12 48 51 75
4 13 49 57 25
4 14 7 80 85
4 15 26 77 58
4 16 54 26 49
4 17 73 58 28
4 18 11 90 45
4 19 82 21 37
4 20 48 55 42
4 21 74 31 53
4 22 37 58 40
4 23 13 78 48
4 24 79 37 30
4 25 5 52 57
4 26 96 6 48
4 27 12 68 62
4 28 66 36 66
4 29 83 10 54
5 6 72 61 55
5 7 8 73 80
5 8 71 27 39
5 9 34 80 57
5 10 18 47 46
5 11 71 22 50
5 12 49 62 55
5 13 13 70 59
5 14 48 44 38
5 15 24 59 79
5 16 11 86 50
5 17 47 27 57
5 18 39 70 55
5 19 80 21 28
5 20 87 36 38
5 21 69 55 27
5 22 24 41 82
5 23 58 55 59
5 24 61 40 64
5 25 17 46 89
5 26 4 65 89
5 27 57 47 27
5 28 54 64 39
5 29 47 32 37
6 7 29 72 42
6 8 26 80 54
6 9 66 62 51
6 10 51 57 66
6 11 9 72 82
6 12 42 41 56
6 13 2 58 96
6 14 30 73 80
6 15 83 56 16
6 16 31 63 40
6 17 85 11 45
6 18 34 77 71
6 19 89 30 39
6 20 93 25 49
6 21 92 42 28
6 22 22 68 84
6 23 96 12 31
6 24 9 84 95
6 25 9 48 76
6 26 21 63 51
6 27 89 9 33
6 28 83 25 35
6 29 12 60 48
7 8 53 72 31
7 9 97 16 33
7 10 67 33 32
7 11 84 17 34
7 12 72 20 52
7 13 84 46 11
7 14 37 72 76
7 15 28 85 57
7 16 28 65 62
7 17 54 65 44
7 18 76 20 14
7 19 20 64 51
7 20 87 24 19
7 21 8 90 82
7 22 93 6 3
7 23 95 15 47
7 24 60 62 21
7 25 60 37 50
7 26 85 40 32
7 27 81 54 26
7 28 30 42 76
7 29 67 32 21
8 9 17 71 66
8 10 15 55 70
8 11 66 57 30
8 12 67 24 51
8 13 98 1 49
8 14 63 41 31
8 15 85 37 33
8 16 22 76 47
8 17 64 67 33
8 18 45 48 63
8 19 60 38 64
8 20 20 61 59
8 21 58 36 50
8 22 37 65 73
8 23 6 69 92
8 24 41 74 38
8 25 26 80 81
8 26 52 73 23
8 27 17 62 65
8 28 31 57 79
8 29 78 44 56
9 10 17 75 45
9 11 1 75 55
9 12 81 22 57
9 13 45 56 64
9 14 19 75 49
9 15 19 55 87
9 16 25 58 45
9 17 2 51 63
9 18 65 59 25
9 19 61 27 40
9 20 15 68 61
9 21 67 48 48
9 22 19 90 89
9 23 66 56 53
9 24 98 17 17
9 25 2 96 75
9 26 5 71 81
9 27 26 64 40
9 28 41 59 57
9 29 14 79 83
10 11 93 6 38
10 12 19 47 40
10 13 78 15 29
10 14 20 65 48
10 15 90 39 25
10 16 49 55 25
10 17 82 51 38
10 18 12 56 93
10 19 47 54 40
10 20 38 68 34
10 21 15 81 56
10 22 72 56 39
10 23 67 18 51
10 24 10 61 61
10 25 27 37 52
10 26 37 77 50
10 27 68 26 25
10 28 99 40 2
10 29 62 60 24
11 12 9 76 63
11 13 61 52 45
11 14 68 19 61
11 15 4 50 60
11 16 46 39 58
11 17 40 38 48
11 18 40 77 40
11 19 17 60 45
11 20 30 40 41
11 21 61 20 24
11 22 46 42 50
11 23 65 23 53
11 24 0 59 65
11 25 19 82 80
11 26 50 69 27
11 27 51 50 39
11 28 85 23 9
11 29 37 49 61
12 13 73 15 39
12 14 27 57 36
12 15 73 20 19
12 16 58 61 32
12 17 2 62 92
12 18 37 71 77
12 19 82 9 15
12 20 4 65 49
12 21 25 71 50
12 22 10 81 64
12 23 99 43 21
12 24 44 74 40
12 25 74 59 22
12 26 63 28 67
12 27 53 25 51
12 28 35 74 38
12 29 89 42 23
13 14 64 39 46
13 15 60 43 45
13 16 65 62 41
13 17 78 30 18
13 18 35 75 79
13 19 46 69 37
13 20 97 10 22
13 21 75 26 32
13 22 45 44 34
13 23 34 44 76
13 24 21 44 40
13 25 65 19 32
13 26 46 51 62
13 27 15 69 51
13 28 29 58 52
13 29 79 26 22
14 15 8 59 58
14 16 38 34 34
14 17 24 68 83
14 18 62 26 18
14 19 31 60 75
14 20 34 43 70
14 21 8 71 87
14 22 49 45 46
14 23 6 95 92
14 24 76 43 21
14 25 24 79 66
14 26 27 69 52
14 27 82 36 22
14 28 78 27 53
14 29 50 42 42
15 16 13 63 52
15 17 80 25 57
15 18 51 62 64
15 19 86 18 45
15 20 98 47 44
15 21 56 65 53
15 22 6 60 62
15 23 8 46 83
15 24 89 36 50
15 25 84 44 25
15 26 1 73 91
15 27 77 23 43
15 28 76 44 15
15 29 68 63 60
16 17 42 35 29
16 18 55 40 24
16 19 54 54 24
16 20 95 37 49
16 21 71 51 27
16 22 36 75 47
16 23 51 72 39
16 24 92 6 49
16 25 79 12 43
16 26 86 49 43
16 27 58 27 45
16 28 15 84 48
16 29 8 60 53
17 18 79 47 31
17 19 35 35 43
17 20 21 50 54
17 21 2 64 58
17 22 36 55 36
17 23 78 41 31
17 24 93 24 45
17 25 28 56 59
17 26 72 34 31
17 27 55 66 46
17 28 37 79 65
17 29 74 51 48
18 19 70 50 30
18 20 14 70 75
18 21 18 83 57
18 22 99 41 46
18 23 68 37 54
18 24 48 70 59
18 25 20 71 78
18 26 61 61 40
18 27 0 69 81
18 28 53 53 36
18 29 3 88 85
19 20 19 86 48
19 21 20 55 43
19 22 95 43 6
19 23 77 55 45
19 24 6 73 88
19 25 53 34 36
19 26 4 69 64
19 27 76 23 50
19 28 33 74 77
19 29 50 60 67
20 21 77 30 21
20 22 89 7 17
20 23 36 78 66
20 24 19 52 75
20 25 8 58 71
20 26 25 43 75
20 27 46 29 58
20 28 47 34 51
20 29 18 78 60
21 22 90 40 53
21 23 83 8 27
21 24 0 62 81
21 25 1 92 97
21 26 0 86 93
21 27 48 38 27
21 28 69 36 32
21 29 10 49 77
22 23 2 96 51
22 24 18 63 75
22 25 99 5 39
22 26 50 60 73
22 27 33 80 38
22 28 17 46 49
22 29 10 89 56
23 24 66 41 39
23 25 43 53 47
23 26 60 39 62
23 27 15 57 88
23 28 19 54 69
23 29 13 72 70
24 25 66 33 32
24 26 43 56 44
24 27 32 59 56
24 28 75 25 54
24 29 30 81 67
25 26 3 83 94
25 27 52 59 62
25 28 76 54 54
25 29 4 92 90
26 27 88 21 55
26 28 7 63 61
26 29 63 36 39
27 28 10 70 79
27 29 57 62 42
28 29 39 46 65
