33 3
0.8 0 0.2
0 1 81 39 18
0 2 66 47 26
0 3 18 78 79
0 4 28 78 58
0 5 56 87 73
0 6 60 43 65
0 7 92 77 66
0 8 51 23 40
0 9 18 95 24
0 10 56 48 21
0 11 10 74 68
0 12 2 92 74
0 13 27 90 58
0 14 52 80 40
0 15 1 21 63
0 16 73 49 75
0 17 77 63 7
0 18 75 69 30
0 19 0 42 58
0 20 51 21 74
0 21 93 80 28
0 22 6 94 44
0 23 63 39 42
0 24 11 43 76
0 25 69 33 71
0 26 35 55 90
0 27 67 36 11
0 28 56 29 84
0 29 83 10 35
0 30 95 38 5
0 31 53 74 53
0 32 27 84 65
1 2 67 34 72
1 3 17 41 19
1 4 25 55 33
1 5 20 29 42
1 6 54 61 22
1 7 42 86 20
1 8 15 25 26
1 9 44 60 62
1 10 17 88 49
1 11 32 61 80
1 12 52 29 77
1 13 15 62 39
1 14 92 30 15
1 15 5 69 19
1 16 56 51 75
1 17 23 58 82
1 18 74 54 13
1 19 93 39 24
1 20 49 25 78
1 21 27 89 60
1 22 85 18 61
1 23 29 60 77
1 24 84 21 29
1 25 32 23 56
1 26 17 53 82
1 27 79 63 19
1 28 62 18 29
1 29 19 80 20
1 30 18 56 45
1 31 35 63 69
1 32 35 40 56
2 3 95 47 77
2 4 78 61 31
2 5 87 76 40
2 6 75 35 29
2 7 50 66 59
2 8 84 63 20
2 9 60 79 26
2 10 70 69 43
2 11 91 71 60
2 12 79 49 31
2 13 51 67 62
2 14 67 63 9
2 15 99 40 17
2 16 54 44 74
2 17 17 30 90
2 18 13 42 87
2 19 67 34 18
2 20 60 28 8
2 21 40 20 85
2 22 34 66 57
2 23 97 47 62
2 24 0 49 58
2 25 2 91 65
2 26 51 11 87
2 27 92 80 74
2 28 81 74 23
2 29 87 37 71
2 30 67 26 29
2 31 51 68 61
2 32 62 55 81
3 4 16 46 64
3 5 6 49 62
3 6 73 53 14
3 7 95 8 60
3 8 24 36 66
3 9 76 49 8
3 10 97 23 29
3 11 61 37 42
3 12 34 87 34
3 13 62 47 85
3 14 50 13 33
3 15 20 85 27
3 16 66 12 67
3 17 15 24 34
3 18 95 46 28
3 19 60 81 12
3 20 79 20 47
3 21 99 73 50
3 22 55 70 68
3 23 8 66 19
3 24 74 16 71
3 25 2 63 63
3 26 0 68 74
3 27 30 42 67
3 28 54 19 54
3 29 25 82 58
3 30 67 9 49
3 31 60 25 36
3 32 66 84 58
4 5 30 89 40
4 6 23 56 64
4 7 16 39 83
4 8 49 15 13
4 9 94 54 70
4 10 61 65 45
4 11 76 54 62
4 12 56 24 83
4 13 83 38 68
4 14 79 50 36
4 15 7 49 62
4 16 96 51 64
4 17 32 71 19
4 18 89 12 13
4 19 61 67 24
4 20 11 44 64
4 21 52 80 79
4 22 89 10 47
4 23 37 64 54
4 24 15 49 49
4 25 90 62 32
4 26 10 28 27
4 27 92 36 69
4 28 87 58 73
4 29 53 59 14
4 30 31 30 18
4 31 76 29 76
4 32 61 59 14
5 6 6 26 98
5 7 49 73 78
5 8 35 83 41
5 9 62 36 30
5 10 16 89 66
5 11 62 21 68
5 12 48 18 43
5 13 79 35 16
5 14 93 46 27
5 15 41 40 72
5 16 72 65 62
5 17 75 68 40
5 18 11 61 64
5 19 24 92 59
5 20 61 81 43
5 21 19 72 90
5 22 94 69 10
5 23 14 94 33
5 24 4 40 90
5 25 63 27 13
5 26 60 56 85
5 27 31 49 58
5 28 94 54 45
5 29 9 45 36
5 30 89 58 33
5 31 17 80 33
5 32 42 21 80
6 7 69 60 74
6 8 48 65 34
6 9 50 58 87
6 10 75 45 47
6 11 23 57 15
6 12 63 58 11
6 13 99 5 75
6 14 56 73 75
6 15 1 82 69
6 16 51 87 54
6 17 1 41 35
6 18 43 85 46
6 19 73 53 47
6 20 10 22 62
6 21 55 71 87
6 22 81 6 36
6 23 5 97 24
6 24 55 25 22
6 25 71 59 16
6 26 40 88 81
6 27 1 78 99
6 28 43 76 57
6 29 80 81 80
6 30 81 77 14
6 31 50 15 47
6 32 60 44 25
7 8 82 60 39
7 9 40 32 56
7 10 64 25 71
7 11 45 87 83
7 12 64 85 20
7 13 99 2 65
7 14 49 43 41
7 15 25 93 41
7 16 6 65 19
7 17 78 60 29
7 18 22 48 89
7 19 85 81 32
7 20 60 54 55
7 21 37 32 82
7 22 85 36 3
7 23 13 55 78
7 24 41 16 14
7 25 72 49 35
7 26 35 74 49
7 27 73 41 53
7 28 85 67 37
7 29 59 9 21
7 30 49 67 23
7 31 35 58 84
7 32 38 47 39
8 9 19 47 92
8 10 42 51 57
8 11 15 67 67
8 12 94 54 1
8 13 0 63 52
8 14 88 41 60
8 15 33 48 72
8 16 1 84 59
8 17 75 19 57
8 18 91 4 55
8 19 92 38 57
8 20 26 91 18
8 21 37 48 58
8 22 57 54 69
8 23 14 28 96
8 24 2 97 21
8 25 29 46 90
8 26 59 16 11
8 27 70 25 30
8 28 68 10 23
8 29 42 30 21
8 30 49 67 55
8 31 38 51 47
8 32 92 71 69
9 10 67 22 55
9 11 99 16 68
9 12 15 30 39
9 13 41 75 27
9 14 72 59 78
9 15 47 10 34
9 16 69 78 49
9 17 3 20 66
9 18 67 65 28
9 19 91 16 17
9 20 22 21 95
9 21 65 20 58
9 22 5 67 32
9 23 30 16 75
9 24 11 45 69
9 25 76 46 43
9 26 65 57 54
9 27 27 65 22
9 28 56 54 83
9 29 80 13 57
9 30 29 41 35
9 31 59 9 77
9 32 0 74 92
10 11 55 87 68
10 12 76 25 50
10 13 34 61 34
10 14 56 35 49
10 15 79 28 48
10 16 14 73 54
10 17 22 31 90
10 18 10 48 93
10 19 38 76 50
10 20 7 39 59
10 21 48 69 10
10 22 60 78 27
10 23 82 66 26
10 24 44 35 55
10 25 25 52 27
10 26 9 91 72
10 27 86 65 6
10 28 55 11 9
10 29 45 42 73
10 30 63 42 53
10 31 23 45 49
10 32 90 38 78
11 12 44 89 12
11 13 87 79 6
11 14 88 40 30
11 15 61 78 77
11 16 94 40 50
11 17 14 81 23
11 18 53 31 21
11 19 40 41 44
11 20 15 74 44
11 21 74 46 22
11 22 77 23 18
11 23 75 15 51
11 24 58 82 63
11 25 53 19 19
11 26 91 80 47
11 27 26 93 29
11 28 52 53 14
11 29 76 11 38
11 30 99 42 35
11 31 43 73 44
11 32 30 49 72
12 13 26 77 21
12 14 20 92 23
12 15 79 68 20
12 16 76 72 62
12 17 81 11 26
12 18 95 62 3
12 19 0 78 82
12 20 30 66 50
12 21 13 64 82
12 22 77 35 32
12 23 66 69 21
12 24 0 72 79
12 25 24 22 50
12 26 37 16 42
12 27 98 29 17
12 28 89 39 26
12 29 36 79 42
12 30 30 27 34
12 31 15 57 79
12 32 14 33 55
13 14 85 77 35
13 15 42 56 45
13 16 51 12 80
13 17 18 27 60
13 18 19 17 94
13 19 53 61 65
13 20 34 36 48
13 21 59 42 52
13 22 28 92 70
13 23 74 80 34
13 24 98 29 75
13 25 24 65 30
13 26 64 71 51
13 27 72 15 30
13 28 85 66 57
13 29 0 91 60
13 30 5 31 92
13 31 55 36 53
13 32 91 42 62
14 15 13 49 52
14 16 55 59 26
14 17 63 52 44
14 18 13 94 89
14 19 77 59 51
14 20 50 75 70
14 21 16 26 78
14 22 86 30 39
14 23 85 33 35
14 24 29 27 16
14 25 47 38 47
14 26 49 53 13
14 27 58 71 22
14 28 13 34 70
14 29 63 43 36
14 30 28 38 38
14 31 31 70 64
14 32 49 24 39
15 16 55 71 28
15 17 21 84 83
15 18 4 19 47
15 19 25 73 69
15 20 86 74 66
15 21 7 29 44
15 22 97 60 56
15 23 1 33 81
15 24 35 14 89
15 25 25 68 64
15 26 70 54 11
15 27 79 18 32
15 28 97 62 41
15 29 96 9 31
15 30 31 53 40
15 31 91 78 31
15 32 17 22 74
16 17 70 45 18
16 18 29 60 22
16 19 17 68 38
16 20 52 32 27
16 21 76 40 72
16 22 35 78 62
16 23 7 42 68
16 24 8 35 48
16 25 36 50 38
16 26 50 24 78
16 27 17 62 72
16 28 83 32 76
16 29 49 20 24
16 30 99 40 30
16 31 24 80 31
16 32 0 90 89
17 18 48 68 47
17 19 83 71 81
17 20 55 68 68
17 21 12 77 91
17 22 72 76 73
17 23 35 32 52
17 24 25 22 64
17 25 89 13 17
17 26 65 38 28
17 27 70 15 62
17 28 59 80 59
17 29 51 22 15
17 30 67 65 85
17 31 70 25 6
17 32 12 52 48
18 19 58 27 38
18 20 93 34 28
18 21 45 52 39
18 22 90 64 30
18 23 53 75 29
18 24 62 70 66
18 25 81 64 16
18 26 75 20 44
18 27 92 52 21
18 28 57 36 58
18 29 57 61 20
18 30 83 8 18
18 31 34 91 75
18 32 65 13 68
19 20 84 6 36
19 21 41 53 85
19 22 28 74 74
19 23 20 41 20
19 24 97 36 52
19 25 67 83 12
19 26 45 48 32
19 27 21 62 35
19 28 0 28 53
19 29 28 29 85
19 30 49 58 28
19 31 48 44 81
19 32 98 44 30
20 21 57 49 28
20 22 52 47 59
20 23 20 17 46
20 24 74 78 81
20 25 38 59 85
20 26 95 13 18
20 27 92 9 56
20 28 31 58 22
20 29 37 67 67
20 30 61 19 46
20 31 60 66 33
20 32 28 19 86
21 22 42 34 17
21 23 81 30 80
21 24 12 38 30
21 25 86 72 18
21 26 77 26 82
21 27 80 16 23
21 28 48 34 36
21 29 26 90 27
21 30 79 43 34
21 31 67 31 74
21 32 97 6 57
22 23 80 5 7
22 24 44 50 15
22 25 34 78 24
22 26 31 36 41
22 27 68 28 29
22 28 14 81 39
22 29 4 85 46
22 30 55 37 37
22 31 17 40 62
22 32 12 64 39
23 24 49 68 38
23 25 88 55 38
23 26 77 80 23
23 27 21 16 78
23 28 26 73 74
23 29 62 22 33
23 30 8 34 48
23 31 90 54 79
23 32 41 32 69
24 25 0 77 59
24 26 0 32 22
24 27 18 27 92
24 28 8 49 75
24 29 44 16 84
24 30 78 78 64
24 31 29 52 63
24 32 4 78 67
25 26 42 64 22
25 27 22 79 92
25 28 3 79 33
25 29 34 19 16
25 30 33 60 62
25 31 43 89 57
25 32 17 53 76
26 27 81 14 49
26 28 63 46 33
26 29 66 46 73
26 30 92 48 33
26 31 39 77 33
26 32 78 77 44
27 28 31 82 57
27 29 84 65 10
27 30 88 54 40
27 31 99 75 77
27 32 8 77 94
28 29 96 57 26
28 30 42 50 45
28 31 13 24 91
28 32 62 62 29
29 30 42 40 47
29 31 21 81 59
29 32 55 72 66
30 31 94 19 62
30 32 67 25 14
31 32 38 67 50
