45 3
0.3 0 0.7
0 1 14 65 44
0 2 45 45 60
0 3 50 57 29
0 4 46 43 63
0 5 46 68 46
0 6 93 26 7
0 7 28 38 58
0 8 83 34 9
0 9 36 43 34
0 10 35 42 52
0 11 4 97 61
0 12 17 55 43
0 13 24 54 40
0 14 41 35 52
0 15 68 24 28
0 16 54 63 54
0 17 77 47 58
0 18 88 17 35
0 19 47 68 34
0 20 61 60 61
0 21 71 52 32
0 22 1 95 75
0 23 14 61 64
0 24 13 66 48
0 25 23 71 38
0 26 0 70 97
0 27 88 7 49
0 28 21 81 65
0 29 74 26 58
0 30 58 52 25
0 31 4 97 93
0 32 95 17 26
0 33 30 69 71
0 34 14 89 54
0 35 92 47 15
0 36 55 63 32
0 37 46 63 45
0 38 31 74 73
0 39 61 59 51
0 40 6 90 95
0 41 26 75 67
0 42 6 66 62
0 43 79 41 51
0 44 48 49 43
1 2 61 52 61
1 3 60 65 39
1 4 78 38 20
1 5 32 54 60
1 6 54 54 62
1 7 91 23 37
1 8 52 49 68
1 9 72 41 18
1 10 32 68 74
1 11 98 26 19
1 12 10 55 82
1 13 19 45 58
1 14 13 89 87
1 15 66 48 30
1 16 4 92 85
1 17 42 47 39
1 18 51 56 72
1 19 76 42 54
1 20 49 34 71
1 21 41 73 73
1 22 22 42 60
1 23 34 43 35
1 24 12 58 73
1 25 34 45 40
1 26 17 75 56
1 27 24 73 40
1 28 17 81 60
1 29 73 20 14
1 30 55 48 67
1 31 23 87 85
1 32 66 17 24
1 33 35 79 64
1 34 77 22 12
1 35 77 44 46
1 36 27 82 85
1 37 65 50 49
1 38 20 68 73
1 39 84 16 39
1 40 93 33 50
1 41 20 89 82
1 42 40 72 57
1 43 70 56 26
1 44 96 47 36
2 3 16 89 84
2 4 17 71 60
2 5 11 57 72
2 6 15 91 47
2 7 10 86 84
2 8 19 44 43
2 9 19 86 89
2 10 56 64 63
2 11 92 36 29
2 12 45 65 62
2 13 32 33 50
2 14 58 47 50
2 15 95 36 44
2 16 34 33 61
2 17 64 41 33
2 18 10 47 90
2 19 31 50 83
2 20 69 36 47
2 21 36 34 70
2 22 60 22 41
2 23 6 68 75
2 24 47 37 73
2 25 39 33 55
2 26 85 54 38
2 27 20 40 61
2 28 49 55 57
2 29 33 46 73
2 30 63 63 35
2 31 72 38 47
2 32 1 54 86
2 33 3 94 67
2 34 97 2 48
2 35 21 72 87
2 36 94 49 14
2 37 17 69 63
2 38 47 37 48
2 39 2 68 81
2 40 44 72 52
2 41 66 28 34
2 42 45 36 33
2 43 18 60 48
2 44 33 80 59
3 4 98 16 5
3 5 65 26 41
3 6 64 58 39
3 7 92 26 52
3 8 81 45 35
3 9 13 89 61
3 10 88 26 25
3 11 96 5 35
3 12 88 41 20
3 13 57 46 46
3 14 95 46 14
3 15 80 11 20
3 16 19 79 45
3 17 77 19 59
3 18 2 69 74
3 19 56 58 28
3 20 46 56 74
3 21 72 27 21
3 22 0 79 80
3 23 98 12 1
3 24 47 39 47
3 25 51 43 68
3 26 93 20 11
3 27 23 45 75
3 28 38 46 49
3 29 56 61 40
3 30 56 23 52
3 31 10 59 83
3 32 21 63 54
3 33 69 46 51
3 34 74 41 47
3 35 41 78 34
3 36 21 55 48
3 37 57 51 60
3 38 76 57 17
3 39 21 77 42
3 40 99 8 18
3 41 6 95 86
3 42 71 35 29
3 43 79 51 18
3 44 23 85 49
4 5 65 42 60
4 6 89 7 38
4 7 21 42 47
4 8 47 74 74
4 9 31 73 48
4 10 24 67 69
4 11 72 25 62
4 12 25 65 67
4 13 46 72 37
4 14 50 38 61
4 15 37 78 74
4 16 32 81 50
4 17 17 63 41
4 18 7 86 74
4 19 83 19 32
4 20 9 92 85
4 21 34 66 79
4 22 6 73 69
4 23 39 63 33
4 24 31 38 79
4 25 95 39 38
4 26 53 64 50
4 27 27 61 61
4 28 85 46 48
4 29 67 61 62
4 30 64 53 49
4 31 23 64 40
4 32 52 36 65
4 33 59 56 46
4 34 44 71 43
4 35 41 71 36
4 36 52 48 41
4 37 29 41 82
4 38 63 47 41
4 39 83 45 24
4 40 58 26 64
4 41 16 55 42
4 42 16 87 58
4 43 13 80 46
4 44 39 37 39
5 6 78 44 18
5 7 67 31 46
5 8 14 92 79
5 9 96 48 2
5 10 17 77 46
5 11 29 52 75
5 12 92 28 26
5 13 69 40 30
5 14 23 62 83
5 15 52 33 24
5 16 55 24 52
5 17 70 47 31
5 18 91 26 24
5 19 25 66 80
5 20 56 69 64
5 21 76 59 49
5 22 90 31 52
5 23 28 66 73
5 24 54 58 57
5 25 62 44 48
5 26 73 55 62
5 27 40 56 74
5 28 59 26 43
5 29 65 28 55
5 30 7 71 74
5 31 41 55 76
5 32 22 57 42
5 33 18 58 81
5 34 9 48 56
5 35 92 16 37
5 36 0 93 75
5 37 87 26 9
5 38 6 70 70
5 39 92 37 47
5 40 2 58 70
5 41 17 82 74
5 42 97 47 43
5 43 92 31 15
5 44 99 42 36
6 7 74 61 32
6 8 69 27 41
6 9 68 19 44
6 10 17 86 66
6 11 49 33 51
6 12 20 59 81
6 13 66 57 22
6 14 84 10 48
6 15 93 25 37
6 16 27 77 61
6 17 67 16 36
6 18 5 52 82
6 19 43 51 66
6 20 80 13 26
6 21 46 61 40
6 22 73 27 14
6 23 43 39 63
6 24 74 14 56
6 25 36 39 55
6 26 23 87 40
6 27 28 46 63
6 28 99 50 5
6 29 95 48 20
6 30 24 44 82
6 31 48 69 74
6 32 78 40 47
6 33 11 69 86
6 34 14 70 66
6 35 87 8 45
6 36 16 45 62
6 37 59 62 59
6 38 64 67 64
6 39 45 28 36
6 40 63 35 24
6 41 38 76 64
6 42 41 46 63
6 43 45 71 47
6 44 33 65 73
7 8 18 50 59
7 9 23 41 75
7 10 61 41 49
7 11 45 69 49
7 12 5 48 63
7 13 10 73 57
7 14 79 41 53
7 15 50 61 53
7 16 96 29 38
7 17 32 50 65
7 18 41 67 76
7 19 87 32 52
7 20 53 59 42
7 21 17 45 83
7 22 0 57 57
7 23 13 63 79
7 24 49 36 55
7 25 42 70 31
7 26 52 67 28
7 27 96 24 46
7 28 77 25 13
7 29 8 61 69
7 30 81 11 54
7 31 10 52 76
7 32 59 51 52
7 33 5 61 74
7 34 23 86 73
7 35 83 8 32
7 36 1 94 65
7 37 62 46 24
7 38 35 58 50
7 39 34 43 37
7 40 65 23 25
7 41 13 77 53
7 42 40 70 54
7 43 97 27 30
7 44 81 32 32
8 9 33 40 58
8 10 54 48 44
8 11 66 55 28
8 12 14 83 84
8 13 67 54 61
8 14 69 33 29
8 15 33 74 58
8 16 63 29 21
8 17 68 48 49
8 18 82 53 30
8 19 46 30 73
8 20 68 30 28
8 21 82 19 42
8 22 58 69 27
8 23 83 32 32
8 24 40 44 66
8 25 53 63 64
8 26 48 42 49
8 27 81 25 38
8 28 68 34 37
8 29 99 1 10
8 30 0 60 58
8 31 2 66 65
8 32 96 38 27
8 33 49 32 63
8 34 88 43 34
8 35 64 26 38
8 36 24 78 63
8 37 27 37 73
8 38 33 43 79
8 39 57 21 48
8 40 48 66 42
8 41 79 46 29
8 42 63 21 55
8 43 88 22 28
8 44 78 19 11
9 10 48 56 44
9 11 34 47 34
9 12 73 52 42
9 13 81 55 32
9 14 34 73 68
9 15 73 53 17
9 16 57 27 54
9 17 0 81 71
9 18 17 88 57
9 19 9 74 64
9 20 28 41 36
9 21 18 76 66
9 22 23 40 58
9 23 20 73 53
9 24 48 65 40
9 25 94 4 38
9 26 15 85 75
9 27 71 15 61
9 28 99 31 15
9 29 44 43 39
9 30 80 39 17
9 31 57 50 34
9 32 62 66 28
9 33 22 81 58
9 34 61 29 46
9 35 97 30 23
9 36 71 29 25
9 37 6 94 96
9 38 37 72 50
9 39 25 54 79
9 40 55 25 58
9 41 94 8 39
9 42 86 15 13
9 43 19 69 51
9 44 16 55 48
10 11 67 35 40
10 12 92 13 46
10 13 4 51 94
10 14 32 41 82
10 15 39 61 49
10 16 82 15 47
10 17 46 35 27
10 18 66 54 52
10 19 24 58 59
10 20 4 52 63
10 21 73 51 55
10 22 78 24 37
10 23 1 75 91
10 24 99 33 10
10 25 74 60 16
10 26 2 79 91
10 27 62 63 29
10 28 51 59 37
10 29 49 39 65
10 30 11 46 70
10 31 50 69 52
10 32 62 45 50
10 33 78 56 52
10 34 40 38 52
10 35 8 69 50
10 36 64 34 41
10 37 37 61 43
10 38 31 35 42
10 39 20 60 45
10 40 83 10 39
10 41 96 40 25
10 42 38 38 50
10 43 74 45 31
10 44 78 37 19
11 12 71 60 14
11 13 62 33 39
11 14 69 21 28
11 15 79 38 25
11 16 32 46 54
11 17 75 26 34
11 18 11 68 58
11 19 1 77 71
11 20 31 44 69
11 21 5 71 80
11 22 41 40 51
11 23 74 25 49
11 24 61 19 37
11 25 38 34 52
11 26 95 33 49
11 27 65 60 60
11 28 3 67 73
11 29 33 74 45
11 30 11 48 72
11 31 10 89 94
11 32 89 50 19
11 33 69 39 27
11 34 76 52 37
11 35 61 53 48
11 36 90 14 17
11 37 72 62 18
11 38 94 45 13
11 39 16 57 88
11 40 84 40 56
11 41 36 49 64
11 42 43 71 43
11 43 18 71 58
11 44 5 88 50
12 13 22 72 67
12 14 20 66 42
12 15 3 97 89
12 16 28 68 41
12 17 69 26 32
12 18 81 23 53
12 19 26 80 54
12 20 87 13 22
12 21 58 39 53
12 22 89 29 9
12 23 80 34 55
12 24 33 79 74
12 25 61 34 28
12 26 66 31 36
12 27 74 42 25
12 28 50 41 47
12 29 13 44 50
12 30 79 13 29
12 31 53 53 63
12 32 83 54 56
12 33 4 95 96
12 34 40 33 61
12 35 92 12 4
12 36 33 69 50
12 37 69 54 23
12 38 15 73 67
12 39 19 90 72
12 40 96 28 21
12 41 33 55 42
12 42 8 63 57
12 43 59 52 49
12 44 94 51 20
13 14 94 36 39
13 15 61 19 61
13 16 22 74 39
13 17 5 64 48
13 18 82 39 35
13 19 39 64 49
13 20 66 26 47
13 21 8 73 77
13 22 81 41 18
13 23 26 62 45
13 24 99 10 12
13 25 67 54 64
13 26 78 29 17
13 27 45 44 38
13 28 60 23 28
13 29 47 74 69
13 30 60 41 26
13 31 62 35 20
13 32 29 76 51
13 33 37 77 70
13 34 38 79 50
13 35 56 55 51
13 36 7 89 79
13 37 44 57 52
13 38 14 43 52
13 39 33 73 36
13 40 14 62 87
13 41 38 68 60
13 42 72 31 38
13 43 62 22 26
13 44 84 51 52
14 15 39 31 47
14 16 84 54 38
14 17 66 63 45
14 18 3 97 64
14 19 97 20 6
14 20 90 49 17
14 21 57 30 44
14 22 96 21 16
14 23 42 32 70
14 24 99 38 8
14 25 87 47 49
14 26 43 63 36
14 27 89 11 39
14 28 81 15 42
14 29 17 45 84
14 30 49 48 74
14 31 75 15 37
14 32 63 43 44
14 33 69 61 28
14 34 20 40 71
14 35 30 78 56
14 36 47 55 67
14 37 12 54 86
14 38 57 58 28
14 39 56 30 65
14 40 10 69 55
14 41 28 43 47
14 42 83 36 32
14 43 79 43 38
14 44 3 53 86
15 16 49 70 36
15 17 56 50 38
15 18 71 21 17
15 19 20 74 70
15 20 41 45 41
15 21 46 63 42
15 22 99 36 2
15 23 0 78 50
15 24 45 31 59
15 25 69 53 57
15 26 72 59 44
15 27 33 57 38
15 28 41 40 69
15 29 43 53 52
15 30 97 3 30
15 31 18 78 52
15 32 21 63 76
15 33 26 61 65
15 34 80 11 19
15 35 56 34 55
15 36 55 56 55
15 37 55 26 55
15 38 34 76 66
15 39 25 44 85
15 40 85 48 42
15 41 28 65 37
15 42 54 35 27
15 43 80 23 49
15 44 81 12 42
16 17 20 88 62
16 18 89 35 16
16 19 59 68 60
16 20 86 7 24
16 21 79 54 16
16 22 32 40 42
16 23 4 85 65
16 24 62 42 32
16 25 62 50 48
16 26 92 15 9
16 27 80 57 58
16 28 68 41 42
16 29 71 50 28
16 30 76 29 53
16 31 75 39 36
16 32 28 71 82
16 33 22 77 68
16 34 51 50 55
16 35 13 51 80
16 36 10 78 74
16 37 2 57 78
16 38 64 46 37
16 39 2 94 85
16 40 3 80 56
16 41 53 24 69
16 42 43 58 71
16 43 38 32 79
16 44 12 76 49
17 18 54 45 70
17 19 55 47 60
17 20 67 60 56
17 21 60 21 23
17 22 66 58 47
17 23 59 66 20
17 24 63 51 64
17 25 23 56 60
17 26 80 22 48
17 27 11 84 93
17 28 43 49 46
17 29 35 81 72
17 30 97 28 11
17 31 93 49 8
17 32 98 8 11
17 33 24 80 46
17 34 69 48 30
17 35 60 46 34
17 36 67 34 62
17 37 87 21 53
17 38 16 89 61
17 39 48 71 74
17 40 45 46 32
17 41 58 69 21
17 42 40 42 53
17 43 35 76 64
17 44 65 41 61
18 19 23 40 70
18 20 86 26 24
18 21 97 43 34
18 22 65 57 43
18 23 70 55 33
18 24 92 24 11
18 25 93 46 34
18 26 1 93 94
18 27 6 83 75
18 28 78 47 50
18 29 53 51 62
18 30 37 73 55
18 31 37 61 48
18 32 46 52 60
18 33 80 21 35
18 34 65 30 30
18 35 4 57 52
18 36 19 42 66
18 37 94 14 37
18 38 84 45 54
18 39 82 37 10
18 40 18 90 62
18 41 46 31 72
18 42 65 33 46
18 43 41 64 37
18 44 78 28 52
19 20 15 75 78
19 21 24 74 65
19 22 60 24 63
19 23 62 44 27
19 24 16 70 57
19 25 81 30 18
19 26 81 15 47
19 27 21 63 48
19 28 14 75 50
19 29 8 90 84
19 30 42 29 32
19 31 32 53 70
19 32 86 13 20
19 33 30 80 72
19 34 44 72 42
19 35 48 74 74
19 36 52 42 54
19 37 8 54 78
19 38 12 53 88
19 39 5 57 85
19 40 11 93 66
19 41 38 31 39
19 42 90 20 39
19 43 61 39 57
19 44 50 66 43
20 21 47 61 52
20 22 91 38 26
20 23 46 64 35
20 24 16 79 78
20 25 91 12 39
20 26 22 82 82
20 27 0 97 87
20 28 95 10 32
20 29 80 47 40
20 30 13 81 93
20 31 0 71 92
20 32 53 56 69
20 33 4 66 90
20 34 71 38 45
20 35 25 61 75
20 36 24 38 76
20 37 98 22 37
20 38 81 43 57
20 39 22 69 66
20 40 95 28 13
20 41 27 41 86
20 42 29 82 68
20 43 44 55 43
20 44 57 47 59
21 22 0 57 58
21 23 82 54 38
21 24 38 66 66
21 25 42 78 71
21 26 29 85 52
21 27 39 73 32
21 28 23 66 80
21 29 76 13 52
21 30 10 88 72
21 31 19 80 72
21 32 31 58 37
21 33 35 77 60
21 34 74 22 43
21 35 31 34 64
21 36 61 48 22
21 37 31 38 41
21 38 12 73 55
21 39 4 66 58
21 40 40 32 66
21 41 14 70 53
21 42 32 36 61
21 43 78 18 17
21 44 40 31 31
22 23 47 40 39
22 24 3 75 69
22 25 56 58 41
22 26 5 96 84
22 27 8 62 80
22 28 2 70 54
22 29 5 82 76
22 30 88 37 19
22 31 42 40 58
22 32 76 41 59
22 33 67 57 55
22 34 4 91 97
22 35 50 39 31
22 36 57 39 27
22 37 72 31 43
22 38 48 46 69
22 39 6 57 80
22 40 15 58 43
22 41 33 63 51
22 42 93 29 32
22 43 82 45 38
22 44 64 48 36
23 24 96 11 41
23 25 95 36 12
23 26 34 32 48
23 27 29 42 43
23 28 88 46 38
23 29 79 57 16
23 30 15 51 80
23 31 22 58 63
23 32 80 51 22
23 33 4 48 83
23 34 66 57 66
23 35 92 4 30
23 36 72 39 57
23 37 54 59 43
23 38 47 48 41
23 39 59 56 21
23 40 90 44 42
23 41 55 33 40
23 42 61 38 59
23 43 98 21 2
23 44 32 45 57
24 25 86 37 46
24 26 19 44 84
24 27 33 52 37
24 28 53 46 44
24 29 65 33 47
24 30 27 58 46
24 31 16 81 42
24 32 22 59 73
24 33 96 44 33
24 34 55 27 60
24 35 92 36 26
24 36 49 44 57
24 37 82 10 38
24 38 90 9 11
24 39 19 68 72
24 40 40 54 52
24 41 55 56 38
24 42 45 74 76
24 43 18 47 41
24 44 94 43 24
25 26 33 63 36
25 27 47 59 50
25 28 40 51 77
25 29 50 56 26
25 30 22 74 81
25 31 38 74 38
25 32 87 46 11
25 33 48 66 52
25 34 66 44 17
25 35 1 78 91
25 36 10 63 57
25 37 97 36 49
25 38 6 78 88
25 39 3 78 49
25 40 27 57 58
25 41 13 79 85
25 42 14 72 43
25 43 65 20 39
25 44 80 17 14
26 27 36 32 37
26 28 94 25 21
26 29 22 79 49
26 30 30 59 53
26 31 96 42 21
26 32 75 44 54
26 33 11 49 79
26 34 56 53 50
26 35 50 39 64
26 36 97 16 2
26 37 64 44 62
26 38 26 73 49
26 39 17 74 46
26 40 74 57 32
26 41 95 29 10
26 42 65 40 50
26 43 1 81 49
26 44 6 72 48
27 28 53 33 65
27 29 39 49 39
27 30 43 56 66
27 31 78 57 30
27 32 18 88 41
27 33 88 38 29
27 34 24 44 70
27 35 41 31 65
27 36 53 63 33
27 37 13 49 76
27 38 99 19 9
27 39 18 69 48
27 40 18 68 50
27 41 41 32 29
27 42 31 60 45
27 43 65 42 41
27 44 34 52 49
28 29 84 30 26
28 30 78 36 33
28 31 61 54 27
28 32 41 41 36
28 33 7 52 84
28 34 81 10 9
28 35 26 79 39
28 36 99 26 26
28 37 12 59 66
28 38 1 96 63
28 39 59 31 27
28 40 9 73 64
28 41 11 66 86
28 42 96 5 47
28 43 87 42 14
28 44 54 31 67
29 30 8 80 80
29 31 10 55 89
29 32 78 32 30
29 33 79 36 56
29 34 87 55 49
29 35 66 41 34
29 36 80 26 35
29 37 70 20 25
29 38 57 23 22
29 39 8 90 73
29 40 65 57 33
29 41 35 51 72
29 42 50 48 40
29 43 7 53 51
29 44 25 40 59
30 31 81 49 25
30 32 70 30 62
30 33 70 45 40
30 34 83 28 39
30 35 58 26 26
30 36 60 39 27
30 37 33 34 35
30 38 29 64 83
30 39 8 55 77
30 40 66 59 41
30 41 94 4 9
30 42 73 44 18
30 43 96 24 21
30 44 99 46 46
31 32 81 28 48
31 33 50 32 25
31 34 69 50 18
31 35 15 62 75
31 36 0 90 67
31 37 85 43 38
31 38 32 45 83
31 39 7 68 77
31 40 7 81 68
31 41 26 74 64
31 42 82 45 19
31 43 75 53 36
31 44 92 14 31
32 33 54 43 40
32 34 41 73 59
32 35 86 53 18
32 36 96 26 42
32 37 57 22 56
32 38 97 2 41
32 39 7 67 89
32 40 41 43 42
32 41 65 28 52
32 42 6 57 48
32 43 21 61 42
32 44 53 49 64
33 34 64 23 63
33 35 48 38 60
33 36 95 37 24
33 37 82 18 49
33 38 53 55 68
33 39 14 90 85
33 40 60 52 60
33 41 11 49 50
33 42 18 57 64
33 43 44 37 31
33 44 24 50 68
34 35 26 72 40
34 36 12 52 65
34 37 28 85 57
34 38 75 54 59
34 39 75 29 23
34 40 15 70 70
34 41 37 75 58
34 42 62 66 52
34 43 3 94 56
34 44 97 49 4
35 36 80 24 14
35 37 96 16 4
35 38 52 68 42
35 39 87 26 25
35 40 51 69 70
35 41 45 36 52
35 42 49 39 42
35 43 22 78 88
35 44 48 62 39
36 37 72 47 61
36 38 58 63 65
36 39 56 43 41
36 40 13 57 53
36 41 72 27 48
36 42 41 67 52
36 43 99 19 12
36 44 14 43 59
37 38 73 34 53
37 39 37 48 42
37 40 87 39 51
37 41 75 52 21
37 42 70 34 56
37 43 74 53 14
37 44 93 38 35
38 39 0 81 68
38 40 85 13 44
38 41 58 39 52
38 42 86 17 53
38 43 24 39 50
38 44 89 53 8
39 40 23 71 78
39 41 55 66 32
39 42 29 46 63
39 43 84 33 20
39 44 87 38 18
40 41 81 41 34
40 42 16 59 54
40 43 90 52 21
40 44 49 56 63
41 42 34 34 49
41 43 39 54 53
41 44 53 67 41
42 43 79 29 23
42 44 75 50 20
43 44 86 15 36
