50 3
0.4 0 0.6
0 1 30 60 57
0 2 82 31 44
0 3 12 68 86
0 4 44 72 39
0 5 40 62 49
0 6 17 82 76
0 7 79 13 31
0 8 93 21 21
0 9 69 28 43
0 10 14 62 72
0 11 75 12 60
0 12 16 50 48
0 13 6 84 82
0 14 63 44 20
0 15 30 58 67
0 16 17 77 45
0 17 68 45 35
0 18 11 81 84
0 19 20 69 83
0 20 61 59 50
0 21 51 27 67
0 22 19 81 68
0 23 48 43 25
0 24 48 70 37
0 25 41 64 32
0 26 15 61 44
0 27 49 27 28
0 28 63 58 49
0 29 72 24 49
0 30 56 41 35
0 31 74 22 47
0 32 48 66 49
0 33 54 38 32
0 34 19 60 73
0 35 40 57 41
0 36 54 22 70
0 37 43 35 37
0 38 11 46 62
0 39 97 38 44
0 40 7 91 79
0 41 15 88 51
0 42 36 61 42
0 43 11 67 48
0 44 68 31 57
0 45 63 67 20
0 46 73 48 49
0 47 73 36 62
0 48 72 18 46
0 49 37 52 77
1 2 97 45 8
1 3 47 59 48
1 4 20 72 46
1 5 72 27 15
1 6 40 76 65
1 7 19 76 66
1 8 31 55 43
1 9 89 14 31
1 10 74 43 38
1 11 95 36 12
1 12 30 62 59
1 13 56 61 64
1 14 63 68 54
1 15 64 42 20
1 16 3 65 74
1 17 31 38 44
1 18 42 63 48
1 19 38 70 59
1 20 28 48 50
1 21 92 26 23
1 22 98 19 31
1 23 29 49 52
1 24 1 66 76
1 25 49 44 31
1 26 35 48 73
1 27 77 21 53
1 28 76 52 32
1 29 86 50 42
1 30 5 47 54
1 31 9 58 47
1 32 24 69 74
1 33 92 34 21
1 34 92 32 22
1 35 29 73 78
1 36 96 27 38
1 37 75 44 45
1 38 22 38 61
1 39 48 63 27
1 40 77 31 42
1 41 43 36 46
1 42 39 46 77
1 43 81 11 45
1 44 26 38 83
1 45 2 81 85
1 46 22 67 69
1 47 37 45 36
1 48 68 22 62
1 49 62 45 19
2 3 49 42 48
2 4 16 86 42
2 5 28 54 62
2 6 46 74 72
2 7 72 45 53
2 8 14 56 51
2 9 42 64 50
2 10 49 64 40
2 11 52 49 47
2 12 13 88 64
2 13 65 24 35
2 14 30 50 52
2 15 98 50 49
2 16 11 90 74
2 17 21 43 39
2 18 84 39 21
2 19 38 49 62
2 20 51 57 45
2 21 59 36 52
2 22 29 65 70
2 23 41 69 38
2 24 59 45 63
2 25 48 48 58
2 26 31 42 56
2 27 85 56 52
2 28 24 49 78
2 29 89 5 27
2 30 61 48 67
2 31 91 24 50
2 32 47 54 74
2 33 24 58 56
2 34 95 8 4
2 35 37 37 78
2 36 85 56 17
2 37 91 47 5
2 38 61 38 25
2 39 15 86 72
2 40 0 57 56
2 41 57 48 58
2 42 97 14 21
2 43 7 74 47
2 44 8 57 66
2 45 26 57 80
2 46 38 55 75
2 47 74 60 13
2 48 38 52 75
2 49 34 42 39
3 4 57 41 68
3 5 36 48 66
3 6 9 59 45
3 7 22 78 81
3 8 56 33 55
3 9 29 66 46
3 10 0 72 89
3 11 98 1 27
3 12 36 56 70
3 13 98 15 21
3 14 11 52 47
3 15 1 96 95
3 16 43 44 41
3 17 95 27 5
3 18 8 77 68
3 19 81 31 17
3 20 28 81 36
3 21 69 17 34
3 22 75 24 23
3 23 98 23 50
3 24 94 34 23
3 25 35 50 63
3 26 93 13 10
3 27 54 30 46
3 28 92 30 20
3 29 64 33 31
3 30 35 44 79
3 31 69 63 28
3 32 18 71 81
3 33 95 24 8
3 34 16 90 67
3 35 26 73 45
3 36 89 38 14
3 37 22 78 62
3 38 7 94 68
3 39 58 34 67
3 40 18 77 62
3 41 48 50 49
3 42 65 40 35
3 43 67 32 50
3 44 39 73 38
3 45 84 56 48
3 46 82 21 18
3 47 61 44 62
3 48 5 58 65
3 49 80 22 33
4 5 84 42 10
4 6 8 50 87
4 7 40 50 51
4 8 74 15 41
4 9 62 32 21
4 10 72 55 35
4 11 72 55 54
4 12 53 47 42
4 13 72 40 54
4 14 21 67 54
4 15 31 55 36
4 16 6 94 89
4 17 2 55 58
4 18 35 77 43
4 19 5 64 97
4 20 93 12 16
4 21 98 31 29
4 22 15 51 90
4 23 34 48 38
4 24 98 25 46
4 25 56 70 71
4 26 95 35 49
4 27 82 40 15
4 28 45 29 59
4 29 87 22 18
4 30 12 92 67
4 31 79 12 48
4 32 87 22 38
4 33 22 85 66
4 34 57 54 48
4 35 58 32 61
4 36 4 50 68
4 37 94 50 42
4 38 43 46 29
4 39 57 21 59
4 40 8 58 57
4 41 55 24 23
4 42 53 72 51
4 43 16 90 61
4 44 50 26 42
4 45 84 39 53
4 46 79 55 43
4 47 33 50 81
4 48 22 62 68
4 49 17 51 76
5 6 77 13 25
5 7 17 46 74
5 8 61 50 57
5 9 56 37 71
5 10 29 79 52
5 11 94 10 43
5 12 11 76 93
5 13 69 52 56
5 14 84 10 46
5 15 41 61 40
5 16 30 75 49
5 17 94 51 40
5 18 57 66 26
5 19 78 11 34
5 20 61 47 38
5 21 69 18 57
5 22 40 34 64
5 23 22 54 48
5 24 91 19 43
5 25 14 70 47
5 26 17 43 60
5 27 13 64 67
5 28 88 21 42
5 29 74 49 36
5 30 8 91 51
5 31 39 62 37
5 32 8 59 71
5 33 69 39 43
5 34 8 84 81
5 35 2 64 81
5 36 42 63 53
5 37 15 51 71
5 38 33 36 44
5 39 87 47 39
5 40 81 37 45
5 41 55 31 25
5 42 96 37 40
5 43 44 57 29
5 44 36 68 51
5 45 0 57 73
5 46 3 74 94
5 47 49 56 34
5 48 13 44 79
5 49 51 72 51
6 7 89 18 22
6 8 67 51 42
6 9 42 67 39
6 10 40 60 52
6 11 85 37 41
6 12 66 50 42
6 13 44 49 74
6 14 42 60 78
6 15 30 50 41
6 16 92 12 51
6 17 77 18 15
6 18 7 74 64
6 19 19 45 86
6 20 66 30 27
6 21 41 34 52
6 22 52 40 70
6 23 24 85 86
6 24 74 21 50
6 25 91 19 39
6 26 23 59 56
6 27 69 53 18
6 28 57 31 40
6 29 46 56 54
6 30 16 62 66
6 31 66 38 51
6 32 51 29 73
6 33 6 69 92
6 34 94 6 29
6 35 7 76 80
6 36 33 45 52
6 37 52 25 42
6 38 36 43 36
6 39 51 52 68
6 40 97 2 24
6 41 0 75 70
6 42 41 69 52
6 43 86 37 33
6 44 47 56 59
6 45 2 60 71
6 46 31 74 34
6 47 67 19 29
6 48 7 70 72
6 49 10 81 79
7 8 55 61 67
7 9 87 39 55
7 10 45 55 76
7 11 9 64 82
7 12 71 54 58
7 13 64 50 47
7 14 70 40 28
7 15 85 39 46
7 16 25 69 80
7 17 23 50 73
7 18 95 39 3
7 19 23 42 71
7 20 1 74 61
7 21 48 67 53
7 22 21 45 73
7 23 48 71 46
7 24 26 52 50
7 25 31 75 45
7 26 98 5 30
7 27 32 60 64
7 28 14 61 84
7 29 61 54 52
7 30 60 38 33
7 31 73 27 27
7 32 98 11 34
7 33 73 59 35
7 34 8 78 91
7 35 1 68 64
7 36 56 49 46
7 37 56 39 70
7 38 72 30 58
7 39 69 17 60
7 40 2 55 97
7 41 57 68 65
7 42 28 40 56
7 43 81 52 10
7 44 68 65 43
7 45 75 34 43
7 46 92 50 29
7 47 80 24 33
7 48 18 56 75
7 49 56 55 69
8 9 29 41 84
8 10 87 14 48
8 11 91 38 43
8 12 40 75 47
8 13 85 25 56
8 14 64 62 45
8 15 70 41 26
8 16 6 85 63
8 17 24 56 73
8 18 84 33 53
8 19 29 79 79
8 20 76 51 41
8 21 66 53 59
8 22 2 75 87
8 23 38 49 44
8 24 66 53 45
8 25 26 44 48
8 26 43 34 62
8 27 95 11 37
8 28 33 52 57
8 29 80 56 24
8 30 32 36 68
8 31 5 81 69
8 32 89 6 26
8 33 29 39 61
8 34 25 74 46
8 35 56 56 55
8 36 81 35 20
8 37 41 69 66
8 38 71 22 30
8 39 82 57 12
8 40 98 23 15
8 41 72 56 25
8 42 7 78 54
8 43 85 43 24
8 44 94 52 7
8 45 29 79 62
8 46 62 68 61
8 47 41 74 39
8 48 30 46 67
8 49 20 43 41
9 10 17 68 61
9 11 92 44 12
9 12 69 18 41
9 13 61 57 38
9 14 9 81 77
9 15 79 54 23
9 16 67 39 16
9 17 26 51 71
9 18 9 52 76
9 19 76 27 37
9 20 60 26 44
9 21 2 94 86
9 22 33 49 52
9 23 32 36 72
9 24 28 64 39
9 25 39 65 54
9 26 43 63 63
9 27 40 61 78
9 28 79 25 60
9 29 62 60 38
9 30 22 64 43
9 31 87 45 44
9 32 60 66 66
9 33 29 61 43
9 34 1 79 86
9 35 21 39 49
9 36 17 55 54
9 37 22 69 53
9 38 74 41 27
9 39 2 93 61
9 40 46 73 38
9 41 36 71 36
9 42 17 43 84
9 43 38 34 71
9 44 25 62 87
9 45 43 76 66
9 46 41 69 64
9 47 14 75 43
9 48 12 56 56
9 49 24 54 61
10 11 94 17 9
10 12 40 59 38
10 13 68 31 40
10 14 77 52 40
10 15 62 46 37
10 16 60 28 33
10 17 70 19 60
10 18 56 52 26
10 19 87 17 13
10 20 55 43 44
10 21 33 66 34
10 22 58 37 69
10 23 80 14 36
10 24 66 27 64
10 25 41 62 54
10 26 4 72 91
10 27 11 82 45
10 28 51 24 42
10 29 95 20 33
10 30 31 47 67
10 31 38 58 63
10 32 11 89 45
10 33 54 35 30
10 34 44 34 41
10 35 1 71 79
10 36 38 39 43
10 37 99 5 49
10 38 8 53 62
10 39 65 27 55
10 40 28 56 61
10 41 63 32 36
10 42 62 22 19
10 43 32 64 67
10 44 16 52 64
10 45 93 42 11
10 46 10 63 48
10 47 28 39 77
10 48 13 88 83
10 49 77 57 46
11 12 22 79 62
11 13 73 24 45
11 14 23 61 46
11 15 90 15 17
11 16 24 83 84
11 17 44 47 32
11 18 61 68 35
11 19 0 72 81
11 20 35 40 49
11 21 32 57 56
11 22 56 71 51
11 23 87 56 35
11 24 81 16 57
11 25 5 95 63
11 26 17 70 89
11 27 46 58 53
11 28 36 61 69
11 29 39 64 48
11 30 50 74 74
11 31 91 48 39
11 32 14 90 47
11 33 84 57 40
11 34 2 83 52
11 35 89 28 29
11 36 36 51 33
11 37 20 59 63
11 38 62 45 54
11 39 88 25 18
11 40 51 25 52
11 41 79 16 34
11 42 75 57 51
11 43 73 17 34
11 44 88 37 33
11 45 71 26 56
11 46 98 11 17
11 47 66 37 26
11 48 19 86 68
11 49 39 62 72
12 13 44 59 53
12 14 37 77 46
12 15 55 67 27
12 16 16 80 71
12 17 15 59 54
12 18 45 46 67
12 19 89 47 7
12 20 72 29 48
12 21 73 44 31
12 22 6 70 70
12 23 23 77 44
12 24 6 74 91
12 25 70 63 31
12 26 86 52 13
12 27 25 40 49
12 28 14 73 72
12 29 28 84 60
12 30 68 40 36
12 31 78 26 13
12 32 67 41 61
12 33 71 19 47
12 34 31 81 82
12 35 8 61 88
12 36 36 71 69
12 37 77 36 13
12 38 90 16 21
12 39 34 60 52
12 40 43 29 53
12 41 86 53 42
12 42 54 44 72
12 43 65 46 41
12 44 7 50 83
12 45 16 64 64
12 46 29 73 59
12 47 56 58 54
12 48 89 7 33
12 49 90 28 20
13 14 5 49 53
13 15 39 38 46
13 16 74 36 37
13 17 11 67 62
13 18 41 61 66
13 19 38 51 63
13 20 53 59 57
13 21 19 55 56
13 22 74 40 15
13 23 11 88 57
13 24 5 48 96
13 25 45 47 55
13 26 50 64 65
13 27 93 16 27
13 28 80 50 12
13 29 55 27 41
13 30 29 38 77
13 31 81 44 42
13 32 51 36 36
13 33 12 84 59
13 34 68 28 32
13 35 35 48 52
13 36 59 59 62
13 37 26 51 68
13 38 72 58 45
13 39 29 68 36
13 40 70 48 63
13 41 68 62 58
13 42 6 68 74
13 43 85 41 46
13 44 66 60 36
13 45 3 87 91
13 46 53 39 42
13 47 33 38 42
13 48 48 44 28
13 49 35 37 76
14 15 35 75 78
14 16 95 11 39
14 17 35 71 81
14 18 81 20 28
14 19 16 54 48
14 20 38 61 42
14 21 98 2 9
14 22 77 17 41
14 23 26 68 49
14 24 21 50 70
14 25 78 44 26
14 26 7 67 92
14 27 65 51 41
14 28 0 57 56
14 29 90 42 8
14 30 99 12 28
14 31 76 39 52
14 32 44 59 40
14 33 11 89 49
14 34 82 37 40
14 35 87 24 46
14 36 15 42 90
14 37 14 73 80
14 38 84 50 26
14 39 19 52 47
14 40 28 55 52
14 41 47 70 34
14 42 38 57 41
14 43 97 51 7
14 44 51 59 44
14 45 66 31 52
14 46 13 62 89
14 47 56 42 61
14 48 82 46 36
14 49 6 55 69
15 16 37 53 36
15 17 31 64 74
15 18 61 45 49
15 19 89 31 11
15 20 63 31 24
15 21 59 29 51
15 22 69 19 31
15 23 63 22 65
15 24 42 72 46
15 25 95 45 37
15 26 46 58 32
15 27 4 48 53
15 28 21 55 59
15 29 73 46 25
15 30 18 41 77
15 31 28 80 82
15 32 22 76 74
15 33 26 86 66
15 34 74 24 25
15 35 72 43 48
15 36 70 30 36
15 37 83 33 57
15 38 87 20 22
15 39 87 53 9
15 40 11 76 86
15 41 78 22 46
15 42 93 44 19
15 43 78 43 15
15 44 31 75 58
15 45 3 90 60
15 46 52 46 30
15 47 79 31 20
15 48 56 40 61
15 49 59 26 65
16 17 53 60 48
16 18 49 33 54
16 19 16 60 79
16 20 96 23 36
16 21 67 57 63
16 22 25 40 73
16 23 69 23 57
16 24 69 63 19
16 25 9 57 50
16 26 1 52 84
16 27 26 60 79
16 28 94 22 31
16 29 65 25 24
16 30 38 64 45
16 31 17 42 47
16 32 73 39 17
16 33 43 37 33
16 34 33 82 51
16 35 14 88 54
16 36 51 34 36
16 37 0 98 93
16 38 68 30 33
16 39 24 66 46
16 40 93 30 9
16 41 35 81 78
16 42 53 50 34
16 43 61 29 42
16 44 32 77 82
16 45 3 76 95
16 46 77 34 35
16 47 83 35 23
16 48 95 25 39
16 49 63 27 48
17 18 70 51 31
17 19 42 45 37
17 20 18 85 70
17 21 80 24 57
17 22 78 42 14
17 23 76 24 18
17 24 72 31 25
17 25 60 43 48
17 26 70 51 30
17 27 66 30 45
17 28 36 32 74
17 29 85 37 12
17 30 93 50 21
17 31 42 75 72
17 32 2 94 57
17 33 19 88 71
17 34 9 72 54
17 35 80 35 42
17 36 80 44 38
17 37 67 16 26
17 38 73 56 36
17 39 38 49 45
17 40 48 61 63
17 41 5 60 82
17 42 77 45 21
17 43 52 31 58
17 44 24 86 83
17 45 4 57 55
17 46 0 77 83
17 47 62 25 30
17 48 13 57 69
17 49 1 96 87
18 19 31 79 82
18 20 63 50 27
18 21 99 15 41
18 22 76 39 16
18 23 66 58 38
18 24 70 43 19
18 25 69 59 35
18 26 70 26 30
18 27 17 80 68
18 28 22 43 42
18 29 62 55 40
18 30 61 38 59
18 31 7 83 47
18 32 71 37 25
18 33 41 39 54
18 34 66 32 55
18 35 20 79 74
18 36 69 49 38
18 37 98 13 47
18 38 44 63 64
18 39 0 52 98
18 40 88 26 12
18 41 72 17 41
18 42 23 52 39
18 43 47 75 53
18 44 83 40 56
18 45 76 58 57
18 46 79 37 16
18 47 79 40 60
18 48 34 82 69
18 49 92 26 34
19 20 19 49 90
19 21 57 39 23
19 22 9 81 65
19 23 21 42 78
19 24 84 21 46
19 25 93 8 44
19 26 2 82 55
19 27 35 32 74
19 28 88 7 52
19 29 9 49 45
19 30 41 73 38
19 31 30 50 80
19 32 0 75 54
19 33 76 35 45
19 34 75 38 13
19 35 90 17 47
19 36 45 65 51
19 37 13 48 52
19 38 62 63 65
19 39 57 60 42
19 40 91 48 27
19 41 74 16 23
19 42 57 27 68
19 43 75 47 18
19 44 3 67 52
19 45 11 62 69
19 46 42 63 39
19 47 48 39 45
19 48 2 95 98
19 49 75 31 39
20 21 95 20 2
20 22 12 77 69
20 23 37 71 57
20 24 19 90 80
20 25 18 52 55
20 26 51 73 24
20 27 6 75 93
20 28 16 71 88
20 29 20 47 47
20 30 70 15 55
20 31 58 37 69
20 32 74 56 28
20 33 72 36 42
20 34 96 11 12
20 35 45 40 47
20 36 17 72 52
20 37 88 41 9
20 38 36 44 72
20 39 84 21 51
20 40 57 66 47
20 41 38 45 36
20 42 63 28 38
20 43 14 44 43
20 44 76 58 34
20 45 54 70 48
20 46 64 20 61
20 47 95 18 10
20 48 13 49 90
20 49 92 13 40
21 22 56 36 25
21 23 47 27 26
21 24 95 40 39
21 25 28 53 65
21 26 99 20 11
21 27 7 61 58
21 28 87 28 13
21 29 98 7 29
21 30 71 43 21
21 31 65 28 37
21 32 73 62 55
21 33 50 58 67
21 34 86 56 30
21 35 69 19 63
21 36 96 6 16
21 37 52 71 29
21 38 12 86 50
21 39 40 73 41
21 40 44 60 37
21 41 38 70 42
21 42 49 34 42
21 43 3 70 51
21 44 87 13 26
21 45 43 33 34
21 46 32 49 59
21 47 99 28 19
21 48 66 51 32
21 49 72 34 31
22 23 6 62 79
22 24 56 39 55
22 25 6 96 79
22 26 3 81 73
22 27 56 44 42
22 28 45 64 65
22 29 81 40 45
22 30 55 31 43
22 31 0 95 65
22 32 13 47 73
22 33 82 32 33
22 34 22 46 64
22 35 21 82 83
22 36 15 54 45
22 37 65 62 22
22 38 16 87 64
22 39 4 69 90
22 40 13 66 70
22 41 10 85 81
22 42 38 68 74
22 43 38 41 54
22 44 37 40 64
22 45 74 39 28
22 46 80 52 14
22 47 76 15 57
22 48 34 37 74
22 49 56 40 57
23 24 29 41 77
23 25 6 47 57
23 26 33 72 79
23 27 41 76 59
23 28 69 15 28
23 29 66 23 36
23 30 13 50 72
23 31 41 76 51
23 32 45 49 70
23 33 94 13 9
23 34 75 28 37
23 35 82 35 41
23 36 27 47 47
23 37 71 25 58
23 38 65 55 44
23 39 26 75 48
23 40 29 59 67
23 41 4 90 72
23 42 1 57 64
23 43 25 81 40
23 44 55 70 51
23 45 2 51 77
23 46 37 74 42
23 47 2 98 59
23 48 1 98 82
23 49 35 71 39
24 25 44 48 71
24 26 35 55 82
24 27 22 85 64
24 28 41 42 36
24 29 4 83 75
24 30 74 39 49
24 31 80 30 38
24 32 91 43 15
24 33 55 50 43
24 34 16 63 60
24 35 84 49 15
24 36 80 33 25
24 37 56 43 62
24 38 29 36 76
24 39 51 70 27
24 40 3 90 84
24 41 96 29 18
24 42 83 42 25
24 43 71 14 33
24 44 63 21 43
24 45 53 58 68
24 46 26 77 46
24 47 7 86 85
24 48 93 29 51
24 49 36 67 34
25 26 63 42 28
25 27 2 91 84
25 28 51 27 66
25 29 48 65 40
25 30 19 53 56
25 31 40 46 79
25 32 21 39 39
25 33 57 45 28
25 34 47 61 74
25 35 8 66 94
25 36 56 71 50
25 37 33 39 64
25 38 72 21 35
25 39 67 31 26
25 40 11 59 56
25 41 33 67 50
25 42 31 64 60
25 43 35 69 65
25 44 71 33 52
25 45 38 76 36
25 46 39 79 44
25 47 48 52 65
25 48 37 39 44
25 49 71 42 40
26 27 46 29 43
26 28 43 42 31
26 29 20 44 75
26 30 23 49 50
26 31 16 83 73
26 32 14 62 86
26 33 27 77 50
26 34 97 12 47
26 35 40 41 73
26 36 93 17 46
26 37 93 18 16
26 38 67 66 40
26 39 73 19 29
26 40 19 41 84
26 41 82 24 25
26 42 13 86 49
26 43 48 60 53
26 44 86 53 20
26 45 88 15 6
26 46 98 34 39
26 47 9 87 72
26 48 99 16 21
26 49 10 86 66
27 28 78 53 41
27 29 15 88 62
27 30 81 9 52
27 31 53 36 30
27 32 57 53 70
27 33 45 56 38
27 34 31 81 73
27 35 15 64 91
27 36 27 80 85
27 37 46 57 51
27 38 91 24 40
27 39 14 79 87
27 40 0 56 91
27 41 28 39 62
27 42 81 11 11
27 43 87 13 55
27 44 73 26 43
27 45 92 6 38
27 46 66 42 33
27 47 71 49 40
27 48 49 32 26
27 49 63 66 52
28 29 91 19 28
28 30 57 43 27
28 31 49 54 62
28 32 47 55 30
28 33 22 68 83
28 34 10 71 93
28 35 43 52 43
28 36 3 55 93
28 37 44 28 48
28 38 46 41 76
28 39 22 72 44
28 40 14 76 81
28 41 27 48 72
28 42 90 8 18
28 43 68 38 57
28 44 25 44 80
28 45 68 55 48
28 46 36 77 46
28 47 36 58 63
28 48 52 64 38
28 49 8 82 88
29 30 12 88 66
29 31 53 23 34
29 32 29 78 55
29 33 16 62 76
29 34 45 47 48
29 35 59 40 37
29 36 88 49 29
29 37 84 18 24
29 38 13 47 74
29 39 1 56 81
29 40 11 68 87
29 41 16 44 43
29 42 20 68 87
29 43 18 69 49
29 44 48 70 31
29 45 4 52 85
29 46 9 66 65
29 47 86 30 15
29 48 0 52 52
29 49 79 53 37
30 31 34 33 39
30 32 71 40 15
30 33 54 27 66
30 34 0 73 82
30 35 69 46 45
30 36 15 53 60
30 37 63 61 51
30 38 42 40 33
30 39 47 62 68
30 40 20 71 74
30 41 55 36 60
30 42 67 63 21
30 43 16 66 55
30 44 35 75 38
30 45 56 65 63
30 46 43 29 41
30 47 34 47 58
30 48 93 3 10
30 49 80 49 56
31 32 0 71 75
31 33 89 39 22
31 34 1 61 93
31 35 98 25 28
31 36 4 58 69
31 37 28 57 76
31 38 96 6 42
31 39 84 55 16
31 40 22 81 69
31 41 49 63 53
31 42 65 53 27
31 43 59 34 54
31 44 7 77 90
31 45 84 13 8
31 46 41 59 72
31 47 41 42 50
31 48 58 29 67
31 49 26 71 70
32 33 77 11 52
32 34 76 26 51
32 35 36 42 54
32 36 30 41 82
32 37 85 18 42
32 38 40 54 42
32 39 33 64 72
32 40 89 19 14
32 41 3 58 67
32 42 67 36 58
32 43 12 67 87
32 44 41 40 32
32 45 2 84 71
32 46 1 79 86
32 47 83 29 30
32 48 34 57 45
32 49 71 57 48
33 34 51 59 34
33 35 29 69 69
33 36 45 38 56
33 37 99 41 2
33 38 75 37 37
33 39 52 31 42
33 40 3 83 94
33 41 0 51 62
33 42 31 53 47
33 43 43 77 77
33 44 90 19 14
33 45 45 55 34
33 46 35 69 73
33 47 33 48 60
33 48 90 53 40
33 49 41 61 71
34 35 23 76 68
34 36 16 50 59
34 37 37 44 65
34 38 9 73 57
34 39 25 60 76
34 40 51 45 24
34 41 82 26 16
34 42 49 29 70
34 43 9 59 60
34 44 81 49 37
34 45 9 84 60
34 46 10 44 57
34 47 98 38 14
34 48 18 41 88
34 49 77 47 52
35 36 84 25 8
35 37 42 48 71
35 38 59 55 53
35 39 87 41 9
35 40 83 48 18
35 41 51 32 29
35 42 30 39 65
35 43 80 54 59
35 44 49 48 45
35 45 39 35 58
35 46 62 61 55
35 47 27 61 78
35 48 81 22 54
35 49 72 59 49
36 37 82 34 11
36 38 21 47 61
36 39 81 52 13
36 40 16 52 85
36 41 26 37 78
36 42 81 32 10
36 43 51 25 58
36 44 85 48 13
36 45 74 47 59
36 46 21 80 43
36 47 40 33 34
36 48 49 43 71
36 49 23 71 79
37 38 69 50 54
37 39 17 88 52
37 40 75 42 51
37 41 4 88 78
37 42 41 43 78
37 43 28 62 58
37 44 72 42 22
37 45 70 21 18
37 46 30 43 40
37 47 19 80 54
37 48 83 54 10
37 49 81 54 38
38 39 90 18 10
38 40 9 68 79
38 41 92 10 12
38 42 47 45 65
38 43 65 22 46
38 44 68 22 35
38 45 87 10 42
38 46 56 41 40
38 47 55 37 50
38 48 5 50 92
38 49 44 71 42
39 40 91 47 18
39 41 94 7 6
39 42 25 68 38
39 43 51 36 42
39 44 65 42 48
39 45 84 36 27
39 46 57 43 42
39 47 51 65 48
39 48 50 58 48
39 49 30 61 64
40 41 34 53 58
40 42 38 80 35
40 43 20 56 54
40 44 47 34 55
40 45 67 22 30
40 46 78 18 39
40 47 87 47 45
40 48 66 61 17
40 49 60 46 40
41 42 46 51 38
41 43 19 60 86
41 44 58 41 60
41 45 31 78 54
41 46 35 72 49
41 47 53 43 31
41 48 36 55 61
41 49 59 69 58
42 43 81 40 50
42 44 82 53 40
42 45 97 48 28
42 46 18 87 83
42 47 51 30 46
42 48 92 11 5
42 49 20 72 47
43 44 93 52 6
43 45 21 43 57
43 46 90 19 45
43 47 8 62 91
43 48 44 52 36
43 49 95 17 7
44 45 7 72 94
44 46 89 14 21
44 47 90 45 38
44 48 25 78 56
44 49 47 75 46
45 46 64 55 25
45 47 26 84 57
45 48 82 23 11
45 49 76 23 53
46 47 89 31 36
46 48 26 54 48
46 49 46 28 75
47 48 65 43 55
47 49 19 83 86
48 49 64 38 61
