50 3
0.3 0 0.7
0 1 8 41 66
0 2 88 42 12
0 3 60 76 19
0 4 1 69 50
0 5 75 28 73
0 6 20 65 25
0 7 54 13 51
0 8 9 18 71
0 9 72 73 23
0 10 40 41 47
0 11 47 60 40
0 12 96 18 54
0 13 30 26 26
0 14 75 66 59
0 15 86 40 7
0 16 60 34 72
0 17 43 52 59
0 18 28 42 87
0 19 63 24 34
0 20 27 30 21
0 21 95 52 50
0 22 18 47 36
0 23 84 75 68
0 24 2 48 99
0 25 11 52 46
0 26 44 36 20
0 27 19 38 55
0 28 66 72 54
0 29 14 51 80
0 30 77 14 32
0 31 74 54 10
0 32 51 82 35
0 33 57 34 70
0 34 38 42 30
0 35 42 62 46
0 36 87 37 58
0 37 40 74 41
0 38 41 74 53
0 39 93 37 73
0 40 66 66 18
0 41 3 94 22
0 42 1 69 26
0 43 65 38 39
0 44 45 64 16
0 45 37 25 62
0 46 48 87 52
0 47 64 31 34
0 48 29 75 81
0 49 35 44 69
1 2 39 49 50
1 3 92 81 17
1 4 25 24 56
1 5 80 42 58
1 6 37 89 51
1 7 59 57 16
1 8 64 14 9
1 9 83 41 34
1 10 65 34 36
1 11 34 57 36
1 12 46 85 23
1 13 90 5 10
1 14 71 84 64
1 15 92 37 34
1 16 33 43 55
1 17 51 39 34
1 18 66 40 27
1 19 82 25 19
1 20 22 70 94
1 21 85 29 47
1 22 50 20 11
1 23 79 6 80
1 24 32 13 42
1 25 46 21 48
1 26 32 74 67
1 27 50 68 70
1 28 57 80 43
1 29 75 60 51
1 30 29 89 33
1 31 16 23 29
1 32 89 9 78
1 33 16 38 87
1 34 96 36 19
1 35 22 81 46
1 36 81 53 35
1 37 75 83 75
1 38 63 86 11
1 39 89 75 52
1 40 59 29 51
1 41 0 35 37
1 42 81 24 36
1 43 69 43 61
1 44 82 9 13
1 45 76 29 43
1 46 63 61 83
1 47 41 85 20
1 48 41 41 86
1 49 43 78 61
2 3 7 36 54
2 4 31 21 65
2 5 84 23 60
2 6 38 73 27
2 7 31 36 75
2 8 32 47 34
2 9 40 20 51
2 10 89 70 80
2 11 1 70 88
2 12 69 59 50
2 13 94 10 36
2 14 31 58 24
2 15 58 80 80
2 16 82 39 82
2 17 4 38 61
2 18 25 17 44
2 19 4 26 22
2 20 91 16 18
2 21 36 70 92
2 22 25 44 76
2 23 24 59 27
2 24 17 84 81
2 25 96 47 79
2 26 8 62 30
2 27 66 58 56
2 28 29 63 82
2 29 79 40 67
2 30 78 68 36
2 31 22 69 64
2 32 33 89 46
2 33 59 37 40
2 34 50 72 80
2 35 26 77 73
2 36 13 35 32
2 37 74 48 59
2 38 28 87 19
2 39 1 21 87
2 40 15 21 35
2 41 64 50 60
2 42 54 67 45
2 43 7 55 21
2 44 43 36 26
2 45 22 39 77
2 46 9 44 55
2 47 87 44 9
2 48 36 45 28
2 49 28 71 55
3 4 35 71 55
3 5 9 44 52
3 6 89 23 19
3 7 52 57 46
3 8 2 36 89
3 9 17 82 22
3 10 68 72 73
3 11 70 20 75
3 12 76 57 51
3 13 89 53 55
3 14 36 42 39
3 15 0 27 88
3 16 67 19 27
3 17 35 82 55
3 18 46 51 90
3 19 19 86 87
3 20 8 22 26
3 21 21 19 55
3 22 61 61 46
3 23 81 45 69
3 24 12 41 90
3 25 39 72 18
3 26 28 27 30
3 27 46 13 33
3 28 93 35 30
3 29 18 19 30
3 30 56 22 69
3 31 47 16 29
3 32 68 77 28
3 33 35 18 61
3 34 29 46 74
3 35 46 26 85
3 36 24 64 18
3 37 72 34 60
3 38 80 69 18
3 39 8 39 67
3 40 67 28 73
3 41 96 28 12
3 42 15 30 28
3 43 58 52 20
3 44 45 88 60
3 45 58 41 53
3 46 41 37 75
3 47 2 22 43
3 48 62 55 81
3 49 92 80 11
4 5 65 63 24
4 6 66 76 55
4 7 87 4 47
4 8 53 88 25
4 9 37 55 67
4 10 93 51 20
4 11 99 0 34
4 12 55 62 85
4 13 56 56 31
4 14 31 26 34
4 15 27 77 45
4 16 94 70 34
4 17 24 26 31
4 18 87 15 46
4 19 59 59 37
4 20 69 58 60
4 21 81 43 44
4 22 24 66 75
4 23 46 78 32
4 24 29 44 64
4 25 32 52 66
4 26 29 37 27
4 27 78 57 12
4 28 34 48 53
4 29 64 37 36
4 30 68 59 21
4 31 58 41 81
4 32 50 54 29
4 33 79 7 64
4 34 72 67 49
4 35 55 41 14
4 36 45 70 35
4 37 9 82 19
4 38 44 84 23
4 39 34 69 33
4 40 90 3 76
4 41 5 73 26
4 42 20 67 74
4 43 66 13 44
4 44 77 77 32
4 45 53 75 58
4 46 13 66 45
4 47 9 45 42
4 48 12 60 43
4 49 53 55 63
5 6 21 58 25
5 7 36 23 31
5 8 97 55 50
5 9 67 30 15
5 10 78 61 23
5 11 78 21 14
5 12 92 77 33
5 13 66 15 32
5 14 30 74 77
5 15 76 8 30
5 16 66 27 78
5 17 99 47 72
5 18 94 79 61
5 19 14 22 92
5 20 23 65 18
5 21 84 54 16
5 22 65 22 26
5 23 40 66 80
5 24 18 47 71
5 25 72 10 53
5 26 78 62 67
5 27 36 56 27
5 28 76 42 27
5 29 54 71 63
5 30 27 18 44
5 31 29 74 21
5 32 72 19 45
5 33 22 19 62
5 34 54 29 67
5 35 92 51 44
5 36 61 40 57
5 37 41 32 91
5 38 29 92 21
5 39 96 27 60
5 40 51 26 9
5 41 4 64 75
5 42 20 62 73
5 43 42 41 80
5 44 25 69 60
5 45 16 44 54
5 46 80 62 44
5 47 45 13 21
5 48 34 27 60
5 49 6 20 25
6 7 66 47 14
6 8 16 17 84
6 9 3 30 33
6 10 73 48 67
6 11 80 30 22
6 12 51 67 16
6 13 28 71 60
6 14 21 70 18
6 15 5 50 87
6 16 85 16 35
6 17 21 47 63
6 18 72 73 67
6 19 53 76 80
6 20 85 52 57
6 21 18 80 54
6 22 31 31 46
6 23 73 82 14
6 24 11 91 91
6 25 38 65 64
6 26 9 76 63
6 27 83 59 6
6 28 44 45 80
6 29 32 16 26
6 30 67 32 53
6 31 20 35 17
6 32 81 78 82
6 33 1 79 81
6 34 40 40 17
6 35 0 35 65
6 36 27 34 49
6 37 68 46 60
6 38 97 79 52
6 39 94 58 29
6 40 96 47 24
6 41 2 71 52
6 42 43 82 30
6 43 91 56 75
6 44 70 11 76
6 45 16 82 54
6 46 94 77 8
6 47 31 51 83
6 48 24 81 94
6 49 19 81 21
7 8 45 82 88
7 9 55 71 46
7 10 62 22 57
7 11 42 66 69
7 12 13 36 87
7 13 50 78 71
7 14 58 80 12
7 15 74 60 49
7 16 44 40 32
7 17 51 61 88
7 18 76 72 78
7 19 45 83 87
7 20 36 72 48
7 21 38 51 43
7 22 14 62 46
7 23 59 78 15
7 24 72 11 83
7 25 68 75 45
7 26 63 77 48
7 27 86 80 31
7 28 15 75 74
7 29 73 59 13
7 30 16 75 81
7 31 40 71 43
7 32 50 52 14
7 33 11 42 58
7 34 65 48 67
7 35 48 66 36
7 36 18 34 57
7 37 17 85 49
7 38 92 78 58
7 39 81 66 50
7 40 58 33 88
7 41 88 8 80
7 42 19 17 51
7 43 99 46 63
7 44 34 82 78
7 45 16 85 44
7 46 89 48 4
7 47 15 59 38
7 48 1 22 21
7 49 4 24 86
8 9 42 64 85
8 10 93 78 43
8 11 24 69 21
8 12 30 54 30
8 13 47 19 35
8 14 71 32 72
8 15 2 68 52
8 16 6 38 96
8 17 55 69 22
8 18 37 61 76
8 19 80 83 54
8 20 35 24 18
8 21 37 17 50
8 22 4 45 32
8 23 27 17 52
8 24 57 37 71
8 25 87 25 35
8 26 70 64 9
8 27 34 28 68
8 28 67 45 79
8 29 70 8 48
8 30 97 30 80
8 31 81 67 4
8 32 76 52 59
8 33 10 64 90
8 34 53 52 65
8 35 90 15 6
8 36 74 41 42
8 37 7 51 56
8 38 15 57 30
8 39 37 42 59
8 40 4 35 33
8 41 96 76 75
8 42 80 16 29
8 43 74 52 20
8 44 23 53 37
8 45 70 81 51
8 46 8 50 53
8 47 83 37 54
8 48 2 33 42
8 49 2 74 44
9 10 99 58 67
9 11 89 30 14
9 12 44 77 29
9 13 78 51 52
9 14 43 21 78
9 15 17 61 43
9 16 51 19 73
9 17 43 37 24
9 18 1 81 26
9 19 9 46 74
9 20 50 64 18
9 21 4 23 19
9 22 21 77 82
9 23 14 79 62
9 24 23 42 62
9 25 15 83 62
9 26 6 92 50
9 27 62 21 74
9 28 65 61 18
9 29 5 54 25
9 30 26 40 79
9 31 53 69 57
9 32 63 41 75
9 33 37 45 27
9 34 83 57 7
9 35 6 49 93
9 36 7 86 56
9 37 33 21 59
9 38 0 76 97
9 39 10 59 35
9 40 65 56 59
9 41 12 34 46
9 42 45 22 16
9 43 77 11 57
9 44 97 72 70
9 45 72 56 76
9 46 84 78 60
9 47 20 75 33
9 48 76 44 28
9 49 86 78 8
10 11 22 38 57
10 12 18 77 36
10 13 30 90 69
10 14 34 29 45
10 15 15 39 52
10 16 83 28 72
10 17 21 71 94
10 18 43 23 63
10 19 20 31 37
10 20 98 5 52
10 21 4 95 22
10 22 1 22 60
10 23 65 85 37
10 24 93 43 58
10 25 35 24 13
10 26 17 74 35
10 27 74 56 66
10 28 17 90 54
10 29 87 16 10
10 30 88 53 25
10 31 71 56 56
10 32 25 63 79
10 33 75 72 40
10 34 24 86 42
10 35 83 39 10
10 36 88 66 55
10 37 3 34 70
10 38 89 6 52
10 39 50 22 85
10 40 79 40 22
10 41 40 32 87
10 42 30 43 32
10 43 58 31 37
10 44 70 79 36
10 45 8 61 46
10 46 98 10 45
10 47 27 76 15
10 48 44 36 11
10 49 89 79 21
11 12 19 31 32
11 13 84 70 78
11 14 98 58 80
11 15 60 28 17
11 16 46 84 63
11 17 82 19 43
11 18 11 57 18
11 19 59 51 27
11 20 96 57 1
11 21 42 12 43
11 22 75 13 37
11 23 10 21 64
11 24 91 37 64
11 25 7 64 89
11 26 65 48 24
11 27 3 83 42
11 28 78 11 58
11 29 0 90 76
11 30 93 31 11
11 31 80 53 32
11 32 3 42 31
11 33 97 49 45
11 34 65 11 9
11 35 25 29 70
11 36 3 50 58
11 37 95 35 39
11 38 43 24 38
11 39 36 70 36
11 40 56 78 77
11 41 69 38 75
11 42 59 76 73
11 43 71 74 84
11 44 76 52 38
11 45 52 88 34
11 46 36 27 91
11 47 34 25 47
11 48 42 72 89
11 49 14 29 29
12 13 66 7 44
12 14 13 23 43
12 15 22 90 79
12 16 84 59 72
12 17 56 13 51
12 18 80 7 47
12 19 59 18 49
12 20 79 60 11
12 21 76 56 15
12 22 88 78 43
12 23 64 86 9
12 24 5 65 25
12 25 26 14 60
12 26 2 24 42
12 27 68 34 12
12 28 0 46 66
12 29 36 50 49
12 30 99 56 54
12 31 24 18 38
12 32 5 50 87
12 33 62 84 71
12 34 77 62 10
12 35 63 30 80
12 36 49 41 83
12 37 57 38 64
12 38 66 73 27
12 39 38 48 68
12 40 67 33 54
12 41 15 29 38
12 42 51 55 11
12 43 97 45 8
12 44 51 64 19
12 45 83 33 78
12 46 64 85 76
12 47 16 35 83
12 48 98 69 44
12 49 67 29 33
13 14 22 64 74
13 15 97 38 27
13 16 91 79 74
13 17 67 9 82
13 18 59 37 36
13 19 36 37 21
13 20 71 42 69
13 21 56 8 54
13 22 33 93 37
13 23 81 60 48
13 24 31 65 79
13 25 58 73 77
13 26 41 22 76
13 27 32 32 80
13 28 66 39 9
13 29 57 14 57
13 30 97 63 76
13 31 20 22 22
13 32 55 69 78
13 33 13 89 19
13 34 48 26 50
13 35 50 30 40
13 36 72 67 21
13 37 42 33 37
13 38 27 78 58
13 39 34 82 76
13 40 66 84 59
13 41 94 19 36
13 42 77 62 62
13 43 4 96 59
13 44 27 87 32
13 45 92 22 26
13 46 7 59 35
13 47 32 66 38
13 48 46 72 12
13 49 98 68 22
14 15 71 36 48
14 16 77 55 49
14 17 66 64 60
14 18 1 71 24
14 19 67 24 75
14 20 50 22 45
14 21 14 69 75
14 22 38 15 68
14 23 3 29 58
14 24 7 57 25
14 25 92 15 51
14 26 37 70 60
14 27 56 53 25
14 28 57 77 85
14 29 13 67 57
14 30 27 35 42
14 31 32 39 80
14 32 59 74 64
14 33 83 18 62
14 34 18 26 54
14 35 66 69 83
14 36 57 13 28
14 37 18 85 70
14 38 39 24 58
14 39 8 27 24
14 40 24 70 87
14 41 41 85 73
14 42 76 14 19
14 43 23 95 41
14 44 34 71 36
14 45 63 59 79
14 46 14 85 81
14 47 49 39 13
14 48 80 24 14
14 49 10 80 28
15 16 89 38 23
15 17 49 73 65
15 18 40 53 70
15 19 64 31 84
15 20 31 55 64
15 21 77 42 44
15 22 80 61 67
15 23 92 64 48
15 24 97 45 41
15 25 57 24 26
15 26 54 38 45
15 27 54 89 22
15 28 0 24 71
15 29 48 77 85
15 30 87 10 44
15 31 82 15 64
15 32 25 22 76
15 33 89 77 15
15 34 57 51 34
15 35 36 23 53
15 36 61 45 11
15 37 10 39 84
15 38 98 65 16
15 39 18 29 80
15 40 33 33 48
15 41 83 46 75
15 42 8 87 82
15 43 64 13 49
15 44 50 54 14
15 45 69 69 61
15 46 17 58 60
15 47 16 21 53
15 48 68 36 64
15 49 84 71 36
16 17 76 55 57
16 18 15 30 19
16 19 4 84 82
16 20 73 41 25
16 21 17 89 27
16 22 28 85 15
16 23 95 34 15
16 24 47 42 45
16 25 13 59 46
16 26 64 68 42
16 27 3 43 45
16 28 11 82 51
16 29 58 84 51
16 30 54 67 35
16 31 58 68 74
16 32 78 50 43
16 33 25 92 63
16 34 27 68 81
16 35 50 28 41
16 36 61 64 76
16 37 75 21 56
16 38 23 32 39
16 39 58 18 36
16 40 95 38 68
16 41 72 52 54
16 42 38 44 14
16 43 89 66 75
16 44 89 6 38
16 45 27 84 31
16 46 2 74 70
16 47 6 54 61
16 48 33 90 36
16 49 88 81 6
17 18 80 68 10
17 19 72 10 84
17 20 44 89 28
17 21 24 39 59
17 22 45 21 58
17 23 16 81 87
17 24 52 54 23
17 25 96 16 27
17 26 59 81 52
17 27 40 91 57
17 28 11 25 32
17 29 1 96 53
17 30 67 51 58
17 31 76 51 69
17 32 50 86 70
17 33 3 71 38
17 34 44 20 50
17 35 39 50 88
17 36 19 53 24
17 37 36 29 71
17 38 19 73 41
17 39 96 36 48
17 40 62 33 86
17 41 34 42 49
17 42 16 53 21
17 43 88 80 37
17 44 42 58 82
17 45 54 86 44
17 46 12 91 84
17 47 83 61 35
17 48 55 19 29
17 49 62 44 86
18 19 21 30 90
18 20 41 80 28
18 21 83 77 80
18 22 51 19 24
18 23 92 76 35
18 24 36 79 17
18 25 66 82 44
18 26 76 83 47
18 27 54 70 49
18 28 47 71 85
18 29 15 41 89
18 30 54 53 83
18 31 99 19 48
18 32 56 85 43
18 33 99 58 59
18 34 46 66 59
18 35 25 40 47
18 36 17 33 40
18 37 43 63 44
18 38 50 82 51
18 39 95 35 3
18 40 60 85 13
18 41 16 55 91
18 42 20 53 95
18 43 46 61 58
18 44 43 79 79
18 45 75 49 69
18 46 6 78 39
18 47 36 81 80
18 48 58 32 63
18 49 36 28 17
19 20 79 38 57
19 21 83 21 37
19 22 17 31 55
19 23 10 65 74
19 24 88 43 44
19 25 39 58 41
19 26 2 73 71
19 27 67 68 84
19 28 69 84 49
19 29 98 35 30
19 30 53 75 62
19 31 69 84 84
19 32 23 85 53
19 33 6 60 39
19 34 98 4 65
19 35 95 38 36
19 36 31 46 60
19 37 50 45 29
19 38 7 73 69
19 39 41 30 31
19 40 1 26 75
19 41 46 64 13
19 42 45 29 18
19 43 69 64 70
19 44 97 28 69
19 45 58 23 57
19 46 11 84 58
19 47 7 93 21
19 48 80 12 63
19 49 58 23 81
20 21 23 83 39
20 22 42 58 41
20 23 40 36 48
20 24 41 31 29
20 25 42 34 34
20 26 91 59 8
20 27 28 19 41
20 28 25 73 36
20 29 70 21 82
20 30 70 48 13
20 31 62 11 14
20 32 33 77 73
20 33 44 40 48
20 34 59 67 87
20 35 93 73 7
20 36 71 60 64
20 37 17 52 74
20 38 92 58 49
20 39 92 51 53
20 40 30 19 87
20 41 84 66 32
20 42 44 29 45
20 43 99 62 42
20 44 0 41 81
20 45 66 25 68
20 46 82 56 43
20 47 16 27 49
20 48 99 18 40
20 49 69 6 70
21 22 5 34 32
21 23 15 57 60
21 24 55 61 56
21 25 32 82 21
21 26 91 41 63
21 27 1 62 75
21 28 66 72 23
21 29 30 22 58
21 30 88 67 11
21 31 82 11 66
21 32 61 72 85
21 33 16 60 82
21 34 50 78 42
21 35 29 29 23
21 36 73 19 39
21 37 41 78 81
21 38 25 64 36
21 39 17 52 66
21 40 72 51 82
21 41 33 68 85
21 42 15 27 58
21 43 90 33 23
21 44 97 28 12
21 45 75 73 18
21 46 97 22 0
21 47 37 81 68
21 48 51 52 20
21 49 10 19 87
22 23 41 74 31
22 24 27 90 66
22 25 56 13 52
22 26 87 65 48
22 27 96 43 55
22 28 81 22 24
22 29 26 23 90
22 30 30 38 58
22 31 68 49 15
22 32 19 49 54
22 33 33 47 23
22 34 50 13 89
22 35 38 59 57
22 36 9 47 85
22 37 37 34 23
22 38 23 49 38
22 39 18 61 50
22 40 89 56 76
22 41 36 58 67
22 42 29 88 58
22 43 53 60 65
22 44 98 42 65
22 45 47 35 25
22 46 50 67 37
22 47 30 73 85
22 48 86 25 30
22 49 53 58 58
23 24 63 65 10
23 25 7 49 26
23 26 86 54 10
23 27 61 45 44
23 28 83 76 71
23 29 12 19 81
23 30 18 71 83
23 31 30 88 47
23 32 66 42 75
23 33 91 54 69
23 34 40 79 49
23 35 38 17 80
23 36 46 78 43
23 37 37 87 80
23 38 3 62 93
23 39 79 61 43
23 40 14 24 27
23 41 88 46 20
23 42 79 40 46
23 43 25 63 51
23 44 89 2 54
23 45 85 28 79
23 46 36 35 63
23 47 19 75 88
23 48 3 59 81
23 49 6 75 78
24 25 50 22 56
24 26 98 2 14
24 27 84 39 8
24 28 37 90 83
24 29 74 11 45
24 30 40 67 48
24 31 89 52 9
24 32 41 57 16
24 33 81 67 63
24 34 45 89 56
24 35 72 46 81
24 36 5 30 27
24 37 80 39 80
24 38 91 23 8
24 39 34 51 21
24 40 53 52 80
24 41 21 18 87
24 42 81 74 14
24 43 56 51 33
24 44 97 5 66
24 45 71 24 74
24 46 32 57 85
24 47 88 43 8
24 48 82 49 48
24 49 89 60 9
25 26 84 26 27
25 27 5 65 51
25 28 89 61 29
25 29 27 91 26
25 30 76 31 74
25 31 45 87 82
25 32 73 74 26
25 33 10 93 26
25 34 8 85 50
25 35 99 37 45
25 36 77 33 68
25 37 1 43 78
25 38 18 65 24
25 39 69 6 33
25 40 75 64 54
25 41 67 49 60
25 42 21 56 80
25 43 61 54 64
25 44 62 50 42
25 45 86 48 48
25 46 44 18 49
25 47 4 39 44
25 48 82 8 76
25 49 50 62 30
26 27 74 73 39
26 28 82 71 22
26 29 83 48 57
26 30 17 18 88
26 31 31 58 66
26 32 94 71 26
26 33 25 81 88
26 34 81 23 73
26 35 3 66 98
26 36 52 76 89
26 37 47 31 50
26 38 77 16 76
26 39 7 91 28
26 40 64 25 49
26 41 27 70 39
26 42 39 80 70
26 43 68 35 40
26 44 27 82 73
26 45 49 38 82
26 46 3 44 54
26 47 43 38 40
26 48 68 56 33
26 49 71 79 54
27 28 0 66 69
27 29 63 35 27
27 30 10 39 37
27 31 58 34 18
27 32 62 87 8
27 33 30 52 31
27 34 27 21 88
27 35 5 57 19
27 36 53 11 11
27 37 43 84 70
27 38 59 44 36
27 39 5 24 61
27 40 44 42 83
27 41 6 93 85
27 42 85 48 68
27 43 7 67 58
27 44 72 61 41
27 45 69 46 84
27 46 5 72 47
27 47 14 33 74
27 48 27 51 28
27 49 72 10 28
28 29 86 80 62
28 30 4 44 80
28 31 31 75 68
28 32 82 71 75
28 33 15 83 62
28 34 30 28 90
28 35 5 82 45
28 36 9 70 54
28 37 84 35 26
28 38 57 56 74
28 39 1 74 32
28 40 49 24 56
28 41 54 40 41
28 42 52 58 21
28 43 31 71 50
28 44 86 30 27
28 45 97 73 71
28 46 49 19 88
28 47 91 36 8
28 48 31 56 34
28 49 76 38 29
29 30 22 36 61
29 31 85 33 8
29 32 1 32 72
29 33 64 7 15
29 34 81 26 17
29 35 90 61 6
29 36 87 80 75
29 37 11 44 92
29 38 19 54 61
29 39 35 20 65
29 40 61 31 49
29 41 5 87 59
29 42 58 36 17
29 43 10 19 56
29 44 82 59 22
29 45 53 46 71
29 46 37 80 53
29 47 76 5 28
29 48 97 7 15
29 49 59 37 15
30 31 30 35 63
30 32 99 21 16
30 33 1 81 68
30 34 57 51 87
30 35 47 51 19
30 36 64 41 64
30 37 96 8 3
30 38 5 52 39
30 39 74 81 55
30 40 14 26 73
30 41 73 7 45
30 42 71 81 59
30 43 33 76 62
30 44 49 23 20
30 45 14 67 85
30 46 54 25 31
30 47 1 65 92
30 48 14 47 77
30 49 58 61 69
31 32 56 19 61
31 33 45 79 68
31 34 43 77 27
31 35 10 32 18
31 36 46 25 33
31 37 15 25 38
31 38 31 49 42
31 39 42 77 60
31 40 10 78 82
31 41 9 32 62
31 42 62 67 83
31 43 92 48 5
31 44 64 84 43
31 45 21 32 43
31 46 82 8 13
31 47 49 25 56
31 48 72 31 45
31 49 23 72 90
32 33 31 17 21
32 34 0 20 45
32 35 29 67 83
32 36 7 52 26
32 37 30 75 79
32 38 55 80 61
32 39 66 31 68
32 40 18 55 49
32 41 37 75 27
32 42 32 65 71
32 43 10 23 75
32 44 49 62 42
32 45 62 27 25
32 46 4 53 73
32 47 31 86 47
32 48 44 88 22
32 49 38 32 72
33 34 93 70 39
33 35 91 1 6
33 36 54 46 70
33 37 41 12 87
33 38 13 52 40
33 39 81 54 15
33 40 77 26 64
33 41 48 65 17
33 42 24 66 26
33 43 81 71 5
33 44 58 72 48
33 45 1 41 26
33 46 15 53 79
33 47 56 87 72
33 48 81 68 23
33 49 33 44 81
34 35 16 30 43
34 36 65 13 49
34 37 66 52 81
34 38 70 6 55
34 39 57 31 72
34 40 91 21 19
34 41 22 62 58
34 42 50 15 75
34 43 93 4 71
34 44 79 42 62
34 45 27 16 76
34 46 55 51 78
34 47 63 49 53
34 48 11 85 83
34 49 33 79 14
35 36 39 21 19
35 37 21 62 72
35 38 72 46 76
35 39 77 47 54
35 40 22 33 91
35 41 20 23 75
35 42 78 22 71
35 43 36 36 15
35 44 82 17 40
35 45 42 30 69
35 46 75 29 19
35 47 28 18 68
35 48 38 27 69
35 49 31 46 20
36 37 11 62 73
36 38 20 55 83
36 39 45 66 20
36 40 2 70 68
36 41 64 42 38
36 42 53 69 61
36 43 35 19 76
36 44 22 24 40
36 45 44 85 30
36 46 62 22 78
36 47 85 45 10
36 48 28 70 62
36 49 69 44 21
37 38 61 59 87
37 39 68 19 19
37 40 19 34 58
37 41 30 78 28
37 42 44 56 33
37 43 33 29 55
37 44 22 88 69
37 45 80 37 73
37 46 83 6 63
37 47 98 32 42
37 48 82 71 78
37 49 15 73 82
38 39 47 25 70
38 40 96 12 18
38 41 46 60 37
38 42 74 45 6
38 43 4 19 30
38 44 87 2 16
38 45 64 22 49
38 46 12 52 71
38 47 70 32 19
38 48 66 45 70
38 49 98 54 22
39 40 6 72 52
39 41 98 76 78
39 42 95 33 18
39 43 53 83 20
39 44 52 33 57
39 45 0 23 39
39 46 35 38 32
39 47 51 58 60
39 48 17 56 38
39 49 55 58 18
40 41 97 52 20
40 42 49 48 80
40 43 54 56 66
40 44 69 41 11
40 45 39 61 69
40 46 68 32 31
40 47 10 70 68
40 48 81 17 55
40 49 41 49 64
41 42 49 80 58
41 43 60 35 31
41 44 74 59 62
41 45 73 31 22
41 46 61 66 76
41 47 76 40 56
41 48 43 75 14
41 49 82 81 19
42 43 34 48 90
42 44 55 53 68
42 45 70 31 77
42 46 8 77 27
42 47 78 47 76
42 48 1 36 46
42 49 20 47 55
43 44 15 38 25
43 45 96 52 47
43 46 8 62 33
43 47 87 32 12
43 48 6 20 95
43 49 30 45 61
44 45 23 57 18
44 46 84 6 3
44 47 6 42 26
44 48 2 53 19
44 49 90 3 1
45 46 87 76 69
45 47 3 46 59
45 48 25 81 58
45 49 65 34 62
46 47 10 75 43
46 48 42 23 50
46 49 70 38 32
47 48 85 16 70
47 49 67 20 70
48 49 71 12 43
