42 10
0.2 0 0 0 0 0 0 0 0 0.8
0 1 2 69 98 93 91 50 51 52 81 93
0 2 85 24 28 30 31 29 18 46 45 39
0 3 47 67 40 71 68 62 75 30 69 74
0 4 19 54 61 43 78 70 87 77 85 67
0 5 11 74 75 73 70 88 67 58 52 75
0 6 39 71 36 55 34 62 78 58 62 38
0 7 35 43 48 42 57 52 74 80 34 50
0 8 15 70 63 55 81 83 70 47 76 88
0 9 15 70 84 54 65 65 80 55 54 55
0 10 79 28 26 46 19 21 11 50 19 55
0 11 24 57 83 78 81 84 85 74 54 44
0 12 46 65 75 27 30 26 73 30 58 32
0 13 60 23 59 55 46 22 50 53 54 50
0 14 97 47 35 37 4 46 34 38 44 31
0 15 79 11 39 38 44 44 23 45 46 56
0 16 62 29 28 28 61 53 47 64 64 67
0 17 36 45 33 77 64 44 78 37 54 33
0 18 20 58 57 71 70 66 52 49 54 66
0 19 76 28 37 54 24 25 35 19 34 14
0 20 20 63 52 83 84 48 42 69 52 87
0 21 28 42 68 46 51 59 82 53 38 38
0 22 0 74 62 78 72 76 51 91 68 80
0 23 22 41 63 80 87 59 77 42 56 71
0 24 97 2 46 1 39 3 15 8 43 16
0 25 3 50 66 48 89 50 66 96 58 66
0 26 9 82 66 52 55 78 81 48 69 86
0 27 16 89 43 87 55 83 79 62 61 72
0 28 4 88 89 68 53 95 81 65 93 79
0 29 72 56 22 50 20 15 21 54 45 44
0 30 84 21 54 16 26 17 27 38 28 34
0 31 0 57 78 61 62 61 58 78 52 75
0 32 5 85 53 67 62 62 81 75 89 51
0 33 47 35 32 51 68 29 75 57 71 30
0 34 76 42 16 19 59 49 15 27 43 15
0 35 17 85 68 69 75 75 48 55 51 79
0 36 55 24 65 62 32 67 48 52 53 52
0 37 61 40 57 25 61 44 66 41 26 30
0 38 81 23 12 53 48 59 18 57 13 24
0 39 76 19 19 55 50 21 30 23 59 52
0 40 97 9 16 18 49 28 4 27 32 17
0 41 4 91 66 91 94 52 88 68 91 94
1 2 6 47 91 53 83 83 72 86 49 60
1 3 67 38 65 62 32 25 24 46 18 27
1 4 73 24 45 58 44 49 28 58 15 19
1 5 2 64 70 54 95 83 63 97 68 62
1 6 9 74 81 58 59 50 60 57 89 49
1 7 8 83 91 80 83 77 87 66 82 52
1 8 72 36 46 35 53 29 14 15 23 17
1 9 40 43 45 37 45 60 76 60 37 68
1 10 51 38 67 66 26 37 67 43 54 47
1 11 71 45 60 31 52 58 51 52 19 41
1 12 42 44 37 72 41 60 70 75 75 77
1 13 95 50 11 48 47 29 25 19 11 44
1 14 53 64 36 68 72 57 64 68 61 54
1 15 66 20 17 22 19 58 65 47 40 55
1 16 40 60 43 71 61 67 75 45 69 63
1 17 85 51 50 34 43 46 46 27 18 7
1 18 82 37 13 10 18 22 24 14 24 33
1 19 35 61 34 56 58 53 46 62 64 39
1 20 47 45 72 65 38 53 58 34 28 44
1 21 0 96 87 90 76 50 84 99 58 52
1 22 29 38 45 49 50 76 68 46 44 57
1 23 37 57 73 52 37 49 52 69 32 32
1 24 18 73 85 41 69 61 89 72 45 53
1 25 46 43 47 48 76 41 45 58 58 52
1 26 62 59 52 21 22 52 40 60 68 68
1 27 67 42 40 26 50 35 53 16 25 36
1 28 24 84 42 72 84 49 64 86 45 80
1 29 99 10 0 11 15 38 15 14 5 35
1 30 22 83 57 73 88 73 61 71 87 84
1 31 92 53 38 16 18 21 16 13 7 44
1 32 3 91 77 63 76 94 65 97 74 67
1 33 88 42 17 11 25 16 13 16 34 17
1 34 61 21 56 40 68 24 46 61 45 43
1 35 18 48 47 85 77 48 79 88 82 69
1 36 10 78 63 59 52 54 53 79 74 65
1 37 47 48 44 41 33 44 47 45 37 40
1 38 49 27 49 36 26 55 45 44 67 69
1 39 85 11 21 42 32 39 43 40 48 29
1 40 6 92 47 89 81 73 78 46 69 52
1 41 74 19 26 53 19 20 29 52 25 29
2 3 67 59 46 30 31 45 48 19 26 65
2 4 39 49 41 40 50 35 36 61 53 79
2 5 28 72 79 45 63 77 76 53 36 68
2 6 13 77 81 87 84 67 64 69 57 73
2 7 5 61 47 76 53 68 64 83 53 71
2 8 54 25 28 42 63 30 64 40 31 33
2 9 93 47 23 21 35 24 13 23 32 37
2 10 0 98 56 65 73 64 50 84 56 82
2 11 32 67 59 80 60 69 58 68 59 61
2 12 3 76 54 48 75 58 72 92 81 81
2 13 56 55 41 54 44 63 55 38 60 65
2 14 69 51 63 25 64 29 53 23 50 19
2 15 3 69 81 61 80 75 55 85 60 58
2 16 24 76 69 41 48 62 55 49 75 50
2 17 15 53 58 87 74 47 81 56 92 69
2 18 94 37 38 30 9 52 8 47 43 46
2 19 45 55 47 28 29 55 75 62 67 28
2 20 60 58 46 22 51 67 69 40 33 49
2 21 8 67 90 79 47 78 56 58 65 69
2 22 5 57 75 67 91 75 54 75 55 65
2 23 87 24 32 23 31 39 17 48 44 13
2 24 81 25 10 12 34 40 44 19 23 11
2 25 98 15 39 43 37 37 24 39 14 47
2 26 53 38 73 52 58 24 63 31 72 64
2 27 20 86 57 69 40 52 69 59 68 68
2 28 71 58 56 36 46 39 46 18 49 34
2 29 25 83 49 38 37 80 42 39 40 77
2 30 24 79 50 53 86 64 61 86 69 44
2 31 97 46 23 4 22 33 49 16 16 40
2 32 69 30 30 53 47 47 60 18 48 48
2 33 34 56 66 45 62 55 43 53 76 36
2 34 7 88 94 56 46 63 63 61 78 60
2 35 3 66 65 60 69 77 81 56 98 65
2 36 79 29 23 35 46 40 27 38 33 11
2 37 58 40 44 65 39 68 31 66 58 28
2 38 35 33 40 64 38 75 32 79 78 69
2 39 61 37 51 58 57 33 55 40 67 52
2 40 70 22 18 34 48 33 56 36 46 19
2 41 36 35 39 55 64 63 74 64 63 48
3 4 3 62 78 67 64 65 52 98 60 91
3 5 35 39 63 58 70 70 48 49 56 36
3 6 36 64 79 68 36 51 48 50 54 56
3 7 64 50 40 43 35 21 31 53 55 27
3 8 45 37 74 39 74 71 45 58 27 40
3 9 38 41 47 34 51 64 76 65 41 55
3 10 67 24 44 32 32 47 22 30 60 21
3 11 54 43 57 33 59 45 68 43 37 32
3 12 76 60 29 49 21 32 15 50 31 29
3 13 97 36 40 35 38 46 39 25 40 27
3 14 28 51 43 67 37 41 48 44 70 38
3 15 10 86 81 64 88 64 68 74 74 89
3 16 44 60 40 51 60 52 66 31 30 69
3 17 40 44 38 51 30 48 73 56 53 55
3 18 19 76 57 49 76 60 88 78 48 48
3 19 55 72 65 55 66 63 61 41 45 58
3 20 23 39 82 51 74 57 45 66 85 84
3 21 70 33 50 42 24 61 50 39 46 31
3 22 54 34 59 70 28 36 34 26 35 72
3 23 16 71 59 52 78 61 56 75 66 70
3 24 60 21 21 41 35 34 64 30 19 55
3 25 32 51 70 61 82 49 39 59 73 81
3 26 36 70 50 68 60 81 76 78 53 45
3 27 92 44 44 4 24 32 4 44 21 24
3 28 9 86 87 51 89 74 50 49 78 68
3 29 95 11 14 24 35 30 15 31 49 35
3 30 44 57 67 45 53 68 38 34 66 33
3 31 68 36 35 41 46 64 49 23 18 47
3 32 31 37 38 34 56 35 54 60 79 58
3 33 20 41 53 77 58 85 47 54 74 80
3 34 93 24 49 15 19 43 40 35 27 23
3 35 19 79 75 50 88 48 87 48 51 59
3 36 47 65 69 34 31 34 73 63 74 63
3 37 73 49 43 39 35 14 35 14 36 15
3 38 9 55 52 77 79 95 46 78 92 81
3 39 79 33 39 36 26 31 40 14 18 29
3 40 90 19 43 15 47 44 23 34 44 31
3 41 70 35 62 19 31 39 48 63 34 18
4 5 8 77 74 72 58 54 61 88 64 70
4 6 97 14 2 42 23 31 49 31 36 9
4 7 74 45 17 56 16 21 13 46 37 23
4 8 94 17 34 17 4 22 13 6 20 46
4 9 83 15 39 46 50 53 45 16 24 31
4 10 81 11 47 21 22 57 49 11 48 49
4 11 17 61 51 64 74 58 71 74 86 47
4 12 21 77 51 51 70 64 57 62 86 57
4 13 16 83 55 48 70 82 48 55 76 76
4 14 80 45 15 29 11 47 41 56 35 23
4 15 86 8 51 21 46 51 16 42 42 48
4 16 22 44 57 72 44 84 70 67 51 67
4 17 69 15 31 36 37 17 60 54 45 63
4 18 29 52 73 81 67 72 61 48 66 77
4 19 4 65 97 95 88 76 82 51 74 62
4 20 73 57 42 41 28 18 49 47 62 46
4 21 52 38 64 44 58 27 24 63 68 39
4 22 44 33 74 57 68 36 35 42 43 66
4 23 84 51 22 25 55 22 20 34 31 9
4 24 30 57 82 77 63 46 36 48 46 36
4 25 54 47 39 43 41 64 34 40 59 42
4 26 75 29 14 47 58 48 49 57 59 21
4 27 28 39 41 74 37 58 41 49 65 49
4 28 51 59 40 62 58 36 31 27 27 54
4 29 92 23 36 37 27 17 27 6 37 42
4 30 51 25 44 52 40 56 25 68 29 41
4 31 54 68 40 71 70 47 27 37 38 72
4 32 40 79 79 58 76 66 41 54 40 43
4 33 76 55 30 61 47 55 17 46 32 52
4 34 91 14 19 12 43 36 29 49 37 10
4 35 98 22 30 1 33 48 24 39 12 22
4 36 92 19 21 20 33 40 12 27 41 20
4 37 10 81 75 66 93 80 83 81 45 66
4 38 3 92 96 93 92 95 62 88 82 58
4 39 15 72 62 73 53 54 61 56 79 81
4 40 49 72 31 64 31 37 53 36 70 73
4 41 50 46 36 34 51 68 34 62 53 64
5 6 51 35 72 32 58 67 24 59 46 33
5 7 3 90 61 69 80 52 52 83 65 60
5 8 79 35 17 39 36 14 42 26 32 29
5 9 11 55 88 60 63 75 81 50 79 73
5 10 51 59 60 48 68 37 56 35 44 34
5 11 37 63 78 48 75 46 50 47 40 40
5 12 43 32 73 46 61 60 32 58 45 73
5 13 93 15 44 40 18 25 42 49 10 46
5 14 6 67 66 90 60 62 96 90 52 51
5 15 78 59 58 16 59 17 49 14 29 20
5 16 65 58 54 44 18 61 58 24 27 34
5 17 38 36 76 59 50 68 54 68 48 60
5 18 53 48 26 72 42 67 24 54 27 54
5 19 49 34 34 70 30 43 66 75 44 73
5 20 79 47 44 21 48 41 14 45 52 51
5 21 80 15 56 44 26 21 45 52 54 20
5 22 44 29 64 33 68 52 46 51 71 71
5 23 62 52 68 58 63 22 23 37 42 37
5 24 91 46 4 8 22 17 34 19 34 5
5 25 91 36 21 20 44 13 21 44 36 28
5 26 30 75 37 59 64 49 62 48 76 66
5 27 23 79 65 66 58 69 44 42 87 75
5 28 22 45 62 63 82 61 40 80 73 40
5 29 7 79 71 59 56 58 87 49 59 63
5 30 94 52 15 20 11 48 46 50 43 14
5 31 45 77 34 42 76 58 33 58 57 50
5 32 39 73 46 35 70 48 76 58 69 60
5 33 10 68 71 71 84 81 87 80 54 51
5 34 86 28 14 7 52 14 16 34 18 29
5 35 85 41 36 46 7 18 32 11 52 35
5 36 67 57 24 20 34 24 35 59 32 38
5 37 95 34 39 42 39 29 24 20 36 34
5 38 11 85 73 45 58 51 63 89 93 78
5 39 26 81 67 59 51 62 75 70 86 67
5 40 86 45 27 32 45 27 38 13 32 49
5 41 53 51 29 38 48 40 42 28 44 27
6 7 15 46 65 70 47 55 84 51 60 51
6 8 38 30 40 38 55 30 31 38 60 65
6 9 1 60 76 75 86 74 92 77 97 72
6 10 32 36 64 70 55 41 42 61 49 63
6 11 7 83 46 60 55 59 88 86 69 82
6 12 98 23 22 0 48 11 14 10 36 2
6 13 55 39 44 70 23 43 71 58 68 64
6 14 7 70 76 68 71 86 72 64 67 72
6 15 85 33 45 14 14 26 48 21 46 42
6 16 37 78 78 56 53 47 56 51 57 37
6 17 6 79 65 55 64 56 56 86 61 56
6 18 52 68 69 39 69 44 35 26 40 60
6 19 0 91 54 77 96 74 74 81 87 68
6 20 49 32 62 68 49 57 51 45 43 32
6 21 69 45 60 49 42 36 49 41 53 20
6 22 95 47 48 44 39 40 43 16 10 8
6 23 75 21 35 13 38 26 49 21 21 46
6 24 70 31 35 42 48 33 26 57 40 30
6 25 16 44 53 57 64 51 84 46 47 65
6 26 38 76 59 70 75 68 35 53 36 36
6 27 91 48 4 32 18 43 22 36 8 42
6 28 68 44 25 52 31 43 44 63 24 20
6 29 43 36 44 36 31 59 47 67 60 75
6 30 94 30 30 9 4 38 47 18 43 15
6 31 25 61 77 56 78 81 50 77 41 67
6 32 86 17 44 16 36 26 44 15 30 25
6 33 27 80 60 80 79 74 72 48 40 71
6 34 69 56 58 31 46 34 23 33 20 27
6 35 46 54 54 60 42 38 72 41 59 54
6 36 66 54 49 24 64 40 18 28 32 34
6 37 98 14 30 28 26 31 24 41 15 41
6 38 99 28 29 31 24 5 10 6 36 30
6 39 9 55 76 80 86 88 50 59 55 73
6 40 29 78 81 68 71 76 81 53 85 75
6 41 87 41 52 32 33 50 6 55 26 39
7 8 77 33 48 31 31 18 37 42 39 18
7 9 42 62 74 40 44 57 42 75 64 55
7 10 17 71 44 62 42 81 48 90 67 54
7 11 89 34 20 30 43 27 14 10 29 14
7 12 15 90 83 91 81 43 44 62 65 91
7 13 33 47 80 74 71 78 37 55 70 72
7 14 14 83 78 86 55 57 71 90 51 74
7 15 36 32 39 56 67 71 73 71 47 70
7 16 96 35 30 23 23 27 30 17 32 17
7 17 1 51 59 87 82 82 52 79 70 64
7 18 22 59 56 83 47 84 64 41 39 68
7 19 19 67 49 78 69 80 87 83 85 89
7 20 43 28 71 69 37 55 74 74 40 30
7 21 38 70 41 68 39 47 74 70 75 38
7 22 43 61 52 63 38 71 60 55 59 73
7 23 53 51 27 71 26 48 52 69 54 45
7 24 17 65 63 81 50 47 75 51 86 71
7 25 22 87 84 75 85 44 40 88 75 73
7 26 64 49 33 52 65 52 32 40 56 45
7 27 23 42 61 71 76 53 52 68 81 68
7 28 67 51 63 22 52 35 27 51 29 19
7 29 53 32 64 41 24 65 65 62 56 61
7 30 30 39 49 36 39 35 81 51 52 61
7 31 11 66 81 74 82 80 90 48 86 61
7 32 51 65 64 46 58 40 62 62 44 62
7 33 23 61 85 39 55 84 59 70 52 82
7 34 34 62 42 48 56 69 38 41 53 67
7 35 86 32 18 44 52 16 25 12 22 39
7 36 51 70 47 42 47 41 41 60 67 61
7 37 54 58 48 24 32 41 68 67 68 45
7 38 55 34 25 49 67 22 56 28 34 58
7 39 30 79 34 51 70 55 41 59 71 43
7 40 82 45 9 40 25 37 36 19 28 33
7 41 96 30 24 9 38 3 27 41 12 23
8 9 27 84 73 76 78 67 80 40 38 76
8 10 5 92 64 87 55 65 61 54 83 60
8 11 52 41 51 63 71 65 33 40 53 43
8 12 5 81 86 79 56 72 65 80 59 88
8 13 47 55 30 52 60 59 44 29 68 29
8 14 97 10 35 16 49 23 16 44 33 40
8 15 45 72 43 29 69 75 66 56 37 28
8 16 31 80 45 80 78 40 44 55 82 65
8 17 18 87 78 73 41 46 71 85 58 78
8 18 57 29 48 23 30 58 46 64 22 56
8 19 64 34 44 46 37 63 41 32 26 35
8 20 88 28 27 10 35 30 20 6 24 5
8 21 9 81 58 82 47 82 70 63 91 75
8 22 71 14 35 16 44 55 46 56 18 56
8 23 69 60 46 17 46 18 52 29 55 43
8 24 72 46 32 19 58 35 45 31 26 29
8 25 1 77 94 82 52 72 90 65 65 93
8 26 28 52 56 44 63 46 64 76 42 70
8 27 99 33 28 21 50 34 6 22 32 46
8 28 73 62 45 31 42 34 38 59 28 43
8 29 82 51 19 27 50 44 41 45 20 12
8 30 43 31 62 32 77 52 52 75 64 66
8 31 11 67 56 88 45 84 51 51 88 72
8 32 98 35 6 48 42 1 14 31 13 43
8 33 48 75 41 39 75 68 45 63 52 54
8 34 72 51 19 21 62 24 55 22 26 44
8 35 56 35 59 32 69 24 37 32 53 27
8 36 25 37 65 86 51 66 62 59 62 83
8 37 99 37 7 35 0 4 2 6 14 42
8 38 22 67 50 40 73 72 86 82 44 58
8 39 5 50 81 67 59 86 93 81 95 75
8 40 53 49 43 25 29 33 66 69 62 28
8 41 69 29 49 23 27 33 43 22 30 63
9 10 32 74 49 55 33 37 49 64 68 51
9 11 15 45 83 51 67 91 75 52 86 76
9 12 99 24 6 3 25 13 14 30 28 13
9 13 45 64 48 32 50 35 38 63 43 59
9 14 30 73 54 53 80 73 79 40 37 60
9 15 61 59 42 21 59 34 57 33 32 57
9 16 83 10 45 29 57 11 49 48 18 54
9 17 12 70 61 88 45 66 70 78 48 84
9 18 9 53 71 58 64 81 65 74 73 82
9 19 83 15 37 26 40 50 37 46 14 18
9 20 42 69 49 35 41 51 36 71 29 76
9 21 55 22 65 23 39 50 44 33 37 28
9 22 73 23 17 22 15 36 34 18 23 46
9 23 86 30 26 36 36 35 39 44 53 51
9 24 43 43 67 64 29 61 76 44 32 55
9 25 61 28 60 63 46 44 45 36 51 69
9 26 63 42 47 28 22 45 41 30 55 28
9 27 67 36 52 31 62 25 49 63 25 19
9 28 16 75 53 64 73 53 71 68 79 59
9 29 28 84 85 70 74 76 65 81 41 73
9 30 79 36 25 44 39 16 29 24 57 47
9 31 73 51 57 21 42 58 32 20 19 15
9 32 16 87 51 87 62 47 55 71 86 53
9 33 39 31 37 69 37 44 43 43 51 49
9 34 20 40 72 64 71 74 59 82 59 65
9 35 63 51 49 59 48 37 42 52 38 67
9 36 66 21 20 54 30 53 50 22 32 42
9 37 9 48 74 66 91 61 70 86 76 55
9 38 84 40 19 21 34 10 9 57 52 42
9 39 35 38 71 54 36 79 51 75 44 56
9 40 82 54 48 25 33 23 21 37 16 26
9 41 93 45 33 47 39 20 25 20 36 24
10 11 88 23 18 19 54 16 28 7 43 47
10 12 43 30 72 40 74 57 71 46 72 65
10 13 42 38 47 61 67 52 46 49 51 66
10 14 17 75 66 81 62 73 45 60 52 70
10 15 73 63 55 36 45 37 29 32 39 30
10 16 31 76 56 81 50 64 54 47 68 58
10 17 20 69 86 57 71 75 80 71 89 60
10 18 30 44 74 64 77 80 79 35 39 52
10 19 90 14 21 36 17 19 43 23 33 22
10 20 25 83 50 62 79 38 80 47 63 69
10 21 69 26 16 23 45 45 42 49 50 34
10 22 82 32 16 21 12 35 39 51 25 33
10 23 51 28 61 33 52 71 27 38 57 47
10 24 58 29 51 44 50 64 22 44 52 51
10 25 14 74 56 84 48 70 82 56 77 75
10 26 32 41 76 80 53 76 51 77 51 83
10 27 20 41 52 77 83 71 59 83 77 61
10 28 25 55 63 82 84 46 69 82 43 60
10 29 71 63 36 19 51 33 52 16 60 46
10 30 60 54 40 57 38 37 69 53 32 64
10 31 39 53 71 66 57 56 33 74 39 39
10 32 61 67 46 52 22 68 38 62 27 51
10 33 24 76 83 43 75 60 38 60 84 67
10 34 29 60 46 66 62 75 56 83 82 54
10 35 51 34 50 58 38 52 35 65 35 48
10 36 84 8 41 45 47 17 10 23 46 54
10 37 67 38 41 20 29 55 46 52 63 36
10 38 18 51 89 58 41 59 78 89 50 69
10 39 27 74 47 71 49 74 48 55 45 75
10 40 94 38 41 7 34 30 10 4 45 51
10 41 71 33 60 62 38 59 26 39 37 51
11 12 56 69 31 24 43 39 54 54 54 58
11 13 38 56 72 38 50 40 48 71 67 34
11 14 2 84 62 93 81 93 61 52 61 64
11 15 14 70 58 82 57 62 65 85 68 62
11 16 75 44 52 27 48 15 61 14 58 46
11 17 83 22 8 48 56 37 43 22 48 25
11 18 6 68 83 82 49 54 68 88 81 52
11 19 8 60 76 77 52 93 48 75 71 63
11 20 41 68 42 66 74 62 29 55 71 66
11 21 35 48 72 77 54 60 63 33 77 35
11 22 94 47 29 45 27 51 46 48 32 47
11 23 98 41 11 14 19 22 30 2 41 29
11 24 73 52 34 32 29 36 28 57 58 13
11 25 29 54 58 36 38 43 68 75 72 53
11 26 48 34 40 71 66 72 73 71 29 44
11 27 82 12 37 53 29 51 52 35 21 36
11 28 68 22 31 32 17 51 40 41 25 33
11 29 40 69 73 58 71 79 46 41 58 49
11 30 31 48 65 53 34 70 52 81 45 73
11 31 34 62 75 59 48 47 43 56 38 45
11 32 6 80 53 63 71 50 66 90 84 55
11 33 73 60 44 53 56 19 49 24 14 30
11 34 56 41 64 51 70 27 56 34 63 51
11 35 93 42 49 51 28 14 39 41 39 29
11 36 94 45 39 30 11 50 10 38 37 35
11 37 77 41 55 37 48 31 24 42 22 42
11 38 50 49 72 26 53 68 48 33 74 61
11 39 25 37 54 49 76 38 48 40 39 40
11 40 23 67 67 58 47 65 73 60 67 72
11 41 74 48 14 55 14 28 15 13 31 36
12 13 3 78 97 49 85 58 51 80 88 65
12 14 40 31 30 32 71 57 50 31 31 60
12 15 99 16 46 31 4 14 32 24 10 1
12 16 50 50 43 34 61 31 63 50 65 59
12 17 77 43 32 56 21 37 58 51 16 33
12 18 97 9 2 36 34 31 5 26 14 6
12 19 66 45 60 34 29 44 44 48 49 47
12 20 26 68 76 42 64 66 39 62 63 84
12 21 38 55 59 77 33 78 44 46 64 38
12 22 97 49 16 38 16 14 3 33 22 34
12 23 58 57 53 38 25 48 29 35 44 51
12 24 50 69 28 74 45 36 67 26 53 62
12 25 81 29 37 48 48 16 30 50 38 32
12 26 33 52 57 40 54 38 73 36 72 54
12 27 11 89 66 72 67 71 53 59 84 74
12 28 58 46 42 66 51 62 59 50 44 33
12 29 78 15 26 48 11 37 53 29 19 59
12 30 67 32 27 33 34 18 37 55 53 28
12 31 23 79 68 42 74 53 67 82 61 84
12 32 82 39 51 54 43 42 20 20 47 17
12 33 1 78 93 51 52 79 94 50 95 65
12 34 12 52 54 48 43 93 59 48 71 51
12 35 63 26 22 19 43 45 66 18 52 39
12 36 48 63 70 30 35 31 36 74 34 42
12 37 42 56 73 45 43 30 58 55 33 41
12 38 38 66 33 30 45 62 57 32 67 78
12 39 25 46 38 66 74 62 71 72 74 74
12 40 33 62 74 65 78 46 57 49 38 68
12 41 86 40 48 44 25 45 40 8 30 26
13 14 60 19 61 20 38 39 60 20 59 43
13 15 68 39 59 23 32 60 32 27 31 50
13 16 40 50 65 67 62 50 73 64 77 37
13 17 58 56 29 48 39 64 68 65 46 46
13 18 45 55 46 71 75 62 58 53 48 33
13 19 34 64 74 75 75 57 62 80 60 70
13 20 72 43 46 22 36 42 35 36 17 14
13 21 27 43 80 65 77 48 61 70 74 80
13 22 85 46 14 27 8 34 24 16 55 13
13 23 61 43 35 35 39 31 26 56 46 66
13 24 90 53 27 33 50 35 46 45 12 32
13 25 40 30 74 47 44 67 47 60 75 65
13 26 53 36 70 51 25 42 53 23 69 58
13 27 13 47 58 59 77 71 85 74 77 82
13 28 89 19 37 34 10 5 33 31 41 33
13 29 11 76 78 52 79 44 46 59 55 74
13 30 82 28 32 12 29 40 44 19 30 24
13 31 76 26 59 11 46 27 27 57 30 37
13 32 36 48 72 45 68 74 65 62 70 58
13 33 86 47 45 42 35 18 31 19 43 29
13 34 67 58 55 42 44 49 52 20 61 43
13 35 16 48 64 80 56 44 49 71 62 69
13 36 97 43 13 11 6 22 40 10 20 46
13 37 81 13 26 42 18 52 21 45 21 24
13 38 86 52 25 34 15 37 35 24 40 27
13 39 86 48 36 46 31 36 7 25 12 34
13 40 62 54 24 65 33 22 40 49 55 50
13 41 8 80 91 90 80 52 75 94 90 46
14 15 82 38 45 58 8 30 47 17 23 17
14 16 50 44 27 43 38 41 27 65 31 64
14 17 45 53 55 48 63 72 53 59 55 66
14 18 97 42 11 41 29 23 6 7 29 12
14 19 93 30 4 52 39 51 25 45 45 27
14 20 89 21 30 30 16 26 28 35 6 9
14 21 16 90 45 71 55 47 47 45 69 47
14 22 87 8 15 32 10 35 35 16 9 20
14 23 43 61 39 59 74 63 47 67 67 44
14 24 39 63 53 70 74 62 78 68 31 45
14 25 34 39 60 41 51 63 73 81 41 36
14 26 31 50 70 83 68 44 65 72 62 42
14 27 80 57 44 18 14 55 49 59 47 29
14 28 48 47 40 48 41 39 49 74 34 68
14 29 2 73 49 50 94 69 50 76 79 71
14 30 17 75 89 88 53 55 52 71 48 74
14 31 64 22 26 25 23 48 44 36 43 56
14 32 92 26 18 30 27 40 39 33 9 5
14 33 51 28 64 71 64 62 70 56 52 56
14 34 77 38 46 45 15 51 20 21 12 29
14 35 81 29 25 36 40 49 59 49 34 49
14 36 65 24 59 27 24 63 33 37 34 22
14 37 99 25 0 31 19 43 2 39 16 6
14 38 64 49 28 31 51 67 62 46 53 27
14 39 1 52 67 83 97 56 83 97 52 67
14 40 63 41 42 40 48 35 56 59 19 26
14 41 75 46 36 18 23 50 42 15 48 13
15 16 59 57 63 30 37 25 52 53 39 33
15 17 19 66 74 61 69 88 60 49 51 81
15 18 91 23 52 52 35 36 37 9 23 23
15 19 48 71 60 57 47 33 68 50 66 59
15 20 86 44 44 56 54 21 13 55 29 42
15 21 13 62 91 55 58 79 93 75 86 71
15 22 4 81 69 69 67 70 63 94 69 55
15 23 6 92 71 53 96 61 59 83 57 74
15 24 67 49 31 41 63 39 46 52 49 30
15 25 60 22 53 33 35 35 27 24 58 33
15 26 81 18 59 39 20 16 31 56 43 20
15 27 17 52 69 49 48 55 67 85 86 69
15 28 26 45 57 37 84 71 74 63 66 43
15 29 12 44 64 59 45 82 79 87 90 79
15 30 93 8 4 19 19 20 11 29 17 13
15 31 37 36 58 72 72 64 68 34 74 59
15 32 72 21 25 31 23 54 41 62 20 21
15 33 53 54 25 65 35 70 44 57 70 59
15 34 47 56 63 33 60 36 27 44 59 37
15 35 7 96 75 79 79 77 88 96 70 58
15 36 47 27 68 39 70 75 29 43 35 47
15 37 16 58 81 90 47 44 78 61 61 67
15 38 19 85 59 81 51 64 76 64 54 85
15 39 2 93 71 62 54 63 51 88 60 91
15 40 6 71 59 94 80 84 63 95 81 53
15 41 68 51 58 50 49 25 15 43 62 16
16 17 38 49 57 49 77 60 63 55 34 35
16 18 14 49 48 71 47 56 77 68 79 81
16 19 50 54 48 28 27 59 70 61 71 67
16 20 71 21 20 25 28 29 52 35 62 41
16 21 2 54 79 86 69 96 71 59 57 54
16 22 40 74 52 70 41 76 69 45 39 68
16 23 31 36 83 62 53 65 63 39 70 74
16 24 70 35 33 16 60 54 61 46 56 44
16 25 20 88 76 44 63 74 88 44 71 76
16 26 87 30 11 28 31 39 56 34 23 25
16 27 57 58 22 70 71 37 43 33 61 63
16 28 67 52 24 20 63 42 23 57 34 57
16 29 3 51 59 77 60 60 61 56 88 81
16 30 39 66 59 35 33 32 57 46 69 72
16 31 63 54 42 40 52 63 45 38 67 51
16 32 80 24 53 17 34 45 57 31 28 39
16 33 94 6 32 13 14 9 18 21 10 47
16 34 78 34 24 25 36 52 19 33 28 12
16 35 65 29 31 33 65 53 63 62 59 53
16 36 29 63 59 62 55 64 61 75 64 80
16 37 84 11 28 19 51 13 45 41 48 47
16 38 76 36 47 20 23 51 53 42 41 49
16 39 18 83 44 51 82 57 89 72 63 51
16 40 13 78 73 50 66 59 71 74 47 84
16 41 99 46 35 1 43 24 21 42 22 10
17 18 52 36 58 28 66 51 64 44 32 71
17 19 32 35 58 52 81 70 80 57 76 72
17 20 36 51 73 38 75 34 39 42 71 49
17 21 28 76 62 62 54 79 64 36 80 69
17 22 67 22 47 44 53 29 41 31 38 62
17 23 24 79 85 60 50 45 48 78 75 69
17 24 31 34 52 79 78 74 54 51 43 51
17 25 52 43 35 37 24 43 55 54 48 27
17 26 72 58 54 37 43 35 44 56 29 16
17 27 53 27 30 36 51 52 53 29 68 63
17 28 76 28 47 55 12 52 52 54 16 16
17 29 75 45 60 36 36 48 52 12 57 31
17 30 89 21 20 14 21 7 35 42 49 26
17 31 45 52 70 45 55 58 76 70 48 55
17 32 26 47 56 62 84 79 55 64 50 51
17 33 16 78 61 63 89 51 80 81 88 86
17 34 54 62 38 22 47 43 63 24 42 51
17 35 13 79 61 58 48 73 87 71 45 69
17 36 37 43 67 70 60 39 79 76 52 57
17 37 1 81 70 54 77 67 75 57 92 78
17 38 9 46 78 88 82 46 47 92 52 47
17 39 96 11 18 40 32 5 35 18 30 48
17 40 29 40 67 80 39 56 71 69 75 66
17 41 59 57 61 51 44 40 62 27 48 63
18 19 30 65 84 42 50 50 82 57 67 44
18 20 32 59 82 49 76 57 79 41 51 83
18 21 64 35 51 59 29 31 34 46 32 48
18 22 7 90 69 61 49 74 62 74 64 69
18 23 71 37 14 54 32 40 42 45 56 22
18 24 46 42 37 38 49 50 63 56 74 44
18 25 5 80 80 53 90 82 49 53 89 72
18 26 41 73 38 64 31 65 63 40 70 59
18 27 25 46 59 42 64 68 39 39 71 82
18 28 19 67 72 89 41 44 87 85 81 55
18 29 49 71 36 63 55 34 52 47 49 67
18 30 86 39 14 25 13 9 41 7 53 15
18 31 33 72 33 40 48 41 43 67 34 71
18 32 47 62 62 68 51 46 73 45 47 36
18 33 22 55 71 67 68 56 49 58 64 48
18 34 43 57 35 33 76 74 48 74 64 59
18 35 14 75 50 67 87 44 78 52 84 89
18 36 63 64 46 58 45 60 38 59 35 58
18 37 20 48 45 62 69 64 73 87 82 52
18 38 68 53 50 41 33 55 54 26 23 59
18 39 6 84 95 89 53 52 69 89 76 84
18 40 19 44 48 82 63 87 53 57 81 70
18 41 51 65 47 47 43 44 37 63 35 72
19 20 80 42 14 23 42 41 18 30 29 34
19 21 1 67 97 77 49 64 86 68 78 90
19 22 27 41 39 44 69 36 38 46 58 55
19 23 56 70 52 55 30 58 26 49 62 47
19 24 68 18 44 62 64 43 27 43 24 19
19 25 10 79 56 61 83 72 53 81 66 64
19 26 89 26 40 19 26 32 24 20 51 27
19 27 47 49 32 37 49 64 65 40 55 52
19 28 68 37 47 38 37 33 30 32 35 26
19 29 41 60 43 36 43 77 67 39 66 43
19 30 15 76 59 45 87 85 79 51 60 70
19 31 11 93 60 76 90 47 45 85 62 74
19 32 90 22 14 41 34 12 7 22 51 35
19 33 80 34 59 49 27 37 53 54 11 56
19 34 16 51 66 77 56 70 69 49 46 75
19 35 48 45 40 28 59 70 50 30 38 57
19 36 81 47 24 15 25 16 32 11 32 20
19 37 29 49 49 45 53 46 37 60 77 74
19 38 80 39 53 30 12 21 48 56 38 39
19 39 38 61 54 60 31 73 73 73 43 45
19 40 15 83 76 56 47 80 43 73 65 70
19 41 15 68 89 83 67 82 74 65 88 76
20 21 10 93 71 86 90 52 46 69 47 80
20 22 46 37 46 65 31 36 64 55 70 30
20 23 8 55 48 89 78 54 68 62 87 88
20 24 99 22 28 32 44 33 21 20 28 42
20 25 4 65 52 68 58 79 51 82 64 91
20 26 57 26 54 42 67 40 54 67 48 40
20 27 21 66 62 82 56 75 79 43 51 48
20 28 4 96 77 86 64 66 51 57 69 71
20 29 56 48 69 42 51 32 28 66 37 61
20 30 36 62 32 40 67 60 48 43 33 44
20 31 68 45 46 51 17 38 45 59 28 51
20 32 11 74 52 63 47 58 90 54 70 82
20 33 5 80 48 88 79 84 79 48 62 91
20 34 63 65 24 65 63 64 67 26 36 23
20 35 94 4 33 23 45 44 22 36 7 32
20 36 14 64 74 74 74 70 79 92 89 70
20 37 3 90 82 92 78 94 91 86 73 48
20 38 96 14 50 44 4 29 41 44 36 28
20 39 14 51 72 48 70 76 48 52 71 54
20 40 6 69 58 76 72 51 89 90 51 59
20 41 48 57 58 49 72 64 57 64 65 36
21 22 84 36 41 25 47 38 18 24 13 43
21 23 69 55 23 47 47 51 58 39 39 58
21 24 8 50 83 52 51 76 75 90 74 52
21 25 36 72 77 69 76 38 41 63 74 41
21 26 55 49 62 53 29 48 66 46 67 49
21 27 67 56 24 26 38 25 19 19 24 63
21 28 8 78 77 75 54 88 88 61 85 53
21 29 55 22 35 53 59 35 46 30 32 56
21 30 88 21 34 43 26 27 14 51 23 33
21 31 61 43 30 34 38 20 23 68 57 20
21 32 5 73 72 47 60 85 95 56 77 81
21 33 42 45 66 72 38 65 45 39 70 66
21 34 49 70 42 66 32 65 57 60 51 38
21 35 50 68 31 33 35 35 29 27 65 38
21 36 55 55 37 29 39 38 40 34 40 69
21 37 61 48 37 32 24 24 28 58 32 30
21 38 24 55 56 59 43 71 63 42 82 79
21 39 95 46 47 47 21 12 40 28 18 21
21 40 13 84 93 68 89 53 49 75 44 76
21 41 34 42 38 57 51 47 45 61 38 57
22 23 56 67 42 38 48 41 62 22 23 60
22 24 75 60 14 60 26 58 31 43 20 19
22 25 16 66 73 80 71 56 59 49 48 57
22 26 75 36 12 35 54 36 13 47 32 59
22 27 43 63 52 37 55 73 55 40 61 72
22 28 56 60 25 59 67 38 49 49 32 32
22 29 28 84 70 72 42 77 51 62 36 48
22 30 22 59 66 66 57 63 88 44 71 50
22 31 17 57 65 89 48 49 62 57 69 46
22 32 37 68 38 48 69 49 36 45 35 42
22 33 92 40 29 13 21 53 32 15 42 50
22 34 2 61 58 76 97 79 95 98 76 72
22 35 47 30 27 42 63 62 28 29 66 58
22 36 64 48 28 19 55 45 55 52 19 34
22 37 39 50 60 76 62 59 52 75 75 33
22 38 35 80 82 45 46 76 77 33 77 70
22 39 87 7 55 24 31 14 42 10 29 20
22 40 47 71 38 30 58 64 37 32 30 73
22 41 61 19 62 53 53 22 67 28 47 43
23 24 59 28 54 45 65 21 57 61 31 41
23 25 13 53 61 52 86 72 77 78 70 80
23 26 22 72 61 38 47 42 80 73 49 55
23 27 46 53 40 60 74 63 68 70 27 30
23 28 73 29 39 16 55 29 61 36 50 15
23 29 32 67 39 41 81 62 48 55 69 80
23 30 85 24 53 39 52 41 34 33 18 17
23 31 10 76 88 52 85 69 45 50 52 57
23 32 61 51 30 25 51 26 33 42 56 53
23 33 35 69 37 52 74 41 70 68 57 49
23 34 63 58 19 40 62 24 67 27 20 29
23 35 47 62 26 64 63 44 56 40 59 33
23 36 35 49 67 52 72 61 43 71 81 62
23 37 38 36 34 54 41 74 37 68 65 55
23 38 45 49 38 66 43 35 28 60 64 67
23 39 75 62 38 24 23 26 46 20 28 51
23 40 44 49 58 72 68 73 53 59 70 51
23 41 33 82 60 44 66 56 49 59 33 52
24 25 52 62 47 49 45 40 50 53 72 39
24 26 69 46 59 53 41 63 39 60 58 50
24 27 4 69 90 78 71 62 51 89 97 77
24 28 79 18 50 26 33 54 32 19 34 17
24 29 92 6 19 14 18 20 20 35 34 18
24 30 62 56 57 26 40 46 60 62 34 57
24 31 41 52 41 63 65 35 59 45 45 46
24 32 57 47 69 29 64 40 34 54 63 60
24 33 45 48 50 52 52 61 75 61 62 59
24 34 11 77 67 82 94 65 85 87 59 90
24 35 82 38 44 50 15 9 38 41 54 34
24 36 23 57 80 44 45 76 38 44 60 84
24 37 94 3 43 44 10 29 46 3 6 49
24 38 26 61 64 50 57 44 73 61 84 62
24 39 86 18 16 34 22 42 37 37 33 20
24 40 91 29 18 5 51 14 47 18 27 48
24 41 68 22 33 43 65 58 43 29 28 58
25 26 93 42 47 3 52 6 47 16 33 53
25 27 71 34 60 26 37 46 62 30 60 28
25 28 4 85 63 51 69 65 52 81 57 90
25 29 92 10 41 20 24 42 33 31 14 53
25 30 41 52 37 65 51 37 79 68 29 67
25 31 85 15 56 18 31 20 19 29 16 50
25 32 63 23 21 24 67 26 28 39 44 30
25 33 12 84 66 82 78 71 89 91 70 90
25 34 53 63 52 55 44 57 59 40 60 63
25 35 65 22 41 17 23 58 57 35 31 39
25 36 74 27 30 50 14 34 54 29 40 48
25 37 2 61 63 97 96 77 76 84 76 91
25 38 75 55 18 13 16 36 35 55 41 53
25 39 87 30 49 10 40 43 48 51 19 44
25 40 54 61 42 38 39 66 36 72 52 55
25 41 36 50 71 43 70 42 42 72 76 69
26 27 71 37 52 15 14 23 51 25 56 16
26 28 7 93 74 75 55 71 54 65 69 69
26 29 59 50 69 54 43 70 41 67 49 21
26 30 90 53 32 41 11 28 33 28 47 11
26 31 19 85 45 70 46 65 59 81 63 80
26 32 40 58 75 59 38 38 56 50 47 43
26 33 96 46 41 49 21 39 16 50 35 25
26 34 24 40 56 73 57 77 44 73 60 47
26 35 33 42 70 67 35 74 34 37 38 50
26 36 21 63 48 57 75 50 81 81 46 42
26 37 16 81 52 75 57 71 57 48 86 77
26 38 86 51 7 48 56 42 18 21 15 13
26 39 5 50 73 82 81 65 70 86 68 75
26 40 84 19 10 24 22 25 31 33 49 50
26 41 42 76 42 32 66 52 31 50 78 65
27 28 32 47 78 53 39 60 51 68 55 80
27 29 14 89 80 75 44 45 83 89 60 79
27 30 8 61 55 49 86 61 73 80 51 55
27 31 43 30 64 33 73 37 48 37 44 49
27 32 36 59 67 56 43 32 61 55 68 64
27 33 78 25 53 30 12 50 12 40 11 52
27 34 78 24 33 15 39 16 36 13 58 18
27 35 22 70 52 54 85 64 61 88 63 80
27 36 15 43 60 70 55 83 73 56 54 78
27 37 14 48 67 71 86 83 59 76 50 58
27 38 83 23 57 45 51 8 36 9 22 44
27 39 44 37 77 40 57 36 77 28 64 29
27 40 82 9 47 27 23 41 30 46 54 50
27 41 18 44 71 74 73 86 81 60 46 82
28 29 25 53 76 52 44 74 51 68 53 78
28 30 55 36 64 32 35 43 31 60 37 32
28 31 46 72 48 49 37 40 52 36 38 51
28 32 39 46 47 65 59 76 62 40 72 64
28 33 5 51 56 81 77 95 65 87 62 65
28 34 20 63 51 80 80 64 73 84 62 58
28 35 34 60 55 67 63 50 33 71 72 73
28 36 73 61 26 42 41 16 53 50 18 44
28 37 47 51 36 72 26 52 47 38 50 49
28 38 28 69 53 82 40 44 57 58 69 43
28 39 48 54 66 52 55 74 42 65 54 60
28 40 91 30 18 20 30 15 24 51 22 10
28 41 40 34 38 50 72 36 49 57 42 58
29 30 98 3 23 21 6 30 5 34 20 33
29 31 43 37 46 46 69 69 34 36 52 41
29 32 2 95 74 54 94 97 84 92 84 95
29 33 81 18 33 44 52 45 45 35 58 45
29 34 37 66 73 67 45 55 38 32 49 41
29 35 96 26 32 35 23 27 44 50 34 38
29 36 74 28 51 37 31 16 44 58 42 37
29 37 50 58 73 46 48 67 54 73 62 74
29 38 0 81 77 54 79 69 61 88 89 69
29 39 53 65 42 43 69 43 30 50 33 58
29 40 52 59 48 38 48 52 35 26 46 73
29 41 25 79 73 39 87 66 63 42 87 67
30 31 56 41 22 32 33 63 69 52 65 53
30 32 26 41 61 72 77 46 86 59 53 54
30 33 21 88 85 60 59 81 60 57 56 89
30 34 13 78 84 66 70 81 52 59 51 52
30 35 72 51 16 21 33 47 41 54 58 61
30 36 53 56 35 25 38 48 55 61 56 38
30 37 53 38 62 49 56 42 38 62 27 39
30 38 65 64 66 45 19 58 66 59 26 64
30 39 81 53 54 43 19 57 12 13 13 17
30 40 31 57 53 34 83 62 70 43 47 80
30 41 87 31 24 14 22 28 11 28 23 50
31 32 23 71 61 38 69 51 71 64 60 82
31 33 18 59 58 56 45 81 88 42 44 72
31 34 54 65 47 26 52 48 44 41 32 67
31 35 6 83 53 59 87 63 94 87 79 52
31 36 39 72 33 37 60 66 65 66 63 39
31 37 95 51 19 12 47 12 34 34 19 16
31 38 42 34 61 65 46 67 35 31 46 70
31 39 21 50 69 70 78 78 89 83 68 72
31 40 91 31 25 40 51 49 52 31 44 29
31 41 6 57 57 59 60 79 57 50 89 83
32 33 71 44 42 15 62 33 24 25 30 56
32 34 70 49 32 54 14 17 15 21 55 28
32 35 89 54 10 7 49 19 6 51 36 43
32 36 43 73 60 33 61 30 44 71 66 62
32 37 81 19 21 39 47 29 56 56 41 34
32 38 29 48 42 36 53 77 53 64 66 43
32 39 65 45 50 63 47 20 31 58 27 27
32 40 99 25 17 35 43 30 16 38 4 23
32 41 2 68 50 92 81 74 81 51 49 62
33 34 46 55 44 47 69 42 52 76 51 35
33 35 57 21 66 39 38 25 28 69 47 61
33 36 87 46 54 23 45 17 9 36 39 50
33 37 3 73 58 88 69 50 86 82 48 75
33 38 90 39 47 5 47 40 38 41 8 8
33 39 36 43 59 47 35 45 50 64 39 38
33 40 61 44 25 52 59 55 58 43 20 49
33 41 43 39 32 74 66 71 57 47 35 66
34 35 95 9 10 32 30 7 42 5 13 18
34 36 70 17 49 29 45 33 41 51 36 57
34 37 82 56 28 26 9 14 19 38 42 24
34 38 97 13 31 9 23 15 10 8 39 13
34 39 64 33 55 34 66 65 26 21 29 56
34 40 19 73 75 89 59 73 60 67 63 42
34 41 75 52 45 12 33 52 54 36 52 29
35 36 75 16 61 53 23 34 25 39 48 34
35 37 59 60 49 34 29 50 25 25 54 31
35 38 44 45 31 69 75 59 70 67 75 61
35 39 10 59 58 88 66 44 54 93 74 49
35 40 11 91 83 72 56 69 64 75 92 62
35 41 14 57 61 79 70 45 87 88 68 59
36 37 20 74 85 46 66 79 85 47 75 54
36 38 60 42 64 20 43 43 50 26 23 40
36 39 95 48 44 44 11 24 44 30 44 31
36 40 30 53 49 69 82 48 55 36 72 70
36 41 90 43 36 6 18 39 6 7 9 12
37 38 96 3 35 32 47 48 10 45 35 41
37 39 77 42 39 21 48 44 26 38 13 37
37 40 19 45 59 69 62 65 73 42 49 67
37 41 61 56 25 30 61 44 60 57 39 21
38 39 20 75 83 82 70 45 41 44 61 75
38 40 96 48 23 50 19 43 17 11 38 34
38 41 14 52 91 74 57 79 77 50 66 75
39 40 72 26 56 41 26 56 21 29 45 16
39 41 3 81 69 83 71 75 69 51 81 88
40 41 67 45 41 59 54 32 40 21 61 17
