7 10
0.7 0 0 0 0 0 0 0 0 0.3
0 1 42 62 56 53 60 61 61 57 56 56
0 2 77 21 34 29 27 21 21 19 27 21
0 3 71 35 38 34 33 27 29 31 27 24
0 4 94 10 8 6 10 10 8 8 15 9
0 5 54 51 44 40 40 48 47 51 44 40
0 6 54 50 40 48 52 40 44 39 41 46
1 2 89 14 18 9 19 11 21 21 14 20
1 3 46 54 57 58 46 57 55 51 56 48
1 4 55 50 47 51 50 49 50 42 40 50
1 5 24 71 77 72 72 75 72 69 78 70
1 6 82 19 20 25 28 17 20 26 20 23
2 3 9 79 79 82 86 88 84 91 84 90
2 4 78 20 25 18 25 28 23 19 24 27
2 5 13 77 78 78 74 80 79 78 87 75
2 6 24 78 75 72 72 71 74 64 74 67
3 4 71 38 32 27 24 24 35 26 25 28
3 5 11 77 78 81 81 82 84 86 87 87
3 6 21 74 71 77 80 66 72 80 69 69
4 5 17 79 81 72 72 71 81 73 77 76
4 6 11 84 81 81 83 77 82 76 84 89
5 6 22 75 78 78 69 74 67 67 75 73
