10 5
0.7 0 0 0 0.3
0 1 60 54 60 60 60
0 2 29 35 38 34 27
0 3 47 55 45 46 42
0 4 40 38 40 46 42
0 5 5 11 5 16 5
0 6 8 9 21 20 11
0 7 91 84 78 86 91
0 8 97 88 94 89 95
0 9 24 23 31 21 22
1 2 8 14 8 20 12
1 3 38 38 44 43 38
1 4 19 16 31 27 29
1 5 44 45 44 43 39
1 6 68 62 71 64 69
1 7 77 75 68 66 66
1 8 24 27 25 28 29
1 9 98 98 95 90 90
2 3 17 23 19 21 23
2 4 1 13 5 9 2
2 5 16 17 17 19 27
2 6 58 55 62 63 55
2 7 37 34 34 40 42
2 8 67 57 59 64 65
2 9 44 41 52 40 40
3 4 51 52 44 54 53
3 5 35 44 39 43 36
3 6 29 29 35 38 37
3 7 81 73 71 71 83
3 8 51 49 54 46 50
3 9 19 30 25 18 25
4 5 54 60 55 48 46
4 6 70 71 67 61 74
4 7 68 66 71 60 67
4 8 48 42 44 53 44
4 9 75 74 69 73 78
5 6 76 66 69 79 71
5 7 90 87 82 83 83
5 8 40 35 45 44 35
5 9 19 18 23 31 30
6 7 35 37 41 37 36
6 8 59 59 59 53 59
6 9 18 21 28 29 26
7 8 27 33 31 29 28
7 9 5 12 9 9 12
8 9 15 19 14 17 24
