10 5
0.4 0 0 0 0.6
0 1 18 26 25 54 61
0 2 96 90 82 80 53
0 3 23 16 43 32 82
0 4 17 73 6 64 4
0 5 57 37 47 83 12
0 6 33 23 31 39 65
0 7 43 56 53 54 82
0 8 66 25 39 13 90
0 9 39 69 27 85 50
1 2 39 19 72 45 79
1 3 99 60 92 38 63
1 4 35 28 80 79 51
1 5 51 46 72 62 14
1 6 97 22 39 29 24
1 7 52 36 41 47 75
1 8 68 87 20 17 76
1 9 19 44 72 43 44
2 3 7 26 11 29 22
2 4 8 80 46 18 47
2 5 59 74 50 59 53
2 6 70 34 44 57 72
2 7 34 13 69 78 61
2 8 9 54 60 74 34
2 9 13 55 22 69 70
3 4 38 83 20 74 85
3 5 92 67 73 34 80
3 6 75 62 32 64 34
3 7 70 24 85 66 23
3 8 67 42 44 87 15
3 9 95 36 95 86 36
4 5 66 64 84 16 72
4 6 1 44 47 38 13
4 7 60 44 76 47 41
4 8 9 38 60 4 3
4 9 63 46 75 61 19
5 6 65 28 53 73 88
5 7 87 97 27 67 47
5 8 40 13 9 27 8
5 9 15 56 4 66 14
6 7 86 46 84 27 84
6 8 52 54 31 76 67
6 9 7 21 61 56 9
7 8 10 38 5 37 65
7 9 4 57 3 74 78
8 9 27 76 62 37 20
