25 5
0.8 0 0 0 0.2
0 1 86 83 82 76 88
0 2 92 79 87 79 89
0 3 63 56 58 59 61
0 4 15 21 14 19 20
0 5 74 74 77 65 69
0 6 77 78 70 80 80
0 7 32 36 31 38 35
0 8 20 28 25 19 21
0 9 58 55 58 59 59
0 10 85 77 84 72 72
0 11 22 24 21 20 31
0 12 24 23 29 34 26
0 13 76 77 78 69 67
0 14 96 84 83 88 84
0 15 79 79 76 75 76
0 16 7 14 17 7 21
0 17 92 81 79 83 87
0 18 35 39 31 32 41
0 19 77 71 76 73 76
0 20 11 10 20 22 19
0 21 2 8 15 13 15
0 22 88 82 84 76 88
0 23 73 66 72 76 74
0 24 53 47 51 53 46
1 2 16 27 14 21 25
1 3 39 46 35 35 44
1 4 83 85 76 76 81
1 5 48 42 52 47 54
1 6 31 34 26 30 41
1 7 48 42 43 55 48
1 8 0 10 15 5 6
1 9 18 17 29 22 21
1 10 21 28 29 25 18
1 11 69 65 64 66 70
1 12 76 65 71 78 73
1 13 16 15 18 15 23
1 14 0 13 10 0 6
1 15 55 47 60 54 53
1 16 39 43 47 38 48
1 17 6 8 12 12 16
1 18 99 95 95 90 94
1 19 18 20 22 17 16
1 20 22 27 33 32 23
1 21 95 86 86 96 95
1 22 54 50 60 51 52
1 23 26 24 28 27 33
1 24 58 50 57 58 60
2 3 56 48 56 49 50
2 4 91 92 81 80 86
2 5 26 33 34 34 35
2 6 78 76 71 72 66
2 7 98 84 87 86 97
2 8 62 63 56 62 60
2 9 94 83 92 88 82
2 10 95 92 89 82 92
2 11 8 15 15 12 20
2 12 77 66 73 70 76
2 13 73 72 75 76 74
2 14 88 79 77 85 82
2 15 68 58 60 63 64
2 16 12 11 22 18 13
2 17 58 54 62 51 61
2 18 65 63 61 67 59
2 19 60 66 58 55 56
2 20 30 31 31 32 27
2 21 7 21 20 19 8
2 22 62 57 66 59 63
2 23 86 80 78 77 80
2 24 56 51 51 57 60
3 4 82 79 74 70 79
3 5 29 38 37 28 32
3 6 37 42 33 32 41
3 7 70 64 69 71 61
3 8 6 10 14 13 18
3 9 74 67 77 72 67
3 10 92 90 79 81 83
3 11 88 81 89 82 80
3 12 9 14 22 13 11
3 13 86 75 87 87 86
3 14 92 85 81 82 92
3 15 59 59 55 58 61
3 16 62 62 62 54 59
3 17 73 72 68 66 65
3 18 50 43 45 53 53
3 19 89 78 82 79 82
3 20 67 69 58 64 67
3 21 4 18 8 7 7
3 22 71 69 66 61 74
3 23 83 79 83 83 78
3 24 72 66 73 62 63
4 5 89 88 86 78 84
4 6 22 21 29 27 29
4 7 35 43 31 31 43
4 8 18 23 17 18 21
4 9 62 53 60 64 53
4 10 25 26 32 26 30
4 11 60 60 52 62 65
4 12 17 29 20 19 27
4 13 93 80 93 88 82
4 14 68 61 62 64 63
4 15 15 22 17 27 28
4 16 64 62 60 60 65
4 17 18 30 30 25 24
4 18 52 44 53 59 56
4 19 74 67 66 64 65
4 20 45 40 43 53 38
4 21 71 62 75 75 68
4 22 7 12 16 13 19
4 23 63 67 64 62 64
4 24 15 16 20 13 14
5 6 78 70 67 67 70
5 7 10 11 14 11 23
5 8 68 63 71 70 60
5 9 58 52 61 49 55
5 10 12 12 13 15 20
5 11 92 93 80 87 82
5 12 78 70 75 81 73
5 13 25 33 33 28 24
5 14 37 38 43 45 32
5 15 45 40 49 42 42
5 16 88 82 82 86 81
5 17 54 49 60 55 59
5 18 37 37 31 37 37
5 19 63 61 58 63 67
5 20 86 79 77 76 86
5 21 78 70 75 79 67
5 22 47 41 50 53 54
5 23 47 47 52 51 50
5 24 24 35 29 25 23
6 7 46 46 40 49 46
6 8 84 83 74 85 73
6 9 74 67 66 77 77
6 10 47 44 44 46 52
6 11 97 82 91 93 84
6 12 73 75 73 69 65
6 13 81 74 70 77 82
6 14 91 79 83 88 82
6 15 55 53 51 54 53
6 16 6 7 6 20 6
6 17 24 35 32 21 30
6 18 92 89 78 89 80
6 19 26 25 26 31 33
6 20 27 31 33 32 29
6 21 28 34 32 33 37
6 22 35 37 37 32 31
6 23 35 29 37 43 34
6 24 55 48 59 55 55
7 8 79 78 80 79 77
7 9 92 80 80 92 90
7 10 81 70 75 76 70
7 11 0 6 13 11 10
7 12 77 74 67 79 76
7 13 42 42 42 37 49
7 14 2 4 6 9 5
7 15 64 56 68 61 65
7 16 78 67 74 71 75
7 17 0 4 14 11 8
7 18 14 15 23 16 18
7 19 99 98 88 93 87
7 20 29 37 33 39 35
7 21 69 64 63 68 70
7 22 68 65 62 71 64
7 23 30 39 35 37 40
7 24 6 7 10 8 16
8 9 74 66 70 73 67
8 10 13 19 25 20 16
8 11 14 27 16 26 27
8 12 89 83 80 77 79
8 13 70 70 68 66 59
8 14 14 26 26 16 25
8 15 7 18 19 12 8
8 16 59 55 53 54 53
8 17 52 51 45 54 57
8 18 60 53 53 66 56
8 19 24 26 32 27 34
8 20 57 59 51 55 63
8 21 0 9 9 10 13
8 22 92 82 81 82 87
8 23 75 65 68 78 66
8 24 3 4 5 8 7
9 10 22 19 31 22 26
9 11 12 22 16 18 23
9 12 97 91 95 92 85
9 13 64 55 63 62 58
9 14 36 35 32 30 37
9 15 35 43 36 40 36
9 16 22 33 21 20 27
9 17 58 58 56 53 51
9 18 36 31 44 40 37
9 19 77 66 76 66 69
9 20 78 72 79 73 74
9 21 1 4 13 3 9
9 22 70 74 66 62 62
9 23 45 45 40 45 53
9 24 15 25 26 27 25
10 11 12 23 11 19 19
10 12 36 40 45 39 37
10 13 37 33 39 46 40
10 14 95 93 92 86 82
10 15 33 39 36 29 29
10 16 8 10 20 21 20
10 17 28 32 39 32 24
10 18 99 96 90 94 88
10 19 38 45 35 46 46
10 20 49 56 42 47 56
10 21 77 77 69 75 69
10 22 68 63 58 58 67
10 23 0 15 3 14 11
10 24 89 77 89 79 78
11 12 81 70 72 81 73
11 13 25 24 24 25 32
11 14 4 13 8 9 9
11 15 45 39 50 39 42
11 16 33 33 30 39 41
11 17 28 33 37 24 30
11 18 39 37 48 45 36
11 19 49 53 47 46 54
11 20 34 30 42 33 38
11 21 10 20 9 11 23
11 22 79 74 80 68 76
11 23 82 79 80 79 73
11 24 80 76 69 80 72
12 13 56 55 51 60 48
12 14 49 45 55 56 49
12 15 66 60 66 62 63
12 16 78 72 70 75 78
12 17 51 46 50 51 52
12 18 80 72 72 78 74
12 19 64 58 57 54 55
12 20 98 84 86 89 94
12 21 69 68 59 64 68
12 22 20 31 18 19 26
12 23 17 22 26 16 27
12 24 21 20 25 19 19
13 14 83 73 82 86 84
13 15 63 58 54 54 57
13 16 0 2 0 10 7
13 17 33 36 33 29 29
13 18 71 63 69 74 70
13 19 76 72 78 65 77
13 20 91 86 87 78 85
13 21 26 25 29 35 29
13 22 12 25 19 21 14
13 23 18 22 24 22 20
13 24 76 66 75 70 71
14 15 23 22 25 26 27
14 16 94 90 89 82 94
14 17 66 63 71 57 67
14 18 0 0 9 1 4
14 19 79 74 80 77 79
14 20 98 85 87 97 84
14 21 2 5 7 13 2
14 22 57 59 57 57 62
14 23 46 39 49 52 48
14 24 61 54 59 59 62
15 16 63 68 56 68 64
15 17 12 15 20 25 11
15 18 70 66 72 62 66
15 19 67 59 70 57 67
15 20 24 35 24 27 27
15 21 71 71 60 62 69
15 22 88 84 80 76 83
15 23 59 55 54 51 57
15 24 71 71 61 67 63
16 17 62 56 58 67 57
16 18 29 36 37 38 29
16 19 44 41 43 38 40
16 20 56 57 62 61 49
16 21 86 81 87 86 87
16 22 69 63 63 72 64
16 23 47 44 51 51 43
16 24 96 87 87 83 94
17 18 95 82 81 86 92
17 19 39 37 38 42 46
17 20 95 92 83 95 90
17 21 63 56 63 59 54
17 22 21 18 31 26 26
17 23 46 43 41 41 48
17 24 60 64 65 55 61
18 19 38 43 44 42 45
18 20 8 12 21 20 21
18 21 3 12 7 16 8
18 22 90 81 84 79 87
18 23 64 57 67 67 68
18 24 85 72 85 79 82
19 20 53 57 57 55 55
19 21 2 14 10 9 9
19 22 3 17 9 17 11
19 23 72 75 72 64 67
19 24 71 75 63 63 62
20 21 90 86 84 90 78
20 22 28 26 36 29 29
20 23 86 86 74 73 73
20 24 54 46 51 48 54
21 22 32 34 37 28 31
21 23 68 66 72 60 66
21 24 4 17 14 4 16
22 23 99 99 98 93 90
22 24 12 18 14 24 11
23 24 4 5 9 4 12
