27 5
0.7 0 0 0 0.3
0 1 80 64 77 64 69
0 2 27 39 15 55 25
0 3 91 81 54 86 79
0 4 95 94 68 64 77
0 5 32 33 33 55 46
0 6 71 71 73 43 78
0 7 62 80 43 34 69
0 8 54 66 65 51 30
0 9 33 61 34 66 62
0 10 4 46 5 46 6
0 11 12 47 24 36 39
0 12 80 74 55 76 71
0 13 80 85 88 55 88
0 14 72 40 75 66 80
0 15 6 47 21 8 32
0 16 72 59 66 81 83
0 17 87 54 44 84 83
0 18 14 11 12 49 18
0 19 50 37 32 69 47
0 20 73 38 71 57 58
0 21 21 18 59 19 30
0 22 95 61 70 72 76
0 23 93 50 78 46 53
0 24 19 11 26 34 52
0 25 42 61 27 44 38
0 26 51 48 55 37 27
1 2 87 47 79 55 62
1 3 29 50 34 23 63
1 4 84 72 55 61 84
1 5 84 90 54 51 51
1 6 56 42 77 59 42
1 7 44 39 59 62 28
1 8 7 50 12 46 27
1 9 90 74 85 45 48
1 10 19 56 38 59 58
1 11 23 22 41 15 38
1 12 34 29 27 27 47
1 13 45 64 40 51 60
1 14 64 58 60 61 67
1 15 58 64 61 50 36
1 16 72 82 43 75 55
1 17 93 76 92 84 64
1 18 72 70 66 75 45
1 19 66 66 76 53 49
1 20 12 40 27 45 41
1 21 70 81 38 69 77
1 22 70 74 54 76 68
1 23 25 13 60 62 28
1 24 53 76 65 31 75
1 25 28 14 55 52 19
1 26 10 20 52 40 32
2 3 60 64 79 31 35
2 4 9 21 54 28 51
2 5 61 77 71 35 46
2 6 95 93 71 63 65
2 7 57 58 50 70 75
2 8 94 94 51 89 72
2 9 18 36 9 23 19
2 10 70 44 36 64 79
2 11 5 50 4 7 27
2 12 21 29 51 43 27
2 13 83 74 58 68 50
2 14 69 83 72 50 38
2 15 54 36 39 31 33
2 16 13 55 53 12 8
2 17 47 54 49 50 43
2 18 99 58 64 62 86
2 19 60 50 78 47 58
2 20 92 60 55 72 91
2 21 76 71 83 79 78
2 22 60 39 35 61 46
2 23 46 66 58 72 36
2 24 74 67 60 40 83
2 25 8 41 21 21 40
2 26 72 76 62 80 73
3 4 63 75 47 48 60
3 5 36 47 21 25 39
3 6 38 30 60 55 39
3 7 54 73 55 71 31
3 8 82 47 90 69 55
3 9 1 26 32 7 11
3 10 86 61 70 90 89
3 11 34 39 60 64 26
3 12 43 66 68 68 24
3 13 80 89 49 49 81
3 14 38 63 20 35 54
3 15 2 29 37 15 46
3 16 6 6 3 51 35
3 17 46 23 38 26 61
3 18 53 67 26 53 49
3 19 2 16 29 43 12
3 20 35 19 54 58 35
3 21 23 60 13 47 59
3 22 5 41 52 14 46
3 23 8 50 51 15 37
3 24 44 69 57 30 39
3 25 56 48 36 52 49
3 26 63 32 67 50 46
4 5 10 53 31 39 43
4 6 70 41 84 55 59
4 7 32 19 43 52 25
4 8 96 89 94 80 66
4 9 43 45 37 64 34
4 10 7 51 49 4 41
4 11 13 32 14 42 17
4 12 66 80 78 33 35
4 13 46 54 33 26 63
4 14 27 61 19 59 29
4 15 55 63 67 52 69
4 16 56 64 78 35 39
4 17 48 54 46 73 33
4 18 64 61 51 45 40
4 19 30 34 16 30 59
4 20 37 60 27 40 58
4 21 98 62 65 55 63
4 22 85 47 63 86 72
4 23 50 66 73 26 39
4 24 44 43 23 60 53
4 25 68 43 63 81 74
4 26 10 48 6 7 25
5 6 72 60 46 69 84
5 7 22 24 15 33 13
5 8 57 37 77 77 52
5 9 24 43 15 49 37
5 10 45 30 32 27 64
5 11 60 39 35 50 44
5 12 26 21 42 23 55
5 13 98 55 88 57 54
5 14 51 72 41 71 29
5 15 28 18 30 30 16
5 16 15 46 37 47 37
5 17 73 64 71 71 55
5 18 44 50 64 44 33
5 19 88 64 46 60 83
5 20 1 45 24 17 24
5 21 22 51 45 21 18
5 22 79 61 47 77 82
5 23 89 58 48 76 48
5 24 90 80 86 55 88
5 25 61 45 43 44 33
5 26 29 29 33 51 35
6 7 26 32 16 51 47
6 8 85 56 66 92 50
6 9 20 22 38 48 32
6 10 80 85 42 60 82
6 11 88 56 78 51 44
6 12 86 59 72 69 60
6 13 90 81 55 49 94
6 14 63 80 40 77 34
6 15 76 84 52 65 86
6 16 26 32 15 38 22
6 17 6 32 18 53 42
6 18 48 38 41 54 38
6 19 97 64 83 70 65
6 20 17 27 32 9 23
6 21 91 68 57 94 94
6 22 93 96 70 90 84
6 23 15 21 25 51 22
6 24 72 73 61 55 63
6 25 86 44 58 87 70
6 26 87 66 52 88 54
7 8 21 19 50 39 54
7 9 67 64 38 76 59
7 10 74 81 68 38 85
7 11 19 36 18 24 22
7 12 13 26 29 34 55
7 13 78 77 71 79 60
7 14 88 88 76 91 49
7 15 81 63 79 52 80
7 16 68 70 51 55 53
7 17 8 38 12 4 10
7 18 14 12 27 33 51
7 19 54 57 33 37 54
7 20 54 46 67 47 35
7 21 63 60 32 52 39
7 22 39 49 57 53 69
7 23 10 21 10 40 42
7 24 41 54 36 40 49
7 25 72 63 69 76 75
7 26 85 73 91 72 61
8 9 6 8 4 4 50
8 10 13 15 56 42 8
8 11 47 38 70 55 55
8 12 73 52 85 80 83
8 13 27 15 53 58 35
8 14 37 56 24 25 53
8 15 1 26 46 41 46
8 16 55 61 74 61 43
8 17 51 44 55 46 42
8 18 68 63 64 56 62
8 19 1 2 9 30 35
8 20 98 65 49 59 66
8 21 16 13 21 16 28
8 22 95 89 88 73 83
8 23 55 39 70 45 28
8 24 47 33 69 63 26
8 25 60 65 79 42 72
8 26 25 43 21 43 22
9 10 22 19 27 16 40
9 11 20 48 26 47 23
9 12 54 65 29 40 58
9 13 37 23 45 60 45
9 14 2 31 19 44 34
9 15 25 49 27 44 36
9 16 88 53 81 92 82
9 17 64 37 52 79 61
9 18 86 54 58 51 47
9 19 79 77 72 76 67
9 20 95 57 72 80 72
9 21 17 44 21 55 58
9 22 28 42 36 24 60
9 23 22 42 46 60 19
9 24 75 53 71 68 75
9 25 77 67 42 85 79
9 26 40 59 25 32 35
10 11 15 40 54 38 11
10 12 23 50 52 14 61
10 13 38 20 60 30 52
10 14 58 42 67 61 44
10 15 77 64 84 67 74
10 16 26 58 16 33 21
10 17 68 45 58 70 71
10 18 98 96 75 84 82
10 19 24 14 34 24 31
10 20 54 50 56 32 39
10 21 73 49 46 59 40
10 22 58 68 70 74 42
10 23 15 53 41 43 45
10 24 94 89 75 48 95
10 25 75 84 63 58 85
10 26 54 46 74 73 62
11 12 16 57 16 24 44
11 13 64 76 77 68 64
11 14 71 66 64 81 81
11 15 86 70 63 74 80
11 16 57 39 32 33 41
11 17 5 51 42 42 45
11 18 53 30 73 39 48
11 19 30 15 16 31 37
11 20 1 13 4 15 2
11 21 95 69 64 60 72
11 22 41 41 57 58 58
11 23 73 74 45 53 57
11 24 69 68 46 78 71
11 25 87 64 66 67 90
11 26 59 51 76 69 64
12 13 88 83 51 59 52
12 14 56 73 76 47 38
12 15 58 58 41 39 59
12 16 32 63 39 48 57
12 17 40 69 43 23 70
12 18 38 23 67 47 38
12 19 47 69 55 62 51
12 20 47 54 66 50 69
12 21 11 6 29 54 25
12 22 68 44 74 40 39
12 23 75 42 71 64 43
12 24 78 77 48 78 58
12 25 85 73 58 84 43
12 26 18 40 14 14 22
13 14 85 45 79 63 67
13 15 36 62 30 62 22
13 16 14 29 21 22 55
13 17 49 64 50 28 68
13 18 24 16 31 36 37
13 19 48 64 30 38 56
13 20 55 35 35 51 76
13 21 34 57 60 65 59
13 22 43 34 60 45 67
13 23 93 87 91 47 85
13 24 84 73 85 56 78
13 25 89 57 74 67 70
13 26 16 55 17 49 56
14 15 50 44 33 58 41
14 16 3 31 46 2 23
14 17 48 68 64 38 52
14 18 55 52 70 70 65
14 19 35 66 46 20 57
14 20 83 90 63 85 90
14 21 24 50 52 47 48
14 22 24 43 42 19 50
14 23 56 57 68 50 30
14 24 48 35 34 24 55
14 25 73 52 46 50 71
14 26 81 72 82 52 83
15 16 31 47 51 60 45
15 17 41 50 60 45 50
15 18 20 21 34 56 27
15 19 93 68 66 94 59
15 20 52 42 67 29 71
15 21 42 31 32 42 68
15 22 79 71 41 58 74
15 23 31 19 15 44 21
15 24 38 41 43 24 19
15 25 61 59 42 74 57
15 26 93 55 77 66 69
16 17 29 19 53 35 28
16 18 60 53 50 37 45
16 19 85 68 58 54 72
16 20 64 62 52 71 81
16 21 96 55 73 61 62
16 22 30 43 44 21 62
16 23 69 44 52 61 76
16 24 48 26 62 53 41
16 25 45 24 29 48 36
16 26 58 40 75 56 42
17 18 58 41 46 50 70
17 19 45 32 38 30 67
17 20 93 66 49 48 65
17 21 11 30 33 28 34
17 22 20 57 11 23 30
17 23 53 64 43 37 70
17 24 98 77 93 67 56
17 25 10 31 47 33 18
17 26 97 78 60 91 96
18 19 51 66 39 60 51
18 20 1 16 23 45 38
18 21 31 42 52 65 56
18 22 55 39 30 54 64
18 23 35 37 55 23 49
18 24 61 39 47 50 40
18 25 27 45 22 49 51
18 26 43 31 60 44 30
19 20 29 61 31 44 33
19 21 34 51 18 47 39
19 22 83 60 84 43 91
19 23 5 4 27 41 51
19 24 46 37 44 49 46
19 25 50 72 53 29 72
19 26 26 51 49 43 32
20 21 84 87 63 60 47
20 22 35 64 52 34 50
20 23 52 70 48 27 37
20 24 19 17 24 28 21
20 25 88 79 89 82 52
20 26 67 42 60 77 43
21 22 85 91 51 64 90
21 23 51 48 44 61 59
21 24 71 75 63 62 66
21 25 58 72 70 57 75
21 26 66 82 76 75 44
22 23 22 48 12 40 36
22 24 29 37 64 34 53
22 25 40 61 45 50 30
22 26 52 41 39 65 65
23 24 48 26 62 64 40
23 25 49 62 66 67 71
23 26 58 42 70 39 58
24 25 22 42 56 18 36
24 26 7 29 38 51 5
25 26 79 43 45 61 80
