35 5
0.6 0 0 0 0.4
0 1 54 15 68 62 47
0 2 13 48 52 44 31
0 3 51 74 14 82 40
0 4 9 58 25 39 53
0 5 58 78 19 19 52
0 6 83 64 72 27 90
0 7 10 54 37 71 65
0 8 60 91 90 74 70
0 9 34 58 57 69 68
0 10 50 20 42 23 15
0 11 83 49 92 73 76
0 12 6 46 13 8 8
0 13 97 67 64 49 79
0 14 1 41 1 42 30
0 15 61 53 87 42 48
0 16 78 49 64 23 19
0 17 10 26 81 67 62
0 18 97 23 82 49 35
0 19 62 52 80 86 34
0 20 63 46 43 90 47
0 21 49 49 31 85 28
0 22 62 43 30 61 18
0 23 46 55 19 46 28
0 24 21 57 74 29 55
0 25 33 84 35 43 63
0 26 20 70 50 51 65
0 27 46 82 34 36 15
0 28 13 66 26 57 21
0 29 23 45 23 32 80
0 30 9 3 51 60 61
0 31 57 43 25 52 78
0 32 26 7 18 13 12
0 33 52 66 20 35 34
0 34 49 73 33 43 80
1 2 42 15 43 47 11
1 3 31 36 36 67 21
1 4 69 93 75 26 44
1 5 80 59 52 40 58
1 6 65 92 74 86 15
1 7 70 78 18 66 60
1 8 14 69 23 61 26
1 9 41 72 43 29 62
1 10 15 42 52 71 38
1 11 34 42 46 53 57
1 12 50 63 61 29 86
1 13 34 71 61 17 60
1 14 94 23 79 52 28
1 15 95 52 87 82 46
1 16 37 44 68 11 21
1 17 0 45 75 49 7
1 18 0 6 43 2 70
1 19 97 75 69 74 62
1 20 65 65 35 35 58
1 21 74 58 56 70 42
1 22 44 73 20 72 79
1 23 16 31 44 21 36
1 24 80 94 34 57 57
1 25 25 78 82 38 56
1 26 67 65 17 83 81
1 27 47 47 70 74 35
1 28 62 34 83 72 17
1 29 8 40 48 15 68
1 30 32 79 79 48 49
1 31 88 79 28 30 25
1 32 62 47 91 73 20
1 33 28 62 32 76 21
1 34 33 43 35 84 82
2 3 98 70 25 97 64
2 4 57 70 45 83 82
2 5 57 46 42 41 83
2 6 41 35 26 72 64
2 7 76 24 89 41 87
2 8 81 92 80 28 57
2 9 21 18 26 58 13
2 10 89 62 62 55 68
2 11 68 33 60 69 60
2 12 20 81 71 8 28
2 13 10 48 4 42 66
2 14 40 23 9 41 42
2 15 70 18 51 22 55
2 16 75 26 43 67 82
2 17 79 93 32 55 63
2 18 98 33 55 59 36
2 19 35 12 26 50 60
2 20 85 77 26 76 67
2 21 68 33 60 75 54
2 22 4 80 15 21 30
2 23 53 87 89 65 76
2 24 5 9 13 8 34
2 25 73 72 60 83 70
2 26 47 32 81 75 28
2 27 51 48 54 88 79
2 28 94 70 97 81 81
2 29 30 59 9 41 30
2 30 67 51 85 44 61
2 31 27 69 11 57 78
2 32 70 75 87 30 17
2 33 17 21 29 67 69
2 34 69 29 55 73 39
3 4 33 33 48 18 19
3 5 69 45 51 60 62
3 6 1 10 76 50 61
3 7 77 77 31 37 17
3 8 29 55 51 53 52
3 9 5 72 78 41 76
3 10 49 76 74 26 29
3 11 48 60 29 76 14
3 12 77 80 83 26 36
3 13 70 56 35 44 75
3 14 15 31 19 5 43
3 15 67 34 35 46 19
3 16 72 21 86 64 43
3 17 16 11 12 82 25
3 18 46 31 51 87 71
3 19 10 79 21 73 7
3 20 59 61 46 77 26
3 21 52 53 39 67 30
3 22 54 46 82 49 68
3 23 10 35 36 33 53
3 24 7 45 48 10 48
3 25 24 8 39 79 60
3 26 78 49 40 71 23
3 27 52 17 25 13 24
3 28 82 23 41 20 78
3 29 49 18 18 48 31
3 30 71 21 91 40 53
3 31 83 42 37 44 21
3 32 72 54 20 56 22
3 33 13 10 62 59 48
3 34 79 20 47 62 56
4 5 66 72 83 75 81
4 6 56 33 42 44 79
4 7 38 77 48 30 33
4 8 96 62 32 77 25
4 9 29 80 59 28 51
4 10 65 90 62 57 45
4 11 26 44 52 17 73
4 12 80 92 19 76 55
4 13 44 76 88 27 80
4 14 69 77 24 90 92
4 15 93 62 93 37 83
4 16 21 24 62 81 11
4 17 46 42 59 15 34
4 18 64 23 13 81 27
4 19 42 42 62 70 73
4 20 37 21 86 33 29
4 21 99 83 30 56 35
4 22 88 48 76 84 28
4 23 84 69 40 61 88
4 24 33 47 85 31 13
4 25 2 47 27 74 67
4 26 21 37 29 34 68
4 27 7 32 29 76 47
4 28 97 78 80 20 68
4 29 18 46 34 44 83
4 30 23 11 24 41 40
4 31 25 36 53 80 36
4 32 79 70 48 51 32
4 33 70 23 41 74 26
4 34 31 48 65 21 27
5 6 30 66 68 11 73
5 7 22 14 28 21 49
5 8 78 43 92 34 55
5 9 79 20 46 25 63
5 10 27 14 78 17 11
5 11 52 88 51 12 68
5 12 48 18 82 64 11
5 13 0 12 34 78 45
5 14 43 79 35 57 47
5 15 77 34 72 15 41
5 16 71 71 42 68 37
5 17 64 73 17 75 27
5 18 58 26 58 57 51
5 19 70 90 49 33 73
5 20 80 17 86 85 67
5 21 5 23 68 28 40
5 22 89 40 51 25 95
5 23 1 12 18 22 63
5 24 84 51 79 80 93
5 25 43 58 67 84 83
5 26 71 58 62 68 39
5 27 16 49 82 78 34
5 28 11 62 47 53 19
5 29 96 21 51 22 72
5 30 76 55 70 44 49
5 31 94 68 54 85 55
5 32 76 28 70 66 70
5 33 40 57 84 77 80
5 34 89 95 69 46 55
6 7 22 35 79 5 45
6 8 13 32 78 72 29
6 9 18 28 54 80 43
6 10 87 39 89 63 38
6 11 80 83 48 59 58
6 12 50 77 24 58 62
6 13 93 83 76 43 97
6 14 96 61 72 54 71
6 15 30 44 76 48 41
6 16 12 72 12 40 71
6 17 23 40 46 34 5
6 18 37 42 83 18 41
6 19 20 74 25 41 31
6 20 35 86 39 39 42
6 21 82 79 55 94 53
6 22 33 61 72 36 53
6 23 80 53 41 52 64
6 24 16 19 24 76 31
6 25 2 40 18 21 44
6 26 17 40 39 27 61
6 27 40 84 29 56 49
6 28 45 61 25 79 46
6 29 20 47 30 58 25
6 30 45 21 29 81 66
6 31 35 40 16 19 60
6 32 19 45 62 57 66
6 33 72 44 77 19 86
6 34 85 93 31 38 18
7 8 19 63 80 66 36
7 9 79 17 46 31 82
7 10 93 64 52 84 55
7 11 85 52 52 69 86
7 12 3 76 40 47 15
7 13 25 47 8 47 65
7 14 48 11 55 76 11
7 15 50 74 37 44 82
7 16 54 43 12 59 53
7 17 57 22 67 49 44
7 18 90 64 51 39 87
7 19 28 56 42 57 83
7 20 44 16 51 38 54
7 21 27 50 41 21 8
7 22 3 27 69 38 79
7 23 2 31 17 70 9
7 24 47 13 24 20 57
7 25 49 43 21 80 62
7 26 63 46 74 19 18
7 27 54 88 79 59 86
7 28 31 84 24 73 32
7 29 26 12 30 75 79
7 30 4 26 54 7 53
7 31 10 68 50 3 31
7 32 59 61 77 22 38
7 33 6 29 42 52 22
7 34 87 62 91 23 49
8 9 56 87 35 48 88
8 10 2 47 45 66 31
8 11 76 49 46 41 24
8 12 34 71 13 65 80
8 13 74 48 85 20 69
8 14 4 23 19 57 1
8 15 31 30 28 74 25
8 16 12 35 50 47 68
8 17 36 77 78 41 49
8 18 91 90 27 69 44
8 19 96 72 32 33 19
8 20 54 85 46 89 67
8 21 48 31 13 63 23
8 22 23 24 46 7 72
8 23 72 66 26 77 61
8 24 20 43 58 41 80
8 25 94 30 39 63 25
8 26 13 56 71 37 33
8 27 19 49 35 28 28
8 28 39 36 15 47 47
8 29 80 52 29 56 23
8 30 51 59 83 85 68
8 31 89 69 18 80 18
8 32 10 58 46 33 17
8 33 30 41 35 60 22
8 34 60 20 83 66 37
9 10 50 23 20 85 53
9 11 82 89 72 33 22
9 12 32 81 65 18 68
9 13 8 65 25 46 2
9 14 8 75 65 1 27
9 15 58 86 14 64 42
9 16 7 72 16 32 44
9 17 45 87 38 61 62
9 18 25 59 44 25 9
9 19 24 74 10 55 81
9 20 92 19 64 20 39
9 21 67 17 47 68 67
9 22 33 14 66 7 29
9 23 26 80 38 51 74
9 24 34 59 78 18 61
9 25 4 36 61 33 6
9 26 76 88 94 58 64
9 27 66 37 79 82 41
9 28 93 54 67 42 89
9 29 76 75 77 73 46
9 30 53 66 30 44 36
9 31 67 21 30 56 45
9 32 34 14 47 71 53
9 33 86 20 83 38 45
9 34 17 51 32 56 26
10 11 31 35 72 58 68
10 12 91 66 68 58 19
10 13 78 71 15 44 65
10 14 11 61 35 10 60
10 15 33 55 83 50 82
10 16 41 38 80 79 50
10 17 77 78 66 75 79
10 18 31 56 9 46 39
10 19 63 46 65 22 13
10 20 81 22 44 38 45
10 21 88 60 62 87 81
10 22 0 23 61 53 13
10 23 50 65 25 62 42
10 24 31 26 13 20 28
10 25 29 60 47 57 14
10 26 61 86 50 26 41
10 27 55 20 57 60 71
10 28 55 83 24 36 86
10 29 62 49 71 63 26
10 30 93 52 20 96 52
10 31 65 88 33 14 90
10 32 80 76 75 25 89
10 33 37 25 51 39 11
10 34 19 20 80 34 4
11 12 49 30 84 87 17
11 13 29 74 18 72 85
11 14 62 40 48 57 71
11 15 62 29 45 48 33
11 16 44 48 15 9 48
11 17 88 86 47 50 87
11 18 75 62 33 22 57
11 19 42 21 76 12 45
11 20 23 46 10 5 81
11 21 62 81 79 74 45
11 22 43 61 54 54 36
11 23 37 36 55 28 51
11 24 15 76 45 75 24
11 25 44 33 31 10 37
11 26 54 64 68 56 70
11 27 39 9 69 61 66
11 28 11 6 77 80 29
11 29 8 31 2 69 71
11 30 99 85 45 77 82
11 31 83 64 69 64 37
11 32 10 81 79 69 26
11 33 98 68 59 44 37
11 34 42 32 17 41 11
12 13 80 88 40 66 80
12 14 68 17 72 41 90
12 15 49 66 50 67 55
12 16 3 49 80 71 5
12 17 42 21 38 11 23
12 18 84 90 52 64 74
12 19 55 32 25 14 77
12 20 40 10 17 86 18
12 21 11 39 65 19 9
12 22 1 79 43 77 31
12 23 57 83 47 58 88
12 24 68 83 35 74 52
12 25 21 59 75 45 45
12 26 61 84 22 78 76
12 27 80 95 90 75 25
12 28 93 96 58 73 38
12 29 29 76 73 41 18
12 30 62 25 12 44 24
12 31 52 89 56 41 81
12 32 96 26 27 69 83
12 33 18 49 9 21 31
12 34 41 46 15 44 32
13 14 85 36 69 75 89
13 15 36 84 56 42 45
13 16 43 43 45 79 38
13 17 1 25 34 3 39
13 18 93 26 34 85 56
13 19 85 63 61 57 20
13 20 44 52 23 50 69
13 21 75 66 19 32 51
13 22 37 74 41 70 29
13 23 39 60 68 31 70
13 24 78 32 55 78 38
13 25 7 43 69 75 62
13 26 18 66 47 82 38
13 27 88 70 33 55 80
13 28 58 65 74 54 36
13 29 41 28 78 28 36
13 30 12 70 32 19 47
13 31 14 42 29 39 45
13 32 74 86 87 79 60
13 33 82 34 71 23 50
13 34 33 81 32 65 84
14 15 98 71 23 93 80
14 16 22 33 26 80 80
14 17 80 77 85 22 53
14 18 44 43 74 76 56
14 19 38 55 17 40 58
14 20 69 87 87 58 92
14 21 85 62 53 59 39
14 22 35 51 69 76 30
14 23 55 30 38 23 66
14 24 91 51 22 57 94
14 25 81 71 65 70 52
14 26 99 37 57 97 39
14 27 47 66 68 50 64
14 28 84 64 49 52 43
14 29 66 57 84 65 26
14 30 48 28 26 66 72
14 31 89 20 69 39 76
14 32 55 15 17 11 68
14 33 59 27 36 83 62
14 34 90 30 85 42 75
15 16 69 34 14 55 73
15 17 70 57 36 24 68
15 18 43 78 65 64 58
15 19 55 58 11 31 75
15 20 15 62 7 14 74
15 21 69 33 45 85 37
15 22 34 34 81 16 69
15 23 39 19 68 67 16
15 24 83 88 34 51 87
15 25 13 15 12 76 77
15 26 44 19 28 20 23
15 27 61 20 85 60 43
15 28 77 89 26 64 56
15 29 22 30 67 78 83
15 30 95 39 95 44 46
15 31 2 9 52 44 37
15 32 35 33 35 17 47
15 33 21 20 36 17 77
15 34 16 49 36 32 4
16 17 62 84 17 53 46
16 18 47 27 58 53 10
16 19 1 10 49 0 43
16 20 66 33 77 69 17
16 21 27 51 77 84 30
16 22 74 85 71 36 51
16 23 34 14 84 83 30
16 24 94 87 49 19 24
16 25 14 49 27 31 2
16 26 11 53 6 41 61
16 27 82 55 49 18 47
16 28 0 4 46 39 76
16 29 59 51 49 17 33
16 30 40 79 43 83 40
16 31 88 66 44 57 41
16 32 53 48 82 68 48
16 33 0 26 13 30 10
16 34 25 41 32 18 73
17 18 90 93 19 72 94
17 19 36 35 81 16 56
17 20 37 17 80 40 26
17 21 57 88 17 58 38
17 22 27 16 80 63 27
17 23 1 70 57 0 34
17 24 19 27 55 18 52
17 25 0 25 41 42 9
17 26 63 49 79 86 76
17 27 17 49 40 14 36
17 28 9 11 24 68 63
17 29 56 21 32 34 49
17 30 57 89 28 38 14
17 31 18 72 14 39 20
17 32 62 66 63 88 77
17 33 28 52 70 33 51
17 34 14 44 30 11 58
18 19 94 42 74 93 74
18 20 4 40 11 74 67
18 21 40 29 68 24 83
18 22 24 23 31 47 72
18 23 18 33 12 67 60
18 24 65 33 81 20 68
18 25 38 8 44 15 75
18 26 12 20 80 45 39
18 27 75 75 23 28 34
18 28 54 81 63 87 23
18 29 28 29 67 66 50
18 30 81 29 48 40 31
18 31 20 73 20 24 4
18 32 8 64 12 35 62
18 33 32 82 48 41 67
18 34 93 22 79 69 80
19 20 93 61 91 78 48
19 21 47 11 47 13 59
19 22 23 51 66 70 44
19 23 58 61 39 59 20
19 24 72 40 62 92 59
19 25 14 17 56 65 74
19 26 5 76 53 54 19
19 27 29 76 31 28 19
19 28 50 84 67 39 61
19 29 49 64 67 57 33
19 30 42 14 54 77 14
19 31 20 36 37 15 8
19 32 68 24 75 67 76
19 33 42 51 66 21 46
19 34 14 31 57 50 39
20 21 65 88 78 64 33
20 22 39 61 33 46 15
20 23 95 49 59 47 89
20 24 23 83 78 53 21
20 25 17 35 40 42 64
20 26 38 19 49 30 71
20 27 81 79 32 77 81
20 28 47 48 36 60 81
20 29 40 81 32 73 86
20 30 20 44 11 28 5
20 31 16 78 59 10 56
20 32 53 38 45 57 22
20 33 8 29 6 44 47
20 34 43 69 57 59 15
21 22 27 56 30 8 40
21 23 23 38 6 54 73
21 24 56 35 70 59 78
21 25 64 24 36 82 15
21 26 74 80 61 56 73
21 27 88 39 20 56 18
21 28 48 84 29 14 66
21 29 43 31 67 48 70
21 30 51 24 60 67 12
21 31 92 82 43 89 21
21 32 79 91 21 29 58
21 33 2 24 10 48 42
21 34 22 81 41 13 52
22 23 20 14 21 45 45
22 24 64 42 71 48 42
22 25 89 17 39 92 48
22 26 67 62 28 28 29
22 27 79 71 38 59 68
22 28 61 65 45 87 51
22 29 3 67 15 20 68
22 30 51 68 87 70 23
22 31 33 14 65 7 55
22 32 55 38 40 60 14
22 33 30 28 25 63 26
22 34 67 43 72 59 75
23 24 21 80 18 75 59
23 25 4 76 10 24 58
23 26 96 56 24 31 33
23 27 79 86 79 46 35
23 28 35 76 80 22 84
23 29 50 22 57 10 19
23 30 18 3 49 19 81
23 31 46 10 52 77 73
23 32 87 74 21 78 23
23 33 42 28 47 40 87
23 34 54 32 14 32 61
24 25 23 47 63 33 60
24 26 93 49 49 48 62
24 27 9 3 48 20 55
24 28 71 63 39 56 43
24 29 53 73 67 57 26
24 30 23 45 67 32 76
24 31 72 73 89 42 92
24 32 12 49 24 81 46
24 33 34 34 15 8 33
24 34 61 13 57 87 52
25 26 47 14 75 73 59
25 27 28 70 31 17 82
25 28 48 48 13 18 73
25 29 90 25 31 27 19
25 30 55 50 90 67 35
25 31 56 23 28 72 86
25 32 98 66 57 75 58
25 33 70 48 42 81 21
25 34 70 46 51 22 21
26 27 76 47 57 22 72
26 28 19 28 73 29 27
26 29 19 63 11 51 41
26 30 44 24 30 29 18
26 31 84 40 61 82 64
26 32 76 30 91 82 35
26 33 67 37 32 68 74
26 34 6 66 46 31 15
27 28 70 93 85 74 77
27 29 21 63 31 39 47
27 30 18 8 23 30 32
27 31 86 30 68 76 37
27 32 15 61 79 35 59
27 33 74 74 91 27 38
27 34 84 86 24 25 81
28 29 45 80 11 33 64
28 30 48 49 73 65 75
28 31 29 34 84 28 43
28 32 76 40 42 61 50
28 33 65 22 47 54 62
28 34 77 28 84 83 25
29 30 93 91 33 43 58
29 31 53 61 18 33 49
29 32 5 37 68 2 32
29 33 75 29 84 68 59
29 34 1 44 15 51 43
30 31 18 80 13 31 63
30 32 81 80 87 29 61
30 33 17 9 18 27 65
30 34 65 86 49 79 41
31 32 49 36 67 25 44
31 33 99 43 73 97 84
31 34 87 67 30 67 66
32 33 79 77 78 38 80
32 34 78 59 49 68 32
33 34 33 54 43 54 81
