45 5
0.8 0 0 0 0.2
0 1 21 21 39 34 27
0 2 41 32 61 69 35
0 3 22 37 45 61 45
0 4 36 34 41 64 45
0 5 82 77 50 83 42
0 6 95 97 69 62 60
0 7 79 73 51 78 71
0 8 50 38 63 51 57
0 9 35 48 35 35 35
0 10 39 55 23 39 47
0 11 42 21 44 49 41
0 12 80 86 67 73 76
0 13 47 51 50 54 24
0 14 81 65 51 88 49
0 15 56 61 47 39 56
0 16 72 48 63 67 66
0 17 39 48 22 54 65
0 18 94 70 80 49 55
0 19 98 98 66 90 56
0 20 82 51 62 71 52
0 21 49 59 28 39 38
0 22 88 81 61 83 79
0 23 16 10 56 21 13
0 24 12 24 48 29 6
0 25 22 25 43 40 33
0 26 25 24 52 23 23
0 27 19 48 33 28 24
0 28 43 57 46 25 49
0 29 61 55 52 61 55
0 30 88 57 82 44 80
0 31 72 65 55 47 85
0 32 40 62 42 31 62
0 33 96 61 50 84 64
0 34 82 88 64 55 87
0 35 37 31 39 45 41
0 36 59 32 48 36 33
0 37 54 46 64 71 69
0 38 42 23 59 65 24
0 39 76 78 76 44 60
0 40 67 67 61 39 70
0 41 35 47 47 65 21
0 42 61 37 56 58 50
0 43 0 24 17 13 42
0 44 44 30 23 49 31
1 2 41 42 32 44 35
1 3 71 68 57 36 54
1 4 56 55 48 30 37
1 5 35 27 28 39 41
1 6 49 52 35 44 59
1 7 14 49 30 43 47
1 8 15 15 18 43 43
1 9 96 66 78 69 91
1 10 38 51 56 56 22
1 11 89 74 81 64 44
1 12 6 42 11 8 40
1 13 91 86 64 47 60
1 14 70 66 70 78 61
1 15 14 23 36 50 14
1 16 1 14 17 22 12
1 17 6 42 12 46 40
1 18 32 50 43 59 57
1 19 78 71 39 87 65
1 20 24 39 20 46 52
1 21 44 26 52 54 26
1 22 78 62 66 82 39
1 23 45 59 27 62 29
1 24 60 77 65 56 79
1 25 82 52 56 47 42
1 26 77 78 63 57 86
1 27 32 53 22 65 62
1 28 71 64 82 55 65
1 29 9 5 31 45 43
1 30 76 61 52 67 86
1 31 64 80 60 72 77
1 32 41 54 41 31 63
1 33 10 16 14 12 29
1 34 93 85 68 51 68
1 35 76 38 79 39 68
1 36 60 44 31 76 32
1 37 51 56 44 53 29
1 38 10 17 12 24 40
1 39 26 21 58 60 48
1 40 16 33 46 25 19
1 41 2 9 34 16 33
1 42 13 45 32 25 17
1 43 74 80 76 57 68
1 44 50 40 25 68 27
2 3 33 30 32 37 49
2 4 94 52 48 65 91
2 5 0 15 5 9 32
2 6 22 40 13 51 56
2 7 85 49 51 43 89
2 8 14 56 44 24 31
2 9 64 34 72 54 46
2 10 54 28 46 50 60
2 11 99 61 63 95 86
2 12 8 23 37 30 23
2 13 52 75 75 73 38
2 14 57 75 62 42 69
2 15 46 48 45 44 73
2 16 76 56 43 40 78
2 17 22 14 42 51 21
2 18 77 43 65 53 86
2 19 8 24 5 37 22
2 20 2 26 27 12 3
2 21 78 63 68 68 46
2 22 98 56 72 72 95
2 23 52 31 64 31 68
2 24 43 58 58 55 48
2 25 97 90 98 63 91
2 26 30 61 52 17 62
2 27 52 50 39 69 45
2 28 60 53 58 63 57
2 29 98 50 87 88 85
2 30 94 89 74 94 66
2 31 63 56 40 80 63
2 32 1 26 41 27 6
2 33 0 35 47 28 22
2 34 88 79 75 66 67
2 35 24 46 36 51 54
2 36 80 66 60 89 44
2 37 97 87 57 62 83
2 38 90 58 66 78 56
2 39 37 26 18 41 45
2 40 4 9 14 16 30
2 41 57 76 29 42 76
2 42 94 59 88 76 89
2 43 4 21 7 47 35
2 44 27 16 21 46 16
3 4 9 49 30 16 12
3 5 24 46 18 42 60
3 6 99 90 50 79 63
3 7 13 33 12 10 26
3 8 91 51 84 46 65
3 9 10 28 13 13 12
3 10 41 43 38 69 59
3 11 10 22 32 28 33
3 12 51 34 69 30 75
3 13 57 77 76 63 64
3 14 14 50 52 7 7
3 15 58 70 71 63 52
3 16 68 81 78 75 66
3 17 78 62 79 40 50
3 18 86 51 46 80 54
3 19 82 89 50 86 42
3 20 17 34 52 46 30
3 21 26 48 57 26 51
3 22 33 38 65 61 59
3 23 95 72 52 96 54
3 24 45 64 49 72 39
3 25 65 34 75 49 82
3 26 38 64 35 41 37
3 27 9 43 46 17 40
3 28 4 19 49 19 16
3 29 33 40 60 44 61
3 30 58 53 53 64 76
3 31 78 67 73 77 58
3 32 27 45 29 58 29
3 33 19 40 24 9 40
3 34 23 39 48 29 16
3 35 63 42 69 53 56
3 36 77 46 68 73 40
3 37 58 59 44 77 45
3 38 32 42 29 59 21
3 39 32 42 46 40 48
3 40 56 64 43 70 52
3 41 60 40 65 55 33
3 42 29 35 54 35 18
3 43 23 30 23 60 47
3 44 58 69 62 49 49
4 5 60 36 39 38 39
4 6 29 53 36 49 37
4 7 43 43 51 34 52
4 8 22 49 21 32 47
4 9 15 37 33 41 28
4 10 89 89 94 67 55
4 11 95 63 86 89 95
4 12 51 26 57 47 33
4 13 17 54 40 36 23
4 14 51 44 58 60 54
4 15 73 65 78 46 50
4 16 29 26 62 18 44
4 17 24 48 59 14 33
4 18 49 34 47 30 59
4 19 0 24 8 25 8
4 20 92 48 53 55 74
4 21 44 44 28 42 32
4 22 91 78 75 62 79
4 23 5 52 42 43 23
4 24 86 81 48 65 81
4 25 57 30 42 65 46
4 26 14 56 29 43 26
4 27 92 94 63 55 73
4 28 40 56 45 23 34
4 29 96 68 92 67 82
4 30 85 62 52 66 43
4 31 33 34 60 19 59
4 32 86 46 55 79 73
4 33 72 72 39 68 80
4 34 93 84 79 67 57
4 35 86 74 57 79 60
4 36 92 73 94 55 47
4 37 75 84 56 62 60
4 38 84 88 62 50 45
4 39 48 33 45 27 29
4 40 95 52 56 91 82
4 41 55 38 53 40 51
4 42 91 50 86 80 66
4 43 23 48 30 16 61
4 44 94 68 61 95 82
5 6 79 42 51 81 80
5 7 73 60 85 52 77
5 8 74 42 80 84 59
5 9 27 33 58 24 47
5 10 58 37 55 61 46
5 11 68 65 55 61 39
5 12 75 83 61 64 78
5 13 89 63 91 47 53
5 14 26 54 41 16 42
5 15 91 70 64 57 91
5 16 36 28 45 48 23
5 17 81 43 53 69 54
5 18 16 11 11 24 49
5 19 14 13 21 17 31
5 20 48 39 37 53 46
5 21 51 55 44 70 49
5 22 18 48 32 48 36
5 23 53 38 55 76 35
5 24 58 39 51 76 31
5 25 6 40 27 45 40
5 26 34 28 66 66 50
5 27 15 51 35 23 43
5 28 4 39 47 38 17
5 29 86 61 91 90 85
5 30 11 24 17 35 8
5 31 56 71 71 40 47
5 32 88 65 68 83 53
5 33 26 13 28 33 59
5 34 97 70 88 58 59
5 35 4 21 26 16 17
5 36 11 12 27 12 40
5 37 5 32 21 28 6
5 38 85 79 86 51 51
5 39 1 48 39 29 48
5 40 14 32 30 14 19
5 41 95 88 93 79 71
5 42 87 66 91 79 66
5 43 22 45 22 40 47
5 44 42 35 65 32 39
6 7 85 54 85 92 60
6 8 49 35 28 26 64
6 9 33 58 56 36 36
6 10 62 75 79 66 63
6 11 78 76 56 79 63
6 12 62 55 60 34 76
6 13 29 48 20 46 48
6 14 87 64 47 85 75
6 15 81 61 62 86 69
6 16 3 29 15 22 25
6 17 57 71 57 52 38
6 18 3 13 46 15 32
6 19 45 61 60 30 52
6 20 96 78 75 91 58
6 21 49 71 52 66 33
6 22 70 67 52 48 55
6 23 19 48 50 19 37
6 24 3 29 5 14 33
6 25 35 59 50 35 20
6 26 99 54 97 55 76
6 27 80 83 42 63 42
6 28 23 58 45 32 16
6 29 71 59 44 70 43
6 30 86 43 78 84 87
6 31 71 53 44 73 77
6 32 98 75 73 95 82
6 33 64 61 34 65 62
6 34 17 19 28 27 18
6 35 57 34 61 45 57
6 36 1 6 9 39 7
6 37 32 27 52 39 33
6 38 7 24 34 40 49
6 39 59 31 33 41 40
6 40 33 28 43 57 34
6 41 70 43 79 55 75
6 42 67 56 72 70 78
6 43 39 68 41 31 26
6 44 35 34 29 50 23
7 8 67 52 68 49 40
7 9 30 40 21 40 16
7 10 71 56 45 41 74
7 11 79 62 70 44 59
7 12 97 70 78 91 66
7 13 51 50 51 67 73
7 14 65 61 56 64 33
7 15 9 41 39 18 43
7 16 98 94 81 81 77
7 17 55 67 55 37 30
7 18 34 54 25 61 34
7 19 14 22 43 45 20
7 20 61 62 42 48 76
7 21 14 29 55 44 39
7 22 43 39 51 43 51
7 23 31 63 41 38 52
7 24 80 76 70 83 64
7 25 36 36 39 68 56
7 26 74 52 53 40 83
7 27 78 49 62 81 42
7 28 74 59 42 61 63
7 29 35 66 38 35 52
7 30 10 16 50 16 8
7 31 22 50 24 30 54
7 32 9 24 45 27 49
7 33 8 52 51 53 48
7 34 78 85 80 69 65
7 35 16 40 31 35 27
7 36 72 79 69 73 50
7 37 46 55 62 45 56
7 38 68 57 44 57 62
7 39 62 64 64 41 32
7 40 11 49 50 51 27
7 41 54 43 31 75 42
7 42 99 96 68 64 55
7 43 2 10 6 7 44
7 44 27 19 20 57 57
8 9 54 60 38 72 46
8 10 26 45 35 54 57
8 11 58 57 56 51 55
8 12 1 42 45 29 6
8 13 9 18 10 45 46
8 14 61 74 54 69 72
8 15 86 63 56 53 62
8 16 80 41 76 65 71
8 17 55 50 52 76 67
8 18 54 75 31 61 30
8 19 82 64 70 65 89
8 20 51 68 43 71 47
8 21 39 58 44 21 53
8 22 30 43 51 46 56
8 23 72 52 62 52 50
8 24 46 71 50 44 37
8 25 65 41 65 60 76
8 26 58 61 65 39 31
8 27 68 77 36 58 46
8 28 43 61 39 33 68
8 29 81 56 65 44 78
8 30 67 43 70 50 83
8 31 75 50 62 40 51
8 32 47 67 43 30 44
8 33 81 75 58 42 49
8 34 99 69 51 86 95
8 35 61 38 41 75 63
8 36 96 74 85 60 48
8 37 66 37 39 70 82
8 38 27 34 59 19 17
8 39 86 88 51 74 43
8 40 92 91 94 89 62
8 41 77 61 63 41 67
8 42 16 34 51 13 43
8 43 29 44 38 36 49
8 44 71 44 72 64 69
9 10 47 60 55 65 47
9 11 41 69 36 70 48
9 12 44 49 59 59 54
9 13 86 80 73 50 89
9 14 3 24 49 27 12
9 15 11 25 34 22 18
9 16 11 32 40 52 55
9 17 42 66 37 36 40
9 18 55 76 68 44 72
9 19 34 21 34 19 24
9 20 71 68 84 73 61
9 21 83 54 63 66 82
9 22 65 46 34 64 82
9 23 60 71 65 71 59
9 24 31 50 52 61 36
9 25 82 76 61 43 42
9 26 56 35 67 58 32
9 27 40 21 24 70 43
9 28 99 90 95 60 64
9 29 56 51 34 58 38
9 30 64 46 79 46 77
9 31 5 52 16 47 48
9 32 96 76 91 84 74
9 33 45 55 44 59 64
9 34 45 43 44 41 50
9 35 24 19 12 42 21
9 36 51 72 56 72 62
9 37 68 57 64 72 53
9 38 16 21 9 8 45
9 39 86 47 48 77 90
9 40 71 64 38 54 63
9 41 35 57 67 41 35
9 42 55 61 54 75 42
9 43 53 32 34 65 73
9 44 47 52 37 44 25
10 11 50 45 34 53 61
10 12 73 60 64 39 77
10 13 85 55 53 90 67
10 14 85 68 89 43 86
10 15 34 53 29 21 45
10 16 81 82 75 42 57
10 17 50 38 28 63 68
10 18 64 66 33 36 41
10 19 83 59 56 51 62
10 20 37 36 35 39 47
10 21 2 6 25 23 35
10 22 24 33 38 41 41
10 23 96 72 74 84 69
10 24 71 60 83 44 51
10 25 4 46 26 40 28
10 26 28 36 40 51 59
10 27 33 55 49 29 32
10 28 87 69 47 69 48
10 29 4 8 29 21 6
10 30 96 73 82 65 49
10 31 75 65 56 66 42
10 32 96 71 88 60 96
10 33 31 28 62 36 18
10 34 80 83 82 43 74
10 35 81 87 42 81 64
10 36 50 68 36 73 62
10 37 45 51 30 46 67
10 38 19 50 38 23 48
10 39 89 76 47 53 68
10 40 28 19 58 62 48
10 41 1 4 16 36 33
10 42 99 75 67 94 82
10 43 28 55 35 43 56
10 44 82 46 44 65 74
11 12 19 40 32 48 57
11 13 95 76 90 49 77
11 14 89 66 68 59 47
11 15 33 55 53 19 60
11 16 52 61 40 36 39
11 17 61 42 69 78 75
11 18 89 69 48 61 51
11 19 97 56 96 70 89
11 20 91 79 55 46 84
11 21 70 77 64 72 58
11 22 75 48 56 67 85
11 23 37 36 43 34 65
11 24 36 36 41 27 24
11 25 85 85 87 54 62
11 26 51 45 28 68 57
11 27 0 42 10 21 21
11 28 71 42 85 56 74
11 29 14 10 56 18 37
11 30 84 69 70 45 89
11 31 93 81 50 92 58
11 32 56 41 69 28 30
11 33 33 34 31 56 28
11 34 91 57 62 75 56
11 35 75 40 42 82 61
11 36 72 59 54 84 61
11 37 33 56 49 52 34
11 38 10 11 27 43 49
11 39 94 90 95 71 95
11 40 68 41 39 66 69
11 41 27 24 43 46 62
11 42 30 49 31 60 51
11 43 47 24 46 51 54
11 44 19 12 25 30 38
12 13 5 52 13 37 10
12 14 94 73 96 63 84
12 15 79 57 48 87 46
12 16 86 50 55 43 81
12 17 33 47 19 43 59
12 18 50 49 39 58 54
12 19 70 70 65 64 69
12 20 12 53 17 9 48
12 21 59 30 50 62 52
12 22 82 79 71 76 69
12 23 24 45 60 49 38
12 24 33 57 43 41 30
12 25 66 42 44 51 49
12 26 14 32 35 17 12
12 27 10 40 44 10 6
12 28 10 38 22 25 16
12 29 34 42 30 24 41
12 30 54 71 62 34 66
12 31 59 59 43 33 51
12 32 88 74 83 80 92
12 33 35 58 55 46 50
12 34 13 9 27 9 49
12 35 70 41 72 61 47
12 36 54 72 34 49 59
12 37 5 24 36 33 5
12 38 45 32 32 70 64
12 39 84 82 69 71 51
12 40 91 89 89 63 62
12 41 1 35 45 37 49
12 42 67 69 76 82 56
12 43 88 85 72 62 71
12 44 23 31 53 12 27
13 14 28 31 57 56 18
13 15 67 35 80 48 66
13 16 74 45 84 64 87
13 17 64 71 38 65 64
13 18 48 40 57 42 43
13 19 44 63 52 57 41
13 20 75 80 42 55 40
13 21 88 47 54 56 91
13 22 87 93 85 87 85
13 23 5 9 12 3 10
13 24 13 18 46 54 25
13 25 45 42 51 56 45
13 26 80 51 63 59 63
13 27 16 44 21 23 14
13 28 4 14 5 14 50
13 29 95 77 63 56 79
13 30 6 43 35 13 17
13 31 72 84 46 84 55
13 32 73 72 52 39 52
13 33 9 23 33 29 13
13 34 97 94 59 82 98
13 35 68 81 76 50 76
13 36 33 44 50 66 33
13 37 35 27 24 63 18
13 38 23 61 40 39 52
13 39 43 47 64 40 62
13 40 42 55 65 37 66
13 41 75 86 84 45 49
13 42 66 72 41 66 74
13 43 61 53 65 40 62
13 44 73 62 68 49 74
14 15 89 84 60 69 58
14 16 97 78 89 92 88
14 17 23 17 30 49 23
14 18 18 47 38 26 19
14 19 11 24 46 11 52
14 20 97 54 68 65 61
14 21 60 61 44 71 36
14 22 87 77 81 50 52
14 23 0 47 46 8 27
14 24 90 49 60 53 82
14 25 22 51 36 27 49
14 26 36 59 48 20 33
14 27 78 84 47 81 88
14 28 76 74 86 42 79
14 29 83 70 51 67 52
14 30 57 36 46 33 56
14 31 38 39 60 23 22
14 32 45 67 61 53 64
14 33 57 60 39 74 56
14 34 30 32 22 24 61
14 35 54 33 60 47 53
14 36 21 10 30 31 22
14 37 96 71 86 82 75
14 38 55 56 49 48 62
14 39 64 77 80 39 75
14 40 67 61 82 51 36
14 41 66 37 35 80 43
14 42 95 69 76 68 92
14 43 67 73 63 71 72
14 44 86 54 77 53 46
15 16 3 31 51 8 47
15 17 60 39 51 55 64
15 18 60 74 31 37 75
15 19 63 79 48 73 78
15 20 36 47 35 63 22
15 21 99 64 66 72 63
15 22 51 47 30 55 32
15 23 9 46 20 26 47
15 24 80 55 55 64 53
15 25 49 73 41 50 25
15 26 44 54 24 25 64
15 27 24 42 16 45 12
15 28 47 31 72 71 29
15 29 2 16 17 18 23
15 30 60 79 71 42 75
15 31 10 36 19 49 13
15 32 24 23 30 26 15
15 33 65 47 53 38 68
15 34 75 62 61 83 53
15 35 54 34 55 72 58
15 36 26 25 31 25 32
15 37 28 22 52 20 22
15 38 70 80 48 80 81
15 39 77 88 82 76 84
15 40 56 75 70 65 48
15 41 8 37 8 43 47
15 42 25 49 24 39 19
15 43 66 42 43 67 41
15 44 1 24 49 38 24
16 17 75 38 49 86 57
16 18 91 89 79 64 79
16 19 26 19 44 14 24
16 20 15 25 15 28 34
16 21 86 84 66 88 84
16 22 57 66 47 36 29
16 23 28 29 47 42 38
16 24 66 63 45 67 48
16 25 72 63 85 38 69
16 26 62 69 78 32 81
16 27 28 27 52 52 22
16 28 85 61 59 58 83
16 29 44 61 41 55 47
16 30 1 7 27 38 23
16 31 64 49 38 43 63
16 32 22 60 16 25 57
16 33 55 69 76 45 39
16 34 87 45 71 75 54
16 35 18 19 39 24 16
16 36 99 82 75 87 69
16 37 96 77 53 62 54
16 38 24 33 42 27 46
16 39 31 29 41 49 16
16 40 59 69 62 31 48
16 41 57 28 41 41 58
16 42 61 35 55 66 35
16 43 34 58 42 20 34
16 44 36 46 51 27 64
17 18 62 60 74 41 78
17 19 43 23 35 69 55
17 20 92 74 72 61 66
17 21 73 82 84 43 46
17 22 60 63 74 44 77
17 23 77 79 42 70 72
17 24 15 32 38 28 38
17 25 9 53 25 29 31
17 26 43 44 68 70 24
17 27 26 37 27 53 19
17 28 88 83 70 70 62
17 29 32 65 35 53 64
17 30 53 74 70 63 36
17 31 99 65 95 82 84
17 32 43 42 54 64 42
17 33 73 79 43 47 86
17 34 72 69 77 79 58
17 35 4 28 30 12 35
17 36 54 53 59 62 28
17 37 64 60 51 80 68
17 38 21 14 28 25 53
17 39 43 61 68 67 58
17 40 5 38 44 23 32
17 41 93 91 83 65 80
17 42 80 62 49 68 73
17 43 28 62 32 34 55
17 44 15 55 23 35 17
18 19 13 41 11 46 26
18 20 1 10 44 19 29
18 21 20 45 56 54 41
18 22 92 46 60 94 51
18 23 53 55 39 42 44
18 24 24 56 44 56 28
18 25 64 70 78 79 63
18 26 85 64 89 48 71
18 27 36 67 49 31 53
18 28 95 86 74 92 80
18 29 61 38 39 80 77
18 30 62 68 44 74 74
18 31 83 75 80 86 87
18 32 25 18 31 30 31
18 33 29 25 57 56 43
18 34 19 27 33 42 22
18 35 9 37 21 47 35
18 36 28 47 50 37 43
18 37 76 78 75 68 86
18 38 14 27 53 55 46
18 39 90 81 49 58 71
18 40 87 86 64 52 55
18 41 50 74 38 34 35
18 42 89 79 46 93 87
18 43 59 55 45 63 70
18 44 38 25 57 65 30
19 20 60 40 43 70 41
19 21 52 36 38 44 62
19 22 73 83 38 64 72
19 23 15 42 24 25 44
19 24 92 82 87 69 48
19 25 17 31 56 46 18
19 26 40 34 58 38 33
19 27 24 12 26 33 17
19 28 54 34 55 38 72
19 29 18 32 17 39 34
19 30 35 48 41 22 45
19 31 91 69 82 60 74
19 32 27 62 22 42 15
19 33 63 44 31 35 48
19 34 57 55 65 35 64
19 35 74 71 83 83 73
19 36 10 51 12 43 18
19 37 79 71 84 60 56
19 38 15 19 8 8 8
19 39 77 86 84 66 46
19 40 58 55 49 45 55
19 41 18 47 19 32 16
19 42 17 19 57 34 37
19 43 2 26 47 45 40
19 44 3 5 15 41 3
20 21 33 44 47 26 47
20 22 94 82 61 73 59
20 23 46 58 24 25 45
20 24 21 37 59 29 43
20 25 51 34 36 47 62
20 26 80 50 70 46 53
20 27 42 58 37 30 47
20 28 72 60 66 43 55
20 29 75 40 85 83 42
20 30 35 42 52 35 30
20 31 37 20 50 32 22
20 32 10 10 49 24 10
20 33 82 66 70 81 55
20 34 74 53 79 66 67
20 35 78 51 48 74 72
20 36 29 32 14 36 31
20 37 13 39 56 9 25
20 38 83 75 63 80 78
20 39 11 19 42 12 15
20 40 88 63 89 82 79
20 41 12 45 34 12 29
20 42 59 75 33 42 66
20 43 11 30 53 7 44
20 44 36 66 62 34 51
21 22 28 50 26 34 40
21 23 15 25 37 17 27
21 24 31 32 46 21 58
21 25 95 94 88 91 78
21 26 95 52 79 64 74
21 27 62 81 77 51 54
21 28 14 33 41 49 57
21 29 45 23 56 60 57
21 30 38 51 36 54 59
21 31 27 31 27 48 35
21 32 77 43 51 45 49
21 33 83 43 65 54 88
21 34 29 40 45 45 60
21 35 96 70 55 51 57
21 36 10 50 31 45 16
21 37 18 35 36 36 39
21 38 40 26 50 36 34
21 39 49 72 57 26 55
21 40 39 57 25 68 34
21 41 93 82 78 93 93
21 42 58 59 45 30 71
21 43 11 14 11 53 31
21 44 21 56 50 37 35
22 23 73 75 57 82 80
22 24 21 41 42 50 25
22 25 85 70 49 85 76
22 26 44 46 43 46 26
22 27 42 45 25 56 57
22 28 1 23 30 13 17
22 29 26 56 44 54 29
22 30 30 36 35 44 25
22 31 34 33 23 20 19
22 32 47 24 25 62 49
22 33 70 78 72 55 44
22 34 93 47 68 49 83
22 35 57 37 60 42 47
22 36 22 56 27 60 23
22 37 44 50 34 48 46
22 38 79 40 76 41 64
22 39 25 40 22 46 40
22 40 33 30 35 65 54
22 41 86 54 73 47 90
22 42 57 74 70 71 75
22 43 42 28 67 21 25
22 44 0 21 12 27 5
23 24 48 42 28 54 58
23 25 45 61 60 48 23
23 26 59 38 53 69 34
23 27 18 39 36 27 26
23 28 95 90 76 51 63
23 29 94 62 69 85 83
23 30 81 66 58 44 47
23 31 31 46 28 32 38
23 32 15 47 17 10 37
23 33 32 57 20 61 42
23 34 43 38 31 57 38
23 35 37 47 61 44 33
23 36 10 52 18 6 12
23 37 70 64 72 58 61
23 38 92 79 83 61 86
23 39 19 13 32 46 23
23 40 36 61 67 49 37
23 41 69 82 41 61 47
23 42 94 82 87 82 60
23 43 40 24 43 59 42
23 44 33 21 43 29 51
24 25 48 59 28 59 38
24 26 79 48 59 62 74
24 27 20 22 59 32 11
24 28 74 42 48 74 75
24 29 31 63 57 31 17
24 30 68 59 52 44 75
24 31 46 52 37 53 67
24 32 89 76 78 60 90
24 33 9 49 26 30 26
24 34 67 75 53 46 40
24 35 74 55 80 81 46
24 36 92 89 87 57 64
24 37 41 33 54 51 57
24 38 56 50 76 68 35
24 39 90 47 66 63 68
24 40 44 65 25 41 66
24 41 47 37 43 50 34
24 42 4 26 27 10 37
24 43 7 36 20 50 11
24 44 25 41 18 25 37
25 26 12 45 52 50 49
25 27 0 17 32 6 37
25 28 54 37 66 61 36
25 29 14 41 27 14 57
25 30 38 29 27 54 40
25 31 61 41 64 38 44
25 32 57 53 51 39 46
25 33 75 57 70 70 49
25 34 16 48 44 55 52
25 35 76 53 41 57 73
25 36 32 24 51 62 64
25 37 72 51 44 82 43
25 38 28 31 23 28 27
25 39 76 49 53 84 78
25 40 47 28 34 68 24
25 41 4 3 2 25 16
25 42 65 64 51 41 75
25 43 86 86 49 76 71
25 44 61 31 54 70 39
26 27 38 61 57 46 33
26 28 42 24 50 25 23
26 29 39 41 30 32 40
26 30 14 56 35 44 23
26 31 64 33 44 34 66
26 32 6 27 49 25 43
26 33 21 16 36 43 52
26 34 15 48 9 21 38
26 35 69 80 83 56 55
26 36 15 18 26 45 21
26 37 5 33 24 36 17
26 38 7 38 10 32 22
26 39 44 42 44 43 59
26 40 57 51 64 59 58
26 41 74 42 47 76 48
26 42 83 76 54 73 54
26 43 48 40 27 47 53
26 44 13 22 10 33 19
27 28 90 80 60 48 47
27 29 24 38 32 34 41
27 30 85 67 58 57 43
27 31 28 14 22 43 62
27 32 59 64 61 40 63
27 33 87 56 44 67 71
27 34 15 51 15 30 37
27 35 62 63 51 32 70
27 36 7 14 33 6 44
27 37 62 72 66 68 74
27 38 99 69 67 62 75
27 39 77 83 42 86 56
27 40 58 42 34 76 50
27 41 92 89 46 92 86
27 42 68 70 68 71 57
27 43 58 62 48 45 61
27 44 11 10 36 30 50
28 29 35 65 54 32 20
28 30 61 40 62 55 67
28 31 51 73 35 35 38
28 32 39 54 38 42 60
28 33 61 76 61 52 36
28 34 38 21 32 25 44
28 35 99 52 68 96 73
28 36 2 33 30 14 22
28 37 97 71 69 89 61
28 38 3 45 7 50 48
28 39 74 69 65 64 86
28 40 3 11 32 34 41
28 41 33 57 25 56 37
28 42 16 44 23 25 50
28 43 14 20 23 50 32
28 44 15 7 37 41 39
29 30 76 38 81 53 62
29 31 91 64 76 72 48
29 32 81 54 59 45 77
29 33 42 58 43 64 66
29 34 36 58 34 59 66
29 35 18 26 14 47 50
29 36 79 49 43 83 66
29 37 81 69 82 60 88
29 38 92 51 49 75 86
29 39 56 48 46 74 65
29 40 80 66 67 64 40
29 41 57 52 76 46 38
29 42 7 14 16 6 21
29 43 50 70 58 51 45
29 44 37 20 23 54 23
30 31 15 18 16 24 32
30 32 36 25 25 31 27
30 33 58 33 57 35 30
30 34 64 62 58 56 45
30 35 52 71 38 58 69
30 36 52 41 45 27 58
30 37 6 47 18 33 9
30 38 1 11 35 32 31
30 39 26 27 20 47 45
30 40 53 44 29 65 40
30 41 24 44 39 50 50
30 42 24 49 40 59 46
30 43 95 78 47 58 49
30 44 61 75 40 64 31
31 32 49 36 40 37 61
31 33 13 17 49 13 31
31 34 78 84 61 77 44
31 35 40 35 45 22 23
31 36 31 22 57 49 44
31 37 38 46 61 49 61
31 38 40 66 53 59 54
31 39 8 18 4 46 14
31 40 15 51 45 43 41
31 41 4 46 14 43 25
31 42 1 6 16 46 36
31 43 77 68 59 60 43
31 44 81 47 90 41 76
32 33 68 55 69 72 80
32 34 98 79 63 89 64
32 35 92 48 51 58 92
32 36 38 28 28 67 54
32 37 37 37 65 33 52
32 38 61 51 76 32 33
32 39 80 87 77 57 55
32 40 32 60 27 66 55
32 41 90 91 50 60 55
32 42 52 47 64 58 68
32 43 9 54 51 37 48
32 44 98 61 86 63 85
33 34 19 28 17 11 21
33 35 17 52 21 55 29
33 36 3 46 33 19 3
33 37 95 55 61 56 59
33 38 66 42 50 82 71
33 39 28 25 36 33 42
33 40 65 33 60 51 75
33 41 11 53 8 38 20
33 42 32 56 32 31 61
33 43 24 19 19 45 12
33 44 58 41 36 59 39
34 35 28 56 15 30 41
34 36 4 50 38 41 44
34 37 43 71 65 23 40
34 38 65 72 45 34 61
34 39 70 36 74 42 75
34 40 69 49 48 50 67
34 41 94 80 60 52 70
34 42 99 68 65 71 64
34 43 27 59 53 45 30
34 44 85 73 75 55 56
35 36 5 32 34 18 33
35 37 19 25 14 23 12
35 38 32 19 61 19 28
35 39 88 69 55 55 84
35 40 38 44 37 68 34
35 41 24 34 52 13 59
35 42 17 11 34 15 9
35 43 2 10 18 42 50
35 44 22 16 33 18 53
36 37 77 87 72 77 61
36 38 95 60 53 58 89
36 39 25 52 44 37 24
36 40 8 11 39 47 35
36 41 82 72 80 76 46
36 42 80 69 57 66 52
36 43 48 39 34 30 39
36 44 65 46 34 61 41
37 38 18 31 35 30 22
37 39 37 19 40 37 42
37 40 26 48 24 35 49
37 41 15 40 51 10 15
37 42 3 20 20 37 2
37 43 89 66 53 59 56
37 44 93 95 85 90 63
38 39 33 42 47 35 46
38 40 10 22 28 25 39
38 41 20 18 26 18 20
38 42 24 13 16 21 27
38 43 55 55 57 50 61
38 44 81 75 48 87 62
39 40 93 48 80 83 77
39 41 62 57 58 59 63
39 42 43 32 27 50 27
39 43 96 68 54 72 56
39 44 42 61 36 28 51
40 41 83 68 91 84 86
40 42 77 44 41 81 55
40 43 3 10 38 18 6
40 44 45 53 64 28 66
41 42 79 78 57 73 74
41 43 94 62 86 95 49
41 44 33 41 40 51 29
42 43 14 24 39 42 29
42 44 90 47 64 87 71
43 44 12 39 50 29 56
