48 5
0.2 0 0 0 0.8
0 1 86 59 74 86 51
0 2 92 46 59 76 46
0 3 89 94 54 59 73
0 4 5 33 20 5 42
0 5 18 29 58 13 35
0 6 56 71 61 39 30
0 7 66 63 55 60 35
0 8 41 51 63 40 51
0 9 81 54 89 81 60
0 10 94 93 54 70 70
0 11 66 75 57 37 81
0 12 10 41 29 10 49
0 13 67 52 70 39 58
0 14 69 73 58 48 64
0 15 68 64 45 61 70
0 16 88 60 78 91 78
0 17 18 16 16 52 31
0 18 86 50 84 74 87
0 19 64 40 52 67 75
0 20 31 16 63 50 23
0 21 44 43 30 54 29
0 22 47 24 33 70 37
0 23 23 30 47 12 14
0 24 95 97 49 92 84
0 25 89 64 75 55 50
0 26 80 76 79 52 65
0 27 48 52 38 58 36
0 28 17 58 53 55 9
0 29 4 15 7 20 35
0 30 84 44 42 91 88
0 31 54 28 75 53 68
0 32 80 66 77 71 84
0 33 2 45 37 19 33
0 34 66 74 38 69 67
0 35 29 15 57 64 16
0 36 98 81 55 87 66
0 37 82 51 64 47 82
0 38 19 22 43 47 32
0 39 93 86 78 75 73
0 40 2 31 16 2 43
0 41 82 58 54 41 83
0 42 38 68 55 45 31
0 43 35 30 55 58 54
0 44 25 61 54 44 21
0 45 60 37 42 61 71
0 46 49 74 59 37 25
0 47 55 31 35 28 60
1 2 16 43 20 46 34
1 3 71 60 46 52 50
1 4 82 60 51 82 76
1 5 30 38 58 39 27
1 6 57 61 73 69 77
1 7 67 71 49 67 62
1 8 1 45 28 14 26
1 9 42 31 54 52 57
1 10 62 40 62 58 44
1 11 66 42 75 73 44
1 12 92 77 46 57 62
1 13 20 42 54 41 38
1 14 38 31 41 56 21
1 15 94 72 60 52 57
1 16 79 51 69 76 76
1 17 34 21 53 17 52
1 18 19 25 54 37 44
1 19 71 40 39 40 85
1 20 49 29 30 30 40
1 21 6 45 39 7 36
1 22 77 48 53 63 51
1 23 81 77 66 81 48
1 24 53 76 72 36 34
1 25 15 39 55 33 41
1 26 69 61 82 43 43
1 27 58 69 31 60 59
1 28 52 38 36 38 65
1 29 45 30 67 69 30
1 30 49 39 54 30 32
1 31 13 19 24 10 43
1 32 52 64 39 71 61
1 33 58 45 70 72 50
1 34 49 33 33 33 32
1 35 58 49 64 39 71
1 36 19 58 57 57 14
1 37 89 84 79 87 49
1 38 11 10 51 31 28
1 39 23 20 19 58 58
1 40 2 27 28 36 16
1 41 54 27 76 47 50
1 42 87 44 68 53 64
1 43 56 64 32 40 35
1 44 48 27 64 28 32
1 45 7 39 28 32 34
1 46 62 52 60 61 76
1 47 85 55 52 57 71
2 3 10 33 20 25 37
2 4 38 52 52 25 47
2 5 74 80 57 60 74
2 6 60 79 61 32 72
2 7 21 41 50 56 40
2 8 75 55 80 47 42
2 9 45 34 24 70 71
2 10 16 56 12 31 15
2 11 96 96 96 61 58
2 12 9 51 51 40 27
2 13 10 10 51 5 23
2 14 11 47 12 49 11
2 15 63 71 68 58 78
2 16 23 20 14 40 41
2 17 57 75 53 40 45
2 18 36 49 36 24 44
2 19 76 73 43 55 65
2 20 62 31 35 73 33
2 21 33 22 27 18 25
2 22 52 48 57 51 40
2 23 19 21 54 27 50
2 24 17 25 49 12 30
2 25 22 14 16 60 51
2 26 59 42 40 40 42
2 27 36 40 35 51 41
2 28 87 79 80 90 56
2 29 22 13 57 27 14
2 30 1 43 46 40 21
2 31 2 40 27 40 20
2 32 25 51 34 53 20
2 33 92 56 63 84 49
2 34 38 26 33 41 21
2 35 89 93 61 52 94
2 36 52 27 34 30 37
2 37 87 60 78 57 73
2 38 34 23 65 37 37
2 39 3 20 34 2 9
2 40 20 39 41 32 48
2 41 85 55 47 86 56
2 42 59 67 47 55 69
2 43 5 25 39 4 45
2 44 9 47 25 26 54
2 45 62 56 70 41 69
2 46 86 46 78 54 82
2 47 2 46 21 37 19
3 4 59 42 40 39 55
3 5 86 59 70 74 71
3 6 38 35 46 25 28
3 7 88 80 47 52 44
3 8 14 48 10 18 55
3 9 25 48 14 55 53
3 10 15 44 46 39 46
3 11 68 83 72 67 37
3 12 16 29 20 46 16
3 13 2 12 6 28 6
3 14 81 53 78 74 54
3 15 35 46 59 33 19
3 16 11 10 22 21 36
3 17 58 34 76 76 50
3 18 77 72 87 54 49
3 19 77 72 46 50 40
3 20 96 50 62 98 93
3 21 62 57 45 52 72
3 22 1 4 6 49 29
3 23 56 68 77 63 31
3 24 34 58 61 48 61
3 25 93 81 88 82 77
3 26 88 86 49 85 85
3 27 8 49 28 13 11
3 28 94 65 62 68 87
3 29 55 75 45 40 29
3 30 16 27 34 17 57
3 31 57 57 67 39 28
3 32 49 25 26 50 66
3 33 19 10 26 44 59
3 34 30 63 48 29 37
3 35 4 35 44 52 43
3 36 36 35 41 42 63
3 37 94 96 94 50 70
3 38 41 63 30 66 31
3 39 54 62 51 40 44
3 40 97 86 74 92 50
3 41 44 49 52 42 39
3 42 7 52 31 29 44
3 43 27 21 19 36 58
3 44 14 14 50 27 50
3 45 86 79 55 65 64
3 46 72 50 50 59 36
3 47 80 78 71 73 52
4 5 81 47 56 90 82
4 6 1 5 16 11 15
4 7 77 74 78 70 82
4 8 7 30 36 20 4
4 9 50 37 28 74 36
4 10 93 78 63 90 55
4 11 26 59 49 36 23
4 12 66 47 80 54 61
4 13 35 39 66 47 43
4 14 25 35 45 56 60
4 15 3 50 28 29 30
4 16 37 38 37 27 40
4 17 32 51 26 29 21
4 18 93 74 78 90 57
4 19 6 21 37 17 18
4 20 62 42 34 51 44
4 21 64 81 42 71 69
4 22 5 17 34 50 8
4 23 6 11 41 28 29
4 24 89 63 72 78 56
4 25 56 76 57 64 63
4 26 86 90 87 60 76
4 27 51 35 47 71 56
4 28 71 80 70 56 62
4 29 30 19 20 25 47
4 30 41 33 38 55 24
4 31 49 40 59 62 34
4 32 42 44 44 53 64
4 33 84 62 47 83 61
4 34 37 45 33 28 45
4 35 79 47 67 75 76
4 36 40 51 26 53 34
4 37 26 14 16 24 46
4 38 25 25 50 37 30
4 39 43 25 27 50 59
4 40 80 74 52 69 85
4 41 9 6 48 6 25
4 42 9 31 42 23 33
4 43 99 73 64 96 94
4 44 79 83 41 77 65
4 45 16 36 24 43 14
4 46 82 71 89 67 59
4 47 33 19 38 20 25
5 6 14 32 21 24 48
5 7 54 61 76 39 58
5 8 35 60 51 29 37
5 9 26 14 50 14 53
5 10 24 28 24 30 24
5 11 57 65 36 39 75
5 12 63 65 54 37 60
5 13 95 93 78 50 80
5 14 41 49 69 35 50
5 15 89 57 44 67 79
5 16 77 74 77 83 79
5 17 59 73 65 53 54
5 18 53 72 36 56 47
5 19 48 74 43 56 52
5 20 69 65 74 58 43
5 21 13 56 33 7 22
5 22 16 15 45 41 44
5 23 90 54 79 77 75
5 24 52 33 72 46 42
5 25 90 66 66 94 85
5 26 17 58 16 40 58
5 27 89 85 83 49 65
5 28 8 33 8 14 37
5 29 74 82 68 53 54
5 30 95 74 72 58 89
5 31 90 59 69 63 65
5 32 41 39 25 32 31
5 33 13 21 43 44 46
5 34 62 73 34 73 72
5 35 3 23 41 37 26
5 36 77 68 64 83 59
5 37 34 28 57 58 32
5 38 27 30 54 37 42
5 39 25 25 36 49 48
5 40 14 54 19 53 44
5 41 39 54 35 48 29
5 42 69 49 75 68 41
5 43 75 59 50 63 41
5 44 91 63 71 90 88
5 45 74 63 45 81 61
5 46 45 70 31 56 29
5 47 66 44 38 38 52
6 7 15 34 14 10 51
6 8 29 32 32 34 17
6 9 48 66 61 30 58
6 10 94 58 95 66 66
6 11 31 33 40 49 50
6 12 56 74 54 49 49
6 13 71 64 36 44 81
6 14 14 48 50 49 23
6 15 79 81 46 63 71
6 16 71 47 60 61 74
6 17 94 54 93 83 51
6 18 81 50 47 87 77
6 19 9 45 13 7 5
6 20 47 47 36 66 33
6 21 84 88 53 59 55
6 22 7 19 45 33 4
6 23 15 21 22 29 44
6 24 87 87 44 76 69
6 25 8 11 28 53 5
6 26 25 12 61 54 45
6 27 65 76 60 35 79
6 28 36 56 67 40 29
6 29 37 39 25 35 19
6 30 22 37 42 42 27
6 31 12 7 47 44 51
6 32 4 36 15 7 12
6 33 76 76 71 43 73
6 34 3 6 33 35 46
6 35 15 12 12 40 22
6 36 17 39 57 25 16
6 37 49 35 62 68 25
6 38 88 64 59 57 89
6 39 39 39 65 44 54
6 40 34 44 53 27 43
6 41 30 16 39 51 26
6 42 43 24 61 58 36
6 43 87 70 86 60 80
6 44 85 46 51 46 67
6 45 1 44 46 38 13
6 46 7 7 38 42 52
6 47 56 70 73 75 34
7 8 88 85 55 53 47
7 9 55 75 34 74 31
7 10 12 42 39 50 24
7 11 83 42 63 61 68
7 12 27 33 45 36 24
7 13 51 31 43 30 28
7 14 24 31 61 48 53
7 15 96 55 74 66 89
7 16 12 55 51 43 19
7 17 4 6 22 31 51
7 18 68 72 56 60 68
7 19 46 34 34 45 64
7 20 26 19 58 24 61
7 21 56 68 67 54 74
7 22 35 42 53 49 17
7 23 9 35 5 41 9
7 24 19 21 55 16 34
7 25 48 72 29 39 39
7 26 82 90 86 64 82
7 27 4 35 32 18 15
7 28 78 84 51 45 64
7 29 67 71 56 58 56
7 30 68 75 83 75 81
7 31 28 44 15 25 20
7 32 82 49 70 57 41
7 33 60 33 32 47 75
7 34 99 89 79 72 56
7 35 32 52 49 59 37
7 36 65 48 53 70 70
7 37 34 60 37 60 20
7 38 50 70 38 67 66
7 39 65 79 81 54 42
7 40 73 72 73 37 82
7 41 63 33 35 49 69
7 42 61 54 45 59 63
7 43 57 31 52 38 41
7 44 28 36 62 40 32
7 45 8 21 21 45 17
7 46 0 8 33 19 22
7 47 24 47 27 58 52
8 9 26 38 21 59 37
8 10 93 56 48 69 88
8 11 13 35 48 48 49
8 12 35 36 56 42 30
8 13 72 79 82 70 47
8 14 73 80 74 76 39
8 15 88 77 88 48 66
8 16 67 63 70 36 34
8 17 53 46 59 73 49
8 18 6 48 22 20 52
8 19 88 51 77 64 46
8 20 31 43 64 53 40
8 21 8 48 5 4 36
8 22 19 31 36 56 37
8 23 28 54 54 31 62
8 24 0 48 13 5 43
8 25 89 53 49 77 47
8 26 9 53 27 49 7
8 27 80 84 79 82 80
8 28 49 55 41 27 65
8 29 70 44 83 46 72
8 30 82 46 84 54 89
8 31 61 41 39 67 48
8 32 30 19 51 26 55
8 33 97 91 62 66 63
8 34 63 78 62 60 40
8 35 11 44 35 36 49
8 36 90 50 87 76 91
8 37 90 94 72 75 89
8 38 21 40 58 25 43
8 39 70 48 48 67 82
8 40 67 57 55 70 73
8 41 4 21 49 28 51
8 42 15 24 11 55 42
8 43 11 40 37 30 50
8 44 50 56 42 42 69
8 45 36 56 34 59 29
8 46 54 30 31 60 34
8 47 98 61 65 73 71
9 10 95 78 75 79 91
9 11 94 85 55 63 69
9 12 79 40 87 65 68
9 13 80 80 82 68 76
9 14 54 28 35 72 35
9 15 10 36 23 34 26
9 16 98 95 89 93 81
9 17 11 48 26 17 29
9 18 54 57 61 64 29
9 19 69 42 40 76 62
9 20 21 51 56 40 45
9 21 60 76 43 33 68
9 22 53 48 73 55 34
9 23 66 42 72 68 61
9 24 63 43 35 78 79
9 25 1 11 48 9 41
9 26 55 61 57 74 47
9 27 16 26 33 13 24
9 28 25 16 14 19 41
9 29 50 37 32 38 44
9 30 13 26 7 47 16
9 31 14 48 39 40 45
9 32 59 54 36 61 75
9 33 30 59 51 59 28
9 34 35 24 27 57 45
9 35 15 17 33 49 45
9 36 80 55 73 75 69
9 37 93 95 96 67 47
9 38 96 74 90 56 85
9 39 47 42 69 58 63
9 40 8 41 49 24 26
9 41 58 52 62 69 60
9 42 8 13 43 8 17
9 43 10 6 31 35 45
9 44 33 62 40 55 55
9 45 12 6 38 31 15
9 46 67 54 79 55 54
9 47 95 60 70 82 48
10 11 58 68 49 56 51
10 12 14 57 39 8 45
10 13 9 32 16 11 53
10 14 68 71 57 65 39
10 15 3 17 15 23 33
10 16 84 85 60 55 44
10 17 30 40 15 58 26
10 18 29 20 16 50 52
10 19 41 27 46 34 50
10 20 79 46 59 82 64
10 21 18 17 45 47 22
10 22 59 41 45 75 35
10 23 73 66 53 77 68
10 24 65 39 35 49 49
10 25 87 90 49 46 63
10 26 60 47 65 68 58
10 27 63 53 72 41 75
10 28 51 40 37 68 42
10 29 57 49 61 55 61
10 30 89 53 47 74 63
10 31 3 40 49 22 43
10 32 70 73 62 55 45
10 33 3 20 5 2 17
10 34 60 51 58 65 68
10 35 58 61 73 34 31
10 36 5 47 52 5 43
10 37 38 57 67 67 62
10 38 52 66 70 59 61
10 39 15 28 55 11 34
10 40 61 65 75 73 39
10 41 32 31 40 57 32
10 42 31 31 26 63 44
10 43 1 42 28 38 48
10 44 20 23 25 40 35
10 45 79 66 75 78 62
10 46 77 81 65 48 54
10 47 67 75 80 59 62
11 12 98 59 56 76 77
11 13 57 46 57 63 64
11 14 61 70 47 39 52
11 15 41 66 68 41 57
11 16 89 61 56 62 47
11 17 64 32 52 40 81
11 18 91 93 64 48 52
11 19 66 42 80 70 62
11 20 21 26 13 37 31
11 21 73 54 49 77 71
11 22 46 53 45 26 51
11 23 47 49 72 23 44
11 24 93 69 94 62 67
11 25 52 32 69 53 43
11 26 29 54 46 51 47
11 27 72 52 40 37 71
11 28 62 57 35 43 55
11 29 69 36 57 45 59
11 30 92 48 88 56 86
11 31 9 16 33 43 46
11 32 82 76 62 86 74
11 33 54 31 69 63 65
11 34 25 35 52 27 58
11 35 27 58 27 30 49
11 36 53 67 68 34 49
11 37 49 49 72 47 47
11 38 74 57 49 53 68
11 39 58 40 62 69 46
11 40 1 38 34 28 28
11 41 62 78 51 33 40
11 42 70 58 76 73 56
11 43 19 26 26 34 48
11 44 20 57 30 30 48
11 45 30 47 27 64 41
11 46 82 84 71 74 58
11 47 51 70 27 27 38
12 13 29 49 21 42 22
12 14 49 45 38 56 59
12 15 26 36 45 46 19
12 16 67 35 44 73 56
12 17 77 45 65 80 83
12 18 83 61 69 59 74
12 19 7 12 10 10 15
12 20 10 54 36 52 44
12 21 22 39 30 30 34
12 22 23 17 56 40 49
12 23 8 18 18 15 33
12 24 6 5 9 46 15
12 25 73 85 56 47 51
12 26 39 44 20 53 25
12 27 27 48 43 46 22
12 28 58 64 62 54 39
12 29 64 49 59 55 52
12 30 40 26 61 30 48
12 31 50 27 25 64 30
12 32 94 95 90 94 54
12 33 7 47 22 29 8
12 34 92 93 57 47 64
12 35 45 39 41 52 44
12 36 82 88 48 74 66
12 37 45 59 70 50 46
12 38 41 26 54 45 38
12 39 41 44 62 56 35
12 40 17 24 58 49 26
12 41 13 24 12 8 17
12 42 98 79 96 66 91
12 43 99 52 75 55 85
12 44 16 49 57 14 53
12 45 93 78 70 89 86
12 46 73 37 45 53 82
12 47 77 64 63 42 84
13 14 86 92 72 90 71
13 15 60 43 52 59 36
13 16 0 45 9 46 8
13 17 71 57 74 47 48
13 18 57 57 36 49 37
13 19 29 35 41 18 56
13 20 51 63 63 43 68
13 21 63 79 59 64 74
13 22 84 51 74 50 48
13 23 70 43 78 82 37
13 24 7 4 49 46 13
13 25 72 51 64 60 43
13 26 74 63 87 66 61
13 27 62 32 64 43 80
13 28 99 98 89 74 84
13 29 41 45 66 41 53
13 30 48 32 52 60 56
13 31 59 44 49 41 32
13 32 79 42 70 59 44
13 33 50 54 50 62 29
13 34 40 59 31 48 21
13 35 38 62 32 40 26
13 36 13 33 22 28 47
13 37 82 69 64 71 83
13 38 96 52 66 57 98
13 39 17 17 13 58 56
13 40 57 50 35 61 32
13 41 43 31 32 23 65
13 42 44 41 39 49 29
13 43 61 44 75 39 57
13 44 42 34 28 68 61
13 45 35 40 37 51 56
13 46 23 17 28 27 18
13 47 71 77 84 55 77
14 15 27 26 50 38 50
14 16 25 39 40 52 41
14 17 55 52 55 28 40
14 18 91 53 60 69 65
14 19 29 20 25 60 58
14 20 61 75 42 74 63
14 21 27 44 21 49 57
14 22 20 34 20 30 58
14 23 84 75 48 76 47
14 24 56 68 66 55 51
14 25 41 53 69 51 51
14 26 57 39 43 33 65
14 27 10 30 6 43 10
14 28 91 73 78 63 51
14 29 89 67 63 52 67
14 30 39 47 62 22 33
14 31 16 25 31 31 19
14 32 89 70 75 88 44
14 33 44 27 36 63 48
14 34 15 15 41 9 10
14 35 11 7 38 13 19
14 36 39 25 48 48 40
14 37 52 63 38 57 50
14 38 10 21 27 52 31
14 39 12 31 52 23 9
14 40 9 16 7 48 39
14 41 41 33 24 65 30
14 42 54 42 74 37 68
14 43 30 62 62 58 36
14 44 59 38 62 43 61
14 45 94 68 69 48 52
14 46 74 55 47 55 39
14 47 49 50 51 57 43
15 16 69 59 70 57 43
15 17 0 33 41 25 19
15 18 5 3 7 2 40
15 19 93 85 82 77 83
15 20 77 75 76 82 64
15 21 36 45 33 56 38
15 22 96 88 67 73 92
15 23 5 31 38 27 31
15 24 39 33 20 31 47
15 25 89 80 68 53 94
15 26 0 36 39 2 11
15 27 53 61 39 54 76
15 28 84 80 58 57 51
15 29 13 28 29 45 26
15 30 67 50 65 43 82
15 31 60 77 32 57 37
15 32 67 62 48 48 67
15 33 8 23 48 45 22
15 34 10 24 24 5 24
15 35 34 45 28 47 21
15 36 47 58 57 47 55
15 37 1 32 36 38 27
15 38 82 87 86 71 73
15 39 61 59 69 35 75
15 40 32 29 30 63 35
15 41 74 80 60 79 86
15 42 42 67 22 67 58
15 43 29 62 53 25 20
15 44 37 55 23 51 63
15 45 46 71 30 55 53
15 46 22 51 21 51 46
15 47 92 85 54 75 60
16 17 87 70 69 54 71
16 18 80 51 40 49 54
16 19 44 50 53 36 49
16 20 6 36 3 14 5
16 21 89 61 45 82 67
16 22 35 62 43 19 50
16 23 36 49 33 62 35
16 24 64 34 64 35 58
16 25 97 73 69 53 58
16 26 91 57 77 58 75
16 27 81 67 68 66 46
16 28 12 29 43 25 30
16 29 82 41 73 90 62
16 30 78 43 43 63 74
16 31 50 51 47 42 48
16 32 17 18 41 38 41
16 33 4 47 14 28 11
16 34 33 56 42 61 25
16 35 37 67 23 42 62
16 36 6 14 22 32 8
16 37 98 81 55 79 95
16 38 76 60 80 54 77
16 39 79 78 58 67 87
16 40 34 50 61 52 54
16 41 17 33 43 30 34
16 42 88 66 45 44 83
16 43 68 63 82 82 76
16 44 66 60 73 62 59
16 45 48 27 32 64 74
16 46 93 84 52 54 70
16 47 61 52 79 65 60
17 18 10 9 11 28 23
17 19 9 19 9 14 35
17 20 68 43 44 80 37
17 21 41 70 35 57 45
17 22 9 23 48 49 53
17 23 26 31 40 41 58
17 24 3 45 29 5 15
17 25 11 28 37 20 18
17 26 53 60 34 70 30
17 27 96 90 63 60 61
17 28 57 58 59 56 37
17 29 86 60 60 85 56
17 30 45 30 35 48 37
17 31 38 61 34 45 46
17 32 40 33 34 54 31
17 33 12 22 7 38 40
17 34 30 56 23 50 60
17 35 24 43 13 57 32
17 36 4 51 14 50 36
17 37 80 48 81 45 79
17 38 23 34 35 44 22
17 39 7 43 34 22 17
17 40 70 73 73 78 46
17 41 66 34 76 49 77
17 42 97 77 77 69 86
17 43 10 21 40 28 46
17 44 95 63 50 83 87
17 45 14 42 21 30 15
17 46 36 40 36 49 48
17 47 33 24 20 33 21
18 19 21 12 13 30 57
18 20 72 82 66 74 68
18 21 31 43 23 35 61
18 22 13 36 25 54 52
18 23 30 23 40 40 22
18 24 1 46 31 16 3
18 25 34 28 45 50 62
18 26 27 60 45 58 33
18 27 28 23 50 60 59
18 28 4 42 38 15 45
18 29 6 8 34 9 29
18 30 94 60 62 52 82
18 31 36 39 51 23 59
18 32 37 51 63 21 56
18 33 66 79 48 63 68
18 34 12 10 49 15 42
18 35 86 85 69 89 74
18 36 10 7 47 18 49
18 37 47 57 66 30 58
18 38 84 74 85 42 42
18 39 41 48 39 59 66
18 40 93 77 91 72 58
18 41 71 80 54 51 50
18 42 33 24 18 30 41
18 43 61 34 57 72 79
18 44 51 35 37 72 58
18 45 51 70 42 36 56
18 46 36 23 61 48 67
18 47 38 25 53 68 42
19 20 1 43 46 22 25
19 21 43 63 29 57 59
19 22 38 61 28 40 68
19 23 70 70 35 47 74
19 24 18 26 13 11 40
19 25 69 67 67 83 64
19 26 51 55 63 73 47
19 27 63 47 81 44 41
19 28 8 30 9 13 20
19 29 20 35 46 49 44
19 30 72 43 49 66 73
19 31 99 91 80 90 60
19 32 65 43 47 57 82
19 33 85 90 64 90 73
19 34 43 24 42 31 53
19 35 40 23 47 31 57
19 36 9 37 6 29 8
19 37 77 84 50 86 68
19 38 95 97 61 70 61
19 39 18 21 37 34 22
19 40 74 77 86 73 56
19 41 46 31 70 32 53
19 42 1 9 16 1 45
19 43 52 51 71 35 45
19 44 31 35 32 36 16
19 45 91 67 53 51 88
19 46 44 27 62 41 29
19 47 46 44 34 25 56
20 21 1 34 20 28 8
20 22 43 26 59 70 60
20 23 81 61 54 49 90
20 24 63 55 57 65 43
20 25 34 63 27 21 31
20 26 76 67 51 51 48
20 27 89 88 76 46 88
20 28 28 19 15 22 52
20 29 58 60 39 58 43
20 30 32 51 34 24 49
20 31 42 60 36 21 49
20 32 93 74 83 89 85
20 33 64 45 81 45 53
20 34 54 60 27 40 32
20 35 67 34 61 35 51
20 36 90 88 93 46 61
20 37 80 59 64 58 85
20 38 68 34 58 69 65
20 39 27 59 20 30 37
20 40 70 59 82 67 47
20 41 9 19 9 52 50
20 42 5 44 52 32 23
20 43 28 47 53 47 47
20 44 84 62 42 86 71
20 45 52 39 30 51 47
20 46 48 67 33 49 53
20 47 44 27 43 71 63
21 22 34 56 22 67 46
21 23 17 24 18 34 41
21 24 63 63 38 70 39
21 25 22 31 15 47 41
21 26 77 72 50 55 61
21 27 1 34 12 41 34
21 28 16 11 36 31 28
21 29 50 64 44 52 39
21 30 54 59 39 76 71
21 31 60 52 39 75 58
21 32 15 35 31 10 51
21 33 82 42 56 51 90
21 34 82 86 50 83 43
21 35 71 70 47 37 60
21 36 48 29 64 44 48
21 37 62 58 48 46 73
21 38 67 52 67 83 63
21 39 92 72 56 53 82
21 40 37 35 27 31 47
21 41 59 55 62 68 30
21 42 20 38 15 24 55
21 43 27 21 17 36 46
21 44 90 56 79 72 82
21 45 74 71 51 40 61
21 46 11 48 18 45 30
21 47 28 45 33 34 48
22 23 34 43 44 47 59
22 24 42 58 26 50 51
22 25 35 32 58 27 66
22 26 64 52 38 58 72
22 27 33 31 36 29 19
22 28 20 50 39 14 20
22 29 54 72 72 68 28
22 30 17 20 39 38 46
22 31 30 36 64 61 36
22 32 80 82 46 70 48
22 33 41 58 46 23 29
22 34 16 56 41 13 16
22 35 76 62 58 78 87
22 36 48 53 54 32 46
22 37 8 52 13 12 37
22 38 36 65 64 44 30
22 39 26 40 16 48 35
22 40 46 30 67 60 67
22 41 48 50 35 66 25
22 42 96 55 94 86 49
22 43 42 70 70 40 57
22 44 37 67 30 47 26
22 45 28 45 63 63 21
22 46 5 48 37 27 20
22 47 66 38 45 56 67
23 24 19 52 32 37 52
23 25 98 77 83 61 62
23 26 83 56 67 89 64
23 27 76 81 53 84 79
23 28 54 76 42 43 68
23 29 44 46 36 39 58
23 30 85 52 73 51 73
23 31 18 21 52 13 26
23 32 11 20 10 10 42
23 33 21 34 57 28 16
23 34 12 27 15 52 28
23 35 80 67 74 78 71
23 36 57 77 49 56 32
23 37 61 71 62 42 73
23 38 85 64 75 69 47
23 39 48 25 35 66 51
23 40 67 82 50 54 49
23 41 27 38 40 41 58
23 42 55 46 66 44 33
23 43 23 45 20 29 27
23 44 38 45 60 63 52
23 45 27 30 46 46 14
23 46 52 45 56 35 72
23 47 69 61 64 56 61
24 25 40 62 45 43 63
24 26 48 40 72 32 63
24 27 91 68 84 49 72
24 28 24 35 33 61 57
24 29 39 22 56 57 38
24 30 82 77 53 55 45
24 31 35 31 51 29 34
24 32 29 45 38 15 23
24 33 28 25 51 63 56
24 34 26 14 21 24 26
24 35 73 58 38 53 82
24 36 51 75 57 68 53
24 37 89 93 68 56 46
24 38 61 54 66 51 40
24 39 96 88 81 54 50
24 40 39 26 48 32 30
24 41 75 44 84 43 41
24 42 45 56 49 30 35
24 43 30 40 40 16 31
24 44 49 48 30 69 53
24 45 22 37 19 25 30
24 46 58 52 72 52 72
24 47 32 47 30 59 16
25 26 2 37 13 31 35
25 27 37 46 58 61 49
25 28 39 49 42 36 57
25 29 58 79 40 55 74
25 30 71 70 68 56 36
25 31 64 40 57 56 70
25 32 13 23 33 16 21
25 33 89 71 79 71 61
25 34 43 40 53 45 24
25 35 50 50 42 58 64
25 36 18 28 22 17 25
25 37 68 38 43 66 41
25 38 15 11 17 34 42
25 39 58 62 58 44 45
25 40 31 28 43 29 48
25 41 90 61 83 82 72
25 42 53 69 58 46 74
25 43 10 13 33 7 25
25 44 58 61 58 48 60
25 45 70 81 79 73 79
25 46 25 42 37 59 34
25 47 92 48 47 80 79
26 27 6 30 47 31 25
26 28 63 76 65 72 39
26 29 61 59 63 72 44
26 30 83 59 45 60 62
26 31 55 34 30 41 47
26 32 16 14 19 33 22
26 33 51 71 30 57 38
26 34 63 41 75 70 76
26 35 39 41 44 53 59
26 36 44 69 58 65 31
26 37 33 56 34 30 30
26 38 33 19 40 35 22
26 39 30 56 29 59 40
26 40 59 44 63 74 63
26 41 53 40 75 29 47
26 42 60 34 39 56 60
26 43 63 43 34 55 33
26 44 11 28 19 53 46
26 45 2 44 48 51 43
26 46 79 59 88 50 54
26 47 11 43 49 33 51
27 28 81 72 61 61 77
27 29 24 55 33 33 12
27 30 65 43 37 44 33
27 31 92 66 51 71 83
27 32 56 32 36 34 61
27 33 77 51 53 55 64
27 34 54 29 75 34 35
27 35 2 49 33 35 25
27 36 56 37 73 62 73
27 37 59 62 43 41 49
27 38 41 23 29 46 24
27 39 38 40 41 42 68
27 40 47 61 23 63 27
27 41 88 49 54 69 67
27 42 62 49 54 40 79
27 43 82 90 65 74 74
27 44 75 37 82 52 44
27 45 80 54 79 68 60
27 46 97 56 60 95 81
27 47 24 52 27 51 46
28 29 73 54 56 39 81
28 30 99 96 69 96 76
28 31 13 21 25 30 19
28 32 59 42 50 61 53
28 33 48 45 62 53 64
28 34 72 79 43 67 36
28 35 31 19 21 47 51
28 36 15 30 45 42 35
28 37 75 82 79 61 64
28 38 78 59 63 49 60
28 39 86 90 61 58 58
28 40 97 69 57 52 92
28 41 22 30 15 48 11
28 42 85 87 68 90 72
28 43 80 82 82 56 61
28 44 44 43 26 36 47
28 45 36 28 31 39 23
28 46 4 23 22 49 41
28 47 42 38 41 27 65
29 30 93 94 67 85 96
29 31 30 28 58 34 39
29 32 10 40 36 53 39
29 33 88 49 55 83 49
29 34 6 35 36 40 45
29 35 33 26 61 62 24
29 36 98 87 80 77 90
29 37 70 63 73 79 48
29 38 73 39 51 62 70
29 39 46 29 63 31 38
29 40 79 57 45 78 57
29 41 71 38 79 58 70
29 42 65 53 40 38 48
29 43 89 62 62 84 73
29 44 36 33 42 29 47
29 45 51 41 27 52 44
29 46 83 64 52 79 43
29 47 87 86 47 79 67
30 31 83 73 51 57 54
30 32 97 62 83 64 55
30 33 98 58 98 89 50
30 34 61 67 49 78 59
30 35 47 63 64 38 62
30 36 55 49 57 29 58
30 37 1 20 17 36 47
30 38 96 76 63 55 63
30 39 87 62 59 54 85
30 40 81 85 80 71 43
30 41 85 44 43 46 61
30 42 59 70 70 60 34
30 43 68 70 70 62 73
30 44 69 62 45 47 57
30 45 35 39 25 49 30
30 46 70 45 45 36 44
30 47 93 74 52 88 80
31 32 77 48 68 87 73
31 33 82 64 46 44 53
31 34 8 18 33 48 22
31 35 58 69 51 41 71
31 36 22 23 54 53 26
31 37 62 73 55 41 54
31 38 8 10 32 54 24
31 39 48 45 29 67 29
31 40 33 20 23 52 62
31 41 31 26 54 38 34
31 42 18 26 43 21 51
31 43 57 51 38 48 30
31 44 1 5 23 14 44
31 45 57 37 73 57 31
31 46 2 14 20 6 16
31 47 1 43 5 44 40
32 33 0 26 7 36 15
32 34 98 60 56 83 62
32 35 12 29 37 25 48
32 36 71 70 37 51 55
32 37 99 93 70 98 78
32 38 15 18 19 49 31
32 39 56 59 77 69 49
32 40 15 11 48 29 37
32 41 56 58 50 60 48
32 42 9 24 54 39 19
32 43 56 70 52 39 76
32 44 58 30 52 54 53
32 45 65 39 62 55 54
32 46 54 43 45 35 59
32 47 0 8 27 47 31
33 34 81 66 52 80 58
33 35 72 45 36 66 75
33 36 43 33 63 37 43
33 37 55 52 44 31 62
33 38 95 53 84 51 77
33 39 18 38 10 26 45
33 40 34 44 56 54 19
33 41 37 41 47 30 50
33 42 72 46 73 63 60
33 43 91 53 49 59 63
33 44 5 10 22 26 25
33 45 89 82 63 89 62
33 46 88 81 73 53 46
33 47 35 49 40 33 33
34 35 27 29 40 60 42
34 36 68 51 36 70 78
34 37 50 41 70 33 37
34 38 81 51 68 79 46
34 39 41 45 44 66 68
34 40 41 27 70 32 21
34 41 91 82 93 70 60
34 42 73 39 61 48 68
34 43 56 60 32 47 71
34 44 41 42 56 24 42
34 45 14 27 17 21 11
34 46 66 67 52 52 73
34 47 0 10 33 47 11
35 36 11 40 12 40 52
35 37 19 59 44 44 14
35 38 17 47 47 43 13
35 39 50 37 58 38 29
35 40 75 59 66 48 67
35 41 20 22 16 49 19
35 42 3 2 16 35 14
35 43 49 50 31 61 53
35 44 31 48 37 41 25
35 45 10 27 11 48 41
35 46 87 45 79 78 53
35 47 38 67 58 65 19
36 37 70 63 54 70 74
36 38 46 52 34 68 62
36 39 72 69 43 68 65
36 40 15 25 13 26 48
36 41 10 15 6 52 52
36 42 1 5 36 2 5
36 43 54 53 46 51 74
36 44 40 69 27 61 34
36 45 96 65 65 88 83
36 46 74 57 71 46 51
36 47 73 81 74 76 63
37 38 3 14 22 45 29
37 39 73 61 71 69 66
37 40 54 59 60 71 75
37 41 12 42 44 13 52
37 42 49 71 37 64 26
37 43 44 25 34 23 65
37 44 33 58 33 23 24
37 45 40 27 26 48 67
37 46 67 71 68 47 35
37 47 86 78 60 61 92
38 39 43 33 29 25 33
38 40 25 59 18 54 43
38 41 11 24 46 19 17
38 42 9 26 5 14 31
38 43 38 44 48 63 66
38 44 60 61 52 52 71
38 45 33 64 23 16 50
38 46 38 55 24 55 30
38 47 57 32 55 70 29
39 40 69 55 68 53 72
39 41 66 65 73 69 70
39 42 82 70 68 60 47
39 43 9 46 5 23 28
39 44 2 19 20 47 29
39 45 55 57 40 59 72
39 46 91 79 66 79 57
39 47 2 5 13 34 40
40 41 82 87 77 69 67
40 42 82 88 83 90 70
40 43 56 64 35 76 42
40 44 31 28 17 58 61
40 45 24 28 57 41 17
40 46 17 37 57 14 20
40 47 70 67 52 75 52
41 42 2 22 21 31 2
41 43 35 33 63 35 61
41 44 11 10 47 7 26
41 45 31 50 52 21 54
41 46 89 69 92 75 56
41 47 1 8 37 10 33
42 43 43 49 37 71 47
42 44 32 32 25 63 61
42 45 59 32 36 75 37
42 46 48 69 62 73 43
42 47 51 56 40 72 35
43 44 79 67 84 76 50
43 45 71 62 54 66 43
43 46 9 9 16 15 21
43 47 55 68 34 59 36
44 45 11 17 44 12 43
44 46 89 83 76 60 68
44 47 29 37 57 33 20
45 46 9 32 22 36 41
45 47 54 42 37 37 72
46 47 16 22 54 41 40
