12 5
0.2 0 0 0 0.8
0 1 40 51 63 54 72
0 2 22 81 50 47 76
0 3 96 47 18 17 18
0 4 91 14 40 21 39
0 5 81 45 21 28 36
0 6 68 19 47 39 65
0 7 63 43 29 56 56
0 8 57 26 26 36 30
0 9 96 33 21 4 48
0 10 54 44 44 34 55
0 11 62 44 48 19 63
1 2 5 70 85 96 52
1 3 55 53 48 32 25
1 4 34 81 76 74 75
1 5 66 20 19 29 66
1 6 8 85 68 73 67
1 7 85 49 43 47 46
1 8 16 79 55 48 59
1 9 17 87 77 48 53
1 10 79 33 43 19 50
1 11 45 34 31 38 29
2 3 91 49 13 27 44
2 4 48 26 58 52 70
2 5 23 84 70 76 54
2 6 3 75 52 92 77
2 7 93 4 14 14 46
2 8 99 49 3 41 28
2 9 15 78 75 52 63
2 10 13 63 43 61 47
2 11 69 30 41 50 16
3 4 21 81 48 83 70
3 5 10 55 47 80 83
3 6 66 38 45 63 47
3 7 94 30 22 42 23
3 8 51 40 59 40 48
3 9 92 33 9 13 8
3 10 76 47 34 34 20
3 11 64 37 44 47 19
4 5 30 44 56 72 46
4 6 19 45 89 54 64
4 7 87 6 13 12 46
4 8 25 73 63 41 43
4 9 56 37 48 68 33
4 10 77 23 25 55 29
4 11 31 38 35 68 44
5 6 98 49 38 27 2
5 7 65 42 48 59 18
5 8 26 39 65 52 48
5 9 90 13 39 41 33
5 10 29 79 38 54 71
5 11 76 24 36 52 47
6 7 21 76 84 74 70
6 8 3 63 71 49 85
6 9 19 78 71 69 57
6 10 44 31 31 43 37
6 11 23 40 63 41 82
7 8 49 49 59 63 69
7 9 81 15 19 9 28
7 10 78 16 37 43 55
7 11 98 50 49 6 39
8 9 30 73 66 81 51
8 10 25 42 66 68 80
8 11 3 66 53 53 56
9 10 97 41 10 27 33
9 11 78 53 57 13 29
10 11 54 28 63 34 58
