20 5
0.8 0 0 0 0.2
0 1 14 17 89 45 33
0 2 8 71 93 58 27
0 3 56 48 25 26 76
0 4 56 44 21 68 9
0 5 6 88 38 19 22
0 6 80 44 18 21 45
0 7 8 29 62 22 95
0 8 7 56 50 26 97
0 9 81 41 18 14 73
0 10 16 86 90 93 73
0 11 18 54 79 48 41
0 12 66 38 36 19 20
0 13 80 10 8 31 62
0 14 61 44 40 44 55
0 15 23 88 61 23 33
0 16 83 64 31 29 47
0 17 94 33 72 21 56
0 18 8 30 53 54 43
0 19 38 45 38 34 91
1 2 67 13 51 85 16
1 3 16 34 60 66 78
1 4 43 41 85 11 55
1 5 65 84 10 65 36
1 6 44 20 84 81 86
1 7 19 46 58 16 78
1 8 73 31 25 13 64
1 9 91 49 43 3 69
1 10 72 41 54 79 15
1 11 57 73 21 28 10
1 12 8 54 67 27 28
1 13 64 47 50 64 37
1 14 14 65 61 77 23
1 15 97 25 74 39 77
1 16 73 58 78 64 75
1 17 50 32 80 10 52
1 18 13 70 51 43 93
1 19 1 46 26 48 45
2 3 93 62 53 36 5
2 4 7 80 51 40 92
2 5 52 12 29 80 15
2 6 28 47 80 48 44
2 7 29 66 33 84 33
2 8 46 76 25 40 75
2 9 27 51 59 42 38
2 10 25 25 63 87 82
2 11 15 70 81 43 53
2 12 45 44 32 44 46
2 13 92 76 46 38 2
2 14 24 69 79 44 49
2 15 72 48 42 84 17
2 16 96 52 50 78 53
2 17 71 7 10 43 46
2 18 57 60 15 17 8
2 19 2 53 81 61 31
3 4 22 66 43 75 87
3 5 92 66 17 51 62
3 6 17 62 52 43 44
3 7 78 7 39 74 12
3 8 66 15 50 42 29
3 9 81 73 24 23 5
3 10 25 23 24 35 22
3 11 98 20 13 63 9
3 12 41 18 53 75 77
3 13 42 39 57 44 50
3 14 85 31 35 36 5
3 15 81 46 5 60 29
3 16 55 78 15 68 16
3 17 76 23 53 47 79
3 18 33 86 87 66 67
3 19 64 53 63 17 31
4 5 38 76 17 80 44
4 6 41 47 48 46 91
4 7 52 66 62 51 21
4 8 60 60 30 72 59
4 9 58 86 78 83 17
4 10 2 64 30 41 65
4 11 74 26 35 14 6
4 12 19 32 38 74 83
4 13 15 27 50 59 31
4 14 88 51 57 22 37
4 15 1 74 92 37 86
4 16 47 86 13 86 42
4 17 81 58 11 16 27
4 18 54 39 35 49 75
4 19 23 94 68 87 81
5 6 83 23 35 59 51
5 7 40 49 17 53 23
5 8 88 42 11 62 49
5 9 23 28 67 70 64
5 10 79 79 49 46 41
5 11 42 74 17 57 16
5 12 1 38 54 24 47
5 13 91 66 34 40 22
5 14 22 38 82 20 46
5 15 98 65 1 56 66
5 16 40 78 90 65 60
5 17 70 29 60 70 32
5 18 99 34 20 73 43
5 19 34 42 46 27 64
6 7 69 29 83 33 83
6 8 98 16 11 58 64
6 9 54 9 53 13 12
6 10 21 23 37 92 17
6 11 47 53 23 10 30
6 12 10 75 18 85 71
6 13 44 68 22 44 24
6 14 18 54 31 47 39
6 15 99 56 45 77 7
6 16 14 74 57 93 83
6 17 12 92 28 24 31
6 18 55 21 46 33 83
6 19 20 26 29 74 43
7 8 39 79 59 14 88
7 9 97 71 54 53 76
7 10 4 40 95 32 34
7 11 95 70 8 78 79
7 12 16 94 25 22 52
7 13 69 28 76 47 43
7 14 0 60 72 74 51
7 15 15 53 84 60 82
7 16 83 41 56 59 64
7 17 54 40 10 73 83
7 18 3 77 62 46 32
7 19 20 73 61 91 71
8 9 66 34 47 63 55
8 10 99 8 51 52 7
8 11 27 52 51 69 35
8 12 42 73 31 55 50
8 13 37 26 57 37 59
8 14 12 29 79 18 82
8 15 32 75 64 66 18
8 16 33 30 30 53 20
8 17 89 10 15 72 66
8 18 32 57 16 32 61
8 19 89 53 27 28 44
9 10 3 51 83 84 42
9 11 68 45 76 30 68
9 12 32 43 59 86 27
9 13 30 39 42 31 26
9 14 31 39 36 84 31
9 15 38 63 70 59 25
9 16 46 27 46 69 46
9 17 54 40 61 24 32
9 18 40 57 59 41 80
9 19 79 71 12 45 66
10 11 86 41 6 35 28
10 12 15 73 51 84 40
10 13 95 62 33 27 14
10 14 81 21 66 27 11
10 15 43 13 86 43 85
10 16 41 13 48 36 72
10 17 24 48 20 37 38
10 18 35 15 49 57 31
10 19 81 5 24 68 37
11 12 95 5 3 15 73
11 13 47 47 24 83 17
11 14 48 21 79 11 38
11 15 4 34 97 56 68
11 16 1 56 80 22 60
11 17 65 13 75 55 27
11 18 0 24 30 95 93
11 19 20 45 56 34 90
12 13 89 53 59 71 32
12 14 48 10 56 83 33
12 15 72 59 23 12 30
12 16 16 66 73 69 38
12 17 83 58 21 46 70
12 18 75 40 48 23 44
12 19 88 2 16 21 5
13 14 53 39 82 33 14
13 15 91 26 12 69 7
13 16 16 36 69 49 82
13 17 68 33 20 80 51
13 18 15 58 18 40 86
13 19 16 83 73 77 39
14 15 49 51 31 67 17
14 16 73 63 42 80 64
14 17 90 42 15 54 13
14 18 40 39 25 86 30
14 19 2 35 98 47 36
15 16 81 69 18 56 75
15 17 59 66 8 72 36
15 18 70 42 17 11 33
15 19 36 46 26 76 32
16 17 73 14 11 6 58
16 18 60 41 66 8 71
16 19 31 58 16 84 27
17 18 63 23 39 11 19
17 19 24 21 67 24 57
18 19 61 78 26 60 58
