25 5
0.3 0 0 0 0.7
0 1 51 48 57 44 45
0 2 84 38 48 10 50
0 3 45 54 55 40 31
0 4 98 5 15 32 48
0 5 63 41 37 42 46
0 6 24 74 59 61 86
0 7 12 48 69 50 64
0 8 33 49 62 65 82
0 9 76 17 42 46 21
0 10 19 69 55 41 71
0 11 70 52 49 44 44
0 12 93 23 10 43 17
0 13 7 55 75 92 64
0 14 5 86 96 51 70
0 15 85 49 32 37 23
0 16 40 31 69 42 53
0 17 35 66 62 62 42
0 18 86 20 27 48 45
0 19 29 48 38 73 45
0 20 42 75 66 33 49
0 21 43 70 58 41 49
0 22 2 64 76 72 91
0 23 1 84 56 61 71
0 24 49 44 60 59 68
1 2 33 80 34 79 78
1 3 67 28 26 60 29
1 4 34 41 52 41 58
1 5 18 77 51 85 75
1 6 50 26 35 70 47
1 7 61 36 45 62 48
1 8 38 54 47 78 78
1 9 32 82 44 74 69
1 10 10 60 61 57 74
1 11 46 68 37 33 47
1 12 5 61 66 49 74
1 13 76 61 52 22 61
1 14 66 52 22 54 45
1 15 36 52 62 80 63
1 16 47 55 72 64 42
1 17 20 60 71 80 70
1 18 23 79 63 49 62
1 19 60 49 19 43 41
1 20 75 33 44 30 36
1 21 72 35 47 23 58
1 22 42 62 30 37 74
1 23 93 18 43 22 8
1 24 98 17 43 29 46
2 3 91 44 46 30 51
2 4 87 13 12 34 35
2 5 61 67 44 26 59
2 6 18 59 64 50 59
2 7 58 55 62 41 69
2 8 77 54 33 14 56
2 9 76 16 47 52 35
2 10 16 86 83 86 73
2 11 98 9 29 42 33
2 12 42 32 35 52 39
2 13 99 25 2 46 5
2 14 44 75 51 62 42
2 15 58 57 46 27 41
2 16 82 26 40 23 55
2 17 49 46 65 54 58
2 18 44 59 60 44 28
2 19 75 31 56 31 17
2 20 20 68 64 71 41
2 21 50 56 26 47 58
2 22 0 60 54 79 67
2 23 67 52 45 56 41
2 24 91 36 28 26 12
3 4 11 58 92 68 77
3 5 53 45 66 41 42
3 6 22 51 82 50 64
3 7 28 81 40 50 41
3 8 92 44 49 19 17
3 9 41 70 57 57 48
3 10 10 89 73 45 76
3 11 77 23 48 40 51
3 12 85 38 19 8 38
3 13 43 38 62 64 68
3 14 93 46 33 46 47
3 15 53 60 67 37 50
3 16 57 40 57 35 67
3 17 90 37 17 36 29
3 18 56 65 22 25 36
3 19 42 42 50 72 76
3 20 22 63 70 53 65
3 21 15 47 83 44 62
3 22 54 56 41 57 48
3 23 87 6 49 11 47
3 24 38 43 64 62 50
4 5 48 56 26 49 57
4 6 92 27 33 5 36
4 7 30 57 55 71 76
4 8 4 68 82 85 60
4 9 51 38 49 70 72
4 10 38 32 60 75 77
4 11 10 82 52 92 50
4 12 47 30 27 40 27
4 13 15 44 91 67 67
4 14 74 33 51 34 50
4 15 54 35 29 43 68
4 16 8 85 77 46 66
4 17 77 56 40 60 15
4 18 80 38 22 54 37
4 19 68 61 39 37 34
4 20 32 75 38 51 64
4 21 54 22 57 61 57
4 22 93 22 32 50 33
4 23 87 23 26 50 26
4 24 84 13 45 31 13
5 6 97 38 34 11 31
5 7 77 13 31 28 11
5 8 68 24 16 57 38
5 9 5 95 71 80 55
5 10 35 58 37 69 71
5 11 26 39 42 39 85
5 12 46 75 61 63 50
5 13 80 23 58 48 39
5 14 92 53 34 38 6
5 15 37 42 35 63 49
5 16 28 47 76 79 61
5 17 19 52 80 75 48
5 18 48 46 29 73 42
5 19 79 17 16 49 30
5 20 65 49 67 37 56
5 21 64 26 35 54 19
5 22 99 27 15 25 32
5 23 55 55 30 47 50
5 24 99 38 29 19 9
6 7 32 51 33 49 52
6 8 94 10 50 42 18
6 9 71 57 22 28 50
6 10 75 13 56 20 14
6 11 55 41 56 59 59
6 12 21 66 85 55 74
6 13 61 28 66 44 24
6 14 94 7 14 30 13
6 15 70 36 41 47 44
6 16 3 95 57 71 49
6 17 7 65 86 54 53
6 18 87 30 23 16 53
6 19 87 44 10 54 35
6 20 0 95 65 70 71
6 21 35 41 38 59 71
6 22 91 31 12 20 46
6 23 87 7 48 53 46
6 24 40 33 51 49 68
7 8 46 32 47 48 57
7 9 97 49 31 12 33
7 10 81 57 21 27 12
7 11 7 70 53 62 83
7 12 92 40 7 30 52
7 13 70 44 62 63 20
7 14 64 64 60 56 21
7 15 87 16 15 10 22
7 16 61 65 58 63 24
7 17 4 69 69 89 61
7 18 79 16 33 29 34
7 19 71 19 17 61 34
7 20 82 15 40 14 41
7 21 50 26 35 66 45
7 22 10 84 66 46 88
7 23 57 41 23 58 63
7 24 66 61 21 19 38
8 9 0 65 88 94 98
8 10 66 38 37 26 46
8 11 5 53 73 85 50
8 12 9 55 93 55 85
8 13 39 61 69 67 53
8 14 73 38 21 22 50
8 15 68 53 41 44 31
8 16 20 52 70 66 88
8 17 93 5 48 28 23
8 18 44 67 51 40 39
8 19 92 8 5 49 51
8 20 20 52 83 63 74
8 21 57 44 51 37 57
8 22 85 31 46 36 14
8 23 84 44 55 39 8
8 24 80 16 17 41 52
9 10 68 18 55 45 41
9 11 96 3 27 22 38
9 12 39 68 34 57 62
9 13 57 63 22 42 45
9 14 63 44 36 28 50
9 15 19 66 52 60 42
9 16 80 12 21 16 38
9 17 19 58 50 72 44
9 18 55 67 46 69 57
9 19 96 33 44 6 44
9 20 98 12 7 35 27
9 21 95 34 48 41 22
9 22 47 27 64 54 36
9 23 34 47 53 72 40
9 24 7 54 54 60 50
10 11 58 33 33 64 30
10 12 61 44 23 59 34
10 13 57 28 31 22 48
10 14 93 15 46 35 27
10 15 35 67 79 82 39
10 16 21 47 71 55 83
10 17 77 23 25 26 26
10 18 91 51 8 37 30
10 19 21 67 39 49 67
10 20 76 20 17 37 52
10 21 67 61 63 17 44
10 22 8 93 80 76 88
10 23 6 79 88 50 69
10 24 2 56 96 85 59
11 12 74 48 13 57 61
11 13 47 58 41 63 72
11 14 79 36 23 48 40
11 15 21 59 56 58 62
11 16 79 38 24 34 56
11 17 21 75 86 67 73
11 18 45 40 39 74 43
11 19 95 40 35 22 3
11 20 65 28 50 17 56
11 21 88 38 30 12 26
11 22 76 24 23 20 45
11 23 13 57 58 83 90
11 24 26 53 41 65 39
12 13 77 21 49 26 18
12 14 41 47 65 59 45
12 15 75 43 46 61 12
12 16 88 31 34 21 22
12 17 55 71 25 60 64
12 18 50 44 35 53 67
12 19 31 36 62 51 68
12 20 9 81 92 60 50
12 21 68 30 44 26 19
12 22 90 32 41 16 42
12 23 77 47 32 21 51
12 24 53 29 31 67 61
13 14 2 87 87 98 69
13 15 36 33 67 64 60
13 16 5 53 53 82 62
13 17 81 45 12 57 17
13 18 63 63 45 24 20
13 19 76 49 28 53 24
13 20 39 69 48 61 48
13 21 32 58 54 78 79
13 22 26 81 48 43 71
13 23 46 41 39 38 54
13 24 94 45 49 33 37
14 15 96 36 4 41 43
14 16 65 39 35 53 60
14 17 30 59 77 62 48
14 18 32 65 55 55 37
14 19 25 85 65 62 37
14 20 22 58 39 39 81
14 21 55 62 27 54 68
14 22 19 46 42 88 75
14 23 66 26 41 20 48
14 24 86 47 18 35 53
15 16 90 20 54 17 7
15 17 76 19 51 56 49
15 18 5 84 72 49 97
15 19 98 38 41 30 18
15 20 18 57 49 85 43
15 21 28 57 44 69 53
15 22 80 13 56 26 38
15 23 62 56 45 49 43
15 24 50 28 44 62 52
16 17 80 36 38 58 15
16 18 46 63 73 54 61
16 19 49 36 63 59 33
16 20 80 51 28 11 37
16 21 87 32 13 34 35
16 22 46 27 75 61 37
16 23 85 44 48 28 28
16 24 13 55 77 75 80
17 18 60 65 29 63 51
17 19 77 16 17 56 43
17 20 74 16 50 48 19
17 21 18 84 48 79 78
17 22 85 32 32 9 48
17 23 52 70 71 65 29
17 24 99 38 35 36 17
18 19 34 39 70 79 82
18 20 75 44 38 30 46
18 21 53 42 62 26 71
18 22 47 50 50 64 56
18 23 49 71 63 69 61
18 24 27 70 79 39 72
19 20 36 39 66 64 45
19 21 99 33 28 26 40
19 22 45 66 69 45 40
19 23 16 79 81 58 85
19 24 71 16 43 51 21
20 21 62 35 21 64 33
20 22 56 27 40 60 62
20 23 92 41 6 14 50
20 24 11 74 64 72 55
21 22 87 21 9 33 48
21 23 9 84 61 64 54
21 24 88 48 48 7 43
22 23 61 20 57 30 46
22 24 99 0 50 18 43
23 24 99 43 4 33 0
