27 5
0.2 0 0 0 0.8
0 1 94 70 18 67 5
0 2 69 82 31 75 14
0 3 73 10 83 28 38
0 4 27 77 64 16 32
0 5 71 62 70 25 75
0 6 17 43 68 90 25
0 7 41 48 26 58 26
0 8 16 20 35 51 37
0 9 50 37 16 72 43
0 10 37 56 51 43 49
0 11 59 10 9 53 36
0 12 98 23 53 10 4
0 13 61 20 67 13 60
0 14 30 15 36 66 82
0 15 7 43 26 27 37
0 16 83 39 68 27 14
0 17 69 32 24 6 71
0 18 72 33 32 12 81
0 19 2 52 47 34 91
0 20 84 35 48 79 4
0 21 9 21 92 56 38
0 22 15 49 51 47 19
0 23 41 13 45 35 72
0 24 83 16 15 14 69
0 25 89 3 17 65 34
0 26 21 90 42 51 42
1 2 51 48 17 21 62
1 3 50 19 58 44 83
1 4 19 35 40 67 24
1 5 45 37 58 17 47
1 6 46 22 68 72 40
1 7 74 80 8 48 26
1 8 54 48 47 22 84
1 9 96 44 45 9 22
1 10 80 41 52 81 15
1 11 0 60 42 40 33
1 12 18 76 40 62 44
1 13 16 65 55 83 91
1 14 45 77 48 43 89
1 15 78 15 36 6 65
1 16 10 18 81 33 67
1 17 27 40 67 22 71
1 18 34 14 35 52 60
1 19 13 39 94 31 39
1 20 84 68 51 59 76
1 21 80 31 23 51 59
1 22 17 45 94 24 56
1 23 66 59 42 76 64
1 24 23 87 39 40 73
1 25 32 63 52 14 54
1 26 7 83 92 74 19
2 3 65 53 9 82 53
2 4 85 10 70 65 69
2 5 63 45 29 36 43
2 6 15 59 80 45 83
2 7 5 32 42 57 30
2 8 67 42 83 30 9
2 9 64 64 46 78 9
2 10 53 74 30 84 73
2 11 90 28 25 13 19
2 12 17 50 24 34 95
2 13 90 46 77 61 42
2 14 67 17 81 71 81
2 15 27 79 39 15 77
2 16 95 46 77 43 55
2 17 60 29 11 62 35
2 18 81 75 38 55 57
2 19 8 91 22 90 88
2 20 28 33 34 49 80
2 21 55 84 36 22 15
2 22 64 79 62 80 21
2 23 65 28 41 83 81
2 24 65 46 65 38 80
2 25 92 74 66 64 21
2 26 31 31 49 37 75
3 4 78 31 46 70 16
3 5 17 55 36 89 81
3 6 95 31 34 40 72
3 7 40 63 64 62 21
3 8 50 55 81 59 41
3 9 22 75 79 51 35
3 10 78 68 25 9 26
3 11 57 65 41 67 15
3 12 18 30 89 20 21
3 13 24 18 78 69 72
3 14 50 83 74 34 76
3 15 41 53 75 16 31
3 16 14 64 62 94 78
3 17 91 13 72 49 55
3 18 69 57 66 28 34
3 19 9 70 26 27 43
3 20 75 35 71 5 34
3 21 73 84 81 31 69
3 22 4 44 90 84 27
3 23 84 19 79 60 4
3 24 94 1 3 48 38
3 25 27 67 70 45 87
3 26 22 63 45 79 44
4 5 92 60 75 6 16
4 6 5 33 79 77 42
4 7 50 55 84 28 18
4 8 89 51 26 16 80
4 9 33 53 62 30 22
4 10 56 55 61 44 22
4 11 65 25 49 20 30
4 12 78 16 35 14 48
4 13 98 58 27 77 63
4 14 72 54 43 82 26
4 15 93 12 3 39 7
4 16 91 40 58 60 37
4 17 73 29 77 22 10
4 18 96 55 42 33 59
4 19 80 37 58 71 43
4 20 46 57 27 89 48
4 21 76 35 27 84 28
4 22 52 81 14 42 25
4 23 76 84 18 7 61
4 24 17 43 95 37 48
4 25 82 40 48 42 42
4 26 28 32 51 89 70
5 6 71 20 83 28 78
5 7 21 72 37 75 50
5 8 65 37 46 55 23
5 9 95 24 60 80 45
5 10 83 53 53 40 29
5 11 8 59 24 76 88
5 12 98 66 68 0 3
5 13 16 35 20 35 91
5 14 43 73 79 19 27
5 15 53 44 35 12 71
5 16 34 28 55 85 76
5 17 39 57 64 84 33
5 18 54 34 65 58 52
5 19 10 18 19 46 96
5 20 96 28 57 67 21
5 21 42 73 50 62 84
5 22 0 80 80 57 56
5 23 96 52 57 31 12
5 24 40 67 54 34 16
5 25 86 41 51 33 80
5 26 35 57 66 23 91
6 7 4 96 94 64 34
6 8 0 37 57 96 59
6 9 34 41 39 36 13
6 10 96 50 62 75 65
6 11 42 35 33 75 77
6 12 37 69 76 79 82
6 13 33 73 43 29 76
6 14 32 18 72 67 84
6 15 94 45 22 40 3
6 16 42 18 16 24 37
6 17 70 67 50 52 48
6 18 49 72 63 34 44
6 19 73 5 29 24 29
6 20 61 23 85 68 27
6 21 10 35 93 28 46
6 22 38 61 64 73 75
6 23 5 64 62 61 71
6 24 46 28 22 71 17
6 25 47 49 89 50 15
6 26 20 22 52 18 73
7 8 30 74 57 60 85
7 9 11 31 60 18 49
7 10 54 77 51 59 16
7 11 58 63 45 68 44
7 12 61 42 87 50 79
7 13 30 78 72 44 73
7 14 97 26 12 33 32
7 15 17 92 22 72 87
7 16 12 28 33 36 53
7 17 97 1 27 73 8
7 18 92 61 22 41 18
7 19 78 11 54 33 15
7 20 90 8 68 3 20
7 21 5 32 93 45 76
7 22 6 51 90 76 35
7 23 55 19 69 53 45
7 24 32 44 32 73 52
7 25 46 49 81 47 18
7 26 38 58 68 24 62
8 9 10 27 52 42 88
8 10 55 54 86 23 73
8 11 65 45 59 71 35
8 12 37 91 54 36 15
8 13 64 83 39 25 33
8 14 40 59 54 54 69
8 15 93 12 61 49 12
8 16 98 78 32 8 9
8 17 18 78 78 85 57
8 18 85 20 66 42 52
8 19 67 31 6 60 51
8 20 92 70 6 51 59
8 21 22 56 16 88 65
8 22 54 46 10 55 51
8 23 8 19 33 21 37
8 24 80 80 75 33 44
8 25 93 29 24 31 62
8 26 31 18 36 67 60
9 10 99 20 24 22 73
9 11 48 15 83 18 56
9 12 36 66 76 21 58
9 13 34 84 40 53 82
9 14 5 44 29 28 55
9 15 49 45 65 50 88
9 16 71 8 62 71 23
9 17 98 24 79 43 23
9 18 35 79 48 75 49
9 19 94 25 21 74 75
9 20 9 26 19 60 86
9 21 71 68 51 14 57
9 22 48 47 54 88 64
9 23 39 80 14 51 78
9 24 74 30 30 45 33
9 25 20 91 86 32 61
9 26 43 56 78 30 14
10 11 20 76 83 65 78
10 12 38 49 37 30 57
10 13 58 66 13 14 66
10 14 81 58 59 33 42
10 15 44 58 86 53 23
10 16 41 73 79 91 17
10 17 74 23 42 67 40
10 18 90 57 21 37 10
10 19 44 36 90 78 58
10 20 67 22 36 43 83
10 21 80 15 81 31 55
10 22 21 87 72 41 70
10 23 83 78 7 67 17
10 24 45 46 38 54 48
10 25 87 79 73 3 55
10 26 34 88 92 29 53
11 12 98 21 42 10 52
11 13 88 20 26 77 6
11 14 79 72 79 84 77
11 15 11 24 64 81 37
11 16 56 11 31 32 15
11 17 53 65 46 43 82
11 18 98 23 28 66 70
11 19 10 79 81 79 36
11 20 98 76 24 49 30
11 21 16 39 18 41 19
11 22 98 54 62 51 78
11 23 38 68 79 19 78
11 24 1 40 24 87 75
11 25 32 60 44 29 59
11 26 96 28 66 28 13
12 13 56 41 64 76 81
12 14 11 30 84 30 50
12 15 27 60 35 24 56
12 16 75 20 34 70 60
12 17 56 51 38 46 45
12 18 99 39 11 52 40
12 19 71 61 19 30 31
12 20 37 20 65 19 44
12 21 24 94 25 40 60
12 22 88 30 79 30 7
12 23 37 13 70 31 51
12 24 48 21 38 23 58
12 25 9 53 23 79 47
12 26 73 6 62 22 65
13 14 28 25 47 55 51
13 15 48 79 75 18 26
13 16 10 43 63 44 24
13 17 37 92 75 76 19
13 18 38 79 68 44 18
13 19 91 70 81 75 52
13 20 26 54 52 51 90
13 21 75 76 81 55 40
13 22 49 41 29 53 52
13 23 20 72 60 36 50
13 24 80 40 41 63 22
13 25 19 93 73 35 56
13 26 58 49 51 50 48
14 15 15 47 22 42 32
14 16 97 30 30 23 65
14 17 94 57 66 80 55
14 18 87 78 22 38 9
14 19 63 32 41 66 20
14 20 68 38 47 17 11
14 21 99 33 5 50 39
14 22 21 88 36 39 61
14 23 83 75 7 15 6
14 24 93 3 77 80 8
14 25 48 72 20 37 14
14 26 31 77 53 42 26
15 16 16 21 62 55 29
15 17 97 2 57 53 48
15 18 73 6 68 36 51
15 19 1 32 40 82 60
15 20 35 13 76 13 66
15 21 46 39 68 25 54
15 22 79 38 55 18 81
15 23 51 29 86 29 77
15 24 41 54 68 52 59
15 25 54 38 28 80 82
15 26 25 22 80 83 43
16 17 82 33 40 19 18
16 18 36 24 36 85 13
16 19 34 71 57 13 44
16 20 36 67 19 89 56
16 21 11 20 70 76 50
16 22 91 32 43 27 48
16 23 91 22 18 61 28
16 24 50 77 39 71 50
16 25 31 89 37 25 27
16 26 78 79 21 62 71
17 18 94 77 14 1 54
17 19 65 61 52 69 56
17 20 16 78 61 85 85
17 21 81 27 24 60 33
17 22 48 71 66 43 30
17 23 1 55 91 27 37
17 24 97 15 34 45 66
17 25 69 29 67 65 23
17 26 84 17 65 25 40
18 19 86 70 65 44 34
18 20 20 22 59 67 73
18 21 44 18 35 77 15
18 22 91 13 42 14 6
18 23 71 52 18 15 18
18 24 65 76 36 10 19
18 25 23 71 21 22 78
18 26 13 58 48 49 50
19 20 77 15 65 52 77
19 21 48 46 19 73 84
19 22 13 29 23 27 73
19 23 24 33 21 49 17
19 24 68 69 6 22 80
19 25 61 78 13 54 34
19 26 35 60 75 64 48
20 21 70 62 14 37 81
20 22 31 55 73 16 78
20 23 40 59 32 89 49
20 24 21 54 45 26 18
20 25 65 55 64 71 23
20 26 37 30 90 45 59
21 22 67 29 12 77 56
21 23 90 47 18 44 12
21 24 17 70 51 69 90
21 25 1 37 21 34 60
21 26 61 55 33 48 20
22 23 28 21 72 40 81
22 24 23 23 77 30 53
22 25 80 14 4 44 65
22 26 13 27 63 31 75
23 24 21 83 25 84 87
23 25 79 66 34 66 81
23 26 73 13 54 45 77
24 25 3 97 22 66 50
24 26 41 49 38 81 21
25 26 68 79 64 62 39
