30 5
0.3 0 0 0 0.7
0 1 31 42 72 72 38
0 2 86 49 24 54 41
0 3 27 50 75 79 82
0 4 82 19 42 13 13
0 5 81 35 13 26 55
0 6 41 32 31 60 71
0 7 77 27 37 40 53
0 8 47 48 31 43 28
0 9 86 48 27 45 37
0 10 66 59 41 24 66
0 11 3 77 80 94 50
0 12 93 36 46 40 34
0 13 80 28 49 52 23
0 14 61 41 60 62 40
0 15 89 48 25 34 37
0 16 26 79 70 80 68
0 17 22 68 80 82 76
0 18 65 19 18 55 50
0 19 10 60 74 72 63
0 20 76 21 54 42 46
0 21 6 87 92 59 57
0 22 62 52 50 51 33
0 23 21 67 77 62 72
0 24 77 18 15 55 18
0 25 43 62 40 44 33
0 26 60 56 20 41 25
0 27 75 45 29 56 61
0 28 65 32 58 60 61
0 29 24 68 78 75 86
1 2 75 47 51 14 43
1 3 0 57 76 65 60
1 4 61 50 54 28 67
1 5 61 30 26 20 68
1 6 89 15 26 9 31
1 7 71 26 37 26 40
1 8 76 48 53 30 33
1 9 61 53 47 40 27
1 10 14 86 87 49 75
1 11 37 75 48 33 42
1 12 35 77 78 35 61
1 13 38 66 74 76 62
1 14 5 63 71 68 66
1 15 98 31 44 34 34
1 16 35 76 69 80 59
1 17 41 53 44 55 72
1 18 96 22 5 15 34
1 19 93 15 26 26 26
1 20 41 39 76 40 62
1 21 22 65 79 67 42
1 22 71 44 44 26 39
1 23 13 82 43 47 43
1 24 75 52 43 32 14
1 25 13 86 66 73 62
1 26 13 86 86 86 62
1 27 82 16 20 44 58
1 28 70 35 62 30 25
1 29 35 72 62 64 81
2 3 56 23 69 33 40
2 4 24 40 40 53 47
2 5 88 18 36 32 51
2 6 30 54 43 64 65
2 7 91 53 23 30 28
2 8 70 53 57 19 25
2 9 38 46 69 45 58
2 10 69 26 63 18 20
2 11 2 79 94 88 93
2 12 96 3 34 49 44
2 13 35 43 72 57 69
2 14 59 30 34 29 31
2 15 73 55 37 50 15
2 16 65 31 63 65 65
2 17 46 40 75 37 58
2 18 25 42 79 50 40
2 19 5 60 62 81 92
2 20 71 36 41 36 49
2 21 95 8 49 2 38
2 22 83 16 27 37 51
2 23 14 79 74 69 61
2 24 52 56 73 32 28
2 25 38 43 57 68 35
2 26 87 56 28 28 51
2 27 22 82 47 44 45
2 28 69 64 24 16 34
2 29 59 44 65 35 42
3 4 94 32 9 15 3
3 5 24 76 79 39 73
3 6 13 89 86 57 53
3 7 39 55 42 71 48
3 8 97 14 2 14 28
3 9 26 67 60 47 63
3 10 33 52 63 81 64
3 11 47 63 41 56 46
3 12 65 45 40 66 43
3 13 34 69 73 73 44
3 14 41 47 29 58 55
3 15 36 65 41 73 51
3 16 69 16 23 46 18
3 17 56 35 42 37 69
3 18 4 88 82 61 77
3 19 61 31 37 24 30
3 20 4 89 93 81 57
3 21 29 71 51 80 39
3 22 39 36 42 52 40
3 23 94 42 32 23 45
3 24 57 30 65 62 53
3 25 10 87 73 86 72
3 26 0 63 55 70 55
3 27 4 94 97 63 70
3 28 31 57 36 50 83
3 29 95 8 13 41 35
4 5 15 82 58 87 66
4 6 14 62 47 74 44
4 7 11 49 51 90 46
4 8 40 53 66 63 72
4 9 39 34 45 70 58
4 10 60 31 44 53 20
4 11 67 22 31 56 55
4 12 95 27 49 39 11
4 13 79 41 22 24 31
4 14 70 32 40 28 56
4 15 51 29 44 51 44
4 16 32 71 55 62 35
4 17 29 84 55 41 49
4 18 2 72 93 85 61
4 19 80 43 42 48 56
4 20 94 4 45 6 42
4 21 21 51 40 47 48
4 22 96 39 3 47 47
4 23 53 50 58 56 53
4 24 71 30 48 59 44
4 25 62 64 27 24 66
4 26 26 40 50 57 80
4 27 65 43 20 46 27
4 28 45 36 35 65 28
4 29 50 48 72 42 39
5 6 60 37 23 55 36
5 7 63 55 52 64 48
5 8 12 70 67 71 52
5 9 7 88 62 90 52
5 10 22 52 82 62 46
5 11 58 28 69 67 53
5 12 60 63 49 68 23
5 13 82 19 15 58 22
5 14 32 69 81 41 64
5 15 95 20 23 27 12
5 16 51 57 44 26 63
5 17 60 65 43 56 45
5 18 74 55 55 43 28
5 19 60 63 57 57 52
5 20 33 59 48 39 78
5 21 86 53 15 17 22
5 22 81 42 22 10 55
5 23 9 52 83 81 92
5 24 21 55 63 41 87
5 25 54 61 55 41 70
5 26 58 60 31 41 53
5 27 65 23 57 64 19
5 28 17 45 63 49 50
5 29 9 73 48 84 73
6 7 35 55 59 46 59
6 8 30 77 78 60 68
6 9 37 65 71 59 68
6 10 69 59 26 18 47
6 11 36 80 79 60 50
6 12 41 56 68 51 59
6 13 76 16 27 36 23
6 14 20 83 53 75 57
6 15 94 16 38 20 32
6 16 90 49 32 6 8
6 17 91 28 43 33 43
6 18 54 35 36 54 71
6 19 88 26 52 52 14
6 20 34 57 78 63 33
6 21 36 55 57 67 57
6 22 92 46 53 26 42
6 23 60 58 52 37 37
6 24 68 26 38 22 41
6 25 29 82 69 59 35
6 26 69 38 63 59 48
6 27 21 85 59 63 48
6 28 7 88 92 71 84
6 29 2 93 50 71 72
7 8 13 61 72 76 45
7 9 86 12 12 36 26
7 10 34 67 34 74 44
7 11 76 19 41 34 17
7 12 83 43 53 20 54
7 13 84 13 10 22 47
7 14 3 59 69 79 92
7 15 89 40 8 32 34
7 16 19 52 64 44 87
7 17 47 67 38 66 46
7 18 19 69 59 73 62
7 19 68 60 36 49 17
7 20 37 56 69 32 31
7 21 98 27 36 34 40
7 22 57 34 55 34 29
7 23 40 77 31 45 67
7 24 85 35 36 10 51
7 25 26 58 55 52 56
7 26 81 23 54 24 11
7 27 33 61 48 82 47
7 28 27 42 71 64 78
7 29 94 11 16 13 49
8 9 52 50 64 35 49
8 10 82 40 50 33 54
8 11 44 55 33 71 56
8 12 80 33 59 53 58
8 13 36 66 37 73 67
8 14 9 73 57 70 88
8 15 72 54 34 14 36
8 16 29 47 35 44 54
8 17 43 59 49 52 73
8 18 99 15 45 15 49
8 19 49 29 73 52 60
8 20 52 28 41 48 49
8 21 30 57 64 72 34
8 22 29 42 79 62 67
8 23 55 35 71 67 61
8 24 65 60 42 61 43
8 25 96 2 3 43 26
8 26 99 34 3 43 4
8 27 3 59 80 65 81
8 28 21 53 81 70 89
8 29 49 55 42 73 42
9 10 75 33 46 33 36
9 11 42 78 41 58 43
9 12 24 64 50 73 45
9 13 89 23 47 39 54
9 14 13 45 88 64 84
9 15 85 43 8 40 9
9 16 68 64 53 57 54
9 17 26 41 68 65 60
9 18 32 43 48 69 51
9 19 84 45 15 14 16
9 20 59 35 69 69 25
9 21 18 70 81 86 70
9 22 16 88 44 41 80
9 23 13 83 68 73 74
9 24 71 28 31 21 28
9 25 49 49 63 35 25
9 26 46 34 55 37 54
9 27 87 37 10 17 14
9 28 32 53 72 78 55
9 29 88 34 23 16 23
10 11 65 36 23 42 37
10 12 37 42 75 49 53
10 13 87 40 26 34 19
10 14 29 40 53 80 70
10 15 14 75 57 46 81
10 16 44 51 68 29 39
10 17 12 83 70 59 82
10 18 4 58 57 52 71
10 19 54 61 41 44 24
10 20 48 36 72 35 61
10 21 86 29 8 56 27
10 22 59 42 27 49 41
10 23 49 74 40 49 35
10 24 39 54 78 78 34
10 25 48 45 72 69 47
10 26 64 65 37 61 36
10 27 47 67 49 54 35
10 28 4 96 80 70 75
10 29 50 33 58 63 63
11 12 38 50 65 48 79
11 13 2 95 58 59 98
11 14 80 58 37 21 59
11 15 89 27 46 47 40
11 16 56 68 61 56 45
11 17 5 85 88 48 66
11 18 59 21 20 27 23
11 19 73 34 20 37 46
11 20 46 66 67 50 53
11 21 16 82 60 58 85
11 22 56 51 40 32 47
11 23 31 53 36 65 46
11 24 68 36 25 30 43
11 25 14 45 90 66 84
11 26 39 57 49 72 65
11 27 52 69 28 54 71
11 28 4 95 69 73 68
11 29 47 39 40 57 35
12 13 75 49 39 37 48
12 14 28 35 51 62 58
12 15 33 56 58 33 43
12 16 38 67 52 68 53
12 17 14 62 52 82 89
12 18 54 38 53 65 69
12 19 82 34 31 55 48
12 20 89 7 48 25 9
12 21 68 56 52 63 58
12 22 77 25 51 54 40
12 23 15 60 47 83 82
12 24 85 8 48 24 40
12 25 80 44 13 11 54
12 26 5 52 61 59 59
12 27 37 48 40 79 79
12 28 81 30 23 21 37
12 29 68 56 64 47 48
13 14 96 15 28 46 5
13 15 5 67 51 75 66
13 16 36 60 60 59 81
13 17 0 79 96 93 50
13 18 97 27 30 26 3
13 19 79 13 17 31 22
13 20 20 60 57 74 88
13 21 27 68 69 68 46
13 22 34 77 33 60 37
13 23 49 25 58 55 36
13 24 26 64 66 74 81
13 25 93 4 27 37 29
13 26 47 51 27 58 62
13 27 52 73 38 53 46
13 28 63 31 45 52 37
13 29 45 39 63 65 74
14 15 66 20 54 38 52
14 16 0 76 64 60 67
14 17 74 15 22 25 29
14 18 44 54 44 48 67
14 19 21 68 78 46 56
14 20 94 24 3 24 4
14 21 1 75 95 64 73
14 22 43 40 67 48 68
14 23 10 76 47 83 58
14 24 85 41 24 52 47
14 25 53 68 59 49 67
14 26 11 69 50 70 91
14 27 52 47 33 39 33
14 28 16 60 48 81 85
14 29 78 29 24 21 19
15 16 56 25 65 33 42
15 17 83 47 26 51 21
15 18 98 5 37 49 10
15 19 83 52 28 40 52
15 20 89 17 5 14 7
15 21 38 80 59 39 52
15 22 78 39 19 40 59
15 23 19 50 55 77 83
15 24 12 64 57 68 57
15 25 68 48 21 64 20
15 26 73 13 50 45 58
15 27 3 67 75 97 54
15 28 27 63 40 62 81
15 29 21 40 54 64 82
16 17 44 47 43 64 59
16 18 79 25 44 19 25
16 19 67 39 31 51 39
16 20 61 41 66 57 23
16 21 71 63 49 48 28
16 22 93 41 34 38 26
16 23 8 83 52 77 49
16 24 71 63 31 26 15
16 25 55 70 31 60 28
16 26 22 75 53 85 55
16 27 80 24 48 49 43
16 28 17 83 63 65 90
16 29 55 70 68 27 64
17 18 38 62 35 52 71
17 19 13 50 74 72 78
17 20 50 36 25 39 50
17 21 66 45 53 25 66
17 22 72 50 27 36 57
17 23 37 52 70 47 69
17 24 48 71 47 34 40
17 25 83 17 12 40 42
17 26 80 41 18 17 57
17 27 24 87 69 47 49
17 28 55 46 53 33 23
17 29 48 53 46 47 49
18 19 49 62 67 40 37
18 20 83 40 49 43 56
18 21 51 49 65 63 63
18 22 97 18 22 38 16
18 23 76 57 16 50 23
18 24 25 59 60 67 39
18 25 56 57 48 56 41
18 26 12 50 78 60 56
18 27 24 45 74 39 54
18 28 19 44 76 51 64
18 29 62 47 45 29 39
19 20 28 39 56 72 46
19 21 69 34 38 18 53
19 22 79 32 26 60 39
19 23 76 55 35 18 15
19 24 83 53 58 49 52
19 25 74 60 21 47 38
19 26 45 57 57 43 51
19 27 3 94 54 55 77
19 28 39 50 41 53 72
19 29 74 33 54 37 59
20 21 99 25 8 47 42
20 22 7 91 88 81 74
20 23 46 28 35 59 72
20 24 93 25 17 7 17
20 25 75 12 26 43 61
20 26 82 13 19 11 42
20 27 3 54 96 97 57
20 28 71 37 30 42 18
20 29 41 67 33 58 59
21 22 86 8 14 7 9
21 23 14 84 61 88 82
21 24 24 53 39 78 57
21 25 27 37 53 71 69
21 26 36 78 72 79 72
21 27 18 66 54 69 55
21 28 49 68 61 34 37
21 29 28 61 42 47 64
22 23 92 15 25 14 33
22 24 10 51 82 63 60
22 25 44 44 48 77 63
22 26 52 60 53 43 61
22 27 94 17 39 5 51
22 28 81 38 51 47 38
22 29 23 39 68 66 74
23 24 50 44 49 38 49
23 25 88 31 9 31 55
23 26 5 55 92 67 59
23 27 42 45 56 55 64
23 28 61 58 55 60 54
23 29 94 15 36 13 48
24 25 90 22 35 10 54
24 26 17 64 84 69 68
24 27 72 29 14 23 39
24 28 65 57 31 21 26
24 29 71 56 20 59 52
25 26 43 30 48 74 30
25 27 52 69 33 44 30
25 28 57 32 29 23 67
25 29 69 36 55 43 60
26 27 6 75 83 51 90
26 28 14 45 87 78 79
26 29 52 27 62 61 63
27 28 15 50 42 63 70
27 29 25 57 38 83 66
28 29 67 38 60 16 27
