35 5
0.2 0 0 0 0.8
0 1 40 44 17 45 87
0 2 21 88 23 55 77
0 3 71 52 41 67 7
0 4 30 45 88 73 91
0 5 73 20 43 27 23
0 6 44 66 78 57 67
0 7 91 7 34 44 33
0 8 16 22 85 85 85
0 9 45 78 59 66 36
0 10 68 19 35 83 74
0 11 25 47 39 42 18
0 12 99 30 66 56 31
0 13 6 41 87 55 56
0 14 61 39 7 68 80
0 15 70 34 75 12 52
0 16 85 75 5 22 19
0 17 29 69 52 76 49
0 18 99 62 16 36 43
0 19 59 70 12 70 33
0 20 41 80 20 36 43
0 21 51 26 77 58 52
0 22 54 38 57 56 57
0 23 61 40 10 19 30
0 24 86 20 75 16 80
0 25 10 39 67 40 67
0 26 74 37 70 50 70
0 27 78 67 52 14 73
0 28 99 47 38 24 35
0 29 43 89 66 15 25
0 30 60 59 58 80 14
0 31 71 41 37 71 43
0 32 52 60 88 73 38
0 33 59 73 54 68 62
0 34 14 89 94 53 66
1 2 11 42 79 39 94
1 3 34 29 68 43 64
1 4 34 25 41 32 18
1 5 52 39 31 43 16
1 6 8 58 41 81 64
1 7 71 76 19 73 53
1 8 63 29 32 77 37
1 9 3 23 44 24 74
1 10 64 29 20 24 62
1 11 48 21 49 55 12
1 12 92 45 28 44 10
1 13 2 53 31 93 28
1 14 57 30 70 21 82
1 15 23 40 43 44 93
1 16 65 41 24 24 81
1 17 65 61 62 12 85
1 18 68 53 36 10 79
1 19 53 60 63 74 34
1 20 82 30 43 41 22
1 21 46 15 89 26 45
1 22 14 35 19 47 33
1 23 5 43 23 88 29
1 24 87 48 38 31 26
1 25 14 93 68 24 66
1 26 6 31 36 56 83
1 27 77 53 67 70 6
1 28 8 38 42 42 21
1 29 69 38 68 70 35
1 30 34 43 51 45 73
1 31 4 78 69 38 53
1 32 15 88 23 46 23
1 33 96 38 12 58 55
1 34 39 15 14 35 66
2 3 14 61 32 54 52
2 4 35 17 15 63 92
2 5 58 75 88 14 28
2 6 94 58 22 58 61
2 7 69 54 39 17 42
2 8 98 49 48 14 73
2 9 20 85 93 50 35
2 10 3 68 43 89 67
2 11 90 64 77 50 57
2 12 5 37 87 84 78
2 13 68 15 22 63 79
2 14 48 49 82 40 82
2 15 43 24 49 36 15
2 16 90 54 31 48 60
2 17 60 23 32 29 36
2 18 37 55 83 87 47
2 19 4 61 24 69 23
2 20 11 72 59 65 31
2 21 68 17 34 44 79
2 22 12 73 41 70 66
2 23 97 60 68 49 79
2 24 48 68 44 16 23
2 25 90 35 29 47 5
2 26 50 40 84 40 28
2 27 16 24 74 33 39
2 28 95 18 27 9 42
2 29 28 30 26 37 40
2 30 26 57 22 30 73
2 31 89 44 22 6 9
2 32 61 12 41 38 17
2 33 72 39 43 40 70
2 34 16 79 42 28 33
3 4 19 83 49 20 26
3 5 96 37 71 5 4
3 6 68 76 51 12 24
3 7 94 50 67 32 79
3 8 77 13 22 67 19
3 9 44 69 83 55 28
3 10 30 66 90 50 35
3 11 88 35 24 67 54
3 12 46 27 12 29 29
3 13 95 15 12 74 62
3 14 63 87 69 58 51
3 15 2 61 78 95 38
3 16 61 81 45 16 8
3 17 40 29 53 89 83
3 18 60 40 29 17 75
3 19 31 64 41 81 69
3 20 94 2 65 21 24
3 21 71 67 40 73 28
3 22 90 33 5 76 49
3 23 22 80 70 31 37
3 24 96 41 20 3 66
3 25 89 61 65 20 3
3 26 41 79 39 43 72
3 27 4 26 79 38 54
3 28 3 63 31 65 43
3 29 22 79 94 19 94
3 30 3 22 92 44 97
3 31 98 73 6 48 54
3 32 0 74 96 60 95
3 33 67 27 44 23 43
3 34 3 74 98 92 61
4 5 47 27 61 42 43
4 6 12 69 71 76 44
4 7 73 82 20 38 80
4 8 37 14 88 52 33
4 9 27 49 56 24 59
4 10 4 64 47 46 72
4 11 22 18 29 57 66
4 12 24 54 69 21 55
4 13 63 44 23 11 10
4 14 60 47 27 82 10
4 15 23 55 91 34 37
4 16 48 40 53 72 34
4 17 20 41 69 61 61
4 18 43 80 36 36 40
4 19 47 14 86 44 67
4 20 95 30 47 13 27
4 21 32 28 19 61 59
4 22 57 49 51 78 62
4 23 8 87 62 27 91
4 24 76 40 26 15 28
4 25 49 24 22 76 64
4 26 9 72 42 51 82
4 27 84 40 59 74 69
4 28 33 75 23 68 67
4 29 64 82 52 60 25
4 30 85 25 20 64 63
4 31 73 46 59 7 47
4 32 60 30 42 14 24
4 33 0 66 73 99 41
4 34 8 30 61 83 54
5 6 93 49 40 24 7
5 7 88 81 10 16 10
5 8 52 74 66 21 51
5 9 42 71 27 21 88
5 10 45 85 15 62 32
5 11 75 77 65 51 68
5 12 13 82 82 30 21
5 13 57 29 62 33 34
5 14 3 87 86 47 50
5 15 46 21 28 23 72
5 16 96 68 1 27 77
5 17 78 67 9 10 36
5 18 55 31 43 28 32
5 19 42 45 85 77 30
5 20 22 55 23 84 84
5 21 23 58 69 20 19
5 22 72 42 43 33 77
5 23 84 23 78 58 56
5 24 25 43 54 58 38
5 25 83 21 44 10 51
5 26 76 53 57 41 14
5 27 58 17 62 56 26
5 28 26 93 64 63 67
5 29 39 71 74 84 62
5 30 68 7 78 38 63
5 31 74 75 52 34 27
5 32 54 31 29 35 16
5 33 29 91 29 32 91
5 34 60 74 8 79 77
6 7 97 15 37 6 31
6 8 8 45 35 91 24
6 9 97 5 28 63 37
6 10 15 43 52 35 94
6 11 25 90 73 86 25
6 12 4 94 64 90 24
6 13 87 34 10 30 25
6 14 16 19 37 56 26
6 15 17 52 24 89 40
6 16 39 33 65 33 16
6 17 77 68 13 39 30
6 18 44 39 48 63 85
6 19 57 26 56 65 62
6 20 52 75 77 50 49
6 21 88 6 61 21 76
6 22 58 14 26 8 81
6 23 99 52 59 79 2
6 24 23 21 88 49 69
6 25 91 42 48 65 18
6 26 23 51 79 39 76
6 27 62 65 40 64 38
6 28 29 66 35 27 56
6 29 67 73 44 60 11
6 30 39 85 57 66 14
6 31 76 59 27 33 60
6 32 17 31 73 19 76
6 33 20 81 39 92 44
6 34 69 45 64 86 23
7 8 91 66 78 4 72
7 9 36 35 64 72 86
7 10 64 53 86 9 58
7 11 8 28 79 47 43
7 12 63 26 42 81 82
7 13 29 64 59 41 31
7 14 15 49 60 49 43
7 15 64 39 21 25 44
7 16 14 58 65 44 83
7 17 87 71 10 67 75
7 18 43 29 48 89 43
7 19 90 32 9 41 27
7 20 54 21 49 12 43
7 21 64 62 27 46 83
7 22 56 49 42 88 66
7 23 14 45 29 64 74
7 24 52 84 32 51 66
7 25 88 70 23 74 38
7 26 45 59 36 42 52
7 27 62 83 69 10 52
7 28 84 42 37 4 58
7 29 90 18 33 32 47
7 30 57 9 10 69 70
7 31 22 85 85 70 62
7 32 28 58 89 64 51
7 33 5 66 31 51 41
7 34 18 38 57 76 52
8 9 52 45 51 82 11
8 10 67 80 47 83 72
8 11 43 13 74 38 19
8 12 65 39 33 13 7
8 13 90 13 20 13 69
8 14 66 11 21 37 11
8 15 99 32 21 78 25
8 16 90 57 3 17 72
8 17 26 52 46 21 90
8 18 11 41 28 50 29
8 19 19 19 71 93 92
8 20 19 26 61 55 74
8 21 28 92 52 77 37
8 22 81 81 27 26 75
8 23 39 48 56 50 56
8 24 30 46 38 25 59
8 25 41 44 12 21 20
8 26 18 86 69 58 87
8 27 2 93 98 72 45
8 28 43 15 16 21 52
8 29 12 36 30 31 26
8 30 32 36 83 90 56
8 31 88 8 67 47 49
8 32 19 19 58 86 53
8 33 22 83 16 38 62
8 34 53 51 84 67 13
9 10 76 48 62 79 40
9 11 25 58 81 55 27
9 12 45 20 24 24 26
9 13 92 70 22 77 57
9 14 94 37 19 46 33
9 15 86 78 56 55 16
9 16 5 22 36 74 64
9 17 36 75 43 18 36
9 18 37 63 41 70 73
9 19 46 30 42 52 78
9 20 68 43 72 31 23
9 21 23 89 81 17 33
9 22 10 72 64 62 29
9 23 25 78 55 53 75
9 24 39 89 34 84 85
9 25 7 61 53 97 94
9 26 49 42 44 82 70
9 27 67 33 67 41 84
9 28 31 52 38 44 61
9 29 99 2 59 43 77
9 30 59 49 54 31 74
9 31 94 34 72 78 6
9 32 99 5 33 35 27
9 33 93 41 11 5 67
9 34 4 19 67 93 50
10 11 34 46 54 50 33
10 12 92 63 52 31 59
10 13 73 56 42 60 75
10 14 82 9 3 52 79
10 15 54 43 56 72 78
10 16 29 19 37 55 92
10 17 57 18 88 41 33
10 18 5 35 26 55 60
10 19 55 68 77 42 72
10 20 5 73 56 89 37
10 21 15 33 81 61 31
10 22 96 21 50 60 16
10 23 66 43 16 71 21
10 24 16 57 84 68 65
10 25 12 90 69 66 27
10 26 13 68 38 90 86
10 27 37 73 31 53 82
10 28 63 7 22 20 21
10 29 17 17 25 64 67
10 30 19 16 27 38 90
10 31 50 46 64 59 41
10 32 58 24 51 40 48
10 33 98 19 56 50 18
10 34 58 58 36 27 63
11 12 9 82 42 21 34
11 13 15 32 88 30 47
11 14 51 73 84 36 76
11 15 32 44 90 40 37
11 16 83 42 31 41 18
11 17 87 69 16 14 9
11 18 7 64 72 19 94
11 19 0 65 50 77 36
11 20 25 52 31 76 88
11 21 50 72 31 69 88
11 22 45 49 58 70 25
11 23 78 56 55 26 21
11 24 62 36 39 48 42
11 25 61 34 67 24 76
11 26 0 46 55 97 85
11 27 95 73 18 8 12
11 28 45 40 77 87 20
11 29 43 26 18 71 53
11 30 85 20 57 55 41
11 31 81 46 49 11 74
11 32 9 97 60 77 33
11 33 41 54 28 49 16
11 34 53 18 41 23 23
12 13 76 29 70 65 41
12 14 31 41 69 54 78
12 15 50 78 32 43 61
12 16 63 45 64 21 38
12 17 64 75 14 47 44
12 18 5 96 48 74 47
12 19 47 37 66 82 33
12 20 39 35 13 65 80
12 21 1 41 28 60 41
12 22 86 45 30 24 32
12 23 45 12 39 62 61
12 24 19 17 65 70 73
12 25 56 84 57 52 49
12 26 95 36 29 34 29
12 27 45 57 77 77 76
12 28 33 14 33 26 32
12 29 38 17 29 73 91
12 30 52 55 33 10 37
12 31 38 87 47 12 64
12 32 31 20 91 82 93
12 33 42 20 68 28 56
12 34 19 65 33 70 50
13 14 17 54 19 43 78
13 15 75 8 9 65 35
13 16 24 72 52 30 46
13 17 63 14 43 14 60
13 18 42 48 77 16 68
13 19 69 75 39 31 20
13 20 0 67 91 58 52
13 21 45 21 18 85 39
13 22 41 24 65 74 21
13 23 16 68 30 96 65
13 24 8 90 43 18 18
13 25 62 78 66 24 15
13 26 16 60 59 48 72
13 27 64 58 8 20 70
13 28 85 12 9 68 32
13 29 8 34 76 97 80
13 30 72 62 36 29 35
13 31 62 66 22 86 27
13 32 79 52 51 70 82
13 33 14 43 88 62 51
13 34 44 61 88 44 76
14 15 83 47 80 64 27
14 16 4 39 90 45 46
14 17 25 46 57 28 72
14 18 67 23 77 63 21
14 19 65 71 73 68 48
14 20 8 80 47 34 48
14 21 11 57 57 52 86
14 22 84 75 60 39 38
14 23 35 21 48 14 49
14 24 13 26 48 73 52
14 25 35 70 22 88 78
14 26 33 58 26 43 42
14 27 5 90 52 22 54
14 28 1 24 48 82 38
14 29 78 13 20 21 73
14 30 72 78 58 77 45
14 31 69 68 62 18 15
14 32 47 44 14 19 11
14 33 83 44 67 27 17
14 34 24 50 50 22 92
15 16 29 73 51 62 74
15 17 61 14 75 22 61
15 18 93 80 4 69 21
15 19 21 72 43 29 59
15 20 23 62 47 78 84
15 21 30 93 39 29 77
15 22 1 90 93 97 57
15 23 96 57 5 30 32
15 24 27 53 34 94 87
15 25 65 77 15 47 37
15 26 77 54 35 34 76
15 27 25 71 87 35 49
15 28 95 28 22 19 75
15 29 92 33 21 58 14
15 30 33 91 86 30 41
15 31 19 60 25 81 71
15 32 72 41 5 14 58
15 33 22 29 17 89 58
15 34 32 69 86 23 15
16 17 68 26 68 38 68
16 18 1 31 53 59 49
16 19 24 68 63 83 23
16 20 91 3 53 55 54
16 21 90 23 64 48 20
16 22 47 73 56 52 77
16 23 2 38 63 28 76
16 24 56 80 40 34 13
16 25 74 76 32 80 10
16 26 35 65 48 75 77
16 27 70 23 34 9 41
16 28 24 24 65 92 19
16 29 63 10 15 80 41
16 30 32 56 58 73 56
16 31 39 42 35 41 53
16 32 84 67 38 16 76
16 33 69 18 15 83 37
16 34 72 64 21 47 43
17 18 81 20 51 61 36
17 19 50 18 37 51 11
17 20 13 83 89 90 75
17 21 47 71 69 46 48
17 22 15 17 45 60 20
17 23 30 55 86 90 16
17 24 77 65 25 14 70
17 25 61 87 57 74 45
17 26 25 27 93 63 60
17 27 33 66 16 84 21
17 28 97 71 60 15 45
17 29 37 24 48 56 38
17 30 45 27 19 13 78
17 31 24 88 23 87 45
17 32 69 29 63 25 59
17 33 89 18 59 74 75
17 34 56 14 56 45 28
18 19 80 6 13 62 27
18 20 70 56 6 20 72
18 21 67 74 22 61 80
18 22 5 56 88 39 93
18 23 46 68 87 44 30
18 24 39 81 63 22 66
18 25 39 60 43 39 86
18 26 42 25 79 80 19
18 27 26 23 60 74 81
18 28 26 36 68 20 86
18 29 98 62 27 20 20
18 30 35 49 76 89 13
18 31 30 46 59 37 73
18 32 1 62 36 44 70
18 33 16 21 45 26 24
18 34 60 40 74 78 40
19 20 90 80 39 23 48
19 21 40 28 68 29 19
19 22 76 34 26 75 55
19 23 81 7 15 5 43
19 24 52 84 11 38 27
19 25 79 18 5 78 6
19 26 45 12 46 75 69
19 27 55 71 73 31 45
19 28 57 76 63 78 14
19 29 24 39 66 61 22
19 30 92 4 48 2 16
19 31 8 21 28 23 93
19 32 76 78 80 44 83
19 33 71 84 51 64 77
19 34 48 28 26 48 31
20 21 55 34 34 38 13
20 22 94 79 69 76 54
20 23 49 84 57 17 88
20 24 53 77 86 63 22
20 25 36 79 29 61 37
20 26 38 77 87 75 73
20 27 96 74 61 66 46
20 28 95 61 51 52 13
20 29 96 47 36 79 23
20 30 30 30 68 80 50
20 31 89 67 77 20 73
20 32 66 57 77 68 42
20 33 8 21 41 62 31
20 34 68 7 78 62 77
21 22 92 53 43 2 6
21 23 97 39 42 1 19
21 24 28 85 40 17 73
21 25 82 29 61 79 11
21 26 1 68 63 96 51
21 27 4 28 76 72 90
21 28 3 22 65 24 23
21 29 60 46 75 72 36
21 30 77 26 21 74 42
21 31 19 38 76 92 92
21 32 34 26 32 64 53
21 33 45 26 62 43 78
21 34 79 10 53 54 77
22 23 2 24 41 82 47
22 24 90 33 59 62 41
22 25 63 58 53 53 26
22 26 48 79 39 58 38
22 27 0 60 87 80 76
22 28 24 78 24 33 51
22 29 83 40 14 39 67
22 30 93 73 30 31 52
22 31 23 19 41 44 85
22 32 20 89 16 71 88
22 33 71 10 30 51 29
22 34 72 6 41 81 62
23 24 89 40 33 62 49
23 25 60 27 72 35 35
23 26 43 14 19 19 87
23 27 88 68 18 57 5
23 28 56 66 64 59 87
23 29 20 92 77 37 88
23 30 25 29 57 21 92
23 31 50 57 62 15 35
23 32 20 62 76 60 22
23 33 10 49 27 36 75
23 34 86 9 32 2 6
24 25 97 2 10 60 8
24 26 78 10 38 77 49
24 27 21 57 36 36 58
24 28 6 88 68 95 58
24 29 18 94 90 89 61
24 30 19 48 77 40 45
24 31 18 34 86 95 58
24 32 24 80 87 46 32
24 33 18 54 89 36 92
24 34 30 49 25 49 75
25 26 91 51 48 65 14
25 27 28 72 87 90 90
25 28 26 52 16 43 43
25 29 7 67 79 93 71
25 30 74 14 60 80 54
25 31 97 55 56 3 79
25 32 49 31 12 90 75
25 33 15 62 49 47 81
25 34 64 13 65 56 61
26 27 26 92 84 82 84
26 28 79 32 17 66 7
26 29 78 23 42 53 62
26 30 18 87 39 75 87
26 31 28 66 48 67 34
26 32 6 84 22 78 62
26 33 49 50 22 79 25
26 34 75 33 45 11 76
27 28 66 61 63 79 30
27 29 85 14 58 81 6
27 30 16 63 90 59 93
27 31 69 84 10 79 76
27 32 33 46 81 71 72
27 33 66 79 78 17 17
27 34 62 51 61 27 55
28 29 81 53 44 73 11
28 30 80 24 9 39 7
28 31 99 60 7 7 20
28 32 12 70 83 35 56
28 33 63 77 77 84 14
28 34 3 48 54 77 49
29 30 59 71 79 64 50
29 31 41 62 40 59 90
29 32 16 56 29 46 67
29 33 69 50 72 67 23
29 34 95 67 64 29 17
30 31 51 36 64 29 23
30 32 63 35 34 48 45
30 33 81 75 13 42 66
30 34 34 76 76 42 46
31 32 22 77 63 62 35
31 33 54 80 10 33 62
31 34 36 47 23 32 21
32 33 29 20 59 54 78
32 34 17 28 27 37 24
33 34 5 53 55 79 68
