40 5
0.3 0 0 0 0.7
0 1 20 68 53 16 33
0 2 23 24 38 76 26
0 3 3 57 60 27 98
0 4 14 17 87 36 71
0 5 40 75 76 23 42
0 6 62 57 83 63 72
0 7 59 60 42 26 74
0 8 84 40 32 11 46
0 9 61 30 24 43 39
0 10 70 29 81 19 24
0 11 56 83 83 36 88
0 12 76 35 24 55 14
0 13 57 21 42 41 84
0 14 56 62 78 10 39
0 15 68 34 47 9 73
0 16 8 57 29 37 32
0 17 49 55 59 20 52
0 18 10 59 18 32 71
0 19 80 35 70 63 46
0 20 97 18 60 10 59
0 21 6 91 88 64 62
0 22 45 20 71 50 89
0 23 35 71 33 14 13
0 24 20 91 19 75 66
0 25 60 33 22 65 70
0 26 75 21 76 36 22
0 27 67 71 61 23 31
0 28 9 74 51 29 48
0 29 77 17 46 7 81
0 30 0 65 33 52 32
0 31 66 77 86 29 66
0 32 1 73 25 22 31
0 33 4 78 53 55 53
0 34 40 70 73 17 65
0 35 17 83 57 57 80
0 36 66 14 56 12 48
0 37 32 24 81 17 46
0 38 26 84 20 66 86
0 39 4 61 51 76 37
1 2 35 82 23 58 83
1 3 76 67 59 71 48
1 4 42 27 63 40 38
1 5 56 13 78 82 50
1 6 89 32 40 33 13
1 7 46 23 48 45 60
1 8 25 46 49 72 67
1 9 74 63 83 44 12
1 10 35 83 64 23 72
1 11 69 15 55 40 27
1 12 71 73 45 66 74
1 13 26 67 60 20 36
1 14 26 66 80 75 74
1 15 83 31 60 3 20
1 16 73 58 35 75 56
1 17 91 61 24 15 45
1 18 91 69 20 13 75
1 19 26 41 75 61 31
1 20 30 90 27 50 74
1 21 54 21 25 36 84
1 22 74 17 84 8 46
1 23 25 54 66 25 38
1 24 81 26 64 43 14
1 25 36 82 43 90 70
1 26 43 40 11 69 73
1 27 19 38 40 57 19
1 28 14 60 53 32 88
1 29 6 34 86 90 45
1 30 3 52 26 58 54
1 31 43 84 27 68 76
1 32 99 78 45 55 77
1 33 72 49 63 35 24
1 34 97 2 20 4 1
1 35 45 32 39 52 76
1 36 25 66 47 44 61
1 37 98 48 22 22 72
1 38 85 69 79 54 53
1 39 80 30 54 14 81
2 3 43 43 79 18 45
2 4 10 30 78 34 59
2 5 54 47 30 44 61
2 6 88 11 38 43 49
2 7 71 61 21 66 21
2 8 66 8 71 17 50
2 9 78 44 61 9 74
2 10 35 35 92 15 73
2 11 1 60 58 82 30
2 12 19 49 66 68 60
2 13 96 26 64 34 14
2 14 7 78 62 33 22
2 15 74 18 64 70 28
2 16 32 21 54 22 28
2 17 43 20 12 28 90
2 18 44 78 88 50 68
2 19 15 64 41 71 45
2 20 39 52 53 19 17
2 21 67 29 51 33 23
2 22 27 94 28 90 37
2 23 15 46 17 38 91
2 24 36 92 72 25 84
2 25 30 42 25 18 36
2 26 92 14 21 17 51
2 27 45 61 81 63 28
2 28 97 68 79 42 5
2 29 81 31 17 7 38
2 30 16 54 59 29 64
2 31 75 52 72 43 78
2 32 16 29 69 43 59
2 33 95 44 14 35 8
2 34 58 39 28 87 22
2 35 82 47 44 57 5
2 36 76 23 58 81 16
2 37 64 77 52 73 45
2 38 59 13 19 34 17
2 39 96 73 20 58 18
3 4 47 11 13 12 23
3 5 46 26 25 36 59
3 6 8 83 65 84 93
3 7 84 52 42 57 25
3 8 89 75 18 34 62
3 9 68 61 25 67 77
3 10 89 7 7 42 24
3 11 52 74 29 81 35
3 12 68 64 8 23 29
3 13 16 88 44 88 29
3 14 19 19 31 65 54
3 15 99 45 43 8 53
3 16 67 38 46 10 82
3 17 69 85 8 34 72
3 18 82 33 11 43 72
3 19 40 12 27 90 85
3 20 56 17 37 66 31
3 21 50 10 80 66 72
3 22 7 86 60 27 49
3 23 61 10 61 38 15
3 24 71 27 75 50 51
3 25 89 74 25 35 21
3 26 77 56 19 8 28
3 27 41 60 52 77 60
3 28 4 65 66 59 22
3 29 45 56 73 40 81
3 30 34 19 17 92 47
3 31 44 63 83 83 81
3 32 32 70 72 38 85
3 33 53 35 51 55 20
3 34 27 21 45 83 38
3 35 30 37 55 73 89
3 36 70 58 37 79 43
3 37 67 12 83 36 80
3 38 82 73 58 68 23
3 39 4 90 32 49 33
4 5 23 49 82 49 26
4 6 77 41 38 59 24
4 7 84 4 41 47 20
4 8 56 20 31 33 33
4 9 17 74 31 18 20
4 10 9 68 39 80 46
4 11 47 40 70 80 85
4 12 45 74 40 61 52
4 13 3 47 51 67 43
4 14 45 59 84 50 76
4 15 44 37 55 86 78
4 16 32 20 44 80 47
4 17 60 9 14 56 40
4 18 35 55 53 39 20
4 19 76 74 22 55 51
4 20 19 42 47 44 34
4 21 62 42 79 12 76
4 22 58 45 12 53 81
4 23 7 88 26 34 35
4 24 30 85 55 92 54
4 25 67 78 59 64 13
4 26 74 39 8 58 66
4 27 69 19 43 44 51
4 28 26 15 31 58 56
4 29 1 89 67 98 38
4 30 71 73 14 81 67
4 31 97 58 54 44 78
4 32 81 80 73 67 66
4 33 20 68 45 73 64
4 34 89 52 27 77 70
4 35 24 69 69 50 23
4 36 48 35 51 64 57
4 37 79 70 47 55 60
4 38 63 12 72 75 15
4 39 77 44 27 7 10
5 6 84 67 68 70 77
5 7 72 60 68 85 29
5 8 41 60 67 60 75
5 9 4 62 29 39 81
5 10 27 63 48 74 25
5 11 25 29 82 20 28
5 12 2 84 65 31 48
5 13 62 46 14 30 72
5 14 55 85 20 12 84
5 15 16 87 45 38 54
5 16 99 44 49 52 21
5 17 76 28 60 32 68
5 18 49 88 79 56 31
5 19 5 44 58 66 51
5 20 83 18 29 71 76
5 21 58 67 69 54 79
5 22 36 38 47 61 36
5 23 17 28 46 95 31
5 24 41 66 85 80 90
5 25 77 79 22 8 41
5 26 27 66 85 39 93
5 27 63 67 25 72 71
5 28 6 84 69 94 73
5 29 84 73 42 34 36
5 30 91 53 14 57 79
5 31 16 27 83 73 37
5 32 23 42 71 40 52
5 33 75 74 63 36 25
5 34 62 29 83 35 19
5 35 51 34 37 36 34
5 36 38 80 53 44 79
5 37 0 60 91 97 34
5 38 97 28 33 37 13
5 39 2 36 95 55 95
6 7 33 18 30 51 84
6 8 80 37 81 74 4
6 9 14 50 28 40 80
6 10 28 92 32 56 56
6 11 6 62 76 58 59
6 12 80 17 11 5 46
6 13 64 39 60 40 85
6 14 67 24 71 12 70
6 15 91 61 29 17 2
6 16 94 64 13 48 2
6 17 59 66 17 44 74
6 18 27 48 44 70 16
6 19 55 47 78 44 18
6 20 75 72 23 37 23
6 21 22 53 74 57 80
6 22 69 79 58 73 31
6 23 76 49 73 36 68
6 24 98 12 73 62 25
6 25 94 12 22 57 72
6 26 1 83 37 78 49
6 27 52 22 38 82 45
6 28 71 12 33 12 48
6 29 29 46 65 80 76
6 30 21 81 82 49 47
6 31 41 50 64 37 79
6 32 95 63 19 50 46
6 33 22 87 74 38 31
6 34 35 68 73 29 65
6 35 97 11 26 31 60
6 36 8 61 91 57 91
6 37 95 71 56 78 26
6 38 92 26 61 80 45
6 39 96 59 21 18 3
7 8 90 63 14 22 3
7 9 32 16 56 55 92
7 10 81 37 55 59 41
7 11 48 81 58 12 57
7 12 52 33 78 32 75
7 13 89 2 30 43 66
7 14 60 62 50 30 13
7 15 94 72 2 20 3
7 16 8 71 89 87 61
7 17 4 47 47 58 97
7 18 67 64 60 33 79
7 19 52 38 53 17 87
7 20 61 24 23 87 24
7 21 87 20 4 31 55
7 22 13 25 70 67 21
7 23 41 22 43 89 15
7 24 22 49 86 69 40
7 25 32 19 54 71 53
7 26 24 22 81 89 29
7 27 14 79 64 65 47
7 28 62 82 20 81 78
7 29 52 18 48 63 23
7 30 76 18 38 83 13
7 31 42 20 52 73 19
7 32 29 59 37 87 17
7 33 83 45 40 48 33
7 34 74 62 79 56 10
7 35 41 88 66 65 42
7 36 24 48 50 45 34
7 37 30 14 34 14 64
7 38 83 75 14 18 52
7 39 43 78 29 84 54
8 9 28 81 44 22 17
8 10 20 18 80 45 94
8 11 13 20 41 55 27
8 12 0 41 54 90 34
8 13 19 38 93 53 22
8 14 29 60 21 60 33
8 15 37 74 43 75 30
8 16 95 60 29 41 34
8 17 22 78 25 46 53
8 18 34 62 76 37 25
8 19 81 42 35 77 27
8 20 8 90 60 91 57
8 21 8 60 85 73 91
8 22 84 22 13 65 83
8 23 67 78 45 11 19
8 24 15 25 49 47 87
8 25 48 38 28 17 87
8 26 60 46 34 31 87
8 27 3 48 77 39 80
8 28 59 13 62 21 52
8 29 86 34 38 75 33
8 30 79 70 37 41 27
8 31 41 54 13 18 63
8 32 39 91 85 81 28
8 33 61 35 37 67 71
8 34 44 32 29 88 20
8 35 86 46 13 36 6
8 36 64 68 70 68 57
8 37 96 28 55 40 2
8 38 81 61 42 70 63
8 39 73 73 85 52 55
9 10 17 28 27 86 17
9 11 18 64 52 32 40
9 12 35 29 56 75 15
9 13 24 61 57 47 28
9 14 80 5 62 83 30
9 15 33 53 75 41 70
9 16 24 61 62 41 50
9 17 28 79 82 17 68
9 18 15 18 88 76 28
9 19 84 39 45 60 33
9 20 48 13 85 41 29
9 21 12 17 93 39 47
9 22 59 78 18 63 72
9 23 43 17 88 74 63
9 24 39 57 87 16 20
9 25 34 46 37 66 84
9 26 90 9 20 26 34
9 27 82 72 50 54 57
9 28 16 84 70 51 21
9 29 18 32 63 87 47
9 30 2 43 95 96 73
9 31 39 69 71 69 21
9 32 93 13 10 24 46
9 33 9 24 36 29 91
9 34 90 7 44 13 68
9 35 14 52 50 81 38
9 36 56 41 28 69 39
9 37 43 89 33 56 78
9 38 32 72 31 58 89
9 39 80 79 18 61 11
10 11 14 82 46 43 32
10 12 95 28 80 45 51
10 13 84 14 79 67 26
10 14 91 70 11 56 8
10 15 52 34 66 66 48
10 16 14 57 57 62 56
10 17 90 49 30 43 19
10 18 58 75 84 16 25
10 19 82 18 68 77 10
10 20 97 18 42 47 31
10 21 95 50 1 48 61
10 22 33 30 52 32 79
10 23 30 27 25 26 88
10 24 61 56 79 50 71
10 25 68 45 12 15 37
10 26 79 40 66 48 22
10 27 92 50 2 42 6
10 28 64 39 70 57 69
10 29 45 39 64 81 46
10 30 60 79 81 33 42
10 31 44 13 62 30 67
10 32 22 47 64 52 51
10 33 62 83 59 68 72
10 34 67 56 36 15 39
10 35 59 76 60 56 77
10 36 96 15 71 79 15
10 37 75 47 73 70 40
10 38 53 22 84 66 46
10 39 91 35 38 30 45
11 12 60 72 81 59 33
11 13 15 21 40 19 58
11 14 71 83 64 7 40
11 15 27 65 54 14 62
11 16 63 65 74 12 18
11 17 3 92 83 60 93
11 18 9 96 32 38 43
11 19 85 66 68 63 75
11 20 83 73 65 28 33
11 21 76 18 75 21 69
11 22 94 66 27 77 29
11 23 3 22 89 83 98
11 24 23 30 73 60 58
11 25 12 54 81 73 21
11 26 5 71 92 69 58
11 27 71 33 25 59 27
11 28 64 68 57 15 15
11 29 35 25 72 75 39
11 30 81 42 11 38 10
11 31 11 24 38 53 66
11 32 28 63 40 24 60
11 33 24 93 94 30 90
11 34 91 57 40 19 13
11 35 50 86 89 11 40
11 36 62 81 45 77 86
11 37 81 12 49 40 14
11 38 30 40 16 17 54
11 39 81 45 32 79 79
12 13 91 62 17 14 5
12 14 38 20 78 69 45
12 15 47 84 66 72 20
12 16 39 19 63 19 60
12 17 57 28 59 59 69
12 18 51 41 61 72 57
12 19 5 85 30 33 72
12 20 22 77 71 92 83
12 21 77 47 17 25 51
12 22 27 92 14 59 15
12 23 17 17 83 53 64
12 24 49 53 81 60 87
12 25 15 69 90 67 46
12 26 53 52 24 69 56
12 27 30 42 81 77 57
12 28 84 49 55 46 65
12 29 34 87 71 26 16
12 30 18 54 86 29 93
12 31 96 7 68 31 51
12 32 94 77 77 26 30
12 33 67 37 32 21 28
12 34 88 13 27 68 31
12 35 63 76 24 80 55
12 36 66 18 41 53 38
12 37 85 80 33 42 70
12 38 59 43 33 72 34
12 39 90 58 10 74 41
13 14 66 75 17 14 33
13 15 14 40 83 18 37
13 16 71 76 44 27 18
13 17 33 37 28 56 53
13 18 15 55 39 92 26
13 19 1 70 98 47 43
13 20 20 33 23 44 51
13 21 57 25 33 23 35
13 22 72 70 14 15 79
13 23 12 22 89 61 63
13 24 59 35 26 59 11
13 25 16 24 76 52 43
13 26 97 15 73 13 80
13 27 1 86 56 39 67
13 28 3 46 68 89 36
13 29 31 74 85 43 50
13 30 46 68 63 44 50
13 31 80 12 44 57 45
13 32 41 82 53 72 66
13 33 75 84 62 56 68
13 34 22 58 89 56 57
13 35 84 41 19 69 76
13 36 23 76 89 78 92
13 37 85 9 35 22 71
13 38 55 25 59 75 63
13 39 43 13 53 83 86
14 15 30 76 49 56 82
14 16 94 46 17 50 74
14 17 0 99 47 47 24
14 18 33 31 25 22 88
14 19 29 70 16 48 55
14 20 68 56 80 66 63
14 21 33 13 18 83 51
14 22 53 88 55 82 12
14 23 27 32 15 77 65
14 24 70 66 59 50 10
14 25 48 11 16 29 50
14 26 49 57 64 11 31
14 27 37 13 13 46 65
14 28 18 20 83 58 54
14 29 91 29 31 37 71
14 30 59 64 47 49 73
14 31 1 89 59 50 34
14 32 42 16 54 82 85
14 33 14 36 85 68 63
14 34 97 73 73 26 14
14 35 30 83 87 21 14
14 36 41 91 42 83 18
14 37 93 17 26 78 50
14 38 58 32 22 8 22
14 39 90 79 9 77 51
15 16 99 27 8 56 36
15 17 81 40 60 25 40
15 18 26 81 76 20 19
15 19 86 4 54 25 67
15 20 15 78 43 69 88
15 21 73 27 41 64 19
15 22 54 52 19 33 20
15 23 21 88 39 40 82
15 24 74 47 73 84 45
15 25 7 58 36 90 82
15 26 19 38 78 27 60
15 27 6 28 38 26 41
15 28 70 7 41 74 65
15 29 58 66 15 73 62
15 30 32 23 33 45 54
15 31 91 45 71 54 32
15 32 26 56 24 63 74
15 33 1 67 95 55 54
15 34 63 61 30 77 53
15 35 87 18 28 36 62
15 36 81 61 57 63 80
15 37 13 66 39 82 64
15 38 3 98 29 90 42
15 39 55 27 81 69 56
16 17 53 13 19 21 55
16 18 44 39 24 75 88
16 19 66 15 55 22 23
16 20 47 23 38 72 48
16 21 26 52 90 83 69
16 22 89 51 73 18 38
16 23 35 67 15 77 34
16 24 91 32 58 40 63
16 25 72 42 26 58 83
16 26 22 88 64 83 65
16 27 84 8 15 21 25
16 28 21 67 72 22 69
16 29 2 34 62 91 88
16 30 9 93 20 65 71
16 31 21 95 56 94 51
16 32 84 67 68 75 64
16 33 31 16 74 90 15
16 34 55 57 60 83 47
16 35 55 81 79 38 46
16 36 73 73 48 53 71
16 37 22 34 31 71 19
16 38 40 85 88 61 71
16 39 65 64 68 29 36
17 18 56 63 38 79 8
17 19 37 33 61 48 81
17 20 84 54 21 11 68
17 21 97 59 30 65 70
17 22 3 51 84 39 49
17 23 32 18 87 66 41
17 24 41 29 13 30 71
17 25 3 98 92 19 24
17 26 99 9 12 44 15
17 27 88 10 23 71 14
17 28 95 5 45 23 19
17 29 66 62 10 58 28
17 30 6 66 52 77 88
17 31 23 66 15 88 35
17 32 53 33 70 30 57
17 33 22 42 37 21 85
17 34 11 55 90 52 53
17 35 50 71 55 65 11
17 36 69 44 10 55 79
17 37 83 5 21 17 57
17 38 74 50 46 60 80
17 39 79 40 49 74 70
18 19 17 65 52 95 49
18 20 50 26 46 50 43
18 21 76 52 40 74 13
18 22 51 82 18 65 57
18 23 2 23 49 90 71
18 24 90 33 5 31 66
18 25 89 60 8 23 7
18 26 55 22 32 23 22
18 27 86 74 55 58 8
18 28 91 24 21 2 18
18 29 6 35 50 81 74
18 30 97 40 59 58 11
18 31 39 55 14 79 42
18 32 42 68 72 28 62
18 33 54 39 10 86 36
18 34 33 15 35 59 89
18 35 86 27 74 22 56
18 36 57 79 84 52 78
18 37 94 27 44 49 74
18 38 18 76 62 37 29
18 39 28 72 67 37 83
19 20 18 34 47 45 72
19 21 66 68 11 86 45
19 22 87 31 13 2 27
19 23 81 21 81 40 46
19 24 39 29 84 38 45
19 25 20 61 62 76 44
19 26 54 23 27 68 62
19 27 32 44 75 14 46
19 28 25 36 91 33 92
19 29 11 83 65 56 93
19 30 43 13 14 11 77
19 31 35 52 29 92 28
19 32 75 15 19 58 21
19 33 68 74 25 25 55
19 34 63 24 72 35 28
19 35 99 22 76 26 14
19 36 73 18 21 46 55
19 37 33 74 66 59 34
19 38 3 34 22 97 31
19 39 92 30 17 50 72
20 21 97 79 29 71 0
20 22 59 73 49 75 29
20 23 46 89 35 33 33
20 24 60 61 42 33 71
20 25 2 77 89 33 78
20 26 18 16 18 31 90
20 27 45 19 55 41 55
20 28 53 68 84 26 64
20 29 1 53 89 78 36
20 30 93 14 59 64 52
20 31 55 16 53 55 26
20 32 79 25 76 57 73
20 33 98 34 68 30 64
20 34 41 89 77 71 26
20 35 16 91 45 63 36
20 36 17 88 25 58 44
20 37 19 24 55 26 34
20 38 26 20 39 23 79
20 39 46 53 68 81 24
21 22 34 52 77 70 77
21 23 33 66 69 24 90
21 24 6 60 80 89 28
21 25 64 51 22 34 52
21 26 90 63 40 9 45
21 27 36 36 81 66 51
21 28 64 69 79 26 28
21 29 4 30 46 87 78
21 30 39 36 52 16 82
21 31 36 58 64 14 47
21 32 77 35 54 6 6
21 33 39 21 31 41 35
21 34 31 24 63 45 27
21 35 51 62 64 14 80
21 36 50 42 11 59 83
21 37 64 80 63 78 8
21 38 14 81 49 62 80
21 39 65 39 55 71 74
22 23 91 62 63 17 40
22 24 31 73 32 17 39
22 25 12 64 53 93 54
22 26 64 17 45 80 54
22 27 45 81 79 89 77
22 28 11 97 55 83 36
22 29 50 47 62 62 58
22 30 95 41 3 5 45
22 31 4 54 39 30 56
22 32 14 90 52 86 89
22 33 89 60 3 46 6
22 34 51 62 50 78 42
22 35 75 50 20 71 79
22 36 16 78 93 39 36
22 37 36 28 78 74 76
22 38 24 41 85 32 39
22 39 32 26 37 83 29
23 24 29 29 47 70 38
23 25 98 14 48 3 24
23 26 71 84 24 14 21
23 27 46 11 81 77 87
23 28 43 38 90 31 32
23 29 13 61 64 77 24
23 30 70 67 24 34 76
23 31 4 45 30 70 70
23 32 56 82 55 54 29
23 33 43 20 86 83 66
23 34 81 4 64 80 4
23 35 23 33 41 40 84
23 36 67 63 8 84 27
23 37 78 17 77 50 71
23 38 42 45 74 89 61
23 39 50 24 54 24 46
24 25 24 66 54 71 60
24 26 56 70 18 33 65
24 27 31 74 29 45 50
24 28 34 38 23 23 28
24 29 3 90 41 87 24
24 30 55 49 33 68 19
24 31 44 28 31 87 82
24 32 49 40 22 85 27
24 33 1 69 54 23 87
24 34 3 34 58 45 70
24 35 39 43 90 35 29
24 36 53 66 10 63 54
24 37 66 55 77 85 13
24 38 76 29 33 54 13
24 39 12 24 73 52 86
25 26 13 34 78 38 60
25 27 27 80 79 73 86
25 28 30 43 52 90 32
25 29 67 48 7 7 64
25 30 27 41 94 54 22
25 31 53 31 84 24 33
25 32 74 40 66 31 83
25 33 25 62 48 56 90
25 34 21 16 52 74 38
25 35 83 59 73 30 74
25 36 28 82 29 70 23
25 37 32 41 76 62 17
25 38 77 57 8 68 39
25 39 85 36 13 56 49
26 27 94 60 69 42 58
26 28 86 42 6 47 3
26 29 46 47 27 80 61
26 30 27 63 74 91 42
26 31 79 52 39 53 34
26 32 31 68 35 38 81
26 33 90 5 44 57 3
26 34 97 48 30 20 62
26 35 83 61 43 61 6
26 36 56 87 71 55 81
26 37 63 60 50 15 48
26 38 24 35 82 44 62
26 39 71 64 13 70 17
27 28 38 35 86 74 28
27 29 34 91 73 19 33
27 30 2 49 48 86 72
27 31 82 59 5 5 23
27 32 46 12 48 49 80
27 33 81 41 31 66 79
27 34 7 91 58 89 45
27 35 40 32 89 17 40
27 36 8 86 92 23 69
27 37 48 82 81 41 50
27 38 59 69 33 65 9
27 39 64 85 54 21 13
28 29 62 86 61 18 66
28 30 70 71 23 55 83
28 31 26 62 32 62 74
28 32 17 76 25 16 86
28 33 67 66 42 14 6
28 34 37 71 38 73 14
28 35 81 61 80 76 29
28 36 19 54 32 38 34
28 37 88 27 78 56 11
28 38 76 58 67 51 45
28 39 76 82 80 51 62
29 30 59 40 54 68 73
29 31 95 6 34 38 34
29 32 15 55 24 60 32
29 33 95 58 13 64 75
29 34 31 89 41 85 35
29 35 41 65 61 76 42
29 36 34 59 34 37 90
29 37 9 88 27 24 41
29 38 14 39 94 95 26
29 39 35 45 71 82 47
30 31 97 80 76 13 48
30 32 78 7 10 69 58
30 33 14 91 87 53 75
30 34 77 8 43 80 69
30 35 35 33 68 33 51
30 36 91 21 28 36 15
30 37 13 96 52 37 60
30 38 20 56 44 43 55
30 39 48 27 40 51 54
31 32 92 27 73 64 74
31 33 62 13 51 19 44
31 34 30 91 25 18 75
31 35 65 44 40 41 66
31 36 83 7 5 23 78
31 37 29 85 28 67 82
31 38 61 84 67 40 34
31 39 89 38 33 31 57
32 33 5 60 85 30 59
32 34 70 7 85 32 57
32 35 49 28 41 87 55
32 36 35 52 90 22 55
32 37 13 61 46 52 37
32 38 90 16 21 70 33
32 39 64 79 22 78 72
33 34 17 36 46 70 42
33 35 84 41 59 3 65
33 36 96 4 1 1 9
33 37 67 51 75 79 26
33 38 90 5 47 54 8
33 39 36 35 35 20 22
34 35 97 61 30 5 8
34 36 11 87 69 78 65
34 37 92 13 31 49 17
34 38 98 32 2 29 41
34 39 33 77 81 88 65
35 36 94 5 10 7 1
35 37 0 53 87 26 63
35 38 60 15 46 38 51
35 39 22 71 54 71 95
36 37 16 77 55 43 94
36 38 46 66 47 65 56
36 39 74 32 38 35 28
37 38 49 26 60 49 25
37 39 24 45 63 78 86
38 39 67 66 81 41 69
