45 5
0.3 0 0 0 0.7
0 1 85 52 14 70 43
0 2 82 8 66 83 37
0 3 53 88 22 60 41
0 4 18 34 51 38 94
0 5 20 16 19 52 73
0 6 38 19 68 31 69
0 7 3 92 62 28 50
0 8 1 85 21 97 33
0 9 80 23 17 41 74
0 10 80 59 14 46 28
0 11 16 84 26 55 40
0 12 74 68 64 81 23
0 13 27 83 30 71 47
0 14 72 51 47 13 71
0 15 24 69 46 45 77
0 16 9 69 27 44 84
0 17 77 25 5 48 60
0 18 98 6 45 39 60
0 19 6 62 54 22 73
0 20 95 33 75 37 26
0 21 44 32 87 23 69
0 22 99 50 15 16 25
0 23 19 59 53 85 57
0 24 15 23 48 17 30
0 25 31 45 84 55 39
0 26 29 31 52 84 84
0 27 92 59 20 9 58
0 28 54 28 35 32 47
0 29 14 44 39 54 65
0 30 76 78 13 83 73
0 31 17 86 53 60 60
0 32 38 44 19 23 84
0 33 89 6 35 80 62
0 34 14 66 24 81 89
0 35 38 55 15 79 29
0 36 3 94 98 88 41
0 37 45 46 58 43 27
0 38 94 40 39 8 22
0 39 57 16 58 46 14
0 40 33 16 63 88 59
0 41 64 38 33 56 83
0 42 77 62 24 43 79
0 43 90 3 40 14 42
0 44 65 55 33 47 86
1 2 89 38 19 52 21
1 3 89 35 12 71 78
1 4 50 21 83 20 79
1 5 36 64 30 69 27
1 6 43 69 30 46 50
1 7 98 61 18 16 18
1 8 0 66 53 60 44
1 9 9 28 72 50 93
1 10 46 58 66 51 82
1 11 73 11 81 27 13
1 12 27 43 24 37 32
1 13 78 78 39 9 70
1 14 10 95 73 87 28
1 15 38 37 67 70 22
1 16 66 37 37 43 46
1 17 34 78 87 14 79
1 18 79 30 79 8 76
1 19 89 75 49 76 21
1 20 73 28 11 60 47
1 21 65 14 23 20 54
1 22 8 68 94 29 96
1 23 98 26 45 3 66
1 24 8 78 22 95 94
1 25 23 54 94 28 91
1 26 43 68 74 80 90
1 27 57 14 46 78 8
1 28 5 68 44 20 54
1 29 97 79 76 53 45
1 30 15 64 80 95 47
1 31 6 41 33 46 94
1 32 43 24 31 72 52
1 33 8 45 92 41 21
1 34 58 18 46 39 10
1 35 76 23 11 58 22
1 36 47 87 89 83 31
1 37 14 76 64 24 37
1 38 14 80 56 81 90
1 39 65 55 27 41 51
1 40 75 57 82 16 40
1 41 16 51 95 46 41
1 42 24 57 41 43 33
1 43 41 30 68 18 62
1 44 73 56 66 84 40
2 3 34 45 80 84 61
2 4 84 72 24 5 76
2 5 26 35 32 87 70
2 6 95 17 12 50 13
2 7 11 39 54 55 19
2 8 47 87 77 19 38
2 9 63 74 87 71 78
2 10 61 38 64 77 27
2 11 24 94 43 60 52
2 12 88 53 82 76 30
2 13 92 27 32 5 45
2 14 35 19 74 18 16
2 15 24 75 85 78 20
2 16 88 77 71 64 71
2 17 22 66 83 61 51
2 18 77 10 70 52 64
2 19 6 40 75 27 97
2 20 27 38 70 65 37
2 21 83 81 18 11 42
2 22 53 89 25 30 11
2 23 73 22 68 41 50
2 24 81 10 16 36 56
2 25 56 22 86 72 18
2 26 11 46 65 83 63
2 27 37 81 20 65 42
2 28 2 93 91 99 50
2 29 17 64 52 64 21
2 30 76 13 52 20 21
2 31 17 32 54 45 31
2 32 54 49 71 87 52
2 33 64 57 28 35 36
2 34 4 97 64 50 58
2 35 5 43 43 31 71
2 36 68 78 15 43 7
2 37 14 44 33 42 74
2 38 32 92 34 24 60
2 39 49 63 28 24 41
2 40 13 37 78 40 83
2 41 69 11 70 42 14
2 42 89 4 48 25 56
2 43 86 69 72 66 66
2 44 63 25 84 54 65
3 4 47 66 49 59 42
3 5 2 52 74 57 80
3 6 12 72 84 47 35
3 7 9 82 83 95 27
3 8 97 4 34 55 9
3 9 16 66 84 59 18
3 10 69 83 15 12 74
3 11 59 24 56 37 81
3 12 66 61 84 73 21
3 13 95 42 24 7 21
3 14 90 9 37 33 31
3 15 90 68 25 46 26
3 16 3 60 78 87 65
3 17 42 83 56 22 34
3 18 76 81 78 17 41
3 19 12 95 28 35 18
3 20 28 39 75 44 83
3 21 55 30 11 12 38
3 22 56 15 79 24 59
3 23 8 31 62 40 69
3 24 3 87 72 68 26
3 25 63 78 78 18 54
3 26 26 35 59 62 38
3 27 94 3 68 78 39
3 28 81 58 31 28 28
3 29 80 11 51 62 83
3 30 75 52 79 47 24
3 31 78 6 11 36 80
3 32 79 48 69 44 53
3 33 86 80 8 40 13
3 34 88 74 76 29 16
3 35 94 44 68 2 18
3 36 1 67 89 67 65
3 37 6 64 37 82 56
3 38 41 81 59 56 39
3 39 4 66 60 26 90
3 40 11 42 79 73 35
3 41 60 29 34 63 84
3 42 2 21 36 80 60
3 43 57 36 52 18 35
3 44 76 71 30 76 81
4 5 50 62 32 35 33
4 6 35 29 17 80 25
4 7 48 48 80 30 57
4 8 7 50 43 71 57
4 9 16 88 36 51 95
4 10 71 37 48 63 83
4 11 24 56 73 79 65
4 12 21 54 17 57 82
4 13 15 79 42 43 66
4 14 52 44 31 29 11
4 15 40 67 79 79 57
4 16 86 68 37 38 69
4 17 26 71 50 78 52
4 18 9 22 38 40 56
4 19 62 86 75 63 44
4 20 69 59 20 15 46
4 21 37 76 19 39 44
4 22 68 31 9 74 9
4 23 65 39 77 44 54
4 24 97 52 51 64 5
4 25 32 83 25 89 14
4 26 11 31 89 48 36
4 27 76 18 67 34 77
4 28 29 33 33 16 43
4 29 98 12 42 65 66
4 30 38 59 56 74 66
4 31 10 95 34 75 32
4 32 99 13 12 1 67
4 33 80 75 16 18 52
4 34 39 61 61 78 57
4 35 78 80 68 47 32
4 36 69 85 21 52 7
4 37 26 76 58 26 17
4 38 25 59 43 66 68
4 39 90 34 61 49 16
4 40 45 78 40 11 31
4 41 67 59 18 75 41
4 42 44 84 61 90 46
4 43 98 78 35 53 31
4 44 72 7 38 24 48
5 6 35 46 90 65 21
5 7 94 51 13 40 41
5 8 96 62 26 35 49
5 9 52 50 67 80 68
5 10 28 45 62 41 30
5 11 22 91 46 86 91
5 12 80 62 40 45 3
5 13 58 10 17 59 32
5 14 18 82 41 83 49
5 15 22 79 48 78 66
5 16 11 18 23 59 65
5 17 24 53 70 42 77
5 18 23 61 51 55 26
5 19 17 19 21 72 58
5 20 84 81 54 39 65
5 21 27 25 35 54 81
5 22 54 83 46 56 28
5 23 37 32 83 67 85
5 24 53 79 41 82 67
5 25 42 64 74 90 39
5 26 59 15 32 23 28
5 27 15 69 28 86 73
5 28 71 28 43 65 47
5 29 71 10 16 78 33
5 30 53 45 73 35 49
5 31 55 16 47 64 69
5 32 86 70 26 10 21
5 33 71 59 76 50 61
5 34 40 13 24 60 64
5 35 67 66 10 82 70
5 36 70 45 32 69 85
5 37 38 20 17 81 76
5 38 1 69 66 92 52
5 39 2 20 98 84 21
5 40 84 31 36 18 17
5 41 53 12 77 64 26
5 42 64 8 82 14 54
5 43 41 67 14 25 37
5 44 42 39 14 12 24
6 7 38 24 55 88 34
6 8 13 20 62 28 95
6 9 90 12 65 18 39
6 10 55 53 48 86 22
6 11 50 72 48 84 33
6 12 88 6 3 19 67
6 13 70 57 31 81 8
6 14 45 86 52 23 83
6 15 95 47 70 30 32
6 16 33 71 87 63 28
6 17 17 47 17 56 89
6 18 80 76 15 75 60
6 19 1 99 32 86 59
6 20 91 16 45 10 37
6 21 55 41 48 40 22
6 22 87 13 59 53 72
6 23 41 36 42 53 66
6 24 19 78 60 35 25
6 25 45 66 28 84 60
6 26 89 7 63 42 25
6 27 30 46 46 43 88
6 28 2 45 77 52 84
6 29 98 59 51 36 44
6 30 28 56 44 89 63
6 31 63 76 54 13 39
6 32 90 72 35 81 23
6 33 58 63 78 18 25
6 34 80 24 4 12 10
6 35 52 16 58 69 43
6 36 66 68 59 26 77
6 37 81 34 67 9 64
6 38 50 50 87 43 28
6 39 16 67 22 21 42
6 40 87 57 30 76 11
6 41 41 67 50 13 21
6 42 27 36 26 50 35
6 43 12 39 26 92 65
6 44 3 24 86 66 43
7 8 0 29 24 68 99
7 9 83 42 79 73 15
7 10 65 51 35 75 50
7 11 9 87 47 48 50
7 12 54 84 45 26 26
7 13 49 11 81 37 30
7 14 69 23 28 66 51
7 15 82 36 14 7 22
7 16 56 12 62 52 82
7 17 28 35 33 68 43
7 18 19 48 81 36 60
7 19 90 56 46 28 19
7 20 38 55 27 24 35
7 21 52 78 86 89 42
7 22 38 20 77 17 34
7 23 7 86 89 86 83
7 24 59 49 38 78 75
7 25 27 91 37 44 66
7 26 59 33 81 78 69
7 27 77 22 74 61 64
7 28 20 76 87 89 17
7 29 50 84 52 43 68
7 30 92 4 15 40 74
7 31 27 77 82 42 19
7 32 84 38 5 15 16
7 33 32 85 20 24 66
7 34 79 28 67 36 20
7 35 27 47 73 64 75
7 36 84 53 31 31 3
7 37 95 30 16 67 46
7 38 56 29 75 61 72
7 39 93 76 4 11 34
7 40 90 52 15 48 15
7 41 72 10 37 31 7
7 42 46 81 74 88 81
7 43 79 35 15 34 20
7 44 29 75 73 21 39
8 9 9 85 50 90 95
8 10 65 47 8 20 25
8 11 56 54 66 20 33
8 12 86 72 56 6 68
8 13 25 19 21 63 53
8 14 2 20 78 87 82
8 15 60 87 55 77 70
8 16 20 18 78 26 18
8 17 78 52 44 13 20
8 18 89 51 7 60 71
8 19 70 39 13 37 47
8 20 30 86 46 36 86
8 21 53 34 23 35 28
8 22 89 58 30 73 74
8 23 26 35 57 59 52
8 24 92 42 31 37 58
8 25 76 23 69 72 60
8 26 71 84 59 46 77
8 27 89 38 69 80 39
8 28 74 26 32 73 12
8 29 82 46 42 36 24
8 30 90 37 23 72 64
8 31 58 8 53 53 15
8 32 30 36 86 46 84
8 33 31 65 48 89 67
8 34 78 74 36 58 33
8 35 86 64 31 37 28
8 36 86 58 78 79 72
8 37 81 66 58 80 28
8 38 5 48 96 93 38
8 39 41 88 26 57 67
8 40 76 41 4 48 45
8 41 28 25 49 90 25
8 42 14 42 86 80 27
8 43 6 98 42 38 65
8 44 16 70 68 93 78
9 10 71 85 46 13 47
9 11 92 63 54 67 65
9 12 83 63 61 57 76
9 13 76 13 33 31 17
9 14 63 61 29 38 10
9 15 42 79 76 30 68
9 16 6 60 28 85 94
9 17 34 77 52 68 76
9 18 98 12 54 16 36
9 19 56 19 9 47 67
9 20 64 25 83 41 85
9 21 28 81 42 30 93
9 22 6 72 72 23 68
9 23 61 42 47 73 71
9 24 57 69 9 39 43
9 25 83 56 23 49 62
9 26 43 18 58 18 59
9 27 51 79 68 23 32
9 28 48 38 47 12 60
9 29 7 21 77 73 84
9 30 56 12 29 28 37
9 31 96 28 70 13 65
9 32 42 71 66 75 51
9 33 6 64 23 33 83
9 34 44 42 55 49 42
9 35 58 71 72 20 38
9 36 22 63 17 40 70
9 37 51 50 19 35 38
9 38 82 12 38 67 19
9 39 48 85 59 87 21
9 40 43 66 65 84 33
9 41 1 96 86 62 82
9 42 5 94 27 80 54
9 43 29 76 89 38 23
9 44 7 48 35 75 29
10 11 88 25 81 28 21
10 12 23 56 36 18 70
10 13 33 57 15 66 62
10 14 40 54 20 29 52
10 15 28 28 87 87 66
10 16 32 85 36 20 28
10 17 47 54 60 81 18
10 18 77 42 35 27 62
10 19 24 80 62 69 48
10 20 2 32 51 89 27
10 21 75 51 27 21 57
10 22 23 41 90 68 69
10 23 6 48 90 95 52
10 24 44 53 12 67 46
10 25 50 37 63 56 17
10 26 35 44 35 13 84
10 27 94 51 40 34 59
10 28 85 81 48 54 60
10 29 22 74 74 65 67
10 30 23 93 59 43 76
10 31 77 74 54 36 23
10 32 28 73 83 46 57
10 33 5 69 68 70 80
10 34 80 12 29 40 60
10 35 46 24 47 68 86
10 36 4 85 56 43 22
10 37 81 51 23 49 48
10 38 32 25 38 37 31
10 39 55 63 14 44 32
10 40 77 11 51 9 43
10 41 64 81 46 27 54
10 42 97 61 12 4 48
10 43 25 48 52 34 82
10 44 2 50 69 22 21
11 12 72 74 25 28 22
11 13 76 74 52 49 42
11 14 64 78 31 70 21
11 15 50 76 53 43 22
11 16 3 87 51 45 91
11 17 35 80 16 60 69
11 18 58 82 61 12 35
11 19 8 70 18 76 21
11 20 9 55 70 81 67
11 21 62 67 67 11 21
11 22 11 75 28 27 74
11 23 47 51 52 32 39
11 24 79 4 36 65 59
11 25 86 38 51 3 61
11 26 38 14 16 84 14
11 27 77 8 22 46 18
11 28 93 75 2 24 49
11 29 15 22 23 79 50
11 30 45 68 60 62 79
11 31 76 32 54 55 59
11 32 24 20 49 43 47
11 33 55 81 18 54 68
11 34 32 22 44 40 67
11 35 73 8 39 84 46
11 36 31 84 70 66 87
11 37 57 48 24 14 75
11 38 92 29 13 48 28
11 39 6 95 53 93 66
11 40 95 54 61 73 49
11 41 26 20 68 64 75
11 42 43 65 16 24 39
11 43 45 87 81 50 66
11 44 61 86 73 74 78
12 13 48 65 39 36 52
12 14 51 49 43 78 25
12 15 60 40 30 86 39
12 16 37 19 36 73 88
12 17 71 8 34 77 76
12 18 62 71 64 30 13
12 19 99 36 70 38 22
12 20 67 12 40 66 82
12 21 11 17 71 77 47
12 22 89 14 42 75 8
12 23 85 73 5 47 56
12 24 72 34 50 20 32
12 25 45 86 66 35 14
12 26 46 45 18 53 63
12 27 24 21 17 20 93
12 28 83 4 17 41 77
12 29 94 1 32 2 72
12 30 34 18 86 72 53
12 31 32 30 58 43 70
12 32 71 14 35 68 14
12 33 54 37 65 41 78
12 34 27 47 19 19 77
12 35 64 80 51 81 62
12 36 41 32 18 32 89
12 37 38 12 76 40 69
12 38 74 68 28 39 49
12 39 29 86 22 61 16
12 40 71 48 79 19 46
12 41 19 93 56 47 51
12 42 21 31 25 61 86
12 43 26 25 41 65 53
12 44 67 46 12 21 56
13 14 32 30 17 51 85
13 15 3 69 32 37 68
13 16 73 36 13 76 17
13 17 5 52 77 23 29
13 18 93 80 41 80 43
13 19 87 6 38 55 74
13 20 17 68 84 57 92
13 21 87 10 76 67 11
13 22 0 36 78 21 61
13 23 97 76 38 44 29
13 24 52 60 82 39 51
13 25 1 85 56 75 32
13 26 32 63 56 43 61
13 27 81 48 25 58 80
13 28 56 33 54 59 28
13 29 49 75 24 32 18
13 30 55 23 51 83 50
13 31 94 78 43 50 32
13 32 66 40 64 14 51
13 33 54 54 73 9 31
13 34 55 25 42 70 43
13 35 60 14 84 87 57
13 36 47 86 68 21 27
13 37 10 95 70 52 71
13 38 20 41 53 63 77
13 39 98 15 26 35 78
13 40 8 28 89 82 25
13 41 77 14 70 25 54
13 42 10 52 65 67 43
13 43 76 32 69 63 14
13 44 98 36 13 18 32
14 15 74 53 59 40 21
14 16 11 57 57 26 50
14 17 75 63 36 69 43
14 18 16 89 69 79 74
14 19 98 22 19 63 68
14 20 14 75 36 25 91
14 21 17 92 89 57 26
14 22 10 60 28 57 97
14 23 69 7 44 12 55
14 24 51 38 35 60 19
14 25 72 8 18 67 28
14 26 0 29 97 98 87
14 27 68 49 74 38 70
14 28 13 51 61 90 73
14 29 51 75 55 21 17
14 30 35 58 22 48 54
14 31 36 57 50 48 29
14 32 83 36 32 7 61
14 33 77 20 54 15 26
14 34 5 52 27 51 62
14 35 67 45 17 63 44
14 36 72 35 20 76 61
14 37 45 22 90 48 13
14 38 12 85 94 67 68
14 39 3 69 73 72 30
14 40 47 13 80 74 17
14 41 74 9 79 60 47
14 42 94 51 26 21 32
14 43 57 77 57 40 17
14 44 5 41 41 28 59
15 16 89 38 24 33 72
15 17 6 51 29 58 53
15 18 2 49 47 49 44
15 19 40 72 19 71 70
15 20 90 36 43 8 43
15 21 75 42 58 50 68
15 22 7 28 26 19 78
15 23 97 51 65 63 52
15 24 87 17 7 81 31
15 25 26 72 15 79 79
15 26 29 20 38 57 46
15 27 32 35 63 63 35
15 28 17 48 72 92 53
15 29 73 24 52 36 57
15 30 78 38 29 26 75
15 31 0 97 43 85 40
15 32 75 74 23 30 76
15 33 29 84 17 84 46
15 34 27 46 41 14 88
15 35 8 29 50 70 56
15 36 92 79 68 60 2
15 37 30 88 41 26 32
15 38 12 69 39 29 94
15 39 22 17 65 46 56
15 40 29 41 24 60 80
15 41 35 53 50 45 85
15 42 93 8 3 74 26
15 43 17 43 26 35 35
15 44 87 11 21 20 12
16 17 93 9 20 64 60
16 18 72 17 61 63 9
16 19 21 19 55 34 80
16 20 22 54 57 86 61
16 21 27 75 58 36 48
16 22 59 78 13 64 83
16 23 49 67 64 45 27
16 24 74 60 29 62 80
16 25 17 59 63 60 32
16 26 97 49 62 29 69
16 27 81 41 22 13 22
16 28 52 76 49 68 66
16 29 21 52 39 57 27
16 30 39 37 37 45 79
16 31 33 49 51 74 15
16 32 78 33 39 32 49
16 33 42 66 66 71 63
16 34 65 48 7 29 23
16 35 34 51 60 30 50
16 36 27 15 58 23 67
16 37 71 13 60 48 28
16 38 61 35 28 37 82
16 39 17 46 81 47 56
16 40 17 65 76 44 70
16 41 75 46 37 25 17
16 42 18 74 22 44 40
16 43 20 72 74 38 26
16 44 40 42 51 83 52
17 18 97 23 75 44 77
17 19 88 2 59 70 13
17 20 92 14 60 77 3
17 21 71 51 85 52 74
17 22 24 81 80 61 42
17 23 42 89 73 84 71
17 24 76 73 12 10 73
17 25 71 30 8 49 75
17 26 97 67 67 31 5
17 27 25 52 72 74 15
17 28 23 34 83 68 49
17 29 45 60 41 86 57
17 30 19 16 16 61 52
17 31 30 62 72 85 90
17 32 99 37 31 54 61
17 33 85 41 62 43 12
17 34 66 66 86 85 38
17 35 17 81 58 62 31
17 36 46 48 67 52 84
17 37 82 60 39 46 47
17 38 79 28 4 68 64
17 39 0 87 88 86 33
17 40 1 63 82 48 33
17 41 38 72 53 86 65
17 42 30 70 79 73 67
17 43 75 42 7 65 60
17 44 5 80 40 67 90
18 19 55 81 53 60 51
18 20 91 54 48 29 35
18 21 12 18 63 55 36
18 22 82 62 18 60 59
18 23 84 55 70 34 79
18 24 44 71 66 28 21
18 25 62 23 15 71 35
18 26 87 10 16 18 31
18 27 33 44 61 83 18
18 28 35 84 51 24 74
18 29 39 14 78 72 68
18 30 7 97 24 36 96
18 31 3 28 67 31 67
18 32 43 36 68 87 82
18 33 67 75 18 43 43
18 34 81 50 18 21 51
18 35 72 65 72 33 83
18 36 44 54 41 89 34
18 37 17 38 48 40 83
18 38 39 43 61 47 47
18 39 64 16 83 74 69
18 40 40 86 41 41 70
18 41 31 36 65 44 46
18 42 67 32 20 24 75
18 43 89 76 28 55 33
18 44 58 19 18 30 12
19 20 38 20 77 88 69
19 21 70 18 10 34 6
19 22 24 48 65 48 69
19 23 78 48 38 63 72
19 24 25 61 66 69 56
19 25 0 44 70 53 71
19 26 74 21 17 37 64
19 27 27 47 58 48 52
19 28 29 85 60 25 57
19 29 77 76 42 71 60
19 30 0 91 35 33 31
19 31 40 71 50 42 19
19 32 4 21 23 96 47
19 33 65 63 21 80 61
19 34 47 11 43 23 80
19 35 32 47 90 50 48
19 36 31 57 28 52 39
19 37 79 24 43 38 61
19 38 86 40 51 12 8
19 39 99 4 69 31 59
19 40 92 48 34 72 11
19 41 2 21 46 80 56
19 42 46 67 78 42 73
19 43 8 21 96 88 76
19 44 49 82 51 42 26
20 21 4 81 39 38 98
20 22 35 20 57 18 20
20 23 14 58 19 40 53
20 24 67 70 30 80 41
20 25 10 95 73 22 60
20 26 71 16 32 23 41
20 27 61 36 46 35 46
20 28 93 19 31 80 80
20 29 93 28 3 70 8
20 30 90 72 16 53 35
20 31 92 59 18 62 7
20 32 10 65 35 74 71
20 33 89 73 49 61 58
20 34 61 77 30 39 8
20 35 82 68 43 78 11
20 36 27 40 38 70 87
20 37 18 58 46 42 95
20 38 73 59 43 31 34
20 39 57 34 82 19 38
20 40 35 68 51 62 62
20 41 77 53 15 40 64
20 42 36 44 39 12 27
20 43 85 38 11 62 3
20 44 49 25 10 11 38
21 22 42 22 43 56 18
21 23 90 62 69 16 12
21 24 59 75 79 55 83
21 25 78 68 80 76 18
21 26 29 73 87 80 53
21 27 60 16 73 49 13
21 28 92 26 48 24 70
21 29 86 20 27 42 29
21 30 31 81 23 48 68
21 31 20 32 54 39 48
21 32 25 72 60 76 90
21 33 2 44 20 61 70
21 34 79 30 19 74 62
21 35 73 57 31 31 16
21 36 87 27 5 48 2
21 37 66 58 51 57 59
21 38 70 85 76 65 28
21 39 6 27 95 64 81
21 40 17 22 75 74 67
21 41 15 34 41 74 71
21 42 51 51 45 78 49
21 43 37 79 61 84 91
21 44 96 25 80 8 57
22 23 41 90 35 18 46
22 24 92 42 24 65 30
22 25 10 31 52 75 38
22 26 48 87 26 85 41
22 27 89 64 48 40 43
22 28 10 74 89 60 86
22 29 55 45 17 10 83
22 30 78 33 26 66 18
22 31 16 27 81 32 64
22 32 18 53 81 17 62
22 33 24 21 71 70 20
22 34 85 29 48 51 24
22 35 61 66 53 11 40
22 36 26 88 45 44 90
22 37 66 34 23 12 29
22 38 71 77 10 19 10
22 39 21 18 21 65 62
22 40 71 66 37 82 13
22 41 21 20 68 73 54
22 42 19 85 71 56 48
22 43 92 60 12 17 50
22 44 84 81 61 64 8
23 24 67 32 16 63 11
23 25 74 19 14 29 59
23 26 41 24 63 75 36
23 27 14 76 50 71 88
23 28 86 67 41 27 51
23 29 4 61 89 62 90
23 30 2 30 53 95 74
23 31 94 31 55 55 62
23 32 81 23 21 46 68
23 33 57 47 45 52 55
23 34 31 40 41 91 45
23 35 45 63 60 31 36
23 36 33 40 17 13 71
23 37 1 23 32 39 35
23 38 33 79 84 87 41
23 39 67 68 70 31 15
23 40 74 43 67 49 41
23 41 39 71 75 77 28
23 42 71 31 71 23 54
23 43 41 82 83 61 17
23 44 65 23 66 56 63
24 25 5 80 25 59 52
24 26 63 13 80 22 75
24 27 92 13 77 56 53
24 28 20 24 18 62 86
24 29 66 71 55 20 12
24 30 55 14 73 87 48
24 31 75 71 83 78 65
24 32 77 48 61 37 80
24 33 21 94 37 92 67
24 34 2 32 77 31 42
24 35 27 53 49 19 46
24 36 55 30 45 66 81
24 37 11 79 54 60 84
24 38 52 42 53 87 22
24 39 73 31 32 30 57
24 40 73 27 31 40 69
24 41 34 82 66 44 26
24 42 74 22 6 14 70
24 43 98 23 41 70 1
24 44 25 83 53 31 89
25 26 14 51 57 42 70
25 27 68 37 52 17 25
25 28 36 48 34 50 20
25 29 59 82 48 24 42
25 30 96 18 75 20 5
25 31 1 72 71 84 97
25 32 40 41 40 55 46
25 33 20 94 44 91 57
25 34 60 39 52 80 64
25 35 31 51 80 32 54
25 36 64 77 40 77 62
25 37 92 3 81 48 35
25 38 31 85 30 22 25
25 39 51 26 50 60 77
25 40 36 44 72 80 75
25 41 75 43 82 16 80
25 42 76 74 5 41 50
25 43 61 86 53 68 49
25 44 10 78 44 86 54
26 27 3 90 89 86 50
26 28 81 14 7 81 16
26 29 49 27 84 51 70
26 30 18 86 44 54 75
26 31 29 26 25 64 90
26 32 77 50 39 44 74
26 33 15 45 21 73 24
26 34 14 58 36 44 82
26 35 31 40 51 38 50
26 36 25 83 28 44 67
26 37 79 63 9 69 35
26 38 55 58 44 69 25
26 39 47 53 11 39 60
26 40 69 23 47 26 53
26 41 18 83 23 81 32
26 42 14 19 57 89 83
26 43 38 77 32 60 89
26 44 51 27 57 35 23
27 28 84 16 56 27 51
27 29 6 88 49 44 56
27 30 22 32 78 83 24
27 31 54 62 29 83 83
27 32 6 21 74 57 18
27 33 58 82 76 57 68
27 34 81 75 47 6 6
27 35 46 84 60 40 73
27 36 1 32 64 94 26
27 37 78 17 12 40 57
27 38 53 24 80 36 51
27 39 47 28 65 22 58
27 40 84 4 42 56 12
27 41 54 42 10 29 38
27 42 30 39 61 89 49
27 43 99 59 71 33 70
27 44 13 54 70 59 75
28 29 52 14 49 42 18
28 30 89 41 51 62 11
28 31 23 63 85 58 68
28 32 57 69 39 13 58
28 33 46 74 47 61 53
28 34 23 75 88 63 90
28 35 19 35 37 53 74
28 36 29 35 88 49 25
28 37 95 73 64 19 31
28 38 67 49 6 49 64
28 39 30 15 88 44 61
28 40 87 53 23 59 51
28 41 83 10 14 36 67
28 42 14 61 30 34 35
28 43 89 79 63 27 78
28 44 0 75 75 57 54
29 30 67 29 14 62 29
29 31 8 92 24 80 57
29 32 99 34 29 51 36
29 33 71 68 55 34 45
29 34 5 74 57 72 52
29 35 82 46 52 4 18
29 36 68 51 51 31 85
29 37 58 68 61 8 67
29 38 32 58 92 30 76
29 39 92 68 60 13 32
29 40 40 60 42 87 84
29 41 34 27 58 91 21
29 42 30 77 48 76 88
29 43 65 41 78 43 47
29 44 56 15 65 47 80
30 31 83 25 63 34 74
30 32 60 28 71 72 74
30 33 40 85 47 41 64
30 34 89 64 26 47 52
30 35 77 70 76 46 37
30 36 90 15 29 57 54
30 37 30 86 18 61 24
30 38 93 70 22 7 11
30 39 42 52 12 40 62
30 40 45 10 41 27 84
30 41 93 58 1 25 17
30 42 33 27 71 48 80
30 43 7 67 90 45 43
30 44 30 44 56 77 42
31 32 70 27 64 83 83
31 33 64 47 77 68 52
31 34 68 73 17 58 82
31 35 60 21 40 62 37
31 36 85 75 45 75 32
31 37 17 70 81 96 36
31 38 82 59 68 58 41
31 39 17 77 27 67 57
31 40 77 61 66 60 44
31 41 16 28 29 53 43
31 42 93 75 2 20 23
31 43 48 90 32 88 14
31 44 32 23 55 52 64
32 33 74 72 73 7 62
32 34 66 12 75 42 7
32 35 46 32 30 54 65
32 36 69 42 70 20 22
32 37 11 69 69 73 48
32 38 92 23 2 55 36
32 39 67 84 52 41 63
32 40 97 36 5 6 41
32 41 36 70 22 54 15
32 42 66 35 72 76 82
32 43 55 48 80 45 23
32 44 81 46 21 32 18
33 34 23 66 88 36 91
33 35 21 79 19 50 63
33 36 90 20 72 17 52
33 37 50 66 44 32 33
33 38 67 45 7 53 58
33 39 58 55 53 60 84
33 40 1 39 92 32 38
33 41 27 21 52 83 77
33 42 11 30 73 33 55
33 43 73 74 25 51 11
33 44 55 81 19 85 39
34 35 50 14 39 81 54
34 36 69 34 46 65 56
34 37 52 50 63 56 57
34 38 37 77 18 72 53
34 39 22 84 38 29 55
34 40 40 78 58 25 19
34 41 14 47 61 95 73
34 42 73 31 27 26 64
34 43 47 24 16 56 69
34 44 60 48 60 21 81
35 36 22 78 70 95 45
35 37 5 56 62 51 72
35 38 47 84 38 12 37
35 39 68 85 22 49 85
35 40 87 38 53 49 11
35 41 66 32 65 80 61
35 42 84 39 41 37 45
35 43 74 57 24 77 76
35 44 51 74 68 24 52
36 37 69 27 52 39 11
36 38 62 64 56 87 70
36 39 51 57 59 86 30
36 40 52 88 14 52 66
36 41 90 11 13 34 59
36 42 22 40 18 15 40
36 43 1 96 31 78 20
36 44 74 81 56 7 74
37 38 16 50 74 96 75
37 39 10 86 48 72 34
37 40 46 15 88 36 71
37 41 36 30 62 43 61
37 42 79 26 6 84 7
37 43 89 15 52 27 74
37 44 63 9 63 17 37
38 39 51 45 70 42 14
38 40 86 30 70 60 56
38 41 29 55 61 52 34
38 42 6 98 82 42 48
38 43 36 55 37 74 75
38 44 63 17 83 87 66
39 40 7 92 63 36 37
39 41 27 89 62 78 23
39 42 45 13 76 20 33
39 43 5 76 31 44 83
39 44 29 56 55 81 49
40 41 8 81 83 27 49
40 42 31 87 35 61 58
40 43 68 60 72 31 38
40 44 26 23 65 92 31
41 42 52 40 41 25 45
41 43 4 62 26 37 63
41 44 67 22 16 71 47
42 43 57 54 72 33 57
42 44 1 67 99 51 54
43 44 64 36 32 61 26
