50 5
0.7 0 0 0 0.3
0 1 59 42 40 45 38
0 2 18 83 79 82 82
0 3 63 39 35 30 37
0 4 32 63 61 59 60
0 5 96 7 17 12 4
0 6 51 48 43 53 49
0 7 51 47 53 53 50
0 8 6 90 79 93 88
0 9 27 65 70 69 65
0 10 68 40 38 28 41
0 11 70 31 25 35 31
0 12 73 32 35 32 28
0 13 2 95 94 88 93
0 14 45 49 59 57 50
0 15 65 30 29 37 38
0 16 8 92 87 77 88
0 17 78 30 29 31 29
0 18 26 72 69 73 65
0 19 97 5 2 8 9
0 20 94 18 5 12 14
0 21 78 26 26 20 29
0 22 23 70 69 71 65
0 23 93 13 17 19 13
0 24 63 37 43 39 39
0 25 65 36 44 39 42
0 26 45 56 46 56 57
0 27 52 44 50 42 46
0 28 71 33 32 39 24
0 29 39 53 58 55 63
0 30 52 51 45 44 44
0 31 96 16 13 8 9
0 32 34 60 68 64 61
0 33 76 33 34 21 28
0 34 97 9 13 10 10
0 35 29 64 69 74 69
0 36 13 80 77 78 83
0 37 95 8 16 13 14
0 38 93 6 9 9 14
0 39 10 77 84 87 76
0 40 98 3 13 14 14
0 41 65 42 43 29 40
0 42 89 19 20 9 19
0 43 31 65 68 59 69
0 44 10 81 85 77 81
0 45 81 21 23 17 23
0 46 14 79 76 84 73
0 47 46 48 49 50 56
0 48 62 44 40 39 39
0 49 63 36 36 44 43
1 2 29 65 67 73 65
1 3 98 3 15 8 9
1 4 93 9 9 14 6
1 5 48 44 53 54 46
1 6 21 78 76 75 66
1 7 24 65 76 64 72
1 8 58 45 40 46 35
1 9 99 4 6 9 8
1 10 19 81 74 68 73
1 11 63 32 38 37 45
1 12 71 28 31 31 36
1 13 81 20 23 17 20
1 14 22 80 67 70 70
1 15 99 0 11 10 7
1 16 90 10 15 8 20
1 17 15 85 85 82 85
1 18 78 22 20 26 31
1 19 8 92 92 91 84
1 20 37 59 64 54 56
1 21 76 33 30 27 34
1 22 30 70 71 66 70
1 23 14 87 80 82 73
1 24 97 2 13 8 15
1 25 51 51 45 56 44
1 26 46 55 58 47 46
1 27 15 72 81 79 80
1 28 51 46 45 43 42
1 29 59 43 43 38 45
1 30 41 53 56 59 57
1 31 92 19 9 16 13
1 32 62 33 42 34 46
1 33 51 48 51 52 47
1 34 24 69 78 71 70
1 35 66 37 29 31 33
1 36 24 77 67 69 71
1 37 25 64 72 76 75
1 38 19 80 74 71 81
1 39 44 54 48 50 50
1 40 17 69 80 77 76
1 41 78 20 30 26 22
1 42 9 85 83 91 80
1 43 2 87 87 86 96
1 44 45 58 50 55 59
1 45 44 48 53 54 58
1 46 81 24 22 18 17
1 47 7 83 81 89 82
1 48 58 45 49 40 38
1 49 65 31 32 35 30
2 3 58 46 46 48 44
2 4 73 32 33 25 35
2 5 95 7 5 9 17
2 6 1 85 85 93 85
2 7 97 7 13 5 14
2 8 41 53 56 62 61
2 9 86 22 26 22 21
2 10 56 42 45 40 40
2 11 65 38 34 30 33
2 12 65 38 29 31 35
2 13 21 73 69 79 77
2 14 77 20 27 23 27
2 15 86 23 11 23 13
2 16 80 21 24 16 23
2 17 19 68 75 78 79
2 18 11 75 87 87 80
2 19 42 59 60 59 59
2 20 84 27 25 27 18
2 21 27 73 75 74 70
2 22 2 88 89 95 86
2 23 3 97 93 92 90
2 24 56 47 48 48 37
2 25 90 8 16 13 9
2 26 28 61 69 74 67
2 27 21 78 70 79 71
2 28 81 27 18 18 29
2 29 17 78 75 70 80
2 30 55 52 44 43 43
2 31 10 87 76 82 75
2 32 80 19 27 18 24
2 33 7 85 80 89 86
2 34 27 66 76 68 65
2 35 51 48 50 47 43
2 36 91 14 20 15 16
2 37 99 3 1 11 5
2 38 94 17 13 8 15
2 39 91 16 8 20 9
2 40 16 72 73 71 75
2 41 40 50 57 53 63
2 42 70 35 25 35 39
2 43 34 68 68 70 64
2 44 39 52 56 53 59
2 45 25 66 73 73 66
2 46 55 43 43 43 48
2 47 62 42 35 34 43
2 48 64 42 35 39 32
2 49 99 8 7 0 9
3 4 72 33 34 26 30
3 5 87 16 22 19 22
3 6 49 56 45 47 53
3 7 27 68 75 62 72
3 8 41 52 61 63 56
3 9 6 90 92 90 82
3 10 78 32 28 28 33
3 11 26 70 71 72 68
3 12 93 13 9 9 12
3 13 43 48 57 62 52
3 14 95 9 11 4 11
3 15 56 49 45 51 41
3 16 27 72 76 70 68
3 17 5 92 80 91 91
3 18 50 47 47 51 53
3 19 31 70 64 67 67
3 20 6 85 92 93 87
3 21 30 73 65 65 59
3 22 48 43 53 46 52
3 23 69 28 31 33 33
3 24 15 79 84 80 85
3 25 77 31 26 21 26
3 26 57 42 45 46 38
3 27 74 28 27 23 31
3 28 56 38 47 43 40
3 29 75 32 25 21 31
3 30 25 75 68 70 78
3 31 62 36 36 34 35
3 32 99 13 2 1 1
3 33 4 88 84 96 82
3 34 63 31 40 39 40
3 35 20 74 69 79 82
3 36 13 83 79 79 84
3 37 79 24 22 19 17
3 38 50 48 49 56 53
3 39 12 76 77 84 81
3 40 19 81 71 81 79
3 41 40 56 62 55 57
3 42 22 65 70 69 66
3 43 45 58 61 52 54
3 44 43 52 49 56 62
3 45 26 71 64 66 63
3 46 81 21 27 26 23
3 47 83 16 16 23 27
3 48 67 28 35 29 36
3 49 26 64 65 73 67
4 5 49 53 45 52 47
4 6 31 73 69 65 71
4 7 57 42 45 40 49
4 8 35 62 63 63 66
4 9 96 9 12 13 14
4 10 11 78 81 83 78
4 11 10 90 78 90 90
4 12 83 16 26 25 27
4 13 62 36 34 44 38
4 14 25 78 66 76 72
4 15 41 63 58 51 59
4 16 41 54 64 62 53
4 17 58 43 42 47 44
4 18 6 81 86 87 88
4 19 58 36 38 45 50
4 20 29 67 68 60 61
4 21 53 52 42 42 50
4 22 62 32 41 44 44
4 23 87 14 11 12 20
4 24 65 37 38 35 37
4 25 66 42 37 36 36
4 26 23 75 78 68 65
4 27 66 41 36 36 30
4 28 59 36 46 45 37
4 29 13 75 80 85 77
4 30 52 47 46 46 52
4 31 60 43 47 41 45
4 32 41 54 58 51 60
4 33 49 53 47 57 51
4 34 50 46 53 45 46
4 35 61 33 42 44 32
4 36 93 14 17 18 15
4 37 71 32 31 29 26
4 38 91 18 11 16 9
4 39 13 81 79 78 88
4 40 34 67 63 69 64
4 41 96 7 9 9 6
4 42 58 43 35 45 37
4 43 62 37 34 39 35
4 44 16 74 79 72 84
4 45 94 14 16 7 19
4 46 4 95 95 95 95
4 47 46 50 47 49 57
4 48 8 81 91 84 86
4 49 24 79 78 73 73
5 6 42 51 63 51 61
5 7 8 79 88 83 82
5 8 72 34 36 24 29
5 9 0 97 87 86 90
5 10 75 26 24 26 27
5 11 81 19 20 18 16
5 12 92 7 20 7 17
5 13 10 86 87 88 88
5 14 28 61 68 75 61
5 15 96 10 16 6 4
5 16 53 40 52 50 46
5 17 51 48 48 47 50
5 18 63 35 40 42 31
5 19 47 57 50 53 52
5 20 74 28 31 23 35
5 21 3 87 90 83 82
5 22 92 13 19 17 20
5 23 77 27 19 19 24
5 24 75 34 24 35 25
5 25 48 52 55 48 50
5 26 10 83 79 82 85
5 27 10 76 83 84 84
5 28 40 65 58 65 58
5 29 30 70 74 63 73
5 30 76 25 26 20 32
5 31 39 56 60 56 52
5 32 89 18 14 13 16
5 33 64 37 31 43 39
5 34 36 55 62 59 66
5 35 17 81 83 79 72
5 36 49 49 56 55 50
5 37 74 23 25 22 24
5 38 41 56 50 52 52
5 39 9 80 77 90 81
5 40 12 76 87 74 83
5 41 36 65 60 68 63
5 42 89 19 23 16 12
5 43 60 41 36 46 34
5 44 34 57 64 62 68
5 45 55 52 38 43 50
5 46 4 86 88 93 93
5 47 74 25 28 25 26
5 48 98 11 7 5 6
5 49 19 70 72 77 79
6 7 7 82 82 84 85
6 8 40 62 62 59 53
6 9 54 41 53 50 51
6 10 84 14 19 15 21
6 11 76 24 29 22 22
6 12 91 7 8 13 9
6 13 39 55 58 65 55
6 14 50 51 54 56 46
6 15 87 13 17 14 22
6 16 8 83 83 83 82
6 17 62 44 44 37 37
6 18 43 49 55 58 55
6 19 22 68 73 66 77
6 20 31 59 70 68 60
6 21 92 6 10 14 12
6 22 99 2 8 13 14
6 23 6 91 87 83 85
6 24 42 49 56 56 59
6 25 16 72 76 77 74
6 26 89 14 16 14 15
6 27 88 10 13 17 18
6 28 93 16 19 13 7
6 29 54 44 44 48 46
6 30 49 56 49 54 47
6 31 67 42 35 33 38
6 32 80 20 31 18 24
6 33 86 25 25 12 20
6 34 62 42 32 31 43
6 35 56 44 38 47 40
6 36 36 65 69 58 68
6 37 54 50 48 47 40
6 38 71 28 24 28 24
6 39 86 16 24 12 21
6 40 84 17 21 23 16
6 41 15 85 84 77 78
6 42 47 44 48 57 50
6 43 18 75 74 84 84
6 44 10 77 77 87 88
6 45 68 28 35 40 29
6 46 19 73 71 72 78
6 47 38 63 62 59 65
6 48 96 13 10 12 13
6 49 55 44 52 49 46
7 8 38 56 59 61 67
7 9 24 78 67 68 74
7 10 58 41 35 42 36
7 11 67 34 34 37 42
7 12 97 6 9 16 14
7 13 8 89 83 79 85
7 14 65 38 43 41 29
7 15 44 49 53 61 49
7 16 88 23 9 16 12
7 17 21 80 79 69 73
7 18 49 57 48 51 49
7 19 66 34 32 35 37
7 20 60 36 38 40 43
7 21 14 85 75 79 87
7 22 13 75 87 85 74
7 23 71 25 39 34 32
7 24 98 13 5 8 12
7 25 64 42 31 36 43
7 26 52 40 51 46 45
7 27 98 13 4 15 10
7 28 71 37 26 25 29
7 29 75 24 28 31 23
7 30 75 35 24 32 29
7 31 34 61 63 60 69
7 32 82 21 22 18 17
7 33 76 27 32 29 20
7 34 79 29 30 24 25
7 35 26 73 67 67 75
7 36 99 9 14 2 0
7 37 19 70 73 81 81
7 38 72 23 26 32 36
7 39 3 86 88 88 87
7 40 30 62 62 73 64
7 41 95 15 12 15 13
7 42 4 87 91 86 90
7 43 68 27 38 30 27
7 44 51 54 54 51 45
7 45 22 77 80 78 75
7 46 87 14 12 18 21
7 47 38 58 54 60 65
7 48 22 72 71 74 73
7 49 16 71 82 78 85
8 9 84 15 27 16 15
8 10 46 55 56 50 57
8 11 30 69 71 64 63
8 12 31 72 73 59 69
8 13 74 24 28 23 25
8 14 8 90 78 85 90
8 15 2 96 96 93 97
8 16 82 23 18 30 15
8 17 95 9 18 12 5
8 18 22 73 68 67 75
8 19 66 38 36 30 30
8 20 47 58 54 58 49
8 21 65 43 37 33 44
8 22 7 92 82 91 82
8 23 2 96 89 94 86
8 24 6 89 94 85 85
8 25 69 35 33 38 37
8 26 93 16 15 11 10
8 27 41 64 63 59 55
8 28 37 55 61 53 66
8 29 97 7 12 8 16
8 30 24 72 68 67 67
8 31 82 27 29 28 24
8 32 49 51 53 53 57
8 33 8 79 83 86 84
8 34 88 13 15 17 24
8 35 22 77 77 77 76
8 36 19 73 72 83 80
8 37 68 30 37 32 34
8 38 33 66 65 70 64
8 39 84 27 24 15 26
8 40 8 84 87 84 87
8 41 2 91 84 94 92
8 42 95 18 5 11 16
8 43 31 69 72 64 68
8 44 0 88 97 89 97
8 45 41 51 58 52 53
8 46 86 23 14 19 19
8 47 9 79 90 77 83
8 48 82 15 15 23 25
8 49 91 20 14 8 20
9 10 9 81 77 77 82
9 11 17 74 77 78 71
9 12 35 65 67 66 56
9 13 64 34 30 43 44
9 14 7 87 86 80 82
9 15 59 48 34 35 44
9 16 44 51 47 50 52
9 17 56 47 45 49 40
9 18 4 81 94 85 85
9 19 11 84 79 75 86
9 20 22 79 68 80 73
9 21 29 63 61 73 63
9 22 37 66 54 61 62
9 23 60 47 37 34 36
9 24 80 18 22 20 21
9 25 17 73 76 75 78
9 26 12 79 76 80 81
9 27 6 94 83 89 93
9 28 73 36 30 26 36
9 29 75 21 29 27 22
9 30 64 33 43 42 44
9 31 38 57 56 57 58
9 32 91 8 9 9 14
9 33 79 29 26 26 26
9 34 42 52 62 59 60
9 35 54 46 44 49 51
9 36 27 69 73 76 75
9 37 32 71 59 72 64
9 38 13 82 81 86 87
9 39 71 24 28 27 28
9 40 23 76 64 65 67
9 41 14 75 84 83 79
9 42 6 81 92 80 88
9 43 71 25 25 26 35
9 44 69 40 32 33 27
9 45 18 77 70 75 82
9 46 99 14 4 7 4
9 47 60 37 48 41 43
9 48 43 50 60 53 58
9 49 39 59 60 59 58
10 11 54 51 53 43 39
10 12 65 39 32 42 34
10 13 24 69 67 76 67
10 14 33 58 66 63 63
10 15 7 84 84 83 86
10 16 11 76 85 88 88
10 17 17 81 83 80 72
10 18 57 36 39 49 49
10 19 21 74 66 72 78
10 20 26 73 72 73 75
10 21 84 13 19 16 26
10 22 3 87 83 96 90
10 23 18 71 79 74 74
10 24 10 85 77 89 77
10 25 19 80 69 72 75
10 26 55 44 51 47 39
10 27 11 84 89 78 90
10 28 34 65 68 56 63
10 29 7 80 80 84 88
10 30 43 49 62 57 51
10 31 42 53 56 50 60
10 32 83 18 22 25 23
10 33 95 16 4 10 13
10 34 77 23 32 31 25
10 35 56 41 49 49 38
10 36 17 76 77 78 81
10 37 60 37 42 38 36
10 38 44 48 48 53 57
10 39 70 25 26 27 31
10 40 20 78 82 73 68
10 41 16 75 74 83 76
10 42 37 62 60 66 64
10 43 75 22 25 26 27
10 44 98 2 12 10 4
10 45 84 27 23 24 18
10 46 31 72 61 61 63
10 47 74 32 34 23 31
10 48 77 31 21 24 26
10 49 53 48 51 51 41
11 12 65 38 29 40 31
11 13 28 66 70 66 62
11 14 89 11 20 15 22
11 15 26 67 74 67 66
11 16 19 76 79 74 69
11 17 26 66 68 75 62
11 18 81 20 27 17 30
11 19 20 79 67 80 73
11 20 25 72 69 66 75
11 21 3 84 82 92 92
11 22 64 45 41 36 32
11 23 91 18 21 12 8
11 24 76 27 23 27 28
11 25 95 7 6 13 10
11 26 12 82 83 84 87
11 27 82 27 25 17 16
11 28 80 26 29 20 16
11 29 12 80 76 78 76
11 30 16 79 73 74 79
11 31 74 36 24 36 25
11 32 30 71 67 63 73
11 33 80 27 16 19 16
11 34 26 71 70 67 75
11 35 5 86 94 89 90
11 36 47 57 54 46 50
11 37 10 83 79 82 81
11 38 12 88 84 89 80
11 39 17 75 73 76 70
11 40 44 60 47 60 50
11 41 3 85 87 87 87
11 42 62 38 37 40 44
11 43 84 26 19 16 24
11 44 58 46 38 37 49
11 45 56 38 50 50 36
11 46 0 96 96 87 95
11 47 15 81 74 81 83
11 48 77 29 25 29 22
11 49 18 78 72 82 82
12 13 2 89 91 95 84
12 14 56 48 38 40 42
12 15 19 75 69 83 73
12 16 95 17 4 5 18
12 17 99 13 12 5 3
12 18 53 40 49 41 52
12 19 48 45 44 56 55
12 20 41 51 54 57 54
12 21 86 19 20 16 15
12 22 12 77 81 77 78
12 23 18 77 76 72 69
12 24 26 70 72 64 64
12 25 86 14 20 11 16
12 26 53 44 41 46 54
12 27 65 39 34 32 37
12 28 20 81 71 70 76
12 29 82 24 24 26 27
12 30 51 46 49 54 51
12 31 60 42 37 36 42
12 32 47 51 58 44 53
12 33 88 21 18 10 15
12 34 1 84 92 86 96
12 35 49 49 44 56 57
12 36 69 40 31 30 28
12 37 39 61 64 63 53
12 38 70 36 34 35 36
12 39 56 37 49 41 49
12 40 0 88 94 85 92
12 41 71 30 32 32 34
12 42 86 15 22 16 11
12 43 74 32 26 21 32
12 44 29 65 61 62 62
12 45 63 39 37 42 42
12 46 79 27 30 26 25
12 47 47 53 49 50 58
12 48 89 17 23 21 11
12 49 67 33 36 31 28
13 14 19 68 80 79 72
13 15 60 42 47 46 44
13 16 11 79 88 89 82
13 17 9 91 87 90 90
13 18 93 16 19 9 13
13 19 2 88 91 83 89
13 20 75 21 35 34 23
13 21 88 14 22 18 13
13 22 32 59 60 70 71
13 23 6 91 81 87 84
13 24 27 68 68 65 72
13 25 8 88 86 87 88
13 26 9 80 86 79 85
13 27 1 96 85 88 84
13 28 24 66 69 72 76
13 29 11 81 80 81 86
13 30 57 36 48 40 41
13 31 18 83 71 71 79
13 32 23 73 67 65 75
13 33 28 72 68 62 68
13 34 17 76 75 79 79
13 35 28 62 70 63 67
13 36 76 24 23 32 21
13 37 99 12 10 9 0
13 38 69 36 32 39 39
13 39 6 86 87 83 80
13 40 26 69 77 65 67
13 41 30 73 60 71 73
13 42 9 78 80 91 84
13 43 23 70 69 72 71
13 44 18 77 79 72 70
13 45 40 53 60 58 62
13 46 8 82 80 82 91
13 47 57 41 49 38 37
13 48 82 25 19 20 20
13 49 34 66 69 60 60
14 15 68 41 27 28 36
14 16 14 84 78 83 86
14 17 15 82 75 85 80
14 18 66 34 39 43 40
14 19 35 59 68 61 55
14 20 57 37 41 37 39
14 21 4 89 89 85 86
14 22 2 88 87 97 84
14 23 63 34 32 41 38
14 24 44 49 48 54 57
14 25 88 20 20 19 17
14 26 30 66 72 62 60
14 27 32 58 64 65 69
14 28 17 82 78 77 73
14 29 57 48 36 47 39
14 30 73 23 22 33 34
14 31 18 70 73 79 76
14 32 45 56 50 48 60
14 33 54 52 42 52 49
14 34 31 71 60 60 62
14 35 64 34 39 30 30
14 36 87 17 13 14 19
14 37 2 92 84 89 94
14 38 10 76 84 90 82
14 39 33 60 59 61 63
14 40 6 81 80 91 87
14 41 33 70 60 70 62
14 42 65 44 39 38 39
14 43 63 42 30 41 40
14 44 69 28 32 36 28
14 45 65 31 33 43 37
14 46 58 48 43 39 38
14 47 85 12 13 14 13
14 48 81 29 17 23 24
14 49 81 25 23 27 17
15 16 35 66 64 54 66
15 17 73 28 30 33 31
15 18 17 71 80 83 81
15 19 47 48 49 57 51
15 20 49 46 50 53 45
15 21 74 28 27 24 36
15 22 95 9 17 17 7
15 23 67 40 32 32 34
15 24 99 2 12 1 9
15 25 44 48 55 59 54
15 26 73 30 22 36 27
15 27 92 7 13 8 11
15 28 57 49 43 47 36
15 29 73 32 24 36 35
15 30 80 27 18 17 20
15 31 59 44 42 46 35
15 32 43 53 56 50 55
15 33 36 54 58 58 64
15 34 90 16 15 20 19
15 35 54 43 53 51 51
15 36 92 17 11 20 9
15 37 58 41 37 43 37
15 38 77 21 23 21 25
15 39 41 61 54 52 63
15 40 80 22 18 28 29
15 41 22 66 67 68 71
15 42 85 12 17 23 13
15 43 1 90 98 91 90
15 44 11 75 83 76 87
15 45 59 47 37 35 48
15 46 19 78 75 75 78
15 47 43 50 56 58 59
15 48 30 70 69 60 59
15 49 41 60 55 62 51
16 17 20 79 69 76 81
16 18 65 44 36 43 35
16 19 13 77 82 78 75
16 20 94 19 8 14 12
16 21 96 13 16 16 11
16 22 57 43 43 41 51
16 23 93 9 10 7 11
16 24 0 93 90 95 89
16 25 55 48 48 39 43
16 26 58 45 46 43 43
16 27 82 22 14 24 18
16 28 83 25 21 25 26
16 29 81 16 22 26 23
16 30 16 80 81 76 77
16 31 57 44 37 47 38
16 32 87 15 20 21 11
16 33 93 16 13 11 7
16 34 39 57 60 54 66
16 35 26 63 65 68 65
16 36 12 82 77 85 81
16 37 67 37 33 39 35
16 38 78 24 21 30 20
16 39 9 90 90 91 83
16 40 89 21 16 15 13
16 41 3 90 83 87 82
16 42 25 73 73 75 69
16 43 21 66 66 80 70
16 44 22 66 72 79 67
16 45 28 65 63 63 61
16 46 89 15 12 23 17
16 47 40 58 51 64 58
16 48 81 21 18 16 21
16 49 52 42 52 52 43
17 18 83 19 29 21 15
17 19 9 88 80 80 89
17 20 12 87 86 83 89
17 21 31 61 61 63 66
17 22 30 66 71 72 69
17 23 66 32 32 35 36
17 24 44 55 57 47 57
17 25 10 76 76 81 83
17 26 99 0 11 2 2
17 27 25 65 67 73 69
17 28 27 65 75 72 68
17 29 86 20 21 24 22
17 30 11 85 78 79 78
17 31 29 64 61 66 74
17 32 15 78 74 82 73
17 33 37 57 64 61 57
17 34 42 59 55 53 60
17 35 51 55 55 44 46
17 36 98 1 14 9 2
17 37 84 21 22 25 23
17 38 50 48 47 42 44
17 39 61 34 42 46 39
17 40 16 84 85 77 78
17 41 31 62 68 59 63
17 42 53 47 47 40 42
17 43 20 70 75 75 80
17 44 80 31 20 23 22
17 45 23 77 75 76 73
17 46 90 16 9 17 8
17 47 98 1 8 3 13
17 48 51 54 46 44 47
17 49 60 35 39 47 40
18 19 84 19 28 15 17
18 20 87 16 11 16 21
18 21 93 11 18 7 19
18 22 10 88 85 87 87
18 23 90 17 20 11 19
18 24 83 21 23 25 14
18 25 13 83 79 76 87
18 26 8 78 79 91 82
18 27 40 55 62 51 57
18 28 12 85 77 78 76
18 29 19 77 75 75 69
18 30 73 30 37 33 26
18 31 26 72 76 63 66
18 32 35 55 66 59 61
18 33 42 63 53 53 60
18 34 26 72 67 77 62
18 35 76 34 33 27 34
18 36 2 94 85 90 84
18 37 52 50 52 50 42
18 38 41 59 56 59 52
18 39 57 47 46 51 40
18 40 30 69 65 69 61
18 41 87 11 12 24 14
18 42 64 31 38 43 34
18 43 55 45 39 48 40
18 44 30 61 69 73 66
18 45 25 68 72 66 64
18 46 71 28 24 29 36
18 47 78 21 21 27 23
18 48 33 62 58 59 62
18 49 33 69 57 67 64
19 20 40 65 51 53 65
19 21 74 32 22 31 33
19 22 14 80 81 78 73
19 23 31 71 63 62 58
19 24 72 33 24 30 37
19 25 3 89 86 84 88
19 26 66 39 37 38 31
19 27 19 83 71 79 69
19 28 34 68 67 61 65
19 29 7 86 89 82 86
19 30 85 24 22 23 21
19 31 48 55 49 52 46
19 32 12 88 86 85 89
19 33 27 62 70 75 71
19 34 40 63 62 56 51
19 35 32 66 65 70 67
19 36 34 62 65 64 58
19 37 18 78 70 78 70
19 38 82 17 22 29 15
19 39 62 35 38 38 33
19 40 68 31 40 38 39
19 41 93 15 16 9 13
19 42 32 65 69 71 57
19 43 35 59 59 67 70
19 44 54 49 48 50 44
19 45 49 47 57 46 44
19 46 38 57 62 66 63
19 47 97 8 15 7 3
19 48 21 81 75 68 78
19 49 3 83 93 89 90
20 21 6 92 82 92 82
20 22 26 64 71 70 72
20 23 70 24 36 32 27
20 24 80 28 21 29 31
20 25 59 37 35 41 47
20 26 35 66 68 68 66
20 27 88 11 24 16 21
20 28 33 68 65 71 64
20 29 51 49 54 42 48
20 30 75 29 26 27 29
20 31 30 67 67 69 72
20 32 60 42 47 36 44
20 33 90 23 20 15 19
20 34 38 61 56 64 58
20 35 30 70 63 68 72
20 36 89 9 21 19 12
20 37 63 35 38 41 45
20 38 43 57 51 57 53
20 39 11 80 88 76 78
20 40 67 35 35 29 40
20 41 26 67 70 67 72
20 42 37 67 67 53 55
20 43 92 20 11 17 10
20 44 22 67 68 75 75
20 45 93 13 17 13 19
20 46 98 14 7 12 14
20 47 86 22 21 26 20
20 48 29 60 63 72 72
20 49 65 43 42 39 35
21 22 79 30 31 24 25
21 23 74 32 32 36 25
21 24 7 87 89 81 79
21 25 65 38 35 32 35
21 26 36 58 66 68 53
21 27 93 11 17 17 8
21 28 63 33 33 32 40
21 29 3 89 86 93 84
21 30 14 81 74 77 83
21 31 23 66 76 75 76
21 32 37 53 65 65 63
21 33 68 36 39 38 27
21 34 36 62 63 56 58
21 35 55 43 51 45 50
21 36 1 95 96 86 97
21 37 72 26 23 26 23
21 38 57 43 44 41 45
21 39 24 67 70 75 67
21 40 57 48 37 51 42
21 41 68 33 28 39 39
21 42 17 71 79 78 79
21 43 79 30 26 32 18
21 44 18 79 78 72 74
21 45 11 90 88 78 81
21 46 58 44 42 46 50
21 47 40 61 61 62 59
21 48 12 81 85 79 78
21 49 26 65 66 75 63
22 23 54 44 47 46 39
22 24 7 92 87 89 80
22 25 5 88 87 89 84
22 26 94 6 17 12 16
22 27 47 59 55 50 51
22 28 43 59 54 56 59
22 29 15 87 84 81 86
22 30 71 33 24 29 38
22 31 18 81 76 83 70
22 32 24 68 75 77 65
22 33 92 11 14 14 19
22 34 69 32 39 36 38
22 35 13 87 79 77 86
22 36 73 23 26 23 27
22 37 78 19 24 30 23
22 38 36 58 58 55 65
22 39 15 82 74 85 75
22 40 8 85 85 82 79
22 41 81 17 18 27 19
22 42 83 28 26 26 25
22 43 77 33 22 23 24
22 44 96 17 9 14 4
22 45 57 40 38 36 37
22 46 89 20 20 12 20
22 47 63 33 36 32 40
22 48 92 9 12 11 12
22 49 36 62 61 67 64
23 24 83 19 17 22 28
23 25 7 78 84 79 90
23 26 31 59 70 69 65
23 27 42 61 60 57 54
23 28 82 28 15 17 25
23 29 13 84 77 77 82
23 30 53 47 53 45 47
23 31 86 11 24 11 25
23 32 15 80 81 86 72
23 33 51 55 49 53 46
23 34 31 65 59 68 70
23 35 24 69 71 69 75
23 36 70 28 32 29 34
23 37 84 27 14 19 16
23 38 3 92 83 82 85
23 39 24 72 78 68 76
23 40 51 52 42 53 53
23 41 46 59 54 49 54
23 42 92 21 14 17 14
23 43 14 75 74 82 84
23 44 14 76 75 76 75
23 45 85 16 20 26 22
23 46 13 79 80 74 80
23 47 50 54 46 45 51
23 48 7 92 81 87 86
23 49 53 51 51 47 42
24 25 39 54 59 58 57
24 26 83 24 16 22 25
24 27 15 71 81 85 86
24 28 45 59 49 59 57
24 29 57 48 36 44 43
24 30 7 90 89 82 81
24 31 93 7 12 8 9
24 32 90 11 18 15 20
24 33 32 59 67 72 67
24 34 33 64 60 59 60
24 35 57 37 49 39 43
24 36 11 84 78 86 89
24 37 45 60 55 59 47
24 38 35 61 59 57 68
24 39 19 68 76 79 71
24 40 2 86 95 83 94
24 41 22 79 68 71 72
24 42 19 80 73 83 72
24 43 6 89 88 85 89
24 44 57 49 42 43 36
24 45 67 38 30 37 34
24 46 82 27 26 16 29
24 47 31 64 65 61 64
24 48 72 34 24 31 34
24 49 72 23 37 26 29
25 26 38 56 61 62 65
25 27 49 49 48 49 51
25 28 92 7 9 15 8
25 29 82 29 20 20 21
25 30 5 87 83 81 83
25 31 11 85 85 83 77
25 32 94 12 5 16 11
25 33 43 61 55 59 51
25 34 99 14 14 14 12
25 35 8 87 83 90 83
25 36 65 29 30 41 37
25 37 58 42 35 42 36
25 38 33 63 68 66 67
25 39 77 24 32 19 32
25 40 3 88 95 87 88
25 41 15 74 82 79 73
25 42 30 67 70 68 66
25 43 9 79 80 91 79
25 44 9 88 84 90 91
25 45 0 94 89 85 88
25 46 13 81 85 75 80
25 47 59 47 38 48 48
25 48 51 56 45 54 45
25 49 81 28 25 26 29
26 27 92 15 7 19 13
26 28 53 52 50 44 52
26 29 39 66 62 54 62
26 30 71 24 30 36 38
26 31 17 70 74 84 75
26 32 10 81 78 77 80
26 33 97 11 4 6 14
26 34 41 62 56 58 55
26 35 4 88 90 92 81
26 36 42 53 63 57 55
26 37 50 51 49 42 48
26 38 63 40 34 45 43
26 39 25 65 77 75 74
26 40 98 3 6 4 10
26 41 61 45 34 41 45
26 42 61 36 33 40 45
26 43 61 43 34 45 37
26 44 98 3 14 14 3
26 45 97 6 6 8 9
26 46 9 85 87 82 88
26 47 37 62 61 58 58
26 48 10 76 82 82 82
26 49 32 70 64 61 71
27 28 22 75 77 66 76
27 29 43 61 60 61 57
27 30 52 47 40 44 48
27 31 4 89 96 90 82
27 32 57 43 44 38 42
27 33 82 27 23 21 20
27 34 15 74 81 76 81
27 35 59 48 41 45 46
27 36 16 75 83 78 78
27 37 30 72 59 67 63
27 38 47 56 50 46 52
27 39 26 70 72 71 73
27 40 13 82 80 88 88
27 41 4 87 90 81 96
27 42 96 5 9 9 9
27 43 88 23 18 21 12
27 44 60 43 44 34 38
27 45 63 41 43 36 37
27 46 99 0 3 15 9
27 47 57 47 42 47 46
27 48 61 40 41 37 44
27 49 45 55 54 49 49
28 29 64 33 32 34 40
28 30 39 60 59 65 58
28 31 70 25 39 36 33
28 32 50 51 44 44 48
28 33 89 17 19 12 22
28 34 25 63 75 72 68
28 35 24 76 71 76 75
28 36 8 85 90 81 89
28 37 18 82 82 84 80
28 38 33 61 68 66 71
28 39 6 86 82 81 82
28 40 77 30 23 27 21
28 41 75 23 34 32 31
28 42 53 44 52 50 49
28 43 29 66 62 70 67
28 44 29 71 60 72 60
28 45 62 37 40 36 33
28 46 18 77 73 82 71
28 47 26 76 63 63 63
28 48 93 6 14 14 7
28 49 12 78 87 74 75
29 30 96 9 13 5 14
29 31 56 47 47 42 44
29 32 79 26 20 18 30
29 33 43 55 57 59 52
29 34 21 73 72 75 66
29 35 12 84 87 78 83
29 36 32 69 60 65 66
29 37 9 86 79 88 85
29 38 10 88 77 86 85
29 39 2 93 85 84 90
29 40 74 36 23 30 28
29 41 8 88 78 92 79
29 42 48 46 54 52 57
29 43 66 39 34 41 42
29 44 14 81 76 84 72
29 45 68 34 33 35 40
29 46 24 75 75 68 73
29 47 48 47 52 47 48
29 48 57 50 48 47 47
29 49 3 87 85 93 95
30 31 49 50 53 48 52
30 32 6 91 79 84 85
30 33 82 24 23 17 24
30 34 84 26 13 16 18
30 35 59 41 42 38 44
30 36 91 8 10 18 21
30 37 17 70 74 75 74
30 38 8 86 83 82 83
30 39 71 27 33 37 25
30 40 70 27 33 27 38
30 41 15 73 72 73 82
30 42 94 16 14 7 13
30 43 1 87 97 95 88
30 44 96 17 8 14 15
30 45 88 23 12 10 21
30 46 69 39 29 31 27
30 47 59 43 34 35 47
30 48 56 49 43 51 43
30 49 23 79 71 67 79
31 32 58 45 37 38 40
31 33 3 89 88 93 92
31 34 98 15 12 8 6
31 35 44 52 57 48 55
31 36 8 91 88 88 81
31 37 64 43 31 30 33
31 38 21 80 77 80 75
31 39 20 68 70 73 80
31 40 48 58 43 44 55
31 41 89 19 15 15 11
31 42 75 31 34 33 24
31 43 1 94 96 85 96
31 44 52 41 44 43 41
31 45 84 15 26 13 20
31 46 85 18 17 25 20
31 47 56 49 41 43 38
31 48 91 19 20 11 17
31 49 72 23 30 37 35
32 33 23 67 66 72 79
32 34 32 66 62 70 64
32 35 33 61 66 59 69
32 36 87 19 17 19 16
32 37 63 41 32 44 31
32 38 3 96 96 92 84
32 39 6 91 86 94 92
32 40 39 59 61 66 61
32 41 61 41 45 37 35
32 42 84 19 22 22 24
32 43 81 22 20 28 23
32 44 23 78 68 77 72
32 45 39 64 61 57 60
32 46 64 36 31 39 33
32 47 92 8 16 7 14
32 48 26 68 77 69 77
32 49 7 92 92 83 92
33 34 66 34 35 42 31
33 35 49 46 49 56 57
33 36 57 50 49 40 50
33 37 28 75 68 66 69
33 38 48 53 45 47 49
33 39 56 38 38 47 44
33 40 51 55 49 45 45
33 41 40 63 64 64 63
33 42 93 13 13 20 11
33 43 34 58 59 60 59
33 44 73 25 35 23 24
33 45 79 30 17 28 23
33 46 89 10 19 21 17
33 47 10 84 83 85 84
33 48 23 74 78 66 75
33 49 98 13 3 16 7
34 35 74 27 24 30 33
34 36 60 45 46 40 37
34 37 46 47 57 49 50
34 38 17 76 81 72 79
34 39 12 77 79 84 87
34 40 0 88 88 93 87
34 41 82 25 29 24 26
34 42 92 14 15 19 6
34 43 71 24 30 38 27
34 44 3 95 94 89 93
34 45 13 73 81 87 79
34 46 55 52 40 41 43
34 47 51 42 49 41 51
34 48 54 44 39 46 43
34 49 15 74 79 76 77
35 36 45 51 58 49 56
35 37 32 65 64 72 58
35 38 31 69 69 67 73
35 39 73 25 34 30 27
35 40 45 60 51 54 50
35 41 94 17 14 13 6
35 42 22 69 80 79 76
35 43 47 46 55 57 51
35 44 12 82 83 85 78
35 45 60 37 36 34 36
35 46 58 39 42 36 49
35 47 53 45 42 41 52
35 48 77 32 29 31 21
35 49 27 72 69 71 68
36 37 79 32 22 31 17
36 38 39 61 56 58 61
36 39 19 69 80 73 79
36 40 46 56 56 48 58
36 41 91 19 10 15 19
36 42 18 75 70 80 77
36 43 89 19 12 23 21
36 44 19 81 70 71 78
36 45 80 24 31 29 28
36 46 22 70 79 77 74
36 47 73 27 28 28 35
36 48 11 80 79 86 83
36 49 21 69 80 74 71
37 38 63 34 34 37 32
37 39 27 62 70 65 69
37 40 56 44 47 43 49
37 41 66 30 28 32 28
37 42 96 16 11 15 10
37 43 21 79 72 76 72
37 44 95 7 5 12 15
37 45 71 34 31 35 28
37 46 31 60 60 65 68
37 47 87 16 17 14 18
37 48 25 65 65 68 64
37 49 54 41 45 50 40
38 39 80 28 26 27 16
38 40 88 22 15 12 19
38 41 40 62 57 64 61
38 42 1 98 93 88 97
38 43 19 74 75 69 72
38 44 47 47 44 49 52
38 45 75 28 29 27 35
38 46 59 38 38 37 37
38 47 76 23 34 21 27
38 48 92 15 7 13 9
38 49 62 42 33 46 40
39 40 55 39 49 39 43
39 41 77 18 22 26 33
39 42 43 56 53 59 54
39 43 13 84 83 80 86
39 44 40 54 65 63 63
39 45 76 29 26 22 28
39 46 4 82 94 93 82
39 47 83 23 16 21 18
39 48 25 71 66 69 70
39 49 7 88 85 87 91
40 41 68 39 40 41 37
40 42 34 59 69 57 62
40 43 72 34 30 30 36
40 44 94 12 5 14 5
40 45 4 91 82 88 83
40 46 49 46 50 48 47
40 47 72 26 37 34 37
40 48 60 38 46 47 44
40 49 78 32 30 32 22
41 42 29 65 66 65 59
41 43 9 81 90 86 90
41 44 99 1 1 5 13
41 45 69 40 37 31 29
41 46 28 67 63 63 75
41 47 69 34 39 31 34
41 48 35 66 65 69 58
41 49 30 60 60 60 66
42 43 6 91 90 87 87
42 44 36 64 56 60 57
42 45 6 80 80 83 89
42 46 88 14 21 20 12
42 47 86 15 19 16 16
42 48 50 56 55 55 52
42 49 29 67 73 67 68
43 44 23 78 72 69 69
43 45 17 77 77 73 81
43 46 3 89 90 86 95
43 47 4 85 88 88 93
43 48 46 59 56 52 50
43 49 89 14 12 12 18
44 45 53 39 50 52 52
44 46 39 53 60 65 61
44 47 23 75 73 66 76
44 48 95 14 16 9 8
44 49 93 12 11 15 13
45 46 27 70 65 68 64
45 47 0 90 86 84 93
45 48 83 20 20 19 22
45 49 15 82 82 82 79
46 47 86 18 20 23 23
46 48 4 93 92 91 81
46 49 37 55 59 67 63
47 48 56 41 49 50 50
47 49 64 34 32 37 41
48 49 86 20 24 15 16
