40 3
0.5 0.5 0.0 
0 1 26 43 28
0 2 63 65 51
0 3 34 36 10
0 4 4 55 20
0 5 35 71 17
0 6 72 29 57
0 7 99 78 99
0 8 88 37 86
0 9 53 16 52
0 10 77 34 36
0 11 3 67 33
0 12 40 47 76
0 13 8 54 43
0 14 29 17 20
0 15 42 56 54
0 16 25 84 53
0 17 46 77 30
0 18 89 23 80
0 19 56 27 30
0 20 63 91 92
0 21 60 38 50
0 22 47 44 83
0 23 31 19 49
0 24 16 18 10
0 25 19 11 62
0 26 33 72 16
0 27 63 73 80
0 28 56 20 87
0 29 62 19 51
0 30 90 94 77
0 31 72 57 34
0 32 54 14 44
0 33 66 55 21
0 34 75 64 37
0 35 15 25 24
0 36 44 85 65
0 37 40 42 73
0 38 62 33 43
0 39 62 54 37
1 2 84 51 95
1 3 55 46 60
1 4 56 55 19
1 5 52 86 35
1 6 52 66 17
1 7 61 51 64
1 8 38 18 71
1 9 70 20 56
1 10 6 61 6
1 11 30 76 60
1 12 14 68 13
1 13 46 34 82
1 14 66 66 38
1 15 93 75 95
1 16 48 37 48
1 17 16 14 63
1 18 9 32 16
1 19 95 90 85
1 20 61 31 67
1 21 88 37 84
1 22 41 28 16
1 23 52 53 18
1 24 58 87 54
1 25 51 38 46
1 26 95 61 93
1 27 45 18 22
1 28 41 66 51
1 29 25 6 17
1 30 76 56 84
1 31 11 62 60
1 32 58 66 18
1 33 24 37 47
1 34 84 39 70
1 35 51 81 86
1 36 47 16 84
1 37 54 52 52
1 38 50 65 60
1 39 20 28 49
2 3 44 26 70
2 4 89 54 22
2 5 98 64 86
2 6 99 72 44
2 7 33 46 29
2 8 28 67 33
2 9 68 32 93
2 10 6 25 9
2 11 26 6 7
2 12 63 64 69
2 13 69 15 93
2 14 37 10 20
2 15 23 75 78
2 16 77 94 95
2 17 77 49 87
2 18 10 48 30
2 19 58 28 83
2 20 57 19 84
2 21 46 31 28
2 22 27 31 52
2 23 35 71 76
2 24 40 43 48
2 25 40 43 75
2 26 90 34 60
2 27 42 79 65
2 28 29 63 60
2 29 60 36 32
2 30 12 38 49
2 31 10 55 17
2 32 3 34 73
2 33 21 44 7
2 34 42 50 86
2 35 43 11 21
2 36 43 37 55
2 37 46 81 15
2 38 40 86 28
2 39 79 33 86
3 4 48 52 46
3 5 0 61 71
3 6 19 72 80
3 7 88 79 27
3 8 40 24 21
3 9 8 59 79
3 10 21 50 70
3 11 23 19 35
3 12 41 73 66
3 13 53 66 22
3 14 14 74 77
3 15 43 49 30
3 16 97 82 45
3 17 22 18 38
3 18 88 52 40
3 19 57 68 56
3 20 13 68 8
3 21 50 77 41
3 22 12 54 68
3 23 65 51 84
3 24 19 46 71
3 25 48 78 84
3 26 85 17 18
3 27 83 43 77
3 28 53 52 63
3 29 69 64 22
3 30 5 3 30
3 31 63 59 74
3 32 3 64 13
3 33 56 78 65
3 34 20 4 53
3 35 31 74 19
3 36 48 74 19
3 37 86 72 74
3 38 92 83 61
3 39 31 9 85
4 5 27 61 27
4 6 63 37 46
4 7 5 72 30
4 8 55 37 28
4 9 77 30 70
4 10 71 73 82
4 11 44 85 41
4 12 35 77 14
4 13 90 32 76
4 14 92 18 50
4 15 56 53 33
4 16 42 42 26
4 17 84 38 63
4 18 64 27 19
4 19 45 74 49
4 20 10 52 54
4 21 46 63 14
4 22 79 25 22
4 23 32 53 68
4 24 35 72 81
4 25 48 56 71
4 26 16 66 29
4 27 88 58 41
4 28 86 43 96
4 29 19 74 74
4 30 30 38 16
4 31 4 33 18
4 32 73 22 87
4 33 14 71 24
4 34 11 22 16
4 35 47 74 51
4 36 37 78 27
4 37 49 11 16
4 38 52 58 80
4 39 1 1 65
5 6 41 73 60
5 7 29 84 71
5 8 0 32 6
5 9 69 72 15
5 10 30 61 26
5 11 12 3 32
5 12 58 54 68
5 13 38 79 30
5 14 43 77 54
5 15 56 34 12
5 16 37 41 13
5 17 63 67 91
5 18 61 33 69
5 19 87 95 74
5 20 37 15 18
5 21 92 56 86
5 22 1 38 21
5 23 89 72 42
5 24 32 69 69
5 25 0 14 26
5 26 7 59 25
5 27 18 46 38
5 28 75 20 38
5 29 33 54 8
5 30 58 18 19
5 31 40 67 52
5 32 82 73 96
5 33 83 88 28
5 34 93 96 40
5 35 35 41 14
5 36 9 8 53
5 37 64 71 37
5 38 57 72 60
5 39 51 77 79
6 7 38 63 48
6 8 83 62 47
6 9 96 74 19
6 10 67 40 31
6 11 72 74 25
6 12 72 77 56
6 13 29 34 40
6 14 32 79 65
6 15 6 63 50
6 16 54 24 41
6 17 22 83 78
6 18 68 77 18
6 19 66 26 44
6 20 81 26 86
6 21 22 52 39
6 22 41 38 39
6 23 48 82 48
6 24 66 34 37
6 25 34 9 82
6 26 16 36 61
6 27 93 65 22
6 28 29 55 70
6 29 44 85 67
6 30 94 34 51
6 31 0 35 8
6 32 1 15 40
6 33 9 36 31
6 34 3 9 37
6 35 40 52 9
6 36 59 87 79
6 37 7 60 47
6 38 26 35 28
6 39 25 23 35
7 8 79 24 28
7 9 88 73 45
7 10 36 24 15
7 11 27 46 66
7 12 16 13 79
7 13 15 78 41
7 14 13 23 39
7 15 15 41 75
7 16 34 62 54
7 17 19 64 81
7 18 4 2 72
7 19 86 38 82
7 20 52 55 82
7 21 20 19 72
7 22 40 73 69
7 23 81 27 48
7 24 65 29 47
7 25 37 51 56
7 26 73 50 69
7 27 90 37 45
7 28 22 81 73
7 29 45 77 89
7 30 92 43 41
7 31 51 14 21
7 32 11 38 33
7 33 46 37 75
7 34 61 75 54
7 35 30 16 39
7 36 73 14 72
7 37 42 35 57
7 38 4 63 14
7 39 76 23 78
8 9 43 80 57
8 10 86 48 43
8 11 38 35 30
8 12 74 57 60
8 13 26 22 55
8 14 22 9 70
8 15 45 36 68
8 16 52 18 21
8 17 14 40 23
8 18 49 61 60
8 19 43 63 22
8 20 64 62 43
8 21 88 85 67
8 22 17 57 25
8 23 7 64 63
8 24 6 71 34
8 25 0 79 8
8 26 63 51 75
8 27 27 23 7
8 28 77 82 60
8 29 12 51 29
8 30 77 93 51
8 31 13 78 5
8 32 69 92 79
8 33 53 66 89
8 34 35 51 86
8 35 22 37 77
8 36 51 27 80
8 37 69 42 24
8 38 21 63 45
8 39 12 41 74
9 10 98 33 23
9 11 62 51 21
9 12 86 56 25
9 13 77 39 85
9 14 12 44 23
9 15 6 49 31
9 16 99 54 53
9 17 2 60 37
9 18 27 61 60
9 19 18 64 38
9 20 26 28 32
9 21 88 59 76
9 22 30 67 17
9 23 69 14 33
9 24 4 23 10
9 25 81 23 47
9 26 95 22 22
9 27 22 55 57
9 28 74 38 54
9 29 11 60 49
9 30 96 33 82
9 31 40 56 25
9 32 42 55 71
9 33 7 8 8
9 34 16 26 27
9 35 40 62 16
9 36 54 13 41
9 37 51 31 17
9 38 1 41 60
9 39 59 54 76
10 11 89 29 52
10 12 11 75 19
10 13 61 36 44
10 14 64 20 84
10 15 62 90 64
10 16 44 26 75
10 17 16 34 14
10 18 37 30 28
10 19 0 60 55
10 20 71 71 47
10 21 21 33 75
10 22 58 50 56
10 23 68 32 61
10 24 24 37 24
10 25 68 40 57
10 26 70 47 70
10 27 31 68 25
10 28 33 51 34
10 29 24 20 84
10 30 80 45 28
10 31 77 41 21
10 32 45 79 86
10 33 17 55 64
10 34 81 28 73
10 35 0 59 78
10 36 46 87 32
10 37 63 56 27
10 38 96 41 56
10 39 38 87 72
11 12 50 76 67
11 13 8 66 75
11 14 56 61 81
11 15 67 64 47
11 16 90 82 76
11 17 67 67 36
11 18 96 95 44
11 19 34 23 58
11 20 42 61 46
11 21 8 50 46
11 22 37 81 72
11 23 31 60 33
11 24 76 75 45
11 25 87 96 97
11 26 26 24 22
11 27 56 88 53
11 28 6 54 46
11 29 94 27 23
11 30 12 21 12
11 31 77 86 94
11 32 76 20 31
11 33 44 37 24
11 34 32 76 60
11 35 88 81 93
11 36 49 11 32
11 37 71 91 32
11 38 91 36 36
11 39 15 58 18
12 13 0 37 56
12 14 41 88 61
12 15 88 51 36
12 16 57 39 49
12 17 84 69 48
12 18 85 74 96
12 19 5 71 40
12 20 15 69 64
12 21 0 41 5
12 22 56 34 61
12 23 47 22 44
12 24 89 30 22
12 25 68 58 33
12 26 13 41 13
12 27 58 21 13
12 28 62 79 49
12 29 91 26 45
12 30 92 97 91
12 31 84 65 27
12 32 73 67 18
12 33 3 69 80
12 34 66 45 72
12 35 27 44 11
12 36 34 60 71
12 37 15 79 47
12 38 63 61 87
12 39 14 52 74
13 14 22 36 78
13 15 69 49 23
13 16 94 28 73
13 17 37 67 15
13 18 62 16 17
13 19 77 20 89
13 20 64 67 27
13 21 21 30 33
13 22 8 54 20
13 23 66 91 33
13 24 75 37 81
13 25 30 20 28
13 26 49 22 76
13 27 32 37 31
13 28 48 74 26
13 29 16 75 68
13 30 31 63 24
13 31 7 80 50
13 32 42 50 45
13 33 72 59 51
13 34 50 82 41
13 35 41 20 65
13 36 31 34 57
13 37 84 43 78
13 38 57 21 65
13 39 81 25 68
14 15 85 27 33
14 16 95 23 46
14 17 30 80 74
14 18 13 21 31
14 19 6 20 68
14 20 87 56 80
14 21 32 45 54
14 22 60 40 78
14 23 60 76 68
14 24 32 12 48
14 25 12 38 13
14 26 78 41 48
14 27 93 30 66
14 28 90 49 60
14 29 87 91 67
14 30 25 78 18
14 31 88 80 93
14 32 30 29 21
14 33 61 22 29
14 34 94 53 42
14 35 19 52 65
14 36 46 35 32
14 37 1 66 47
14 38 54 11 28
14 39 58 58 87
15 16 73 60 37
15 17 55 31 55
15 18 1 56 18
15 19 81 85 95
15 20 91 23 97
15 21 44 26 16
15 22 47 46 58
15 23 51 39 87
15 24 38 55 63
15 25 72 85 57
15 26 76 51 65
15 27 7 70 13
15 28 54 48 22
15 29 27 80 51
15 30 80 50 85
15 31 54 36 43
15 32 43 27 78
15 33 80 22 46
15 34 54 64 22
15 35 4 74 23
15 36 98 75 88
15 37 13 60 42
15 38 61 48 33
15 39 84 54 77
16 17 29 69 79
16 18 30 17 70
16 19 15 56 32
16 20 5 79 34
16 21 96 55 70
16 22 55 60 27
16 23 74 21 32
16 24 65 43 84
16 25 84 94 53
16 26 20 74 14
16 27 93 93 66
16 28 13 38 51
16 29 68 58 72
16 30 68 57 75
16 31 89 54 19
16 32 16 35 50
16 33 94 46 23
16 34 49 30 37
16 35 68 71 22
16 36 90 19 41
16 37 49 42 20
16 38 13 12 16
16 39 95 79 55
17 18 40 46 61
17 19 35 22 32
17 20 39 82 19
17 21 27 69 28
17 22 34 39 84
17 23 83 48 44
17 24 30 48 71
17 25 40 56 67
17 26 57 43 20
17 27 89 82 51
17 28 5 10 79
17 29 68 53 70
17 30 32 54 68
17 31 83 66 23
17 32 72 64 52
17 33 1 70 52
17 34 90 51 21
17 35 10 81 52
17 36 40 30 81
17 37 99 85 78
17 38 46 45 14
17 39 13 15 27
18 19 98 57 77
18 20 98 27 45
18 21 4 8 1
18 22 64 69 24
18 23 88 84 39
18 24 54 58 90
18 25 54 20 65
18 26 21 68 67
18 27 96 97 37
18 28 92 59 86
18 29 75 37 47
18 30 89 69 66
18 31 28 62 36
18 32 77 88 66
18 33 39 34 43
18 34 88 78 33
18 35 20 10 39
18 36 2 37 15
18 37 28 35 72
18 38 48 87 83
18 39 22 51 41
19 20 28 32 31
19 21 93 60 33
19 22 13 49 47
19 23 79 26 47
19 24 38 75 81
19 25 53 73 54
19 26 62 30 20
19 27 91 26 31
19 28 43 66 36
19 29 57 18 69
19 30 2 79 40
19 31 83 78 95
19 32 65 14 92
19 33 77 20 58
19 34 53 57 26
19 35 46 50 14
19 36 48 71 49
19 37 55 61 79
19 38 22 15 83
19 39 71 58 76
20 21 16 21 38
20 22 17 15 46
20 23 55 35 57
20 24 39 66 79
20 25 18 21 40
20 26 52 53 59
20 27 62 66 57
20 28 47 86 26
20 29 98 49 26
20 30 42 68 31
20 31 28 33 45
20 32 40 22 8
20 33 85 25 46
20 34 89 83 91
20 35 20 66 37
20 36 39 85 79
20 37 35 82 47
20 38 87 72 79
20 39 35 21 69
21 22 91 67 25
21 23 6 66 49
21 24 79 59 19
21 25 88 54 27
21 26 9 8 47
21 27 37 27 10
21 28 5 2 59
21 29 78 47 17
21 30 41 87 85
21 31 89 59 52
21 32 79 24 77
21 33 91 72 58
21 34 27 8 75
21 35 38 44 30
21 36 5 15 20
21 37 57 15 15
21 38 4 79 39
21 39 50 50 56
22 23 1 15 25
22 24 35 31 10
22 25 81 92 77
22 26 41 66 22
22 27 34 48 39
22 28 6 4 14
22 29 5 73 42
22 30 17 57 62
22 31 26 7 78
22 32 47 14 13
22 33 52 60 73
22 34 43 65 77
22 35 9 74 38
22 36 84 52 30
22 37 56 52 76
22 38 87 66 93
22 39 13 49 8
23 24 75 35 62
23 25 19 20 36
23 26 65 64 55
23 27 92 38 25
23 28 13 75 18
23 29 72 19 89
23 30 72 25 87
23 31 89 54 73
23 32 27 55 81
23 33 29 54 63
23 34 5 30 29
23 35 87 25 37
23 36 68 48 26
23 37 95 62 89
23 38 48 13 83
23 39 79 69 22
24 25 76 85 17
24 26 6 63 68
24 27 5 47 2
24 28 83 66 49
24 29 1 60 45
24 30 35 40 76
24 31 98 27 40
24 32 76 71 27
24 33 7 50 18
24 34 18 15 4
24 35 89 42 72
24 36 51 53 32
24 37 83 91 40
24 38 36 38 76
24 39 90 62 60
25 26 66 58 83
25 27 10 33 15
25 28 58 68 78
25 29 84 69 62
25 30 72 32 20
25 31 28 73 6
25 32 76 42 38
25 33 7 69 21
25 34 35 66 25
25 35 16 40 56
25 36 21 27 37
25 37 26 44 27
25 38 0 59 15
25 39 92 33 31
26 27 10 20 12
26 28 9 55 31
26 29 65 71 58
26 30 62 44 41
26 31 64 52 14
26 32 62 38 25
26 33 2 66 2
26 34 37 76 80
26 35 96 51 76
26 36 34 16 74
26 37 5 27 54
26 38 31 62 83
26 39 8 30 52
27 28 21 81 77
27 29 76 63 67
27 30 63 37 86
27 31 7 43 61
27 32 39 40 63
27 33 10 38 17
27 34 36 76 68
27 35 56 34 52
27 36 73 67 23
27 37 18 34 19
27 38 74 41 72
27 39 73 67 71
28 29 94 59 38
28 30 54 73 51
28 31 58 35 83
28 32 20 4 30
28 33 58 90 56
28 34 38 54 27
28 35 59 80 65
28 36 20 68 39
28 37 61 19 41
28 38 62 66 80
28 39 68 89 58
29 30 1 8 69
29 31 29 61 30
29 32 73 76 15
29 33 66 40 13
29 34 58 61 80
29 35 92 22 47
29 36 3 28 80
29 37 5 72 45
29 38 16 30 22
29 39 29 26 80
30 31 46 10 43
30 32 67 22 36
30 33 6 31 23
30 34 23 22 79
30 35 67 56 18
30 36 58 41 15
30 37 10 46 33
30 38 25 78 58
30 39 24 83 64
31 32 39 84 77
31 33 79 19 30
31 34 79 18 35
31 35 83 55 65
31 36 22 6 35
31 37 29 59 14
31 38 82 35 32
31 39 25 35 60
32 33 88 24 17
32 34 33 40 23
32 35 36 78 72
32 36 1 78 75
32 37 73 75 17
32 38 12 23 69
32 39 86 31 60
33 34 63 81 36
33 35 29 85 65
33 36 62 48 70
33 37 97 85 81
33 38 57 54 51
33 39 74 65 30
34 35 33 72 78
34 36 5 79 57
34 37 42 68 39
34 38 96 37 59
34 39 10 67 51
35 36 63 58 40
35 37 75 67 44
35 38 11 17 22
35 39 3 47 41
36 37 41 27 52
36 38 53 38 41
36 39 53 44 22
37 38 45 11 83
37 39 20 31 81
38 39 82 38 72
