48 3
0.5 0.5 0.0 
0 1 43 49 62
0 2 5 21 9
0 3 54 44 58
0 4 75 46 43
0 5 31 35 19
0 6 32 42 32
0 7 83 66 90
0 8 61 73 71
0 9 41 46 35
0 10 28 40 27
0 11 79 71 74
0 12 10 52 17
0 13 25 41 14
0 14 9 7 48
0 15 54 55 75
0 16 55 43 32
0 17 84 68 77
0 18 41 63 55
0 19 21 26 56
0 20 29 57 46
0 21 44 58 39
0 22 39 49 62
0 23 97 71 92
0 24 49 25 68
0 25 35 50 62
0 26 14 38 26
0 27 53 28 30
0 28 26 62 33
0 29 69 79 70
0 30 53 74 39
0 31 63 79 42
0 32 69 44 35
0 33 81 71 78
0 34 9 52 18
0 35 10 7 44
0 36 33 63 18
0 37 37 63 23
0 38 38 22 21
0 39 83 56 80
0 40 94 87 66
0 41 5 27 6
0 42 57 61 66
0 43 25 46 40
0 44 15 34 21
0 45 0 31 1
0 46 80 62 71
0 47 36 37 53
1 2 10 47 20
1 3 19 29 53
1 4 32 36 22
1 5 63 72 35
1 6 57 48 55
1 7 46 34 59
1 8 94 63 67
1 9 76 85 72
1 10 62 57 73
1 11 81 68 73
1 12 92 71 89
1 13 8 9 36
1 14 21 33 41
1 15 30 41 31
1 16 42 29 30
1 17 36 44 62
1 18 38 63 57
1 19 49 46 52
1 20 42 29 43
1 21 89 58 70
1 22 80 44 87
1 23 44 42 40
1 24 96 90 80
1 25 19 53 48
1 26 84 66 74
1 27 11 33 21
1 28 11 49 9
1 29 63 73 34
1 30 95 52 86
1 31 6 8 31
1 32 30 17 35
1 33 17 48 33
1 34 97 83 65
1 35 23 54 41
1 36 61 31 67
1 37 52 59 58
1 38 46 24 24
1 39 11 20 10
1 40 43 41 36
1 41 55 33 28
1 42 95 93 80
1 43 30 59 59
1 44 4 17 15
1 45 35 17 62
1 46 81 53 66
1 47 89 72 48
2 3 7 47 15
2 4 4 26 6
2 5 79 42 44
2 6 36 20 50
2 7 71 73 65
2 8 54 32 32
2 9 65 48 42
2 10 93 93 65
2 11 68 62 35
2 12 95 85 80
2 13 81 53 85
2 14 69 37 46
2 15 65 63 43
2 16 87 69 45
2 17 29 57 14
2 18 65 81 51
2 19 26 17 45
2 20 61 51 32
2 21 66 60 53
2 22 64 61 69
2 23 12 53 40
2 24 89 50 54
2 25 1 40 4
2 26 89 77 94
2 27 23 40 20
2 28 33 31 57
2 29 90 85 58
2 30 97 97 87
2 31 56 70 38
2 32 53 53 54
2 33 2 5 36
2 34 47 40 49
2 35 97 90 58
2 36 13 39 38
2 37 86 69 47
2 38 63 78 33
2 39 0 49 3
2 40 37 34 38
2 41 39 44 38
2 42 59 75 61
2 43 10 53 22
2 44 73 71 49
2 45 29 34 51
2 46 6 8 37
2 47 99 77 52
3 4 35 45 55
3 5 39 51 34
3 6 56 48 69
3 7 66 51 70
3 8 74 57 71
3 9 55 58 66
3 10 12 34 35
3 11 62 67 32
3 12 87 68 58
3 13 66 42 44
3 14 15 45 27
3 15 84 48 80
3 16 28 25 49
3 17 71 59 37
3 18 99 84 72
3 19 79 85 79
3 20 39 52 21
3 21 52 71 71
3 22 33 66 66
3 23 38 43 63
3 24 95 52 83
3 25 92 73 85
3 26 71 64 61
3 27 6 9 7
3 28 55 62 50
3 29 35 25 51
3 30 45 67 64
3 31 20 15 11
3 32 36 41 42
3 33 12 45 42
3 34 37 60 19
3 35 75 40 75
3 36 22 15 40
3 37 50 41 62
3 38 30 27 45
3 39 54 71 62
3 40 24 58 43
3 41 83 57 69
3 42 86 68 44
3 43 18 38 21
3 44 66 63 52
3 45 38 24 22
3 46 17 25 41
3 47 58 29 39
4 5 10 43 16
4 6 49 68 70
4 7 23 19 24
4 8 94 78 47
4 9 9 39 52
4 10 69 40 35
4 11 37 23 21
4 12 34 37 40
4 13 4 17 45
4 14 91 84 80
4 15 50 57 67
4 16 19 52 41
4 17 70 59 66
4 18 94 89 49
4 19 75 56 85
4 20 96 58 67
4 21 98 62 96
4 22 17 45 44
4 23 72 80 58
4 24 4 2 5
4 25 89 70 85
4 26 94 55 86
4 27 91 56 51
4 28 48 43 61
4 29 66 60 69
4 30 19 38 39
4 31 1 42 29
4 32 31 34 53
4 33 84 65 58
4 34 84 44 88
4 35 39 30 49
4 36 99 91 95
4 37 87 46 73
4 38 3 21 48
4 39 73 41 75
4 40 12 19 13
4 41 35 54 20
4 42 64 43 58
4 43 38 49 25
4 44 43 61 31
4 45 47 30 44
4 46 28 19 28
4 47 51 72 51
5 6 77 40 40
5 7 98 76 98
5 8 85 61 60
5 9 84 83 72
5 10 79 49 49
5 11 4 46 25
5 12 77 46 64
5 13 62 37 34
5 14 72 73 62
5 15 78 39 73
5 16 19 28 54
5 17 85 90 48
5 18 98 62 76
5 19 48 30 47
5 20 64 73 33
5 21 70 40 68
5 22 15 46 49
5 23 36 56 22
5 24 29 34 63
5 25 29 46 27
5 26 31 29 62
5 27 38 24 53
5 28 16 27 50
5 29 91 47 79
5 30 78 79 76
5 31 55 33 43
5 32 22 37 34
5 33 91 52 76
5 34 10 43 14
5 35 21 53 53
5 36 5 39 4
5 37 94 77 73
5 38 57 49 68
5 39 23 52 43
5 40 85 71 78
5 41 76 46 81
5 42 37 60 39
5 43 58 64 66
5 44 44 56 47
5 45 97 87 53
5 46 81 88 87
5 47 32 51 35
6 7 16 14 38
6 8 92 47 77
6 9 43 62 56
6 10 60 50 66
6 11 1 3 49
6 12 76 80 57
6 13 90 54 65
6 14 81 50 42
6 15 83 48 68
6 16 8 7 34
6 17 29 35 45
6 18 12 43 26
6 19 71 74 69
6 20 74 86 85
6 21 86 72 83
6 22 21 19 59
6 23 86 75 83
6 24 50 36 25
6 25 75 80 62
6 26 10 33 40
6 27 8 14 17
6 28 22 39 23
6 29 9 6 9
6 30 49 74 70
6 31 97 87 70
6 32 55 57 31
6 33 59 73 55
6 34 24 49 28
6 35 3 24 47
6 36 89 52 81
6 37 54 44 38
6 38 44 38 38
6 39 19 31 45
6 40 18 13 48
6 41 15 31 16
6 42 87 70 43
6 43 58 33 59
6 44 38 65 68
6 45 20 39 12
6 46 58 52 49
6 47 66 35 37
7 8 56 76 57
7 9 94 79 75
7 10 48 37 71
7 11 44 67 69
7 12 71 71 76
7 13 61 50 60
7 14 1 6 7
7 15 92 95 88
7 16 11 51 29
7 17 74 76 46
7 18 46 69 50
7 19 48 63 49
7 20 76 66 79
7 21 86 82 84
7 22 23 45 50
7 23 38 58 33
7 24 23 19 29
7 25 81 85 59
7 26 81 89 48
7 27 59 58 70
7 28 79 49 76
7 29 14 24 44
7 30 70 37 61
7 31 20 19 50
7 32 88 88 87
7 33 46 62 62
7 34 20 58 48
7 35 41 43 62
7 36 57 69 32
7 37 70 62 77
7 38 69 47 58
7 39 24 25 23
7 40 3 2 6
7 41 52 69 48
7 42 43 59 29
7 43 37 34 40
7 44 3 35 11
7 45 38 58 58
7 46 12 16 53
7 47 37 50 38
8 9 39 54 29
8 10 6 38 9
8 11 53 29 76
8 12 50 31 53
8 13 31 40 34
8 14 90 92 80
8 15 9 6 16
8 16 57 33 77
8 17 57 43 64
8 18 38 27 43
8 19 79 70 56
8 20 51 35 27
8 21 0 37 0
8 22 2 13 13
8 23 49 48 72
8 24 44 25 36
8 25 93 94 53
8 26 24 48 39
8 27 37 57 23
8 28 54 60 71
8 29 85 62 55
8 30 11 50 18
8 31 21 26 38
8 32 12 11 25
8 33 87 66 47
8 34 89 88 71
8 35 51 34 50
8 36 13 40 52
8 37 82 47 72
8 38 87 53 92
8 39 81 87 90
8 40 71 85 61
8 41 6 31 11
8 42 13 18 50
8 43 35 20 29
8 44 13 9 14
8 45 80 59 76
8 46 22 42 57
8 47 26 17 13
9 10 51 29 51
9 11 60 63 41
9 12 85 54 59
9 13 21 58 30
9 14 34 57 19
9 15 46 52 42
9 16 17 14 55
9 17 77 57 66
9 18 77 82 46
9 19 8 34 53
9 20 42 30 23
9 21 55 71 32
9 22 98 59 97
9 23 45 61 63
9 24 67 73 39
9 25 26 46 50
9 26 29 19 15
9 27 70 49 54
9 28 25 33 42
9 29 7 10 29
9 30 35 54 60
9 31 25 32 55
9 32 68 74 79
9 33 55 45 69
9 34 54 54 55
9 35 30 29 50
9 36 43 64 54
9 37 43 33 64
9 38 23 51 16
9 39 39 44 54
9 40 66 75 34
9 41 79 47 62
9 42 9 42 15
9 43 82 47 88
9 44 44 52 58
9 45 3 5 29
9 46 24 46 48
9 47 29 52 15
10 11 62 71 33
10 12 18 30 26
10 13 3 49 17
10 14 33 62 33
10 15 93 72 63
10 16 49 48 35
10 17 1 42 6
10 18 57 35 35
10 19 1 27 26
10 20 45 55 37
10 21 63 35 69
10 22 16 36 37
10 23 69 80 38
10 24 60 71 38
10 25 37 33 37
10 26 42 58 42
10 27 91 79 69
10 28 88 73 72
10 29 35 33 41
10 30 23 12 34
10 31 64 46 39
10 32 67 74 64
10 33 79 50 85
10 34 60 73 56
10 35 87 50 60
10 36 78 67 73
10 37 22 19 48
10 38 39 68 32
10 39 18 19 9
10 40 40 45 49
10 41 6 20 35
10 42 63 37 65
10 43 14 51 16
10 44 25 13 43
10 45 47 47 52
10 46 0 11 10
10 47 70 44 37
11 12 89 57 59
11 13 85 57 52
11 14 2 47 29
11 15 5 40 40
11 16 69 84 56
11 17 59 48 30
11 18 13 46 12
11 19 1 11 23
11 20 18 59 23
11 21 10 7 34
11 22 41 52 32
11 23 37 56 38
11 24 46 56 57
11 25 8 50 41
11 26 93 95 50
11 27 35 19 59
11 28 7 53 30
11 29 52 52 59
11 30 28 37 24
11 31 41 29 37
11 32 16 28 30
11 33 3 30 9
11 34 81 56 74
11 35 44 45 38
11 36 37 64 33
11 37 40 42 42
11 38 43 53 38
11 39 39 63 59
11 40 45 32 44
11 41 97 85 93
11 42 78 49 85
11 43 99 91 72
11 44 74 54 66
11 45 62 75 32
11 46 38 36 61
11 47 46 24 47
12 13 74 51 54
12 14 25 46 27
12 15 42 22 29
12 16 10 27 11
12 17 6 43 35
12 18 26 31 18
12 19 29 27 47
12 20 80 81 88
12 21 8 14 21
12 22 27 55 40
12 23 42 37 25
12 24 62 73 43
12 25 47 60 71
12 26 77 85 40
12 27 78 76 78
12 28 82 47 65
12 29 78 75 40
12 30 30 45 23
12 31 73 82 50
12 32 73 57 71
12 33 10 7 49
12 34 48 59 25
12 35 41 67 42
12 36 80 86 60
12 37 50 66 74
12 38 7 51 11
12 39 33 39 66
12 40 87 58 45
12 41 34 19 56
12 42 5 8 26
12 43 93 91 52
12 44 77 42 86
12 45 53 44 44
12 46 27 38 18
12 47 95 84 66
13 14 4 33 5
13 15 30 47 48
13 16 5 3 12
13 17 87 84 70
13 18 91 85 74
13 19 38 48 63
13 20 41 63 27
13 21 59 65 56
13 22 74 86 41
13 23 58 47 72
13 24 35 38 40
13 25 30 16 44
13 26 74 64 48
13 27 80 51 88
13 28 62 78 73
13 29 70 66 70
13 30 0 11 18
13 31 61 40 79
13 32 79 85 83
13 33 38 23 67
13 34 77 86 59
13 35 58 63 62
13 36 76 79 63
13 37 93 58 59
13 38 45 67 52
13 39 58 31 68
13 40 81 69 86
13 41 28 34 35
13 42 51 25 32
13 43 2 10 41
13 44 11 54 37
13 45 16 56 55
13 46 51 48 65
13 47 93 94 57
14 15 4 3 47
14 16 66 35 43
14 17 52 65 59
14 18 84 46 49
14 19 73 75 85
14 20 16 11 55
14 21 43 59 42
14 22 32 35 32
14 23 81 84 71
14 24 7 50 29
14 25 55 44 64
14 26 24 31 45
14 27 14 21 8
14 28 60 55 49
14 29 35 66 41
14 30 18 27 36
14 31 28 21 21
14 32 19 59 10
14 33 32 28 34
14 34 44 40 42
14 35 48 70 26
14 36 87 71 85
14 37 17 40 32
14 38 96 95 86
14 39 83 64 65
14 40 37 33 37
14 41 61 54 70
14 42 94 67 84
14 43 87 91 66
14 44 94 76 70
14 45 71 68 60
14 46 38 63 64
14 47 3 50 5
15 16 52 46 53
15 17 67 51 77
15 18 38 22 35
15 19 91 70 68
15 20 0 17 36
15 21 13 10 54
15 22 71 36 51
15 23 1 50 29
15 24 71 77 54
15 25 3 40 8
15 26 65 48 36
15 27 79 82 60
15 28 61 35 49
15 29 13 10 9
15 30 99 88 64
15 31 83 88 85
15 32 61 35 55
15 33 65 60 68
15 34 26 19 51
15 35 3 24 33
15 36 98 76 60
15 37 49 43 69
15 38 1 46 49
15 39 83 48 46
15 40 15 52 26
15 41 31 29 61
15 42 73 44 85
15 43 23 27 18
15 44 13 49 23
15 45 64 77 38
15 46 64 80 45
15 47 19 24 30
16 17 26 52 43
16 18 51 65 67
16 19 28 34 63
16 20 50 70 50
16 21 54 65 42
16 22 1 22 34
16 23 29 57 23
16 24 94 51 66
16 25 51 44 31
16 26 23 46 49
16 27 39 33 46
16 28 85 48 57
16 29 7 25 25
16 30 78 76 57
16 31 74 60 83
16 32 82 65 59
16 33 53 72 37
16 34 89 56 48
16 35 94 74 59
16 36 24 42 24
16 37 48 33 61
16 38 47 66 63
16 39 98 79 73
16 40 77 41 54
16 41 72 59 69
16 42 55 57 73
16 43 66 65 37
16 44 78 69 57
16 45 78 56 56
16 46 34 41 40
16 47 36 35 63
17 18 63 78 76
17 19 67 60 78
17 20 89 82 62
17 21 80 84 43
17 22 6 12 10
17 23 70 76 38
17 24 43 25 34
17 25 65 33 81
17 26 72 42 43
17 27 1 11 30
17 28 43 30 23
17 29 33 32 61
17 30 25 49 19
17 31 93 89 84
17 32 65 60 79
17 33 79 88 60
17 34 11 30 9
17 35 94 87 70
17 36 41 57 28
17 37 19 47 52
17 38 97 81 97
17 39 18 42 40
17 40 52 52 76
17 41 89 67 48
17 42 13 42 52
17 43 11 45 12
17 44 30 47 24
17 45 20 48 58
17 46 77 67 48
17 47 13 35 37
18 19 95 76 48
18 20 94 92 70
18 21 50 66 38
18 22 29 46 52
18 23 20 20 45
18 24 22 39 18
18 25 32 42 58
18 26 2 29 50
18 27 20 56 37
18 28 32 43 65
18 29 59 40 59
18 30 96 90 92
18 31 37 41 65
18 32 75 55 55
18 33 27 23 62
18 34 70 62 61
18 35 3 48 41
18 36 6 28 12
18 37 78 63 77
18 38 92 96 84
18 39 26 23 53
18 40 54 50 61
18 41 12 12 36
18 42 32 61 21
18 43 43 24 71
18 44 44 62 31
18 45 12 34 45
18 46 74 58 39
18 47 50 63 73
19 20 77 88 86
19 21 79 64 52
19 22 2 48 40
19 23 53 59 64
19 24 85 48 62
19 25 66 61 39
19 26 6 19 14
19 27 25 23 23
19 28 6 45 4
19 29 29 22 35
19 30 19 20 45
19 31 79 40 85
19 32 71 81 59
19 33 40 67 60
19 34 45 70 22
19 35 85 55 68
19 36 67 46 77
19 37 91 61 95
19 38 23 12 52
19 39 99 98 63
19 40 56 64 40
19 41 47 24 71
19 42 0 8 2
19 43 39 68 51
19 44 91 49 68
19 45 48 63 30
19 46 0 22 12
19 47 59 75 31
20 21 70 74 61
20 22 48 37 35
20 23 71 73 54
20 24 61 58 43
20 25 84 79 51
20 26 98 59 76
20 27 53 34 29
20 28 71 44 60
20 29 16 23 43
20 30 59 42 42
20 31 97 90 61
20 32 31 40 47
20 33 12 12 17
20 34 63 53 73
20 35 16 46 30
20 36 95 61 93
20 37 92 80 93
20 38 85 75 47
20 39 58 60 74
20 40 82 73 72
20 41 97 56 90
20 42 80 85 43
20 43 64 64 76
20 44 15 16 14
20 45 48 30 59
20 46 55 43 66
20 47 63 39 65
21 22 36 23 34
21 23 67 71 37
21 24 28 57 24
21 25 45 64 52
21 26 4 46 11
21 27 30 28 49
21 28 79 52 78
21 29 84 76 72
21 30 23 44 51
21 31 89 69 54
21 32 21 45 36
21 33 0 27 31
21 34 47 64 27
21 35 17 36 29
21 36 29 18 21
21 37 44 43 48
21 38 76 47 46
21 39 66 81 43
21 40 20 13 40
21 41 70 59 46
21 42 20 26 52
21 43 10 24 5
21 44 26 21 42
21 45 32 33 32
21 46 91 56 78
21 47 77 71 56
22 23 88 59 68
22 24 9 16 14
22 25 50 65 62
22 26 76 65 44
22 27 41 51 26
22 28 52 57 37
22 29 52 37 26
22 30 58 45 62
22 31 93 94 51
22 32 39 37 35
22 33 5 18 49
22 34 10 14 46
22 35 18 24 53
22 36 37 63 54
22 37 10 28 35
22 38 88 56 90
22 39 89 50 82
22 40 63 48 74
22 41 97 88 69
22 42 36 30 31
22 43 94 69 78
22 44 30 56 37
22 45 54 44 76
22 46 83 74 61
22 47 1 41 12
23 24 82 60 68
23 25 70 69 53
23 26 62 51 33
23 27 27 54 35
23 28 58 52 39
23 29 27 57 26
23 30 25 48 35
23 31 54 61 51
23 32 64 60 77
23 33 6 11 10
23 34 81 61 70
23 35 75 65 65
23 36 57 75 47
23 37 93 59 83
23 38 51 50 31
23 39 83 88 56
23 40 59 72 60
23 41 88 59 69
23 42 48 29 34
23 43 5 24 14
23 44 60 43 37
23 45 22 25 60
23 46 84 73 78
23 47 48 73 39
24 25 0 1 8
24 26 52 27 41
24 27 47 38 26
24 28 12 39 38
24 29 28 63 62
24 30 45 57 25
24 31 77 70 69
24 32 92 73 48
24 33 45 43 40
24 34 6 39 41
24 35 74 38 68
24 36 88 62 53
24 37 17 35 14
24 38 31 41 35
24 39 93 57 89
24 40 85 86 53
24 41 28 33 59
24 42 47 23 38
24 43 62 45 64
24 44 20 17 25
24 45 92 65 63
24 46 95 84 56
24 47 3 45 32
25 26 53 60 39
25 27 73 51 40
25 28 76 41 78
25 29 25 18 15
25 30 7 23 32
25 31 89 66 48
25 32 32 56 58
25 33 12 52 17
25 34 69 83 79
25 35 55 56 45
25 36 4 45 51
25 37 88 82 89
25 38 40 21 70
25 39 66 68 40
25 40 96 72 92
25 41 80 50 85
25 42 89 64 76
25 43 16 44 46
25 44 24 15 33
25 45 85 59 57
25 46 2 10 29
25 47 38 58 64
26 27 37 23 31
26 28 10 31 18
26 29 57 67 28
26 30 71 82 74
26 31 26 19 40
26 32 86 44 74
26 33 76 60 73
26 34 61 59 62
26 35 60 54 71
26 36 3 3 49
26 37 47 24 50
26 38 8 20 42
26 39 57 44 63
26 40 75 64 38
26 41 31 45 23
26 42 85 82 75
26 43 52 63 38
26 44 53 66 67
26 45 11 20 33
26 46 77 53 60
26 47 38 60 31
27 28 33 64 35
27 29 19 47 59
27 30 2 12 27
27 31 17 21 29
27 32 62 46 61
27 33 51 41 50
27 34 88 80 79
27 35 69 37 43
27 36 85 46 88
27 37 92 85 67
27 38 73 74 64
27 39 71 47 80
27 40 54 59 71
27 41 72 42 84
27 42 39 48 23
27 43 0 36 10
27 44 59 38 44
27 45 76 64 40
27 46 86 90 47
27 47 62 43 44
28 29 45 71 48
28 30 80 70 60
28 31 82 78 42
28 32 92 51 57
28 33 69 50 58
28 34 21 12 21
28 35 39 36 24
28 36 35 31 52
28 37 62 62 78
28 38 21 39 34
28 39 68 81 52
28 40 94 83 72
28 41 1 30 40
28 42 0 44 31
28 43 15 48 27
28 44 52 45 66
28 45 29 31 29
28 46 58 37 54
28 47 67 51 49
29 30 86 70 60
29 31 32 31 36
29 32 57 73 57
29 33 42 34 38
29 34 86 56 77
29 35 48 39 47
29 36 79 40 70
29 37 29 39 35
29 38 17 49 35
29 39 77 68 67
29 40 48 61 65
29 41 84 88 62
29 42 94 92 95
29 43 6 25 50
29 44 27 35 44
29 45 21 51 12
29 46 76 64 42
29 47 71 53 69
30 31 49 60 39
30 32 33 25 29
30 33 52 69 67
30 34 94 80 65
30 35 27 42 53
30 36 0 8 9
30 37 1 29 28
30 38 58 67 49
30 39 99 51 85
30 40 59 46 60
30 41 59 40 68
30 42 11 45 31
30 43 24 16 42
30 44 96 49 67
30 45 17 9 28
30 46 39 66 60
30 47 8 8 27
31 32 39 24 31
31 33 85 59 51
31 34 51 34 54
31 35 84 51 86
31 36 83 54 43
31 37 12 36 41
31 38 26 34 29
31 39 67 43 74
31 40 24 30 61
31 41 41 30 59
31 42 40 63 59
31 43 66 48 83
31 44 79 73 70
31 45 72 57 76
31 46 75 65 51
31 47 7 24 40
32 33 70 69 35
32 34 96 73 48
32 35 0 28 22
32 36 36 25 32
32 37 32 66 34
32 38 44 65 42
32 39 21 27 54
32 40 29 17 62
32 41 87 67 52
32 42 13 50 9
32 43 16 37 48
32 44 43 49 51
32 45 32 54 64
32 46 29 27 34
32 47 41 32 44
33 34 20 24 23
33 35 34 26 35
33 36 25 15 39
33 37 9 18 21
33 38 39 50 47
33 39 48 45 29
33 40 21 26 31
33 41 84 59 54
33 42 59 65 51
33 43 50 30 55
33 44 13 28 25
33 45 22 22 14
33 46 34 39 49
33 47 30 47 41
34 35 79 84 81
34 36 93 65 88
34 37 45 48 54
34 38 26 41 42
34 39 1 6 48
34 40 4 39 26
34 41 55 46 44
34 42 92 73 72
34 43 75 39 68
34 44 19 35 13
34 45 20 34 23
34 46 93 49 81
34 47 93 84 80
35 36 83 83 73
35 37 71 83 49
35 38 13 19 27
35 39 33 29 50
35 40 96 63 91
35 41 74 44 37
35 42 6 25 52
35 43 39 60 42
35 44 5 4 43
35 45 9 53 35
35 46 30 53 30
35 47 25 32 54
36 37 18 16 15
36 38 67 53 33
36 39 30 29 18
36 40 5 8 50
36 41 97 61 73
36 42 86 57 86
36 43 8 48 15
36 44 52 56 32
36 45 21 32 29
36 46 0 10 43
36 47 51 51 45
37 38 5 3 50
37 39 69 64 68
37 40 72 40 43
37 41 57 72 33
37 42 1 12 37
37 43 26 33 35
37 44 38 67 65
37 45 86 58 55
37 46 75 50 45
37 47 18 56 55
38 39 69 46 74
38 40 98 91 94
38 41 79 60 42
38 42 0 48 8
38 43 43 36 28
38 44 12 9 30
38 45 74 37 85
38 46 55 41 63
38 47 23 60 56
39 40 84 76 46
39 41 4 51 30
39 42 70 65 75
39 43 25 45 53
39 44 24 59 36
39 45 31 42 32
39 46 86 50 45
39 47 51 48 31
40 41 22 26 16
40 42 97 76 50
40 43 73 43 66
40 44 76 60 68
40 45 42 54 22
40 46 21 42 32
40 47 3 18 2
41 42 10 47 46
41 43 62 51 71
41 44 37 30 19
41 45 76 79 63
41 46 60 72 39
41 47 82 62 58
42 43 13 14 20
42 44 35 31 62
42 45 2 49 36
42 46 85 75 57
42 47 33 59 17
43 44 33 19 66
43 45 20 29 23
43 46 70 82 40
43 47 69 42 41
44 45 8 27 5
44 46 49 47 67
44 47 4 41 28
45 46 55 35 53
45 47 12 38 15
46 47 8 49 21
