10 5
0 0 1 0 0 
0 1 97 13 14 10 13
0 2 88 12 23 14 9
0 3 19 75 76 83 72
0 4 64 31 32 37 35
0 5 26 69 71 72 65
0 6 30 66 64 68 68
0 7 93 6 17 11 11
0 8 90 12 20 13 9
0 9 1 95 91 96 84
1 2 86 24 22 18 21
1 3 63 43 37 41 43
1 4 7 85 91 81 92
1 5 23 72 77 65 73
1 6 74 31 25 35 24
1 7 80 31 18 20 22
1 8 27 66 74 68 61
1 9 76 33 30 29 25
2 3 72 35 31 28 32
2 4 87 18 21 14 17
2 5 73 23 32 33 30
2 6 21 78 72 75 74
2 7 57 48 49 50 42
2 8 39 54 59 61 61
2 9 96 5 13 6 6
3 4 41 56 62 57 63
3 5 80 29 18 28 25
3 6 65 30 42 42 32
3 7 93 9 8 16 11
3 8 46 59 46 46 45
3 9 86 16 19 13 13
4 5 86 15 13 25 20
4 6 56 41 44 39 46
4 7 78 25 26 25 30
4 8 15 74 84 76 77
4 9 99 4 12 3 8
5 6 94 9 18 14 7
5 7 89 11 22 15 16
5 8 62 39 38 40 44
5 9 24 70 65 66 71
6 7 29 72 70 71 66
6 8 94 5 17 12 11
6 9 14 84 87 80 77
7 8 23 75 70 65 74
7 9 20 75 69 72 79
8 9 31 65 59 73 60
