15 5
0 0 1 0 0 
0 1 27 69 67 72 64
0 2 40 58 61 52 59
0 3 50 42 56 54 45
0 4 47 51 56 50 50
0 5 91 15 12 18 16
0 6 95 5 18 19 4
0 7 3 87 93 85 88
0 8 43 59 59 50 60
0 9 42 54 61 52 60
0 10 50 56 55 55 45
0 11 36 61 59 61 59
0 12 50 53 49 46 56
0 13 8 80 90 80 83
0 14 55 49 43 44 39
1 2 81 28 19 28 19
1 3 92 15 14 17 14
1 4 97 7 16 3 6
1 5 23 70 78 78 67
1 6 24 72 76 65 70
1 7 21 81 67 78 75
1 8 69 32 34 36 26
1 9 63 31 36 40 39
1 10 47 47 51 56 55
1 11 89 21 20 14 10
1 12 25 63 64 70 68
1 13 62 41 32 42 37
1 14 94 16 11 11 12
2 3 67 29 30 32 41
2 4 37 54 64 53 62
2 5 13 75 76 73 73
2 6 43 54 60 53 55
2 7 23 66 78 65 79
2 8 22 72 68 74 71
2 9 1 93 94 90 91
2 10 54 47 48 48 50
2 11 81 22 18 16 20
2 12 60 38 39 40 47
2 13 31 71 59 69 68
2 14 17 83 81 70 70
3 4 55 38 50 47 43
3 5 67 32 28 33 38
3 6 23 78 79 75 79
3 7 69 33 33 29 26
3 8 60 37 34 42 34
3 9 80 25 31 23 17
3 10 42 53 51 53 57
3 11 58 42 45 35 44
3 12 99 12 5 6 10
3 13 2 97 83 88 95
3 14 20 67 73 72 72
4 5 56 48 49 47 42
4 6 83 15 26 22 20
4 7 8 87 77 90 83
4 8 49 57 51 48 49
4 9 20 69 73 76 76
4 10 43 61 60 63 52
4 11 98 2 12 7 5
4 12 61 38 45 36 34
4 13 97 10 15 2 7
4 14 41 62 60 62 56
5 6 2 87 88 96 95
5 7 39 53 55 61 52
5 8 1 92 98 97 97
5 9 51 45 44 49 51
5 10 98 10 6 11 6
5 11 45 46 59 49 56
5 12 15 76 82 83 74
5 13 61 35 38 41 45
5 14 99 8 12 6 3
6 7 74 24 34 24 28
6 8 48 52 58 56 47
6 9 10 81 83 90 84
6 10 66 36 38 43 37
6 11 53 39 42 52 45
6 12 14 80 77 79 80
6 13 55 42 40 50 44
6 14 23 67 74 69 74
7 8 67 28 28 28 32
7 9 91 17 15 12 7
7 10 17 83 71 77 84
7 11 73 23 27 23 32
7 12 82 15 29 27 28
7 13 0 88 89 85 97
7 14 42 49 60 54 62
8 9 82 15 22 23 29
8 10 72 24 24 38 34
8 11 93 11 12 17 9
8 12 15 72 83 86 77
8 13 90 11 20 20 18
8 14 75 29 20 25 35
9 10 32 61 61 69 59
9 11 87 14 19 23 19
9 12 9 82 80 79 85
9 13 49 56 53 43 54
9 14 5 81 82 89 90
10 11 69 30 38 33 28
10 12 28 70 67 70 74
10 13 37 53 64 55 64
10 14 83 18 24 25 17
11 12 55 50 48 42 49
11 13 70 30 36 35 29
11 14 16 84 78 77 83
12 13 10 89 82 80 80
12 14 85 16 22 14 18
13 14 51 43 51 54 55
