15 5
0 0.333333 0.333333 0.333333 0 
0 1 55 71 35 42 34
0 2 23 45 42 85 66
0 3 61 63 42 62 29
0 4 58 56 49 38 66
0 5 63 26 35 21 47
0 6 75 49 27 52 57
0 7 92 46 28 52 17
0 8 34 49 64 79 39
0 9 16 52 65 87 49
0 10 60 54 56 48 25
0 11 45 48 45 58 76
0 12 69 50 51 39 57
0 13 32 73 52 48 73
0 14 19 51 71 62 47
1 2 86 35 35 25 53
1 3 95 44 4 20 40
1 4 40 50 41 68 48
1 5 0 64 62 96 73
1 6 28 76 45 39 63
1 7 16 68 89 44 43
1 8 87 43 42 17 46
1 9 44 52 60 49 47
1 10 33 46 45 71 81
1 11 95 47 51 17 46
1 12 51 72 46 45 56
1 13 78 15 34 23 19
1 14 48 72 51 56 27
2 3 53 47 69 42 28
2 4 20 74 41 56 60
2 5 45 35 29 27 71
2 6 94 45 25 4 5
2 7 62 65 64 23 66
2 8 91 8 31 48 25
2 9 49 61 46 74 52
2 10 2 85 88 54 96
2 11 74 43 19 49 62
2 12 69 35 39 47 26
2 13 28 75 68 81 57
2 14 90 26 48 31 12
3 4 92 16 15 26 30
3 5 50 59 73 65 74
3 6 16 61 67 77 88
3 7 38 49 35 42 71
3 8 56 21 54 71 32
3 9 65 64 38 62 41
3 10 97 47 32 29 13
3 11 19 59 75 85 56
3 12 45 70 69 29 31
3 13 92 35 31 49 18
3 14 54 29 54 55 46
4 5 35 54 66 46 78
4 6 11 64 63 63 58
4 7 39 65 41 69 73
4 8 17 45 73 58 63
4 9 48 38 36 64 49
4 10 86 38 27 49 52
4 11 19 76 47 45 47
4 12 53 66 66 44 29
4 13 96 33 14 19 22
4 14 55 43 30 26 37
5 6 24 70 86 45 55
5 7 86 40 49 10 43
5 8 85 26 46 28 42
5 9 84 34 31 19 44
5 10 9 72 56 88 56
5 11 70 32 61 49 16
5 12 12 90 91 53 50
5 13 9 88 88 54 69
5 14 45 56 37 44 50
6 7 64 19 49 32 20
6 8 9 70 82 55 59
6 9 1 60 78 79 73
6 10 37 75 59 65 60
6 11 36 80 61 63 34
6 12 95 2 12 3 6
6 13 39 79 59 60 40
6 14 11 62 78 63 55
7 8 62 57 64 31 25
7 9 16 57 51 42 58
7 10 45 76 60 44 59
7 11 67 64 53 61 24
7 12 93 5 11 27 10
7 13 18 83 68 77 58
7 14 43 75 49 36 47
8 9 46 45 49 50 40
8 10 16 64 42 81 45
8 11 54 46 36 66 31
8 12 48 49 58 75 58
8 13 75 34 20 29 58
8 14 8 60 54 70 49
9 10 52 49 65 42 44
9 11 47 36 47 29 69
9 12 77 30 17 35 11
9 13 43 64 46 60 44
9 14 15 86 72 45 59
10 11 96 43 42 49 30
10 12 26 83 80 79 39
10 13 36 64 43 44 49
10 14 61 50 27 59 63
11 12 95 28 13 3 23
11 13 55 42 69 66 45
11 14 82 55 17 25 39
12 13 46 37 48 44 41
12 14 67 36 22 42 26
13 14 61 48 26 58 66
