22 5
0 0 1 0 0 
0 1 36 39 61 55 77
0 2 84 13 53 29 17
0 3 29 56 37 57 58
0 4 30 69 65 78 49
0 5 29 52 83 82 73
0 6 63 50 44 33 44
0 7 24 76 76 80 78
0 8 92 46 44 12 10
0 9 32 66 65 61 56
0 10 23 57 67 41 63
0 11 26 76 58 47 75
0 12 37 62 45 66 59
0 13 48 67 35 71 31
0 14 29 54 60 38 45
0 15 80 33 57 49 49
0 16 48 72 28 58 72
0 17 90 10 15 6 16
0 18 38 44 70 56 76
0 19 17 86 41 82 68
0 20 88 44 10 43 41
0 21 3 65 53 72 89
1 2 96 40 50 42 26
1 3 84 48 26 45 23
1 4 38 76 69 51 54
1 5 24 82 65 51 76
1 6 51 55 58 44 26
1 7 72 60 44 61 14
1 8 16 64 54 66 74
1 9 59 39 36 55 41
1 10 2 61 53 93 88
1 11 21 81 39 57 73
1 12 50 30 30 48 73
1 13 82 11 41 21 52
1 14 80 17 28 32 22
1 15 99 8 30 28 9
1 16 72 52 62 24 42
1 17 51 39 44 25 66
1 18 45 48 35 37 50
1 19 44 49 75 36 48
1 20 47 48 34 49 34
1 21 51 56 39 58 33
2 3 19 48 73 55 46
2 4 61 35 57 66 47
2 5 37 58 75 64 66
2 6 26 44 48 75 86
2 7 38 45 35 43 55
2 8 95 21 6 22 21
2 9 22 58 52 55 62
2 10 95 6 19 35 47
2 11 82 24 12 35 51
2 12 52 33 39 72 41
2 13 46 35 58 60 30
2 14 36 50 47 42 56
2 15 42 77 74 72 66
2 16 56 34 71 59 44
2 17 4 81 68 76 65
2 18 31 46 50 66 43
2 19 40 59 35 44 38
2 20 22 66 67 46 67
2 21 56 33 59 37 27
3 4 16 60 80 90 60
3 5 62 21 45 53 38
3 6 34 63 42 58 33
3 7 45 32 76 64 63
3 8 98 47 17 21 6
3 9 19 68 56 81 44
3 10 8 78 62 49 67
3 11 75 14 38 35 13
3 12 77 22 52 53 13
3 13 89 48 50 31 8
3 14 17 77 77 62 80
3 15 78 14 48 42 10
3 16 82 32 49 23 48
3 17 0 85 61 66 61
3 18 84 37 52 26 42
3 19 57 35 30 30 27
3 20 41 51 35 64 53
3 21 49 71 70 55 66
4 5 12 63 67 92 52
4 6 10 45 86 45 57
4 7 43 49 38 60 28
4 8 17 60 90 67 84
4 9 4 63 86 88 80
4 10 37 31 35 56 40
4 11 15 61 86 59 66
4 12 1 87 56 77 60
4 13 73 13 48 39 42
4 14 12 57 58 68 89
4 15 9 81 48 87 90
4 16 65 46 30 37 26
4 17 53 70 66 52 33
4 18 22 66 48 51 41
4 19 55 33 45 33 66
4 20 76 29 13 43 20
4 21 41 57 56 57 59
5 6 12 45 64 54 78
5 7 85 16 11 55 32
5 8 85 15 10 16 16
5 9 24 80 59 52 50
5 10 72 14 24 20 59
5 11 78 34 36 47 45
5 12 98 18 16 33 35
5 13 64 29 18 40 63
5 14 12 70 82 68 74
5 15 51 31 69 53 55
5 16 42 55 63 45 47
5 17 61 52 62 57 27
5 18 74 38 42 20 21
5 19 54 46 30 26 51
5 20 14 83 56 85 91
5 21 81 17 39 21 19
6 7 33 75 68 58 74
6 8 79 31 39 50 46
6 9 85 22 35 20 31
6 10 85 27 43 29 44
6 11 6 88 77 93 92
6 12 84 22 17 16 53
6 13 49 61 70 68 25
6 14 82 24 23 9 34
6 15 63 37 63 66 58
6 16 64 44 49 19 63
6 17 45 51 42 72 32
6 18 62 66 37 65 26
6 19 87 51 39 17 52
6 20 59 28 49 33 30
6 21 85 39 33 18 37
7 8 42 29 42 77 29
7 9 52 67 51 47 65
7 10 25 55 83 65 80
7 11 6 60 83 66 59
7 12 84 43 34 18 30
7 13 5 87 90 72 60
7 14 70 15 60 61 51
7 15 88 32 34 11 47
7 16 72 41 53 48 30
7 17 0 50 74 63 87
7 18 43 67 48 77 52
7 19 59 20 44 55 47
7 20 99 34 19 32 42
7 21 98 22 10 27 40
8 9 98 21 23 25 12
8 10 51 40 67 25 70
8 11 63 29 52 54 50
8 12 86 51 8 16 23
8 13 10 52 57 69 73
8 14 60 39 61 69 69
8 15 70 19 32 20 21
8 16 4 55 85 74 77
8 17 47 57 69 30 28
8 18 45 75 73 45 67
8 19 4 63 89 60 78
8 20 15 57 52 81 73
8 21 83 22 20 50 44
9 10 1 66 68 98 58
9 11 74 54 21 28 47
9 12 87 15 40 44 35
9 13 12 72 90 91 83
9 14 85 17 38 27 13
9 15 0 93 62 74 91
9 16 68 20 47 40 53
9 17 34 57 43 45 76
9 18 58 21 52 44 47
9 19 34 40 48 36 55
9 20 49 27 65 50 44
9 21 52 40 63 54 70
10 11 83 19 41 18 48
10 12 39 76 72 64 73
10 13 4 79 79 58 51
10 14 18 46 80 51 68
10 15 81 22 46 41 26
10 16 40 55 64 44 79
10 17 64 29 31 35 64
10 18 4 63 94 87 96
10 19 24 84 37 77 77
10 20 34 64 53 36 33
10 21 13 56 43 58 58
11 12 86 14 56 14 38
11 13 91 18 16 49 26
11 14 33 77 78 77 41
11 15 27 40 63 70 74
11 16 67 44 53 31 60
11 17 30 44 55 64 56
11 18 88 6 43 20 38
11 19 97 21 32 42 19
11 20 90 21 7 22 22
11 21 57 27 55 30 58
12 13 84 49 40 23 44
12 14 15 84 76 86 64
12 15 91 38 51 4 23
12 16 98 21 27 22 45
12 17 37 40 74 69 68
12 18 75 50 15 43 55
12 19 13 60 66 80 52
12 20 98 4 23 36 21
12 21 52 57 53 35 43
13 14 37 64 68 45 69
13 15 98 23 33 13 3
13 16 90 50 28 41 42
13 17 78 21 11 28 25
13 18 72 44 51 30 16
13 19 9 70 57 89 55
13 20 5 55 52 69 78
13 21 5 80 51 90 80
14 15 31 47 47 64 45
14 16 75 34 44 37 13
14 17 26 42 86 41 43
14 18 63 63 55 54 59
14 19 48 47 67 47 65
14 20 29 70 67 59 51
14 21 90 9 35 40 17
15 16 60 39 48 35 24
15 17 70 19 24 21 36
15 18 8 47 50 76 89
15 19 21 39 75 86 83
15 20 1 50 54 89 52
15 21 47 33 28 65 41
16 17 9 90 50 49 72
16 18 47 32 41 47 67
16 19 40 72 62 30 42
16 20 55 26 32 65 42
16 21 36 40 37 61 45
17 18 5 55 86 61 93
17 19 97 6 17 19 4
17 20 64 51 33 55 33
17 21 54 38 49 65 44
18 19 24 86 66 40 65
18 20 19 74 52 75 45
18 21 4 57 64 52 54
19 20 35 44 49 68 36
19 21 18 54 78 49 45
20 21 7 68 72 83 64
