25 5
0 0.333333 0.333333 0.333333 0 
0 1 73 31 31 23 36
0 2 2 86 96 93 96
0 3 34 61 59 70 69
0 4 37 53 57 55 55
0 5 42 49 55 50 57
0 6 94 14 6 5 11
0 7 24 78 75 78 78
0 8 46 51 52 54 56
0 9 58 46 50 43 38
0 10 70 38 25 37 37
0 11 30 61 68 69 70
0 12 58 48 41 38 48
0 13 43 58 49 62 62
0 14 97 15 4 11 3
0 15 65 38 30 42 36
0 16 53 46 40 41 39
0 17 75 23 22 31 23
0 18 99 11 9 8 10
0 19 96 9 5 11 8
0 20 19 77 79 81 71
0 21 67 28 31 41 29
0 22 43 54 59 55 54
0 23 57 42 37 43 45
0 24 87 21 15 15 13
1 2 91 22 9 22 8
1 3 41 59 58 62 61
1 4 53 50 39 44 48
1 5 33 57 58 57 57
1 6 35 58 68 57 59
1 7 49 54 45 46 55
1 8 61 40 42 34 35
1 9 96 9 7 13 6
1 10 62 47 34 35 45
1 11 13 78 88 87 84
1 12 70 28 37 29 25
1 13 2 86 85 86 86
1 14 63 41 36 44 43
1 15 3 85 85 82 96
1 16 51 44 45 55 47
1 17 72 25 30 34 29
1 18 17 75 75 80 72
1 19 64 33 36 37 36
1 20 51 48 45 51 51
1 21 31 58 63 59 68
1 22 87 19 19 18 16
1 23 89 22 18 17 22
1 24 53 50 43 40 41
2 3 0 85 86 97 88
2 4 58 41 41 47 43
2 5 10 91 76 86 78
2 6 92 20 19 9 17
2 7 93 7 16 17 10
2 8 43 50 62 52 56
2 9 65 30 38 39 33
2 10 3 94 92 86 81
2 11 44 53 48 58 47
2 12 54 40 49 42 48
2 13 17 79 79 79 76
2 14 83 14 25 21 23
2 15 7 90 88 92 80
2 16 95 5 6 7 11
2 17 21 67 76 71 77
2 18 71 26 29 35 38
2 19 88 11 16 20 12
2 20 32 71 65 67 60
2 21 15 73 75 76 80
2 22 84 23 26 17 16
2 23 54 39 48 46 52
2 24 32 63 65 60 62
3 4 52 54 54 48 51
3 5 56 37 40 44 46
3 6 79 18 25 18 31
3 7 77 22 25 19 23
3 8 67 27 37 35 31
3 9 5 88 85 87 94
3 10 88 10 21 19 12
3 11 84 24 24 21 25
3 12 98 7 3 5 10
3 13 29 68 74 67 63
3 14 55 43 51 49 48
3 15 80 23 22 28 27
3 16 40 54 55 63 63
3 17 61 37 41 37 37
3 18 45 57 59 61 47
3 19 75 31 29 34 34
3 20 52 44 47 43 46
3 21 8 88 85 77 85
3 22 71 33 26 33 30
3 23 70 26 35 25 35
3 24 93 9 15 17 12
4 5 86 18 22 18 14
4 6 5 82 94 88 94
4 7 40 61 60 55 64
4 8 31 60 59 62 59
4 9 46 46 59 46 52
4 10 34 58 67 68 66
4 11 40 65 64 65 51
4 12 37 56 58 60 63
4 13 25 74 75 70 73
4 14 12 87 81 86 83
4 15 64 32 32 38 43
4 16 59 40 40 45 42
4 17 18 69 82 74 72
4 18 61 32 34 35 39
4 19 2 97 97 90 91
4 20 49 56 46 46 48
4 21 8 90 92 89 89
4 22 91 19 11 8 14
4 23 77 20 21 21 20
4 24 27 62 62 71 71
5 6 0 90 90 90 99
5 7 29 65 61 68 64
5 8 49 55 55 52 53
5 9 52 48 43 41 51
5 10 43 59 51 49 56
5 11 22 66 69 72 72
5 12 66 38 40 34 38
5 13 50 52 55 53 48
5 14 6 86 85 88 82
5 15 52 51 44 40 45
5 16 79 31 27 29 18
5 17 13 80 74 79 80
5 18 36 55 67 57 60
5 19 18 82 78 79 82
5 20 39 59 59 56 53
5 21 35 55 55 60 60
5 22 85 25 14 24 16
5 23 10 89 77 90 78
5 24 81 23 16 18 18
6 7 95 15 8 4 17
6 8 11 90 82 80 80
6 9 96 13 15 5 16
6 10 28 67 74 71 67
6 11 53 43 47 48 42
6 12 67 39 41 31 33
6 13 38 56 56 57 61
6 14 0 89 94 96 89
6 15 14 80 75 82 73
6 16 75 31 31 31 28
6 17 76 31 21 30 32
6 18 59 39 35 41 35
6 19 95 14 6 12 5
6 20 67 37 39 33 34
6 21 39 59 54 56 63
6 22 53 45 51 41 51
6 23 8 84 86 86 90
6 24 42 52 58 50 62
7 8 46 49 54 54 57
7 9 29 74 64 68 70
7 10 19 73 69 78 80
7 11 70 32 36 31 39
7 12 21 70 73 68 76
7 13 7 82 89 79 80
7 14 4 89 85 83 94
7 15 39 61 55 66 55
7 16 80 19 24 27 21
7 17 39 54 55 61 65
7 18 55 51 46 50 48
7 19 99 3 10 8 13
7 20 85 21 18 25 20
7 21 17 76 76 71 78
7 22 89 12 18 17 14
7 23 72 35 35 36 26
7 24 40 65 63 52 64
8 9 57 46 40 42 50
8 10 20 79 78 75 67
8 11 50 55 48 50 42
8 12 66 40 42 42 32
8 13 60 38 34 39 35
8 14 60 36 48 38 44
8 15 56 45 50 45 42
8 16 26 64 76 69 71
8 17 16 74 77 81 78
8 18 74 28 34 31 29
8 19 67 32 30 39 37
8 20 0 86 96 98 87
8 21 96 7 6 9 12
8 22 44 57 59 48 51
8 23 40 52 55 62 51
8 24 99 9 4 7 12
9 10 57 40 43 45 41
9 11 99 14 13 6 3
9 12 32 64 63 62 71
9 13 45 52 57 50 47
9 14 92 17 17 13 8
9 15 22 75 71 79 78
9 16 20 78 72 77 69
9 17 15 86 73 75 72
9 18 34 58 64 64 56
9 19 62 37 45 44 41
9 20 97 4 11 4 10
9 21 1 90 89 87 90
9 22 17 84 85 75 75
9 23 41 57 63 53 52
9 24 92 20 15 12 6
10 11 15 80 73 78 75
10 12 67 40 30 35 30
10 13 37 59 55 54 56
10 14 59 47 40 47 40
10 15 14 79 77 82 86
10 16 97 11 15 14 15
10 17 6 81 87 84 86
10 18 70 29 29 39 29
10 19 12 76 78 80 74
10 20 24 75 76 65 69
10 21 54 39 42 45 51
10 22 13 86 83 78 75
10 23 40 62 64 64 65
10 24 96 8 9 11 13
11 12 32 70 58 71 66
11 13 12 86 81 84 75
11 14 62 44 41 46 37
11 15 89 23 22 17 12
11 16 6 93 80 93 81
11 17 2 91 95 87 86
11 18 66 28 28 43 34
11 19 68 33 37 32 39
11 20 81 20 29 28 23
11 21 1 93 85 87 88
11 22 93 7 9 10 17
11 23 13 84 86 79 80
11 24 56 50 37 38 38
12 13 18 81 83 78 82
12 14 24 75 75 73 71
12 15 63 40 39 42 39
12 16 51 52 42 42 52
12 17 14 75 74 83 83
12 18 82 16 19 23 26
12 19 32 66 66 64 60
12 20 56 50 48 49 50
12 21 65 34 30 35 31
12 22 52 41 47 50 48
12 23 14 75 81 83 75
12 24 68 33 38 40 27
13 14 98 12 6 4 4
13 15 18 77 82 70 70
13 16 85 27 14 24 17
13 17 66 36 36 35 35
13 18 45 57 51 54 54
13 19 65 41 38 34 33
13 20 20 70 82 79 69
13 21 38 63 59 59 59
13 22 20 79 79 67 76
13 23 56 44 49 39 42
13 24 39 64 60 53 56
14 15 38 61 66 60 52
14 16 15 79 74 76 78
14 17 72 33 35 35 32
14 18 87 11 25 15 14
14 19 69 38 38 29 35
14 20 8 91 83 89 79
14 21 66 32 41 42 36
14 22 42 53 64 60 61
14 23 10 78 81 81 79
14 24 26 64 75 74 67
15 16 68 33 27 33 31
15 17 10 76 86 86 80
15 18 58 42 41 36 49
15 19 38 56 62 53 66
15 20 20 70 77 79 76
15 21 80 16 23 21 23
15 22 40 56 55 52 60
15 23 63 42 31 37 37
15 24 3 91 96 91 84
16 17 16 72 78 81 77
16 18 34 63 67 62 57
16 19 90 18 17 18 19
16 20 3 95 96 85 86
16 21 32 69 71 61 65
16 22 26 71 75 67 65
16 23 91 15 15 13 21
16 24 63 37 44 44 44
17 18 36 64 54 67 67
17 19 17 73 75 84 72
17 20 95 7 7 11 17
17 21 82 29 17 16 26
17 22 94 15 13 10 19
17 23 75 23 21 28 35
17 24 0 88 97 97 88
18 19 28 74 68 67 60
18 20 86 12 24 16 13
18 21 89 21 15 20 14
18 22 33 67 56 58 58
18 23 56 47 39 40 44
18 24 42 55 50 63 59
19 20 44 52 51 53 60
19 21 78 28 20 31 18
19 22 15 76 80 77 79
19 23 54 51 40 44 47
19 24 12 85 84 84 79
20 21 63 42 32 45 35
20 22 16 72 72 71 72
20 23 61 38 39 37 42
20 24 0 92 91 98 87
21 22 13 85 76 83 85
21 23 40 55 60 61 55
21 24 30 69 69 71 72
22 23 43 51 48 50 50
22 24 43 58 54 51 51
23 24 79 29 25 20 21
