33 5
0 0.333333 0.333333 0.333333 0 
0 1 67 35 31 38 40
0 2 53 54 48 42 39
0 3 80 19 22 28 27
0 4 37 60 63 59 56
0 5 90 20 16 20 19
0 6 16 71 82 83 77
0 7 66 36 43 37 33
0 8 32 61 64 68 57
0 9 82 23 26 21 24
0 10 14 82 73 83 73
0 11 28 74 63 61 61
0 12 84 15 20 14 17
0 13 58 43 38 41 46
0 14 8 80 80 79 79
0 15 77 23 33 29 30
0 16 43 49 54 54 48
0 17 52 42 45 43 52
0 18 56 38 38 39 37
0 19 16 82 74 74 80
0 20 81 25 30 26 17
0 21 39 66 59 64 65
0 22 59 44 42 41 47
0 23 14 78 78 74 75
0 24 13 76 75 87 81
0 25 86 22 12 19 23
0 26 41 60 52 53 56
0 27 8 85 91 87 92
0 28 23 76 75 78 66
0 29 23 74 69 75 74
0 30 16 79 80 80 73
0 31 55 43 42 45 47
0 32 93 10 18 13 19
1 2 72 26 31 32 30
1 3 0 92 93 98 96
1 4 75 25 23 30 23
1 5 60 39 41 41 39
1 6 93 16 10 13 11
1 7 32 70 60 67 64
1 8 18 79 79 76 76
1 9 10 84 90 88 77
1 10 65 31 33 41 37
1 11 7 91 79 81 93
1 12 42 49 62 61 49
1 13 7 92 83 89 88
1 14 1 96 97 97 93
1 15 42 56 63 53 60
1 16 25 66 69 70 66
1 17 6 81 90 89 84
1 18 75 25 21 29 21
1 19 88 19 24 18 13
1 20 39 62 57 53 61
1 21 38 66 54 58 62
1 22 16 73 84 81 76
1 23 71 33 25 26 36
1 24 48 48 43 45 58
1 25 18 82 75 78 72
1 26 60 47 38 39 33
1 27 66 30 41 40 33
1 28 88 15 13 21 13
1 29 39 63 64 64 63
1 30 2 89 94 84 83
1 31 21 71 71 80 81
1 32 3 96 91 90 96
2 3 43 51 55 54 48
2 4 53 41 46 53 51
2 5 47 46 56 55 59
2 6 48 53 47 58 53
2 7 38 62 62 61 57
2 8 40 57 56 51 57
2 9 53 47 51 52 41
2 10 94 15 10 16 17
2 11 85 15 18 21 15
2 12 81 24 19 22 28
2 13 24 76 66 75 66
2 14 79 27 27 24 26
2 15 30 64 71 59 73
2 16 16 84 84 82 76
2 17 0 90 93 92 91
2 18 4 82 81 84 90
2 19 87 25 25 22 20
2 20 19 74 78 70 81
2 21 50 53 48 46 48
2 22 2 83 96 89 95
2 23 64 34 39 36 37
2 24 76 27 19 26 25
2 25 18 81 77 74 74
2 26 93 18 14 20 13
2 27 65 42 37 43 38
2 28 98 15 15 2 8
2 29 36 64 64 63 60
2 30 7 88 89 92 80
2 31 5 90 87 86 94
2 32 7 87 82 89 86
3 4 41 64 53 64 54
3 5 55 49 48 39 49
3 6 84 14 28 20 24
3 7 70 28 25 38 28
3 8 60 42 48 37 40
3 9 7 92 92 82 91
3 10 51 54 52 53 47
3 11 71 26 35 28 30
3 12 9 87 84 84 82
3 13 80 31 29 21 24
3 14 66 34 37 41 31
3 15 82 23 29 24 23
3 16 74 22 29 36 36
3 17 50 44 53 43 50
3 18 92 18 20 19 9
3 19 0 86 92 93 84
3 20 33 67 61 70 56
3 21 96 13 15 4 5
3 22 27 65 69 65 75
3 23 40 63 64 51 57
3 24 28 75 75 62 70
3 25 39 54 59 62 64
3 26 32 64 58 57 68
3 27 62 35 37 44 36
3 28 37 56 54 62 64
3 29 95 15 7 5 16
3 30 43 61 57 52 56
3 31 90 21 14 8 22
3 32 29 72 75 65 63
4 5 13 82 73 85 78
4 6 52 45 48 43 48
4 7 64 43 42 39 31
4 8 17 81 70 77 78
4 9 4 81 95 83 91
4 10 67 41 41 39 42
4 11 41 60 62 51 59
4 12 90 15 19 22 18
4 13 6 86 89 89 79
4 14 53 44 54 47 42
4 15 30 67 73 62 68
4 16 99 6 14 11 7
4 17 59 40 41 34 36
4 18 84 27 13 15 13
4 19 37 67 53 54 65
4 20 68 40 31 40 37
4 21 63 39 44 36 43
4 22 28 67 70 66 68
4 23 91 17 11 11 10
4 24 90 19 9 20 16
4 25 26 68 75 76 66
4 26 92 10 14 11 8
4 27 49 49 57 53 48
4 28 80 21 22 23 20
4 29 35 66 55 60 56
4 30 57 47 48 40 48
4 31 68 34 41 33 32
4 32 96 8 8 11 12
5 6 84 21 20 19 20
5 7 82 17 26 19 15
5 8 42 50 53 56 57
5 9 34 60 56 57 56
5 10 2 92 85 84 85
5 11 76 20 34 31 34
5 12 28 61 75 73 74
5 13 54 49 47 51 39
5 14 91 7 21 18 16
5 15 98 14 5 2 11
5 16 71 38 32 38 34
5 17 18 82 78 84 82
5 18 39 57 61 63 53
5 19 99 3 12 5 8
5 20 37 64 57 57 59
5 21 20 81 80 74 71
5 22 49 55 50 56 53
5 23 82 17 22 26 23
5 24 50 45 46 53 54
5 25 77 24 33 18 28
5 26 66 30 41 30 33
5 27 40 59 63 57 63
5 28 96 10 16 17 8
5 29 7 89 81 93 87
5 30 25 76 76 76 64
5 31 5 85 85 93 80
5 32 24 79 78 72 76
6 7 48 48 54 54 46
6 8 53 53 52 42 43
6 9 84 16 15 14 18
6 10 83 18 27 28 21
6 11 79 25 21 22 29
6 12 48 50 53 47 53
6 13 78 22 20 23 21
6 14 98 8 8 9 11
6 15 82 21 21 18 29
6 16 20 75 78 82 80
6 17 80 23 30 28 21
6 18 50 42 54 50 43
6 19 80 16 17 30 25
6 20 79 29 25 20 26
6 21 89 16 11 14 11
6 22 74 34 33 25 31
6 23 21 79 80 81 75
6 24 37 54 66 65 64
6 25 68 34 33 33 36
6 26 47 48 49 56 55
6 27 56 38 45 48 39
6 28 46 46 53 53 54
6 29 91 8 7 20 12
6 30 32 65 70 69 70
6 31 45 56 49 53 46
6 32 21 71 79 77 80
7 8 36 64 54 55 57
7 9 54 46 51 40 39
7 10 58 46 41 49 48
7 11 69 37 30 40 32
7 12 69 27 30 30 39
7 13 61 45 39 46 46
7 14 1 87 92 94 84
7 15 59 35 39 38 44
7 16 50 50 45 48 54
7 17 82 24 28 20 29
7 18 67 38 29 31 37
7 19 29 74 65 72 70
7 20 20 77 71 74 74
7 21 81 18 22 25 20
7 22 39 64 56 53 64
7 23 59 44 47 44 37
7 24 47 45 47 50 54
7 25 91 14 7 14 10
7 26 50 52 48 44 42
7 27 65 40 42 37 42
7 28 41 56 53 63 60
7 29 94 14 14 6 6
7 30 88 10 23 18 17
7 31 47 54 56 54 54
7 32 95 11 13 5 10
8 9 48 46 53 49 47
8 10 38 64 66 66 57
8 11 70 38 30 33 34
8 12 94 5 13 17 17
8 13 49 56 57 45 43
8 14 43 62 62 60 50
8 15 69 28 26 39 35
8 16 16 73 80 83 77
8 17 68 30 37 38 38
8 18 86 15 14 17 21
8 19 39 55 55 56 56
8 20 58 48 38 45 36
8 21 98 8 5 8 12
8 22 50 56 44 47 54
8 23 50 42 52 53 53
8 24 13 76 83 79 74
8 25 12 88 78 85 88
8 26 66 33 34 38 33
8 27 15 82 85 77 80
8 28 50 50 51 48 52
8 29 41 51 63 62 52
8 30 76 32 32 32 28
8 31 44 61 61 49 55
8 32 60 46 47 46 34
9 10 11 83 88 80 82
9 11 62 36 32 35 33
9 12 50 49 43 46 46
9 13 46 56 48 55 53
9 14 91 22 13 17 12
9 15 19 70 83 76 71
9 16 47 55 48 49 55
9 17 79 19 26 31 20
9 18 24 75 66 74 78
9 19 24 75 69 68 71
9 20 23 78 73 75 74
9 21 72 26 29 36 36
9 22 65 41 38 37 33
9 23 60 37 35 44 40
9 24 68 35 29 30 35
9 25 55 51 43 52 45
9 26 24 70 75 73 76
9 27 12 82 79 80 77
9 28 21 77 71 75 72
9 29 2 89 97 93 86
9 30 17 82 76 71 82
9 31 71 31 26 36 34
9 32 65 37 38 36 42
10 11 2 86 83 89 95
10 12 47 46 51 50 59
10 13 11 82 77 78 86
10 14 33 57 69 68 68
10 15 14 82 86 75 86
10 16 87 15 20 11 17
10 17 18 81 71 71 75
10 18 30 64 70 67 70
10 19 84 23 15 20 27
10 20 36 56 66 60 65
10 21 47 53 49 57 53
10 22 43 52 57 58 48
10 23 96 14 12 5 5
10 24 60 40 43 44 44
10 25 9 78 85 89 82
10 26 97 7 7 13 5
10 27 51 51 52 46 44
10 28 46 49 51 47 54
10 29 78 23 24 22 19
10 30 56 44 43 41 41
10 31 59 41 41 38 44
10 32 59 47 38 42 41
11 12 56 45 40 47 50
11 13 42 57 61 49 50
11 14 3 95 82 89 88
11 15 1 96 89 89 93
11 16 89 23 20 21 21
11 17 46 56 55 52 57
11 18 66 33 41 39 37
11 19 28 75 61 72 73
11 20 50 49 56 54 54
11 21 40 61 64 60 56
11 22 29 67 63 70 66
11 23 54 51 46 47 44
11 24 67 37 32 28 32
11 25 17 76 77 75 84
11 26 40 58 54 60 63
11 27 50 49 44 42 52
11 28 47 57 54 51 55
11 29 48 44 53 48 55
11 30 6 89 82 80 87
11 31 74 31 33 23 25
11 32 20 74 75 70 75
12 13 60 46 33 44 38
12 14 92 10 15 11 13
12 15 65 40 34 39 37
12 16 15 83 78 79 81
12 17 83 20 15 25 14
12 18 4 87 82 84 93
12 19 57 47 47 44 42
12 20 40 53 53 52 60
12 21 28 66 65 66 66
12 22 51 46 44 53 55
12 23 73 25 34 25 29
12 24 9 90 86 88 87
12 25 87 23 16 16 19
12 26 78 23 30 29 25
12 27 92 11 11 19 18
12 28 77 33 25 19 32
12 29 53 46 48 39 51
12 30 43 57 53 50 62
12 31 1 95 97 95 83
12 32 23 73 69 73 78
13 14 13 75 76 81 85
13 15 57 36 49 51 37
13 16 81 16 24 30 22
13 17 46 54 49 52 46
13 18 24 78 78 77 69
13 19 84 25 21 25 16
13 20 40 52 56 52 53
13 21 16 84 83 71 78
13 22 41 59 55 59 52
13 23 68 29 33 34 37
13 24 26 77 65 75 68
13 25 89 22 22 17 12
13 26 84 17 17 20 20
13 27 34 67 61 69 58
13 28 34 64 68 66 59
13 29 57 43 38 46 45
13 30 39 58 63 58 58
13 31 97 9 4 4 5
13 32 23 71 73 77 76
14 15 57 37 50 50 48
14 16 74 27 31 35 27
14 17 68 30 39 35 35
14 18 17 80 83 81 84
14 19 65 39 38 33 35
14 20 98 8 13 13 6
14 21 58 48 44 44 49
14 22 20 79 77 79 72
14 23 26 66 70 73 62
14 24 92 19 16 13 13
14 25 6 87 83 83 94
14 26 58 38 38 39 37
14 27 69 40 35 30 26
14 28 18 77 80 74 75
14 29 88 23 12 15 21
14 30 83 25 17 24 22
14 31 93 8 19 13 17
14 32 59 41 40 37 37
15 16 69 32 33 40 38
15 17 76 21 32 23 28
15 18 49 51 52 49 54
15 19 18 80 75 84 81
15 20 97 9 11 12 5
15 21 72 32 31 31 32
15 22 43 53 51 58 54
15 23 0 96 93 97 94
15 24 57 47 49 40 45
15 25 29 70 66 62 66
15 26 46 55 57 51 59
15 27 26 74 65 71 73
15 28 34 61 65 56 65
15 29 59 38 34 40 46
15 30 79 18 31 22 25
15 31 2 96 89 83 89
15 32 97 16 8 4 12
16 17 70 39 26 33 35
16 18 75 35 34 23 34
16 19 53 50 49 42 48
16 20 4 89 96 91 89
16 21 82 18 22 23 20
16 22 76 22 25 20 24
16 23 97 2 5 7 8
16 24 51 52 49 50 55
16 25 60 47 39 36 34
16 26 65 42 31 37 42
16 27 29 61 62 60 65
16 28 80 18 23 28 26
16 29 16 78 76 83 81
16 30 98 6 4 4 8
16 31 75 31 35 34 35
16 32 83 27 18 19 17
17 18 98 13 8 3 12
17 19 13 85 82 76 85
17 20 45 54 59 52 58
17 21 47 45 53 57 51
17 22 64 43 40 43 34
17 23 44 49 60 54 51
17 24 35 65 67 55 56
17 25 81 26 23 28 22
17 26 91 8 11 14 8
17 27 67 27 40 30 28
17 28 19 80 79 79 69
17 29 10 82 89 83 79
17 30 9 78 91 90 85
17 31 97 2 3 6 9
17 32 31 67 63 63 65
18 19 39 57 63 53 60
18 20 6 89 89 85 92
18 21 75 32 35 28 28
18 22 23 76 65 75 66
18 23 86 21 15 22 18
18 24 41 59 62 61 63
18 25 33 63 57 56 66
18 26 0 93 94 92 90
18 27 79 24 28 24 30
18 28 9 86 88 76 80
18 29 51 44 54 49 45
18 30 85 13 23 18 17
18 31 18 70 81 78 81
18 32 96 13 10 11 17
19 20 20 79 82 71 71
19 21 44 48 57 59 48
19 22 68 36 30 28 39
19 23 87 12 15 15 12
19 24 45 60 46 59 50
19 25 97 15 9 9 3
19 26 76 20 20 25 24
19 27 4 86 92 84 82
19 28 70 28 31 39 39
19 29 31 67 71 73 64
19 30 99 2 12 3 5
19 31 52 54 42 41 45
19 32 76 29 28 27 20
20 21 28 69 70 70 69
20 22 14 77 86 77 80
20 23 48 57 56 58 44
20 24 15 78 85 80 74
20 25 76 29 31 25 30
20 26 70 37 32 27 35
20 27 42 49 63 52 54
20 28 93 16 19 5 16
20 29 57 38 49 39 41
20 30 18 76 71 80 70
20 31 80 29 26 20 16
20 32 32 70 69 68 69
21 22 73 31 32 30 31
21 23 97 10 10 14 9
21 24 61 39 33 38 34
21 25 4 90 95 81 95
21 26 32 71 64 60 62
21 27 21 70 75 71 81
21 28 49 55 43 46 57
21 29 7 78 80 79 86
21 30 96 3 10 5 5
21 31 78 27 26 29 25
21 32 43 50 55 52 48
22 23 42 55 50 52 63
22 24 5 86 83 80 88
22 25 7 89 84 91 82
22 26 87 20 20 24 10
22 27 79 17 28 25 26
22 28 95 15 9 14 6
22 29 88 18 17 22 12
22 30 85 15 16 13 15
22 31 49 56 49 48 49
22 32 71 27 36 35 25
23 24 62 43 36 44 44
23 25 72 24 27 30 33
23 26 5 92 90 94 81
23 27 60 34 35 48 47
23 28 17 77 75 72 82
23 29 82 28 28 17 28
23 30 98 5 4 13 9
23 31 11 82 89 82 75
23 32 9 88 87 81 83
24 25 87 17 19 18 21
24 26 45 56 60 58 52
24 27 33 71 64 57 57
24 28 23 75 65 69 78
24 29 37 54 60 59 56
24 30 35 58 57 66 65
24 31 4 88 87 86 89
24 32 90 10 17 11 18
25 26 18 76 72 75 77
25 27 60 40 36 41 40
25 28 13 76 87 74 76
25 29 24 77 73 66 67
25 30 4 93 82 89 88
25 31 20 80 67 67 71
25 32 42 56 53 50 58
26 27 85 18 25 18 22
26 28 55 44 46 42 52
26 29 93 12 5 16 17
26 30 46 48 58 52 46
26 31 52 52 55 47 41
26 32 97 6 3 1 2
27 28 22 73 72 76 79
27 29 55 52 42 45 48
27 30 73 37 27 30 35
27 31 5 94 90 88 82
27 32 0 87 91 97 99
28 29 7 84 88 83 92
28 30 21 81 73 67 70
28 31 41 62 57 62 53
28 32 26 76 74 72 63
29 30 93 6 17 7 19
29 31 81 30 29 23 21
29 32 31 66 58 70 67
30 31 15 82 83 85 82
30 32 62 32 45 35 38
31 32 58 42 39 49 37
