40 5
0 0.333333 0.333333 0.333333 0 
0 1 27 79 70 63 49
0 2 97 31 40 3 13
0 3 9 88 85 58 55
0 4 21 41 61 45 43
0 5 28 37 79 85 54
0 6 35 37 53 42 63
0 7 89 8 30 20 50
0 8 82 46 31 19 33
0 9 24 67 66 55 53
0 10 91 47 17 28 42
0 11 75 22 41 35 26
0 12 35 63 72 70 61
0 13 77 32 28 14 42
0 14 41 49 47 40 70
0 15 91 17 36 44 17
0 16 64 56 67 18 49
0 17 74 19 48 33 24
0 18 65 51 20 22 57
0 19 60 51 56 60 33
0 20 56 31 46 32 45
0 21 81 22 54 52 40
0 22 4 61 60 49 54
0 23 39 30 73 44 48
0 24 3 79 49 59 67
0 25 93 37 26 44 46
0 26 91 22 30 45 34
0 27 88 11 38 19 51
0 28 85 29 54 43 27
0 29 69 62 55 58 54
0 30 20 54 83 60 65
0 31 6 82 77 71 78
0 32 13 76 79 63 51
0 33 74 60 17 55 51
0 34 40 42 65 76 53
0 35 25 71 50 83 76
0 36 91 40 48 42 6
0 37 31 56 54 49 83
0 38 20 57 46 49 68
0 39 72 15 37 56 21
1 2 79 16 46 15 17
1 3 30 67 37 45 72
1 4 23 44 50 70 41
1 5 25 49 70 80 59
1 6 23 51 65 57 61
1 7 99 19 20 19 11
1 8 8 79 73 82 75
1 9 12 63 69 51 71
1 10 85 20 37 28 47
1 11 18 69 41 64 62
1 12 90 24 15 36 30
1 13 28 60 52 82 70
1 14 26 59 46 61 37
1 15 2 50 66 64 96
1 16 37 37 32 66 71
1 17 60 22 33 46 21
1 18 5 65 81 48 96
1 19 32 67 52 58 83
1 20 25 54 45 80 86
1 21 3 80 52 79 72
1 22 90 43 26 24 47
1 23 23 53 78 76 58
1 24 5 93 78 63 60
1 25 97 33 17 39 31
1 26 97 11 43 28 41
1 27 55 45 34 62 34
1 28 24 80 41 62 48
1 29 11 49 77 46 46
1 30 88 10 47 44 12
1 31 81 27 27 35 58
1 32 27 40 59 45 74
1 33 86 45 26 17 39
1 34 81 16 32 14 58
1 35 95 4 46 46 51
1 36 92 18 30 4 4
1 37 63 27 37 27 19
1 38 33 66 44 62 44
1 39 6 67 75 82 83
2 3 15 59 72 85 42
2 4 64 23 46 66 19
2 5 74 48 20 26 17
2 6 82 44 25 18 39
2 7 33 68 38 56 67
2 8 46 31 49 30 48
2 9 49 71 33 31 57
2 10 76 54 15 26 54
2 11 66 43 60 63 54
2 12 27 39 72 66 51
2 13 20 73 72 59 46
2 14 7 47 81 92 95
2 15 25 65 47 77 47
2 16 32 67 48 59 54
2 17 91 41 33 14 14
2 18 80 35 34 12 11
2 19 99 3 7 1 35
2 20 82 26 25 22 47
2 21 68 30 30 32 45
2 22 66 65 43 52 41
2 23 47 61 61 46 56
2 24 59 50 31 31 51
2 25 75 26 58 15 52
2 26 19 59 57 50 71
2 27 45 35 52 30 54
2 28 70 62 51 48 63
2 29 86 40 43 14 19
2 30 53 30 66 37 51
2 31 96 19 2 51 38
2 32 7 49 67 62 87
2 33 53 55 27 66 40
2 34 83 50 33 26 57
2 35 24 40 65 76 70
2 36 70 17 39 23 38
2 37 21 47 78 58 46
2 38 20 83 65 65 86
2 39 21 64 64 74 76
3 4 62 56 48 35 64
3 5 1 65 70 86 69
3 6 26 37 76 65 68
3 7 63 28 47 58 63
3 8 84 19 36 33 16
3 9 18 90 50 74 41
3 10 59 47 59 33 65
3 11 5 55 75 63 48
3 12 85 53 7 20 52
3 13 85 17 40 8 33
3 14 58 26 27 47 49
3 15 85 8 12 16 12
3 16 82 29 18 28 28
3 17 71 28 14 52 57
3 18 58 53 37 63 20
3 19 49 56 35 39 34
3 20 31 60 55 82 47
3 21 99 4 27 24 40
3 22 26 43 62 48 63
3 23 52 41 49 42 27
3 24 68 60 27 16 49
3 25 26 66 76 76 42
3 26 7 69 49 82 91
3 27 15 77 43 87 78
3 28 7 88 79 86 85
3 29 34 47 36 62 41
3 30 96 44 41 21 3
3 31 14 67 55 75 58
3 32 30 74 37 67 65
3 33 10 76 66 81 77
3 34 44 76 59 43 31
3 35 43 72 41 42 57
3 36 80 38 54 26 23
3 37 2 82 86 80 54
3 38 64 58 25 36 49
3 39 54 63 29 26 45
4 5 17 49 69 41 72
4 6 47 54 40 73 52
4 7 66 56 59 55 48
4 8 84 34 21 16 41
4 9 38 76 69 74 57
4 10 13 92 60 87 46
4 11 27 53 46 76 62
4 12 79 38 49 59 17
4 13 55 34 44 61 58
4 14 71 21 47 61 40
4 15 46 36 58 35 41
4 16 85 16 54 34 49
4 17 25 62 82 52 72
4 18 87 38 13 45 30
4 19 38 44 36 65 73
4 20 99 20 7 43 27
4 21 79 46 17 47 24
4 22 27 78 76 80 70
4 23 56 64 65 58 68
4 24 74 30 62 30 16
4 25 0 62 98 71 67
4 26 74 21 21 16 43
4 27 1 91 76 69 95
4 28 30 60 54 44 42
4 29 30 35 73 53 43
4 30 69 54 27 25 39
4 31 46 75 29 42 41
4 32 7 69 95 53 81
4 33 75 35 24 61 39
4 34 89 17 42 8 30
4 35 4 71 78 84 55
4 36 34 51 46 37 42
4 37 42 53 72 55 40
4 38 17 57 51 60 47
4 39 98 44 4 1 2
5 6 4 93 94 55 61
5 7 72 35 53 23 31
5 8 10 61 70 84 53
5 9 4 79 54 52 86
5 10 50 26 30 52 49
5 11 76 16 17 27 13
5 12 15 83 60 65 69
5 13 74 49 24 31 46
5 14 61 54 35 55 22
5 15 30 71 37 37 83
5 16 23 68 75 83 82
5 17 34 51 41 60 52
5 18 16 81 66 79 72
5 19 21 87 72 54 69
5 20 60 43 65 60 62
5 21 50 25 30 57 32
5 22 66 64 29 20 51
5 23 57 45 29 25 54
5 24 89 9 35 15 34
5 25 26 38 84 82 80
5 26 85 42 26 38 28
5 27 79 30 54 59 38
5 28 38 56 61 42 51
5 29 76 61 58 13 14
5 30 42 30 57 34 67
5 31 65 65 26 61 39
5 32 4 65 61 77 75
5 33 82 38 42 49 50
5 34 41 77 46 76 73
5 35 80 10 11 30 31
5 36 45 50 49 71 43
5 37 30 54 38 37 54
5 38 7 78 85 91 69
5 39 46 56 55 68 67
6 7 66 30 22 36 22
6 8 11 84 87 84 92
6 9 77 46 57 35 41
6 10 53 25 29 63 44
6 11 49 72 48 28 43
6 12 22 84 43 49 66
6 13 63 29 37 24 52
6 14 11 65 80 72 64
6 15 66 27 62 61 51
6 16 2 73 69 57 50
6 17 28 53 38 40 41
6 18 88 42 53 15 52
6 19 18 44 82 79 51
6 20 26 75 80 73 67
6 21 76 45 38 36 23
6 22 7 61 94 91 54
6 23 19 53 57 57 48
6 24 65 40 23 37 51
6 25 82 21 24 15 29
6 26 78 51 27 11 36
6 27 89 43 31 14 23
6 28 90 44 53 11 35
6 29 96 40 6 45 51
6 30 46 52 47 51 39
6 31 52 58 55 39 59
6 32 24 45 57 37 48
6 33 65 64 27 24 33
6 34 12 70 83 44 51
6 35 45 58 53 66 70
6 36 34 56 61 37 77
6 37 98 46 10 35 13
6 38 81 11 49 15 52
6 39 24 57 72 61 83
7 8 23 78 59 42 80
7 9 74 59 21 33 22
7 10 85 34 28 51 18
7 11 45 30 42 29 47
7 12 99 9 0 38 22
7 13 53 41 41 54 39
7 14 38 67 54 75 56
7 15 83 21 27 17 50
7 16 8 47 46 82 85
7 17 64 53 61 54 44
7 18 10 59 61 84 47
7 19 28 80 61 37 65
7 20 24 70 53 69 52
7 21 26 59 39 43 84
7 22 38 50 32 57 49
7 23 29 72 61 39 73
7 24 47 73 61 27 37
7 25 52 33 69 64 52
7 26 83 34 20 47 9
7 27 74 58 31 34 47
7 28 80 38 50 10 22
7 29 21 49 50 52 56
7 30 32 65 81 56 67
7 31 7 84 75 86 64
7 32 23 71 45 55 48
7 33 10 74 47 87 62
7 34 79 22 27 52 59
7 35 32 46 43 35 41
7 36 98 5 7 6 19
7 37 16 56 82 42 42
7 38 79 53 55 28 16
7 39 26 63 53 41 50
8 9 16 51 45 45 64
8 10 47 28 53 55 45
8 11 29 76 50 63 52
8 12 85 37 24 8 12
8 13 38 58 54 65 67
8 14 77 44 59 51 56
8 15 60 49 69 41 61
8 16 7 81 55 46 72
8 17 37 69 62 51 53
8 18 62 40 55 27 49
8 19 97 39 41 25 16
8 20 2 85 94 58 68
8 21 78 24 23 34 16
8 22 27 64 47 59 67
8 23 81 15 27 51 33
8 24 65 59 60 35 43
8 25 59 21 21 57 43
8 26 14 73 75 71 49
8 27 36 56 78 55 73
8 28 61 51 28 29 66
8 29 13 76 82 56 64
8 30 93 44 14 45 9
8 31 63 54 58 57 45
8 32 52 49 23 66 47
8 33 53 49 63 40 68
8 34 17 84 81 75 74
8 35 81 48 9 10 22
8 36 40 71 70 68 30
8 37 79 29 54 26 54
8 38 5 88 50 96 75
8 39 43 40 55 40 46
9 10 87 45 54 29 7
9 11 25 45 39 44 76
9 12 84 40 15 44 35
9 13 7 54 46 93 54
9 14 9 65 73 88 93
9 15 44 47 34 44 56
9 16 33 76 52 60 38
9 17 85 47 17 50 16
9 18 72 58 17 59 49
9 19 29 62 47 55 72
9 20 2 71 95 85 70
9 21 94 8 48 37 2
9 22 6 50 57 57 58
9 23 86 20 38 20 23
9 24 0 93 87 52 57
9 25 8 74 58 94 72
9 26 94 30 38 50 12
9 27 39 37 49 42 73
9 28 36 76 48 51 39
9 29 66 25 49 21 26
9 30 17 56 64 78 44
9 31 72 44 56 32 59
9 32 44 60 68 72 28
9 33 98 7 17 25 13
9 34 64 34 51 25 52
9 35 21 67 52 73 46
9 36 0 76 66 57 88
9 37 9 87 55 93 85
9 38 61 34 44 40 22
9 39 22 51 52 63 58
10 11 22 60 68 52 46
10 12 74 17 46 19 54
10 13 16 85 84 79 50
10 14 35 58 35 39 48
10 15 79 32 56 43 39
10 16 95 14 23 17 44
10 17 57 37 44 52 68
10 18 41 67 56 33 41
10 19 67 60 19 32 62
10 20 35 58 45 46 76
10 21 41 44 63 33 34
10 22 49 40 34 69 45
10 23 49 32 45 59 51
10 24 12 50 67 76 71
10 25 99 30 7 29 44
10 26 48 44 75 60 44
10 27 1 86 95 95 80
10 28 56 31 48 68 59
10 29 98 19 37 0 7
10 30 5 70 56 51 55
10 31 98 15 28 5 12
10 32 63 52 28 52 64
10 33 9 68 80 48 76
10 34 67 65 54 59 57
10 35 20 74 69 62 79
10 36 47 27 71 41 68
10 37 3 63 77 66 84
10 38 81 38 44 13 57
10 39 85 25 50 22 13
11 12 68 31 29 60 39
11 13 69 53 62 48 43
11 14 7 64 70 64 65
11 15 22 56 77 72 58
11 16 23 87 53 43 86
11 17 51 55 72 72 37
11 18 46 28 41 51 42
11 19 74 31 37 61 29
11 20 97 47 40 22 9
11 21 58 30 29 21 50
11 22 77 21 33 26 45
11 23 35 73 81 43 65
11 24 29 46 45 73 70
11 25 31 40 49 61 65
11 26 48 58 43 38 57
11 27 22 60 43 66 82
11 28 83 23 49 57 22
11 29 10 93 50 85 65
11 30 93 31 19 35 40
11 31 44 59 32 37 58
11 32 63 33 40 43 33
11 33 89 30 28 35 41
11 34 87 39 6 47 33
11 35 25 64 72 40 67
11 36 52 31 39 25 27
11 37 3 70 60 92 56
11 38 5 93 91 77 70
11 39 33 44 41 64 68
12 13 7 50 85 70 96
12 14 70 17 17 35 45
12 15 81 46 48 24 26
12 16 42 76 41 36 53
12 17 17 64 62 65 46
12 18 46 31 64 55 35
12 19 80 14 39 36 17
12 20 51 51 26 33 31
12 21 53 54 33 52 59
12 22 23 84 68 80 84
12 23 90 51 52 11 42
12 24 26 47 46 67 68
12 25 16 79 57 54 62
12 26 10 57 48 49 90
12 27 44 60 63 39 52
12 28 24 87 83 64 52
12 29 98 42 25 42 14
12 30 57 68 41 28 58
12 31 10 47 93 67 77
12 32 16 47 79 59 50
12 33 87 45 9 37 16
12 34 29 79 57 44 49
12 35 14 90 55 62 44
12 36 86 45 37 29 13
12 37 47 50 48 71 47
12 38 27 52 45 76 57
12 39 0 68 78 62 95
13 14 36 66 49 53 64
13 15 17 62 56 48 59
13 16 38 64 73 35 77
13 17 42 40 41 37 38
13 18 86 8 54 23 19
13 19 95 13 35 42 51
13 20 26 46 64 44 56
13 21 1 94 97 59 61
13 22 64 24 34 59 42
13 23 94 50 38 15 45
13 24 20 61 58 70 66
13 25 83 37 35 31 11
13 26 77 47 56 19 36
13 27 28 75 50 63 61
13 28 26 39 84 49 51
13 29 1 88 77 65 67
13 30 95 27 49 41 43
13 31 35 44 50 63 43
13 32 56 26 49 60 53
13 33 0 79 66 82 92
13 34 52 34 42 65 70
13 35 29 48 49 76 43
13 36 78 52 12 28 44
13 37 7 87 70 79 52
13 38 92 20 23 22 13
13 39 80 34 45 38 13
14 15 17 67 88 70 51
14 16 70 19 17 59 63
14 17 99 0 43 9 22
14 18 54 32 34 36 54
14 19 1 51 50 62 93
14 20 20 76 60 61 61
14 21 77 27 60 24 30
14 22 89 36 50 32 40
14 23 98 45 22 19 29
14 24 63 66 47 40 34
14 25 82 16 23 26 42
14 26 80 55 52 35 56
14 27 99 22 16 27 42
14 28 47 32 49 64 68
14 29 4 64 67 77 54
14 30 94 23 16 50 33
14 31 44 44 48 75 36
14 32 19 47 80 59 74
14 33 27 41 58 56 78
14 34 7 78 78 87 67
14 35 21 67 50 78 57
14 36 72 32 14 16 24
14 37 10 82 64 68 54
14 38 3 74 82 64 97
14 39 2 63 87 87 74
15 16 96 1 11 25 17
15 17 35 34 44 58 67
15 18 46 35 51 72 50
15 19 88 47 10 53 11
15 20 4 68 53 79 69
15 21 33 38 52 47 78
15 22 93 24 36 44 49
15 23 83 28 39 53 25
15 24 42 52 47 62 51
15 25 13 86 78 65 81
15 26 13 88 89 72 63
15 27 75 16 19 40 36
15 28 99 26 42 45 1
15 29 0 66 51 83 69
15 30 31 76 38 67 42
15 31 9 93 67 74 65
15 32 68 18 16 63 25
15 33 27 48 56 65 72
15 34 16 75 69 47 52
15 35 26 79 63 53 78
15 36 2 68 51 77 67
15 37 75 14 18 23 39
15 38 2 81 89 80 53
15 39 99 38 37 47 24
16 17 93 39 27 25 47
16 18 6 81 91 59 61
16 19 20 52 48 51 54
16 20 66 28 38 45 60
16 21 18 90 53 56 79
16 22 11 92 77 69 75
16 23 94 13 41 49 50
16 24 62 37 29 34 40
16 25 12 88 69 53 74
16 26 17 80 54 91 89
16 27 77 31 29 13 32
16 28 59 27 40 31 29
16 29 45 55 67 58 49
16 30 65 65 62 22 19
16 31 35 42 56 52 78
16 32 78 53 55 22 55
16 33 18 44 75 59 83
16 34 86 26 29 22 49
16 35 3 61 58 88 58
16 36 79 33 52 23 31
16 37 36 53 59 64 81
16 38 96 11 19 23 2
16 39 95 2 41 11 32
17 18 43 48 53 35 38
17 19 60 32 53 49 45
17 20 58 41 48 31 60
17 21 5 91 53 60 83
17 22 92 41 45 53 22
17 23 71 32 40 16 52
17 24 90 24 24 23 22
17 25 66 26 20 56 32
17 26 50 65 47 48 46
17 27 45 34 67 47 54
17 28 72 52 39 54 30
17 29 29 77 65 66 63
17 30 34 34 46 61 64
17 31 4 63 81 90 90
17 32 19 85 72 71 83
17 33 33 40 44 68 62
17 34 5 87 77 55 57
17 35 37 79 49 33 50
17 36 42 50 63 32 31
17 37 57 23 37 54 39
17 38 57 30 63 42 69
17 39 5 53 75 81 67
18 19 72 37 20 51 55
18 20 56 54 37 35 55
18 21 14 71 49 47 91
18 22 60 50 41 66 47
18 23 19 79 85 69 46
18 24 82 40 39 41 16
18 25 13 85 87 76 63
18 26 70 62 54 49 63
18 27 73 23 26 19 62
18 28 72 31 36 35 42
18 29 18 83 70 72 48
18 30 44 57 55 77 44
18 31 69 15 38 16 39
18 32 35 62 37 62 79
18 33 32 81 81 54 49
18 34 1 49 74 81 83
18 35 23 41 86 74 55
18 36 14 55 92 91 46
18 37 23 67 68 78 75
18 38 91 26 27 33 45
18 39 67 43 64 30 59
19 20 38 36 59 65 51
19 21 86 49 39 20 47
19 22 15 91 78 44 50
19 23 64 59 36 39 61
19 24 9 57 89 46 75
19 25 52 29 31 51 48
19 26 85 21 32 27 18
19 27 77 35 52 35 53
19 28 94 46 37 4 52
19 29 49 38 63 73 28
19 30 22 56 64 43 50
19 31 73 48 51 34 56
19 32 45 58 54 75 40
19 33 78 23 17 11 16
19 34 83 25 35 13 22
19 35 9 68 67 72 90
19 36 0 84 68 98 57
19 37 73 43 20 58 53
19 38 71 37 62 33 18
19 39 92 19 49 31 31
20 21 2 73 74 95 58
20 22 39 37 53 53 67
20 23 79 29 43 34 57
20 24 86 26 36 7 43
20 25 89 5 26 24 39
20 26 76 22 36 48 44
20 27 55 37 60 63 65
20 28 11 84 59 83 81
20 29 92 12 6 7 50
20 30 84 45 37 18 15
20 31 10 73 79 81 70
20 32 85 9 45 31 9
20 33 88 31 43 37 51
20 34 44 40 62 45 48
20 35 95 22 13 4 34
20 36 91 26 50 8 37
20 37 51 48 57 70 32
20 38 63 21 25 43 39
20 39 78 37 48 30 13
21 22 99 37 42 34 42
21 23 66 37 28 47 25
21 24 79 43 39 35 24
21 25 6 90 60 60 86
21 26 84 48 52 50 29
21 27 63 54 40 27 67
21 28 54 41 43 29 45
21 29 63 64 53 65 62
21 30 44 31 60 51 59
21 31 87 22 50 28 17
21 32 75 20 34 54 53
21 33 64 27 26 35 27
21 34 44 57 55 50 57
21 35 48 27 71 68 63
21 36 92 49 29 24 10
21 37 45 28 55 45 44
21 38 70 32 29 61 45
21 39 26 38 59 45 68
22 23 69 22 33 31 53
22 24 54 38 55 43 29
22 25 55 42 55 29 57
22 26 99 26 37 0 22
22 27 38 44 75 62 45
22 28 59 29 54 32 43
22 29 82 29 12 27 22
22 30 11 61 55 51 78
22 31 77 61 28 16 40
22 32 49 41 26 31 52
22 33 70 34 25 51 62
22 34 3 81 66 83 82
22 35 20 65 46 82 61
22 36 91 21 11 24 37
22 37 59 42 36 66 22
22 38 89 38 38 22 22
22 39 45 37 60 74 59
23 24 64 38 46 40 21
23 25 72 54 29 63 41
23 26 54 68 37 36 62
23 27 2 96 61 86 87
23 28 99 30 32 14 24
23 29 19 48 54 68 65
23 30 35 32 39 77 65
23 31 26 41 75 61 45
23 32 68 54 39 50 61
23 33 99 27 5 0 38
23 34 83 18 54 8 50
23 35 36 53 47 70 56
23 36 98 34 37 3 10
23 37 69 49 33 59 21
23 38 92 39 50 10 16
23 39 70 54 29 41 26
24 25 84 7 12 52 13
24 26 71 45 21 61 25
24 27 99 14 5 23 18
24 28 11 81 79 53 79
24 29 9 81 79 72 45
24 30 80 42 52 14 29
24 31 65 59 51 31 58
24 32 4 59 54 96 59
24 33 19 73 52 77 46
24 34 91 6 21 50 42
24 35 9 83 88 77 47
24 36 43 65 61 45 36
24 37 35 70 80 56 44
24 38 19 84 40 59 61
24 39 42 62 64 32 32
25 26 3 64 75 67 65
25 27 43 62 62 35 59
25 28 12 44 88 53 80
25 29 11 90 69 77 85
25 30 68 21 31 49 31
25 31 61 32 48 23 28
25 32 85 51 28 28 14
25 33 70 28 37 36 20
25 34 10 66 70 45 77
25 35 81 52 49 39 11
25 36 93 27 9 30 15
25 37 49 35 42 40 52
25 38 53 72 62 33 39
25 39 34 64 61 50 59
26 27 71 43 28 60 56
26 28 86 19 47 55 11
26 29 68 19 50 48 46
26 30 61 45 60 65 34
26 31 23 64 77 52 44
26 32 67 46 37 32 25
26 33 42 46 55 71 74
26 34 67 59 62 44 16
26 35 26 74 39 55 63
26 36 51 42 44 60 28
26 37 64 57 48 47 40
26 38 61 66 27 41 19
26 39 6 81 83 61 80
27 28 15 72 49 81 67
27 29 77 43 35 54 45
27 30 84 35 53 39 46
27 31 42 48 40 54 53
27 32 78 41 56 33 20
27 33 79 28 42 42 55
27 34 35 77 37 60 38
27 35 39 61 45 40 59
27 36 21 42 65 61 48
27 37 13 87 90 87 45
27 38 95 40 34 2 39
27 39 28 43 47 52 85
28 29 65 36 26 41 26
28 30 14 77 74 82 82
28 31 73 30 44 15 40
28 32 86 20 14 34 45
28 33 84 35 29 54 13
28 34 19 46 51 62 41
28 35 67 24 26 35 31
28 36 17 56 75 87 78
28 37 31 41 36 79 56
28 38 51 72 61 52 43
28 39 83 16 15 17 18
29 30 98 36 10 31 28
29 31 78 14 60 56 31
29 32 48 39 40 60 34
29 33 62 45 37 26 67
29 34 86 46 12 10 32
29 35 53 35 23 52 35
29 36 16 62 48 43 49
29 37 29 49 72 38 55
29 38 91 7 6 40 37
29 39 53 46 24 52 25
30 31 60 22 44 26 45
30 32 16 53 65 61 86
30 33 57 36 70 70 42
30 34 16 90 46 91 84
30 35 50 25 49 47 45
30 36 97 29 21 29 10
30 37 32 42 65 69 75
30 38 8 51 50 52 55
30 39 84 32 21 36 51
31 32 76 58 53 36 42
31 33 87 17 47 38 49
31 34 90 31 29 16 4
31 35 13 63 90 48 62
31 36 73 29 33 50 25
31 37 38 33 32 51 57
31 38 71 40 35 16 36
31 39 45 42 38 27 75
32 33 87 47 21 24 16
32 34 34 58 66 69 62
32 35 69 46 29 46 24
32 36 96 23 2 13 40
32 37 19 66 40 85 66
32 38 85 36 46 25 18
32 39 32 75 73 56 76
33 34 24 64 68 84 79
33 35 55 45 63 27 34
33 36 91 51 36 33 31
33 37 91 43 15 46 9
33 38 38 36 74 53 50
33 39 1 52 72 64 76
34 35 88 38 14 17 34
34 36 8 57 79 86 58
34 37 16 44 54 73 70
34 38 9 52 77 83 67
34 39 15 57 45 88 85
35 36 56 43 34 23 43
35 37 0 71 79 96 96
35 38 32 61 60 38 77
35 39 17 54 45 65 73
36 37 66 38 62 65 31
36 38 52 27 52 35 27
36 39 41 48 40 70 47
37 38 43 57 57 32 33
37 39 6 90 60 63 53
38 39 7 63 90 67 64
