40 5
0 0 1 0 0 
0 1 99 14 9 5 7
0 2 65 37 41 34 36
0 3 99 1 7 1 8
0 4 11 83 78 87 83
0 5 58 45 44 48 36
0 6 8 80 83 85 88
0 7 55 41 44 49 49
0 8 52 41 48 47 52
0 9 16 82 74 84 78
0 10 8 85 86 84 86
0 11 11 82 76 87 87
0 12 95 13 16 12 8
0 13 90 22 18 15 9
0 14 17 74 76 81 83
0 15 2 92 93 97 85
0 16 78 23 18 25 24
0 17 58 40 44 49 46
0 18 70 36 32 27 30
0 19 60 42 37 45 43
0 20 33 62 65 70 67
0 21 20 74 74 76 76
0 22 5 94 81 83 87
0 23 92 18 21 17 10
0 24 77 33 31 28 23
0 25 36 54 65 64 68
0 26 92 13 17 18 8
0 27 87 20 10 20 20
0 28 59 47 48 49 49
0 29 2 83 94 90 96
0 30 78 21 26 31 30
0 31 54 53 43 51 48
0 32 97 14 7 3 8
0 33 14 74 79 75 80
0 34 33 67 70 63 67
0 35 44 60 50 57 52
0 36 84 24 23 16 27
0 37 54 48 47 44 40
0 38 44 58 49 48 50
0 39 88 9 22 12 14
1 2 31 60 59 69 59
1 3 29 66 66 62 67
1 4 66 31 41 33 37
1 5 36 68 67 58 54
1 6 2 87 96 96 89
1 7 18 75 77 70 69
1 8 26 76 77 72 72
1 9 49 51 51 44 46
1 10 81 20 30 24 17
1 11 18 77 78 76 80
1 12 41 55 51 49 52
1 13 65 40 42 33 34
1 14 22 77 79 72 66
1 15 68 29 37 31 38
1 16 79 20 19 18 26
1 17 9 90 88 76 81
1 18 53 44 49 47 52
1 19 99 1 1 8 11
1 20 62 36 32 34 37
1 21 11 89 88 76 88
1 22 13 84 84 86 80
1 23 55 46 40 42 44
1 24 16 75 80 81 83
1 25 87 25 13 18 12
1 26 38 66 66 55 64
1 27 75 27 24 26 33
1 28 7 88 87 80 81
1 29 11 81 79 88 80
1 30 68 35 32 31 41
1 31 73 36 32 34 26
1 32 58 45 35 39 37
1 33 75 31 31 29 29
1 34 59 43 35 45 35
1 35 72 31 34 34 23
1 36 80 17 18 30 24
1 37 74 23 25 29 23
1 38 54 46 44 50 49
1 39 49 49 55 48 57
2 3 94 7 17 18 12
2 4 72 31 29 35 37
2 5 54 47 40 44 52
2 6 26 62 67 76 75
2 7 40 55 51 61 57
2 8 9 89 80 83 79
2 9 20 80 68 74 71
2 10 1 85 94 91 84
2 11 97 12 12 3 2
2 12 78 29 21 24 26
2 13 30 67 60 60 70
2 14 74 32 26 36 30
2 15 31 69 64 60 70
2 16 83 19 21 22 26
2 17 36 61 59 59 54
2 18 3 85 90 94 88
2 19 63 33 45 41 41
2 20 34 61 66 63 64
2 21 59 41 36 41 40
2 22 98 13 10 13 14
2 23 98 14 10 4 11
2 24 35 67 68 58 62
2 25 47 44 55 54 44
2 26 20 71 73 80 78
2 27 54 51 49 42 39
2 28 78 23 32 32 28
2 29 47 58 51 46 50
2 30 7 80 82 83 87
2 31 31 64 69 68 68
2 32 22 80 77 70 72
2 33 44 52 47 51 59
2 34 21 80 72 69 74
2 35 13 77 73 77 78
2 36 38 62 62 54 58
2 37 86 23 23 16 23
2 38 0 99 85 96 87
2 39 29 66 65 60 63
3 4 19 80 78 68 71
3 5 46 58 54 53 55
3 6 81 17 21 29 30
3 7 85 14 19 13 16
3 8 85 18 13 21 23
3 9 70 26 38 38 25
3 10 45 47 47 53 58
3 11 8 85 92 90 86
3 12 97 2 12 7 4
3 13 6 87 92 93 80
3 14 50 48 48 50 51
3 15 47 57 53 55 57
3 16 46 54 52 54 54
3 17 27 71 65 71 65
3 18 60 42 43 37 36
3 19 93 10 19 19 16
3 20 36 65 57 55 61
3 21 13 75 75 75 74
3 22 14 85 80 80 87
3 23 43 63 48 52 49
3 24 94 7 15 17 9
3 25 18 70 76 82 76
3 26 79 19 23 19 22
3 27 1 98 95 88 86
3 28 12 88 79 79 76
3 29 39 55 53 60 64
3 30 54 52 43 52 52
3 31 8 87 90 90 91
3 32 40 56 50 52 58
3 33 7 81 85 90 87
3 34 96 7 3 8 5
3 35 71 38 25 26 27
3 36 92 20 8 18 18
3 37 49 55 51 50 46
3 38 4 86 81 83 84
3 39 14 84 80 76 80
4 5 99 3 7 9 13
4 6 72 36 24 27 25
4 7 11 81 86 84 84
4 8 50 47 54 51 42
4 9 85 25 18 17 15
4 10 22 74 79 72 73
4 11 31 64 67 58 63
4 12 76 31 21 23 27
4 13 14 82 80 87 72
4 14 51 52 46 53 52
4 15 28 70 73 67 68
4 16 95 7 11 8 13
4 17 44 56 52 61 60
4 18 11 77 87 89 80
4 19 11 78 84 87 78
4 20 92 15 21 18 12
4 21 94 5 9 15 17
4 22 7 93 93 93 89
4 23 41 52 51 58 56
4 24 9 87 81 85 84
4 25 26 69 64 62 76
4 26 13 87 83 80 77
4 27 8 87 89 89 82
4 28 19 72 74 73 81
4 29 16 84 76 86 79
4 30 71 29 24 27 29
4 31 32 64 69 65 64
4 32 15 78 76 84 75
4 33 33 66 63 58 71
4 34 42 49 56 61 57
4 35 62 40 32 33 45
4 36 10 81 89 91 89
4 37 9 84 82 84 90
4 38 53 43 44 53 48
4 39 32 65 58 67 62
5 6 4 84 84 82 93
5 7 61 34 42 47 34
5 8 26 75 71 73 67
5 9 6 94 81 80 86
5 10 31 59 66 70 72
5 11 5 80 93 91 88
5 12 0 88 98 94 90
5 13 81 29 27 18 27
5 14 29 66 69 67 64
5 15 85 14 15 23 23
5 16 71 37 30 36 35
5 17 99 8 8 4 4
5 18 9 80 84 86 89
5 19 80 19 25 24 23
5 20 4 88 83 93 95
5 21 88 9 22 24 14
5 22 7 88 88 83 93
5 23 27 76 74 71 66
5 24 5 91 93 81 93
5 25 7 85 84 81 80
5 26 46 49 57 50 47
5 27 99 1 6 1 11
5 28 87 23 11 24 25
5 29 29 61 63 71 62
5 30 52 51 49 48 40
5 31 80 16 25 17 30
5 32 64 36 45 34 43
5 33 54 40 47 39 47
5 34 51 42 50 51 52
5 35 21 71 73 72 74
5 36 48 52 46 58 43
5 37 92 16 12 6 7
5 38 21 77 75 73 67
5 39 16 81 71 81 78
6 7 18 83 76 79 72
6 8 6 85 83 84 84
6 9 15 75 82 83 73
6 10 95 11 10 17 13
6 11 37 56 65 62 59
6 12 41 59 55 55 63
6 13 13 84 86 81 77
6 14 21 80 67 81 72
6 15 64 30 33 37 39
6 16 49 46 45 44 44
6 17 12 79 88 86 76
6 18 7 80 79 83 82
6 19 36 67 63 61 61
6 20 19 80 72 72 73
6 21 30 71 72 60 72
6 22 77 30 21 25 30
6 23 55 44 40 47 39
6 24 64 31 35 34 36
6 25 34 65 63 68 66
6 26 88 11 17 14 23
6 27 77 23 31 29 32
6 28 82 21 24 20 25
6 29 89 21 9 15 18
6 30 29 74 71 72 71
6 31 3 97 88 96 91
6 32 27 73 72 72 74
6 33 61 32 39 33 42
6 34 75 26 34 30 21
6 35 15 80 84 78 78
6 36 74 35 32 32 34
6 37 13 75 88 75 84
6 38 47 51 47 46 49
6 39 34 68 58 65 70
7 8 76 29 22 26 24
7 9 81 27 21 25 27
7 10 77 30 31 32 24
7 11 27 66 68 65 72
7 12 99 11 3 7 11
7 13 0 94 98 93 94
7 14 55 48 51 45 38
7 15 86 16 14 24 14
7 16 6 88 87 80 86
7 17 47 45 50 50 54
7 18 99 10 14 6 12
7 19 21 78 73 81 79
7 20 21 76 74 73 73
7 21 54 45 46 48 46
7 22 21 72 76 77 76
7 23 8 92 83 77 81
7 24 90 17 15 16 12
7 25 25 72 68 66 66
7 26 74 25 34 21 34
7 27 48 49 48 48 56
7 28 59 36 47 40 42
7 29 38 57 57 55 63
7 30 2 97 96 83 85
7 31 52 47 42 41 50
7 32 61 43 39 33 38
7 33 75 23 23 29 33
7 34 57 47 37 45 45
7 35 93 19 9 17 7
7 36 59 48 35 44 49
7 37 30 64 60 70 68
7 38 14 78 76 82 83
7 39 0 87 84 96 88
8 9 4 92 92 85 93
8 10 88 24 19 19 24
8 11 30 61 66 68 58
8 12 0 85 95 92 96
8 13 90 16 9 11 12
8 14 97 8 13 13 8
8 15 49 57 55 52 42
8 16 36 65 62 62 59
8 17 26 68 68 64 76
8 18 92 12 14 14 10
8 19 54 41 47 46 52
8 20 50 45 53 42 49
8 21 36 60 68 57 55
8 22 34 65 57 66 66
8 23 21 78 68 69 71
8 24 34 58 56 66 66
8 25 11 87 75 84 85
8 26 34 66 59 66 66
8 27 25 77 73 69 69
8 28 78 28 22 19 18
8 29 47 57 46 50 55
8 30 95 10 10 8 6
8 31 67 32 40 36 27
8 32 20 73 72 81 76
8 33 94 16 14 15 16
8 34 59 45 47 38 41
8 35 8 86 84 86 82
8 36 63 34 38 34 36
8 37 98 1 13 8 3
8 38 36 64 59 57 60
8 39 60 44 40 44 37
9 10 34 63 66 67 58
9 11 55 42 48 49 52
9 12 69 35 32 31 26
9 13 72 24 37 33 36
9 14 39 52 62 55 57
9 15 5 88 88 90 92
9 16 8 89 91 91 91
9 17 22 70 79 78 78
9 18 51 52 45 54 41
9 19 31 71 60 62 60
9 20 52 41 54 42 48
9 21 91 15 15 16 20
9 22 97 7 16 5 4
9 23 43 52 62 48 56
9 24 29 67 60 71 61
9 25 94 7 17 19 14
9 26 82 22 19 15 24
9 27 11 79 89 84 85
9 28 86 12 25 20 18
9 29 53 51 44 53 47
9 30 30 62 73 67 66
9 31 53 43 45 42 48
9 32 8 79 89 79 89
9 33 27 65 64 62 69
9 34 13 79 74 86 85
9 35 10 79 85 83 81
9 36 40 53 54 61 55
9 37 71 35 38 39 28
9 38 44 55 47 49 49
9 39 21 75 80 67 68
10 11 78 21 25 20 24
10 12 45 55 55 54 61
10 13 38 58 61 61 57
10 14 50 47 46 56 45
10 15 22 71 68 69 71
10 16 60 36 40 47 34
10 17 42 53 50 48 54
10 18 45 48 52 51 58
10 19 36 59 67 63 62
10 20 90 14 19 14 16
10 21 5 86 81 88 92
10 22 7 85 89 86 85
10 23 0 95 89 93 90
10 24 58 37 44 42 49
10 25 32 60 60 65 66
10 26 35 59 65 55 54
10 27 55 52 43 41 43
10 28 57 49 45 44 43
10 29 95 7 15 14 13
10 30 16 73 82 77 83
10 31 26 64 72 66 62
10 32 75 26 27 29 27
10 33 6 87 93 87 90
10 34 44 48 51 59 53
10 35 33 64 65 67 62
10 36 90 12 13 15 22
10 37 3 96 89 86 85
10 38 15 82 80 81 79
10 39 47 59 46 52 50
11 12 13 75 87 81 77
11 13 12 77 74 83 78
11 14 2 97 90 83 84
11 15 1 94 98 90 91
11 16 51 52 47 52 50
11 17 92 9 6 10 11
11 18 33 64 71 68 58
11 19 86 13 25 15 25
11 20 75 23 30 32 32
11 21 80 28 27 23 27
11 22 88 22 17 19 23
11 23 4 82 89 92 85
11 24 19 77 80 73 69
11 25 79 21 19 17 29
11 26 97 4 4 14 11
11 27 75 32 31 31 29
11 28 71 24 33 32 28
11 29 67 29 32 27 34
11 30 11 88 88 82 79
11 31 48 46 43 55 47
11 32 27 61 71 64 62
11 33 4 90 94 88 95
11 34 4 83 83 87 96
11 35 25 74 71 75 67
11 36 7 85 82 87 83
11 37 35 66 57 62 64
11 38 5 92 92 92 83
11 39 71 28 31 30 29
12 13 72 23 35 34 34
12 14 15 74 86 80 74
12 15 50 42 50 46 42
12 16 23 65 73 68 67
12 17 17 75 71 79 77
12 18 25 64 77 77 75
12 19 75 34 23 32 31
12 20 72 26 25 25 31
12 21 88 14 23 23 12
12 22 13 77 83 84 84
12 23 75 24 25 33 21
12 24 94 10 14 15 17
12 25 8 88 86 83 88
12 26 6 83 87 87 91
12 27 21 71 67 77 73
12 28 34 65 60 67 66
12 29 66 38 38 40 41
12 30 74 22 29 24 23
12 31 34 58 63 57 61
12 32 11 81 85 90 77
12 33 56 48 38 45 40
12 34 8 79 85 88 81
12 35 26 65 72 74 64
12 36 7 84 89 88 85
12 37 71 32 31 38 25
12 38 30 64 62 64 59
12 39 59 35 47 39 44
13 14 58 42 38 48 43
13 15 51 41 41 53 54
13 16 30 60 61 67 68
13 17 0 86 98 90 94
13 18 30 66 61 64 71
13 19 56 41 44 46 44
13 20 74 21 32 34 29
13 21 50 46 47 43 51
13 22 53 45 42 42 46
13 23 7 88 86 85 88
13 24 24 72 69 66 76
13 25 30 64 70 72 74
13 26 79 24 21 22 26
13 27 4 86 94 92 84
13 28 68 38 34 38 40
13 29 92 18 15 6 11
13 30 22 79 76 67 75
13 31 90 17 22 8 14
13 32 40 64 63 51 55
13 33 82 18 17 29 21
13 34 26 63 63 75 62
13 35 73 29 25 34 33
13 36 81 23 18 17 25
13 37 49 54 57 47 47
13 38 42 61 50 52 52
13 39 26 73 71 75 70
14 15 25 77 75 71 74
14 16 51 55 55 43 54
14 17 61 37 39 35 33
14 18 0 93 86 85 98
14 19 35 62 68 57 66
14 20 61 33 40 34 34
14 21 58 39 49 37 37
14 22 99 7 7 14 7
14 23 46 46 54 45 54
14 24 59 45 35 35 41
14 25 86 26 18 14 14
14 26 88 12 19 11 14
14 27 88 10 10 20 16
14 28 65 32 29 31 30
14 29 26 76 70 65 77
14 30 72 33 27 24 27
14 31 13 85 86 87 76
14 32 60 41 38 39 39
14 33 83 19 16 22 18
14 34 77 33 31 20 32
14 35 56 43 48 46 40
14 36 48 57 44 58 53
14 37 74 35 34 28 28
14 38 14 80 77 80 83
14 39 35 59 60 68 65
15 16 45 54 48 58 59
15 17 6 81 79 84 93
15 18 19 72 78 75 72
15 19 47 49 55 44 45
15 20 6 81 79 91 91
15 21 4 91 84 91 94
15 22 51 47 43 45 43
15 23 68 27 38 36 38
15 24 87 23 17 11 13
15 25 35 56 68 64 57
15 26 43 57 49 48 58
15 27 63 32 33 38 32
15 28 10 77 85 87 89
15 29 53 51 49 43 43
15 30 22 73 67 76 70
15 31 16 73 76 83 71
15 32 72 28 31 30 34
15 33 85 25 26 16 13
15 34 23 65 71 70 75
15 35 84 23 24 19 27
15 36 33 62 64 68 70
15 37 52 44 47 50 51
15 38 43 59 48 54 61
15 39 8 90 86 83 78
16 17 15 82 72 76 81
16 18 75 28 28 33 28
16 19 90 21 17 13 11
16 20 22 77 77 76 81
16 21 59 44 47 34 42
16 22 5 94 91 81 86
16 23 40 55 63 53 55
16 24 62 38 45 46 45
16 25 94 6 17 5 19
16 26 99 7 8 2 5
16 27 48 51 48 58 50
16 28 94 5 5 8 13
16 29 92 6 6 6 7
16 30 49 43 51 44 50
16 31 17 77 84 79 70
16 32 75 34 29 35 32
16 33 55 40 41 46 49
16 34 79 19 23 18 19
16 35 79 22 29 21 19
16 36 20 69 82 72 77
16 37 80 27 26 25 29
16 38 80 26 19 17 29
16 39 44 56 54 54 58
17 18 76 21 27 30 31
17 19 88 21 15 10 17
17 20 2 92 89 82 87
17 21 65 37 36 36 39
17 22 46 58 55 48 57
17 23 0 89 85 95 91
17 24 67 31 32 34 29
17 25 32 70 65 67 60
17 26 65 40 31 32 35
17 27 59 47 34 42 37
17 28 74 30 31 27 23
17 29 48 58 43 54 47
17 30 75 30 25 32 24
17 31 85 21 25 22 16
17 32 17 75 78 77 73
17 33 75 22 25 31 21
17 34 1 84 86 97 98
17 35 1 89 96 85 98
17 36 45 54 57 59 54
17 37 31 67 63 64 71
17 38 21 67 70 71 66
17 39 19 70 74 77 82
18 19 84 25 17 21 21
18 20 22 79 66 78 78
18 21 1 86 96 86 86
18 22 5 94 93 91 90
18 23 45 54 54 51 48
18 24 56 50 38 36 37
18 25 47 47 55 51 49
18 26 20 74 71 79 82
18 27 36 53 54 54 64
18 28 19 74 71 82 83
18 29 44 57 53 62 60
18 30 91 20 9 21 7
18 31 60 40 48 39 48
18 32 79 30 22 23 31
18 33 52 42 46 48 54
18 34 26 64 66 67 74
18 35 67 40 39 37 41
18 36 10 84 82 89 86
18 37 90 12 22 11 22
18 38 22 70 74 70 67
18 39 3 88 87 89 83
19 20 38 61 66 61 55
19 21 55 40 49 50 47
19 22 92 21 20 20 16
19 23 57 39 45 39 47
19 24 30 68 60 62 65
19 25 72 26 24 23 33
19 26 8 84 85 92 83
19 27 55 42 47 43 49
19 28 84 14 17 16 26
19 29 92 10 17 15 6
19 30 26 72 66 76 65
19 31 55 51 40 38 38
19 32 75 25 27 34 31
19 33 73 27 36 30 24
19 34 35 59 67 56 67
19 35 18 74 81 71 80
19 36 50 56 55 51 47
19 37 56 49 50 39 39
19 38 65 41 32 41 36
19 39 12 82 75 77 75
20 21 3 88 94 82 92
20 22 87 18 16 17 18
20 23 60 46 38 47 48
20 24 90 21 20 9 12
20 25 43 52 61 61 57
20 26 24 77 70 71 73
20 27 14 82 83 73 75
20 28 74 34 26 34 26
20 29 66 30 33 30 32
20 30 67 33 40 32 33
20 31 32 68 68 61 72
20 32 6 85 86 87 82
20 33 41 56 55 50 54
20 34 76 25 20 24 23
20 35 93 15 16 13 7
20 36 36 56 58 62 57
20 37 80 30 24 28 27
20 38 69 36 29 28 30
20 39 31 63 59 71 72
21 22 5 86 82 92 83
21 23 13 85 82 81 85
21 24 95 18 14 15 12
21 25 6 86 84 88 83
21 26 65 39 42 30 38
21 27 96 5 7 14 11
21 28 98 13 5 6 6
21 29 7 87 84 93 89
21 30 83 27 23 26 25
21 31 37 62 63 62 60
21 32 22 76 66 77 74
21 33 39 63 60 62 59
21 34 69 40 32 37 29
21 35 4 89 90 92 82
21 36 58 45 48 46 49
21 37 39 59 65 56 65
21 38 64 32 33 40 30
21 39 36 56 55 57 66
22 23 17 79 80 77 79
22 24 78 27 33 28 24
22 25 93 7 5 9 8
22 26 34 64 70 61 68
22 27 72 35 25 32 38
22 28 78 26 20 20 31
22 29 58 50 44 40 38
22 30 60 45 43 47 42
22 31 82 26 23 29 14
22 32 69 36 35 36 29
22 33 10 88 87 85 87
22 34 71 25 35 35 29
22 35 85 17 26 18 23
22 36 55 45 38 51 41
22 37 9 82 80 88 80
22 38 69 28 27 31 40
22 39 49 49 54 58 44
23 24 95 8 8 17 17
23 25 69 34 35 40 33
23 26 85 24 20 13 18
23 27 79 20 24 31 27
23 28 16 81 71 78 81
23 29 26 65 76 63 66
23 30 57 38 42 45 50
23 31 19 78 68 68 80
23 32 2 95 89 91 86
23 33 48 52 50 56 57
23 34 48 56 50 57 47
23 35 39 61 54 54 55
23 36 38 52 54 58 55
23 37 82 21 15 25 20
23 38 94 18 14 17 10
23 39 9 82 81 79 84
24 25 5 81 84 92 87
24 26 79 26 21 24 28
24 27 56 38 38 44 46
24 28 48 46 50 54 47
24 29 53 52 46 52 52
24 30 93 17 7 15 11
24 31 17 81 77 77 72
24 32 18 78 80 80 81
24 33 62 44 44 32 34
24 34 20 73 69 81 69
24 35 42 58 58 54 61
24 36 83 16 20 20 19
24 37 11 86 78 76 88
24 38 45 60 52 51 56
24 39 50 47 47 56 42
25 26 47 55 51 54 54
25 27 23 70 71 78 72
25 28 80 22 24 27 23
25 29 31 58 70 71 65
25 30 46 59 47 60 48
25 31 82 15 25 20 19
25 32 97 5 11 9 7
25 33 99 12 13 1 8
25 34 47 46 50 52 46
25 35 38 62 62 62 55
25 36 6 88 90 87 88
25 37 31 70 72 64 63
25 38 65 33 39 30 36
25 39 14 77 75 86 82
26 27 21 68 76 66 74
26 28 99 9 12 3 4
26 29 41 63 58 51 51
26 30 67 40 28 40 36
26 31 0 98 93 93 88
26 32 39 54 55 64 63
26 33 97 12 12 13 15
26 34 46 52 54 56 50
26 35 39 53 51 56 56
26 36 84 21 16 26 22
26 37 81 28 19 18 23
26 38 84 18 20 14 14
26 39 58 37 41 42 35
27 28 91 16 12 7 8
27 29 80 23 21 25 17
27 30 13 86 87 76 82
27 31 95 4 5 12 8
27 32 49 52 55 47 49
27 33 6 91 93 81 80
27 34 75 23 24 22 27
27 35 98 15 1 13 11
27 36 37 53 66 61 65
27 37 7 89 86 90 89
27 38 87 12 12 24 19
27 39 67 31 33 34 41
28 29 78 22 18 31 31
28 30 82 28 23 29 18
28 31 15 84 84 84 74
28 32 89 18 11 14 15
28 33 93 6 7 9 10
28 34 23 75 71 75 71
28 35 92 7 12 6 16
28 36 12 78 88 81 81
28 37 19 68 79 75 75
28 38 44 57 50 57 60
28 39 11 78 84 88 86
29 30 8 84 80 85 92
29 31 97 10 14 12 12
29 32 4 92 83 91 81
29 33 88 14 16 12 12
29 34 3 83 90 89 84
29 35 87 24 22 23 15
29 36 44 51 50 49 59
29 37 64 32 42 45 39
29 38 96 13 14 6 14
29 39 7 86 86 92 89
30 31 29 64 73 71 62
30 32 55 42 52 44 40
30 33 3 92 90 94 88
30 34 46 57 48 51 57
30 35 33 59 69 61 68
30 36 47 53 47 56 47
30 37 75 29 25 31 26
30 38 24 66 65 75 67
30 39 15 72 85 72 86
31 32 34 64 61 64 65
31 33 60 37 47 36 35
31 34 43 51 59 48 60
31 35 38 63 63 56 62
31 36 45 58 53 56 53
31 37 23 79 79 77 68
31 38 48 57 49 46 47
31 39 66 29 39 31 31
32 33 77 23 21 20 33
32 34 97 15 3 6 2
32 35 36 57 63 55 61
32 36 20 77 70 72 70
32 37 23 69 73 79 68
32 38 67 31 30 36 37
32 39 68 30 31 34 41
33 34 88 19 21 23 23
33 35 56 39 48 49 41
33 36 69 40 26 37 37
33 37 81 18 27 22 28
33 38 64 41 41 38 31
33 39 99 14 0 5 8
34 35 35 67 64 58 55
34 36 54 53 41 39 43
34 37 19 68 73 68 74
34 38 10 83 81 77 88
34 39 18 73 77 76 76
35 36 98 7 12 11 13
35 37 50 51 45 54 46
35 38 1 87 96 90 89
35 39 61 35 47 46 37
36 37 17 84 77 71 84
36 38 6 82 89 87 80
36 39 13 86 76 80 77
37 38 96 16 12 11 7
37 39 53 46 47 46 51
38 39 17 81 82 72 75
