50 5
0 0.333333 0.333333 0.333333 0 
0 1 65 31 63 46 74
0 2 84 31 34 63 75
0 3 85 28 38 21 14
0 4 52 61 51 10 64
0 5 37 70 73 37 47
0 6 55 56 42 20 41
0 7 18 42 80 64 25
0 8 15 39 35 17 81
0 9 91 25 20 31 7
0 10 32 38 85 19 55
0 11 56 39 46 18 10
0 12 85 65 62 78 40
0 13 60 10 43 14 62
0 14 29 55 53 77 92
0 15 99 17 2 60 64
0 16 3 53 96 58 57
0 17 58 73 69 8 44
0 18 91 58 60 59 59
0 19 55 83 10 35 44
0 20 26 34 28 92 65
0 21 2 54 79 38 57
0 22 2 78 44 46 46
0 23 51 64 54 43 52
0 24 87 69 26 53 12
0 25 87 47 40 58 54
0 26 78 10 58 63 10
0 27 89 31 41 68 40
0 28 91 20 30 10 17
0 29 72 50 61 11 32
0 30 56 35 13 21 67
0 31 30 78 36 19 40
0 32 42 73 27 57 74
0 33 11 54 55 26 95
0 34 23 23 72 41 25
0 35 37 86 54 42 66
0 36 41 12 37 49 72
0 37 10 19 26 24 78
0 38 14 67 66 27 19
0 39 47 50 74 18 73
0 40 25 69 25 25 26
0 41 82 34 13 19 32
0 42 50 58 84 67 50
0 43 67 70 76 22 84
0 44 52 20 47 67 52
0 45 51 20 29 50 88
0 46 41 25 53 52 16
0 47 24 39 71 92 82
0 48 26 57 30 57 78
0 49 18 77 22 89 94
1 2 96 30 62 31 17
1 3 85 52 81 18 4
1 4 68 60 68 14 20
1 5 70 9 66 83 15
1 6 9 78 39 94 63
1 7 24 72 66 77 70
1 8 35 56 51 16 59
1 9 11 78 87 42 34
1 10 57 26 70 42 65
1 11 97 1 13 58 26
1 12 9 59 30 88 75
1 13 89 8 62 43 14
1 14 17 38 71 33 73
1 15 85 39 53 33 30
1 16 92 6 34 48 54
1 17 33 31 19 33 41
1 18 25 54 89 24 72
1 19 40 13 61 75 69
1 20 40 48 47 62 28
1 21 18 58 91 36 93
1 22 67 46 16 50 24
1 23 35 58 71 18 54
1 24 61 54 22 58 75
1 25 31 64 64 63 67
1 26 56 15 15 59 34
1 27 18 35 52 72 32
1 28 20 27 91 63 33
1 29 80 5 5 4 54
1 30 87 78 21 72 61
1 31 71 14 58 44 35
1 32 31 69 44 86 83
1 33 26 22 65 71 81
1 34 81 59 81 46 9
1 35 43 47 74 54 21
1 36 85 48 64 26 74
1 37 55 38 61 24 31
1 38 13 85 62 60 34
1 39 59 47 18 67 82
1 40 1 96 47 56 90
1 41 56 33 59 20 56
1 42 68 46 84 35 20
1 43 57 87 16 34 49
1 44 80 22 53 6 5
1 45 1 69 34 50 38
1 46 12 24 86 27 42
1 47 47 89 63 52 86
1 48 73 39 78 83 15
1 49 53 74 32 84 70
2 3 46 77 33 84 30
2 4 49 65 21 27 52
2 5 66 51 11 48 14
2 6 84 3 31 41 28
2 7 22 66 74 50 93
2 8 33 38 56 74 77
2 9 92 63 58 70 14
2 10 67 79 47 34 57
2 11 54 55 40 15 22
2 12 56 41 50 78 54
2 13 12 20 50 32 88
2 14 43 72 53 85 27
2 15 43 43 89 62 66
2 16 3 65 59 54 24
2 17 85 45 8 48 16
2 18 53 41 84 36 71
2 19 66 18 34 38 23
2 20 89 57 60 75 13
2 21 42 40 21 40 75
2 22 86 19 7 37 48
2 23 71 20 43 17 17
2 24 53 17 46 28 80
2 25 24 27 65 71 86
2 26 26 83 75 55 17
2 27 26 83 51 24 37
2 28 79 66 47 33 52
2 29 15 21 32 83 66
2 30 54 51 61 40 75
2 31 57 9 14 26 12
2 32 50 16 83 25 18
2 33 30 21 93 77 60
2 34 18 74 66 89 42
2 35 62 16 60 61 58
2 36 51 51 12 54 30
2 37 97 78 49 64 5
2 38 9 53 37 66 67
2 39 66 35 11 86 80
2 40 48 62 38 13 27
2 41 54 74 44 27 47
2 42 45 53 32 11 64
2 43 88 63 7 43 48
2 44 36 29 40 29 22
2 45 10 45 29 49 35
2 46 65 84 58 68 38
2 47 38 54 36 57 57
2 48 74 78 46 77 13
2 49 91 49 39 24 76
3 4 76 80 6 43 57
3 5 84 16 58 11 18
3 6 88 74 18 77 32
3 7 47 39 39 60 17
3 8 16 44 51 50 69
3 9 73 52 14 51 26
3 10 34 74 20 18 64
3 11 73 67 68 10 83
3 12 81 45 81 56 72
3 13 19 49 24 48 69
3 14 20 75 95 53 75
3 15 88 64 33 6 14
3 16 82 3 8 14 53
3 17 23 80 92 52 90
3 18 98 23 55 38 42
3 19 79 60 7 63 4
3 20 91 20 25 72 48
3 21 66 22 47 7 65
3 22 80 70 57 33 71
3 23 37 46 60 17 82
3 24 12 85 89 93 26
3 25 98 51 45 35 34
3 26 89 3 16 13 24
3 27 4 26 99 39 28
3 28 23 50 48 43 79
3 29 9 34 32 65 38
3 30 44 31 90 22 37
3 31 66 20 66 69 46
3 32 2 33 23 50 57
3 33 8 69 88 60 66
3 34 42 90 50 34 22
3 35 25 45 52 18 91
3 36 31 52 53 79 49
3 37 86 72 39 41 37
3 38 25 30 75 63 27
3 39 22 70 56 49 43
3 40 49 14 14 63 25
3 41 45 32 40 58 60
3 42 82 42 70 78 73
3 43 17 62 74 70 53
3 44 89 40 75 80 53
3 45 67 25 29 84 70
3 46 68 30 6 23 15
3 47 76 77 16 9 45
3 48 90 25 75 13 59
3 49 64 32 63 20 53
4 5 0 34 67 35 65
4 6 78 30 76 35 30
4 7 23 60 68 53 45
4 8 23 58 44 54 27
4 9 45 22 68 88 66
4 10 44 35 24 87 35
4 11 76 5 20 41 24
4 12 59 70 28 8 73
4 13 59 82 66 63 9
4 14 45 62 13 84 39
4 15 8 70 32 64 25
4 16 37 16 73 17 37
4 17 17 82 42 39 25
4 18 10 86 52 86 74
4 19 4 72 48 90 89
4 20 69 35 59 17 67
4 21 54 78 88 50 85
4 22 81 69 38 65 11
4 23 77 41 63 12 21
4 24 97 41 72 50 4
4 25 3 48 20 35 79
4 26 14 76 76 58 27
4 27 27 43 86 19 41
4 28 77 26 68 82 21
4 29 31 84 42 65 92
4 30 57 88 70 71 73
4 31 10 95 59 22 54
4 32 50 74 89 15 52
4 33 33 64 80 65 48
4 34 13 77 30 29 24
4 35 18 77 76 91 63
4 36 64 86 16 7 16
4 37 55 19 70 41 10
4 38 97 42 47 27 62
4 39 53 44 88 77 61
4 40 80 59 34 31 57
4 41 59 22 50 72 80
4 42 65 57 75 59 24
4 43 86 52 4 65 48
4 44 36 54 35 66 61
4 45 98 37 50 42 79
4 46 65 64 22 28 69
4 47 39 48 23 28 38
4 48 73 32 15 44 51
4 49 29 30 65 25 15
5 6 32 84 39 14 19
5 7 89 31 50 64 9
5 8 47 64 31 42 40
5 9 56 18 81 60 45
5 10 42 11 28 29 23
5 11 59 13 81 78 26
5 12 73 57 55 15 20
5 13 48 38 29 72 28
5 14 3 45 96 35 36
5 15 64 45 14 67 8
5 16 32 24 55 43 67
5 17 21 50 47 60 70
5 18 83 71 36 25 19
5 19 15 40 64 90 57
5 20 67 71 22 51 6
5 21 58 85 60 74 72
5 22 44 12 63 33 49
5 23 39 59 14 51 58
5 24 81 64 16 73 55
5 25 19 55 26 87 75
5 26 61 11 22 13 53
5 27 39 55 86 54 86
5 28 4 38 83 44 81
5 29 52 35 16 86 41
5 30 11 66 86 71 52
5 31 53 16 34 13 84
5 32 71 33 69 19 57
5 33 22 24 82 30 88
5 34 90 38 73 7 9
5 35 9 78 90 47 66
5 36 74 11 6 78 43
5 37 92 3 78 8 1
5 38 23 48 91 77 52
5 39 16 50 91 64 90
5 40 58 56 75 25 43
5 41 77 41 63 82 13
5 42 20 30 45 38 29
5 43 31 30 70 68 54
5 44 57 30 33 79 55
5 45 66 74 35 50 45
5 46 86 16 30 46 79
5 47 43 89 35 87 13
5 48 59 51 26 66 65
5 49 23 55 92 92 43
6 7 43 22 11 63 14
6 8 88 41 4 6 24
6 9 6 41 74 37 41
6 10 50 85 51 29 66
6 11 6 24 82 58 65
6 12 92 76 25 9 59
6 13 30 49 91 78 23
6 14 5 52 71 46 40
6 15 52 85 39 71 24
6 16 58 26 19 42 84
6 17 86 68 36 73 50
6 18 65 67 65 47 44
6 19 23 82 43 71 87
6 20 37 63 39 90 31
6 21 83 48 28 21 63
6 22 35 26 82 48 27
6 23 18 18 41 45 85
6 24 65 19 64 35 16
6 25 35 63 38 31 73
6 26 88 38 39 61 24
6 27 89 46 42 30 48
6 28 69 70 78 75 6
6 29 49 81 54 53 79
6 30 18 23 16 26 63
6 31 47 36 74 60 76
6 32 88 28 54 69 16
6 33 34 64 29 16 38
6 34 8 97 39 82 78
6 35 42 74 41 67 23
6 36 96 41 35 76 40
6 37 26 44 45 30 26
6 38 47 82 29 72 66
6 39 92 61 2 67 59
6 40 6 31 28 45 60
6 41 57 69 66 44 54
6 42 25 24 89 48 84
6 43 46 37 59 74 28
6 44 40 14 42 91 65
6 45 60 17 13 68 25
6 46 27 57 60 41 72
6 47 12 87 59 32 82
6 48 51 44 52 25 24
6 49 29 59 28 16 15
7 8 15 57 53 42 85
7 9 75 53 80 65 14
7 10 27 78 28 55 30
7 11 84 33 18 10 32
7 12 48 48 63 34 63
7 13 8 61 78 76 62
7 14 40 77 41 61 24
7 15 41 15 36 22 83
7 16 15 37 54 79 65
7 17 2 84 29 90 47
7 18 85 57 27 24 68
7 19 93 31 2 50 29
7 20 95 48 42 9 28
7 21 82 41 11 23 26
7 22 76 65 74 18 32
7 23 87 12 69 57 74
7 24 91 80 60 52 12
7 25 31 56 88 43 27
7 26 59 54 15 73 70
7 27 41 68 62 60 30
7 28 13 63 61 94 62
7 29 83 60 70 17 34
7 30 51 57 24 69 83
7 31 54 35 41 40 40
7 32 47 52 17 52 83
7 33 42 35 70 84 41
7 34 38 56 28 74 66
7 35 67 63 60 9 55
7 36 6 80 41 47 98
7 37 89 63 31 51 48
7 38 40 85 81 59 55
7 39 59 50 72 63 28
7 40 88 64 69 58 70
7 41 99 31 58 79 40
7 42 70 20 46 79 78
7 43 89 29 45 4 11
7 44 36 76 67 41 48
7 45 56 62 40 40 80
7 46 40 76 22 73 15
7 47 62 82 31 8 23
7 48 62 52 33 44 80
7 49 85 10 21 32 56
8 9 9 76 95 22 22
8 10 12 42 94 91 77
8 11 45 34 26 54 46
8 12 71 11 70 24 49
8 13 1 43 84 71 34
8 14 46 63 24 66 77
8 15 93 77 69 77 39
8 16 6 32 46 36 90
8 17 28 60 94 45 14
8 18 28 17 43 19 79
8 19 30 37 42 54 55
8 20 17 45 67 51 24
8 21 46 20 79 35 35
8 22 28 26 20 40 61
8 23 4 34 74 72 95
8 24 13 62 19 29 46
8 25 77 82 47 77 57
8 26 73 66 59 67 41
8 27 17 74 93 48 91
8 28 75 33 56 5 50
8 29 48 45 49 64 18
8 30 6 68 32 83 21
8 31 54 80 20 20 73
8 32 79 41 52 42 58
8 33 49 62 67 72 69
8 34 57 57 17 36 83
8 35 59 73 76 58 70
8 36 59 72 40 36 64
8 37 9 59 83 90 58
8 38 97 32 39 21 73
8 39 82 62 45 83 57
8 40 97 74 56 23 19
8 41 65 73 17 11 42
8 42 0 46 23 47 94
8 43 47 15 39 23 27
8 44 57 27 19 18 50
8 45 84 68 54 31 67
8 46 7 94 94 26 76
8 47 96 45 1 43 4
8 48 37 64 79 50 86
8 49 75 83 83 34 33
9 10 46 50 77 52 35
9 11 22 37 81 38 17
9 12 1 82 25 26 40
9 13 22 70 93 75 84
9 14 90 79 36 71 8
9 15 1 95 31 81 25
9 16 4 55 33 24 79
9 17 93 25 19 64 58
9 18 78 71 67 22 40
9 19 55 21 43 28 79
9 20 6 21 77 19 63
9 21 26 16 74 69 51
9 22 73 70 54 66 10
9 23 64 67 38 60 26
9 24 90 16 40 81 8
9 25 48 89 82 42 14
9 26 91 20 9 29 77
9 27 35 80 34 73 72
9 28 84 35 81 16 39
9 29 33 82 79 23 81
9 30 43 88 47 49 12
9 31 49 31 37 42 86
9 32 45 32 50 40 17
9 33 15 68 73 24 61
9 34 31 57 42 84 88
9 35 72 10 8 41 68
9 36 29 21 19 37 62
9 37 43 90 85 77 53
9 38 20 69 81 17 27
9 39 51 55 22 85 20
9 40 69 27 19 10 80
9 41 66 47 43 44 69
9 42 84 9 68 71 7
9 43 56 21 36 79 26
9 44 76 75 12 70 15
9 45 57 13 32 87 24
9 46 18 43 64 26 46
9 47 65 27 45 86 30
9 48 64 83 11 37 82
9 49 21 89 48 61 27
10 11 6 50 84 90 78
10 12 40 57 71 80 38
10 13 20 41 68 93 35
10 14 42 82 64 38 34
10 15 77 33 10 60 18
10 16 86 63 19 20 5
10 17 91 39 42 49 15
10 18 96 28 49 14 17
10 19 80 34 74 5 36
10 20 56 81 31 26 31
10 21 86 65 41 9 52
10 22 56 77 83 33 63
10 23 99 26 6 0 52
10 24 41 58 81 68 62
10 25 42 78 77 66 27
10 26 99 77 32 68 37
10 27 56 64 79 50 47
10 28 27 43 72 45 55
10 29 94 74 20 21 33
10 30 69 24 40 51 19
10 31 40 63 65 80 20
10 32 7 94 56 95 95
10 33 94 8 72 68 19
10 34 58 70 50 26 9
10 35 85 77 32 64 43
10 36 96 65 50 12 60
10 37 9 57 84 49 88
10 38 83 52 55 70 15
10 39 63 45 65 57 70
10 40 97 79 46 60 12
10 41 17 31 23 62 70
10 42 57 60 86 35 57
10 43 67 70 12 37 78
10 44 28 30 94 29 71
10 45 67 43 72 59 60
10 46 11 19 21 95 30
10 47 59 48 20 8 15
10 48 57 78 9 45 29
10 49 45 34 69 80 28
11 12 57 77 34 58 81
11 13 8 79 46 32 90
11 14 46 18 17 36 25
11 15 98 22 2 51 62
11 16 40 39 73 82 37
11 17 58 74 70 41 13
11 18 33 72 20 37 85
11 19 60 47 46 28 47
11 20 53 31 74 71 51
11 21 59 70 27 85 39
11 22 79 67 24 20 34
11 23 5 37 31 39 66
11 24 1 52 30 85 24
11 25 2 45 96 91 87
11 26 0 45 65 91 52
11 27 35 83 24 82 27
11 28 10 90 40 71 23
11 29 57 33 67 74 73
11 30 14 89 91 61 65
11 31 99 0 50 58 6
11 32 39 31 58 76 33
11 33 8 66 49 38 34
11 34 0 59 33 68 76
11 35 61 74 52 8 30
11 36 97 75 43 13 33
11 37 38 81 40 12 50
11 38 14 69 70 48 64
11 39 48 73 20 81 76
11 40 71 28 35 21 45
11 41 98 60 55 54 18
11 42 40 38 77 45 17
11 43 73 42 46 12 37
11 44 54 66 69 46 50
11 45 28 93 65 61 86
11 46 28 40 23 45 26
11 47 16 80 77 24 81
11 48 47 56 67 30 37
11 49 65 54 18 15 47
12 13 45 44 40 20 78
12 14 87 73 5 69 56
12 15 70 21 21 55 15
12 16 47 25 38 24 10
12 17 80 18 47 53 83
12 18 16 74 95 52 17
12 19 16 55 28 34 64
12 20 29 80 80 91 92
12 21 0 81 37 77 30
12 22 81 14 29 77 70
12 23 72 79 50 22 59
12 24 44 70 64 88 68
12 25 72 24 22 54 47
12 26 18 69 93 84 45
12 27 41 79 16 62 67
12 28 15 86 18 61 61
12 29 81 63 76 50 18
12 30 33 73 85 40 20
12 31 36 48 92 32 41
12 32 2 30 80 34 52
12 33 31 20 17 35 52
12 34 38 28 44 39 69
12 35 66 46 27 73 56
12 36 2 33 81 60 55
12 37 26 29 41 19 28
12 38 31 29 75 83 76
12 39 48 57 41 35 88
12 40 58 29 76 35 78
12 41 76 32 36 45 73
12 42 10 66 65 24 82
12 43 25 56 19 27 62
12 44 9 50 31 52 46
12 45 31 43 62 43 59
12 46 66 43 7 33 36
12 47 79 10 83 36 28
12 48 28 35 42 20 22
12 49 79 71 54 43 60
13 14 38 28 78 70 71
13 15 18 69 51 54 80
13 16 61 84 61 51 17
13 17 51 61 22 70 82
13 18 1 41 97 26 42
13 19 12 52 64 83 58
13 20 15 45 65 65 67
13 21 35 30 78 77 42
13 22 92 73 37 60 62
13 23 16 52 31 75 57
13 24 5 53 55 93 41
13 25 17 33 23 46 83
13 26 58 28 81 39 71
13 27 3 55 80 67 21
13 28 97 32 75 80 76
13 29 55 46 54 77 70
13 30 67 24 66 60 67
13 31 20 70 84 42 92
13 32 42 42 24 67 15
13 33 12 51 69 49 53
13 34 21 29 51 59 60
13 35 15 67 57 45 54
13 36 7 19 24 63 94
13 37 73 27 7 64 26
13 38 88 13 5 31 30
13 39 65 21 61 18 56
13 40 30 84 46 28 37
13 41 98 43 23 46 72
13 42 44 19 65 66 68
13 43 76 14 41 14 27
13 44 23 36 18 85 39
13 45 61 15 9 55 82
13 46 27 92 20 35 88
13 47 70 51 12 22 7
13 48 56 35 82 17 79
13 49 28 36 84 49 39
14 15 88 34 68 7 17
14 16 92 36 4 33 33
14 17 3 40 21 69 31
14 18 77 38 48 57 15
14 19 12 37 82 22 26
14 20 22 28 25 19 44
14 21 84 58 20 70 71
14 22 75 67 38 5 9
14 23 83 59 43 31 78
14 24 61 64 40 37 15
14 25 86 22 48 37 15
14 26 40 27 69 79 35
14 27 80 77 5 39 28
14 28 33 57 91 78 26
14 29 16 45 53 75 43
14 30 84 28 8 38 69
14 31 30 73 54 21 32
14 32 31 57 15 64 18
14 33 15 66 52 23 64
14 34 53 19 80 76 32
14 35 25 77 30 18 42
14 36 68 50 85 78 26
14 37 11 92 91 55 61
14 38 45 27 12 32 69
14 39 82 42 29 53 8
14 40 62 34 14 86 65
14 41 30 34 79 93 48
14 42 84 7 75 29 79
14 43 20 22 88 71 70
14 44 0 79 68 22 47
14 45 11 24 39 63 31
14 46 70 69 34 28 70
14 47 98 17 70 6 12
14 48 51 36 38 75 34
14 49 48 55 35 21 70
15 16 52 84 32 20 34
15 17 20 80 50 46 57
15 18 17 78 60 84 80
15 19 90 18 60 30 24
15 20 90 34 64 6 4
15 21 65 11 11 57 23
15 22 47 83 51 76 40
15 23 65 11 21 57 78
15 24 7 68 40 93 91
15 25 38 41 17 20 36
15 26 55 82 58 75 41
15 27 89 46 14 4 56
15 28 90 22 4 2 10
15 29 38 23 62 77 30
15 30 21 90 31 35 62
15 31 40 85 56 62 66
15 32 15 67 47 30 47
15 33 95 29 75 25 17
15 34 85 77 34 8 34
15 35 26 52 69 90 60
15 36 87 49 79 26 71
15 37 38 51 78 17 52
15 38 94 2 8 50 19
15 39 14 23 64 76 27
15 40 31 59 57 51 78
15 41 85 55 7 75 68
15 42 98 37 56 24 16
15 43 19 20 76 52 27
15 44 5 90 76 19 82
15 45 82 69 39 22 30
15 46 92 42 32 57 70
15 47 1 70 71 39 46
15 48 21 80 86 37 89
15 49 36 71 80 81 23
16 17 95 5 15 2 24
16 18 82 27 40 12 39
16 19 50 35 78 16 16
16 20 33 55 49 15 39
16 21 7 86 81 23 84
16 22 21 76 16 28 31
16 23 81 43 23 72 33
16 24 39 53 28 69 38
16 25 99 37 32 33 61
16 26 5 93 59 32 37
16 27 82 47 12 38 51
16 28 89 30 4 54 59
16 29 85 4 74 53 49
16 30 30 86 16 91 91
16 31 55 66 50 51 61
16 32 31 18 35 25 69
16 33 86 76 25 8 7
16 34 3 95 28 76 56
16 35 80 29 7 4 59
16 36 59 39 38 81 78
16 37 78 43 37 67 43
16 38 62 69 32 45 46
16 39 98 12 37 64 53
16 40 93 65 69 69 77
16 41 94 39 17 21 1
16 42 62 66 35 61 49
16 43 44 46 59 36 80
16 44 11 62 35 55 31
16 45 66 84 71 41 23
16 46 8 48 54 48 87
16 47 27 29 40 49 85
16 48 20 44 52 87 92
16 49 6 67 96 93 20
17 18 39 19 75 22 34
17 19 96 72 3 38 27
17 20 34 55 79 72 88
17 21 35 91 75 58 88
17 22 21 36 39 38 50
17 23 66 9 24 44 38
17 24 98 59 66 6 48
17 25 12 93 43 77 86
17 26 70 10 42 77 20
17 27 32 35 58 93 36
17 28 64 31 9 77 12
17 29 9 24 51 86 43
17 30 81 26 38 7 16
17 31 66 20 57 27 63
17 32 0 75 20 88 20
17 33 99 79 26 72 76
17 34 37 74 67 23 71
17 35 21 79 18 55 36
17 36 84 31 21 76 35
17 37 62 8 49 51 49
17 38 29 74 51 68 39
17 39 86 49 20 68 33
17 40 47 55 16 24 84
17 41 33 14 21 17 18
17 42 33 75 21 88 86
17 43 57 57 38 85 60
17 44 72 17 9 67 5
17 45 36 75 73 84 63
17 46 6 74 31 53 76
17 47 56 62 54 26 16
17 48 76 40 19 31 77
17 49 80 45 14 63 10
18 19 66 59 34 64 12
18 20 37 75 32 64 72
18 21 59 62 32 67 78
18 22 62 32 22 77 30
18 23 48 74 72 12 83
18 24 79 48 18 18 40
18 25 67 69 40 78 40
18 26 92 5 75 79 15
18 27 29 69 16 44 57
18 28 93 35 20 17 7
18 29 11 39 30 64 84
18 30 24 89 43 66 92
18 31 73 51 69 83 67
18 32 63 67 60 84 9
18 33 73 85 45 34 57
18 34 28 83 16 39 54
18 35 39 27 65 34 58
18 36 69 15 27 71 67
18 37 64 65 64 73 23
18 38 6 45 75 31 43
18 39 52 58 69 67 32
18 40 96 52 23 78 74
18 41 60 68 52 69 9
18 42 57 61 33 55 23
18 43 13 26 76 91 57
18 44 29 38 75 27 32
18 45 19 28 89 37 18
18 46 59 48 53 48 87
18 47 58 10 14 9 65
18 48 40 45 18 26 40
18 49 19 59 53 50 47
19 20 64 10 12 70 59
19 21 46 62 84 47 18
19 22 50 81 74 85 37
19 23 97 64 18 35 11
19 24 58 56 40 56 67
19 25 16 46 29 87 69
19 26 1 62 72 22 80
19 27 79 17 53 72 68
19 28 34 24 33 56 75
19 29 78 43 35 37 16
19 30 14 66 46 70 60
19 31 73 53 79 47 45
19 32 93 59 63 61 76
19 33 89 59 2 9 35
19 34 69 84 74 6 32
19 35 52 50 47 10 64
19 36 62 46 85 85 82
19 37 85 22 40 3 35
19 38 47 41 65 17 65
19 39 62 83 67 48 83
19 40 90 24 10 30 76
19 41 76 72 56 37 81
19 42 52 17 71 82 56
19 43 77 51 25 49 7
19 44 92 11 30 22 7
19 45 1 97 97 89 43
19 46 41 89 33 20 90
19 47 89 33 48 19 42
19 48 11 47 75 94 83
19 49 79 23 23 38 69
20 21 65 77 77 13 39
20 22 56 53 38 15 9
20 23 52 63 11 76 88
20 24 85 39 81 33 72
20 25 24 68 94 76 25
20 26 7 97 21 42 55
20 27 84 51 18 78 24
20 28 86 44 18 5 25
20 29 40 91 26 46 63
20 30 24 39 91 33 86
20 31 3 95 78 37 93
20 32 1 25 42 77 60
20 33 83 15 4 21 16
20 34 69 29 12 31 67
20 35 62 23 83 60 44
20 36 73 19 71 27 32
20 37 21 32 55 67 47
20 38 33 31 33 34 65
20 39 10 84 57 25 62
20 40 16 92 74 58 65
20 41 43 22 12 58 48
20 42 59 46 64 24 61
20 43 5 63 36 55 26
20 44 30 48 74 43 23
20 45 85 67 5 3 56
20 46 30 90 34 23 19
20 47 11 93 55 54 37
20 48 86 16 70 52 80
20 49 15 88 93 41 27
21 22 69 30 63 28 37
21 23 42 83 40 28 37
21 24 58 9 35 35 67
21 25 54 47 13 75 81
21 26 81 49 31 11 9
21 27 45 82 34 81 61
21 28 34 55 84 18 46
21 29 23 79 33 62 22
21 30 77 46 77 61 33
21 31 36 44 82 80 61
21 32 96 51 13 70 19
21 33 25 58 28 59 43
21 34 98 3 36 22 39
21 35 89 18 26 58 14
21 36 40 68 31 50 13
21 37 49 60 77 22 47
21 38 98 9 28 64 17
21 39 63 44 38 77 13
21 40 4 42 87 69 91
21 41 25 84 48 51 71
21 42 28 20 37 91 89
21 43 25 52 32 33 16
21 44 64 65 49 39 15
21 45 32 15 22 29 47
21 46 24 91 23 62 93
21 47 46 71 48 86 67
21 48 50 17 48 59 51
21 49 95 14 16 40 2
22 23 41 85 35 16 39
22 24 22 22 64 72 77
22 25 72 58 73 28 57
22 26 60 45 56 31 32
22 27 66 37 18 78 54
22 28 31 25 73 61 59
22 29 88 79 54 51 3
22 30 22 77 17 89 25
22 31 82 47 44 14 28
22 32 17 83 17 66 83
22 33 0 38 34 80 90
22 34 55 21 86 64 65
22 35 28 41 20 67 38
22 36 70 68 63 9 21
22 37 73 10 64 38 82
22 38 56 12 29 36 30
22 39 70 70 53 19 65
22 40 61 82 38 43 35
22 41 9 54 76 20 88
22 42 52 85 67 72 72
22 43 63 53 80 7 81
22 44 80 20 34 51 5
22 45 45 34 80 55 26
22 46 50 56 87 59 42
22 47 87 33 76 55 66
22 48 79 79 67 37 78
22 49 30 30 70 57 86
23 24 44 16 26 85 82
23 25 21 26 37 84 37
23 26 82 32 16 32 19
23 27 15 52 61 22 76
23 28 78 77 12 32 83
23 29 17 63 49 20 65
23 30 9 25 69 90 34
23 31 67 59 83 46 75
23 32 51 36 88 76 15
23 33 20 84 80 47 61
23 34 70 63 78 20 26
23 35 54 88 68 73 18
23 36 29 38 21 89 33
23 37 74 78 38 31 75
23 38 89 70 67 57 48
23 39 16 61 24 68 79
23 40 20 23 80 34 38
23 41 49 14 20 11 75
23 42 65 68 20 9 82
23 43 69 80 50 49 31
23 44 34 88 19 80 33
23 45 67 70 17 12 14
23 46 92 26 48 68 26
23 47 41 59 17 25 67
23 48 38 32 91 71 62
23 49 59 80 51 78 29
24 25 5 94 97 33 49
24 26 17 90 88 58 50
24 27 59 65 18 21 75
24 28 94 63 79 52 45
24 29 65 12 39 76 48
24 30 89 70 26 23 19
24 31 6 30 24 46 80
24 32 43 14 58 35 56
24 33 64 81 19 62 45
24 34 22 44 44 75 56
24 35 9 47 88 35 96
24 36 51 51 62 69 70
24 37 13 67 32 39 87
24 38 61 17 46 10 81
24 39 71 39 75 17 51
24 40 54 42 49 35 56
24 41 80 68 52 56 21
24 42 40 42 72 35 42
24 43 22 30 37 33 35
24 44 9 84 84 93 78
24 45 41 66 89 60 78
24 46 69 11 78 68 56
24 47 5 90 92 49 45
24 48 50 28 65 34 50
24 49 54 40 59 53 74
25 26 89 9 9 79 26
25 27 58 27 52 66 83
25 28 53 38 48 80 45
25 29 57 60 58 49 83
25 30 60 58 83 26 86
25 31 1 62 91 66 36
25 32 0 26 88 76 77
25 33 48 17 72 25 52
25 34 47 84 46 70 87
25 35 5 69 51 39 55
25 36 66 47 55 10 26
25 37 5 55 85 20 70
25 38 6 70 31 68 31
25 39 64 86 29 17 83
25 40 70 26 25 57 31
25 41 47 31 75 52 20
25 42 52 52 29 42 36
25 43 86 8 14 52 9
25 44 91 59 69 12 66
25 45 82 53 43 70 68
25 46 52 84 40 21 26
25 47 2 39 65 47 75
25 48 29 20 14 47 40
25 49 28 76 84 85 60
26 27 65 40 60 18 68
26 28 41 90 19 24 56
26 29 0 87 67 23 87
26 30 82 31 64 38 82
26 31 51 56 85 48 68
26 32 16 48 72 17 68
26 33 90 26 60 5 9
26 34 52 26 45 76 86
26 35 35 27 38 54 37
26 36 13 62 77 89 67
26 37 8 86 79 40 74
26 38 48 27 47 51 45
26 39 3 89 56 81 94
26 40 34 92 37 65 74
26 41 61 69 38 71 60
26 42 36 44 80 61 44
26 43 58 20 49 66 63
26 44 43 24 28 71 76
26 45 76 34 66 55 68
26 46 41 80 85 39 70
26 47 30 58 46 39 78
26 48 74 53 27 69 6
26 49 51 9 57 83 53
27 28 27 71 71 88 68
27 29 90 21 33 12 17
27 30 15 61 85 61 53
27 31 37 16 91 16 33
27 32 7 34 39 96 69
27 33 12 92 93 23 25
27 34 73 70 25 15 33
27 35 77 43 6 10 42
27 36 91 43 23 44 14
27 37 14 29 26 34 68
27 38 89 52 38 50 40
27 39 79 60 39 8 52
27 40 68 61 24 43 53
27 41 85 73 80 58 50
27 42 50 71 44 88 84
27 43 72 37 68 32 40
27 44 73 20 11 18 21
27 45 76 73 80 64 52
27 46 24 62 49 67 29
27 47 90 18 47 67 24
27 48 30 71 73 29 82
27 49 67 39 39 49 76
28 29 14 89 78 42 43
28 30 95 56 20 7 16
28 31 65 48 75 25 40
28 32 12 39 25 29 81
28 33 89 35 5 16 78
28 34 74 32 12 60 43
28 35 35 77 19 91 49
28 36 3 86 71 91 82
28 37 18 91 93 40 89
28 38 73 44 5 61 68
28 39 68 57 66 64 7
28 40 9 78 62 36 82
28 41 58 82 61 30 27
28 42 17 55 48 57 95
28 43 69 50 26 39 52
28 44 84 57 30 55 31
28 45 83 27 29 57 47
28 46 83 40 75 6 82
28 47 94 47 21 23 34
28 48 40 15 55 56 34
28 49 2 81 34 68 40
29 30 70 8 57 12 48
29 31 70 6 36 14 58
29 32 86 12 39 76 50
29 33 51 75 44 86 61
29 34 48 77 34 71 80
29 35 77 72 7 78 77
29 36 41 53 28 42 76
29 37 22 73 16 47 76
29 38 71 76 78 53 75
29 39 95 79 32 7 15
29 40 33 44 42 36 79
29 41 55 56 21 83 51
29 42 68 6 33 62 46
29 43 45 84 62 38 57
29 44 0 22 50 26 84
29 45 7 90 24 52 38
29 46 93 16 35 10 6
29 47 65 41 69 17 49
29 48 66 31 52 43 63
29 49 24 27 40 40 33
30 31 94 10 70 2 6
30 32 79 47 82 34 31
30 33 79 68 21 8 59
30 34 28 26 29 77 74
30 35 90 43 33 76 53
30 36 2 38 55 22 74
30 37 95 13 21 39 80
30 38 81 60 74 28 41
30 39 70 41 28 65 24
30 40 31 20 80 69 74
30 41 75 12 10 51 26
30 42 99 80 49 46 5
30 43 59 73 49 9 48
30 44 0 60 95 72 96
30 45 0 63 28 78 25
30 46 86 46 66 56 8
30 47 70 70 73 75 20
30 48 78 33 22 75 79
30 49 40 23 39 67 63
31 32 20 95 52 28 70
31 33 42 73 38 37 76
31 34 42 75 59 51 65
31 35 69 61 43 84 81
31 36 64 19 56 24 24
31 37 65 70 50 11 70
31 38 93 44 37 13 41
31 39 48 55 77 47 57
31 40 32 34 18 72 63
31 41 87 17 3 20 38
31 42 48 56 68 75 84
31 43 56 69 39 58 22
31 44 38 20 71 42 19
31 45 27 51 93 76 74
31 46 72 58 71 50 26
31 47 89 66 43 28 69
31 48 17 81 63 59 60
31 49 12 80 90 95 70
32 33 20 26 38 44 72
32 34 49 47 69 82 57
32 35 93 70 68 17 67
32 36 25 57 73 42 52
32 37 68 47 83 39 13
32 38 15 44 91 54 78
32 39 88 7 12 17 66
32 40 21 85 67 43 61
32 41 62 57 18 16 48
32 42 63 10 47 45 41
32 43 17 74 71 35 41
32 44 72 75 23 50 47
32 45 29 58 71 64 63
32 46 65 77 80 36 58
32 47 32 16 87 71 36
32 48 76 62 39 8 70
32 49 12 68 71 62 27
33 34 3 73 29 69 45
33 35 11 55 32 18 57
33 36 19 74 37 51 76
33 37 2 32 97 64 92
33 38 62 57 73 47 76
33 39 89 35 28 56 81
33 40 50 82 36 77 21
33 41 77 84 9 77 52
33 42 92 26 70 7 6
33 43 36 49 33 59 80
33 44 91 9 2 66 79
33 45 15 26 44 28 70
33 46 24 94 62 63 73
33 47 57 9 23 52 42
33 48 16 84 56 91 40
33 49 46 65 62 82 65
34 35 74 81 53 38 53
34 36 32 35 23 59 65
34 37 24 81 62 54 55
34 38 20 73 77 36 68
34 39 8 90 67 88 64
34 40 6 58 54 59 95
34 41 71 9 83 38 37
34 42 25 16 57 69 52
34 43 76 14 52 81 72
34 44 65 64 35 65 51
34 45 15 82 75 44 28
34 46 15 60 62 17 74
34 47 59 48 22 77 83
34 48 91 5 74 14 64
34 49 30 30 27 49 49
35 36 34 45 34 21 20
35 37 36 53 68 58 73
35 38 25 25 71 39 91
35 39 35 20 87 26 47
35 40 83 78 75 16 74
35 41 38 43 69 78 23
35 42 88 47 42 18 20
35 43 25 62 16 44 71
35 44 63 65 74 72 44
35 45 93 54 35 73 80
35 46 47 31 19 58 73
35 47 80 51 40 70 36
35 48 29 21 51 25 62
35 49 69 39 6 52 27
36 37 76 18 4 66 38
36 38 5 84 52 61 91
36 39 12 78 94 38 56
36 40 17 57 34 44 64
36 41 37 36 72 59 35
36 42 91 2 4 51 47
36 43 27 85 91 42 51
36 44 51 10 59 44 12
36 45 40 78 86 84 68
36 46 2 32 63 22 73
36 47 47 88 59 71 53
36 48 95 7 60 63 15
36 49 4 50 52 64 54
37 38 56 69 18 83 65
37 39 67 60 15 23 82
37 40 36 43 42 61 73
37 41 25 20 38 19 90
37 42 9 50 23 23 25
37 43 29 72 76 71 16
37 44 80 17 46 35 6
37 45 34 63 70 36 66
37 46 44 88 55 79 23
37 47 40 40 73 52 57
37 48 52 26 32 78 63
37 49 18 45 77 74 48
38 39 58 68 83 25 80
38 40 63 74 77 61 40
38 41 25 21 50 19 37
38 42 96 48 67 67 18
38 43 92 9 34 57 73
38 44 16 57 34 50 59
38 45 7 30 97 31 39
38 46 35 70 22 24 47
38 47 75 47 43 68 8
38 48 53 47 24 62 51
38 49 12 65 50 58 27
39 40 0 69 82 68 66
39 41 56 27 57 27 76
39 42 58 15 60 81 79
39 43 84 8 5 76 34
39 44 95 27 74 15 30
39 45 71 49 62 36 22
39 46 86 61 13 63 56
39 47 20 72 60 86 78
39 48 79 9 66 38 49
39 49 41 44 48 70 20
40 41 87 38 23 68 27
40 42 35 29 71 21 52
40 43 49 10 53 17 62
40 44 88 44 58 73 74
40 45 6 87 83 57 93
40 46 48 34 81 69 55
40 47 70 38 50 42 50
40 48 41 22 78 89 76
40 49 34 48 78 28 61
41 42 65 22 34 8 8
41 43 68 76 14 25 45
41 44 51 44 36 39 13
41 45 66 47 15 65 10
41 46 31 44 62 52 37
41 47 38 70 54 72 23
41 48 78 55 40 17 52
41 49 29 84 24 71 32
42 43 3 81 42 23 52
42 44 30 68 58 66 18
42 45 70 12 76 72 85
42 46 97 40 23 37 59
42 47 18 44 52 84 27
42 48 50 70 44 58 19
42 49 47 21 78 69 71
43 44 53 32 67 37 60
43 45 92 25 42 48 80
43 46 16 57 60 82 73
43 47 75 19 69 16 59
43 48 90 49 75 18 12
43 49 43 45 85 69 17
44 45 18 39 62 66 52
44 46 16 28 54 85 75
44 47 42 89 40 62 70
44 48 4 69 46 72 25
44 49 82 54 29 68 63
45 46 24 24 53 81 20
45 47 30 76 74 52 53
45 48 71 7 68 78 25
45 49 27 70 68 75 52
46 47 12 48 59 35 48
46 48 23 29 78 46 92
46 49 36 69 62 42 18
47 48 27 91 27 32 26
47 49 26 76 36 49 55
48 49 49 44 39 83 35
