20 5
0 0.333333 0.333333 0.333333 0 
0 1 78 48 90 93 66
0 2 99 86 73 81 79
0 3 36 84 63 14 28
0 4 36 15 18 70 14
0 5 92 47 46 92 43
0 6 19 56 29 68 62
0 7 26 73 20 66 30
0 8 48 21 69 73 61
0 9 65 22 83 38 57
0 10 42 26 61 72 64
0 11 23 60 48 31 64
0 12 32 54 19 31 67
0 13 12 81 23 10 57
0 14 58 69 43 67 45
0 15 38 70 29 50 58
0 16 84 94 33 70 37
0 17 37 13 39 39 48
0 18 26 12 6 5 29
0 19 59 70 21 19 32
1 2 80 68 22 51 61
1 3 93 46 56 89 93
1 4 71 83 51 76 37
1 5 47 71 27 38 14
1 6 21 24 79 70 30
1 7 56 18 63 57 66
1 8 81 68 38 24 33
1 9 82 72 20 64 48
1 10 46 50 67 24 87
1 11 93 73 93 83 27
1 12 65 45 82 28 83
1 13 93 98 54 52 72
1 14 78 65 37 51 48
1 15 43 37 50 64 12
1 16 25 59 12 44 41
1 17 90 97 93 37 97
1 18 81 25 50 67 48
1 19 45 68 49 20 56
2 3 70 59 91 85 49
2 4 30 76 26 48 21
2 5 22 83 53 8 74
2 6 25 75 45 22 73
2 7 78 91 91 29 51
2 8 13 66 62 12 19
2 9 47 43 46 10 69
2 10 75 67 89 70 23
2 11 96 99 36 33 29
2 12 0 13 18 10 63
2 13 19 47 24 4 43
2 14 87 25 44 83 25
2 15 92 53 59 72 29
2 16 84 37 78 36 28
2 17 66 80 55 72 67
2 18 70 83 66 29 22
2 19 79 40 63 55 45
3 4 23 25 75 18 15
3 5 67 71 79 23 47
3 6 50 54 27 77 24
3 7 41 57 60 42 44
3 8 80 33 79 94 61
3 9 79 66 21 53 32
3 10 51 76 60 34 52
3 11 72 67 19 69 86
3 12 86 74 63 68 32
3 13 29 76 19 67 80
3 14 29 14 8 18 16
3 15 90 52 58 63 84
3 16 90 27 35 46 34
3 17 89 42 69 36 36
3 18 39 36 56 58 64
3 19 76 71 94 47 65
4 5 9 69 69 38 80
4 6 67 78 38 34 47
4 7 89 54 37 87 53
4 8 42 72 57 62 44
4 9 4 19 66 15 6
4 10 56 37 42 19 26
4 11 92 80 86 84 22
4 12 4 9 72 14 57
4 13 16 53 43 27 10
4 14 48 35 33 75 63
4 15 33 17 40 46 37
4 16 77 56 51 73 74
4 17 2 33 40 32 36
4 18 85 79 53 20 88
4 19 37 50 43 21 52
5 6 11 52 72 11 72
5 7 44 14 21 52 20
5 8 73 53 47 78 73
5 9 61 21 30 13 62
5 10 73 89 40 40 40
5 11 99 69 87 30 51
5 12 10 42 24 28 3
5 13 81 59 21 19 42
5 14 59 60 22 59 87
5 15 21 48 32 61 58
5 16 86 36 17 94 78
5 17 91 94 81 76 73
5 18 64 19 89 78 64
5 19 57 57 77 32 37
6 7 13 26 55 65 81
6 8 23 64 17 62 48
6 9 45 30 31 12 84
6 10 24 59 83 84 48
6 11 36 20 65 79 32
6 12 99 83 98 82 95
6 13 79 46 21 53 54
6 14 84 84 25 32 42
6 15 30 62 9 57 81
6 16 73 31 39 20 51
6 17 94 38 97 85 88
6 18 57 86 84 64 22
6 19 24 14 22 16 16
7 8 90 89 96 77 93
7 9 43 81 56 50 41
7 10 83 28 29 68 54
7 11 63 61 68 57 44
7 12 4 47 28 70 40
7 13 7 46 26 79 30
7 14 44 45 14 19 88
7 15 97 44 43 73 81
7 16 16 45 48 30 81
7 17 90 93 89 68 57
7 18 85 48 17 66 18
7 19 47 60 77 52 68
8 9 65 18 57 32 14
8 10 63 62 36 87 62
8 11 43 65 87 75 22
8 12 0 61 68 26 73
8 13 52 45 32 80 47
8 14 0 26 24 66 71
8 15 60 20 69 83 74
8 16 52 14 19 30 57
8 17 16 31 42 66 69
8 18 41 31 27 48 35
8 19 85 47 53 44 45
9 10 4 18 36 20 64
9 11 76 89 41 88 43
9 12 70 51 70 43 26
9 13 76 61 47 30 62
9 14 19 64 15 17 75
9 15 42 61 21 79 60
9 16 39 52 18 57 67
9 17 31 9 70 45 69
9 18 46 76 30 72 62
9 19 46 49 35 84 78
10 11 15 63 3 65 22
10 12 40 84 9 74 31
10 13 31 22 36 72 81
10 14 63 39 54 87 13
10 15 79 37 81 64 18
10 16 17 49 66 36 51
10 17 71 46 33 91 59
10 18 91 26 79 43 31
10 19 34 36 56 64 41
11 12 37 33 76 16 18
11 13 84 81 49 87 92
11 14 80 85 87 26 53
11 15 27 9 9 75 20
11 16 98 21 56 46 74
11 17 67 35 78 66 81
11 18 14 73 46 38 50
11 19 0 14 49 16 1
12 13 79 55 17 30 73
12 14 54 72 90 51 68
12 15 29 7 58 51 64
12 16 2 24 26 40 14
12 17 83 49 84 89 54
12 18 17 53 53 66 7
12 19 79 21 20 29 85
13 14 34 36 75 54 41
13 15 22 41 83 65 33
13 16 8 42 2 74 10
13 17 21 70 34 35 34
13 18 66 43 27 17 51
13 19 93 32 37 68 26
14 15 12 43 20 20 48
14 16 9 57 25 65 23
14 17 64 68 54 66 38
14 18 15 77 67 43 13
14 19 92 68 51 77 42
15 16 28 21 15 40 15
15 17 95 58 96 66 64
15 18 36 21 79 32 82
15 19 37 31 21 63 37
16 17 11 14 61 6 57
16 18 39 58 34 54 8
16 19 87 22 49 64 22
17 18 67 42 73 28 63
17 19 7 42 14 12 28
18 19 87 87 66 86 26
