22 5
0 0.333333 0.333333 0.333333 0 
0 1 79 23 19 17 92
0 2 59 63 44 41 85
0 3 22 81 11 7 26
0 4 23 84 60 65 63
0 5 90 38 25 62 78
0 6 38 57 78 54 65
0 7 92 59 33 43 58
0 8 91 47 88 23 46
0 9 17 67 40 80 7
0 10 54 35 67 50 34
0 11 62 22 54 16 38
0 12 38 83 66 36 21
0 13 41 9 23 20 13
0 14 47 75 59 74 15
0 15 20 32 50 26 46
0 16 3 49 19 67 78
0 17 13 20 41 68 58
0 18 43 59 77 71 56
0 19 15 41 73 60 69
0 20 73 34 65 45 51
0 21 38 7 34 50 37
1 2 11 62 27 28 81
1 3 48 31 19 23 16
1 4 72 58 56 22 68
1 5 33 85 46 42 69
1 6 33 40 40 77 83
1 7 34 61 19 35 49
1 8 27 81 71 69 78
1 9 78 49 82 75 94
1 10 66 42 48 15 90
1 11 96 41 24 96 75
1 12 74 80 20 83 28
1 13 52 77 35 20 73
1 14 97 94 24 72 72
1 15 8 9 64 35 71
1 16 13 80 57 24 41
1 17 90 18 35 43 87
1 18 82 30 21 18 54
1 19 84 63 30 35 72
1 20 20 53 76 52 28
1 21 7 7 22 60 62
2 3 92 94 75 64 55
2 4 15 64 13 12 32
2 5 59 73 62 18 77
2 6 47 38 30 85 39
2 7 33 57 75 84 69
2 8 40 69 22 39 8
2 9 39 50 11 60 44
2 10 14 63 48 15 75
2 11 49 46 12 73 19
2 12 32 61 54 61 76
2 13 98 33 87 36 34
2 14 67 46 64 76 78
2 15 70 45 64 20 45
2 16 67 35 90 56 26
2 17 55 82 60 36 18
2 18 6 35 40 78 28
2 19 95 23 58 34 89
2 20 61 22 55 54 29
2 21 60 64 79 74 25
3 4 62 58 64 18 73
3 5 67 92 25 45 78
3 6 51 14 76 34 41
3 7 3 16 30 74 31
3 8 35 74 18 11 27
3 9 40 67 82 11 55
3 10 42 37 63 39 54
3 11 16 29 54 47 48
3 12 87 68 39 91 76
3 13 37 30 79 14 42
3 14 71 46 87 63 39
3 15 63 31 60 53 53
3 16 64 72 83 74 26
3 17 28 42 80 21 23
3 18 69 85 77 30 65
3 19 15 9 44 69 3
3 20 50 37 88 59 63
3 21 95 61 85 70 35
4 5 38 9 67 67 33
4 6 72 34 22 52 59
4 7 51 70 55 86 55
4 8 90 23 45 39 30
4 9 78 42 64 80 73
4 10 80 39 76 38 85
4 11 90 73 52 21 31
4 12 10 68 77 47 56
4 13 76 43 37 30 23
4 14 23 38 74 29 65
4 15 70 46 85 53 47
4 16 14 50 61 74 30
4 17 7 69 63 41 51
4 18 39 49 23 43 27
4 19 39 44 41 17 37
4 20 59 14 72 28 84
4 21 11 28 10 58 77
5 6 11 76 50 70 42
5 7 47 22 44 23 24
5 8 91 18 29 55 65
5 9 34 82 22 43 9
5 10 94 87 42 33 73
5 11 72 38 26 68 84
5 12 72 20 88 22 93
5 13 50 41 46 44 71
5 14 39 21 31 55 53
5 15 19 66 11 12 6
5 16 14 43 43 29 52
5 17 46 37 48 75 33
5 18 11 36 35 75 44
5 19 91 88 59 92 70
5 20 1 9 2 62 24
5 21 54 57 79 48 38
6 7 29 61 17 41 33
6 8 38 29 65 29 82
6 9 81 88 88 41 61
6 10 51 54 54 58 74
6 11 49 56 11 38 50
6 12 21 73 80 8 11
6 13 32 23 85 24 66
6 14 43 10 68 56 67
6 15 78 59 87 34 52
6 16 53 43 55 87 76
6 17 30 28 67 16 8
6 18 25 54 22 77 69
6 19 99 39 42 69 76
6 20 89 19 58 95 33
6 21 38 39 14 69 68
7 8 35 82 60 65 56
7 9 75 56 33 50 24
7 10 20 20 60 44 82
7 11 97 79 84 44 51
7 12 17 67 11 60 76
7 13 18 8 55 22 31
7 14 68 54 49 48 89
7 15 98 40 52 28 72
7 16 4 29 32 11 68
7 17 64 84 67 91 51
7 18 25 19 39 20 12
7 19 14 58 37 12 67
7 20 15 12 28 68 10
7 21 55 84 73 60 46
8 9 86 39 76 55 83
8 10 45 75 14 81 79
8 11 25 48 9 8 82
8 12 89 32 81 39 75
8 13 99 44 89 72 98
8 14 71 80 89 76 18
8 15 94 43 28 80 86
8 16 50 86 40 36 11
8 17 42 79 86 46 37
8 18 5 31 78 27 76
8 19 44 22 83 47 54
8 20 25 47 22 44 53
8 21 41 73 45 86 69
9 10 5 27 8 17 63
9 11 50 36 59 78 51
9 12 99 99 95 26 56
9 13 44 53 73 36 37
9 14 0 31 65 75 23
9 15 37 82 87 64 57
9 16 42 82 28 23 88
9 17 10 63 73 17 54
9 18 82 80 80 51 32
9 19 48 82 14 72 63
9 20 97 91 64 79 45
9 21 16 70 82 46 23
10 11 68 74 20 57 87
10 12 94 68 53 62 44
10 13 68 18 23 82 53
10 14 63 61 52 79 36
10 15 64 13 65 24 63
10 16 95 44 43 66 88
10 17 22 5 76 62 56
10 18 2 17 50 57 29
10 19 56 15 67 59 52
10 20 16 24 37 9 60
10 21 13 27 8 42 51
11 12 95 97 70 53 92
11 13 77 32 35 66 80
11 14 91 57 72 87 31
11 15 70 92 84 18 15
11 16 32 50 9 17 9
11 17 22 32 81 79 9
11 18 70 27 82 68 63
11 19 4 49 75 45 52
11 20 53 49 11 80 88
11 21 25 36 61 77 82
12 13 28 22 53 74 5
12 14 10 40 7 58 10
12 15 43 73 36 72 18
12 16 82 34 34 42 21
12 17 46 52 84 29 38
12 18 29 22 50 17 7
12 19 3 24 78 53 32
12 20 2 50 61 80 4
12 21 40 41 78 58 8
13 14 89 77 80 67 80
13 15 89 68 86 44 24
13 16 34 79 47 30 44
13 17 27 81 79 76 45
13 18 38 33 14 38 17
13 19 54 36 27 59 90
13 20 49 77 69 68 30
13 21 88 50 21 47 94
14 15 29 12 70 62 20
14 16 38 65 75 45 54
14 17 68 16 77 67 68
14 18 45 58 50 40 12
14 19 29 9 81 61 13
14 20 6 44 1 34 25
14 21 64 89 13 43 80
15 16 53 19 86 65 57
15 17 48 32 60 34 78
15 18 19 8 57 63 28
15 19 15 72 37 18 51
15 20 90 58 75 38 38
15 21 20 44 56 11 46
16 17 20 27 67 31 37
16 18 64 22 90 17 46
16 19 10 5 69 17 27
16 20 33 57 71 13 57
16 21 85 85 50 25 84
17 18 50 21 89 27 14
17 19 59 31 30 60 74
17 20 93 89 33 95 40
17 21 66 34 90 56 67
18 19 27 83 15 18 73
18 20 62 27 86 90 51
18 21 25 18 70 37 45
19 20 54 74 37 84 70
19 21 98 66 26 72 22
20 21 71 93 45 70 30
