27 5
0 0 1 0 0 
0 1 59 69 56 19 75
0 2 60 81 84 20 52
0 3 54 38 60 78 69
0 4 8 31 29 43 77
0 5 8 3 77 57 49
0 6 57 27 30 15 58
0 7 10 41 67 75 41
0 8 59 72 66 34 22
0 9 83 93 16 82 73
0 10 58 62 27 20 33
0 11 50 22 73 48 62
0 12 85 70 71 77 87
0 13 40 34 22 51 30
0 14 92 83 86 55 49
0 15 2 52 44 67 33
0 16 44 71 71 27 59
0 17 38 20 64 29 25
0 18 6 72 76 64 46
0 19 39 16 62 54 25
0 20 78 17 36 85 89
0 21 60 77 85 90 37
0 22 97 83 63 23 94
0 23 86 74 32 42 56
0 24 80 42 57 44 94
0 25 78 52 60 25 19
0 26 28 68 84 21 47
1 2 12 71 64 23 36
1 3 58 37 63 26 26
1 4 41 14 27 12 12
1 5 31 34 62 48 22
1 6 19 76 68 15 18
1 7 21 40 52 17 77
1 8 62 72 22 85 44
1 9 85 27 71 68 72
1 10 60 73 27 65 30
1 11 64 50 21 92 61
1 12 77 42 94 27 22
1 13 46 28 61 64 72
1 14 70 52 33 66 15
1 15 78 45 25 68 69
1 16 78 87 20 61 23
1 17 9 56 74 70 72
1 18 89 27 51 62 77
1 19 50 41 60 75 29
1 20 14 52 47 56 49
1 21 58 42 36 46 81
1 22 86 93 22 80 31
1 23 19 23 64 6 69
1 24 29 28 30 17 33
1 25 30 24 16 7 14
1 26 33 66 12 27 31
2 3 2 5 8 36 37
2 4 2 73 51 5 23
2 5 79 34 30 52 53
2 6 94 34 63 50 95
2 7 89 64 20 89 73
2 8 49 20 11 68 75
2 9 64 43 30 65 71
2 10 42 58 8 28 44
2 11 64 68 63 83 33
2 12 78 56 67 82 62
2 13 98 57 89 87 54
2 14 85 61 66 70 62
2 15 87 43 90 72 45
2 16 98 71 95 67 46
2 17 35 63 82 22 39
2 18 48 68 47 10 64
2 19 96 34 90 81 76
2 20 14 73 62 77 14
2 21 84 34 53 77 89
2 22 4 31 14 41 72
2 23 55 22 75 81 64
2 24 56 38 82 84 50
2 25 56 80 67 27 47
2 26 61 52 67 56 55
3 4 95 66 87 83 95
3 5 53 80 36 39 31
3 6 71 42 92 87 34
3 7 29 11 28 23 17
3 8 68 80 87 40 20
3 9 41 26 64 40 81
3 10 31 53 33 73 49
3 11 69 85 15 51 14
3 12 51 65 38 85 31
3 13 76 27 27 23 53
3 14 45 79 13 62 49
3 15 45 26 83 81 77
3 16 86 20 23 56 97
3 17 74 34 83 32 78
3 18 60 16 52 45 56
3 19 60 64 56 61 41
3 20 53 21 59 49 23
3 21 73 17 47 46 75
3 22 45 87 71 83 35
3 23 27 13 19 55 66
3 24 23 23 6 11 56
3 25 33 49 84 14 23
3 26 3 59 66 33 31
4 5 46 32 75 28 26
4 6 64 86 22 52 63
4 7 3 9 22 43 9
4 8 65 91 34 40 51
4 9 93 33 32 72 90
4 10 67 69 28 82 64
4 11 86 53 18 33 33
4 12 98 61 55 86 86
4 13 70 43 78 90 35
4 14 74 26 49 49 53
4 15 23 8 30 10 37
4 16 90 26 88 24 43
4 17 69 17 16 89 67
4 18 94 53 72 93 93
4 19 93 47 95 22 54
4 20 65 37 54 89 32
4 21 12 62 44 18 5
4 22 10 44 9 31 2
4 23 59 31 71 49 16
4 24 64 56 75 79 63
4 25 24 33 16 54 83
4 26 31 10 24 13 56
5 6 65 83 14 77 23
5 7 82 26 55 70 52
5 8 50 81 20 64 38
5 9 12 64 21 36 74
5 10 33 83 26 80 17
5 11 22 8 61 40 42
5 12 84 52 73 84 37
5 13 53 71 39 40 23
5 14 95 48 42 82 84
5 15 89 36 85 55 49
5 16 1 40 38 39 31
5 17 20 67 21 37 51
5 18 35 10 18 25 64
5 19 34 57 17 23 15
5 20 53 57 31 37 36
5 21 8 65 6 49 47
5 22 95 91 28 33 70
5 23 38 68 65 34 57
5 24 12 17 66 39 41
5 25 49 85 51 67 46
5 26 98 75 76 28 28
6 7 57 12 48 68 54
6 8 57 12 46 31 48
6 9 81 76 48 44 17
6 10 62 29 19 67 27
6 11 84 49 30 92 19
6 12 94 30 35 79 62
6 13 4 62 56 17 65
6 14 13 31 42 80 43
6 15 75 43 86 39 30
6 16 28 41 60 82 34
6 17 72 57 50 29 44
6 18 98 51 37 48 26
6 19 31 71 82 47 57
6 20 91 84 96 47 29
6 21 50 26 13 11 12
6 22 0 33 59 21 68
6 23 38 47 63 33 55
6 24 97 79 45 47 73
6 25 67 43 50 84 91
6 26 57 66 21 62 41
7 8 51 83 80 42 51
7 9 63 47 35 42 41
7 10 68 46 68 53 65
7 11 85 85 38 20 47
7 12 60 24 92 21 18
7 13 97 94 96 41 61
7 14 0 67 23 39 43
7 15 50 59 51 66 74
7 16 82 80 40 77 27
7 17 19 55 38 6 34
7 18 55 81 13 86 60
7 19 50 86 13 78 19
7 20 52 67 62 72 22
7 21 37 52 47 62 67
7 22 55 58 52 78 43
7 23 2 70 25 48 34
7 24 75 82 78 77 49
7 25 13 10 46 75 57
7 26 10 62 17 40 72
8 9 90 74 44 27 51
8 10 89 43 38 91 57
8 11 17 6 45 45 39
8 12 42 29 36 71 64
8 13 18 35 42 72 45
8 14 63 59 49 29 45
8 15 7 20 37 67 50
8 16 71 30 55 66 25
8 17 85 25 87 54 26
8 18 18 59 41 7 37
8 19 83 74 32 30 43
8 20 35 17 82 81 22
8 21 56 52 49 80 54
8 22 78 68 62 40 88
8 23 66 74 44 24 71
8 24 57 42 80 43 55
8 25 23 24 21 18 4
8 26 87 48 80 48 45
9 10 79 31 21 74 75
9 11 54 73 70 44 87
9 12 0 57 54 48 3
9 13 31 27 43 36 71
9 14 0 13 53 37 23
9 15 42 57 54 80 46
9 16 13 46 15 22 60
9 17 27 14 23 68 9
9 18 48 13 27 44 57
9 19 82 70 90 16 73
9 20 37 76 74 23 14
9 21 15 8 68 5 20
9 22 0 58 21 62 40
9 23 29 81 17 28 6
9 24 70 76 42 69 67
9 25 40 14 59 30 9
9 26 59 39 65 32 37
10 11 78 91 63 43 43
10 12 0 65 19 32 31
10 13 67 81 32 15 49
10 14 58 58 35 85 86
10 15 85 80 38 88 66
10 16 71 83 80 29 47
10 17 38 35 80 21 59
10 18 32 28 64 78 61
10 19 50 57 54 30 17
10 20 13 38 44 18 48
10 21 51 86 29 39 88
10 22 18 20 43 13 39
10 23 91 63 73 92 92
10 24 18 28 76 53 48
10 25 75 21 51 42 40
10 26 28 40 32 25 15
11 12 31 27 49 24 69
11 13 14 34 59 46 51
11 14 43 83 19 85 72
11 15 29 71 83 66 71
11 16 27 47 77 43 51
11 17 17 32 67 33 62
11 18 51 26 74 80 57
11 19 30 57 63 6 75
11 20 70 86 32 48 31
11 21 87 96 30 95 92
11 22 19 65 9 70 49
11 23 61 70 33 45 65
11 24 14 33 56 15 46
11 25 95 94 92 74 70
11 26 8 44 62 68 28
12 13 46 23 41 47 67
12 14 45 43 26 66 74
12 15 86 91 22 49 47
12 16 3 45 31 40 56
12 17 11 54 63 14 23
12 18 47 14 64 11 29
12 19 68 77 84 51 76
12 20 24 20 35 82 53
12 21 84 45 94 49 64
12 22 82 84 83 93 63
12 23 27 33 9 63 19
12 24 12 59 29 67 8
12 25 41 84 73 36 70
12 26 71 48 61 62 25
13 14 61 62 76 24 53
13 15 61 78 14 66 56
13 16 25 41 22 6 51
13 17 77 48 66 84 64
13 18 43 42 14 44 23
13 19 57 43 13 21 27
13 20 73 57 74 56 55
13 21 69 31 47 57 81
13 22 77 56 43 31 82
13 23 64 35 34 65 80
13 24 4 67 45 66 19
13 25 46 43 12 55 55
13 26 88 52 81 17 70
14 15 17 70 35 64 51
14 16 92 67 43 83 47
14 17 49 73 27 82 44
14 18 67 14 41 26 40
14 19 77 78 79 47 90
14 20 55 35 59 34 76
14 21 95 89 72 57 52
14 22 15 56 11 45 68
14 23 55 22 30 19 75
14 24 86 38 28 47 76
14 25 12 9 81 67 69
14 26 63 69 49 91 88
15 16 36 57 41 29 75
15 17 59 72 53 88 39
15 18 77 24 32 90 70
15 19 25 79 52 61 57
15 20 41 86 40 73 11
15 21 96 49 20 56 28
15 22 35 72 25 70 22
15 23 72 85 33 54 31
15 24 87 91 67 56 56
15 25 20 26 5 19 33
15 26 3 79 80 57 65
16 17 77 44 91 63 22
16 18 23 58 8 16 8
16 19 42 25 27 75 15
16 20 77 21 41 82 86
16 21 24 62 49 28 43
16 22 36 84 27 82 84
16 23 71 58 27 38 52
16 24 26 74 84 64 75
16 25 60 46 85 74 23
16 26 96 22 86 59 77
17 18 69 74 89 34 63
17 19 11 31 3 2 64
17 20 20 70 38 10 30
17 21 64 30 82 77 55
17 22 87 19 60 42 70
17 23 12 5 47 56 52
17 24 0 51 61 4 43
17 25 7 19 46 45 18
17 26 42 27 18 21 71
18 19 79 81 23 42 52
18 20 67 82 49 65 57
18 21 81 69 86 19 84
18 22 36 52 8 23 76
18 23 13 77 41 5 43
18 24 89 67 22 71 71
18 25 29 78 23 51 84
18 26 6 2 51 67 54
19 20 55 55 62 18 53
19 21 39 33 11 69 42
19 22 54 76 46 32 52
19 23 76 35 51 62 48
19 24 36 65 12 78 7
19 25 34 82 73 41 48
19 26 90 21 42 75 79
20 21 32 54 45 7 67
20 22 5 45 64 78 4
20 23 85 53 61 89 53
20 24 25 67 77 84 54
20 25 66 81 66 65 74
20 26 55 75 44 29 14
21 22 25 6 49 80 55
21 23 11 18 64 43 33
21 24 98 83 84 54 62
21 25 93 53 94 25 55
21 26 28 6 55 51 28
22 23 1 32 65 7 4
22 24 72 94 46 91 76
22 25 90 26 65 19 64
22 26 83 26 92 75 57
23 24 73 48 81 79 79
23 25 27 18 33 69 14
23 26 52 30 46 32 61
24 25 86 73 34 55 56
24 26 47 69 53 18 58
25 26 35 26 45 21 13
