33 5
0 0 1 0 0 
0 1 32 40 34 35 42
0 2 45 43 41 45 48
0 3 12 21 21 15 24
0 4 20 22 24 30 17
0 5 79 77 68 75 71
0 6 12 24 12 12 13
0 7 47 46 48 52 54
0 8 46 46 51 52 44
0 9 51 58 47 45 54
0 10 96 89 91 83 82
0 11 68 58 69 60 67
0 12 31 30 33 29 31
0 13 43 46 37 37 42
0 14 80 81 75 70 78
0 15 38 37 44 40 38
0 16 4 14 7 5 12
0 17 89 88 85 90 82
0 18 82 71 76 81 71
0 19 62 61 67 61 67
0 20 41 39 43 44 44
0 21 32 36 35 36 27
0 22 22 21 30 26 24
0 23 39 36 48 47 48
0 24 67 66 64 64 60
0 25 93 81 80 91 86
0 26 7 17 11 15 8
0 27 6 11 13 14 5
0 28 74 74 77 71 63
0 29 64 68 65 60 69
0 30 9 19 14 14 14
0 31 0 0 6 10 13
0 32 48 44 48 50 45
1 2 90 87 83 80 89
1 3 54 48 54 58 57
1 4 55 47 47 54 57
1 5 6 15 9 5 17
1 6 44 50 41 39 51
1 7 2 16 11 12 6
1 8 67 70 70 61 71
1 9 90 87 89 85 77
1 10 88 83 87 87 83
1 11 9 9 16 17 17
1 12 69 71 71 66 60
1 13 45 50 45 43 39
1 14 24 35 23 29 24
1 15 70 72 66 72 67
1 16 69 67 64 66 70
1 17 32 31 32 36 39
1 18 59 63 62 51 56
1 19 27 23 23 27 30
1 20 84 73 85 73 77
1 21 68 59 59 58 67
1 22 10 10 17 14 17
1 23 8 10 9 21 14
1 24 71 69 72 73 70
1 25 41 44 49 47 43
1 26 70 63 71 64 67
1 27 57 56 58 61 58
1 28 8 15 17 10 9
1 29 55 60 52 53 48
1 30 44 41 44 41 48
1 31 32 40 31 40 42
1 32 51 57 57 50 45
2 3 31 40 35 29 30
2 4 87 83 84 81 80
2 5 58 56 55 59 54
2 6 85 73 74 83 74
2 7 90 81 88 89 90
2 8 36 31 34 34 31
2 9 95 86 87 87 84
2 10 76 69 71 78 67
2 11 24 24 23 20 34
2 12 57 49 50 50 53
2 13 58 56 64 52 53
2 14 76 73 69 65 73
2 15 36 40 39 38 33
2 16 18 28 30 27 17
2 17 88 81 86 79 83
2 18 89 87 85 85 84
2 19 20 30 30 20 32
2 20 52 51 56 56 50
2 21 6 13 15 7 14
2 22 71 63 74 64 75
2 23 64 63 69 67 59
2 24 44 41 39 39 48
2 25 77 67 71 68 72
2 26 79 80 77 69 75
2 27 57 54 55 52 62
2 28 52 57 54 46 48
2 29 11 12 22 16 22
2 30 27 25 25 35 27
2 31 61 57 65 58 58
2 32 42 39 47 47 45
3 4 82 72 75 78 73
3 5 50 52 44 52 53
3 6 9 14 9 21 17
3 7 36 39 37 40 40
3 8 4 17 9 4 16
3 9 44 52 41 38 44
3 10 56 62 56 62 56
3 11 97 95 97 90 95
3 12 7 19 19 7 7
3 13 12 22 17 17 21
3 14 28 31 38 30 38
3 15 55 57 56 46 49
3 16 24 30 27 23 27
3 17 93 86 80 89 92
3 18 26 22 37 26 33
3 19 32 30 32 33 31
3 20 17 15 15 24 23
3 21 25 31 22 29 33
3 22 26 35 23 32 30
3 23 88 86 80 84 85
3 24 57 60 55 56 62
3 25 71 75 71 69 69
3 26 87 88 85 85 83
3 27 97 95 85 83 93
3 28 99 96 91 97 93
3 29 9 17 12 14 17
3 30 14 18 12 19 12
3 31 43 46 43 41 39
3 32 13 17 25 22 11
4 5 43 47 47 37 43
4 6 17 19 24 19 18
4 7 1 13 3 14 6
4 8 48 51 41 54 48
4 9 11 11 11 21 11
4 10 12 12 16 15 11
4 11 69 72 64 64 67
4 12 87 76 76 86 81
4 13 17 15 27 26 19
4 14 92 84 89 81 83
4 15 83 78 82 83 75
4 16 95 85 86 94 94
4 17 86 82 86 83 77
4 18 39 46 48 34 40
4 19 46 43 42 45 40
4 20 18 15 21 23 26
4 21 3 3 10 13 11
4 22 80 75 75 73 76
4 23 87 77 83 86 80
4 24 35 34 39 43 38
4 25 89 76 77 83 87
4 26 61 56 66 56 53
4 27 33 29 32 29 39
4 28 1 9 8 9 8
4 29 65 68 58 67 68
4 30 9 13 14 20 15
4 31 86 83 77 84 77
4 32 65 67 59 59 65
5 6 28 27 29 30 28
5 7 70 66 61 66 67
5 8 59 63 56 53 57
5 9 19 18 28 16 21
5 10 37 34 43 46 37
5 11 48 51 49 51 49
5 12 81 83 69 80 77
5 13 52 57 57 55 53
5 14 93 82 94 91 94
5 15 46 46 51 43 41
5 16 87 82 85 76 80
5 17 30 38 27 33 31
5 18 4 17 11 10 10
5 19 99 87 85 85 93
5 20 39 45 47 38 42
5 21 56 54 59 59 61
5 22 16 24 27 14 24
5 23 61 61 53 61 54
5 24 69 67 64 66 67
5 25 76 77 78 79 71
5 26 34 32 31 37 30
5 27 87 83 77 87 83
5 28 34 34 35 35 43
5 29 59 58 57 55 65
5 30 39 36 45 36 33
5 31 51 48 48 50 50
5 32 4 17 16 4 14
6 7 10 14 16 20 11
6 8 4 5 13 14 10
6 9 17 29 24 15 26
6 10 34 30 37 30 33
6 11 88 88 75 80 82
6 12 10 17 13 14 12
6 13 16 26 28 17 26
6 14 6 19 16 16 17
6 15 11 20 19 19 16
6 16 61 54 52 65 58
6 17 37 33 37 32 32
6 18 69 73 63 61 63
6 19 48 48 44 45 55
6 20 69 62 60 60 67
6 21 23 27 22 28 33
6 22 29 29 33 39 25
6 23 82 72 71 79 84
6 24 8 21 9 17 12
6 25 67 63 62 64 57
6 26 40 47 48 49 47
6 27 6 9 5 7 18
6 28 55 49 53 53 55
6 29 93 89 87 81 89
6 30 63 68 65 54 56
6 31 97 83 97 87 95
6 32 18 21 17 28 23
7 8 97 94 90 89 87
7 9 94 94 85 83 88
7 10 9 20 9 22 17
7 11 90 91 89 87 87
7 12 34 42 29 32 32
7 13 76 77 69 76 72
7 14 5 12 5 10 14
7 15 64 60 56 55 63
7 16 3 3 16 8 16
7 17 61 66 61 64 67
7 18 35 30 34 31 37
7 19 13 15 16 21 16
7 20 65 56 56 60 65
7 21 29 26 36 33 32
7 22 47 51 45 54 46
7 23 51 51 55 57 53
7 24 91 91 90 92 89
7 25 54 47 58 52 51
7 26 93 93 82 85 90
7 27 56 60 54 61 60
7 28 85 75 86 83 78
7 29 37 42 35 43 32
7 30 40 38 43 45 48
7 31 49 50 55 44 46
7 32 41 48 43 42 36
8 9 47 45 43 41 51
8 10 54 48 57 57 56
8 11 9 9 22 13 11
8 12 55 56 55 60 53
8 13 93 81 79 86 83
8 14 62 61 61 54 57
8 15 35 30 35 36 43
8 16 76 70 69 77 67
8 17 47 47 50 40 47
8 18 53 57 48 60 56
8 19 53 53 48 56 59
8 20 19 19 19 31 18
8 21 85 78 80 76 78
8 22 60 52 55 59 56
8 23 66 58 61 63 69
8 24 55 56 54 58 49
8 25 5 6 5 12 13
8 26 75 78 65 65 75
8 27 88 76 82 76 90
8 28 53 46 60 53 52
8 29 85 87 80 87 85
8 30 9 15 21 18 10
8 31 42 44 38 45 37
8 32 39 41 41 43 43
9 10 39 44 42 43 42
9 11 88 87 77 86 78
9 12 45 41 41 49 52
9 13 69 73 73 70 67
9 14 93 93 84 80 80
9 15 61 53 54 53 66
9 16 62 61 59 57 57
9 17 40 38 47 45 42
9 18 60 53 61 61 66
9 19 50 50 44 54 46
9 20 1 14 10 2 6
9 21 69 65 72 62 66
9 22 69 69 66 71 62
9 23 8 21 7 10 8
9 24 12 22 25 14 22
9 25 27 25 38 36 28
9 26 40 47 40 48 47
9 27 57 56 61 56 58
9 28 80 82 81 76 74
9 29 41 37 44 39 41
9 30 20 23 19 31 26
9 31 19 26 17 21 18
9 32 62 54 54 56 67
10 11 40 43 40 47 35
10 12 39 40 39 41 40
10 13 91 81 91 81 79
10 14 21 22 22 27 31
10 15 59 65 56 53 59
10 16 86 73 74 76 74
10 17 50 53 49 56 44
10 18 22 20 24 33 20
10 19 90 89 86 84 87
10 20 14 13 22 17 26
10 21 63 59 56 63 62
10 22 85 72 76 78 85
10 23 73 70 76 76 67
10 24 54 53 59 48 55
10 25 62 67 62 66 60
10 26 16 15 27 27 18
10 27 82 76 79 76 78
10 28 77 74 72 66 79
10 29 38 34 34 40 34
10 30 52 46 54 59 57
10 31 25 31 32 25 35
10 32 5 6 6 17 11
11 12 70 73 73 65 63
11 13 65 62 56 57 66
11 14 59 51 62 60 57
11 15 59 56 58 54 60
11 16 70 74 63 70 64
11 17 27 26 32 26 36
11 18 84 76 75 78 85
11 19 60 61 56 52 53
11 20 37 36 37 42 41
11 21 55 48 57 49 56
11 22 45 43 46 51 49
11 23 86 81 81 73 84
11 24 2 6 3 10 13
11 25 81 82 73 80 74
11 26 57 55 58 55 56
11 27 30 40 28 30 32
11 28 47 50 53 41 53
11 29 7 10 6 9 6
11 30 42 48 40 40 43
11 31 68 65 66 64 59
11 32 57 50 48 61 55
12 13 38 40 38 33 35
12 14 18 16 29 21 19
12 15 26 24 33 23 25
12 16 3 3 4 9 10
12 17 43 38 42 36 48
12 18 46 45 40 41 42
12 19 36 35 46 32 43
12 20 62 66 55 63 67
12 21 17 19 20 21 15
12 22 22 33 22 27 32
12 23 5 5 5 15 13
12 24 18 16 22 26 15
12 25 35 39 38 36 30
12 26 97 92 92 84 86
12 27 6 12 17 12 13
12 28 75 64 68 72 72
12 29 42 43 49 39 39
12 30 13 14 15 24 24
12 31 69 63 69 72 66
12 32 60 53 62 53 60
13 14 94 81 92 88 93
13 15 13 21 14 20 21
13 16 73 66 75 73 71
13 17 96 88 82 90 96
13 18 51 49 56 46 46
13 19 56 54 58 52 49
13 20 99 93 87 93 91
13 21 67 60 60 58 71
13 22 95 85 88 93 92
13 23 86 86 83 74 73
13 24 5 5 8 6 15
13 25 92 88 79 87 79
13 26 24 34 27 31 31
13 27 88 75 77 77 81
13 28 63 62 56 65 54
13 29 42 39 49 42 36
13 30 29 27 25 27 34
13 31 45 45 45 40 49
13 32 83 84 75 80 77
14 15 10 11 17 21 10
14 16 9 19 15 12 17
14 17 11 12 18 19 10
14 18 60 55 55 56 61
14 19 23 25 28 31 33
14 20 71 64 61 73 75
14 21 18 30 20 27 28
14 22 77 75 79 71 77
14 23 7 13 13 16 7
14 24 17 24 16 23 21
14 25 48 50 50 52 44
14 26 81 75 71 79 80
14 27 25 24 27 30 28
14 28 12 10 11 22 13
14 29 35 30 34 37 39
14 30 49 56 46 54 56
14 31 76 71 65 79 77
14 32 27 37 29 37 30
15 16 39 34 45 44 36
15 17 21 24 32 23 18
15 18 5 13 18 16 14
15 19 5 14 12 4 5
15 20 10 19 18 16 19
15 21 2 8 15 8 5
15 22 12 20 18 13 24
15 23 93 82 85 88 93
15 24 75 68 71 73 64
15 25 95 85 90 95 84
15 26 77 79 72 75 71
15 27 91 83 91 83 82
15 28 26 32 32 35 25
15 29 22 28 29 21 30
15 30 70 63 64 68 71
15 31 44 41 41 44 44
15 32 56 63 50 52 48
16 17 87 82 89 75 88
16 18 50 43 54 55 56
16 19 51 47 51 56 46
16 20 23 25 22 29 30
16 21 81 74 73 72 69
16 22 74 72 66 70 65
16 23 98 84 89 96 89
16 24 25 28 32 29 32
16 25 43 50 47 40 41
16 26 23 22 21 21 32
16 27 36 38 42 43 37
16 28 67 66 69 71 62
16 29 76 73 66 66 66
16 30 48 46 41 46 49
16 31 97 87 84 86 87
16 32 36 41 34 44 31
17 18 77 77 73 65 73
17 19 60 62 55 58 56
17 20 73 70 73 66 67
17 21 38 40 45 46 45
17 22 99 91 85 96 92
17 23 11 23 21 21 14
17 24 46 43 49 40 46
17 25 58 60 60 54 61
17 26 97 88 89 96 94
17 27 74 70 65 75 68
17 28 12 11 25 13 13
17 29 32 34 30 36 33
17 30 18 16 20 17 18
17 31 72 68 70 75 65
17 32 17 16 18 29 23
18 19 12 24 12 16 24
18 20 21 27 19 32 30
18 21 35 36 37 34 31
18 22 93 85 79 79 91
18 23 34 37 43 39 38
18 24 71 69 61 64 75
18 25 93 93 86 79 82
18 26 78 74 77 77 77
18 27 60 57 54 64 62
18 28 72 66 72 65 64
18 29 12 23 17 23 16
18 30 42 48 46 35 44
18 31 64 61 57 58 60
18 32 92 89 79 87 80
19 20 99 91 86 85 94
19 21 59 60 60 50 64
19 22 68 67 58 69 60
19 23 16 24 16 21 16
19 24 98 88 88 96 95
19 25 93 86 80 86 86
19 26 95 84 85 90 95
19 27 5 6 9 13 12
19 28 34 34 34 43 34
19 29 0 8 7 13 13
19 30 84 79 78 76 73
19 31 0 4 5 5 14
19 32 69 74 67 67 66
20 21 39 47 35 40 47
20 22 49 54 55 54 48
20 23 36 36 32 36 35
20 24 36 43 40 35 39
20 25 30 29 40 33 34
20 26 80 68 77 77 69
20 27 61 54 60 54 53
20 28 19 25 27 17 20
20 29 17 28 25 24 16
20 30 28 34 30 25 34
20 31 30 33 34 31 36
20 32 82 78 82 77 79
21 22 70 63 70 60 64
21 23 10 10 20 19 16
21 24 57 61 62 57 51
21 25 87 85 88 86 82
21 26 89 88 79 82 78
21 27 89 86 84 87 85
21 28 55 51 53 59 50
21 29 44 45 39 46 44
21 30 27 31 30 28 26
21 31 73 64 69 68 70
21 32 84 80 75 75 72
22 23 3 3 14 9 12
22 24 69 64 62 67 73
22 25 99 90 87 93 86
22 26 36 43 42 37 33
22 27 27 29 34 24 35
22 28 58 56 50 52 53
22 29 89 79 87 85 88
22 30 38 42 41 39 45
22 31 16 17 21 13 22
22 32 90 84 84 84 90
23 24 10 12 13 15 12
23 25 23 28 21 24 22
23 26 65 64 66 56 66
23 27 18 23 29 19 26
23 28 90 90 84 88 84
23 29 24 32 35 28 31
23 30 35 35 31 43 30
23 31 82 72 79 78 80
23 32 44 47 49 45 48
24 25 2 10 3 5 13
24 26 57 52 55 57 49
24 27 53 48 59 55 50
24 28 85 86 83 83 79
24 29 23 32 35 25 27
24 30 0 4 7 4 1
24 31 41 40 44 38 41
24 32 87 89 84 86 85
25 26 43 38 47 51 39
25 27 82 72 79 84 80
25 28 61 52 54 53 57
25 29 13 16 15 22 18
25 30 87 85 87 80 77
25 31 37 33 46 45 39
25 32 79 70 70 72 76
26 27 11 18 20 22 23
26 28 0 6 11 5 11
26 29 82 78 84 81 78
26 30 17 23 25 26 15
26 31 61 54 57 55 62
26 32 8 18 15 9 17
27 28 9 13 21 17 22
27 29 88 86 80 87 82
27 30 45 45 43 44 49
27 31 79 71 79 72 69
27 32 91 90 91 87 89
28 29 6 10 18 11 18
28 30 46 52 43 50 51
28 31 39 42 48 34 33
28 32 25 33 30 27 33
29 30 66 64 70 62 65
29 31 19 17 28 31 16
29 32 13 12 12 24 11
30 31 66 65 67 66 67
30 32 11 15 15 15 17
31 32 30 27 32 33 32
