38 5
0 0.333333 0.333333 0.333333 0 
0 1 62 57 66 63 55
0 2 47 45 41 42 44
0 3 43 42 48 44 51
0 4 54 53 46 59 46
0 5 45 44 43 43 47
0 6 78 72 74 77 70
0 7 9 10 11 22 9
0 8 4 13 10 10 17
0 9 49 43 51 43 46
0 10 73 71 69 64 63
0 11 65 58 56 69 65
0 12 19 20 20 18 26
0 13 7 18 18 19 8
0 14 97 96 91 93 85
0 15 66 67 68 67 57
0 16 38 39 36 37 43
0 17 98 92 95 87 85
0 18 12 20 21 19 14
0 19 72 69 70 74 62
0 20 62 66 59 58 67
0 21 3 8 13 11 6
0 22 5 5 13 7 5
0 23 6 7 14 18 12
0 24 6 6 8 11 18
0 25 35 43 43 42 34
0 26 42 45 43 44 51
0 27 3 8 15 3 5
0 28 15 19 17 15 15
0 29 89 83 86 79 76
0 30 39 47 34 45 43
0 31 60 59 59 62 62
0 32 30 28 30 33 40
0 33 1 13 3 15 11
0 34 49 52 47 42 46
0 35 94 86 89 88 87
0 36 77 68 76 77 78
0 37 4 6 16 18 16
1 2 16 19 23 26 17
1 3 28 37 27 24 29
1 4 95 83 95 90 84
1 5 63 62 65 65 56
1 6 73 73 63 76 70
1 7 90 87 85 90 86
1 8 74 76 75 67 75
1 9 83 73 79 78 77
1 10 39 43 42 47 36
1 11 16 24 21 19 13
1 12 30 26 28 36 28
1 13 63 61 56 60 65
1 14 57 48 56 60 53
1 15 97 95 82 96 91
1 16 32 32 27 35 36
1 17 40 43 44 49 41
1 18 24 24 27 31 30
1 19 89 84 81 85 85
1 20 87 81 87 79 80
1 21 26 25 23 36 37
1 22 6 12 6 15 10
1 23 74 75 70 71 65
1 24 90 87 80 89 84
1 25 52 56 58 48 50
1 26 59 50 57 62 59
1 27 59 56 59 63 57
1 28 89 76 79 86 85
1 29 83 81 77 78 72
1 30 17 21 20 18 26
1 31 97 96 88 83 88
1 32 40 39 44 40 48
1 33 83 71 83 84 84
1 34 16 18 25 16 22
1 35 45 44 41 38 44
1 36 72 74 71 73 62
1 37 11 10 10 14 11
2 3 22 24 32 22 24
2 4 40 46 39 38 45
2 5 65 59 59 66 65
2 6 82 78 78 70 80
2 7 53 45 50 56 47
2 8 60 63 59 63 54
2 9 95 88 81 86 88
2 10 81 72 75 75 69
2 11 58 49 64 56 52
2 12 11 19 22 23 14
2 13 77 80 73 76 78
2 14 87 86 75 87 75
2 15 10 23 13 22 18
2 16 25 30 34 25 25
2 17 9 20 9 18 9
2 18 34 37 39 38 31
2 19 89 89 84 86 80
2 20 81 69 74 69 81
2 21 94 86 94 94 81
2 22 15 27 23 26 14
2 23 40 37 46 36 43
2 24 61 62 52 63 53
2 25 3 3 5 15 6
2 26 46 54 51 54 43
2 27 81 73 82 79 75
2 28 31 27 38 41 41
2 29 26 26 34 23 31
2 30 62 55 66 64 56
2 31 85 84 84 86 73
2 32 25 31 36 24 27
2 33 36 40 39 36 37
2 34 14 12 24 22 13
2 35 55 58 48 49 47
2 36 30 27 34 39 35
2 37 18 27 21 24 16
3 4 44 49 38 50 38
3 5 76 80 70 69 66
3 6 67 69 57 60 58
3 7 87 88 88 79 74
3 8 41 44 38 45 45
3 9 10 14 19 12 23
3 10 24 27 35 35 25
3 11 11 13 20 19 11
3 12 45 44 44 46 43
3 13 15 14 28 19 15
3 14 68 68 64 70 71
3 15 84 83 79 73 85
3 16 67 71 63 58 69
3 17 62 66 59 66 59
3 18 12 20 13 20 10
3 19 93 93 81 82 88
3 20 31 38 33 39 33
3 21 56 57 58 55 61
3 22 97 91 85 83 90
3 23 87 88 79 77 77
3 24 61 61 63 60 66
3 25 27 32 31 32 27
3 26 45 39 52 43 46
3 27 63 63 59 64 55
3 28 82 84 75 70 76
3 29 81 74 77 76 77
3 30 84 78 75 80 85
3 31 43 37 50 44 41
3 32 13 24 15 14 22
3 33 84 80 75 79 76
3 34 74 71 69 74 70
3 35 48 53 52 44 53
3 36 1 10 6 14 12
3 37 68 65 58 67 60
4 5 45 46 51 47 39
4 6 43 49 44 46 41
4 7 26 26 29 36 35
4 8 54 57 60 56 52
4 9 79 80 74 72 80
4 10 47 50 52 45 42
4 11 10 23 10 18 18
4 12 89 88 86 90 86
4 13 59 55 51 64 55
4 14 55 48 55 52 61
4 15 60 58 57 62 59
4 16 72 69 75 72 72
4 17 11 15 12 18 19
4 18 33 33 41 32 42
4 19 9 13 9 17 13
4 20 77 69 75 76 72
4 21 56 55 57 53 48
4 22 90 80 83 84 81
4 23 58 58 59 60 51
4 24 99 88 95 91 98
4 25 27 27 27 36 35
4 26 26 36 23 23 25
4 27 24 29 30 24 24
4 28 96 95 83 87 95
4 29 80 75 82 78 77
4 30 71 67 63 64 63
4 31 62 61 60 53 63
4 32 25 31 21 29 36
4 33 49 45 52 56 53
4 34 40 40 41 40 44
4 35 85 81 82 84 81
4 36 65 58 56 62 57
4 37 7 9 12 7 13
5 6 9 14 17 11 18
5 7 84 85 86 85 80
5 8 12 11 13 22 23
5 9 51 44 53 56 46
5 10 85 78 80 79 78
5 11 31 28 34 31 34
5 12 90 81 77 88 78
5 13 86 77 81 74 85
5 14 23 21 21 29 21
5 15 63 67 65 62 63
5 16 57 61 59 50 56
5 17 43 40 44 37 49
5 18 66 71 60 65 64
5 19 44 46 50 42 46
5 20 41 41 44 35 35
5 21 86 77 80 76 75
5 22 14 25 20 17 14
5 23 2 3 4 7 9
5 24 15 17 27 17 26
5 25 67 67 66 66 64
5 26 9 21 9 11 21
5 27 23 20 30 22 33
5 28 44 42 48 48 49
5 29 45 45 47 43 42
5 30 60 62 64 56 58
5 31 24 25 28 25 34
5 32 87 76 83 77 87
5 33 40 37 35 45 47
5 34 20 30 30 30 22
5 35 98 95 92 94 87
5 36 16 20 27 26 19
5 37 72 73 72 70 75
6 7 43 50 42 42 46
6 8 50 57 44 52 50
6 9 69 61 65 62 69
6 10 61 59 61 60 53
6 11 26 23 35 33 32
6 12 80 77 80 72 71
6 13 48 47 43 55 46
6 14 27 32 25 37 31
6 15 49 55 45 42 51
6 16 46 53 49 44 41
6 17 37 32 42 46 38
6 18 32 37 28 33 38
6 19 93 93 88 88 86
6 20 12 21 25 12 12
6 21 22 28 20 22 23
6 22 50 49 53 43 43
6 23 61 59 53 60 56
6 24 60 58 65 63 57
6 25 26 33 29 24 27
6 26 54 46 49 57 58
6 27 0 5 6 11 13
6 28 93 80 82 91 81
6 29 55 60 50 48 51
6 30 52 58 49 49 49
6 31 35 44 35 45 42
6 32 50 57 46 57 53
6 33 76 75 78 65 73
6 34 26 37 24 25 33
6 35 81 69 79 73 72
6 36 27 31 32 31 32
6 37 79 74 79 68 73
7 8 14 26 13 15 20
7 9 52 47 45 52 54
7 10 43 49 47 38 49
7 11 14 19 22 17 24
7 12 8 21 15 8 11
7 13 93 86 81 79 88
7 14 0 3 9 2 5
7 15 62 58 67 62 60
7 16 74 72 76 68 67
7 17 8 8 14 7 21
7 18 85 83 80 76 80
7 19 43 44 42 37 38
7 20 47 54 41 51 40
7 21 33 40 36 41 35
7 22 84 82 79 86 77
7 23 86 86 74 77 78
7 24 44 49 50 52 39
7 25 3 3 14 14 15
7 26 57 54 55 60 60
7 27 8 12 20 15 17
7 28 85 77 78 75 76
7 29 17 16 25 21 23
7 30 79 67 67 80 74
7 31 47 46 50 48 50
7 32 14 14 14 17 19
7 33 39 38 37 37 40
7 34 66 60 64 57 65
7 35 6 15 11 12 17
7 36 70 66 72 74 69
7 37 11 18 19 13 11
8 9 55 60 48 53 53
8 10 95 89 88 83 95
8 11 48 48 56 55 42
8 12 59 63 56 56 56
8 13 6 8 11 10 12
8 14 51 44 57 47 46
8 15 9 20 16 20 10
8 16 19 18 18 24 22
8 17 93 93 92 80 85
8 18 46 41 52 52 44
8 19 13 25 23 23 16
8 20 53 55 45 48 55
8 21 87 85 80 88 76
8 22 17 18 20 18 24
8 23 13 21 18 12 15
8 24 40 39 40 40 44
8 25 19 19 26 27 18
8 26 19 18 20 16 21
8 27 40 49 43 40 45
8 28 32 40 37 32 36
8 29 91 86 91 88 77
8 30 67 65 59 72 66
8 31 27 29 31 35 34
8 32 53 47 60 47 55
8 33 31 28 40 31 27
8 34 17 18 29 25 18
8 35 60 57 52 52 57
8 36 35 45 31 40 44
8 37 53 58 48 46 50
9 10 24 28 20 21 31
9 11 17 21 20 19 26
9 12 49 55 42 50 44
9 13 45 41 42 39 39
9 14 46 47 44 47 49
9 15 81 74 71 77 71
9 16 21 25 29 30 18
9 17 69 65 72 61 62
9 18 65 61 68 61 64
9 19 94 88 85 92 81
9 20 95 87 93 96 91
9 21 20 24 20 25 29
9 22 44 50 39 40 38
9 23 89 81 90 76 90
9 24 57 54 63 56 62
9 25 96 92 88 88 89
9 26 85 83 78 79 82
9 27 33 37 31 33 42
9 28 53 57 56 46 57
9 29 98 89 92 94 84
9 30 84 72 82 76 75
9 31 32 42 31 41 35
9 32 33 34 31 37 32
9 33 96 87 83 83 84
9 34 76 70 78 70 77
9 35 79 78 76 81 70
9 36 23 28 24 34 20
9 37 25 22 22 27 30
10 11 42 44 41 47 45
10 12 54 57 51 55 56
10 13 24 33 28 29 34
10 14 49 50 45 44 55
10 15 78 80 80 78 75
10 16 50 57 52 45 44
10 17 55 48 53 51 49
10 18 1 11 10 13 12
10 19 49 46 52 53 43
10 20 31 36 37 41 41
10 21 97 85 93 89 93
10 22 80 71 78 82 83
10 23 25 27 34 26 24
10 24 18 19 17 29 21
10 25 94 84 84 87 83
10 26 60 55 64 53 53
10 27 96 85 92 90 87
10 28 0 2 6 13 12
10 29 98 94 92 91 86
10 30 94 84 83 85 94
10 31 67 62 63 60 71
10 32 92 88 87 85 84
10 33 92 93 81 86 79
10 34 62 61 58 54 56
10 35 53 53 47 59 57
10 36 76 74 69 78 65
10 37 22 28 31 24 26
11 12 59 60 62 56 65
11 13 50 48 46 47 57
11 14 43 37 47 40 41
11 15 29 29 36 38 32
11 16 92 93 88 85 84
11 17 79 70 75 79 73
11 18 45 51 45 43 47
11 19 78 79 72 79 80
11 20 39 43 41 40 40
11 21 82 73 84 72 73
11 22 29 32 39 33 27
11 23 68 71 71 72 66
11 24 80 69 74 78 74
11 25 72 62 70 71 63
11 26 74 67 73 72 75
11 27 28 37 35 33 27
11 28 54 58 49 48 58
11 29 71 70 61 61 71
11 30 79 77 68 73 80
11 31 45 44 53 50 51
11 32 15 16 19 21 16
11 33 8 7 18 20 17
11 34 78 78 78 69 74
11 35 72 75 67 76 72
11 36 62 59 58 62 64
11 37 72 66 70 63 61
12 13 82 81 78 83 72
12 14 98 97 91 86 88
12 15 58 56 58 54 51
12 16 81 73 69 75 82
12 17 64 60 59 64 56
12 18 26 30 28 35 24
12 19 27 30 27 27 38
12 20 25 23 36 32 34
12 21 22 31 20 27 23
12 22 65 58 59 66 68
12 23 48 55 47 50 50
12 24 49 44 49 55 49
12 25 15 16 13 22 22
12 26 52 46 52 50 51
12 27 40 39 44 44 44
12 28 49 52 45 49 46
12 29 81 71 84 83 73
12 30 59 58 52 57 59
12 31 24 33 29 35 34
12 32 52 51 56 46 49
12 33 3 14 9 6 6
12 34 49 42 42 53 43
12 35 73 65 63 74 62
12 36 97 85 85 96 88
12 37 70 74 65 69 63
13 14 92 85 87 88 89
13 15 66 61 61 65 59
13 16 40 36 40 38 48
13 17 21 30 30 18 22
13 18 39 39 38 42 35
13 19 18 26 18 18 22
13 20 13 23 19 14 19
13 21 81 73 75 80 81
13 22 88 78 86 81 87
13 23 4 4 11 17 4
13 24 10 23 13 12 9
13 25 71 61 74 61 73
13 26 74 78 76 73 77
13 27 11 22 22 9 12
13 28 68 67 64 70 65
13 29 85 76 80 84 73
13 30 36 44 44 46 40
13 31 25 29 26 30 34
13 32 28 32 36 38 34
13 33 7 19 14 8 13
13 34 23 21 24 24 28
13 35 93 85 81 83 83
13 36 83 74 78 72 77
13 37 11 14 16 17 17
14 15 65 60 56 56 68
14 16 89 88 89 90 88
14 17 9 21 9 10 11
14 18 34 36 42 43 30
14 19 75 73 74 70 70
14 20 81 77 82 75 82
14 21 69 72 67 68 61
14 22 31 35 35 30 33
14 23 83 84 74 78 79
14 24 95 87 95 84 89
14 25 51 47 45 49 51
14 26 97 85 92 84 84
14 27 20 18 27 28 18
14 28 46 54 48 46 45
14 29 0 6 12 12 0
14 30 95 91 93 84 81
14 31 50 50 50 48 43
14 32 74 68 75 71 66
14 33 73 71 71 62 72
14 34 64 65 63 57 69
14 35 36 35 42 42 34
14 36 45 47 47 43 39
14 37 97 83 94 84 86
15 16 60 66 60 66 57
15 17 96 85 93 83 92
15 18 39 42 46 41 46
15 19 55 54 52 54 53
15 20 69 61 60 63 65
15 21 52 56 56 52 50
15 22 32 37 39 36 38
15 23 7 11 11 20 13
15 24 52 48 53 49 50
15 25 79 75 71 76 79
15 26 35 35 43 38 35
15 27 39 44 44 34 42
15 28 62 61 62 61 65
15 29 23 29 21 29 22
15 30 8 8 12 9 13
15 31 71 69 69 67 60
15 32 23 26 23 28 23
15 33 5 13 6 16 9
15 34 34 43 39 31 30
15 35 38 39 36 43 33
15 36 10 14 20 10 21
15 37 85 75 82 80 74
16 17 69 66 73 62 73
16 18 93 88 92 86 85
16 19 1 4 8 10 1
16 20 59 63 50 55 56
16 21 65 66 62 57 56
16 22 38 38 47 38 44
16 23 91 80 89 80 78
16 24 6 16 19 18 8
16 25 83 82 76 71 75
16 26 32 35 36 38 38
16 27 40 40 35 48 40
16 28 36 34 32 34 44
16 29 5 5 16 7 9
16 30 60 61 61 61 59
16 31 73 72 76 73 70
16 32 96 92 85 84 93
16 33 70 74 65 64 69
16 34 55 47 52 47 56
16 35 16 22 16 26 14
16 36 46 54 53 40 53
16 37 87 81 76 80 89
17 18 54 56 50 47 47
17 19 45 43 39 42 48
17 20 2 10 5 16 9
17 21 61 56 56 52 57
17 22 96 83 85 88 97
17 23 58 62 53 57 64
17 24 33 30 42 30 29
17 25 55 55 52 60 48
17 26 90 77 78 79 78
17 27 2 9 9 4 8
17 28 25 33 35 26 31
17 29 56 58 57 57 53
17 30 46 46 41 45 52
17 31 44 47 50 44 47
17 32 0 1 2 3 5
17 33 10 13 22 12 10
17 34 16 24 25 22 24
17 35 56 52 57 50 57
17 36 71 71 69 65 64
17 37 37 35 37 43 37
18 19 34 40 43 38 44
18 20 73 73 77 73 75
18 21 16 19 26 20 25
18 22 86 86 85 85 86
18 23 30 36 36 27 29
18 24 31 30 34 37 38
18 25 73 71 64 70 68
18 26 97 94 96 91 95
18 27 81 76 75 83 69
18 28 71 63 70 71 71
18 29 93 84 91 91 91
18 30 95 82 91 94 94
18 31 73 70 73 73 77
18 32 7 18 21 7 7
18 33 63 63 66 61 63
18 34 68 65 59 61 64
18 35 20 19 25 19 30
18 36 9 21 8 13 16
18 37 13 21 26 21 16
19 20 10 11 18 24 10
19 21 70 65 64 66 62
19 22 56 49 61 55 54
19 23 47 42 52 51 40
19 24 20 21 28 27 25
19 25 95 85 93 85 95
19 26 61 59 65 56 61
19 27 18 22 21 28 19
19 28 37 35 36 32 41
19 29 11 13 17 16 11
19 30 71 70 71 66 64
19 31 13 24 14 17 24
19 32 84 84 81 73 80
19 33 67 64 63 70 57
19 34 3 15 13 12 5
19 35 41 49 43 36 45
19 36 89 88 78 85 81
19 37 64 59 69 63 61
20 21 17 24 22 17 17
20 22 79 67 80 81 69
20 23 1 2 14 3 13
20 24 41 42 36 47 36
20 25 18 29 22 16 27
20 26 79 78 76 77 77
20 27 95 82 93 84 89
20 28 28 26 38 24 30
20 29 76 75 69 79 78
20 30 46 48 45 42 46
20 31 93 85 83 92 94
20 32 70 72 69 68 73
20 33 82 83 84 83 77
20 34 20 30 27 21 21
20 35 38 40 33 39 39
20 36 49 54 54 50 51
20 37 3 10 8 4 16
21 22 80 73 73 79 74
21 23 11 11 15 11 14
21 24 99 96 86 90 85
21 25 65 66 60 69 59
21 26 9 14 17 22 15
21 27 57 61 57 53 49
21 28 5 17 10 10 16
21 29 47 51 52 46 42
21 30 4 12 8 16 7
21 31 92 92 80 90 81
21 32 80 73 77 81 73
21 33 35 36 41 35 38
21 34 64 59 64 62 68
21 35 39 37 44 42 36
21 36 2 15 8 12 2
21 37 28 36 32 37 33
22 23 86 83 86 73 84
22 24 19 27 24 19 26
22 25 0 12 8 12 6
22 26 61 55 58 61 65
22 27 33 32 35 37 32
22 28 42 49 41 42 38
22 29 27 29 35 32 36
22 30 16 25 22 24 18
22 31 83 79 83 77 72
22 32 76 73 66 67 66
22 33 23 29 32 23 27
22 34 98 97 84 86 95
22 35 3 3 10 11 8
22 36 23 22 24 26 21
22 37 9 13 22 15 15
23 24 12 16 24 12 14
23 25 25 35 30 29 32
23 26 16 27 24 23 16
23 27 52 52 47 46 46
23 28 17 17 25 25 17
23 29 47 43 49 43 46
23 30 40 37 35 43 36
23 31 2 10 6 6 15
23 32 91 90 78 84 78
23 33 4 11 4 17 13
23 34 2 15 10 3 13
23 35 16 24 18 25 15
23 36 32 39 35 37 42
23 37 71 60 69 62 66
24 25 81 74 69 71 83
24 26 56 49 49 55 49
24 27 12 17 18 17 14
24 28 17 25 27 27 21
24 29 19 23 22 17 21
24 30 57 53 61 53 50
24 31 52 45 51 50 56
24 32 47 44 50 43 49
24 33 19 30 18 31 23
24 34 68 59 73 69 72
24 35 28 29 26 29 26
24 36 30 32 35 30 34
24 37 69 64 69 71 72
25 26 38 45 35 44 44
25 27 96 82 97 95 88
25 28 3 17 6 14 17
25 29 17 16 19 18 27
25 30 39 39 42 34 47
25 31 78 71 78 68 68
25 32 32 33 37 42 37
25 33 13 25 19 17 19
25 34 0 1 13 9 1
25 35 51 48 57 48 45
25 36 53 52 53 59 46
25 37 92 79 86 79 81
26 27 23 29 33 31 31
26 28 11 14 18 17 13
26 29 76 76 79 77 78
26 30 40 47 41 40 36
26 31 91 79 91 91 89
26 32 11 13 13 16 15
26 33 65 61 62 62 62
26 34 2 8 11 4 5
26 35 99 94 95 91 88
26 36 54 49 47 53 56
26 37 99 88 93 93 92
27 28 91 80 81 90 81
27 29 59 62 53 63 55
27 30 98 87 95 85 84
27 31 66 71 69 61 64
27 32 44 45 43 49 38
27 33 15 17 20 21 16
27 34 85 80 73 85 83
27 35 16 18 17 20 18
27 36 45 52 47 52 39
27 37 78 77 79 77 69
28 29 16 19 24 20 21
28 30 29 28 34 27 27
28 31 54 57 52 60 46
28 32 60 55 58 54 59
28 33 1 3 9 12 14
28 34 6 10 13 11 13
28 35 40 37 42 48 37
28 36 57 58 49 53 57
28 37 86 74 84 81 78
29 30 87 88 87 85 78
29 31 8 9 19 8 18
29 32 95 91 84 95 91
29 33 34 31 37 41 43
29 34 2 8 4 10 15
29 35 79 75 72 69 78
29 36 56 50 50 59 48
29 37 68 73 65 70 63
30 31 85 85 77 86 78
30 32 68 61 58 71 62
30 33 59 63 56 62 52
30 34 13 17 16 18 17
30 35 13 11 14 11 21
30 36 74 72 77 77 71
30 37 58 50 58 60 62
31 32 27 36 37 34 29
31 33 87 75 74 78 80
31 34 40 36 46 45 42
31 35 78 69 78 71 76
31 36 97 85 93 82 83
31 37 21 18 20 24 21
32 33 0 4 4 2 10
32 34 10 20 14 15 21
32 35 99 95 96 98 88
32 36 82 72 79 84 83
32 37 63 55 61 65 62
33 34 80 80 71 68 79
33 35 79 79 73 75 74
33 36 42 41 36 37 42
33 37 81 72 73 72 82
34 35 51 52 45 46 46
34 36 40 43 38 36 38
34 37 87 78 84 86 77
35 36 91 89 81 78 86
35 37 44 46 40 46 51
36 37 65 58 67 58 67
