38 5
0 0 1 0 0 
0 1 40 52 22 28 45
0 2 80 76 68 59 55
0 3 55 57 52 68 75
0 4 15 10 45 42 31
0 5 18 53 34 17 36
0 6 58 48 42 50 47
0 7 98 88 73 94 78
0 8 94 55 90 52 50
0 9 73 76 57 63 60
0 10 33 34 35 38 36
0 11 78 73 86 49 48
0 12 48 62 39 73 55
0 13 53 41 67 29 74
0 14 6 25 32 12 4
0 15 53 71 56 69 30
0 16 80 63 67 53 66
0 17 13 38 16 35 52
0 18 17 58 32 11 11
0 19 36 30 61 50 46
0 20 67 79 48 33 58
0 21 67 81 78 46 45
0 22 19 53 31 49 44
0 23 65 61 50 41 77
0 24 2 32 43 49 42
0 25 39 32 67 60 55
0 26 27 19 45 18 21
0 27 22 18 54 28 46
0 28 17 18 36 42 40
0 29 62 63 33 77 60
0 30 22 41 51 20 20
0 31 35 32 45 52 37
0 32 71 66 83 66 40
0 33 11 21 30 18 22
0 34 40 20 68 56 44
0 35 56 28 33 53 49
0 36 92 68 73 74 93
0 37 87 48 75 74 77
1 2 13 31 39 27 10
1 3 42 30 47 63 29
1 4 56 52 72 45 55
1 5 70 49 50 58 48
1 6 16 47 29 49 51
1 7 22 23 60 59 41
1 8 78 58 53 56 43
1 9 48 39 66 62 56
1 10 22 60 50 47 26
1 11 90 50 75 78 47
1 12 80 75 42 64 50
1 13 14 23 47 42 39
1 14 80 45 41 41 75
1 15 46 61 54 67 70
1 16 68 39 60 74 79
1 17 31 30 57 30 29
1 18 60 68 61 68 59
1 19 49 48 52 46 49
1 20 32 29 33 27 16
1 21 1 46 2 1 48
1 22 90 56 94 66 68
1 23 11 41 10 45 49
1 24 89 52 57 51 93
1 25 36 21 63 64 35
1 26 80 48 61 57 89
1 27 78 87 83 58 87
1 28 24 59 18 38 53
1 29 39 58 61 53 25
1 30 52 52 34 40 68
1 31 85 59 85 50 79
1 32 49 62 41 33 48
1 33 27 53 15 35 42
1 34 3 17 44 24 13
1 35 80 54 47 85 47
1 36 16 14 13 53 31
1 37 26 51 13 19 34
2 3 59 71 40 40 69
2 4 93 61 93 81 89
2 5 53 38 54 56 40
2 6 58 58 31 44 67
2 7 23 26 23 42 59
2 8 14 56 29 42 8
2 9 88 81 56 56 52
2 10 46 65 68 58 69
2 11 50 50 75 39 33
2 12 26 48 34 20 17
2 13 45 46 59 27 58
2 14 10 28 20 54 52
2 15 52 70 64 35 48
2 16 95 88 50 51 69
2 17 45 62 70 71 24
2 18 87 49 77 55 54
2 19 52 59 54 58 67
2 20 91 87 75 54 81
2 21 14 39 9 11 19
2 22 87 67 87 49 78
2 23 56 46 68 76 58
2 24 41 38 55 41 51
2 25 30 63 44 18 62
2 26 8 22 29 11 43
2 27 74 67 48 56 41
2 28 54 44 74 70 32
2 29 88 79 84 67 47
2 30 2 29 40 45 6
2 31 21 29 42 26 53
2 32 97 83 56 78 87
2 33 5 43 14 28 27
2 34 27 25 41 46 25
2 35 14 16 45 37 34
2 36 15 47 46 24 49
2 37 77 44 83 56 84
3 4 57 54 61 34 55
3 5 19 25 20 56 43
3 6 98 94 83 63 72
3 7 14 8 30 7 21
3 8 53 36 48 27 65
3 9 78 85 56 39 84
3 10 29 15 53 47 26
3 11 44 29 48 34 67
3 12 50 56 60 72 72
3 13 32 20 62 44 61
3 14 57 45 29 33 75
3 15 46 34 69 60 61
3 16 7 27 32 49 18
3 17 5 43 52 32 31
3 18 99 75 66 85 80
3 19 53 55 56 48 55
3 20 75 74 63 41 41
3 21 99 51 75 78 71
3 22 51 32 72 27 50
3 23 90 66 49 83 73
3 24 38 44 64 48 42
3 25 95 72 57 52 77
3 26 63 59 60 76 56
3 27 89 70 73 70 86
3 28 8 44 16 24 20
3 29 50 67 50 30 47
3 30 99 83 83 74 80
3 31 85 52 55 71 83
3 32 86 63 77 90 83
3 33 85 74 46 59 69
3 34 42 57 64 39 37
3 35 40 70 51 39 49
3 36 81 59 70 48 88
3 37 40 64 68 67 53
4 5 75 48 69 60 58
4 6 92 55 79 62 66
4 7 42 55 67 43 66
4 8 74 72 86 45 48
4 9 58 32 51 63 71
4 10 33 53 66 20 22
4 11 74 65 57 86 53
4 12 26 48 50 54 54
4 13 3 5 50 21 35
4 14 16 16 31 34 26
4 15 42 59 24 50 68
4 16 74 58 71 55 45
4 17 64 60 43 74 70
4 18 78 60 89 79 48
4 19 1 18 42 27 27
4 20 78 68 40 78 66
4 21 5 42 38 9 24
4 22 48 27 52 38 37
4 23 8 16 50 37 9
4 24 87 49 93 54 47
4 25 72 52 42 42 76
4 26 57 37 43 67 38
4 27 39 67 63 20 24
4 28 37 34 44 28 54
4 29 8 21 34 21 29
4 30 3 40 21 40 29
4 31 38 64 62 58 46
4 32 24 12 20 12 57
4 33 59 52 37 51 57
4 34 53 39 57 63 67
4 35 55 67 45 36 30
4 36 23 42 24 40 22
4 37 3 48 47 10 2
5 6 52 61 39 32 33
5 7 95 56 96 73 70
5 8 90 74 75 79 63
5 9 9 48 16 17 32
5 10 94 66 62 80 48
5 11 86 92 72 71 58
5 12 57 34 55 39 61
5 13 20 35 20 21 56
5 14 50 48 61 60 38
5 15 59 52 53 73 58
5 16 50 58 33 71 35
5 17 28 60 39 44 16
5 18 51 44 38 48 31
5 19 16 15 51 49 54
5 20 65 78 73 54 47
5 21 56 30 65 35 60
5 22 42 27 27 23 28
5 23 9 23 39 9 36
5 24 17 32 25 21 47
5 25 30 41 17 49 49
5 26 37 55 40 52 28
5 27 97 67 72 65 83
5 28 37 40 32 19 30
5 29 61 39 76 44 34
5 30 65 81 51 70 79
5 31 54 65 47 54 55
5 32 68 54 40 81 47
5 33 57 63 32 62 31
5 34 17 23 29 48 23
5 35 24 23 16 52 48
5 36 24 41 49 39 42
5 37 76 54 51 64 59
6 7 29 46 48 46 32
6 8 98 83 88 89 94
6 9 98 92 78 60 62
6 10 55 27 56 27 41
6 11 42 42 41 44 46
6 12 35 50 37 21 63
6 13 88 53 55 60 51
6 14 44 62 30 47 23
6 15 47 63 69 29 48
6 16 44 36 29 24 23
6 17 44 41 24 66 43
6 18 55 38 45 49 73
6 19 92 51 95 61 80
6 20 79 53 49 89 44
6 21 46 33 50 44 31
6 22 16 43 49 52 56
6 23 40 50 64 40 44
6 24 10 49 5 42 40
6 25 87 68 91 45 78
6 26 89 94 71 70 87
6 27 39 39 48 49 62
6 28 50 42 39 73 50
6 29 66 35 38 56 40
6 30 0 11 24 48 6
6 31 68 78 62 41 40
6 32 79 82 49 47 73
6 33 32 17 22 27 55
6 34 13 31 33 15 50
6 35 97 54 74 84 65
6 36 97 74 52 80 61
6 37 82 42 80 77 55
7 8 6 5 29 43 25
7 9 34 65 38 60 34
7 10 49 53 63 72 46
7 11 27 52 50 53 55
7 12 69 48 53 41 79
7 13 17 40 29 49 48
7 14 21 22 26 13 25
7 15 54 34 60 69 74
7 16 32 20 39 51 23
7 17 41 23 36 59 36
7 18 48 38 44 33 59
7 19 26 23 27 38 51
7 20 54 51 62 55 67
7 21 13 23 21 54 26
7 22 0 9 30 25 20
7 23 47 67 26 47 45
7 24 24 49 26 41 17
7 25 17 36 11 58 27
7 26 72 75 81 77 39
7 27 37 43 41 68 23
7 28 39 26 37 52 57
7 29 33 21 32 46 66
7 30 12 11 23 30 12
7 31 37 60 39 66 46
7 32 54 71 52 74 33
7 33 7 29 50 50 22
7 34 53 52 58 76 26
7 35 79 74 42 48 66
7 36 7 12 5 6 35
7 37 82 69 75 63 73
8 9 92 89 59 63 46
8 10 33 18 39 40 58
8 11 44 64 63 25 24
8 12 93 56 90 96 54
8 13 6 30 35 52 33
8 14 75 66 66 59 77
8 15 64 49 75 61 78
8 16 41 33 46 40 27
8 17 31 30 60 57 47
8 18 64 52 57 42 75
8 19 70 42 56 62 43
8 20 54 71 32 69 68
8 21 81 43 81 58 59
8 22 28 18 43 21 56
8 23 36 18 52 22 36
8 24 64 72 53 53 51
8 25 41 42 66 58 66
8 26 4 12 4 45 7
8 27 19 46 23 36 10
8 28 65 63 50 58 73
8 29 67 71 71 57 83
8 30 48 72 44 30 44
8 31 55 30 44 33 54
8 32 56 52 77 70 28
8 33 75 68 63 46 53
8 34 41 45 30 33 46
8 35 24 43 25 45 23
8 36 83 42 69 68 53
8 37 27 58 62 54 49
9 10 34 55 48 25 20
9 11 21 22 17 17 35
9 12 22 14 58 50 45
9 13 37 65 56 52 41
9 14 75 46 82 66 56
9 15 6 8 39 52 21
9 16 37 24 40 58 55
9 17 46 39 48 53 31
9 18 74 67 84 81 40
9 19 15 30 25 37 8
9 20 14 54 34 7 36
9 21 90 49 54 50 57
9 22 21 47 49 41 18
9 23 5 9 35 4 16
9 24 8 32 9 27 45
9 25 71 67 50 43 66
9 26 7 23 9 41 11
9 27 85 53 88 56 60
9 28 46 65 26 38 42
9 29 7 47 7 41 22
9 30 86 69 44 70 52
9 31 59 37 59 68 72
9 32 41 65 65 56 56
9 33 90 71 81 64 72
9 34 2 36 8 34 17
9 35 17 50 47 16 37
9 36 30 33 53 59 32
9 37 92 78 47 81 67
10 11 56 35 55 39 42
10 12 90 54 70 62 50
10 13 17 45 44 13 42
10 14 23 60 48 38 13
10 15 92 94 51 95 55
10 16 21 45 44 48 27
10 17 90 50 47 65 74
10 18 5 40 34 4 33
10 19 56 51 72 38 68
10 20 48 61 54 34 50
10 21 30 48 58 15 63
10 22 40 32 40 62 23
10 23 97 58 61 71 71
10 24 24 51 31 53 14
10 25 29 55 41 21 28
10 26 82 87 75 58 57
10 27 22 52 44 14 55
10 28 7 17 42 44 34
10 29 87 45 59 64 50
10 30 4 45 13 26 30
10 31 59 74 75 75 39
10 32 98 64 66 77 81
10 33 45 55 25 69 53
10 34 67 61 81 73 76
10 35 60 42 52 40 61
10 36 52 73 73 48 37
10 37 78 43 79 66 65
11 12 96 65 88 69 86
11 13 8 50 52 34 32
11 14 90 66 86 78 87
11 15 45 45 29 68 63
11 16 24 48 22 22 56
11 17 86 80 66 71 43
11 18 20 50 42 58 37
11 19 0 13 3 27 40
11 20 89 56 73 66 51
11 21 47 42 59 50 59
11 22 43 41 39 71 63
11 23 96 81 95 70 91
11 24 79 85 68 44 52
11 25 90 90 67 83 78
11 26 36 37 57 52 40
11 27 97 58 75 61 63
11 28 56 53 46 74 73
11 29 89 59 57 80 84
11 30 64 39 80 66 57
11 31 64 71 74 59 62
11 32 81 44 54 64 76
11 33 4 2 46 36 47
11 34 33 31 29 18 47
11 35 89 93 82 46 93
11 36 90 85 74 61 57
11 37 25 13 50 50 46
12 13 4 5 9 33 29
12 14 73 57 44 69 50
12 15 6 21 12 41 4
12 16 37 64 36 58 35
12 17 16 37 45 23 18
12 18 69 44 74 70 75
12 19 89 78 71 52 49
12 20 32 49 28 61 56
12 21 75 82 42 38 40
12 22 97 74 65 97 55
12 23 45 60 53 62 55
12 24 68 58 48 61 59
12 25 36 18 23 50 24
12 26 97 49 54 78 72
12 27 1 49 33 35 23
12 28 55 75 52 66 64
12 29 98 52 61 91 51
12 30 53 74 62 64 72
12 31 15 43 15 36 34
12 32 86 75 48 63 76
12 33 34 56 61 37 52
12 34 70 55 59 83 61
12 35 98 82 81 82 97
12 36 17 45 37 35 44
12 37 4 47 19 10 10
13 14 99 98 93 66 57
13 15 47 56 56 27 56
13 16 53 33 28 32 36
13 17 42 35 47 44 22
13 18 45 29 24 58 43
13 19 59 29 37 38 34
13 20 95 77 51 73 79
13 21 21 44 23 13 18
13 22 78 39 47 87 85
13 23 80 78 69 85 85
13 24 2 6 50 9 18
13 25 45 71 26 51 64
13 26 29 34 26 23 54
13 27 60 63 79 60 56
13 28 4 21 36 19 29
13 29 29 17 63 34 43
13 30 63 48 65 71 61
13 31 67 47 57 82 77
13 32 22 29 11 30 13
13 33 85 68 87 59 63
13 34 56 77 60 58 54
13 35 57 64 58 39 57
13 36 54 50 66 39 76
13 37 28 39 26 49 17
14 15 37 22 41 22 43
14 16 96 60 60 77 94
14 17 38 55 63 34 20
14 18 98 68 98 56 54
14 19 54 57 57 50 70
14 20 31 58 61 24 64
14 21 5 31 41 21 8
14 22 96 77 56 97 88
14 23 15 55 47 18 37
14 24 78 73 52 41 50
14 25 70 84 76 76 79
14 26 7 28 15 14 51
14 27 91 87 50 58 83
14 28 44 71 43 71 54
14 29 6 10 37 50 12
14 30 16 34 20 52 54
14 31 82 56 52 73 41
14 32 96 58 87 48 66
14 33 9 22 18 9 19
14 34 88 68 71 65 85
14 35 95 68 55 85 78
14 36 39 60 43 68 35
14 37 84 45 79 75 61
15 16 43 30 54 40 49
15 17 93 73 75 91 74
15 18 71 83 75 37 59
15 19 9 36 44 4 5
15 20 39 39 67 59 41
15 21 60 78 40 70 61
15 22 13 29 49 20 53
15 23 10 15 40 37 40
15 24 27 50 40 30 15
15 25 99 60 88 83 53
15 26 60 76 48 54 48
15 27 55 57 75 41 70
15 28 81 78 49 73 55
15 29 45 44 68 44 61
15 30 1 47 3 37 15
15 31 7 46 32 21 28
15 32 16 55 16 50 9
15 33 98 80 77 64 62
15 34 86 77 91 43 47
15 35 35 61 38 48 57
15 36 36 56 54 56 63
15 37 11 36 35 53 31
16 17 62 74 35 61 78
16 18 15 48 52 25 46
16 19 97 61 55 73 73
16 20 8 40 7 8 47
16 21 56 30 70 55 55
16 22 19 38 15 39 22
16 23 2 46 41 38 49
16 24 42 52 43 45 33
16 25 35 67 21 57 29
16 26 36 42 63 26 48
16 27 73 39 80 39 75
16 28 69 62 68 54 44
16 29 96 68 54 60 92
16 30 10 45 30 34 11
16 31 63 73 50 49 56
16 32 4 46 43 48 49
16 33 79 76 83 59 84
16 34 16 44 54 18 39
16 35 28 56 48 40 38
16 36 22 32 52 51 49
16 37 37 29 57 28 27
17 18 60 72 64 69 45
17 19 94 82 48 69 49
17 20 88 72 70 93 67
17 21 75 48 73 64 61
17 22 8 10 9 50 18
17 23 11 43 12 27 36
17 24 62 45 78 49 39
17 25 95 49 61 54 86
17 26 19 27 56 38 57
17 27 30 41 24 16 42
17 28 21 44 21 56 31
17 29 61 56 43 68 72
17 30 67 44 72 42 62
17 31 82 54 59 72 49
17 32 95 78 88 69 74
17 33 94 67 96 76 73
17 34 68 55 59 67 71
17 35 43 30 49 38 53
17 36 89 71 77 66 62
17 37 61 77 37 35 56
18 19 2 49 17 30 21
18 20 82 76 48 63 64
18 21 47 73 60 64 28
18 22 66 47 34 74 76
18 23 73 66 49 52 42
18 24 12 20 35 35 13
18 25 25 17 31 25 54
18 26 83 62 74 85 59
18 27 78 85 45 87 81
18 28 21 52 26 54 48
18 29 48 37 68 40 58
18 30 13 47 10 38 7
18 31 80 87 78 60 55
18 32 41 66 63 36 32
18 33 39 66 52 35 24
18 34 59 59 75 65 52
18 35 43 60 69 30 59
18 36 43 55 61 26 69
18 37 76 46 55 44 51
19 20 25 58 55 60 32
19 21 67 57 74 71 38
19 22 8 25 34 45 33
19 23 30 15 58 54 16
19 24 89 82 53 65 78
19 25 41 22 56 36 31
19 26 24 45 46 46 52
19 27 62 73 71 54 64
19 28 77 59 54 64 87
19 29 43 37 41 55 66
19 30 20 58 50 23 42
19 31 16 34 32 49 41
19 32 15 9 16 44 35
19 33 87 86 63 83 76
19 34 23 49 19 22 17
19 35 55 29 77 72 34
19 36 68 69 69 46 43
19 37 24 20 59 38 58
20 21 82 66 52 79 45
20 22 67 81 81 79 37
20 23 23 59 24 49 26
20 24 69 79 35 45 68
20 25 42 26 26 42 23
20 26 60 39 48 46 45
20 27 86 79 76 70 81
20 28 86 70 90 43 92
20 29 98 78 97 60 85
20 30 41 60 31 39 61
20 31 82 53 46 76 44
20 32 60 55 31 36 49
20 33 93 56 91 46 93
20 34 24 20 54 28 46
20 35 31 32 41 36 47
20 36 50 47 43 59 56
20 37 66 79 81 64 49
21 22 82 75 77 79 44
21 23 85 79 75 62 65
21 24 66 76 59 39 50
21 25 45 45 31 53 31
21 26 3 32 32 35 34
21 27 15 23 38 56 11
21 28 37 54 35 24 67
21 29 97 93 83 95 62
21 30 90 49 90 85 55
21 31 38 62 53 27 68
21 32 94 69 52 89 95
21 33 86 74 73 65 85
21 34 47 30 59 29 45
21 35 38 48 50 32 65
21 36 97 80 90 70 92
21 37 2 22 11 37 11
22 23 20 41 55 22 15
22 24 56 76 67 35 64
22 25 25 26 21 33 33
22 26 35 22 43 38 43
22 27 73 66 49 49 70
22 28 23 58 57 33 39
22 29 72 73 70 78 70
22 30 94 53 66 76 69
22 31 98 74 62 79 84
22 32 68 52 60 51 75
22 33 61 79 70 73 38
22 34 35 54 61 54 38
22 35 5 18 52 46 9
22 36 2 43 9 42 48
22 37 9 41 11 36 53
23 24 98 74 92 87 66
23 25 23 39 37 52 58
23 26 95 59 62 65 55
23 27 49 72 38 61 58
23 28 79 79 54 59 50
23 29 39 51 44 65 69
23 30 77 68 47 73 59
23 31 98 94 82 97 64
23 32 50 70 48 41 28
23 33 91 53 94 73 82
23 34 77 77 44 45 52
23 35 68 81 45 37 44
23 36 73 38 39 54 60
23 37 11 19 47 27 31
24 25 22 32 11 22 17
24 26 7 19 45 44 35
24 27 73 63 78 67 46
24 28 47 43 63 64 60
24 29 80 52 43 88 61
24 30 29 50 17 55 56
24 31 55 29 63 61 29
24 32 83 71 59 46 88
24 33 28 49 41 17 51
24 34 87 63 89 56 82
24 35 79 53 59 41 71
24 36 92 74 85 76 72
24 37 81 83 85 52 85
25 26 69 39 45 77 69
25 27 67 37 62 56 40
25 28 6 47 3 7 39
25 29 80 84 51 75 61
25 30 57 43 58 73 33
25 31 95 54 80 84 51
25 32 15 36 34 41 19
25 33 92 62 87 59 72
25 34 12 26 40 14 11
25 35 55 58 70 66 39
25 36 56 58 67 41 29
25 37 30 54 34 54 32
26 27 3 17 16 25 41
26 28 54 74 29 60 49
26 29 61 74 36 58 53
26 30 7 34 10 10 40
26 31 62 49 60 54 70
26 32 60 40 50 66 33
26 33 29 64 15 55 50
26 34 69 84 77 49 41
26 35 6 28 42 33 9
26 36 28 52 38 42 48
26 37 80 82 83 69 76
27 28 77 54 74 50 86
27 29 9 24 43 20 4
27 30 76 73 78 42 68
27 31 58 56 34 64 75
27 32 76 40 39 85 80
27 33 85 77 90 74 47
27 34 73 76 72 62 72
27 35 46 67 65 43 35
27 36 35 50 40 31 33
27 37 60 65 31 55 37
28 29 65 62 67 36 76
28 30 42 48 52 52 57
28 31 69 49 51 47 74
28 32 75 51 72 79 81
28 33 75 51 44 47 78
28 34 97 51 58 53 97
28 35 45 64 23 35 27
28 36 87 76 89 70 59
28 37 43 48 22 70 30
29 30 56 62 36 58 66
29 31 61 32 53 37 76
29 32 38 39 50 65 40
29 33 88 82 49 46 79
29 34 48 45 46 26 38
29 35 92 74 88 94 75
29 36 11 41 25 11 19
29 37 51 32 54 49 60
30 31 39 21 69 68 21
30 32 86 78 48 56 44
30 33 11 48 39 38 44
30 34 56 35 71 75 72
30 35 9 16 38 19 29
30 36 14 30 56 52 26
30 37 17 20 43 44 48
31 32 20 31 42 47 58
31 33 73 53 84 82 59
31 34 74 77 85 74 83
31 35 36 47 50 44 25
31 36 68 58 72 35 42
31 37 10 46 51 9 39
32 33 27 37 20 46 48
32 34 71 44 71 72 36
32 35 24 43 34 22 31
32 36 2 28 15 37 22
32 37 56 32 38 69 29
33 34 8 29 12 21 32
33 35 67 47 53 83 83
33 36 41 58 30 55 22
33 37 91 47 78 93 72
34 35 91 87 61 58 72
34 36 5 45 11 41 37
34 37 92 96 58 51 85
35 36 16 9 38 10 8
35 37 76 57 43 77 59
36 37 33 32 33 23 29
