40 5
0 0.333333 0.333333 0.333333 0 
0 1 13 18 12 25 12
0 2 6 10 13 6 7
0 3 79 77 77 69 68
0 4 90 90 89 83 92
0 5 93 79 90 87 84
0 6 96 93 86 89 86
0 7 22 19 22 20 19
0 8 92 88 91 79 87
0 9 94 87 91 93 86
0 10 72 69 73 76 70
0 11 36 45 37 43 42
0 12 49 42 56 43 50
0 13 49 51 53 54 47
0 14 34 42 44 33 38
0 15 19 21 27 18 24
0 16 27 31 27 36 27
0 17 37 46 38 37 36
0 18 26 24 32 35 30
0 19 91 87 85 85 79
0 20 90 90 88 82 90
0 21 75 74 67 64 78
0 22 55 61 59 61 60
0 23 15 19 16 25 26
0 24 35 43 30 33 31
0 25 8 9 11 8 17
0 26 65 56 61 59 64
0 27 79 74 76 71 81
0 28 53 53 59 52 49
0 29 66 68 60 69 56
0 30 37 39 37 35 39
0 31 61 62 64 63 59
0 32 53 59 47 47 54
0 33 45 45 52 49 51
0 34 32 38 31 40 36
0 35 86 82 81 75 74
0 36 51 47 54 45 57
0 37 26 29 26 33 33
0 38 87 85 85 80 81
0 39 41 44 48 49 39
1 2 83 77 74 83 84
1 3 67 59 60 68 71
1 4 50 48 52 43 51
1 5 96 85 86 85 90
1 6 90 79 87 80 84
1 7 84 73 75 86 71
1 8 32 40 42 28 31
1 9 65 66 68 59 58
1 10 85 79 73 84 75
1 11 22 21 32 20 22
1 12 5 6 18 11 15
1 13 39 48 48 40 35
1 14 21 23 30 22 21
1 15 3 4 4 12 5
1 16 94 85 80 85 84
1 17 20 23 27 26 27
1 18 1 9 13 10 4
1 19 17 22 19 23 18
1 20 57 53 55 58 50
1 21 85 87 76 78 79
1 22 11 15 13 11 24
1 23 28 36 32 30 38
1 24 78 67 75 79 80
1 25 17 16 26 18 25
1 26 7 20 16 19 16
1 27 28 29 32 31 27
1 28 42 38 38 43 37
1 29 8 15 11 17 18
1 30 64 66 65 60 61
1 31 63 54 68 67 68
1 32 7 7 15 6 8
1 33 4 12 18 10 5
1 34 4 9 6 11 16
1 35 34 43 42 37 33
1 36 37 41 43 40 43
1 37 48 52 47 51 49
1 38 13 26 24 25 22
1 39 96 89 85 95 90
2 3 49 48 47 45 54
2 4 11 24 9 18 24
2 5 91 92 81 82 90
2 6 98 90 94 89 92
2 7 69 62 68 65 69
2 8 52 51 57 56 55
2 9 61 56 56 62 55
2 10 35 37 34 36 40
2 11 58 51 52 55 57
2 12 96 89 91 83 83
2 13 5 14 10 6 7
2 14 81 73 73 70 76
2 15 29 33 36 29 32
2 16 78 77 80 80 78
2 17 2 11 16 10 3
2 18 65 61 61 56 67
2 19 76 69 66 70 72
2 20 58 61 55 53 62
2 21 78 68 68 67 80
2 22 73 66 68 65 71
2 23 88 79 76 80 89
2 24 99 86 90 89 88
2 25 92 78 82 87 81
2 26 65 59 64 65 59
2 27 88 86 79 86 84
2 28 35 37 35 43 36
2 29 20 19 17 27 23
2 30 3 7 17 10 8
2 31 2 11 5 11 2
2 32 94 87 84 93 85
2 33 79 74 79 77 67
2 34 15 15 21 14 22
2 35 39 35 45 38 38
2 36 65 68 62 63 68
2 37 11 11 22 12 16
2 38 50 47 48 55 45
2 39 57 59 52 60 56
3 4 67 63 70 64 60
3 5 91 90 85 81 91
3 6 61 56 60 53 59
3 7 54 58 56 48 47
3 8 59 52 62 51 56
3 9 42 44 48 37 38
3 10 16 15 19 15 16
3 11 98 89 92 96 94
3 12 92 93 81 83 90
3 13 2 5 3 13 13
3 14 88 79 76 76 81
3 15 72 72 70 69 71
3 16 9 13 8 17 20
3 17 51 46 44 55 52
3 18 42 49 44 42 40
3 19 82 70 73 74 82
3 20 19 21 30 20 21
3 21 85 87 86 86 77
3 22 97 85 87 92 93
3 23 7 18 14 6 6
3 24 34 43 38 41 38
3 25 94 82 87 87 82
3 26 3 11 4 9 11
3 27 24 28 34 29 23
3 28 49 43 48 46 42
3 29 61 62 63 63 54
3 30 45 47 42 50 49
3 31 97 90 92 87 88
3 32 28 37 32 35 27
3 33 42 48 42 40 40
3 34 17 23 20 28 23
3 35 93 87 82 79 82
3 36 11 23 21 14 13
3 37 35 35 40 43 31
3 38 64 57 67 54 65
3 39 50 49 49 43 43
4 5 33 39 30 34 36
4 6 73 71 63 70 62
4 7 99 99 92 88 98
4 8 79 79 76 76 70
4 9 98 98 90 94 84
4 10 57 53 62 53 63
4 11 14 20 23 15 22
4 12 63 64 59 60 68
4 13 17 26 26 25 21
4 14 38 38 43 37 44
4 15 45 50 51 44 47
4 16 8 9 12 19 14
4 17 2 16 10 6 4
4 18 42 44 46 47 43
4 19 39 41 38 39 38
4 20 75 76 70 65 68
4 21 3 3 9 3 8
4 22 18 21 30 21 23
4 23 35 41 33 40 43
4 24 66 64 64 71 70
4 25 81 69 70 79 73
4 26 91 85 90 81 82
4 27 4 15 8 4 6
4 28 66 60 66 59 65
4 29 14 17 15 24 16
4 30 51 58 44 54 52
4 31 3 15 8 8 7
4 32 48 55 53 55 49
4 33 53 57 48 46 56
4 34 43 42 51 45 47
4 35 28 29 33 36 34
4 36 13 13 16 13 16
4 37 26 35 26 30 27
4 38 96 82 93 85 88
4 39 25 29 28 25 30
5 6 26 26 27 26 29
5 7 95 89 80 90 82
5 8 9 15 23 17 22
5 9 13 20 21 12 22
5 10 41 46 40 37 46
5 11 0 2 6 1 10
5 12 75 71 77 78 67
5 13 1 12 5 14 11
5 14 25 30 25 31 27
5 15 69 70 73 67 60
5 16 25 22 25 32 27
5 17 38 39 39 46 39
5 18 93 83 91 91 90
5 19 80 74 76 80 76
5 20 45 46 41 51 52
5 21 24 25 27 34 29
5 22 35 44 31 37 31
5 23 63 55 57 66 65
5 24 54 53 54 48 57
5 25 18 16 18 23 27
5 26 82 77 78 80 82
5 27 27 24 29 23 36
5 28 29 34 29 37 25
5 29 45 42 50 44 39
5 30 27 36 37 36 27
5 31 42 36 43 40 39
5 32 82 79 84 79 72
5 33 8 7 17 20 17
5 34 11 17 13 12 22
5 35 66 59 71 61 71
5 36 42 36 43 43 40
5 37 49 44 56 43 47
5 38 63 61 55 60 61
5 39 6 6 7 6 19
6 7 95 81 91 89 82
6 8 93 84 92 89 85
6 9 45 47 47 49 48
6 10 24 29 27 27 31
6 11 98 95 94 91 88
6 12 57 59 52 63 61
6 13 36 44 33 44 38
6 14 73 66 70 75 74
6 15 28 33 35 38 25
6 16 40 34 46 35 43
6 17 85 81 75 83 81
6 18 39 34 35 39 38
6 19 56 50 59 58 52
6 20 85 76 76 80 87
6 21 24 33 28 26 34
6 22 16 20 27 22 14
6 23 0 11 4 13 11
6 24 19 17 30 31 28
6 25 4 7 6 19 15
6 26 29 37 29 38 26
6 27 87 80 75 83 76
6 28 77 65 66 79 71
6 29 67 60 65 57 67
6 30 21 24 33 24 30
6 31 12 21 14 24 14
6 32 40 40 39 43 40
6 33 10 19 20 20 11
6 34 40 48 49 45 48
6 35 98 86 90 96 96
6 36 70 68 67 64 65
6 37 0 14 4 4 13
6 38 98 87 91 95 88
6 39 91 83 91 90 86
7 8 35 43 38 34 41
7 9 17 29 21 25 22
7 10 66 68 68 66 61
7 11 34 35 38 38 34
7 12 4 11 7 14 8
7 13 44 43 42 44 49
7 14 72 73 69 67 64
7 15 51 48 57 44 50
7 16 8 18 15 9 19
7 17 61 59 56 55 65
7 18 6 15 16 14 8
7 19 90 77 82 88 79
7 20 74 68 78 68 73
7 21 1 8 2 15 6
7 22 85 84 76 76 80
7 23 0 13 14 1 7
7 24 84 78 83 80 83
7 25 15 20 21 20 22
7 26 81 70 76 72 83
7 27 70 69 64 61 65
7 28 63 57 61 60 55
7 29 85 84 83 73 75
7 30 91 87 89 85 82
7 31 76 72 66 67 73
7 32 54 49 54 61 49
7 33 56 49 63 60 58
7 34 60 64 63 59 64
7 35 5 5 19 17 13
7 36 92 88 92 88 88
7 37 6 14 9 11 7
7 38 6 10 9 18 19
7 39 79 73 72 72 71
8 9 74 76 69 73 70
8 10 42 47 37 39 47
8 11 34 34 37 33 28
8 12 96 83 87 91 88
8 13 90 90 83 80 81
8 14 46 46 45 44 51
8 15 89 77 79 89 78
8 16 69 67 64 61 66
8 17 25 32 31 34 27
8 18 21 30 28 31 19
8 19 20 24 29 17 30
8 20 78 75 70 75 75
8 21 28 34 31 33 33
8 22 43 40 44 47 42
8 23 78 80 69 79 78
8 24 58 63 50 56 63
8 25 92 92 86 91 79
8 26 24 33 24 30 29
8 27 42 38 40 36 45
8 28 66 58 64 67 60
8 29 20 31 26 30 25
8 30 25 27 32 28 32
8 31 40 45 41 43 46
8 32 54 60 55 59 53
8 33 37 34 37 34 38
8 34 65 58 64 59 63
8 35 6 17 8 17 5
8 36 43 42 49 43 40
8 37 77 74 77 70 71
8 38 37 46 39 39 34
8 39 74 71 76 78 72
9 10 18 25 24 17 28
9 11 72 67 75 62 67
9 12 95 88 81 83 86
9 13 15 17 27 15 14
9 14 94 94 80 94 87
9 15 9 17 21 12 12
9 16 75 72 72 69 75
9 17 15 13 22 28 19
9 18 23 27 33 24 31
9 19 88 89 80 80 75
9 20 98 94 85 87 97
9 21 66 69 64 70 65
9 22 63 59 66 61 61
9 23 88 84 84 80 78
9 24 99 95 85 95 93
9 25 79 78 75 73 68
9 26 95 82 90 90 87
9 27 11 10 14 18 24
9 28 31 29 30 33 35
9 29 27 27 35 31 30
9 30 4 13 18 13 11
9 31 30 31 34 39 37
9 32 92 92 92 90 85
9 33 46 50 45 52 48
9 34 38 33 46 45 34
9 35 66 61 56 63 69
9 36 46 40 45 46 46
9 37 36 35 32 43 46
9 38 23 26 32 29 28
9 39 19 24 24 17 30
10 11 72 65 69 67 75
10 12 28 31 35 28 35
10 13 54 55 60 59 52
10 14 50 45 47 43 47
10 15 92 85 80 80 80
10 16 71 69 61 64 74
10 17 46 53 41 44 54
10 18 80 75 76 73 74
10 19 68 67 67 60 68
10 20 74 63 67 73 77
10 21 91 86 87 78 87
10 22 44 52 41 51 50
10 23 37 40 35 45 35
10 24 92 90 82 93 84
10 25 19 18 29 21 24
10 26 85 80 84 74 77
10 27 79 71 75 82 79
10 28 97 96 89 82 83
10 29 53 51 58 47 60
10 30 54 51 48 57 58
10 31 51 47 50 51 54
10 32 18 23 28 21 17
10 33 63 60 56 54 54
10 34 46 39 50 43 45
10 35 86 77 75 77 84
10 36 43 37 39 42 39
10 37 31 35 40 33 29
10 38 23 28 26 33 31
10 39 47 44 45 41 46
11 12 75 74 70 67 75
11 13 61 61 64 62 63
11 14 17 15 20 23 21
11 15 60 64 65 57 54
11 16 90 90 86 80 91
11 17 94 80 88 85 87
11 18 13 21 15 26 17
11 19 45 43 48 39 44
11 20 17 17 24 23 18
11 21 92 88 85 88 92
11 22 77 74 67 75 80
11 23 24 33 35 27 26
11 24 68 59 65 70 58
11 25 89 80 81 76 87
11 26 45 42 52 45 45
11 27 18 21 23 26 19
11 28 23 31 21 31 30
11 29 36 43 31 35 30
11 30 63 59 66 61 66
11 31 38 40 45 36 46
11 32 59 60 64 63 62
11 33 88 76 76 82 83
11 34 69 65 65 63 63
11 35 36 40 31 34 43
11 36 24 31 32 22 23
11 37 16 22 22 23 28
11 38 98 85 94 87 90
11 39 25 31 27 27 26
12 13 96 82 89 83 84
12 14 58 55 61 59 61
12 15 56 54 60 62 52
12 16 84 83 85 81 76
12 17 60 63 63 62 52
12 18 64 56 62 59 69
12 19 42 40 38 45 42
12 20 61 63 65 54 60
12 21 89 81 83 79 89
12 22 74 75 70 71 63
12 23 44 51 39 44 38
12 24 53 46 54 45 54
12 25 62 57 62 53 60
12 26 36 44 34 40 33
12 27 36 40 33 45 44
12 28 10 10 22 22 12
12 29 84 82 75 84 72
12 30 69 59 70 70 71
12 31 14 26 13 14 25
12 32 94 87 93 81 82
12 33 31 29 33 33 37
12 34 21 24 25 31 21
12 35 82 72 72 71 78
12 36 93 93 85 90 89
12 37 27 25 23 24 25
12 38 69 71 69 73 73
12 39 45 53 51 49 44
13 14 71 73 68 72 70
13 15 18 23 25 20 16
13 16 69 59 74 71 69
13 17 55 59 47 50 50
13 18 92 88 91 84 87
13 19 91 79 80 79 87
13 20 44 52 42 48 44
13 21 89 76 88 88 82
13 22 45 51 47 43 47
13 23 70 64 68 74 62
13 24 11 11 19 16 17
13 25 47 41 43 46 47
13 26 77 73 70 75 79
13 27 52 58 48 45 54
13 28 26 23 31 29 36
13 29 16 19 15 19 19
13 30 99 97 96 96 87
13 31 71 69 74 68 67
13 32 20 31 28 27 20
13 33 16 18 14 22 21
13 34 24 33 27 28 28
13 35 96 88 92 96 84
13 36 82 80 84 84 76
13 37 32 34 40 35 31
13 38 23 32 31 30 25
13 39 72 74 65 75 66
14 15 17 17 21 25 29
14 16 82 81 83 84 71
14 17 77 70 74 78 69
14 18 4 7 15 3 14
14 19 15 27 18 16 21
14 20 76 73 74 64 76
14 21 2 10 2 16 8
14 22 25 27 32 33 22
14 23 3 7 17 8 13
14 24 82 82 81 73 82
14 25 15 13 18 16 15
14 26 10 14 12 19 18
14 27 48 54 42 52 53
14 28 5 7 11 8 17
14 29 75 76 79 77 76
14 30 10 19 10 15 18
14 31 36 42 36 34 41
14 32 0 2 7 6 3
14 33 29 36 29 34 38
14 34 59 53 60 60 64
14 35 81 83 83 76 74
14 36 74 63 70 64 65
14 37 77 68 79 72 74
14 38 81 73 83 72 75
14 39 80 69 75 74 69
15 16 49 43 57 43 56
15 17 52 56 48 51 48
15 18 40 46 36 45 34
15 19 16 23 25 15 18
15 20 85 80 79 77 81
15 21 94 84 89 86 94
15 22 2 4 6 8 7
15 23 72 76 70 67 63
15 24 91 81 84 89 88
15 25 84 81 84 83 77
15 26 26 35 35 26 29
15 27 12 25 25 21 20
15 28 65 69 59 59 65
15 29 13 12 19 26 15
15 30 91 88 86 92 82
15 31 4 7 11 9 14
15 32 72 63 63 62 73
15 33 81 76 77 81 78
15 34 7 11 21 20 20
15 35 89 84 84 82 78
15 36 64 67 55 63 55
15 37 34 29 37 29 43
15 38 77 72 75 79 80
15 39 53 52 55 59 53
16 17 79 71 74 80 71
16 18 61 66 55 64 56
16 19 33 35 39 34 37
16 20 46 41 44 47 41
16 21 48 52 46 42 43
16 22 8 7 8 10 17
16 23 35 45 44 40 44
16 24 82 83 77 70 77
16 25 13 12 25 12 16
16 26 75 75 69 72 67
16 27 64 62 69 59 58
16 28 99 88 88 85 90
16 29 36 42 38 39 45
16 30 95 94 96 93 82
16 31 20 21 18 26 21
16 32 59 64 57 55 59
16 33 96 92 82 94 85
16 34 60 58 60 65 63
16 35 74 74 78 64 72
16 36 99 91 90 88 98
16 37 12 20 15 23 11
16 38 64 55 58 68 64
16 39 88 83 79 81 85
17 18 14 16 18 16 17
17 19 94 86 84 92 85
17 20 1 1 10 5 2
17 21 61 56 54 57 65
17 22 41 37 41 36 36
17 23 65 67 68 70 65
17 24 27 35 24 26 38
17 25 18 28 18 18 23
17 26 8 7 21 18 16
17 27 31 33 34 33 37
17 28 32 37 35 28 32
17 29 80 81 70 81 83
17 30 34 42 39 31 41
17 31 16 15 23 28 26
17 32 56 60 57 60 48
17 33 71 72 66 64 74
17 34 5 6 16 8 11
17 35 21 20 30 21 22
17 36 77 77 73 75 79
17 37 84 75 80 75 84
17 38 32 41 29 35 29
17 39 21 22 31 27 30
18 19 68 68 60 72 60
18 20 90 89 87 87 90
18 21 43 45 43 48 45
18 22 22 31 30 23 24
18 23 88 88 88 84 82
18 24 31 28 35 32 38
18 25 59 59 57 61 53
18 26 8 19 16 13 16
18 27 76 77 75 68 67
18 28 12 10 20 11 11
18 29 5 19 7 9 7
18 30 91 80 91 78 86
18 31 33 31 33 42 41
18 32 75 65 71 76 73
18 33 8 12 13 12 12
18 34 0 14 3 13 4
18 35 23 23 26 34 23
18 36 43 41 39 51 49
18 37 33 42 30 31 41
18 38 62 62 53 65 54
18 39 15 26 18 21 20
19 20 61 56 61 58 53
19 21 32 29 28 37 37
19 22 99 94 85 96 88
19 23 94 84 89 90 83
19 24 49 52 56 49 54
19 25 47 53 45 46 45
19 26 37 45 33 42 45
19 27 74 68 75 77 78
19 28 65 55 59 61 68
19 29 64 55 56 68 66
19 30 34 38 42 33 43
19 31 41 36 37 45 41
19 32 72 72 75 71 63
19 33 9 12 16 21 17
19 34 11 20 16 22 15
19 35 48 46 44 48 44
19 36 94 85 90 87 88
19 37 52 50 58 53 45
19 38 73 72 69 72 66
19 39 76 69 67 68 73
20 21 53 53 60 47 58
20 22 57 51 61 51 58
20 23 66 63 59 68 69
20 24 21 25 33 28 30
20 25 6 10 6 10 13
20 26 53 58 57 46 50
20 27 79 77 79 78 80
20 28 1 11 7 15 12
20 29 15 26 14 20 17
20 30 70 66 64 70 67
20 31 13 12 17 17 19
20 32 79 67 80 75 74
20 33 79 79 69 72 70
20 34 80 73 73 70 82
20 35 62 55 62 65 59
20 36 92 84 83 90 86
20 37 78 67 79 69 78
20 38 23 22 21 34 24
20 39 19 16 25 28 30
21 22 90 81 87 77 77
21 23 0 4 12 9 10
21 24 50 57 44 43 48
21 25 45 43 51 40 49
21 26 98 93 87 89 89
21 27 85 80 73 78 84
21 28 28 37 33 38 33
21 29 90 91 86 80 92
21 30 28 31 29 25 29
21 31 45 46 53 52 39
21 32 28 34 33 27 31
21 33 91 83 80 92 91
21 34 31 36 37 30 34
21 35 30 28 29 27 30
21 36 45 46 48 50 53
21 37 18 21 19 20 26
21 38 45 39 52 46 50
21 39 3 13 12 7 9
22 23 72 72 65 62 68
22 24 95 89 91 85 84
22 25 45 40 45 48 40
22 26 26 34 26 37 27
22 27 50 43 57 56 53
22 28 37 37 40 43 37
22 29 2 5 15 7 3
22 30 12 25 12 21 11
22 31 39 42 38 41 39
22 32 24 31 21 29 22
22 33 39 40 40 42 41
22 34 0 5 4 7 2
22 35 6 12 9 7 19
22 36 67 60 67 68 60
22 37 92 85 91 83 90
22 38 73 75 75 65 73
22 39 58 59 54 50 51
23 24 39 37 38 40 34
23 25 14 22 22 15 24
23 26 50 46 49 48 55
23 27 72 66 76 76 70
23 28 98 94 84 90 95
23 29 1 11 3 7 7
23 30 41 37 48 45 43
23 31 20 18 24 19 29
23 32 94 89 87 80 88
23 33 84 73 77 74 83
23 34 74 77 77 66 71
23 35 25 29 22 29 29
23 36 53 47 52 56 57
23 37 32 28 32 30 33
23 38 64 58 62 67 64
23 39 80 81 72 79 77
24 25 96 90 88 85 90
24 26 99 89 90 98 94
24 27 23 26 31 30 22
24 28 47 41 53 41 51
24 29 64 65 61 63 64
24 30 45 43 43 52 41
24 31 95 96 82 91 94
24 32 91 86 78 91 87
24 33 97 85 86 93 82
24 34 50 57 57 50 49
24 35 93 82 80 79 92
24 36 22 30 25 27 19
24 37 78 72 77 79 75
24 38 95 93 85 83 92
24 39 47 41 44 52 45
25 26 22 32 21 29 27
25 27 55 59 53 51 49
25 28 3 3 7 7 13
25 29 34 34 33 39 36
25 30 93 91 82 91 80
25 31 83 79 72 81 81
25 32 42 36 36 42 48
25 33 33 33 30 29 35
25 34 70 64 69 73 60
25 35 85 81 84 78 85
25 36 38 42 46 44 47
25 37 97 85 96 86 87
25 38 78 75 73 74 81
25 39 88 85 75 82 77
26 27 15 27 24 26 14
26 28 87 78 88 78 75
26 29 78 75 69 75 79
26 30 98 96 87 86 96
26 31 59 55 59 52 62
26 32 47 45 42 50 52
26 33 16 21 25 16 14
26 34 80 72 78 82 83
26 35 42 40 44 42 51
26 36 19 27 31 30 27
26 37 24 23 27 32 34
26 38 36 33 37 32 35
26 39 7 19 16 17 18
27 28 37 42 36 43 39
27 29 87 88 85 84 78
27 30 54 50 49 59 46
27 31 38 38 44 37 45
27 32 26 31 25 30 35
27 33 44 49 44 42 50
27 34 98 93 92 92 98
27 35 57 54 63 60 62
27 36 82 78 71 76 83
27 37 15 27 13 18 20
27 38 66 66 58 57 70
27 39 3 10 7 16 10
28 29 58 62 58 59 62
28 30 11 22 10 19 12
28 31 29 27 36 30 28
28 32 64 58 67 58 56
28 33 26 24 34 34 23
28 34 48 51 51 43 45
28 35 86 85 84 73 76
28 36 52 58 52 51 45
28 37 6 17 11 15 14
28 38 23 33 21 29 28
28 39 10 19 11 12 15
29 30 80 77 75 79 83
29 31 23 26 32 29 33
29 32 92 78 90 82 79
29 33 55 49 59 61 60
29 34 72 63 69 62 75
29 35 92 86 91 80 86
29 36 79 72 80 77 81
29 37 4 12 11 16 18
29 38 91 81 81 90 78
29 39 28 26 36 25 28
30 31 93 93 82 93 88
30 32 80 68 77 74 75
30 33 36 41 31 44 38
30 34 55 52 62 48 50
30 35 0 6 4 6 11
30 36 70 64 72 66 60
30 37 44 47 47 39 47
30 38 76 80 73 69 79
30 39 87 80 80 76 82
31 32 71 68 72 74 67
31 33 11 14 12 14 21
31 34 84 72 82 85 74
31 35 28 27 33 28 29
31 36 17 25 16 18 29
31 37 5 4 9 16 4
31 38 0 1 5 6 3
31 39 93 89 88 81 80
32 33 97 89 90 83 96
32 34 48 55 51 50 47
32 35 51 45 50 53 50
32 36 39 37 34 43 46
32 37 84 76 77 74 80
32 38 54 54 57 50 52
32 39 38 44 42 40 43
33 34 60 56 53 53 55
33 35 50 47 46 55 43
33 36 82 80 79 82 81
33 37 16 20 19 20 16
33 38 37 38 33 41 45
33 39 65 62 70 55 62
34 35 29 38 38 33 38
34 36 3 7 17 3 15
34 37 11 17 23 24 17
34 38 91 84 89 91 81
34 39 34 30 32 41 34
35 36 32 37 31 42 37
35 37 13 13 20 16 24
35 38 98 88 87 93 86
35 39 77 73 77 77 79
36 37 0 7 12 7 13
36 38 22 19 25 29 30
36 39 38 41 44 47 46
37 38 31 36 36 32 31
37 39 59 58 50 56 60
38 39 26 35 35 37 28
