50 5
0 0 1 0 0 
0 1 79 53 36 30 70
0 2 25 70 39 67 46
0 3 15 53 78 31 62
0 4 82 95 53 78 84
0 5 72 15 65 83 78
0 6 42 29 34 78 51
0 7 33 56 67 78 71
0 8 2 80 30 12 28
0 9 15 80 63 51 23
0 10 39 12 45 18 42
0 11 25 39 17 79 7
0 12 87 69 46 62 21
0 13 26 80 70 19 72
0 14 23 23 48 65 81
0 15 18 29 71 60 74
0 16 79 87 45 79 29
0 17 19 74 8 27 71
0 18 62 26 90 16 58
0 19 38 48 59 9 35
0 20 98 72 90 42 25
0 21 4 45 66 25 74
0 22 85 21 38 55 29
0 23 6 14 18 14 80
0 24 63 76 80 29 41
0 25 46 68 77 56 47
0 26 58 25 19 14 83
0 27 16 44 62 12 58
0 28 38 81 48 53 32
0 29 70 57 50 70 79
0 30 64 85 35 71 58
0 31 15 39 14 58 68
0 32 5 3 32 19 61
0 33 37 13 46 80 69
0 34 48 55 45 77 58
0 35 32 70 50 82 32
0 36 33 33 64 73 17
0 37 80 48 25 36 66
0 38 98 96 75 91 58
0 39 91 80 34 81 55
0 40 27 24 9 37 68
0 41 34 84 16 26 63
0 42 45 79 75 46 24
0 43 68 52 84 64 55
0 44 7 54 29 64 74
0 45 59 20 86 20 45
0 46 80 58 59 37 68
0 47 59 48 44 91 39
0 48 6 49 41 68 22
0 49 18 10 19 59 29
1 2 95 66 61 73 39
1 3 36 34 17 12 18
1 4 48 19 29 17 44
1 5 5 46 49 64 14
1 6 89 72 49 30 89
1 7 41 66 58 84 60
1 8 44 42 46 20 73
1 9 32 42 84 60 41
1 10 39 7 30 21 47
1 11 43 57 11 84 37
1 12 29 75 68 85 75
1 13 92 60 69 60 79
1 14 80 60 77 56 78
1 15 23 47 26 34 79
1 16 5 57 29 6 63
1 17 94 58 65 82 85
1 18 20 6 34 10 67
1 19 14 80 46 25 19
1 20 70 90 81 43 73
1 21 39 65 85 48 20
1 22 12 24 14 16 64
1 23 94 41 93 77 24
1 24 75 54 23 27 83
1 25 12 25 81 53 69
1 26 73 70 65 25 37
1 27 89 36 56 27 86
1 28 50 72 52 25 65
1 29 59 48 87 78 79
1 30 23 65 12 52 78
1 31 13 38 74 58 38
1 32 82 56 47 44 57
1 33 72 62 70 92 18
1 34 75 72 70 82 77
1 35 73 77 73 20 38
1 36 0 76 68 49 59
1 37 34 25 13 19 38
1 38 45 31 83 25 71
1 39 77 45 77 51 94
1 40 16 47 50 51 45
1 41 99 79 83 34 41
1 42 73 61 93 76 65
1 43 78 90 38 90 19
1 44 8 27 52 16 44
1 45 22 17 78 10 77
1 46 57 90 70 22 24
1 47 45 19 56 77 38
1 48 19 14 37 6 71
1 49 80 23 67 31 17
2 3 86 49 44 67 76
2 4 27 13 69 56 10
2 5 12 14 17 16 15
2 6 15 75 13 56 3
2 7 64 80 20 16 26
2 8 63 73 22 43 14
2 9 62 44 67 56 19
2 10 78 58 75 37 39
2 11 53 20 57 79 45
2 12 7 69 62 50 53
2 13 31 13 17 54 39
2 14 81 24 75 95 75
2 15 34 53 66 54 69
2 16 9 26 39 33 43
2 17 87 78 65 90 95
2 18 13 68 12 74 64
2 19 84 54 76 89 21
2 20 13 39 81 14 69
2 21 16 47 4 12 52
2 22 83 75 46 74 70
2 23 27 35 69 36 58
2 24 67 67 78 35 46
2 25 93 89 73 33 41
2 26 48 46 30 46 55
2 27 42 11 69 52 48
2 28 27 14 54 36 19
2 29 38 31 27 12 51
2 30 42 20 81 68 46
2 31 88 20 19 30 39
2 32 96 25 99 60 44
2 33 64 81 48 35 14
2 34 98 38 62 21 65
2 35 18 64 19 62 38
2 36 34 9 83 63 75
2 37 53 66 54 49 77
2 38 22 69 55 8 8
2 39 3 45 69 44 54
2 40 69 93 69 86 61
2 41 38 35 53 20 74
2 42 96 35 76 20 31
2 43 37 42 31 75 32
2 44 80 66 16 44 68
2 45 70 86 26 92 28
2 46 92 48 23 29 44
2 47 72 60 50 69 24
2 48 54 19 47 77 42
2 49 87 27 72 88 62
3 4 74 25 72 65 60
3 5 2 31 58 63 12
3 6 10 49 75 44 81
3 7 30 7 9 52 49
3 8 20 69 56 67 83
3 9 18 32 74 41 47
3 10 68 34 36 29 32
3 11 27 67 35 45 50
3 12 53 42 36 82 24
3 13 6 70 41 66 53
3 14 26 52 67 59 64
3 15 16 40 24 62 67
3 16 36 13 81 17 54
3 17 60 85 88 55 78
3 18 30 69 54 12 85
3 19 9 3 55 20 18
3 20 71 78 25 25 60
3 21 84 23 56 61 52
3 22 63 28 82 29 90
3 23 33 58 74 25 42
3 24 75 84 62 85 73
3 25 64 42 70 67 26
3 26 95 55 98 66 89
3 27 58 36 59 34 86
3 28 85 79 37 79 89
3 29 46 84 26 57 69
3 30 27 28 36 28 46
3 31 11 37 49 20 60
3 32 92 30 37 83 93
3 33 14 30 38 45 49
3 34 92 55 30 61 81
3 35 4 38 46 48 15
3 36 50 39 24 78 58
3 37 64 38 64 88 78
3 38 28 57 30 82 72
3 39 2 62 64 4 12
3 40 1 39 52 64 12
3 41 54 13 63 31 76
3 42 1 61 45 30 48
3 43 29 39 73 46 51
3 44 38 36 50 48 23
3 45 28 14 75 26 85
3 46 7 72 79 24 35
3 47 26 48 31 18 72
3 48 97 23 30 45 74
3 49 23 12 52 5 61
4 5 44 64 56 21 20
4 6 29 51 55 10 58
4 7 51 88 67 22 62
4 8 17 74 46 43 77
4 9 36 65 20 56 8
4 10 81 24 55 52 73
4 11 17 40 10 52 75
4 12 91 38 90 67 36
4 13 93 51 22 87 30
4 14 70 79 42 46 57
4 15 90 78 94 65 87
4 16 5 16 74 10 65
4 17 44 74 42 17 50
4 18 6 9 56 15 68
4 19 59 66 65 89 48
4 20 64 20 58 89 69
4 21 66 80 59 73 31
4 22 29 71 24 32 56
4 23 58 44 34 32 51
4 24 73 66 43 21 33
4 25 98 92 91 52 48
4 26 9 48 14 63 57
4 27 39 44 70 20 87
4 28 7 79 20 57 51
4 29 15 42 29 67 11
4 30 55 45 75 49 72
4 31 74 45 86 27 66
4 32 13 28 80 27 6
4 33 50 25 72 67 67
4 34 41 30 36 55 10
4 35 95 72 92 35 55
4 36 16 24 47 15 42
4 37 51 29 60 66 36
4 38 56 65 37 17 87
4 39 98 64 72 81 92
4 40 0 49 15 17 53
4 41 62 31 30 66 62
4 42 39 81 11 32 60
4 43 11 71 21 48 60
4 44 22 42 14 48 21
4 45 0 14 21 43 20
4 46 8 22 51 47 20
4 47 98 56 82 79 22
4 48 52 24 41 20 57
4 49 34 83 73 33 59
5 6 32 66 39 9 62
5 7 13 21 16 13 80
5 8 44 66 83 27 75
5 9 57 80 66 67 55
5 10 22 73 33 50 65
5 11 89 46 79 69 84
5 12 29 60 55 72 14
5 13 59 12 21 34 68
5 14 29 15 28 41 61
5 15 91 36 24 19 76
5 16 37 71 44 53 82
5 17 26 35 64 63 54
5 18 31 66 32 36 9
5 19 46 19 38 28 61
5 20 64 55 86 83 23
5 21 56 53 63 39 18
5 22 35 17 76 48 10
5 23 24 31 11 21 74
5 24 84 45 84 82 78
5 25 9 64 46 67 19
5 26 27 54 72 66 55
5 27 44 25 74 67 32
5 28 71 89 91 21 23
5 29 63 59 22 36 42
5 30 79 73 93 81 90
5 31 35 44 59 73 81
5 32 29 18 46 54 83
5 33 80 19 40 75 42
5 34 72 35 70 81 39
5 35 58 13 56 46 66
5 36 32 69 54 39 24
5 37 57 12 70 36 69
5 38 43 73 62 17 26
5 39 13 12 32 39 27
5 40 23 70 55 75 9
5 41 80 94 95 21 57
5 42 30 78 74 21 85
5 43 78 35 76 87 73
5 44 17 18 7 43 37
5 45 71 92 66 30 64
5 46 32 27 70 79 34
5 47 1 65 11 44 65
5 48 26 13 64 59 40
5 49 90 45 64 31 29
6 7 43 66 36 33 20
6 8 10 60 36 21 12
6 9 32 6 79 16 6
6 10 85 37 54 56 53
6 11 99 24 48 53 96
6 12 41 29 83 42 40
6 13 97 52 23 41 94
6 14 24 17 63 36 50
6 15 98 66 29 45 36
6 16 72 18 53 57 89
6 17 88 43 29 74 69
6 18 27 64 55 22 68
6 19 29 65 54 14 69
6 20 75 31 58 94 85
6 21 80 23 35 32 42
6 22 40 29 15 67 41
6 23 2 52 30 32 17
6 24 24 28 18 11 52
6 25 91 62 28 29 76
6 26 69 59 44 60 89
6 27 64 22 64 78 63
6 28 28 46 44 22 49
6 29 21 77 16 11 32
6 30 45 44 34 44 66
6 31 72 25 34 55 19
6 32 37 53 77 60 14
6 33 37 63 74 78 28
6 34 94 60 24 63 28
6 35 95 30 68 20 59
6 36 11 25 59 28 55
6 37 44 34 16 10 34
6 38 21 53 33 71 58
6 39 94 62 52 44 36
6 40 0 14 4 12 26
6 41 19 65 4 12 39
6 42 90 65 34 44 74
6 43 46 69 84 22 14
6 44 18 17 47 45 27
6 45 89 43 72 65 34
6 46 42 53 31 62 83
6 47 30 49 33 79 42
6 48 25 14 76 43 21
6 49 3 32 24 11 64
7 8 73 53 89 26 73
7 9 68 41 49 75 15
7 10 77 25 21 78 59
7 11 74 68 17 40 84
7 12 52 81 13 61 79
7 13 46 69 50 42 42
7 14 88 83 86 44 89
7 15 21 30 6 73 64
7 16 35 55 74 71 67
7 17 92 22 64 88 81
7 18 60 26 24 81 51
7 19 31 8 75 44 12
7 20 52 88 36 87 65
7 21 77 76 87 15 82
7 22 5 28 30 1 58
7 23 15 32 69 80 44
7 24 15 23 28 40 63
7 25 7 70 73 44 4
7 26 78 55 55 74 23
7 27 16 62 39 14 24
7 28 42 40 79 74 78
7 29 31 22 30 55 27
7 30 37 29 58 73 27
7 31 74 49 79 71 79
7 32 35 52 68 75 53
7 33 15 11 57 39 37
7 34 47 24 12 46 32
7 35 91 19 94 84 86
7 36 42 66 83 33 16
7 37 24 31 43 44 62
7 38 82 33 56 65 57
7 39 40 46 72 70 22
7 40 1 35 8 46 10
7 41 66 23 52 80 87
7 42 81 41 20 92 63
7 43 65 67 76 36 82
7 44 11 5 33 67 36
7 45 46 32 16 76 81
7 46 24 77 54 13 6
7 47 72 39 56 69 48
7 48 51 30 50 46 36
7 49 1 39 30 14 7
8 9 2 54 33 55 54
8 10 31 34 25 84 79
8 11 46 43 36 82 64
8 12 41 50 80 24 20
8 13 89 45 38 79 23
8 14 37 50 32 33 20
8 15 49 82 67 12 33
8 16 43 40 41 30 13
8 17 79 22 69 85 60
8 18 9 54 58 66 11
8 19 20 61 70 77 9
8 20 21 32 43 7 68
8 21 65 59 73 57 34
8 22 42 78 52 73 23
8 23 31 30 76 65 72
8 24 75 42 71 76 65
8 25 61 73 23 86 73
8 26 81 46 22 89 33
8 27 46 32 38 31 73
8 28 17 75 11 4 10
8 29 40 77 69 55 52
8 30 0 44 28 0 75
8 31 17 22 83 66 24
8 32 66 67 84 62 78
8 33 49 25 86 21 22
8 34 34 50 72 77 82
8 35 45 36 75 60 68
8 36 37 39 82 23 48
8 37 0 60 18 71 14
8 38 68 56 92 89 81
8 39 59 85 74 62 48
8 40 38 69 41 85 37
8 41 93 59 45 33 80
8 42 69 72 37 44 44
8 43 44 16 43 51 53
8 44 79 16 73 59 16
8 45 64 16 67 78 47
8 46 29 70 62 32 66
8 47 28 48 13 29 44
8 48 5 39 64 78 38
8 49 66 20 81 69 44
9 10 78 62 20 70 95
9 11 95 93 29 57 75
9 12 74 47 70 29 42
9 13 44 71 33 82 48
9 14 1 28 80 5 70
9 15 67 74 83 43 79
9 16 86 23 30 87 24
9 17 90 77 66 67 37
9 18 23 24 14 23 55
9 19 77 89 16 44 25
9 20 70 57 21 54 72
9 21 52 77 59 72 29
9 22 5 56 60 47 22
9 23 23 69 80 41 59
9 24 33 51 8 66 33
9 25 24 65 69 38 74
9 26 63 78 40 23 82
9 27 26 38 72 75 67
9 28 85 35 48 84 28
9 29 92 33 26 70 58
9 30 15 54 77 46 29
9 31 67 20 49 22 54
9 32 86 58 21 64 18
9 33 88 23 97 65 44
9 34 83 23 30 56 63
9 35 80 38 36 21 67
9 36 3 8 35 6 66
9 37 33 24 48 26 39
9 38 57 49 52 44 57
9 39 57 42 81 24 28
9 40 31 70 7 66 12
9 41 4 38 13 30 53
9 42 92 51 50 46 33
9 43 75 39 55 91 94
9 44 71 30 32 29 71
9 45 92 92 21 42 32
9 46 29 73 48 58 29
9 47 32 62 45 10 64
9 48 63 44 46 16 58
9 49 38 54 44 77 69
10 11 13 80 68 81 53
10 12 86 92 77 36 47
10 13 73 29 89 52 75
10 14 52 29 18 50 70
10 15 24 63 52 29 79
10 16 49 67 80 64 81
10 17 80 84 64 21 63
10 18 71 32 33 82 52
10 19 4 18 3 27 27
10 20 24 6 79 14 10
10 21 13 48 73 77 4
10 22 72 54 25 41 38
10 23 89 54 49 50 57
10 24 83 48 51 23 55
10 25 26 44 43 36 27
10 26 68 57 51 46 63
10 27 33 65 34 69 21
10 28 83 60 60 92 75
10 29 62 64 43 45 31
10 30 20 75 77 81 65
10 31 41 69 24 53 66
10 32 53 20 11 38 72
10 33 77 21 73 51 63
10 34 34 31 56 30 18
10 35 77 48 18 16 34
10 36 28 21 45 18 33
10 37 4 33 11 66 31
10 38 76 75 22 81 88
10 39 20 75 56 29 45
10 40 20 57 78 71 63
10 41 69 50 73 71 91
10 42 35 86 13 8 34
10 43 99 42 65 75 55
10 44 12 33 43 70 60
10 45 82 73 87 87 93
10 46 77 34 18 33 80
10 47 79 45 75 60 30
10 48 7 65 17 3 72
10 49 3 70 77 21 65
11 12 93 34 73 91 76
11 13 40 27 67 23 12
11 14 62 62 92 46 65
11 15 82 42 42 54 67
11 16 0 61 35 1 56
11 17 23 28 28 60 30
11 18 78 43 25 36 58
11 19 39 85 57 56 17
11 20 16 79 8 43 45
11 21 37 13 40 48 25
11 22 74 85 61 24 65
11 23 39 85 57 50 66
11 24 72 35 62 28 53
11 25 44 61 77 18 39
11 26 77 51 28 94 39
11 27 56 42 27 31 61
11 28 34 38 65 73 11
11 29 72 70 54 52 68
11 30 21 50 21 77 19
11 31 88 18 75 43 77
11 32 51 11 42 17 58
11 33 49 40 67 10 17
11 34 0 57 70 15 0
11 35 63 21 84 48 70
11 36 29 22 25 74 36
11 37 96 70 72 67 96
11 38 75 88 46 76 90
11 39 79 53 85 89 32
11 40 63 15 16 46 75
11 41 30 67 19 48 59
11 42 15 16 12 47 77
11 43 18 40 25 71 81
11 44 93 32 27 56 49
11 45 16 17 34 36 27
11 46 28 30 24 36 18
11 47 27 45 8 10 56
11 48 44 59 75 35 70
11 49 96 91 84 89 32
12 13 96 98 70 84 95
12 14 12 56 75 15 63
12 15 0 67 72 53 14
12 16 49 66 14 56 77
12 17 13 50 54 58 59
12 18 26 82 30 64 68
12 19 52 80 20 73 28
12 20 99 62 68 95 80
12 21 46 57 86 81 86
12 22 57 84 22 14 85
12 23 59 82 32 43 49
12 24 45 35 69 42 86
12 25 73 80 23 35 78
12 26 57 71 69 43 70
12 27 4 14 51 58 31
12 28 44 23 55 49 24
12 29 89 80 22 97 23
12 30 99 41 81 54 37
12 31 85 24 78 27 41
12 32 57 59 84 21 36
12 33 17 16 56 23 15
12 34 80 70 24 48 56
12 35 42 85 56 47 20
12 36 52 49 36 73 22
12 37 76 35 27 21 64
12 38 29 40 73 55 84
12 39 10 27 40 8 76
12 40 20 34 55 28 77
12 41 82 20 20 49 23
12 42 93 71 37 69 23
12 43 79 88 71 19 31
12 44 3 55 21 70 74
12 45 89 56 31 59 18
12 46 86 44 32 79 21
12 47 87 64 66 22 70
12 48 83 21 28 27 67
12 49 19 77 31 64 32
13 14 0 18 59 43 2
13 15 92 57 31 53 79
13 16 73 92 66 87 83
13 17 48 19 10 37 82
13 18 4 72 5 40 28
13 19 83 29 96 43 53
13 20 73 76 42 45 34
13 21 58 67 34 43 41
13 22 84 41 67 90 83
13 23 62 26 24 62 20
13 24 77 20 16 27 82
13 25 6 36 23 69 8
13 26 37 65 44 75 42
13 27 17 55 74 10 69
13 28 7 40 74 75 42
13 29 40 73 38 21 41
13 30 10 78 46 63 71
13 31 21 12 5 9 60
13 32 48 71 9 43 74
13 33 24 9 5 32 83
13 34 25 46 5 13 8
13 35 36 21 55 35 38
13 36 70 71 48 62 41
13 37 6 63 36 43 53
13 38 0 34 30 63 37
13 39 81 88 55 75 89
13 40 81 71 82 28 43
13 41 0 57 10 58 63
13 42 32 69 48 38 8
13 43 90 46 74 62 79
13 44 32 54 56 43 72
13 45 40 60 61 70 23
13 46 48 20 82 78 20
13 47 60 62 12 39 22
13 48 24 56 39 36 70
13 49 78 69 62 60 51
14 15 43 74 12 31 36
14 16 92 96 34 19 90
14 17 27 8 25 55 76
14 18 53 36 32 39 73
14 19 60 27 13 85 74
14 20 51 53 84 40 38
14 21 83 49 79 94 29
14 22 61 40 49 20 63
14 23 76 19 69 39 41
14 24 19 38 14 70 15
14 25 89 93 94 23 39
14 26 18 61 17 57 68
14 27 84 45 80 43 93
14 28 48 60 24 45 30
14 29 48 72 39 64 45
14 30 63 48 16 74 49
14 31 71 60 17 17 33
14 32 47 78 77 28 48
14 33 98 30 33 67 31
14 34 69 21 47 16 47
14 35 82 45 63 59 64
14 36 87 91 31 83 77
14 37 44 32 74 11 9
14 38 16 74 36 19 70
14 39 9 9 61 36 45
14 40 98 26 79 95 43
14 41 73 87 83 75 68
14 42 99 94 89 41 97
14 43 92 44 52 93 93
14 44 64 73 64 17 21
14 45 7 7 61 30 51
14 46 72 43 77 55 30
14 47 40 58 43 16 51
14 48 86 53 63 77 62
14 49 0 28 18 61 19
15 16 97 55 84 25 32
15 17 65 19 76 19 50
15 18 44 73 18 14 10
15 19 79 49 76 39 55
15 20 96 21 34 78 68
15 21 38 67 21 49 48
15 22 47 50 14 73 45
15 23 99 67 82 97 90
15 24 60 46 49 64 12
15 25 56 42 52 27 43
15 26 15 28 45 25 22
15 27 60 80 27 72 34
15 28 85 94 43 54 36
15 29 36 8 74 10 43
15 30 88 64 18 52 89
15 31 50 39 78 85 66
15 32 38 60 87 12 67
15 33 92 42 44 65 28
15 34 36 50 32 65 73
15 35 50 58 26 40 16
15 36 6 26 53 80 48
15 37 75 92 19 31 62
15 38 52 30 90 35 61
15 39 21 13 36 27 62
15 40 26 76 25 29 51
15 41 21 53 40 8 72
15 42 59 27 16 77 13
15 43 78 27 80 55 92
15 44 29 82 17 72 68
15 45 38 13 71 19 63
15 46 46 36 84 54 60
15 47 57 37 67 34 30
15 48 90 83 21 44 66
15 49 84 83 49 78 81
16 17 21 73 55 78 35
16 18 69 56 59 19 33
16 19 47 70 81 35 65
16 20 9 2 10 24 42
16 21 27 13 11 22 51
16 22 18 74 59 52 65
16 23 44 25 70 14 10
16 24 56 61 11 66 60
16 25 39 60 58 61 22
16 26 6 70 17 34 69
16 27 33 85 11 68 19
16 28 93 51 50 39 38
16 29 72 72 48 58 45
16 30 28 72 35 6 12
16 31 67 42 52 32 65
16 32 78 53 38 85 43
16 33 35 49 54 37 36
16 34 21 11 78 31 81
16 35 40 42 69 77 37
16 36 88 55 21 67 63
16 37 24 31 82 32 59
16 38 22 67 16 57 78
16 39 15 16 44 23 48
16 40 45 23 77 87 37
16 41 47 38 79 67 61
16 42 76 82 70 43 21
16 43 51 48 80 61 58
16 44 63 36 84 44 25
16 45 80 31 90 24 47
16 46 60 50 63 72 56
16 47 1 21 6 66 15
16 48 58 40 83 16 42
16 49 71 25 42 15 23
17 18 31 74 57 82 76
17 19 71 33 83 78 41
17 20 98 68 83 97 67
17 21 42 85 81 83 29
17 22 78 94 20 53 21
17 23 59 86 19 57 66
17 24 4 5 55 48 32
17 25 37 28 38 79 28
17 26 92 31 42 32 46
17 27 40 35 68 74 22
17 28 5 49 28 70 75
17 29 34 23 82 26 14
17 30 2 35 11 14 45
17 31 90 22 50 88 63
17 32 38 35 25 81 40
17 33 24 78 81 37 81
17 34 79 40 87 24 84
17 35 62 44 32 55 89
17 36 34 34 79 61 52
17 37 54 66 16 17 47
17 38 37 64 54 35 47
17 39 67 23 38 90 48
17 40 15 3 10 71 6
17 41 98 86 78 40 76
17 42 0 55 61 70 71
17 43 6 68 31 48 71
17 44 23 44 54 77 21
17 45 4 34 9 7 17
17 46 24 74 19 72 41
17 47 62 78 43 37 57
17 48 48 32 40 59 89
17 49 26 77 76 69 85
18 19 42 80 53 42 49
18 20 4 56 26 16 8
18 21 81 36 93 31 89
18 22 98 85 92 28 70
18 23 59 83 72 52 50
18 24 60 33 48 16 49
18 25 93 24 78 42 60
18 26 54 65 85 26 65
18 27 27 47 40 76 27
18 28 89 44 72 24 42
18 29 6 75 43 21 1
18 30 33 27 16 76 42
18 31 7 66 12 76 57
18 32 74 34 78 94 57
18 33 12 4 63 18 50
18 34 59 41 49 65 84
18 35 38 27 54 60 22
18 36 33 60 62 32 49
18 37 79 67 27 46 68
18 38 32 81 52 72 26
18 39 67 22 76 79 72
18 40 17 43 38 64 10
18 41 79 65 82 16 49
18 42 30 49 40 69 81
18 43 65 88 43 58 67
18 44 25 63 77 31 25
18 45 34 59 38 23 11
18 46 90 71 67 30 31
18 47 89 52 27 29 19
18 48 53 15 71 37 90
18 49 9 41 62 54 74
19 20 72 47 89 75 72
19 21 67 42 67 74 13
19 22 31 47 13 59 41
19 23 89 74 92 93 69
19 24 57 67 69 63 28
19 25 76 94 18 86 76
19 26 39 33 65 85 62
19 27 34 71 21 47 79
19 28 23 9 15 76 28
19 29 50 76 23 34 24
19 30 88 90 38 23 78
19 31 24 37 30 6 10
19 32 44 34 29 28 60
19 33 70 34 86 60 50
19 34 3 47 47 69 15
19 35 85 89 32 54 46
19 36 70 22 27 34 33
19 37 8 18 32 55 14
19 38 63 16 38 49 79
19 39 88 51 91 96 26
19 40 68 21 70 22 45
19 41 29 7 23 80 13
19 42 93 93 90 28 93
19 43 86 86 32 39 37
19 44 41 45 84 25 25
19 45 2 24 13 68 45
19 46 73 58 90 68 79
19 47 42 65 63 8 85
19 48 99 28 36 98 67
19 49 27 64 11 26 60
20 21 48 86 60 28 60
20 22 56 41 58 40 36
20 23 80 24 95 37 87
20 24 94 48 72 48 44
20 25 13 64 64 17 7
20 26 43 23 52 24 36
20 27 52 77 70 27 86
20 28 67 39 62 76 19
20 29 29 10 73 78 57
20 30 14 58 67 37 60
20 31 67 64 60 17 30
20 32 21 36 40 5 48
20 33 15 18 33 77 29
20 34 80 45 76 34 94
20 35 90 65 50 31 61
20 36 11 56 58 9 70
20 37 53 66 29 56 79
20 38 91 90 49 56 19
20 39 2 50 20 58 76
20 40 91 88 62 58 19
20 41 23 14 45 75 56
20 42 54 50 89 81 15
20 43 26 70 63 80 34
20 44 34 37 34 49 60
20 45 14 33 66 25 48
20 46 82 48 50 70 63
20 47 51 40 71 49 25
20 48 34 83 44 83 25
20 49 8 16 71 24 15
21 22 17 81 30 19 70
21 23 93 37 39 77 37
21 24 41 49 42 71 77
21 25 10 49 2 71 28
21 26 87 39 22 60 55
21 27 54 59 63 55 32
21 28 7 8 79 1 66
21 29 99 21 72 91 90
21 30 36 39 27 73 64
21 31 94 86 89 49 39
21 32 86 48 35 40 96
21 33 32 12 45 34 58
21 34 39 12 46 27 61
21 35 6 4 20 71 41
21 36 41 83 78 38 69
21 37 4 1 61 31 37
21 38 82 77 93 59 29
21 39 53 77 77 67 17
21 40 93 85 44 40 70
21 41 50 76 19 45 68
21 42 28 7 67 70 79
21 43 72 90 71 45 76
21 44 1 30 74 78 2
21 45 48 84 83 14 33
21 46 7 21 47 74 25
21 47 2 28 78 8 21
21 48 98 22 30 28 72
21 49 65 57 27 75 81
22 23 54 34 66 40 63
22 24 88 34 28 46 79
22 25 77 47 51 46 39
22 26 77 93 66 91 83
22 27 25 71 59 50 51
22 28 95 91 91 87 45
22 29 45 69 12 80 29
22 30 10 13 20 61 19
22 31 89 70 66 23 64
22 32 11 45 76 3 46
22 33 18 23 67 59 56
22 34 61 68 83 32 17
22 35 85 79 89 60 89
22 36 29 65 62 9 21
22 37 67 52 48 69 81
22 38 5 19 67 60 44
22 39 42 34 46 77 47
22 40 72 59 52 40 84
22 41 27 42 65 24 67
22 42 78 46 43 64 58
22 43 81 77 95 94 19
22 44 58 13 88 35 16
22 45 29 57 37 42 27
22 46 8 1 46 15 50
22 47 54 71 30 33 54
22 48 82 56 79 96 29
22 49 16 13 66 68 35
23 24 87 63 94 33 81
23 25 77 37 28 20 66
23 26 30 73 67 17 15
23 27 78 75 28 50 87
23 28 21 35 50 54 72
23 29 95 56 51 95 97
23 30 10 47 68 27 67
23 31 24 28 5 55 82
23 32 30 8 45 42 46
23 33 53 43 60 76 79
23 34 59 37 80 77 47
23 35 41 11 61 60 87
23 36 13 50 81 55 66
23 37 38 18 76 29 84
23 38 57 23 90 27 48
23 39 56 34 82 21 17
23 40 9 28 66 24 48
23 41 63 48 23 41 26
23 42 0 0 64 60 24
23 43 39 35 87 71 40
23 44 4 4 70 53 8
23 45 99 50 83 33 94
23 46 28 45 22 6 11
23 47 54 29 69 75 66
23 48 68 25 93 25 18
23 49 95 81 82 92 73
24 25 70 61 22 49 51
24 26 77 84 88 90 83
24 27 17 29 81 68 52
24 28 38 66 35 84 68
24 29 51 52 19 61 50
24 30 0 27 79 38 29
24 31 67 51 50 38 91
24 32 10 8 51 14 66
24 33 86 79 61 64 72
24 34 47 32 70 80 56
24 35 42 87 84 56 11
24 36 4 12 43 32 4
24 37 58 23 27 66 50
24 38 47 67 27 73 44
24 39 28 71 38 8 8
24 40 73 19 30 67 77
24 41 85 20 73 43 33
24 42 58 31 89 37 19
24 43 20 68 12 83 33
24 44 97 26 34 40 52
24 45 52 59 32 26 83
24 46 24 6 72 71 78
24 47 31 57 78 63 72
24 48 20 37 29 19 62
24 49 50 25 36 38 82
25 26 32 72 60 63 35
25 27 46 23 71 38 15
25 28 30 59 48 30 16
25 29 51 45 90 89 30
25 30 44 31 46 34 63
25 31 82 44 86 56 19
25 32 42 35 31 60 8
25 33 44 43 41 64 79
25 34 17 81 40 10 38
25 35 69 27 46 91 53
25 36 94 89 55 61 85
25 37 80 78 33 77 91
25 38 90 83 83 30 35
25 39 26 81 38 46 20
25 40 51 24 89 80 75
25 41 57 80 11 48 39
25 42 46 26 87 12 12
25 43 47 48 80 19 43
25 44 78 27 43 50 24
25 45 80 23 44 82 36
25 46 43 77 77 33 78
25 47 57 79 37 69 80
25 48 25 63 17 78 69
25 49 35 84 11 25 10
26 27 49 21 40 12 25
26 28 36 62 74 24 9
26 29 86 27 21 73 60
26 30 58 37 21 43 60
26 31 49 57 37 69 61
26 32 74 54 87 72 72
26 33 62 45 41 54 44
26 34 5 49 23 60 23
26 35 10 9 73 58 18
26 36 94 24 80 35 91
26 37 2 18 54 57 79
26 38 58 72 60 17 66
26 39 61 17 13 49 39
26 40 61 74 13 13 59
26 41 49 82 58 49 43
26 42 58 82 23 84 82
26 43 60 46 75 70 54
26 44 32 35 27 33 51
26 45 26 60 66 37 52
26 46 1 43 3 77 14
26 47 3 66 15 26 45
26 48 27 48 75 76 23
26 49 24 46 29 65 56
27 28 57 46 57 86 48
27 29 51 41 14 21 32
27 30 73 79 67 41 70
27 31 70 30 20 59 88
27 32 57 56 33 16 25
27 33 58 14 73 78 38
27 34 66 49 87 27 60
27 35 35 37 70 60 72
27 36 8 70 13 68 39
27 37 69 18 56 58 90
27 38 45 17 53 82 34
27 39 1 63 70 25 57
27 40 88 64 23 91 32
27 41 88 87 75 80 31
27 42 34 7 83 35 63
27 43 99 23 92 36 96
27 44 14 74 62 63 34
27 45 4 51 32 14 36
27 46 32 73 54 72 29
27 47 69 61 40 38 65
27 48 15 19 16 17 16
27 49 83 34 71 31 18
28 29 22 66 26 11 42
28 30 63 58 76 73 34
28 31 96 92 77 51 50
28 32 94 72 49 41 36
28 33 16 18 56 57 17
28 34 14 67 12 25 70
28 35 29 42 24 11 33
28 36 96 51 59 54 68
28 37 18 23 73 25 41
28 38 69 35 51 35 31
28 39 55 90 68 48 17
28 40 94 56 69 86 43
28 41 98 89 50 79 82
28 42 52 56 76 52 49
28 43 88 18 78 89 45
28 44 44 64 34 71 55
28 45 8 10 24 74 62
28 46 43 49 30 66 43
28 47 49 82 33 42 72
28 48 11 3 5 40 29
28 49 92 25 91 39 93
29 30 6 39 31 81 24
29 31 19 16 57 14 27
29 32 63 92 29 83 60
29 33 18 24 22 48 24
29 34 12 21 79 33 39
29 35 72 26 52 49 92
29 36 50 88 11 57 11
29 37 43 76 59 65 61
29 38 16 43 12 81 62
29 39 30 26 24 53 36
29 40 63 63 17 40 25
29 41 71 34 39 52 41
29 42 46 39 84 66 16
29 43 69 51 15 62 39
29 44 63 46 29 85 81
29 45 37 33 52 85 79
29 46 22 7 53 40 36
29 47 60 21 51 56 60
29 48 46 82 28 27 24
29 49 47 77 65 57 66
30 31 46 26 42 66 87
30 32 6 30 12 37 79
30 33 58 58 14 87 20
30 34 10 32 6 38 80
30 35 4 37 43 51 38
30 36 68 92 52 21 39
30 37 18 65 35 35 77
30 38 0 23 75 38 20
30 39 37 14 14 31 58
30 40 81 36 74 28 88
30 41 66 75 28 90 64
30 42 34 52 46 72 42
30 43 89 35 83 31 69
30 44 25 73 51 20 7
30 45 0 19 2 56 34
30 46 70 76 41 69 53
30 47 20 11 28 36 26
30 48 51 55 47 88 77
30 49 9 59 23 10 48
31 32 18 18 77 43 49
31 33 31 70 47 10 17
31 34 62 54 30 82 62
31 35 61 72 82 69 91
31 36 18 56 55 6 8
31 37 58 37 74 65 37
31 38 14 38 52 7 25
31 39 1 25 15 28 65
31 40 14 69 23 27 35
31 41 19 46 54 70 80
31 42 34 84 24 40 47
31 43 50 11 50 82 35
31 44 42 42 24 21 26
31 45 34 55 53 38 60
31 46 59 16 75 75 22
31 47 45 79 10 87 18
31 48 23 81 21 45 9
31 49 77 88 81 15 35
32 33 73 63 42 64 26
32 34 41 58 60 52 51
32 35 83 20 92 35 31
32 36 44 84 19 55 50
32 37 90 52 93 23 79
32 38 34 72 46 60 72
32 39 30 72 17 12 30
32 40 57 75 80 81 13
32 41 97 58 37 64 50
32 42 88 19 33 50 18
32 43 83 82 18 23 48
32 44 90 79 70 93 46
32 45 10 32 9 30 36
32 46 54 23 35 44 52
32 47 62 76 66 37 43
32 48 10 43 50 16 10
32 49 17 37 59 43 45
33 34 8 15 69 12 58
33 35 66 78 93 15 15
33 36 92 38 50 23 29
33 37 54 76 74 40 35
33 38 34 11 51 63 16
33 39 14 48 7 66 56
33 40 91 92 57 69 19
33 41 95 86 67 50 69
33 42 99 48 38 96 53
33 43 7 71 46 52 31
33 44 65 87 92 40 90
33 45 45 86 70 48 14
33 46 27 65 34 38 79
33 47 40 23 22 68 22
33 48 23 83 43 40 46
33 49 43 62 47 16 15
34 35 52 71 52 89 43
34 36 63 70 35 43 51
34 37 73 85 48 59 77
34 38 64 53 85 53 80
34 39 53 35 19 56 51
34 40 16 68 44 82 63
34 41 51 88 73 45 48
34 42 76 63 78 89 61
34 43 43 57 73 51 26
34 44 41 33 60 82 82
34 45 10 77 31 56 21
34 46 73 22 55 49 88
34 47 65 78 92 29 23
34 48 86 62 91 81 20
34 49 52 24 47 17 39
35 36 5 10 10 62 52
35 37 98 52 75 93 91
35 38 49 18 40 52 58
35 39 29 54 52 58 42
35 40 64 54 76 57 52
35 41 4 36 67 65 37
35 42 74 69 71 61 80
35 43 48 77 87 25 14
35 44 20 36 42 57 43
35 45 17 47 52 18 69
35 46 10 16 7 24 7
35 47 74 85 44 21 86
35 48 19 16 5 30 27
35 49 54 26 13 83 17
36 37 74 44 20 70 32
36 38 13 42 63 66 72
36 39 77 94 79 87 24
36 40 77 36 40 90 37
36 41 17 5 63 73 75
36 42 53 72 18 61 59
36 43 9 42 20 28 42
36 44 91 58 66 71 93
36 45 60 39 60 89 46
36 46 55 45 16 19 33
36 47 42 24 88 66 14
36 48 82 87 44 56 30
36 49 34 40 54 22 14
37 38 51 28 57 27 74
37 39 20 83 8 76 5
37 40 26 71 7 49 25
37 41 2 59 18 25 56
37 42 0 41 52 64 79
37 43 26 21 62 9 40
37 44 19 21 24 50 37
37 45 39 20 19 15 44
37 46 91 41 65 77 58
37 47 67 68 33 39 65
37 48 93 83 28 28 60
37 49 53 35 39 51 30
38 39 61 88 37 52 23
38 40 83 20 39 87 55
38 41 10 64 10 63 51
38 42 83 73 55 46 38
38 43 46 73 29 52 28
38 44 34 48 67 84 50
38 45 88 77 56 36 96
38 46 64 26 56 24 85
38 47 81 75 84 71 39
38 48 68 56 89 42 65
38 49 22 17 52 10 59
39 40 18 17 76 24 71
39 41 38 77 37 12 74
39 42 13 15 64 46 59
39 43 38 18 79 31 69
39 44 39 76 20 81 27
39 45 59 29 32 14 34
39 46 16 35 59 55 68
39 47 3 58 79 28 23
39 48 57 88 70 25 20
39 49 51 22 17 55 45
40 41 93 46 89 19 92
40 42 74 19 64 59 45
40 43 38 9 68 82 29
40 44 58 16 31 51 67
40 45 87 26 89 81 29
40 46 37 49 28 70 26
40 47 21 83 40 67 41
40 48 19 38 16 59 83
40 49 82 17 41 34 34
41 42 58 43 20 47 82
41 43 65 30 43 86 54
41 44 4 58 42 41 73
41 45 8 9 13 75 35
41 46 52 26 27 85 85
41 47 25 73 37 74 5
41 48 18 21 56 12 28
41 49 14 34 29 6 15
42 43 55 11 20 44 39
42 44 9 62 81 16 45
42 45 29 44 82 11 39
42 46 98 91 33 86 63
42 47 78 49 69 79 16
42 48 35 8 61 66 72
42 49 32 80 81 58 21
43 44 62 23 52 17 38
43 45 85 25 55 88 64
43 46 49 58 37 10 49
43 47 93 36 87 46 26
43 48 29 81 39 62 71
43 49 25 50 55 71 60
44 45 78 63 68 69 55
44 46 15 60 61 77 79
44 47 45 85 80 58 86
44 48 31 59 19 10 45
44 49 19 8 5 69 65
45 46 40 73 38 38 85
45 47 90 51 22 51 87
45 48 86 65 85 87 18
45 49 82 92 95 56 94
46 47 17 31 26 31 73
46 48 34 61 34 58 69
46 49 30 27 76 53 6
47 48 89 69 70 63 67
47 49 1 20 43 45 30
48 49 0 23 70 38 45
