10 8
0 0.166667 0.166667 0.166667 0.166667 0.166667 0.166667 0 
0 1 37 43 35 43 40 40 36 43
0 2 44 41 38 43 48 45 41 48
0 3 96 87 91 93 89 82 92 87
0 4 92 87 84 80 90 86 92 80
0 5 24 28 29 25 28 29 31 25
0 6 75 78 71 73 77 65 74 68
0 7 10 16 13 12 23 9 21 10
0 8 87 84 84 82 81 79 77 77
0 9 4 15 11 9 15 10 9 11
1 2 4 8 7 5 10 14 16 12
1 3 26 29 31 25 35 34 25 35
1 4 62 63 63 64 64 67 60 53
1 5 26 37 34 33 25 27 28 31
1 6 82 78 74 78 74 81 81 85
1 7 36 32 37 34 33 45 35 32
1 8 51 53 50 50 56 56 44 56
1 9 92 81 92 87 88 82 80 83
2 3 51 53 58 55 48 47 48 53
2 4 10 10 14 13 9 17 16 15
2 5 44 41 47 37 48 45 48 48
2 6 70 73 65 59 70 69 69 63
2 7 37 46 43 40 39 45 43 34
2 8 96 90 85 83 96 92 83 84
2 9 25 24 35 25 33 33 23 35
3 4 27 37 37 24 23 37 31 23
3 5 78 80 73 70 79 74 79 78
3 6 48 42 52 42 52 49 48 48
3 7 90 84 85 87 78 90 88 80
3 8 26 33 26 23 28 22 35 27
3 9 84 78 84 79 80 81 75 83
4 5 90 88 86 85 82 87 87 83
4 6 77 79 66 70 77 68 68 80
4 7 15 22 18 25 15 26 27 18
4 8 90 86 83 81 84 76 77 78
4 9 82 82 74 73 73 71 75 82
5 6 52 57 49 44 50 56 47 57
5 7 37 36 37 47 46 39 34 37
5 8 37 32 43 45 46 35 37 45
5 9 94 87 82 86 88 87 93 84
6 7 4 13 14 9 14 9 16 13
6 8 44 51 39 39 44 44 38 45
6 9 36 36 32 35 32 36 44 44
7 8 94 85 93 86 86 90 91 87
7 9 54 60 56 57 48 58 50 60
8 9 15 21 12 24 24 24 26 23
