20 8
0 0 0 0.5 0.5 0 0 0 
0 1 4 16 31 31 33 27 55 54
0 2 13 30 37 7 32 16 3 67
0 3 27 15 71 76 51 54 65 43
0 4 84 86 61 90 25 32 32 43
0 5 23 34 74 84 12 64 19 19
0 6 66 38 13 64 72 91 32 79
0 7 84 77 25 96 25 20 90 46
0 8 46 45 25 36 86 12 14 32
0 9 52 59 65 38 19 57 35 41
0 10 65 36 41 87 87 69 27 43
0 11 7 20 7 53 30 30 11 59
0 12 96 95 62 44 92 31 60 37
0 13 27 31 17 18 60 48 29 57
0 14 84 31 50 18 82 25 55 30
0 15 58 48 15 46 20 30 44 25
0 16 47 31 27 17 55 36 80 81
0 17 43 12 13 36 63 69 85 82
0 18 58 77 62 26 79 30 21 67
0 19 53 37 60 41 41 74 29 68
1 2 37 72 42 56 47 24 9 80
1 3 33 24 35 11 59 50 12 64
1 4 30 68 46 12 27 40 30 59
1 5 20 36 47 22 6 41 76 70
1 6 24 71 50 24 80 78 84 50
1 7 32 69 54 84 71 71 84 70
1 8 61 84 70 89 90 14 17 51
1 9 0 21 9 31 56 64 18 23
1 10 12 39 24 78 21 34 68 57
1 11 66 78 27 22 49 81 61 64
1 12 61 33 40 62 63 53 43 30
1 13 58 26 32 28 45 68 37 55
1 14 63 71 90 12 13 14 21 25
1 15 32 45 8 55 16 53 55 14
1 16 33 48 56 69 53 68 24 57
1 17 23 45 20 75 63 52 73 51
1 18 51 63 27 73 16 22 85 22
1 19 15 29 12 48 73 40 52 26
2 3 40 54 13 35 12 55 25 82
2 4 26 31 59 67 71 48 57 63
2 5 70 24 72 29 54 15 57 44
2 6 94 41 42 74 46 47 29 30
2 7 20 26 50 65 15 33 73 35
2 8 98 58 82 68 44 58 96 49
2 9 62 74 88 91 71 92 36 49
2 10 61 37 46 54 88 88 47 24
2 11 39 74 68 74 48 40 83 77
2 12 95 40 92 48 59 45 64 30
2 13 82 50 23 54 62 81 54 93
2 14 80 61 87 19 90 66 89 29
2 15 55 71 23 36 18 82 16 12
2 16 80 73 93 91 44 25 93 18
2 17 58 56 86 34 73 21 23 44
2 18 68 20 68 39 29 53 45 91
2 19 12 39 67 44 35 55 78 20
3 4 8 1 7 68 66 75 66 19
3 5 54 47 67 28 19 52 77 58
3 6 21 7 82 67 5 9 77 10
3 7 38 48 21 55 83 9 52 83
3 8 31 84 47 46 67 14 14 10
3 9 65 90 33 48 85 25 90 38
3 10 85 65 41 85 90 41 83 68
3 11 55 39 71 47 70 26 24 90
3 12 4 35 49 60 4 34 80 58
3 13 25 56 79 58 62 10 84 69
3 14 98 61 92 34 67 34 27 66
3 15 25 23 28 31 30 22 12 14
3 16 43 61 75 78 31 80 60 21
3 17 45 70 64 32 77 69 9 82
3 18 73 70 45 46 67 90 82 83
3 19 37 70 72 12 18 15 82 69
4 5 71 66 30 49 33 37 31 30
4 6 30 37 29 11 81 81 14 26
4 7 33 45 24 39 63 40 43 7
4 8 66 72 16 23 46 38 66 86
4 9 81 44 61 74 78 95 84 39
4 10 66 71 78 54 47 93 42 25
4 11 9 34 2 31 66 30 61 67
4 12 90 43 26 87 44 57 74 31
4 13 9 74 10 18 50 8 10 22
4 14 42 54 72 79 19 40 29 50
4 15 16 25 82 11 32 73 22 60
4 16 1 13 70 43 64 12 17 23
4 17 62 57 39 40 25 47 25 91
4 18 11 80 10 39 31 14 23 37
4 19 88 75 18 61 22 23 65 82
5 6 18 54 25 10 82 36 41 81
5 7 15 77 21 57 38 26 34 22
5 8 83 63 93 63 51 91 89 95
5 9 75 35 28 73 28 65 77 82
5 10 6 22 24 6 35 11 54 4
5 11 28 85 82 13 18 84 24 62
5 12 21 74 77 47 75 71 33 42
5 13 18 29 46 75 17 57 26 38
5 14 84 85 89 26 47 62 58 93
5 15 9 49 71 12 35 40 42 25
5 16 13 63 78 26 51 35 63 13
5 17 44 36 18 85 25 83 73 46
5 18 2 26 5 5 76 5 58 28
5 19 18 68 63 65 8 23 13 18
6 7 80 81 27 72 24 83 40 52
6 8 68 16 86 25 88 34 41 33
6 9 93 32 66 55 97 94 37 90
6 10 62 48 63 52 41 31 42 91
6 11 77 54 40 23 23 68 38 93
6 12 20 7 45 34 38 7 55 23
6 13 26 57 60 64 40 83 84 57
6 14 93 26 94 57 23 32 93 18
6 15 38 85 28 61 26 57 84 83
6 16 21 63 45 10 23 54 21 40
6 17 56 62 59 85 22 50 86 59
6 18 78 40 48 81 75 86 41 20
6 19 45 33 65 28 42 75 57 44
7 8 42 37 72 39 67 65 66 71
7 9 32 26 6 33 39 75 19 60
7 10 78 83 62 35 76 59 64 84
7 11 81 94 79 64 37 71 63 61
7 12 53 70 14 30 48 65 89 23
7 13 69 75 82 29 54 42 43 36
7 14 40 58 56 24 70 76 80 70
7 15 49 88 51 55 25 20 70 35
7 16 95 72 46 43 49 36 23 85
7 17 44 49 84 53 77 56 24 31
7 18 96 93 23 93 62 51 61 60
7 19 70 18 92 85 86 21 91 26
8 9 38 33 75 31 67 22 53 15
8 10 15 57 38 75 26 27 18 69
8 11 30 48 7 82 58 11 41 21
8 12 93 58 50 83 57 83 68 89
8 13 90 78 67 87 24 80 96 29
8 14 58 86 15 80 48 73 43 14
8 15 96 39 32 21 93 42 78 63
8 16 19 72 66 39 37 41 79 64
8 17 82 47 29 55 44 71 68 60
8 18 38 45 52 77 83 30 23 55
8 19 11 25 59 32 70 56 53 80
9 10 37 46 42 45 63 17 84 52
9 11 11 32 9 17 48 67 58 47
9 12 35 53 75 67 52 76 17 35
9 13 85 26 69 88 83 66 74 65
9 14 57 71 37 50 11 19 48 67
9 15 34 40 66 19 62 55 20 36
9 16 85 67 96 79 76 63 45 24
9 17 67 45 80 66 91 83 39 87
9 18 61 55 76 33 50 23 43 68
9 19 2 80 60 4 42 61 41 47
10 11 86 39 71 57 49 26 47 21
10 12 65 75 61 65 88 91 59 40
10 13 33 78 78 78 85 80 82 17
10 14 80 26 71 72 58 53 27 16
10 15 2 73 27 1 58 34 68 56
10 16 43 54 56 53 38 85 41 71
10 17 15 47 23 68 19 25 57 73
10 18 76 30 85 36 37 53 52 54
10 19 63 80 38 61 26 50 32 41
11 12 27 10 40 17 66 32 66 15
11 13 52 45 82 65 31 82 43 11
11 14 44 42 29 10 13 35 49 74
11 15 77 28 78 71 35 55 38 30
11 16 39 56 84 13 12 61 86 50
11 17 59 34 53 82 90 64 29 45
11 18 17 13 15 40 65 55 35 53
11 19 26 59 40 16 78 51 17 81
12 13 83 58 67 46 44 69 84 21
12 14 94 29 78 87 28 95 30 83
12 15 60 31 53 36 46 47 64 12
12 16 20 74 47 76 62 30 25 4
12 17 7 59 52 56 72 26 1 70
12 18 97 79 25 19 74 67 93 30
12 19 84 42 70 26 69 47 38 72
13 14 17 55 5 53 75 59 57 70
13 15 7 58 26 38 60 13 44 77
13 16 48 54 89 12 89 14 79 24
13 17 42 76 77 72 39 56 79 50
13 18 67 39 31 87 77 63 45 82
13 19 82 56 45 31 78 94 86 57
14 15 79 23 48 35 90 89 79 60
14 16 31 25 30 44 19 80 59 32
14 17 35 76 68 68 9 53 26 14
14 18 62 25 68 90 55 53 42 73
14 19 57 15 17 59 71 82 88 69
15 16 72 75 51 36 41 27 72 26
15 17 96 43 28 45 84 53 38 30
15 18 95 33 66 74 89 52 61 72
15 19 75 88 36 39 31 29 37 86
16 17 16 20 67 64 57 70 72 49
16 18 7 12 68 61 41 37 75 8
16 19 63 90 31 89 31 67 85 13
17 18 96 78 56 23 51 32 81 24
17 19 37 70 61 82 54 24 22 73
18 19 59 18 49 60 71 86 81 24
