27 8
0 0 0.25 0.25 0.25 0.25 0 0 
0 1 78 79 76 78 69 75 79 73
0 2 21 29 19 23 23 20 26 19
0 3 97 90 93 90 92 88 90 90
0 4 20 21 28 17 27 26 29 23
0 5 53 59 46 58 55 57 51 56
0 6 23 23 24 34 21 33 29 24
0 7 43 49 40 39 47 46 39 40
0 8 15 16 17 26 17 24 14 16
0 9 15 24 16 18 22 17 24 20
0 10 12 23 10 21 15 20 18 13
0 11 55 48 53 54 60 47 60 52
0 12 83 81 79 73 77 82 73 73
0 13 22 19 28 23 29 30 29 20
0 14 63 58 67 58 63 63 62 58
0 15 81 72 75 82 83 82 81 82
0 16 51 44 44 56 44 50 57 52
0 17 21 24 32 21 18 18 18 25
0 18 76 80 71 75 69 68 68 66
0 19 66 70 61 62 61 61 71 57
0 20 7 12 20 14 6 18 13 6
0 21 80 79 70 73 82 74 83 81
0 22 96 96 91 86 88 83 82 96
0 23 86 74 83 83 76 79 78 88
0 24 10 15 14 22 22 16 21 14
0 25 58 50 59 56 51 62 53 59
0 26 42 41 42 36 46 49 42 45
1 2 48 49 52 53 43 51 46 46
1 3 56 51 61 59 50 51 53 49
1 4 47 41 51 42 41 44 54 48
1 5 21 27 28 28 32 18 28 25
1 6 15 21 21 18 26 23 23 19
1 7 44 49 46 38 38 48 43 52
1 8 29 28 25 32 37 35 32 33
1 9 21 30 33 32 27 19 20 22
1 10 65 59 57 56 68 58 67 57
1 11 65 70 68 69 56 60 56 69
1 12 36 40 31 35 38 35 45 36
1 13 76 71 78 67 69 78 69 77
1 14 26 27 23 24 31 31 33 27
1 15 65 56 68 68 60 70 69 70
1 16 48 55 50 47 41 54 43 50
1 17 14 19 15 25 19 17 22 22
1 18 26 23 27 30 31 36 31 37
1 19 33 41 30 35 32 30 37 43
1 20 53 48 56 48 48 56 49 46
1 21 36 34 35 36 45 45 32 44
1 22 76 72 72 74 73 70 71 75
1 23 94 90 88 93 83 90 85 84
1 24 88 75 80 78 78 80 86 80
1 25 94 85 81 85 94 86 87 85
1 26 46 49 49 49 46 51 50 53
2 3 70 68 64 64 63 64 70 66
2 4 78 71 71 69 71 70 76 74
2 5 1 8 12 7 7 7 4 9
2 6 64 64 66 68 59 55 60 68
2 7 29 29 29 26 24 30 36 26
2 8 69 66 63 71 72 63 59 74
2 9 77 72 70 74 73 73 70 80
2 10 9 17 17 9 22 22 12 14
2 11 35 36 30 29 41 38 39 36
2 12 14 22 13 19 17 17 23 18
2 13 54 60 49 53 48 49 52 49
2 14 35 39 40 35 32 41 37 31
2 15 20 18 24 31 25 31 21 22
2 16 7 11 12 16 14 12 15 17
2 17 0 7 5 10 5 2 1 5
2 18 28 25 36 33 28 32 38 26
2 19 46 46 48 41 41 39 43 52
2 20 76 74 77 76 65 74 68 74
2 21 18 27 22 18 25 30 16 21
2 22 61 61 54 54 52 58 63 61
2 23 86 87 80 78 75 80 73 81
2 24 8 13 12 11 14 18 18 8
2 25 70 62 71 71 71 64 74 64
2 26 98 97 85 83 92 87 92 84
3 4 8 21 13 10 14 8 10 20
3 5 91 86 92 92 84 78 80 81
3 6 55 55 54 59 61 49 56 49
3 7 96 93 96 89 92 95 83 85
3 8 26 24 26 25 33 23 27 27
3 9 2 13 11 2 10 5 15 12
3 10 28 35 24 39 31 33 36 30
3 11 96 87 89 94 95 92 94 84
3 12 4 8 15 14 17 11 6 7
3 13 73 62 70 74 70 73 64 74
3 14 48 48 43 48 47 53 54 54
3 15 28 28 24 33 32 24 37 36
3 16 34 29 43 43 30 42 34 40
3 17 97 86 88 95 97 84 86 93
3 18 21 21 24 31 29 24 32 32
3 19 42 37 49 40 46 40 41 38
3 20 81 73 78 70 83 80 72 80
3 21 51 57 46 48 50 46 44 54
3 22 50 54 51 45 55 47 54 48
3 23 4 18 18 15 5 4 12 9
3 24 60 66 57 64 57 62 55 53
3 25 77 76 80 70 77 71 69 71
3 26 70 63 68 73 73 69 62 66
4 5 42 44 45 44 47 49 42 42
4 6 30 32 28 29 33 36 37 41
4 7 59 61 59 51 55 58 56 55
4 8 35 35 39 43 35 39 38 44
4 9 7 11 6 15 7 15 8 13
4 10 8 11 12 11 18 8 11 12
4 11 27 33 34 30 32 33 24 37
4 12 85 86 84 73 78 74 87 73
4 13 21 32 32 25 27 32 19 19
4 14 76 79 65 66 67 73 79 75
4 15 94 94 88 84 80 90 90 82
4 16 18 26 26 17 24 21 18 18
4 17 8 8 22 7 14 14 21 10
4 18 61 64 66 56 57 66 67 55
4 19 55 49 59 51 54 58 62 59
4 20 64 64 62 64 67 62 60 61
4 21 80 81 76 74 75 76 77 68
4 22 89 83 90 85 87 82 79 88
4 23 64 59 66 56 61 56 64 59
4 24 32 35 36 38 32 32 40 30
4 25 42 37 36 45 49 46 47 37
4 26 92 80 83 86 88 79 92 90
5 6 53 53 59 56 49 57 53 48
5 7 84 73 79 83 78 82 74 75
5 8 12 21 19 18 20 25 14 10
5 9 16 20 25 20 20 21 22 28
5 10 67 58 71 62 60 61 69 69
5 11 60 62 59 64 59 61 55 53
5 12 51 47 54 54 49 47 46 46
5 13 25 23 32 34 22 29 36 35
5 14 74 70 66 65 68 77 65 63
5 15 32 29 39 40 32 36 41 27
5 16 60 58 60 59 55 64 59 66
5 17 96 94 83 83 93 90 85 96
5 18 47 41 46 48 42 51 54 54
5 19 89 78 82 90 83 84 85 84
5 20 15 16 25 14 13 23 19 27
5 21 5 15 18 10 8 14 16 13
5 22 57 58 60 49 52 56 54 57
5 23 18 25 23 24 16 18 24 27
5 24 31 32 41 36 35 28 40 30
5 25 95 93 83 91 88 85 85 95
5 26 97 84 93 97 94 85 87 88
6 7 92 82 80 83 78 82 86 92
6 8 13 12 18 23 18 17 14 20
6 9 81 81 77 73 72 70 71 69
6 10 63 55 62 56 68 54 58 67
6 11 63 59 65 66 53 63 63 54
6 12 33 35 35 34 42 39 37 32
6 13 90 78 78 79 87 90 81 80
6 14 38 41 45 35 40 34 42 37
6 15 77 80 72 80 75 70 67 73
6 16 45 42 40 52 53 52 48 40
6 17 70 62 63 65 63 72 64 60
6 18 51 52 56 52 48 54 44 53
6 19 63 63 60 60 60 55 56 65
6 20 60 62 64 52 65 57 59 59
6 21 44 40 38 47 46 51 42 43
6 22 85 79 74 85 80 75 87 81
6 23 2 3 2 12 16 15 6 10
6 24 76 71 68 65 68 66 72 70
6 25 16 25 18 26 27 22 22 15
6 26 14 13 22 19 23 19 12 13
7 8 12 21 16 16 13 14 12 21
7 9 51 58 58 56 54 46 49 47
7 10 6 18 16 16 19 18 19 19
7 11 35 42 36 41 34 31 34 31
7 12 0 12 13 2 3 10 13 13
7 13 63 65 54 56 66 58 63 56
7 14 20 31 29 30 18 30 20 22
7 15 32 28 32 30 35 37 42 36
7 16 62 60 56 61 54 66 61 59
7 17 49 46 44 48 55 43 53 54
7 18 69 61 60 68 61 59 72 72
7 19 97 94 97 88 94 89 89 89
7 20 88 85 75 87 83 85 86 80
7 21 36 43 42 38 43 32 38 35
7 22 11 12 15 10 23 17 15 14
7 23 33 39 28 41 41 30 36 33
7 24 48 48 45 43 47 47 53 42
7 25 7 19 19 18 19 20 7 12
7 26 15 20 25 23 15 14 14 21
8 9 53 47 52 54 52 52 50 52
8 10 59 63 55 57 53 55 60 51
8 11 51 48 43 44 52 50 43 53
8 12 5 8 6 12 16 14 12 19
8 13 93 91 83 92 91 84 89 85
8 14 66 66 64 57 68 70 68 60
8 15 54 59 54 48 49 47 53 53
8 16 24 31 21 31 24 24 35 26
8 17 40 42 47 44 41 47 36 49
8 18 85 86 84 75 75 87 76 82
8 19 65 70 65 56 62 67 56 57
8 20 87 75 85 79 85 80 79 83
8 21 62 63 60 62 56 53 63 56
8 22 18 17 25 18 20 16 25 21
8 23 51 48 54 46 48 53 54 49
8 24 81 84 70 71 78 75 72 79
8 25 70 68 66 71 69 59 64 66
8 26 62 54 65 60 67 64 58 66
9 10 65 69 56 59 57 66 61 63
9 11 25 30 28 34 27 26 22 22
9 12 67 69 64 60 72 63 57 66
9 13 96 95 95 96 83 90 82 95
9 14 78 81 72 80 69 66 71 74
9 15 55 60 54 54 61 53 62 47
9 16 71 64 69 62 64 68 68 65
9 17 18 21 24 26 21 23 25 25
9 18 16 22 18 24 17 17 19 27
9 19 58 51 51 56 57 53 52 57
9 20 97 84 94 85 92 84 85 87
9 21 49 50 52 49 42 55 50 50
9 22 10 23 20 23 19 14 15 14
9 23 51 45 56 55 46 46 57 51
9 24 92 82 80 82 87 85 86 83
9 25 25 34 26 30 22 27 25 25
9 26 50 53 43 50 43 51 45 49
10 11 97 84 86 96 96 85 94 91
10 12 3 9 6 5 7 4 7 5
10 13 42 42 42 44 41 36 42 36
10 14 28 36 38 28 36 39 34 25
10 15 94 86 81 93 89 88 81 83
10 16 83 71 85 74 75 76 81 82
10 17 28 29 35 25 29 30 30 27
10 18 66 63 66 60 67 58 64 62
10 19 61 54 60 61 63 53 66 66
10 20 40 47 43 46 36 45 35 47
10 21 6 10 13 12 13 7 10 5
10 22 6 17 9 7 17 12 6 8
10 23 66 70 59 62 62 66 62 61
10 24 21 23 29 21 20 21 23 31
10 25 6 17 14 6 13 18 19 13
10 26 34 31 36 40 39 36 35 32
11 12 82 71 80 71 80 75 79 75
11 13 22 30 28 27 29 19 24 21
11 14 89 81 81 89 90 77 86 85
11 15 53 58 51 49 57 58 51 49
11 16 98 95 87 98 84 95 84 85
11 17 16 22 18 16 15 27 26 24
11 18 23 25 25 23 28 27 28 30
11 19 5 7 12 17 19 19 18 7
11 20 19 28 27 21 23 27 23 24
11 21 43 41 51 45 43 43 39 40
11 22 29 29 36 37 25 30 26 32
11 23 90 79 77 80 82 84 80 81
11 24 9 18 21 17 8 17 19 11
11 25 60 56 60 66 61 61 54 58
11 26 99 91 89 96 96 99 96 98
12 13 11 11 13 11 21 22 14 23
12 14 49 54 43 53 55 54 42 47
12 15 75 74 77 68 73 67 78 69
12 16 71 72 68 72 72 62 67 65
12 17 40 47 34 36 49 45 34 38
12 18 24 21 32 27 23 31 36 29
12 19 38 45 46 44 47 36 33 34
12 20 44 38 50 42 48 40 41 48
12 21 61 62 60 53 64 59 61 53
12 22 97 95 96 92 91 88 86 93
12 23 93 89 91 84 94 86 89 94
12 24 14 22 18 20 16 20 13 22
12 25 23 33 21 34 23 30 34 28
12 26 83 76 74 75 85 72 83 74
13 14 95 87 92 81 89 85 86 87
13 15 25 22 26 30 28 23 29 33
13 16 66 59 70 70 69 65 68 61
13 17 64 59 64 69 58 58 62 66
13 18 67 58 64 68 61 57 66 65
13 19 53 58 48 57 56 47 50 47
13 20 90 91 89 86 77 81 87 82
13 21 47 49 46 49 51 53 54 54
13 22 56 57 61 51 54 62 53 54
13 23 51 48 43 45 50 50 48 52
13 24 25 26 29 32 31 29 28 31
13 25 29 32 37 32 30 28 31 30
13 26 34 43 41 30 40 31 35 30
14 15 55 49 60 59 59 61 52 54
14 16 58 54 55 59 56 56 54 60
14 17 22 21 29 28 28 19 26 28
14 18 18 18 25 20 29 26 22 23
14 19 64 56 55 56 64 61 63 66
14 20 37 36 32 45 37 34 42 35
14 21 46 43 51 50 52 44 47 39
14 22 61 56 65 63 56 62 62 64
14 23 92 93 82 79 79 92 83 81
14 24 38 37 36 33 40 47 37 38
14 25 1 12 3 4 7 6 14 16
14 26 42 39 37 45 45 45 49 40
15 16 0 12 11 3 7 3 1 0
15 17 81 84 82 73 72 78 71 74
15 18 21 32 21 27 29 18 20 29
15 19 59 60 65 55 64 59 64 51
15 20 9 22 23 11 18 10 13 16
15 21 77 77 69 66 80 67 78 79
15 22 62 53 55 54 58 58 57 58
15 23 50 51 47 46 54 51 53 43
15 24 23 32 20 26 31 34 24 31
15 25 61 66 53 63 65 66 63 64
15 26 35 37 33 35 43 36 32 44
16 17 29 38 40 28 31 36 32 33
16 18 67 60 63 70 72 68 72 59
16 19 85 87 75 77 83 84 77 86
16 20 60 51 66 62 65 59 54 56
16 21 36 44 42 36 31 35 41 31
16 22 17 22 17 19 28 26 20 15
16 23 73 63 75 71 68 73 67 66
16 24 20 31 22 21 28 31 17 25
16 25 90 88 88 84 83 90 77 88
16 26 38 45 36 34 35 39 37 34
17 18 43 38 38 43 43 43 50 51
17 19 40 43 36 41 36 35 39 49
17 20 15 27 16 21 23 13 19 24
17 21 96 89 91 82 91 90 94 87
17 22 50 57 46 51 51 57 51 55
17 23 67 58 63 61 61 70 69 57
17 24 1 3 5 4 15 15 13 14
17 25 42 36 46 40 42 39 44 46
17 26 19 20 22 31 25 25 18 21
18 19 60 59 53 62 61 53 53 59
18 20 17 20 29 25 21 16 17 19
18 21 0 13 3 3 11 1 12 8
18 22 71 69 70 65 75 67 61 66
18 23 35 35 44 42 38 36 35 40
18 24 39 42 37 36 34 45 44 34
18 25 68 60 65 58 58 71 58 58
18 26 30 37 34 39 34 36 39 34
19 20 70 67 62 73 72 62 73 72
19 21 81 75 78 73 76 82 74 74
19 22 38 46 45 43 33 37 34 40
19 23 44 51 41 51 43 41 42 40
19 24 65 70 60 57 65 62 66 70
19 25 41 41 42 39 45 48 39 46
19 26 1 12 11 4 2 9 13 8
20 21 60 55 58 59 61 51 61 55
20 22 86 82 83 78 86 74 78 80
20 23 40 35 36 39 39 38 35 46
20 24 30 26 32 32 31 38 37 36
20 25 65 59 60 59 62 60 63 66
20 26 58 58 56 62 62 57 50 60
21 22 31 41 28 34 41 27 39 38
21 23 17 23 21 26 25 27 16 21
21 24 18 20 28 25 24 29 25 21
21 25 94 82 87 90 82 88 90 87
21 26 30 40 32 37 29 37 33 40
22 23 28 26 38 31 35 32 33 28
22 24 27 28 29 23 37 36 25 33
22 25 72 69 68 70 65 74 66 74
22 26 72 65 64 73 65 69 74 62
23 24 98 85 84 90 92 98 91 98
23 25 87 83 81 81 78 81 87 84
23 26 60 66 65 62 58 53 61 60
24 25 35 38 30 34 31 33 34 33
24 26 84 82 81 73 76 81 85 73
25 26 4 8 6 14 9 12 12 12
