38 8
0 0 0.25 0.25 0.25 0.25 0 0 
0 1 66 64 65 33 35 52 81 34
0 2 81 70 88 51 41 60 58 59
0 3 0 49 34 10 29 0 17 4
0 4 29 56 19 28 43 48 30 16
0 5 61 59 33 34 76 79 45 74
0 6 25 25 35 24 20 13 35 54
0 7 1 18 12 9 41 17 17 3
0 8 8 40 5 7 30 24 43 36
0 9 24 31 26 19 39 51 14 41
0 10 79 69 50 83 49 65 84 63
0 11 10 38 20 32 51 19 15 22
0 12 77 72 53 60 54 87 77 88
0 13 59 75 49 71 63 43 31 58
0 14 25 29 58 25 60 20 43 53
0 15 20 47 53 41 35 12 26 21
0 16 51 60 33 36 54 49 42 51
0 17 96 51 85 69 73 81 89 54
0 18 22 14 35 57 18 33 57 11
0 19 88 80 47 60 86 74 76 86
0 20 3 4 8 16 12 41 47 23
0 21 82 52 67 71 54 47 42 80
0 22 65 40 81 44 82 69 77 57
0 23 91 62 81 48 51 56 68 56
0 24 67 74 40 77 82 67 67 77
0 25 36 66 56 41 42 22 52 40
0 26 91 77 94 74 65 83 84 53
0 27 32 21 63 55 22 21 36 53
0 28 26 35 22 50 57 59 45 35
0 29 2 33 1 24 29 30 17 23
0 30 84 70 64 91 54 75 91 47
0 31 9 16 18 14 28 37 47 44
0 32 80 60 76 47 88 68 49 42
0 33 40 30 29 56 59 46 63 59
0 34 30 42 53 60 64 52 40 46
0 35 91 59 81 84 80 62 46 66
0 36 52 32 29 47 39 40 45 52
0 37 45 34 68 46 68 36 67 41
1 2 97 58 59 50 77 94 64 73
1 3 41 37 56 69 31 24 22 57
1 4 15 42 24 38 16 50 9 19
1 5 94 72 60 59 93 68 70 62
1 6 53 76 76 74 36 65 50 61
1 7 55 30 34 77 34 59 66 75
1 8 93 68 92 65 79 64 76 62
1 9 59 75 65 34 35 61 64 44
1 10 31 48 23 55 19 62 60 29
1 11 15 40 36 46 36 45 42 27
1 12 80 89 81 71 48 68 71 79
1 13 69 54 61 41 67 37 53 42
1 14 47 26 54 53 29 63 58 28
1 15 94 94 85 85 84 75 89 90
1 16 36 22 35 23 56 35 32 67
1 17 26 25 58 39 46 43 13 58
1 18 71 76 73 46 71 82 64 48
1 19 13 29 49 49 24 23 19 41
1 20 29 56 53 62 52 44 42 23
1 21 58 48 57 38 36 76 63 45
1 22 79 74 48 47 63 86 50 49
1 23 22 32 42 46 32 16 32 24
1 24 50 45 60 70 59 57 53 44
1 25 77 42 51 68 88 64 73 41
1 26 83 46 81 87 75 74 56 56
1 27 67 70 61 43 36 43 50 61
1 28 21 15 56 28 55 56 29 48
1 29 69 41 48 63 56 44 84 41
1 30 12 44 36 39 31 34 36 33
1 31 74 62 55 70 49 74 56 61
1 32 93 66 57 50 94 71 53 60
1 33 81 79 54 73 72 71 88 71
1 34 93 92 50 84 78 85 60 60
1 35 93 82 94 63 55 72 62 63
1 36 57 36 29 73 59 76 61 54
1 37 77 61 84 61 57 45 48 68
2 3 91 71 72 67 83 48 67 49
2 4 17 38 37 26 37 9 14 8
2 5 95 56 70 73 86 87 72 56
2 6 86 83 72 66 69 43 72 82
2 7 14 34 14 44 22 25 19 13
2 8 17 50 28 19 25 46 49 31
2 9 22 15 51 47 43 40 13 57
2 10 64 57 73 61 69 78 77 39
2 11 92 85 70 79 78 80 76 76
2 12 7 31 33 20 29 50 7 19
2 13 57 51 44 45 39 61 56 58
2 14 32 39 24 36 58 21 39 47
2 15 45 25 56 31 23 55 51 27
2 16 35 32 38 23 40 28 18 28
2 17 25 17 53 47 16 49 21 51
2 18 47 40 60 48 27 64 48 46
2 19 59 49 55 40 50 74 69 62
2 20 16 26 13 57 9 56 27 27
2 21 36 40 19 54 57 18 36 62
2 22 56 71 59 68 44 52 57 48
2 23 40 63 51 28 51 53 59 25
2 24 36 56 44 28 67 37 48 35
2 25 39 21 53 23 23 50 37 65
2 26 7 4 34 39 11 48 18 37
2 27 69 56 72 39 71 49 81 47
2 28 69 43 50 41 77 64 50 49
2 29 67 39 81 52 74 68 68 41
2 30 86 79 51 77 84 47 54 79
2 31 98 92 58 75 83 89 91 73
2 32 36 67 34 59 42 64 40 68
2 33 55 73 56 29 62 31 54 77
2 34 8 8 47 47 53 13 43 33
2 35 54 66 67 74 30 31 58 45
2 36 22 31 34 43 42 48 35 53
2 37 20 34 59 46 30 32 32 11
3 4 38 20 60 32 24 48 28 53
3 5 32 66 45 65 20 64 37 34
3 6 10 8 54 28 19 25 25 49
3 7 57 57 66 67 76 38 45 75
3 8 63 64 33 31 37 78 81 76
3 9 76 87 57 68 86 67 39 55
3 10 84 62 82 55 69 67 62 66
3 11 99 58 57 85 91 73 51 66
3 12 24 48 37 24 54 54 23 18
3 13 59 68 33 58 50 37 38 48
3 14 94 70 65 84 58 62 49 69
3 15 65 58 78 46 54 37 37 47
3 16 6 34 8 34 36 39 27 46
3 17 15 25 27 33 35 26 32 23
3 18 42 27 38 51 66 54 38 30
3 19 2 41 43 37 37 48 13 46
3 20 85 67 68 71 89 87 62 82
3 21 83 63 77 60 80 77 78 75
3 22 29 57 49 54 15 52 57 18
3 23 30 15 40 34 33 40 45 55
3 24 57 44 55 54 61 58 35 68
3 25 60 59 40 80 43 70 79 79
3 26 59 36 71 35 66 71 77 68
3 27 49 31 34 29 52 28 68 36
3 28 74 39 72 54 56 68 51 54
3 29 97 66 65 48 85 84 94 77
3 30 37 58 54 64 39 31 19 58
3 31 23 30 51 26 54 18 42 28
3 32 40 38 50 20 35 48 59 24
3 33 18 51 54 34 56 37 54 38
3 34 14 35 52 34 22 55 41 18
3 35 17 12 30 38 10 12 16 21
3 36 89 62 76 60 48 90 62 77
3 37 86 68 62 57 75 54 79 89
4 5 93 54 75 64 64 79 93 78
4 6 18 18 28 42 26 9 14 35
4 7 63 52 42 63 34 32 40 35
4 8 89 62 74 60 66 73 57 55
4 9 52 27 73 52 42 68 47 47
4 10 97 78 55 53 96 92 75 49
4 11 63 43 68 58 71 68 75 72
4 12 90 49 91 59 86 85 60 86
4 13 35 32 20 51 33 53 48 53
4 14 83 66 70 61 52 89 74 45
4 15 93 67 85 76 71 51 62 87
4 16 82 83 52 84 56 82 77 81
4 17 31 34 35 54 58 16 40 26
4 18 63 45 58 52 37 58 79 66
4 19 50 43 58 36 72 61 30 44
4 20 36 54 54 22 49 38 42 21
4 21 39 62 53 41 22 40 67 24
4 22 13 54 28 33 7 17 15 37
4 23 48 69 65 54 49 69 38 46
4 24 26 27 28 24 51 57 22 54
4 25 86 83 70 48 69 78 93 55
4 26 11 21 23 33 25 21 48 40
4 27 36 50 29 49 27 39 45 64
4 28 63 32 76 75 53 70 32 70
4 29 35 31 27 67 51 39 58 57
4 30 47 69 26 66 62 32 38 38
4 31 93 70 57 81 58 68 66 48
4 32 80 44 48 58 74 72 89 79
4 33 35 29 18 44 59 45 35 57
4 34 22 56 17 55 13 58 33 14
4 35 68 70 74 68 79 52 37 64
4 36 44 54 67 66 44 64 26 26
4 37 69 58 41 45 67 56 66 63
5 6 48 71 32 27 57 47 73 69
5 7 81 57 46 79 62 83 77 70
5 8 59 69 47 49 36 51 67 73
5 9 34 51 22 60 29 47 43 36
5 10 25 56 56 41 32 25 21 26
5 11 40 35 46 69 32 59 28 35
5 12 93 55 52 89 62 90 79 49
5 13 76 69 78 71 62 63 49 57
5 14 94 75 79 97 91 48 78 49
5 15 13 12 36 14 54 40 40 47
5 16 58 48 42 39 39 75 32 33
5 17 76 85 48 41 48 62 45 41
5 18 33 60 58 38 59 56 35 57
5 19 7 7 46 28 47 38 42 32
5 20 43 49 46 57 46 26 64 71
5 21 31 36 43 25 29 58 43 17
5 22 25 29 14 41 25 25 55 28
5 23 72 74 45 80 42 47 59 42
5 24 97 62 67 57 90 87 63 65
5 25 79 44 42 88 48 42 60 44
5 26 89 87 76 86 78 70 57 73
5 27 83 69 52 68 50 72 88 80
5 28 68 71 43 51 75 42 73 57
5 29 68 67 43 39 70 69 60 61
5 30 59 64 64 34 46 45 56 59
5 31 17 29 44 44 20 15 20 40
5 32 61 62 67 57 64 38 45 39
5 33 58 61 65 39 78 36 57 42
5 34 37 22 22 50 57 35 36 68
5 35 96 96 75 97 67 52 58 77
5 36 4 26 51 31 6 46 3 5
5 37 93 67 79 66 95 75 80 54
6 7 50 50 33 60 45 64 59 51
6 8 23 34 28 53 53 13 28 23
6 9 5 19 19 28 5 51 31 27
6 10 20 47 60 52 43 41 31 49
6 11 70 51 78 61 50 84 49 78
6 12 41 38 29 64 21 28 36 25
6 13 94 60 57 96 95 57 90 71
6 14 43 37 54 48 38 49 41 69
6 15 2 37 44 9 9 25 13 31
6 16 55 68 28 28 28 53 62 67
6 17 25 37 18 54 48 37 23 31
6 18 80 53 64 74 54 72 53 47
6 19 4 3 12 47 30 43 45 11
6 20 96 91 84 51 55 68 53 56
6 21 48 63 68 44 60 29 60 42
6 22 11 23 53 45 17 29 22 21
6 23 99 72 94 55 84 67 67 58
6 24 59 51 72 39 35 38 76 72
6 25 25 36 24 42 58 50 55 15
6 26 38 63 51 57 64 42 48 53
6 27 86 60 54 86 71 74 84 79
6 28 53 29 73 71 49 68 50 50
6 29 42 52 61 60 34 24 55 63
6 30 82 67 57 44 59 47 64 45
6 31 13 44 55 35 43 38 40 53
6 32 4 3 31 51 16 51 21 51
6 33 5 22 41 45 45 36 14 42
6 34 38 46 65 29 37 42 50 51
6 35 21 23 12 50 16 15 28 57
6 36 90 53 68 64 61 52 51 51
6 37 4 30 41 13 46 15 39 4
7 8 37 60 28 57 52 52 51 44
7 9 6 32 44 35 5 14 12 25
7 10 53 33 40 74 46 30 60 67
7 11 35 61 53 49 27 23 57 36
7 12 71 76 57 81 58 67 46 57
7 13 20 25 47 26 21 35 32 17
7 14 34 58 61 44 22 25 37 25
7 15 31 56 30 53 62 58 49 29
7 16 6 47 24 15 23 40 19 26
7 17 1 12 9 7 42 21 37 21
7 18 93 63 63 78 52 74 79 94
7 19 38 66 47 23 61 55 66 55
7 20 4 25 13 5 32 35 49 6
7 21 79 56 87 70 56 71 85 47
7 22 26 24 23 55 14 40 30 59
7 23 13 9 42 7 45 17 32 56
7 24 73 66 86 52 56 46 47 54
7 25 44 45 60 50 51 66 61 51
7 26 54 72 72 63 39 39 75 50
7 27 23 33 15 57 33 53 17 55
7 28 95 65 60 57 80 57 78 93
7 29 30 49 42 38 44 17 36 39
7 30 88 89 58 62 75 73 59 59
7 31 23 41 40 55 41 24 18 57
7 32 78 51 81 86 39 49 88 49
7 33 36 50 63 64 60 55 46 63
7 34 97 65 88 63 72 88 87 89
7 35 13 10 19 52 25 40 14 54
7 36 48 26 72 27 49 68 35 54
7 37 18 30 12 16 58 28 49 54
8 9 54 59 58 52 66 27 36 35
8 10 83 63 85 51 84 57 44 88
8 11 68 52 59 64 73 59 56 57
8 12 77 83 75 85 39 79 51 71
8 13 35 21 47 40 21 38 47 56
8 14 27 39 15 54 53 28 14 58
8 15 28 14 60 63 25 23 21 39
8 16 23 35 32 17 15 47 52 33
8 17 41 35 26 31 40 59 24 29
8 18 84 49 47 44 83 42 42 78
8 19 11 33 20 11 46 32 51 41
8 20 45 24 64 46 54 39 67 68
8 21 23 15 13 41 42 19 36 42
8 22 44 47 50 49 53 25 31 68
8 23 49 42 43 65 72 56 54 48
8 24 42 46 43 43 38 61 23 67
8 25 76 82 66 69 74 78 81 38
8 26 77 81 47 41 63 65 73 42
8 27 24 21 57 36 49 32 32 58
8 28 18 36 22 51 22 49 26 47
8 29 20 28 41 20 38 16 32 28
8 30 97 49 73 92 52 83 54 84
8 31 27 55 57 53 33 47 40 16
8 32 31 41 28 23 22 52 16 62
8 33 40 24 46 45 22 35 49 63
8 34 7 32 27 25 51 35 27 13
8 35 91 73 88 63 90 46 81 54
8 36 17 44 40 8 38 25 40 51
8 37 89 78 45 65 90 81 73 92
9 10 80 67 54 47 85 57 55 77
9 11 11 12 18 16 55 15 25 39
9 12 11 41 11 46 23 20 16 35
9 13 6 45 18 40 48 18 51 23
9 14 29 21 62 24 64 64 26 35
9 15 71 62 71 46 51 71 81 52
9 16 1 26 16 19 37 2 41 0
9 17 79 80 50 71 88 50 75 82
9 18 79 56 68 45 82 80 47 63
9 19 70 55 37 68 81 37 43 80
9 20 36 49 67 53 62 43 62 25
9 21 79 45 46 47 87 74 65 62
9 22 84 72 64 55 43 83 51 51
9 23 34 40 46 62 63 54 53 35
9 24 58 70 43 53 61 51 31 63
9 25 53 36 56 43 69 34 61 69
9 26 66 60 72 60 48 71 67 53
9 27 78 70 51 69 53 65 67 57
9 28 84 66 55 77 70 91 73 65
9 29 44 22 33 43 37 30 65 24
9 30 0 26 39 40 23 5 15 35
9 31 42 61 41 70 23 22 66 55
9 32 69 60 42 54 73 59 51 50
9 33 77 43 70 76 73 50 88 39
9 34 35 25 61 19 26 35 63 40
9 35 18 56 53 35 26 16 16 38
9 36 71 55 71 42 84 81 58 39
9 37 16 26 11 37 24 24 23 14
10 11 57 73 57 35 39 45 76 51
10 12 76 40 47 60 45 72 49 61
10 13 32 63 39 50 17 53 49 59
10 14 40 52 50 47 25 24 66 67
10 15 95 67 93 93 74 75 74 48
10 16 78 61 68 64 79 61 40 44
10 17 83 79 85 74 53 57 41 64
10 18 95 95 64 63 82 76 84 61
10 19 25 28 13 39 20 20 42 24
10 20 28 20 21 31 29 41 34 22
10 21 63 71 42 54 78 61 35 50
10 22 36 65 20 47 60 65 45 33
10 23 75 67 80 85 71 78 54 86
10 24 58 70 78 56 35 70 38 73
10 25 98 62 95 97 72 87 53 69
10 26 79 63 88 89 61 44 54 78
10 27 18 35 19 11 51 14 50 31
10 28 84 53 46 44 80 82 47 86
10 29 33 36 19 48 34 23 37 25
10 30 25 36 41 30 56 39 42 46
10 31 95 59 58 49 68 92 65 79
10 32 94 84 71 49 56 76 95 58
10 33 26 56 49 42 35 53 43 17
10 34 46 49 68 62 58 56 70 26
10 35 41 50 37 35 70 24 56 57
10 36 26 45 49 28 58 43 46 27
10 37 21 60 51 35 56 50 20 54
11 12 6 34 14 39 47 45 17 25
11 13 87 53 84 64 61 85 51 47
11 14 40 48 62 35 30 56 40 53
11 15 27 24 24 35 60 57 31 18
11 16 14 28 45 9 32 29 11 25
11 17 15 32 21 9 23 32 23 47
11 18 19 45 52 29 56 31 50 41
11 19 92 50 49 57 93 55 69 76
11 20 66 41 44 58 58 33 79 54
11 21 11 23 43 24 54 31 28 16
11 22 30 20 17 31 36 59 53 59
11 23 67 50 41 56 82 62 43 61
11 24 21 58 48 26 18 41 19 38
11 25 42 25 56 30 32 59 33 69
11 26 63 68 46 48 36 49 44 36
11 27 57 59 50 29 50 46 48 74
11 28 11 25 6 17 40 22 20 15
11 29 21 11 55 33 14 29 14 60
11 30 68 48 62 47 77 58 46 80
11 31 12 37 28 26 50 20 25 43
11 32 19 36 13 36 57 40 13 44
11 33 71 61 84 36 70 53 40 57
11 34 28 41 31 53 46 43 49 32
11 35 78 61 47 64 71 54 58 63
11 36 31 22 20 49 51 62 45 55
11 37 42 39 67 62 61 52 35 50
12 13 47 33 53 54 69 53 54 71
12 14 79 87 55 63 48 86 48 55
12 15 79 60 64 43 86 42 56 53
12 16 22 29 11 59 20 53 48 15
12 17 87 52 82 78 46 68 77 45
12 18 82 45 48 84 87 72 86 87
12 19 65 33 41 82 79 49 40 64
12 20 60 75 40 49 50 71 70 60
12 21 48 27 60 73 34 56 68 34
12 22 1 27 25 16 50 33 26 28
12 23 23 30 14 21 39 19 38 27
12 24 64 80 49 67 52 50 58 45
12 25 16 11 18 30 17 24 17 52
12 26 97 80 93 95 80 59 60 54
12 27 98 66 79 89 76 60 60 52
12 28 32 17 39 37 17 65 18 44
12 29 69 36 68 36 47 64 48 65
12 30 34 51 58 43 52 37 30 64
12 31 62 65 75 73 74 38 51 73
12 32 42 26 65 53 40 26 47 33
12 33 97 80 84 77 91 80 94 60
12 34 52 50 33 70 67 34 61 32
12 35 91 86 67 75 75 73 62 95
12 36 86 45 48 50 83 81 88 66
12 37 54 72 51 45 56 48 77 47
13 14 97 89 67 85 97 65 82 63
13 15 42 39 24 49 32 30 60 50
13 16 75 75 51 42 79 87 56 66
13 17 67 78 58 52 38 69 70 57
13 18 64 73 61 79 58 38 70 67
13 19 65 62 74 61 66 75 47 37
13 20 48 34 73 43 30 58 56 35
13 21 67 64 59 57 78 63 53 75
13 22 0 12 20 17 16 42 11 41
13 23 8 22 16 33 41 53 40 34
13 24 14 24 50 27 8 34 39 17
13 25 95 78 72 85 65 77 88 61
13 26 85 51 79 51 55 63 72 73
13 27 75 38 47 80 57 60 70 64
13 28 77 42 82 85 87 87 87 49
13 29 18 34 12 30 15 19 14 19
13 30 84 63 70 42 60 76 66 57
13 31 62 49 72 49 37 51 33 63
13 32 48 25 61 62 51 38 47 68
13 33 45 41 29 24 66 45 48 25
13 34 29 56 37 31 57 51 18 24
13 35 62 38 38 35 43 63 67 42
13 36 34 42 64 48 61 27 41 60
13 37 65 75 82 36 59 48 35 75
14 15 43 38 41 32 36 55 33 58
14 16 26 24 49 27 29 52 60 24
14 17 61 73 47 51 64 50 41 59
14 18 5 22 3 32 6 51 34 49
14 19 81 46 75 77 89 62 80 43
14 20 71 38 51 47 53 63 39 59
14 21 73 74 80 76 50 62 43 54
14 22 60 56 62 46 79 61 77 44
14 23 95 88 64 81 58 84 62 78
14 24 67 73 51 62 75 66 63 34
14 25 65 77 73 74 57 37 36 73
14 26 8 18 14 41 37 8 29 50
14 27 99 74 50 96 90 52 66 91
14 28 96 86 84 75 94 70 75 55
14 29 97 83 96 57 74 56 91 89
14 30 37 54 52 42 64 65 29 40
14 31 30 47 64 42 15 62 41 57
14 32 66 42 35 82 69 78 77 50
14 33 90 76 59 79 90 86 69 77
14 34 71 67 72 69 63 54 63 52
14 35 42 47 43 23 21 67 56 55
14 36 71 42 35 64 76 64 65 83
14 37 50 72 59 50 38 75 67 43
15 16 4 4 29 2 33 40 40 11
15 17 44 39 66 39 70 67 50 38
15 18 39 33 52 39 23 67 24 41
15 19 44 56 52 58 70 53 38 41
15 20 67 77 60 75 67 75 80 40
15 21 98 89 56 62 82 88 70 50
15 22 36 24 25 47 45 21 22 36
15 23 56 48 51 53 51 76 30 40
15 24 84 65 53 77 71 60 73 86
15 25 51 37 29 65 47 54 43 46
15 26 80 49 52 47 41 75 86 57
15 27 65 32 79 76 40 61 81 34
15 28 11 10 33 53 35 47 32 37
15 29 40 34 36 39 65 69 64 55
15 30 68 74 39 78 73 44 73 79
15 31 85 92 56 82 56 52 76 58
15 32 76 52 76 59 86 71 63 67
15 33 81 71 64 61 56 67 67 74
15 34 45 57 33 45 54 61 60 60
15 35 67 64 54 44 82 35 81 48
15 36 23 52 46 51 61 24 47 37
15 37 91 60 56 59 48 72 79 49
16 17 78 72 85 80 69 71 61 82
16 18 17 43 52 30 29 48 54 39
16 19 71 49 56 41 42 50 76 42
16 20 34 33 35 60 50 31 38 20
16 21 36 58 44 40 57 61 22 31
16 22 52 55 62 75 72 53 46 65
16 23 7 42 39 17 38 36 52 16
16 24 44 52 33 45 68 66 42 41
16 25 73 82 43 83 81 57 70 55
16 26 84 44 72 49 43 72 53 49
16 27 78 44 54 42 81 51 45 65
16 28 98 90 93 64 71 76 72 91
16 29 78 43 63 62 52 51 80 85
16 30 70 46 56 55 40 82 43 72
16 31 36 20 36 33 22 46 22 28
16 32 64 78 78 44 43 47 60 47
16 33 62 53 41 45 37 35 71 40
16 34 18 37 22 33 33 28 34 45
16 35 38 22 31 22 33 50 56 66
16 36 12 27 29 25 46 48 47 37
16 37 12 25 45 19 12 33 35 10
17 18 4 5 50 6 27 16 34 37
17 19 50 62 56 36 63 65 58 54
17 20 15 53 33 9 8 39 48 20
17 21 1 43 4 11 42 8 8 26
17 22 81 45 62 76 83 65 85 80
17 23 27 55 35 14 17 19 16 26
17 24 93 55 48 55 93 89 62 85
17 25 93 76 51 73 70 61 82 77
17 26 95 85 73 83 53 97 67 97
17 27 76 82 41 55 54 42 59 64
17 28 38 51 22 36 66 29 57 49
17 29 54 63 65 73 46 56 75 61
17 30 97 58 88 60 93 50 65 69
17 31 55 72 61 61 56 41 69 37
17 32 4 35 42 23 8 42 20 32
17 33 47 42 35 63 27 37 47 65
17 34 68 59 80 37 79 36 68 50
17 35 58 76 30 42 46 47 69 30
17 36 29 42 64 63 64 26 35 42
17 37 53 72 59 30 58 49 28 31
18 19 86 47 76 44 50 66 46 70
18 20 97 59 78 87 57 69 65 61
18 21 16 20 57 12 36 11 51 23
18 22 81 69 53 59 56 45 50 49
18 23 8 44 36 19 41 13 46 27
18 24 10 49 17 15 24 15 18 25
18 25 14 45 54 41 55 11 26 54
18 26 30 39 62 48 47 29 25 36
18 27 80 54 43 69 80 63 81 41
18 28 54 66 34 48 28 38 61 60
18 29 50 60 57 43 37 62 42 27
18 30 24 24 30 30 42 59 21 60
18 31 97 52 56 56 59 95 93 79
18 32 66 81 51 48 41 39 48 77
18 33 27 51 19 31 43 54 15 32
18 34 14 49 25 24 43 38 43 16
18 35 24 12 38 62 31 33 44 29
18 36 55 43 45 47 59 65 74 57
18 37 51 53 50 57 62 55 41 32
19 20 66 81 51 41 38 55 44 66
19 21 74 75 63 61 48 41 58 56
19 22 85 60 45 67 66 53 70 72
19 23 43 28 63 59 44 41 66 48
19 24 1 2 1 47 15 6 24 26
19 25 26 59 30 57 44 16 19 57
19 26 83 42 42 51 44 49 90 81
19 27 98 97 73 64 72 57 71 59
19 28 88 62 69 49 68 84 59 57
19 29 97 61 63 77 80 84 69 82
19 30 73 46 68 56 55 42 84 71
19 31 39 68 44 35 48 54 29 48
19 32 99 89 68 80 51 91 82 53
19 33 70 84 82 85 57 36 42 59
19 34 86 61 72 60 92 46 44 73
19 35 80 60 51 47 74 82 74 86
19 36 37 33 61 48 43 51 62 46
19 37 97 98 94 80 75 84 51 70
20 21 76 73 83 83 59 60 81 81
20 22 80 85 66 56 70 88 70 75
20 23 32 27 61 61 32 51 31 49
20 24 10 34 48 42 43 16 37 22
20 25 68 81 77 73 51 46 68 81
20 26 67 80 36 60 41 56 59 34
20 27 32 16 33 17 33 61 40 22
20 28 93 52 54 81 73 79 80 57
20 29 29 23 17 38 60 43 34 20
20 30 94 87 94 63 47 62 57 57
20 31 15 39 40 14 33 50 37 41
20 32 93 82 86 52 87 61 72 89
20 33 64 39 33 55 47 63 51 58
20 34 57 30 75 45 66 43 29 31
20 35 66 57 33 69 42 54 82 65
20 36 3 11 26 40 30 18 49 2
20 37 79 62 56 83 67 49 71 47
21 22 54 69 67 35 51 48 60 36
21 23 32 56 24 29 23 62 63 18
21 24 58 41 74 78 60 61 63 41
21 25 2 17 17 12 38 16 11 36
21 26 47 50 51 45 38 51 29 40
21 27 26 45 34 22 49 14 48 34
21 28 82 66 41 86 60 77 88 86
21 29 20 43 32 31 38 56 22 50
21 30 64 42 32 77 74 33 65 48
21 31 14 10 46 10 14 23 30 11
21 32 68 82 63 80 76 83 41 46
21 33 4 13 50 49 5 47 31 29
21 34 0 40 46 46 43 18 20 0
21 35 72 72 83 71 57 50 48 40
21 36 60 64 67 31 31 77 63 58
21 37 33 45 39 38 62 62 46 62
22 23 3 16 23 43 33 45 6 32
22 24 96 71 67 77 90 88 79 94
22 25 6 8 21 18 27 15 48 5
22 26 7 37 38 21 6 14 41 36
22 27 36 39 34 45 50 53 66 39
22 28 84 55 78 48 77 49 63 47
22 29 43 63 65 71 65 71 44 56
22 30 25 54 13 23 58 46 13 17
22 31 76 53 50 74 38 44 71 86
22 32 68 42 79 71 68 50 82 64
22 33 70 56 73 65 57 56 54 77
22 34 12 11 18 20 7 23 43 14
22 35 69 78 59 71 53 48 70 39
22 36 13 7 47 19 20 53 51 31
22 37 43 23 24 58 41 22 43 55
23 24 94 76 60 62 93 61 56 70
23 25 62 59 35 43 66 55 46 75
23 26 71 53 60 77 78 55 55 52
23 27 28 63 39 27 37 34 32 45
23 28 4 35 22 29 9 34 2 7
23 29 31 46 34 42 22 25 35 27
23 30 47 28 41 52 68 54 28 33
23 31 55 63 33 77 43 28 69 75
23 32 15 53 45 56 20 20 12 9
23 33 42 35 30 33 44 38 23 39
23 34 82 43 63 46 67 85 66 45
23 35 94 54 92 87 95 78 91 78
23 36 3 36 9 36 39 8 2 5
23 37 82 86 68 44 91 56 68 56
24 25 32 51 36 46 54 66 16 65
24 26 80 82 73 58 76 40 53 65
24 27 89 64 72 78 93 70 66 92
24 28 12 13 20 18 37 7 11 23
24 29 79 82 49 74 67 86 72 61
24 30 20 11 12 59 36 45 23 25
24 31 77 81 63 71 55 82 49 68
24 32 68 50 54 84 41 49 60 67
24 33 44 39 44 34 65 67 47 33
24 34 21 15 52 14 40 17 18 45
24 35 3 27 36 9 13 44 50 8
24 36 50 30 38 41 46 72 52 33
24 37 48 26 73 33 54 46 62 65
25 26 25 23 15 24 46 19 52 17
25 27 27 28 59 26 39 55 53 43
25 28 22 17 24 56 57 19 46 46
25 29 20 16 53 10 35 12 30 56
25 30 36 50 56 62 62 56 36 25
25 31 67 52 40 82 53 76 42 75
25 32 50 60 41 36 44 70 31 67
25 33 44 67 50 30 53 45 46 26
25 34 70 58 61 59 75 37 61 49
25 35 72 56 41 62 71 71 66 55
25 36 4 15 20 12 24 40 13 43
25 37 0 44 4 13 26 29 34 48
26 27 59 53 41 41 69 61 70 37
26 28 30 40 41 24 58 29 44 47
26 29 6 45 17 17 37 44 31 16
26 30 83 75 83 49 89 91 59 69
26 31 58 66 62 67 77 34 67 33
26 32 0 14 40 42 33 7 48 36
26 33 4 10 4 39 46 19 27 15
26 34 87 74 72 59 64 80 67 46
26 35 49 37 49 46 29 73 60 25
26 36 91 90 66 45 91 64 70 52
26 37 89 65 92 89 52 93 87 53
27 28 67 46 69 68 63 72 72 41
27 29 25 27 59 52 28 31 61 55
27 30 57 53 51 35 75 35 45 52
27 31 99 62 51 55 50 95 86 70
27 32 19 15 44 51 43 35 35 27
27 33 3 6 45 47 20 43 26 6
27 34 17 30 48 54 17 54 40 33
27 35 55 43 43 50 69 51 62 38
27 36 22 59 41 58 16 30 31 25
27 37 21 42 26 53 57 55 55 58
28 29 35 46 22 63 33 48 38 41
28 30 61 53 60 42 79 64 62 79
28 31 18 23 14 51 57 28 18 48
28 32 71 65 37 68 68 40 60 81
28 33 97 82 89 89 54 65 55 83
28 34 27 27 51 17 19 37 17 55
28 35 67 34 69 62 79 74 81 62
28 36 33 20 43 44 38 39 53 47
28 37 16 39 17 50 51 51 51 15
29 30 88 77 50 67 61 51 59 61
29 31 62 79 68 70 63 74 73 73
29 32 37 59 45 41 38 35 24 47
29 33 9 42 23 16 33 32 8 37
29 34 49 65 28 36 30 41 32 29
29 35 84 71 61 59 61 53 74 64
29 36 59 61 53 76 52 46 73 68
29 37 60 36 49 49 36 30 35 38
30 31 90 55 68 62 65 54 50 84
30 32 31 29 20 39 45 52 38 28
30 33 76 72 71 39 73 38 80 73
30 34 25 48 33 47 43 37 18 61
30 35 26 40 32 39 36 29 50 58
30 36 92 48 46 57 63 47 82 61
30 37 40 51 60 68 61 41 44 70
31 32 85 60 90 47 51 61 77 76
31 33 79 73 80 52 48 77 62 53
31 34 8 54 33 45 38 26 6 21
31 35 25 27 46 52 52 61 37 20
31 36 46 45 60 56 41 59 55 25
31 37 59 60 48 56 44 52 74 44
32 33 48 35 49 71 44 47 63 48
32 34 46 64 72 42 66 65 48 70
32 35 42 57 60 46 25 61 68 40
32 36 91 66 62 81 74 64 46 62
32 37 85 60 51 87 74 45 54 92
33 34 78 48 58 61 51 42 62 40
33 35 38 28 43 32 20 33 29 58
33 36 58 60 71 51 49 54 61 32
33 37 27 52 41 34 29 47 61 57
34 35 48 35 66 54 47 38 59 53
34 36 30 56 17 29 29 45 54 57
34 37 36 48 51 46 61 65 50 20
35 36 45 71 60 24 23 65 49 40
35 37 76 41 77 84 80 85 82 39
36 37 71 46 42 47 35 84 44 60
