48 8
0 0 0 0.5 0.5 0 0 0 
0 1 63 48 59 57 54 56 81 75
0 2 82 86 78 61 85 71 83 69
0 3 93 88 55 56 56 60 73 92
0 4 82 48 70 43 57 64 56 90
0 5 52 75 75 26 42 44 45 45
0 6 4 14 46 51 27 37 50 49
0 7 88 53 82 82 64 72 52 88
0 8 92 94 75 73 82 59 65 55
0 9 15 56 36 22 32 18 30 45
0 10 86 45 52 80 62 47 49 65
0 11 41 36 45 67 40 44 47 47
0 12 57 60 73 39 68 58 41 41
0 13 59 71 74 67 52 40 41 62
0 14 60 62 72 74 64 56 36 69
0 15 23 60 33 22 47 28 57 52
0 16 12 10 22 18 11 43 43 41
0 17 4 13 17 46 34 10 23 14
0 18 78 39 65 67 52 75 83 59
0 19 14 49 7 41 30 55 25 38
0 20 78 85 76 61 52 50 50 84
0 21 77 83 66 77 76 66 73 75
0 22 62 64 80 45 67 39 36 63
0 23 63 38 68 61 65 73 54 79
0 24 58 57 58 35 50 42 59 55
0 25 49 50 41 46 35 55 25 42
0 26 90 45 91 67 51 49 71 57
0 27 12 41 49 13 38 39 19 51
0 28 78 46 69 41 60 78 42 39
0 29 36 31 19 30 45 21 35 60
0 30 12 8 7 41 20 18 44 15
0 31 53 42 65 58 76 73 33 58
0 32 43 36 43 58 51 43 23 48
0 33 56 32 59 45 63 31 49 42
0 34 37 61 34 47 33 62 41 49
0 35 16 22 38 24 28 14 32 49
0 36 45 63 46 46 68 33 23 41
0 37 18 22 14 26 30 57 48 15
0 38 16 57 46 53 28 33 28 23
0 39 42 51 66 32 42 61 31 21
0 40 31 31 37 48 28 27 34 27
0 41 66 40 57 80 73 50 55 48
0 42 11 47 18 20 48 37 20 54
0 43 92 73 73 67 89 70 95 93
0 44 36 41 61 21 51 18 65 39
0 45 84 75 43 70 76 88 45 80
0 46 78 83 70 74 50 83 56 40
0 47 45 55 37 53 55 57 72 22
1 2 51 45 74 32 36 52 29 26
1 3 82 55 50 75 56 77 44 64
1 4 86 71 74 80 77 74 57 46
1 5 37 26 41 27 48 40 23 46
1 6 84 69 45 66 75 79 45 50
1 7 73 77 63 80 58 79 76 56
1 8 69 61 51 63 68 79 59 77
1 9 69 34 38 59 77 46 49 83
1 10 61 62 41 39 79 59 35 65
1 11 52 31 47 65 46 43 33 31
1 12 66 72 58 72 37 73 65 55
1 13 66 33 69 60 50 50 82 67
1 14 76 80 46 74 54 43 70 53
1 15 44 55 51 61 26 60 60 43
1 16 91 48 55 62 51 80 86 84
1 17 3 34 12 22 44 27 23 45
1 18 31 39 42 58 58 42 40 20
1 19 59 31 58 62 38 63 47 59
1 20 2 10 51 9 29 30 14 50
1 21 25 56 54 20 44 38 38 35
1 22 21 58 45 50 20 46 11 10
1 23 94 52 62 57 61 60 83 91
1 24 56 50 66 42 66 30 74 75
1 25 83 68 79 68 79 90 91 56
1 26 73 59 72 54 81 39 82 48
1 27 71 52 65 55 83 80 77 55
1 28 6 23 35 47 39 39 22 26
1 29 73 77 80 39 58 78 45 77
1 30 86 70 81 51 67 88 79 87
1 31 54 33 31 53 40 39 51 41
1 32 64 36 58 61 41 77 40 68
1 33 41 40 45 63 64 41 38 36
1 34 74 53 47 39 64 86 38 66
1 35 43 22 41 29 46 45 62 36
1 36 0 31 41 6 41 22 7 19
1 37 85 61 63 48 59 73 42 85
1 38 40 65 38 59 44 24 25 50
1 39 1 7 31 8 7 45 34 4
1 40 8 10 7 37 28 44 15 18
1 41 76 42 46 72 64 72 63 47
1 42 87 89 86 53 66 57 81 65
1 43 90 55 64 51 54 53 86 52
1 44 27 25 34 58 31 27 23 57
1 45 75 50 49 77 71 59 58 45
1 46 89 63 73 52 63 90 50 85
1 47 52 40 64 70 43 43 47 57
2 3 83 59 46 80 76 53 79 84
2 4 10 7 51 16 15 49 21 21
2 5 58 73 75 62 52 59 30 76
2 6 67 40 50 57 63 78 45 79
2 7 87 54 84 63 88 51 46 52
2 8 76 74 86 63 80 77 67 78
2 9 0 15 10 25 1 26 5 33
2 10 44 64 51 63 32 57 26 53
2 11 45 42 44 27 61 24 36 33
2 12 78 70 62 61 78 62 85 51
2 13 9 31 25 27 21 11 36 53
2 14 82 69 55 78 88 61 65 87
2 15 56 57 42 32 60 58 62 47
2 16 34 46 51 58 46 19 55 31
2 17 35 57 46 63 56 39 38 36
2 18 41 32 53 51 26 58 65 61
2 19 20 30 12 55 27 58 31 59
2 20 38 63 40 64 45 63 50 27
2 21 90 68 56 80 88 88 75 50
2 22 15 24 37 31 52 17 14 35
2 23 37 21 64 33 63 44 22 33
2 24 62 73 63 65 78 67 75 63
2 25 88 70 69 64 65 55 82 78
2 26 92 53 46 82 61 84 50 71
2 27 10 15 7 31 30 27 22 5
2 28 67 59 55 48 67 82 74 55
2 29 64 64 57 78 48 63 46 59
2 30 40 29 61 34 35 66 60 42
2 31 74 86 70 68 63 61 64 41
2 32 18 36 41 19 53 22 43 33
2 33 45 51 25 57 30 28 29 43
2 34 56 52 74 61 55 41 36 69
2 35 70 48 77 68 72 73 79 62
2 36 93 68 60 63 82 93 95 53
2 37 60 55 53 66 35 43 51 69
2 38 25 47 34 29 21 59 55 38
2 39 44 39 60 43 67 69 53 59
2 40 81 82 83 64 73 86 70 65
2 41 21 24 46 58 11 22 35 59
2 42 51 58 30 50 49 38 62 61
2 43 45 58 37 69 36 48 29 28
2 44 68 49 40 59 58 60 35 53
2 45 39 40 66 61 66 30 42 21
2 46 89 81 94 81 45 70 71 81
2 47 34 30 36 40 41 42 20 19
3 4 77 41 71 75 85 56 52 87
3 5 94 80 78 89 61 78 80 87
3 6 26 22 34 36 20 36 16 27
3 7 79 60 86 47 47 57 79 65
3 8 16 10 32 50 16 31 23 26
3 9 81 84 44 56 69 50 65 66
3 10 4 49 23 26 28 21 15 28
3 11 74 43 73 60 59 83 46 86
3 12 65 49 79 45 50 73 74 52
3 13 70 43 68 58 38 76 83 74
3 14 86 79 56 52 62 55 55 43
3 15 68 80 50 48 44 74 60 72
3 16 61 45 70 66 77 60 68 41
3 17 50 38 32 63 56 38 59 40
3 18 89 88 64 75 83 76 81 60
3 19 5 46 43 18 13 35 40 41
3 20 89 86 92 94 82 75 76 83
3 21 64 77 64 37 42 65 47 72
3 22 93 76 61 83 77 47 89 68
3 23 24 15 31 25 58 27 37 36
3 24 60 74 63 32 70 74 70 74
3 25 74 78 82 82 39 71 83 59
3 26 89 90 89 48 45 48 69 75
3 27 79 41 86 72 64 73 78 45
3 28 66 39 77 75 52 61 67 44
3 29 55 33 61 47 60 75 37 31
3 30 35 66 59 27 51 19 66 57
3 31 52 38 42 74 65 31 73 75
3 32 70 57 39 69 61 68 55 67
3 33 78 68 67 68 66 71 68 57
3 34 10 31 43 6 21 46 29 30
3 35 33 20 63 41 39 22 17 27
3 36 24 48 31 40 15 41 32 29
3 37 19 57 35 34 56 37 22 21
3 38 3 13 11 16 3 33 46 35
3 39 6 50 45 8 4 8 22 32
3 40 74 74 42 61 83 49 59 48
3 41 43 51 38 51 60 28 51 63
3 42 35 42 42 66 41 42 66 21
3 43 47 43 70 61 64 43 60 56
3 44 14 33 16 8 29 42 45 25
3 45 38 65 32 47 24 46 46 34
3 46 42 50 25 59 55 26 65 43
3 47 4 50 20 42 18 30 37 2
4 5 82 49 63 86 73 59 66 57
4 6 12 32 55 42 12 6 37 33
4 7 21 17 29 44 24 28 52 17
4 8 3 46 38 37 35 9 27 8
4 9 11 54 30 14 37 30 10 51
4 10 54 58 72 49 67 41 72 57
4 11 55 61 43 70 71 49 39 42
4 12 34 45 21 49 47 30 37 44
4 13 38 27 53 41 41 42 30 39
4 14 99 58 62 77 86 58 50 69
4 15 4 28 51 8 15 49 29 30
4 16 26 37 23 48 29 37 59 59
4 17 5 26 9 15 29 36 40 18
4 18 62 36 71 50 55 32 70 56
4 19 39 44 20 56 38 33 56 44
4 20 81 84 71 42 55 40 65 61
4 21 2 25 36 45 37 36 41 5
4 22 63 46 49 38 54 51 69 72
4 23 69 45 67 78 81 56 57 55
4 24 92 49 53 47 61 57 75 49
4 25 78 67 52 73 77 53 51 72
4 26 65 74 77 40 38 37 75 68
4 27 56 49 56 50 75 70 59 32
4 28 58 60 45 38 34 57 35 40
4 29 16 25 30 8 11 53 29 50
4 30 96 59 96 79 49 96 57 95
4 31 18 26 38 57 49 59 26 21
4 32 3 21 35 15 43 42 15 19
4 33 34 46 18 43 29 26 39 25
4 34 64 37 71 81 40 46 63 43
4 35 57 53 75 56 33 39 49 44
4 36 80 56 69 82 42 85 48 60
4 37 23 47 46 31 41 39 26 47
4 38 76 44 46 63 64 45 70 85
4 39 52 38 29 45 60 50 56 70
4 40 62 77 48 48 35 49 62 78
4 41 14 45 34 46 43 51 20 8
4 42 21 32 12 21 55 19 59 53
4 43 82 87 83 84 72 71 81 89
4 44 55 40 76 56 70 30 51 46
4 45 74 55 37 73 56 41 79 60
4 46 59 78 37 68 45 34 69 52
4 47 82 85 70 65 54 74 82 85
5 6 73 42 43 76 53 74 54 61
5 7 39 29 44 21 33 38 27 24
5 8 42 35 54 29 56 23 43 46
5 9 12 8 50 17 55 32 11 27
5 10 58 34 62 58 53 30 65 58
5 11 47 67 71 56 52 60 61 71
5 12 65 58 36 71 65 43 71 65
5 13 70 72 37 83 82 73 66 45
5 14 16 23 30 19 39 26 30 11
5 15 41 36 70 53 32 70 59 48
5 16 13 52 16 51 47 32 9 50
5 17 76 55 51 52 67 87 62 52
5 18 12 10 36 53 15 33 20 10
5 19 18 24 12 15 50 40 36 38
5 20 52 30 43 30 53 68 54 46
5 21 95 49 92 67 70 60 84 57
5 22 65 33 69 43 45 76 78 49
5 23 99 91 79 57 75 80 71 73
5 24 72 65 39 85 84 58 44 74
5 25 99 65 53 71 98 83 90 97
5 26 71 53 38 73 76 68 63 44
5 27 62 71 72 42 80 33 39 36
5 28 56 77 48 52 71 56 43 54
5 29 6 27 7 25 18 49 18 50
5 30 18 30 10 32 33 17 12 42
5 31 92 67 52 56 80 47 78 90
5 32 17 12 51 17 53 47 54 45
5 33 14 46 24 24 27 53 9 44
5 34 67 83 75 66 48 57 70 68
5 35 95 91 65 50 49 65 78 49
5 36 71 67 70 69 53 41 78 56
5 37 12 26 49 7 33 13 15 16
5 38 57 65 44 73 39 66 43 39
5 39 58 74 48 48 58 53 72 32
5 40 31 27 38 56 56 16 27 31
5 41 11 48 48 42 34 23 45 9
5 42 43 44 43 24 48 22 62 36
5 43 0 15 37 42 23 8 25 15
5 44 84 85 83 63 82 42 73 68
5 45 66 74 49 55 53 36 71 56
5 46 92 52 54 58 49 71 53 84
5 47 78 60 40 79 78 71 48 56
6 7 70 58 70 39 47 58 44 79
6 8 14 14 30 11 49 42 11 51
6 9 13 18 26 9 10 12 8 13
6 10 70 51 39 61 61 60 78 74
6 11 51 58 54 74 65 38 32 70
6 12 48 58 35 43 27 41 68 66
6 13 31 56 55 36 18 49 37 60
6 14 94 96 82 85 74 95 66 82
6 15 93 48 56 62 73 59 87 84
6 16 44 48 69 24 44 26 38 64
6 17 76 80 48 69 62 57 44 68
6 18 23 56 54 17 40 51 14 36
6 19 54 51 63 64 66 51 50 35
6 20 29 14 47 19 48 16 16 62
6 21 96 57 59 58 93 58 48 56
6 22 67 75 56 49 57 36 42 77
6 23 56 51 72 60 36 66 28 30
6 24 62 34 77 62 77 32 50 69
6 25 97 65 64 57 84 93 59 62
6 26 47 32 65 56 30 53 71 42
6 27 45 37 36 70 36 59 55 47
6 28 75 52 41 40 87 54 69 47
6 29 54 51 39 71 67 69 39 54
6 30 51 36 54 26 35 34 53 46
6 31 74 84 73 69 43 74 37 51
6 32 7 34 38 27 38 36 14 4
6 33 72 50 37 84 58 65 57 74
6 34 59 55 77 50 35 69 69 42
6 35 55 37 65 74 73 56 38 47
6 36 11 19 47 44 22 39 39 33
6 37 81 66 77 64 41 56 43 56
6 38 7 22 33 50 11 28 32 29
6 39 25 25 53 57 28 50 16 53
6 40 23 53 36 27 50 38 32 60
6 41 16 36 14 16 43 40 14 41
6 42 39 24 23 21 26 53 47 46
6 43 4 40 19 50 48 26 20 19
6 44 62 38 62 64 35 72 34 72
6 45 92 78 95 89 85 64 89 63
6 46 3 14 11 35 48 2 18 34
6 47 97 75 79 52 49 86 98 92
7 8 30 17 41 52 51 54 17 46
7 9 20 36 38 26 40 44 48 60
7 10 29 46 28 21 21 47 55 43
7 11 89 68 87 65 66 59 72 91
7 12 10 43 41 12 8 39 13 19
7 13 84 45 46 66 50 57 50 67
7 14 51 57 50 26 72 47 53 57
7 15 51 46 63 27 50 32 33 74
7 16 67 73 35 74 50 38 39 52
7 17 5 50 47 22 27 20 11 30
7 18 60 54 40 75 77 74 40 40
7 19 84 67 46 72 55 60 42 48
7 20 10 40 49 32 24 13 13 17
7 21 26 35 16 39 13 29 46 32
7 22 7 48 14 16 26 12 46 28
7 23 21 32 57 29 33 46 22 17
7 24 73 65 53 60 51 48 83 52
7 25 88 45 88 94 52 76 81 48
7 26 23 19 37 32 16 32 51 50
7 27 96 48 49 90 53 72 60 93
7 28 36 34 46 43 53 21 46 26
7 29 68 74 67 69 47 70 65 34
7 30 5 9 18 9 32 32 9 14
7 31 37 67 60 56 35 36 31 61
7 32 49 50 25 46 68 29 40 43
7 33 91 63 48 66 71 80 77 48
7 34 1 14 41 36 27 24 28 36
7 35 34 50 47 27 56 19 66 20
7 36 83 72 60 83 81 45 82 65
7 37 3 17 5 41 51 25 22 28
7 38 4 20 24 31 32 40 36 3
7 39 42 40 60 36 59 39 52 60
7 40 30 50 20 43 32 57 30 15
7 41 35 38 50 26 63 44 60 28
7 42 29 38 45 46 59 57 49 53
7 43 37 44 43 49 45 64 39 32
7 44 73 64 75 77 45 71 39 50
7 45 42 68 29 66 32 22 46 69
7 46 46 67 31 70 44 30 26 41
7 47 32 30 53 39 40 36 16 44
8 9 89 70 75 70 70 85 86 61
8 10 95 81 72 60 68 90 60 59
8 11 65 62 51 68 45 68 53 41
8 12 50 38 39 32 65 39 44 51
8 13 78 47 56 54 59 59 62 46
8 14 70 79 42 77 63 51 43 46
8 15 72 65 69 68 56 45 63 43
8 16 81 79 80 84 83 81 53 80
8 17 2 1 36 10 27 21 21 16
8 18 88 49 52 52 51 78 58 86
8 19 4 9 25 18 5 40 29 17
8 20 50 37 51 67 66 53 69 27
8 21 42 26 62 53 60 55 51 24
8 22 58 66 46 46 61 43 53 54
8 23 92 54 52 56 78 67 79 74
8 24 18 31 33 39 44 40 10 58
8 25 97 58 50 50 81 91 52 94
8 26 98 93 52 87 72 89 55 58
8 27 73 82 65 77 69 67 50 59
8 28 26 30 42 57 45 22 42 26
8 29 82 41 55 76 70 67 46 53
8 30 85 53 48 76 55 76 80 55
8 31 97 58 72 72 77 68 58 56
8 32 10 41 30 41 12 54 30 13
8 33 49 50 39 45 35 32 37 29
8 34 18 50 32 54 34 23 49 46
8 35 28 14 39 49 17 51 59 17
8 36 58 61 34 76 32 58 76 36
8 37 36 27 53 24 22 63 38 52
8 38 7 15 39 47 4 23 5 5
8 39 64 81 77 33 62 53 60 72
8 40 49 69 29 39 63 45 36 29
8 41 45 41 47 68 63 66 48 51
8 42 64 72 68 40 34 63 33 62
8 43 80 88 82 69 87 78 52 52
8 44 66 80 75 74 61 43 41 54
8 45 88 59 58 50 55 60 76 52
8 46 80 43 45 65 42 65 78 66
8 47 68 69 69 56 69 79 40 42
9 10 43 51 31 68 57 26 39 42
9 11 33 23 40 56 49 63 22 36
9 12 43 43 56 62 37 48 59 34
9 13 66 45 47 72 39 58 33 52
9 14 21 28 13 38 59 21 18 25
9 15 19 36 30 41 21 19 51 42
9 16 92 57 74 93 93 51 49 57
9 17 22 28 27 57 31 53 58 45
9 18 22 40 49 40 50 42 50 16
9 19 12 20 15 8 42 10 8 44
9 20 31 60 22 21 58 40 57 42
9 21 45 37 44 30 59 42 53 49
9 22 73 60 38 83 44 62 47 55
9 23 63 80 55 55 60 36 35 69
9 24 94 95 79 91 86 52 67 79
9 25 43 57 71 34 41 32 45 47
9 26 55 72 61 43 59 38 65 62
9 27 81 74 51 83 74 84 42 58
9 28 94 55 50 50 69 68 77 82
9 29 60 70 36 48 48 64 67 75
9 30 81 61 89 53 71 65 72 66
9 31 70 73 79 47 78 76 40 49
9 32 58 38 65 35 42 42 45 37
9 33 38 56 63 48 36 43 44 40
9 34 41 42 42 62 34 66 60 63
9 35 27 42 27 40 43 25 30 38
9 36 49 60 50 45 60 29 65 60
9 37 31 16 29 31 38 18 21 36
9 38 79 61 73 45 86 59 75 66
9 39 86 87 83 60 49 54 68 91
9 40 19 18 26 22 48 41 34 49
9 41 10 48 19 33 38 33 44 26
9 42 47 55 31 45 65 62 60 65
9 43 4 32 41 29 17 12 33 10
9 44 39 45 63 38 21 59 22 45
9 45 54 69 74 62 28 60 60 69
9 46 98 82 58 92 98 52 71 57
9 47 15 51 34 35 47 25 47 19
10 11 30 27 25 22 39 15 33 24
10 12 92 47 68 62 82 63 49 63
10 13 40 23 23 44 64 39 21 66
10 14 60 57 52 42 44 45 37 38
10 15 0 48 39 32 33 42 45 23
10 16 66 69 78 82 59 50 53 40
10 17 87 79 91 54 84 62 58 44
10 18 48 55 36 62 58 72 49 66
10 19 72 43 41 64 41 67 62 57
10 20 0 3 27 32 3 20 15 48
10 21 9 6 31 19 27 7 37 5
10 22 45 50 42 29 26 42 58 54
10 23 36 49 56 44 31 47 33 35
10 24 39 37 51 26 69 28 28 25
10 25 92 59 90 82 94 93 63 56
10 26 67 45 64 69 79 72 74 44
10 27 41 44 38 66 30 28 24 65
10 28 43 59 31 27 64 34 49 57
10 29 66 44 69 45 72 57 72 52
10 30 37 21 35 28 58 26 30 37
10 31 95 93 76 64 59 91 76 60
10 32 38 65 30 23 49 55 30 60
10 33 79 62 76 86 43 46 89 87
10 34 48 63 63 37 56 69 63 67
10 35 22 19 17 23 60 37 11 22
10 36 89 90 49 85 50 94 87 93
10 37 44 49 49 53 58 46 69 33
10 38 47 47 38 30 53 24 46 31
10 39 3 39 20 2 21 8 3 33
10 40 48 44 38 38 33 66 29 41
10 41 48 38 73 63 44 57 48 34
10 42 30 58 32 37 32 49 50 60
10 43 68 43 74 79 47 83 36 61
10 44 51 72 30 60 27 67 32 40
10 45 54 51 73 70 32 36 51 34
10 46 12 30 39 26 50 42 41 43
10 47 80 70 42 53 47 43 90 42
11 12 72 61 60 46 62 69 79 44
11 13 22 25 45 23 11 38 21 55
11 14 52 31 37 72 51 62 41 48
11 15 6 43 6 7 7 12 44 51
11 16 39 62 51 20 34 45 35 43
11 17 46 35 72 49 67 62 28 32
11 18 71 52 41 78 41 41 36 66
11 19 2 43 9 3 36 9 24 21
11 20 66 38 72 74 50 68 53 63
11 21 40 65 22 63 39 33 41 37
11 22 34 31 47 59 50 35 40 38
11 23 26 24 62 51 44 16 21 31
11 24 95 61 85 62 59 77 60 66
11 25 63 59 42 41 37 79 72 39
11 26 90 71 47 69 89 68 61 75
11 27 58 36 64 35 64 77 49 33
11 28 86 59 88 55 81 78 73 63
11 29 38 33 44 53 23 52 43 51
11 30 86 87 60 78 57 69 53 52
11 31 77 39 46 39 43 43 50 79
11 32 84 42 44 62 64 60 55 58
11 33 7 4 49 28 46 44 5 37
11 34 54 51 37 31 58 62 51 62
11 35 39 44 20 45 61 64 50 55
11 36 54 41 32 64 72 66 44 53
11 37 68 84 50 45 82 61 46 69
11 38 92 54 61 61 68 54 81 63
11 39 47 40 58 59 50 44 49 59
11 40 45 53 23 62 33 62 57 53
11 41 69 82 83 42 54 76 37 57
11 42 30 23 48 45 39 24 40 55
11 43 24 38 55 26 46 41 36 56
11 44 12 7 7 19 35 8 28 51
11 45 68 46 66 78 75 51 63 36
11 46 93 64 78 75 80 65 73 68
11 47 87 75 49 52 63 52 72 91
12 13 6 37 12 42 39 29 25 53
12 14 24 12 26 38 30 46 57 18
12 15 70 47 83 40 82 70 81 62
12 16 86 65 75 52 53 82 46 79
12 17 59 53 50 59 67 51 55 43
12 18 13 37 13 50 10 24 23 11
12 19 77 85 83 43 88 66 69 66
12 20 65 33 70 67 55 73 73 69
12 21 42 50 59 53 70 62 55 51
12 22 50 38 61 55 57 49 34 71
12 23 11 16 40 36 43 5 23 32
12 24 49 65 39 73 71 72 46 64
12 25 0 7 49 7 44 35 35 28
12 26 47 49 44 45 47 57 25 36
12 27 52 55 48 58 59 50 30 63
12 28 98 57 73 85 98 69 84 53
12 29 92 62 49 65 78 77 78 51
12 30 77 81 66 56 86 63 49 69
12 31 42 67 57 51 68 40 25 51
12 32 62 62 75 58 78 48 58 64
12 33 30 57 38 18 60 20 18 54
12 34 8 6 14 11 47 46 41 51
12 35 82 60 72 50 81 88 77 64
12 36 5 19 33 43 12 13 36 24
12 37 25 43 28 18 54 48 18 28
12 38 80 58 42 64 53 86 40 63
12 39 11 7 7 9 37 31 28 15
12 40 47 33 30 54 47 58 30 45
12 41 77 78 42 88 68 58 39 64
12 42 59 69 41 37 55 42 39 33
12 43 71 68 78 80 39 38 56 70
12 44 19 39 50 32 46 35 49 39
12 45 40 41 61 67 32 34 24 51
12 46 22 17 51 38 52 57 48 44
12 47 66 76 72 41 78 53 44 37
13 14 81 49 81 43 90 72 58 58
13 15 62 52 63 39 52 54 74 65
13 16 56 38 77 65 29 64 44 52
13 17 64 45 74 69 74 35 81 67
13 18 33 63 32 37 59 32 32 19
13 19 37 50 47 59 35 50 42 63
13 20 45 24 60 51 43 27 47 40
13 21 91 54 60 73 81 63 54 94
13 22 42 32 43 63 27 48 57 64
13 23 72 67 66 56 77 80 69 68
13 24 28 41 33 16 28 20 33 56
13 25 97 55 80 50 79 75 60 84
13 26 83 59 80 63 77 69 63 57
13 27 81 73 80 77 64 67 84 79
13 28 19 28 44 35 29 32 50 52
13 29 1 24 40 3 23 44 27 6
13 30 62 61 60 71 58 39 50 66
13 31 90 57 85 83 67 58 50 78
13 32 54 51 51 43 63 64 67 63
13 33 5 46 41 12 4 10 42 50
13 34 94 70 53 67 54 59 91 95
13 35 21 49 54 45 31 33 52 27
13 36 56 61 37 36 58 41 37 31
13 37 55 54 62 58 56 54 59 29
13 38 60 40 32 57 30 79 55 71
13 39 88 70 75 87 62 47 73 71
13 40 11 21 13 53 53 32 38 19
13 41 95 87 50 85 80 86 75 64
13 42 20 34 21 58 22 27 18 51
13 43 12 46 16 16 27 9 33 20
13 44 40 52 65 50 51 33 53 49
13 45 96 55 73 75 83 61 95 67
13 46 32 30 52 50 18 30 45 54
13 47 36 63 49 53 32 29 45 30
14 15 34 54 33 17 58 51 35 23
14 16 80 53 65 76 66 58 45 64
14 17 27 19 51 57 59 47 49 58
14 18 17 16 34 24 38 42 9 13
14 19 98 88 79 95 87 66 52 61
14 20 66 81 71 60 69 51 40 82
14 21 54 42 27 48 65 38 38 66
14 22 4 38 15 50 49 6 32 16
14 23 17 17 29 38 46 33 48 45
14 24 16 47 19 48 47 11 16 8
14 25 10 28 9 19 44 12 29 26
14 26 48 67 51 51 30 55 46 65
14 27 9 7 49 39 12 24 44 12
14 28 71 64 79 43 84 74 61 57
14 29 68 63 36 53 54 51 67 74
14 30 99 82 76 84 52 69 88 72
14 31 68 38 46 39 57 41 50 65
14 32 91 49 74 64 53 93 84 75
14 33 63 53 80 51 66 39 72 54
14 34 87 66 71 51 49 80 75 66
14 35 43 52 43 41 24 61 28 60
14 36 82 78 45 62 90 87 80 54
14 37 67 55 61 57 43 35 46 49
14 38 5 39 38 24 9 15 41 45
14 39 2 20 42 15 9 9 20 33
14 40 60 74 74 63 36 30 38 47
14 41 34 40 61 65 54 36 38 49
14 42 45 35 50 58 44 61 36 30
14 43 77 57 66 48 59 48 69 85
14 44 48 72 37 43 36 47 61 54
14 45 18 53 29 45 10 11 34 26
14 46 89 55 55 91 46 66 59 56
14 47 61 76 49 48 75 47 37 74
15 16 3 18 27 41 42 33 40 17
15 17 7 33 44 6 26 31 36 10
15 18 7 52 39 21 5 43 11 48
15 19 5 26 30 11 12 44 32 40
15 20 90 61 59 48 91 54 94 84
15 21 76 43 78 49 41 63 42 50
15 22 35 29 66 54 60 58 61 58
15 23 30 15 44 63 18 18 31 38
15 24 83 62 85 57 42 81 57 61
15 25 0 39 7 39 13 13 33 25
15 26 40 43 46 63 42 34 37 44
15 27 52 34 31 30 52 71 66 59
15 28 64 57 53 42 67 71 66 72
15 29 42 57 34 34 61 61 45 61
15 30 38 39 58 33 49 22 28 60
15 31 27 40 57 15 60 19 14 21
15 32 56 66 39 51 47 73 54 61
15 33 71 60 50 69 61 82 78 45
15 34 36 23 46 19 34 55 35 58
15 35 63 64 55 45 58 72 49 37
15 36 87 72 54 69 55 50 82 82
15 37 13 11 24 27 25 37 27 36
15 38 93 94 71 61 47 83 96 53
15 39 53 61 65 56 62 26 43 48
15 40 53 39 46 73 37 66 65 26
15 41 29 36 50 30 50 38 50 54
15 42 55 35 43 39 65 50 50 36
15 43 9 11 45 51 10 9 48 34
15 44 34 38 21 64 60 53 54 29
15 45 13 43 52 7 27 33 18 25
15 46 72 60 66 51 67 74 36 55
15 47 49 71 74 46 61 33 43 40
16 17 48 35 29 39 27 42 41 59
16 18 56 67 34 56 40 56 49 61
16 19 51 56 61 29 46 39 52 68
16 20 48 61 29 34 46 62 55 33
16 21 57 66 60 74 34 73 65 52
16 22 19 44 44 11 31 33 41 25
16 23 91 56 53 61 47 58 60 86
16 24 43 71 68 47 55 67 25 64
16 25 20 20 23 49 54 36 41 27
16 26 88 57 87 63 65 91 68 71
16 27 74 65 45 78 50 83 80 86
16 28 4 48 48 49 19 44 26 3
16 29 14 10 11 54 11 53 54 51
16 30 86 49 63 75 85 70 48 65
16 31 73 48 75 65 41 81 45 54
16 32 43 23 39 26 42 51 24 57
16 33 99 92 83 51 57 86 65 69
16 34 68 40 78 77 74 61 54 79
16 35 60 69 41 70 64 60 35 55
16 36 1 40 48 46 50 39 19 28
16 37 7 31 45 15 24 42 47 52
16 38 76 57 59 44 83 73 83 62
16 39 88 78 59 52 62 49 64 64
16 40 13 17 14 44 48 34 47 12
16 41 68 46 39 57 79 53 64 55
16 42 36 30 66 58 28 62 53 27
16 43 17 23 38 49 50 18 34 41
16 44 17 54 35 12 28 32 30 43
16 45 78 75 71 53 41 55 40 72
16 46 25 50 33 58 45 48 37 18
16 47 38 34 29 56 28 45 66 36
17 18 23 56 27 28 36 42 12 37
17 19 75 53 50 84 38 53 73 61
17 20 71 52 66 47 37 55 36 49
17 21 98 76 76 65 88 84 65 70
17 22 44 64 45 60 59 50 63 25
17 23 7 8 40 46 50 25 24 26
17 24 35 58 61 19 34 24 44 55
17 25 94 86 87 88 93 87 53 59
17 26 84 56 63 72 55 79 43 52
17 27 45 46 41 45 47 58 70 38
17 28 39 32 31 43 62 39 62 25
17 29 33 48 25 43 30 25 58 40
17 30 3 25 46 22 33 18 29 42
17 31 85 61 87 51 83 91 91 89
17 32 99 94 70 90 64 79 65 54
17 33 1 20 18 29 47 24 23 35
17 34 91 69 69 63 83 56 80 69
17 35 21 30 40 46 24 32 32 23
17 36 52 40 30 70 47 31 52 67
17 37 8 14 50 8 25 43 48 16
17 38 25 21 57 42 22 59 37 22
17 39 64 58 64 57 61 47 69 68
17 40 97 56 70 75 72 57 71 94
17 41 66 78 71 44 64 40 69 37
17 42 88 75 88 70 52 56 68 93
17 43 88 62 92 48 60 63 51 75
17 44 52 61 48 47 51 58 55 48
17 45 15 23 9 38 12 52 15 16
17 46 92 75 51 58 82 91 72 71
17 47 16 38 18 13 11 42 47 29
18 19 22 40 28 19 12 27 15 17
18 20 84 44 69 72 60 79 84 85
18 21 85 50 84 68 89 79 86 83
18 22 49 54 44 71 54 61 69 67
18 23 52 50 52 57 49 50 59 30
18 24 92 46 87 80 86 54 76 65
18 25 94 78 77 55 62 57 64 76
18 26 14 43 56 40 16 54 7 52
18 27 21 56 35 16 22 25 48 36
18 28 69 37 60 66 63 53 65 56
18 29 4 32 4 50 49 47 12 26
18 30 65 35 62 48 52 49 43 76
18 31 72 55 72 64 81 39 68 84
18 32 29 15 56 37 26 54 19 29
18 33 56 53 72 30 30 31 44 47
18 34 28 47 22 48 37 40 19 58
18 35 21 19 40 54 43 56 45 26
18 36 60 75 73 30 59 55 38 58
18 37 41 32 39 57 23 30 69 22
18 38 29 49 25 25 34 53 39 38
18 39 12 32 47 20 38 53 30 8
18 40 95 85 66 60 57 86 96 82
18 41 98 99 65 65 54 76 60 87
18 42 44 63 58 46 64 63 26 67
18 43 21 48 20 13 51 49 44 13
18 44 87 44 56 79 60 74 77 83
18 45 15 36 20 20 15 31 55 40
18 46 78 43 44 68 86 56 76 59
18 47 7 16 17 4 19 31 50 49
19 20 15 30 47 25 30 39 40 30
19 21 49 72 48 26 40 65 32 36
19 22 51 59 67 63 66 54 49 34
19 23 14 43 9 20 19 28 24 15
19 24 84 58 91 69 91 69 51 52
19 25 26 24 47 32 46 22 15 29
19 26 57 36 78 29 50 74 51 44
19 27 68 42 70 41 38 69 46 69
19 28 84 72 46 61 74 49 82 52
19 29 96 81 91 57 84 84 51 68
19 30 29 41 48 21 22 63 43 44
19 31 76 45 60 85 84 59 57 55
19 32 40 48 24 36 46 60 56 59
19 33 65 55 42 78 81 78 57 54
19 34 30 52 63 62 62 49 64 45
19 35 53 70 72 31 31 44 73 33
19 36 3 21 27 47 14 4 31 10
19 37 43 43 46 33 61 31 47 52
19 38 75 83 62 66 82 78 50 50
19 39 15 10 21 26 14 25 13 12
19 40 96 65 73 57 78 52 71 89
19 41 57 76 35 63 47 33 64 32
19 42 25 60 45 14 40 28 13 32
19 43 63 73 44 34 47 81 39 75
19 44 53 58 45 43 65 60 60 60
19 45 58 63 42 37 71 41 47 52
19 46 4 8 31 50 32 2 36 48
19 47 69 40 64 38 43 35 65 49
20 21 30 44 55 42 18 15 20 45
20 22 63 53 59 38 62 43 42 68
20 23 98 56 77 87 96 63 67 69
20 24 47 42 40 24 55 59 38 34
20 25 87 53 72 91 90 67 84 53
20 26 85 80 77 57 46 52 54 74
20 27 6 34 41 18 29 34 12 19
20 28 22 40 57 23 59 11 20 21
20 29 88 81 75 56 80 46 84 83
20 30 98 65 61 91 62 64 69 49
20 31 77 77 63 57 52 65 54 86
20 32 94 89 91 60 76 69 81 58
20 33 35 53 51 24 67 50 56 60
20 34 45 56 69 40 62 54 72 47
20 35 53 54 28 62 52 72 62 51
20 36 10 14 54 16 8 12 8 50
20 37 86 88 62 77 78 67 48 83
20 38 79 76 40 40 82 82 89 61
20 39 79 55 74 56 58 59 88 46
20 40 57 60 59 66 74 54 38 56
20 41 73 49 72 43 78 73 67 41
20 42 95 87 71 84 97 54 93 71
20 43 89 91 64 77 71 92 90 45
20 44 65 81 65 59 72 55 55 73
20 45 10 11 35 23 51 42 51 52
20 46 79 40 59 44 63 72 47 65
20 47 35 63 31 43 56 42 58 35
21 22 51 44 40 69 68 65 27 59
21 23 96 94 91 93 48 56 82 52
21 24 67 70 51 67 60 80 57 82
21 25 40 60 59 32 48 63 57 43
21 26 30 18 58 56 46 37 50 18
21 27 34 58 62 35 28 62 37 31
21 28 24 32 27 29 61 18 53 31
21 29 53 72 62 61 75 55 45 53
21 30 68 42 76 39 61 73 79 34
21 31 8 41 52 42 12 22 22 26
21 32 33 25 39 40 32 57 66 45
21 33 96 95 84 64 77 85 93 48
21 34 91 65 73 94 65 78 64 62
21 35 42 24 29 41 37 47 66 61
21 36 82 48 75 56 90 82 77 51
21 37 77 42 47 88 78 57 68 76
21 38 76 55 39 56 63 40 77 77
21 39 16 11 53 19 22 36 52 51
21 40 29 23 53 46 17 42 63 44
21 41 48 40 71 72 25 62 48 60
21 42 77 51 58 88 86 44 81 45
21 43 91 85 56 80 48 48 58 52
21 44 91 79 68 83 70 95 81 84
21 45 13 13 10 36 52 15 42 46
21 46 15 39 20 32 43 23 54 30
21 47 39 27 28 56 64 65 44 59
22 23 61 72 78 49 52 31 53 47
22 24 15 38 41 23 50 29 16 53
22 25 24 30 21 35 34 23 55 60
22 26 1 22 10 22 33 29 15 10
22 27 24 28 12 55 15 43 13 36
22 28 85 47 73 80 57 62 60 77
22 29 89 80 60 76 80 93 54 85
22 30 62 41 74 77 60 57 77 80
22 31 23 15 24 38 29 59 30 39
22 32 88 90 83 61 48 86 90 74
22 33 81 76 76 86 82 67 74 64
22 34 47 52 66 25 45 60 64 40
22 35 83 69 47 62 68 84 57 78
22 36 43 29 24 38 57 32 40 40
22 37 59 64 61 49 35 47 65 68
22 38 90 67 87 70 50 58 61 56
22 39 57 39 78 56 62 42 62 61
22 40 89 59 60 69 72 48 65 63
22 41 72 47 43 65 42 44 63 58
22 42 40 67 68 68 62 26 30 63
22 43 85 80 91 91 66 82 46 86
22 44 93 88 49 74 59 50 64 67
22 45 3 47 8 8 5 19 14 29
22 46 24 31 60 25 13 57 43 43
22 47 40 59 28 69 69 39 39 56
23 24 35 29 64 60 55 34 31 32
23 25 71 74 56 75 44 85 81 44
23 26 28 54 42 31 60 27 36 57
23 27 50 32 73 57 48 47 71 44
23 28 50 70 51 66 31 54 32 45
23 29 46 68 27 45 40 46 52 39
23 30 40 59 59 48 45 26 49 56
23 31 33 35 44 65 46 33 58 37
23 32 1 40 28 19 36 30 14 41
23 33 89 83 90 64 48 44 53 87
23 34 80 80 71 50 40 83 60 52
23 35 81 70 60 66 45 85 63 76
23 36 80 62 49 61 43 71 57 84
23 37 84 46 52 69 56 81 84 51
23 38 11 9 53 15 12 24 29 20
23 39 82 81 77 83 43 55 58 69
23 40 93 87 82 64 86 83 96 81
23 41 36 62 19 37 62 24 29 49
23 42 69 70 39 39 80 57 54 40
23 43 57 51 42 68 35 72 40 67
23 44 77 50 55 62 52 77 58 48
23 45 97 71 57 70 77 88 81 67
23 46 85 61 70 86 85 70 86 43
23 47 37 36 34 67 38 51 44 19
24 25 26 16 15 40 34 60 13 23
24 26 96 52 84 67 90 60 80 90
24 27 22 40 28 34 17 32 48 42
24 28 6 34 37 31 25 29 49 24
24 29 51 74 66 69 67 73 46 50
24 30 43 43 56 56 49 37 43 60
24 31 26 41 47 25 49 55 39 57
24 32 6 21 3 10 24 49 29 45
24 33 60 64 43 43 32 49 47 65
24 34 8 46 16 53 28 31 44 7
24 35 28 36 28 49 53 60 62 41
24 36 36 53 57 62 47 59 60 34
24 37 57 51 58 60 41 77 37 66
24 38 71 79 51 59 38 83 71 41
24 39 80 57 43 54 61 89 59 66
24 40 72 53 50 81 81 78 66 53
24 41 99 87 95 53 87 79 78 76
24 42 17 23 49 37 42 37 49 37
24 43 97 76 90 52 79 61 94 52
24 44 92 71 63 66 69 61 84 85
24 45 72 84 73 40 63 79 73 55
24 46 35 42 22 17 62 55 50 37
24 47 87 62 52 59 71 55 67 58
25 26 26 60 56 22 55 58 23 45
25 27 80 67 84 44 61 80 45 48
25 28 19 35 39 54 46 29 52 24
25 29 98 64 58 93 81 84 89 87
25 30 25 26 49 39 49 56 16 49
25 31 24 36 24 56 40 41 13 55
25 32 49 52 57 64 29 26 68 49
25 33 18 23 49 12 29 22 47 38
25 34 25 32 59 60 60 24 45 52
25 35 32 27 57 24 26 54 47 29
25 36 38 53 27 41 27 53 23 32
25 37 40 67 64 40 43 53 24 61
25 38 27 63 51 17 45 54 57 46
25 39 21 43 14 18 49 16 26 45
25 40 1 34 12 41 14 49 38 38
25 41 81 75 66 59 71 55 48 80
25 42 10 19 11 37 39 38 51 30
25 43 34 19 61 19 57 20 45 21
25 44 72 76 64 57 81 65 40 38
25 45 84 80 68 49 57 69 76 47
25 46 17 22 37 29 9 12 34 36
25 47 96 62 79 51 62 66 61 53
26 27 27 57 53 46 33 55 28 20
26 28 51 45 55 60 39 57 41 42
26 29 15 29 52 12 43 24 30 12
26 30 80 78 70 77 84 76 49 44
26 31 95 94 94 92 91 53 80 51
26 32 16 36 16 23 56 35 38 28
26 33 4 31 45 42 8 46 16 17
26 34 28 37 62 57 16 50 37 56
26 35 23 27 53 48 20 22 55 24
26 36 14 12 49 8 33 29 10 27
26 37 58 30 34 52 75 42 50 65
26 38 66 76 44 61 36 48 40 55
26 39 90 82 89 80 57 84 52 74
26 40 14 18 11 24 48 37 28 38
26 41 28 40 23 37 56 31 53 39
26 42 73 72 63 51 55 46 61 69
26 43 23 34 57 38 17 24 35 38
26 44 5 34 26 45 9 38 38 25
26 45 73 65 38 47 83 41 70 71
26 46 45 51 57 48 32 45 48 59
26 47 12 27 29 37 28 8 43 50
27 28 89 52 80 75 65 64 48 50
27 29 32 16 57 27 58 40 56 20
27 30 37 29 55 40 31 30 30 19
27 31 29 30 35 31 17 49 25 27
27 32 43 69 36 45 49 26 53 46
27 33 23 18 59 22 21 29 27 12
27 34 84 59 59 71 60 89 89 77
27 35 88 67 44 81 75 93 67 60
27 36 5 43 3 24 20 37 16 19
27 37 87 86 87 46 62 60 84 53
27 38 1 45 4 10 47 33 24 39
27 39 39 26 30 24 27 29 52 34
27 40 87 89 45 79 52 58 53 49
27 41 18 44 59 43 46 56 32 43
27 42 44 64 29 23 43 59 61 46
27 43 31 18 35 58 58 56 48 60
27 44 69 80 69 35 77 84 42 51
27 45 69 44 74 71 50 72 40 76
27 46 56 73 31 29 38 29 75 56
27 47 21 35 58 52 12 21 37 28
28 29 74 42 53 80 75 37 38 58
28 30 7 40 52 46 48 45 31 10
28 31 36 60 42 22 35 40 21 47
28 32 99 80 69 95 94 60 74 70
28 33 75 79 58 52 51 53 62 77
28 34 15 14 15 18 54 27 53 35
28 35 99 77 84 66 66 61 82 51
28 36 90 74 67 56 60 71 91 90
28 37 95 92 84 63 72 58 82 74
28 38 31 60 51 32 54 51 31 51
28 39 18 27 41 38 19 25 51 35
28 40 78 84 77 53 68 79 78 86
28 41 0 28 29 27 23 13 46 28
28 42 85 63 55 45 54 45 85 71
28 43 56 61 72 55 72 39 67 63
28 44 68 68 81 72 38 37 64 65
28 45 37 61 62 46 52 43 39 49
28 46 58 42 51 32 57 36 66 67
28 47 71 45 36 37 67 60 65 82
29 30 42 49 28 52 67 54 55 35
29 31 89 51 45 46 49 65 57 94
29 32 33 23 58 58 43 49 43 46
29 33 51 68 47 74 35 45 36 47
29 34 52 73 63 33 63 68 47 38
29 35 33 39 29 60 47 46 39 39
29 36 21 38 23 52 54 59 60 31
29 37 46 58 35 30 39 63 57 42
29 38 46 60 47 43 43 26 39 42
29 39 53 67 72 29 61 64 70 34
29 40 96 88 96 62 81 74 91 73
29 41 93 79 49 89 89 46 73 69
29 42 75 73 59 87 74 58 50 39
29 43 48 27 39 72 35 44 70 55
29 44 95 48 63 54 55 56 90 54
29 45 62 42 46 63 55 32 65 44
29 46 65 45 53 76 51 55 63 58
29 47 96 89 96 84 82 74 90 78
30 31 17 9 16 19 34 54 16 55
30 32 72 54 74 50 70 49 64 81
30 33 33 64 42 52 42 51 28 64
30 34 41 21 50 67 32 55 29 49
30 35 47 36 52 72 51 49 69 34
30 36 76 53 80 57 67 82 81 66
30 37 86 93 75 90 87 61 80 58
30 38 5 18 42 26 43 13 8 49
30 39 90 50 82 71 78 61 85 87
30 40 1 11 33 37 1 40 13 45
30 41 36 19 47 48 22 42 39 68
30 42 83 45 64 80 53 82 66 54
30 43 80 46 81 71 68 76 71 85
30 44 24 24 16 29 40 57 61 14
30 45 45 37 37 50 72 65 38 72
30 46 19 25 41 41 47 45 31 30
30 47 3 6 25 40 5 16 4 38
31 32 86 84 51 79 81 60 75 77
31 33 47 42 25 61 61 24 71 66
31 34 37 60 43 67 50 53 54 68
31 35 80 53 54 56 43 73 46 46
31 36 44 59 31 59 70 45 39 47
31 37 32 37 49 45 26 27 63 38
31 38 65 40 79 41 35 60 34 46
31 39 92 91 57 88 50 52 75 88
31 40 27 28 26 46 22 19 34 34
31 41 64 80 39 71 52 74 77 72
31 42 50 25 52 55 66 65 34 47
31 43 78 82 85 60 85 43 71 74
31 44 92 84 69 81 72 75 82 81
31 45 57 74 47 72 52 73 50 67
31 46 53 68 74 34 52 60 60 76
31 47 77 77 46 57 70 62 58 66
32 33 75 59 42 58 70 57 73 50
32 34 42 24 69 66 46 58 43 40
32 35 26 13 15 48 44 45 28 38
32 36 87 77 72 75 80 70 59 51
32 37 60 51 76 46 51 80 56 60
32 38 8 19 29 47 15 43 24 50
32 39 89 77 73 66 59 72 88 49
32 40 96 71 55 49 64 90 69 51
32 41 97 62 53 84 75 68 67 82
32 42 7 13 36 34 48 48 42 19
32 43 46 51 53 60 71 60 30 51
32 44 8 27 53 28 45 49 21 39
32 45 63 64 37 39 53 76 37 47
32 46 87 73 61 60 77 72 57 54
32 47 84 56 46 50 77 62 56 85
33 34 79 73 46 61 89 63 81 50
33 35 21 18 22 56 38 60 47 41
33 36 18 35 29 30 12 54 27 22
33 37 87 47 77 71 82 78 56 92
33 38 69 64 45 46 77 37 51 59
33 39 80 47 79 90 60 86 63 75
33 40 4 15 46 42 45 10 5 8
33 41 87 88 57 53 67 93 78 75
33 42 82 59 57 74 58 73 83 65
33 43 45 68 62 63 66 49 33 27
33 44 83 89 52 70 61 90 78 83
33 45 50 33 41 66 37 66 47 49
33 46 91 63 66 68 89 50 91 80
33 47 48 61 45 60 69 45 36 66
34 35 51 32 51 34 57 62 53 60
34 36 49 54 73 29 53 58 51 64
34 37 73 80 58 51 84 67 80 79
34 38 12 43 10 14 10 36 28 54
34 39 69 67 47 65 65 73 74 80
34 40 27 55 20 34 41 44 41 55
34 41 7 45 40 48 26 51 41 50
34 42 33 34 28 54 31 23 66 18
34 43 61 80 62 44 51 52 59 70
34 44 2 16 1 33 41 28 17 30
34 45 29 37 15 57 29 63 64 43
34 46 58 57 64 32 68 65 75 36
34 47 1 35 34 36 45 49 33 4
35 36 48 72 60 31 46 70 72 58
35 37 63 45 37 66 34 56 33 75
35 38 77 56 74 61 65 53 46 78
35 39 5 35 3 19 35 41 27 11
35 40 75 51 38 43 37 67 44 45
35 41 36 27 31 62 67 19 52 44
35 42 99 67 56 66 82 66 57 64
35 43 40 36 48 62 30 70 40 32
35 44 25 31 17 58 49 48 54 14
35 45 8 39 44 22 40 5 19 49
35 46 88 73 93 66 67 44 79 52
35 47 36 37 47 35 46 49 37 36
36 37 3 43 42 22 15 34 7 24
36 38 45 68 69 34 58 71 66 39
36 39 2 46 37 35 22 5 18 20
36 40 40 54 64 51 34 20 54 60
36 41 68 80 47 35 36 42 43 68
36 42 85 79 52 78 54 53 74 73
36 43 90 70 66 68 62 75 89 94
36 44 14 40 10 52 10 37 11 42
36 45 6 30 24 14 35 22 51 35
36 46 88 93 50 63 65 91 55 90
36 47 96 79 51 67 89 81 72 95
37 38 30 41 49 37 48 57 24 64
37 39 46 29 43 44 49 24 66 64
37 40 62 76 42 44 37 78 57 72
37 41 1 47 8 35 13 41 47 36
37 42 52 34 35 63 72 27 33 57
37 43 36 38 24 50 61 58 37 26
37 44 64 72 49 43 47 58 60 64
37 45 36 50 51 31 47 52 56 38
37 46 19 39 49 32 28 22 53 34
37 47 3 29 41 18 25 20 33 27
38 39 46 41 28 45 23 56 63 51
38 40 64 54 45 62 75 64 73 75
38 41 69 42 76 38 68 57 51 80
38 42 44 70 50 41 51 33 70 22
38 43 65 82 35 78 48 42 80 63
38 44 70 74 83 61 61 63 44 80
38 45 62 74 54 61 67 58 58 80
38 46 29 48 48 25 28 24 34 24
38 47 2 18 14 15 33 18 2 35
39 40 91 68 84 56 50 88 55 54
39 41 21 47 53 58 19 34 21 43
39 42 94 96 67 60 55 53 88 64
39 43 28 46 41 21 43 34 32 33
39 44 57 56 35 56 53 64 58 51
39 45 49 65 46 68 30 45 45 67
39 46 37 54 58 24 35 31 30 64
39 47 62 61 33 55 60 41 74 36
40 41 42 66 30 46 43 42 44 53
40 42 90 81 84 59 70 61 95 60
40 43 79 52 73 66 52 47 45 56
40 44 6 12 8 7 47 6 39 33
40 45 83 48 73 54 56 54 82 87
40 46 95 85 52 92 85 60 55 68
40 47 93 92 74 89 61 56 66 75
41 42 3 14 7 47 50 24 10 36
41 43 84 71 57 86 89 62 69 49
41 44 26 15 14 36 33 36 50 40
41 45 87 47 62 60 61 62 86 46
41 46 41 53 36 70 47 57 57 24
41 47 57 42 75 37 71 64 64 46
42 43 32 19 62 64 24 40 38 37
42 44 99 99 86 71 72 73 54 89
42 45 9 33 40 24 50 21 28 21
42 46 19 24 12 33 59 13 50 22
42 47 23 44 18 27 35 58 35 59
43 44 42 37 39 64 52 34 65 66
43 45 26 24 20 44 31 45 19 62
43 46 63 54 40 51 40 53 71 51
43 47 36 56 60 48 51 36 29 43
44 45 55 73 69 77 75 61 72 30
44 46 97 75 78 91 91 51 56 72
44 47 69 77 43 58 53 67 35 46
45 46 86 48 81 51 57 75 77 47
45 47 42 24 51 59 42 50 55 58
46 47 91 84 94 89 79 95 57 85
