7 8
0 0 0 0.5 0.5 0 0 0 
0 1 51 34 65 47 66 36 54 35
0 2 27 61 54 60 48 20 25 29
0 3 4 38 29 37 4 45 13 24
0 4 15 26 17 51 29 37 12 49
0 5 14 7 20 47 40 9 31 55
0 6 14 33 14 26 28 47 26 30
1 2 88 89 66 44 73 75 78 55
1 3 26 33 19 62 46 46 27 46
1 4 48 28 41 34 65 64 68 52
1 5 33 28 28 32 49 26 25 36
1 6 95 56 93 54 65 76 80 51
2 3 44 44 27 54 42 25 40 25
2 4 49 60 56 52 33 38 57 31
2 5 15 56 36 9 55 30 9 40
2 6 78 44 64 75 61 50 87 57
3 4 62 67 50 64 53 49 56 70
3 5 34 31 46 36 56 23 64 18
3 6 19 58 12 42 25 46 20 55
4 5 14 52 56 31 47 46 13 32
4 6 69 67 67 79 48 59 79 50
5 6 64 52 65 46 67 33 46 46
