17 10
0.111111 0.111111 0.111111 0.111111 0.111111 0.111111 0.111111 0.111111 0.111111 0.0 
0 1 95 36 47 42 59 7 46 77 55 35
0 2 18 62 68 72 86 20 28 45 17 78
0 3 33 49 85 67 91 43 16 42 27 15
0 4 92 14 47 16 77 48 4 63 49 23
0 5 90 48 75 22 67 55 39 52 61 62
0 6 89 46 81 23 47 29 64 71 5 49
0 7 3 46 60 30 48 22 63 23 75 34
0 8 93 29 16 27 62 47 52 43 66 25
0 9 91 66 61 31 6 54 65 10 2 33
0 10 32 35 88 49 37 68 79 69 30 82
0 11 95 25 20 15 7 3 78 60 80 19
0 12 92 31 57 26 55 78 77 60 60 73
0 13 77 27 31 11 13 43 14 21 46 61
0 14 85 57 79 72 60 9 3 69 60 64
0 15 25 41 59 91 60 49 22 17 89 40
0 16 24 32 90 62 44 31 90 60 34 57
1 2 20 56 19 43 73 54 72 70 78 82
1 3 10 46 19 61 45 45 25 73 81 76
1 4 44 76 31 45 72 81 19 32 15 74
1 5 98 47 52 0 45 77 38 31 36 66
1 6 94 54 40 66 66 36 61 56 26 8
1 7 7 74 55 33 20 35 31 20 43 57
1 8 86 65 5 41 5 16 23 36 51 47
1 9 50 15 56 31 12 57 21 28 17 20
1 10 10 62 70 94 60 55 32 59 88 64
1 11 87 2 60 4 58 17 7 32 23 64
1 12 95 67 37 15 80 68 52 35 66 52
1 13 61 49 61 64 69 30 13 77 30 26
1 14 54 87 55 32 25 55 22 86 78 36
1 15 33 44 71 49 15 62 55 36 69 81
1 16 71 16 40 55 57 9 58 13 15 38
2 3 94 69 54 24 39 58 19 21 74 14
2 4 88 15 11 45 45 61 72 81 68 27
2 5 40 44 30 30 45 87 42 32 85 55
2 6 40 88 18 44 27 29 61 45 16 75
2 7 90 79 77 76 33 7 37 50 53 34
2 8 9 58 76 97 44 36 88 93 78 40
2 9 88 36 18 50 51 69 19 59 16 50
2 10 25 52 93 39 71 17 23 94 87 25
2 11 62 55 13 28 8 8 62 57 8 25
2 12 85 25 29 41 13 64 61 16 8 32
2 13 14 71 33 51 92 94 96 22 25 89
2 14 11 84 67 31 95 44 84 80 43 95
2 15 20 52 30 32 21 34 74 41 78 87
2 16 46 63 24 73 82 30 55 17 37 84
3 4 81 52 26 16 77 55 15 5 27 40
3 5 61 47 68 81 64 57 8 27 65 47
3 6 22 45 82 43 36 30 68 32 91 66
3 7 25 36 39 34 85 51 61 53 86 54
3 8 44 22 51 33 70 40 26 42 20 75
3 9 63 24 55 80 28 55 44 39 20 24
3 10 25 91 36 91 29 41 66 21 93 88
3 11 19 37 35 53 29 92 96 49 53 73
3 12 74 48 21 11 60 46 5 72 21 63
3 13 30 61 58 20 25 14 28 62 90 32
3 14 35 66 61 71 24 48 67 67 56 69
3 15 38 39 68 79 79 62 90 74 34 20
3 16 33 19 82 36 22 27 17 73 66 91
4 5 98 62 26 58 74 9 50 59 37 44
4 6 17 32 81 26 87 33 59 67 54 87
4 7 94 14 51 38 64 25 28 52 58 6
4 8 55 10 36 15 35 63 81 79 58 24
4 9 95 11 3 46 33 39 46 41 77 45
4 10 50 49 68 83 64 14 49 22 53 29
4 11 33 49 93 13 74 56 36 79 17 58
4 12 11 65 26 52 80 66 35 64 63 20
4 13 17 22 33 84 78 83 84 91 44 90
4 14 77 47 74 50 21 30 64 29 10 27
4 15 8 59 23 46 76 24 72 73 47 37
4 16 18 89 52 88 53 60 86 34 63 88
5 6 94 25 41 28 45 57 71 59 37 36
5 7 56 17 33 9 46 41 43 58 12 58
5 8 27 86 83 81 19 94 40 84 45 14
5 9 12 50 65 64 48 75 71 67 45 86
5 10 49 30 22 36 16 21 78 49 40 42
5 11 70 56 6 17 72 49 25 80 64 32
5 12 89 5 56 68 66 14 66 39 34 61
5 13 42 31 21 62 91 64 25 41 61 88
5 14 62 81 58 68 38 49 41 55 40 9
5 15 81 71 64 44 18 69 8 59 27 72
5 16 77 62 76 55 34 36 55 79 81 27
6 7 70 72 62 26 15 72 72 8 67 15
6 8 53 40 87 54 14 52 80 88 62 25
6 9 14 77 88 35 30 47 81 82 96 76
6 10 82 21 31 10 61 11 56 21 79 69
6 11 60 77 81 13 19 24 74 77 82 31
6 12 14 34 35 59 17 90 78 41 55 46
6 13 52 45 76 77 36 29 78 37 71 77
6 14 64 73 13 19 23 47 57 9 54 43
6 15 61 21 78 43 49 37 36 64 59 65
6 16 53 42 50 50 15 21 16 25 28 50
7 8 61 74 16 60 76 15 41 61 46 76
7 9 1 22 36 41 86 64 83 74 22 92
7 10 11 40 67 21 68 73 95 21 81 62
7 11 76 49 45 46 36 74 48 62 46 8
7 12 63 13 35 44 65 82 29 75 37 62
7 13 64 33 74 55 29 40 82 39 78 7
7 14 0 86 58 63 76 52 21 53 40 83
7 15 62 80 31 58 21 24 50 35 45 46
7 16 77 58 19 13 16 59 8 40 76 83
8 9 39 50 46 13 50 86 20 34 40 31
8 10 7 89 87 24 43 85 56 43 45 97
8 11 77 44 68 31 65 12 72 11 4 5
8 12 83 17 51 70 70 45 74 16 35 13
8 13 24 69 53 42 62 69 61 22 37 69
8 14 3 74 93 87 83 19 65 87 61 38
8 15 92 74 37 20 67 57 42 25 24 8
8 16 95 11 61 79 43 78 3 57 1 9
9 10 90 72 44 5 6 39 53 59 13 50
9 11 92 32 81 11 25 74 67 79 3 75
9 12 43 44 64 79 22 55 64 45 32 89
9 13 88 14 5 65 53 65 80 29 20 47
9 14 31 31 36 89 50 17 64 25 31 31
9 15 41 55 69 60 71 28 48 44 71 67
9 16 8 27 52 82 60 94 81 86 31 90
10 11 45 73 87 47 46 45 23 39 34 61
10 12 28 36 14 38 78 72 33 93 29 28
10 13 70 36 37 41 69 78 78 34 38 30
10 14 87 23 29 40 20 6 27 59 10 29
10 15 28 19 85 66 27 38 69 75 28 23
10 16 93 23 51 23 40 39 20 32 71 3
11 12 83 61 17 22 64 71 46 14 45 57
11 13 74 21 7 14 15 43 31 39 35 41
11 14 41 61 83 88 42 49 23 45 29 41
11 15 69 77 17 32 73 79 84 46 41 46
11 16 63 86 53 34 39 23 24 37 33 21
12 13 21 47 21 40 44 48 60 66 19 61
12 14 21 56 80 37 91 63 55 26 51 38
12 15 97 3 58 77 5 67 42 41 23 28
12 16 27 58 53 84 60 28 20 34 65 91
13 14 98 10 56 21 14 38 33 41 17 57
13 15 33 41 18 20 58 17 50 20 82 45
13 16 15 60 63 27 19 43 82 82 37 38
14 15 84 21 3 45 56 27 5 18 10 78
14 16 1 51 52 20 39 35 72 79 39 64
15 16 30 90 15 67 14 34 47 57 73 33
