50 10
0.2 0.2 0.2 0.2 0.2 0.0 0.0 0.0 0.0 0.0 
0 1 33 47 64 61 45 73 57 63 64 82
0 2 94 25 22 32 8 43 31 26 30 49
0 3 16 74 79 62 72 56 76 58 63 87
0 4 60 29 43 46 33 25 35 60 56 52
0 5 19 46 76 51 84 75 72 70 44 50
0 6 95 46 9 9 33 35 36 35 28 14
0 7 82 39 54 32 8 57 54 42 31 40
0 8 46 40 59 61 71 48 57 38 56 64
0 9 20 73 49 50 83 75 67 75 76 57
0 10 10 87 60 55 59 94 94 76 85 51
0 11 57 55 40 42 35 22 63 35 36 33
0 12 30 52 77 67 49 70 72 47 81 76
0 13 54 41 51 36 69 71 44 64 37 29
0 14 39 71 67 42 38 54 32 41 69 76
0 15 13 51 86 47 62 58 83 53 62 44
0 16 24 54 79 45 47 44 72 66 83 55
0 17 25 49 64 53 76 71 83 41 51 43
0 18 65 41 38 53 19 36 55 24 31 54
0 19 7 73 94 75 71 92 65 50 88 73
0 20 97 16 16 40 23 49 23 8 32 9
0 21 6 65 81 60 74 60 68 86 71 49
0 22 8 47 75 79 57 58 87 58 58 68
0 23 67 35 33 60 23 50 62 55 45 36
0 24 2 94 82 59 71 93 92 63 69 89
0 25 4 63 76 82 74 80 86 70 91 88
0 26 53 65 25 52 41 45 58 41 27 53
0 27 54 66 26 54 38 61 34 30 42 48
0 28 52 57 42 41 62 23 65 61 38 68
0 29 36 76 52 62 61 32 32 70 41 34
0 30 14 68 52 50 62 91 79 87 60 51
0 31 15 69 79 55 51 58 73 81 45 69
0 32 0 79 64 76 77 66 62 54 77 77
0 33 17 61 41 46 87 47 50 63 81 49
0 34 79 35 19 17 39 42 35 24 52 43
0 35 21 39 80 67 58 49 51 41 67 55
0 36 56 42 67 33 65 50 58 44 60 60
0 37 31 52 80 49 68 64 57 36 44 70
0 38 86 14 56 9 17 12 51 40 16 30
0 39 37 70 50 47 69 63 76 73 52 37
0 40 21 69 52 45 47 40 82 57 46 80
0 41 87 16 41 23 37 8 14 35 11 20
0 42 62 63 29 45 23 62 60 44 28 40
0 43 68 25 24 18 16 40 33 45 50 65
0 44 21 45 40 67 58 74 53 87 82 41
0 45 58 60 59 56 25 56 44 58 24 49
0 46 80 56 48 27 42 17 18 55 23 18
0 47 18 53 73 78 78 46 62 52 77 49
0 48 97 8 18 40 11 4 31 7 43 19
0 49 53 32 60 41 51 68 66 60 41 72
1 2 41 78 73 36 30 32 31 75 50 41
1 3 14 74 55 45 77 89 52 75 70 81
1 4 66 65 25 37 39 39 53 20 33 33
1 5 31 71 43 46 35 69 67 47 47 34
1 6 97 18 25 3 20 7 39 27 42 32
1 7 58 23 60 66 21 35 38 38 67 52
1 8 73 25 59 25 56 39 20 16 19 24
1 9 80 56 34 35 47 25 19 27 48 49
1 10 47 33 52 68 55 74 46 66 75 40
1 11 28 68 62 69 61 45 51 52 43 75
1 12 61 68 26 57 59 43 63 53 35 64
1 13 67 58 19 65 65 40 48 28 23 32
1 14 99 3 34 15 24 0 15 37 21 8
1 15 36 47 53 46 69 65 58 74 55 69
1 16 73 32 42 62 30 45 26 47 62 32
1 17 58 37 57 60 59 32 54 38 43 45
1 18 79 32 41 11 24 17 46 35 54 59
1 19 96 42 26 37 27 31 18 31 43 34
1 20 30 54 81 52 61 66 59 41 66 83
1 21 55 59 27 42 52 66 52 28 26 58
1 22 69 27 55 34 39 40 39 51 26 15
1 23 53 26 23 42 54 53 67 53 38 24
1 24 71 50 22 27 45 47 53 42 58 37
1 25 52 45 45 60 33 50 63 48 60 68
1 26 56 66 22 64 51 53 22 56 25 42
1 27 19 63 76 65 87 88 65 77 80 80
1 28 72 36 31 56 19 62 57 39 30 39
1 29 78 23 30 26 23 22 17 30 14 24
1 30 52 48 47 39 29 65 60 55 59 62
1 31 13 53 58 62 66 46 83 81 44 79
1 32 1 71 53 52 93 50 63 51 91 66
1 33 27 51 40 63 58 44 58 77 47 44
1 34 68 16 32 18 53 54 20 47 23 43
1 35 8 75 92 81 70 52 87 87 73 75
1 36 39 74 45 35 40 32 40 33 52 35
1 37 62 62 65 47 62 57 60 26 31 53
1 38 17 44 81 58 86 51 67 57 50 52
1 39 15 87 56 47 66 78 54 60 90 45
1 40 37 48 51 75 74 47 70 58 48 54
1 41 45 62 75 46 39 52 65 35 72 58
1 42 38 73 57 70 69 72 64 56 59 44
1 43 38 40 35 56 39 43 49 40 63 69
1 44 42 63 52 46 78 53 33 51 47 60
1 45 70 42 20 50 47 32 43 46 57 26
1 46 78 12 24 41 60 54 40 45 25 55
1 47 79 47 12 54 13 39 41 26 18 27
1 48 18 46 74 79 73 55 84 51 76 51
1 49 60 43 32 69 54 67 65 55 52 37
2 3 2 67 92 49 94 87 98 85 77 53
2 4 95 16 5 5 27 43 21 12 28 43
2 5 41 55 34 70 33 55 35 53 52 41
2 6 35 40 41 65 42 76 37 65 80 46
2 7 16 72 86 77 50 63 45 87 64 71
2 8 25 47 77 58 57 55 67 40 56 40
2 9 7 80 55 87 72 76 46 51 75 74
2 10 10 74 94 49 90 51 66 70 91 94
2 11 31 77 72 57 41 72 67 58 80 45
2 12 69 55 17 24 37 35 19 20 41 50
2 13 37 40 55 37 38 67 48 34 71 47
2 14 56 25 66 53 71 43 63 47 55 54
2 15 39 31 79 68 79 43 72 50 79 36
2 16 56 47 52 46 39 40 65 60 69 42
2 17 75 30 35 28 48 34 59 42 33 52
2 18 41 30 75 38 63 58 46 74 53 32
2 19 27 55 71 68 78 46 82 54 44 56
2 20 3 54 95 69 57 84 84 55 70 70
2 21 75 51 16 32 61 39 58 14 28 42
2 22 1 83 71 70 58 57 74 81 73 60
2 23 10 60 49 53 77 52 70 46 59 53
2 24 24 40 60 65 55 66 68 68 79 64
2 25 38 53 48 65 40 31 57 51 66 53
2 26 86 26 27 52 10 10 10 32 9 22
2 27 12 74 93 58 62 63 50 82 87 54
2 28 13 68 48 53 89 45 52 56 83 71
2 29 75 36 45 50 50 14 27 34 24 12
2 30 30 48 56 38 79 67 54 83 43 41
2 31 55 22 54 42 27 57 47 52 57 45
2 32 98 39 1 11 1 10 45 8 28 14
2 33 50 53 34 55 40 47 64 49 46 61
2 34 3 55 61 62 54 79 72 64 56 78
2 35 50 70 41 68 57 53 27 36 39 74
2 36 57 33 44 69 33 69 48 58 42 57
2 37 50 41 48 64 29 33 35 57 64 56
2 38 99 47 24 6 8 37 35 13 6 41
2 39 35 42 49 44 70 46 59 74 79 75
2 40 43 69 40 69 55 72 34 61 69 46
2 41 27 52 81 74 72 56 82 81 58 51
2 42 12 89 85 74 59 57 72 69 75 58
2 43 78 15 35 49 25 52 55 52 43 58
2 44 26 80 55 56 41 79 55 60 76 42
2 45 44 62 76 71 31 32 59 40 36 47
2 46 94 10 39 21 23 22 19 19 34 31
2 47 83 28 35 34 21 33 50 23 51 18
2 48 26 73 51 82 67 55 39 47 44 46
2 49 26 69 67 75 53 84 75 72 82 83
3 4 58 68 24 34 54 33 55 52 39 40
3 5 86 44 46 27 34 26 47 53 45 54
3 6 0 73 75 88 78 60 91 96 55 58
3 7 77 52 36 53 17 22 29 53 20 43
3 8 92 25 11 10 34 41 35 41 13 53
3 9 46 46 56 67 57 50 47 68 52 41
3 10 58 68 33 62 58 24 27 63 32 36
3 11 42 37 30 73 66 29 43 74 50 48
3 12 15 55 66 58 42 88 75 42 71 83
3 13 71 27 44 31 28 41 24 41 55 62
3 14 37 34 39 68 56 67 46 53 79 47
3 15 0 94 75 93 51 63 94 56 84 88
3 16 2 69 87 78 89 57 77 93 72 73
3 17 17 55 42 57 59 52 85 91 65 55
3 18 68 27 36 31 64 38 56 31 42 26
3 19 72 46 56 20 31 45 50 32 53 34
3 20 54 62 26 67 59 26 33 38 37 62
3 21 12 77 56 89 53 86 92 59 57 59
3 22 66 36 44 36 58 65 61 26 46 65
3 23 94 18 6 34 50 6 36 39 26 29
3 24 50 31 45 53 33 44 42 73 52 55
3 25 33 81 69 60 54 63 43 82 50 53
3 26 11 82 86 84 88 93 70 91 84 77
3 27 53 58 34 70 50 48 40 67 28 55
3 28 46 52 58 38 59 43 68 52 45 59
3 29 79 22 45 12 22 17 31 55 43 38
3 30 48 57 29 63 59 74 37 55 62 56
3 31 63 19 53 53 26 46 37 45 47 57
3 32 2 81 72 74 78 82 70 82 66 96
3 33 50 33 74 26 73 52 52 69 35 52
3 34 83 48 28 34 39 57 54 12 35 42
3 35 18 54 68 85 81 53 60 73 55 76
3 36 91 48 40 28 32 54 21 53 47 19
3 37 62 63 65 35 52 50 27 29 42 30
3 38 33 74 79 34 44 67 50 40 68 39
3 39 59 32 65 34 27 60 24 21 65 42
3 40 65 62 52 56 28 62 56 63 58 21
3 41 5 64 47 88 65 92 75 67 88 89
3 42 74 53 32 47 52 37 35 19 54 48
3 43 58 67 58 30 42 45 45 57 47 69
3 44 8 46 53 90 90 78 69 73 94 68
3 45 64 51 41 29 65 38 25 63 45 57
3 46 52 50 70 42 34 51 69 24 58 48
3 47 93 43 25 41 30 47 23 9 20 34
3 48 30 71 60 78 40 69 61 70 41 40
3 49 65 52 54 20 56 43 54 35 54 57
4 5 52 29 44 61 47 56 25 54 63 43
4 6 80 25 29 42 16 32 42 31 50 15
4 7 21 65 85 81 56 86 62 42 76 58
4 8 99 24 46 38 11 2 16 34 6 39
4 9 84 11 29 8 11 13 21 29 30 34
4 10 3 78 82 51 61 74 60 94 93 78
4 11 84 49 13 55 15 42 33 8 12 11
4 12 57 34 45 53 51 30 70 44 45 58
4 13 93 40 45 46 16 34 31 48 21 30
4 14 14 63 77 65 49 50 69 50 75 64
4 15 99 43 24 13 9 41 2 3 26 45
4 16 50 73 73 70 60 28 52 56 64 70
4 17 45 66 41 71 56 43 59 74 53 59
4 18 68 50 62 37 62 34 36 47 30 39
4 19 70 18 61 36 56 22 60 49 17 27
4 20 1 79 63 79 90 84 66 60 78 63
4 21 93 43 19 44 48 12 14 15 48 52
4 22 47 65 44 56 45 36 58 58 43 36
4 23 3 75 51 73 62 79 79 97 76 82
4 24 98 44 45 12 1 44 3 41 29 39
4 25 50 58 47 34 69 73 68 72 69 29
4 26 84 15 45 55 29 43 45 33 28 56
4 27 23 80 47 67 45 50 43 69 38 71
4 28 13 76 51 84 71 59 69 87 79 77
4 29 3 82 85 74 58 58 78 78 67 82
4 30 90 34 23 31 40 35 44 26 46 24
4 31 40 61 35 69 49 55 71 74 42 54
4 32 50 35 43 27 42 32 72 30 58 37
4 33 35 50 57 72 80 77 42 69 46 52
4 34 82 51 23 30 19 22 54 24 11 54
4 35 68 63 44 23 21 34 16 23 55 25
4 36 76 33 61 38 31 54 52 59 34 16
4 37 73 14 41 42 47 33 50 34 39 56
4 38 43 70 61 54 64 37 30 57 76 54
4 39 77 56 23 35 11 54 22 24 26 54
4 40 62 21 57 42 25 23 24 58 63 25
4 41 40 75 70 59 55 32 50 37 72 42
4 42 41 41 54 41 53 66 36 69 54 54
4 43 10 56 89 65 73 93 77 66 74 69
4 44 76 44 31 21 58 56 54 47 22 14
4 45 2 93 51 77 88 61 75 97 78 97
4 46 98 39 43 11 50 31 29 9 36 19
4 47 49 64 74 73 26 28 52 61 40 60
4 48 49 36 36 43 70 27 54 34 45 47
4 49 7 66 74 87 68 77 85 69 82 84
5 6 60 50 28 62 30 59 20 23 68 58
5 7 52 33 68 65 59 64 66 43 69 72
5 8 11 89 90 56 52 47 93 90 91 58
5 9 75 50 47 51 48 32 50 33 43 54
5 10 95 30 49 4 48 9 41 47 14 39
5 11 7 48 51 55 86 94 50 59 61 84
5 12 11 60 87 46 48 82 81 74 89 59
5 13 76 43 51 31 19 21 55 22 56 25
5 14 30 37 76 80 63 73 49 39 49 66
5 15 43 75 32 49 48 29 47 66 30 75
5 16 80 21 19 31 34 41 10 40 52 38
5 17 14 65 85 59 58 72 69 88 46 81
5 18 27 59 63 71 59 65 54 69 83 78
5 19 12 92 62 82 58 46 86 93 49 51
5 20 5 92 80 81 61 66 81 70 60 78
5 21 56 29 36 44 63 36 69 50 25 59
5 22 46 70 71 29 71 74 28 32 31 63
5 23 18 57 69 68 73 78 54 51 42 66
5 24 79 45 21 38 52 24 32 46 25 56
5 25 67 21 19 49 50 39 43 60 43 18
5 26 38 35 32 54 72 53 59 63 31 72
5 27 39 79 48 54 76 59 67 70 77 65
5 28 29 38 77 47 51 48 37 85 44 71
5 29 70 26 55 20 49 20 15 23 23 62
5 30 61 33 45 56 62 45 23 27 29 56
5 31 81 29 56 48 47 29 54 55 40 44
5 32 28 46 59 67 57 71 77 80 71 39
5 33 94 27 49 18 46 5 5 9 7 41
5 34 50 39 29 37 40 36 71 44 27 40
5 35 58 69 22 50 47 65 58 46 66 21
5 36 44 29 71 52 72 77 64 49 34 56
5 37 38 51 37 60 58 32 67 30 50 67
5 38 15 75 86 43 47 44 65 65 49 56
5 39 45 62 75 31 60 69 47 48 50 59
5 40 97 2 43 47 20 37 1 28 21 21
5 41 10 75 72 67 89 62 66 68 51 48
5 42 43 62 77 49 35 78 64 56 63 61
5 43 68 28 52 40 24 56 44 61 64 44
5 44 98 13 46 18 30 11 34 26 15 17
5 45 93 29 9 40 22 48 38 51 42 45
5 46 52 39 62 48 47 55 57 60 56 58
5 47 90 8 20 18 46 32 16 47 47 14
5 48 29 60 36 62 53 56 67 73 70 49
5 49 66 31 21 64 28 41 17 44 28 55
6 7 95 3 16 23 33 8 32 24 27 3
6 8 54 62 32 45 47 41 33 34 59 68
6 9 44 43 69 43 67 32 75 55 76 37
6 10 71 44 32 64 27 25 15 22 32 51
6 11 4 94 63 77 80 77 94 75 69 51
6 12 90 38 46 30 39 15 21 10 9 39
6 13 31 72 78 67 65 38 68 69 81 38
6 14 22 66 40 58 48 69 55 76 85 67
6 15 76 52 29 17 16 46 59 17 27 59
6 16 3 96 93 62 70 66 71 50 91 83
6 17 43 55 44 60 36 60 70 66 76 43
6 18 26 45 56 38 53 61 59 82 60 67
6 19 15 45 64 82 53 55 47 81 52 73
6 20 70 16 49 29 14 40 24 42 55 56
6 21 27 56 64 64 53 86 72 73 61 75
6 22 24 62 43 42 80 49 44 47 83 47
6 23 55 55 35 42 70 34 58 59 26 61
6 24 67 42 47 64 46 30 50 45 20 38
6 25 81 26 26 24 48 10 12 38 32 34
6 26 91 9 53 11 31 31 38 41 22 31
6 27 10 76 94 92 64 71 47 70 74 45
6 28 32 45 47 66 73 52 40 34 56 75
6 29 23 79 50 50 44 81 64 56 53 43
6 30 32 68 70 74 80 72 82 53 68 39
6 31 95 15 21 43 2 10 17 23 3 41
6 32 41 47 72 75 42 37 59 73 44 67
6 33 92 43 27 30 6 16 17 47 20 35
6 34 26 74 79 64 47 41 73 78 64 65
6 35 33 52 33 68 61 75 57 35 36 60
6 36 37 71 49 61 52 71 38 42 53 79
6 37 84 15 14 50 50 38 9 42 15 41
6 38 65 59 18 31 64 60 32 55 62 27
6 39 43 48 71 51 59 38 43 45 58 51
6 40 71 54 27 52 61 44 58 56 17 51
6 41 96 33 43 46 18 8 8 26 7 8
6 42 75 39 25 34 29 12 14 35 55 44
6 43 74 45 26 17 32 50 46 38 59 27
6 44 1 83 72 73 55 51 61 82 64 54
6 45 86 21 18 12 30 19 14 11 51 48
6 46 97 38 47 46 51 39 28 22 41 32
6 47 16 88 57 76 71 60 63 75 90 46
6 48 9 71 68 53 56 73 81 86 59 81
6 49 63 58 37 18 62 20 42 59 35 50
7 8 55 61 50 65 44 22 67 51 62 28
7 9 18 81 56 57 59 86 70 69 73 49
7 10 12 47 47 80 78 68 61 87 72 50
7 11 17 75 59 61 54 51 50 42 83 59
7 12 72 47 42 51 38 47 17 36 30 38
7 13 72 51 44 35 60 59 52 50 39 58
7 14 98 37 47 15 28 42 14 10 24 3
7 15 25 43 42 38 47 52 38 40 52 43
7 16 37 68 65 76 37 75 58 66 61 52
7 17 48 53 69 60 61 30 45 33 39 49
7 18 46 29 50 34 46 46 42 63 58 68
7 19 91 17 25 48 7 41 11 48 51 14
7 20 36 44 49 58 59 64 50 50 45 38
7 21 28 84 77 45 45 65 82 78 71 48
7 22 16 88 78 85 64 50 79 86 65 88
7 23 50 40 56 28 66 63 60 49 67 33
7 24 43 31 52 65 68 46 52 32 68 68
7 25 58 68 23 54 52 46 33 65 39 46
7 26 11 83 63 88 60 65 93 47 89 79
7 27 72 50 29 14 51 46 29 40 32 25
7 28 34 35 58 67 35 55 34 38 34 41
7 29 8 94 53 59 68 81 69 84 58 47
7 30 38 59 71 57 73 52 57 47 55 33
7 31 78 50 45 53 31 43 21 42 29 33
7 32 65 44 31 44 57 52 20 40 55 22
7 33 42 29 55 62 38 37 47 33 56 56
7 34 84 38 34 23 38 54 25 32 53 42
7 35 17 41 88 53 72 49 54 81 74 67
7 36 46 74 76 48 47 65 47 37 67 39
7 37 34 55 46 50 63 38 56 54 40 71
7 38 68 53 38 64 24 52 17 45 16 46
7 39 5 51 77 87 65 55 96 64 65 68
7 40 91 48 10 7 14 12 52 13 49 38
7 41 16 83 51 67 88 43 62 47 74 56
7 42 25 55 40 48 87 64 49 63 76 71
7 43 49 66 65 74 41 71 63 52 69 50
7 44 33 48 42 49 64 67 48 64 45 38
7 45 90 31 35 45 31 14 10 18 42 42
7 46 17 55 59 55 80 51 87 54 73 71
7 47 61 28 50 41 29 46 64 31 68 24
7 48 44 33 59 54 47 32 77 49 48 44
7 49 87 7 36 15 28 32 31 47 25 35
8 9 98 12 3 44 8 12 6 50 47 34
8 10 60 68 64 29 45 27 23 62 44 35
8 11 3 80 96 77 53 90 89 75 81 96
8 12 76 56 43 51 44 41 21 13 36 28
8 13 94 18 4 32 35 26 34 27 17 20
8 14 39 33 39 38 37 70 39 65 63 44
8 15 34 34 81 43 35 72 67 56 52 42
8 16 78 27 43 16 41 40 47 21 56 25
8 17 74 27 58 60 55 26 15 21 38 38
8 18 77 32 23 57 25 14 26 42 45 20
8 19 24 80 63 72 41 70 57 61 79 38
8 20 75 21 13 41 55 31 56 34 61 15
8 21 66 49 30 45 57 39 27 35 38 49
8 22 34 78 48 69 56 61 60 52 61 51
8 23 61 42 68 66 24 31 34 19 65 54
8 24 34 35 44 63 60 45 82 47 78 73
8 25 7 54 95 70 96 83 77 78 87 46
8 26 42 45 34 35 55 59 70 61 29 60
8 27 91 34 48 16 34 38 14 15 14 35
8 28 77 57 51 37 54 42 59 41 44 14
8 29 41 55 55 69 50 67 78 59 55 79
8 30 97 26 14 5 33 34 11 31 33 26
8 31 92 33 19 52 25 19 53 24 21 29
8 32 98 20 41 39 21 9 44 36 25 29
8 33 64 47 21 63 52 46 40 58 47 19
8 34 0 56 53 82 57 95 99 75 84 94
8 35 38 33 30 53 45 57 48 53 41 49
8 36 80 50 39 38 49 44 57 27 58 48
8 37 58 25 21 36 44 29 27 22 49 33
8 38 33 58 71 41 49 60 63 76 76 64
8 39 80 30 40 45 29 16 57 53 24 42
8 40 20 41 87 65 64 75 51 54 51 53
8 41 71 38 45 47 25 56 16 19 24 34
8 42 23 87 68 88 75 40 69 87 80 88
8 43 68 58 48 42 60 42 17 65 34 55
8 44 85 29 55 27 31 12 18 13 18 7
8 45 67 24 36 21 46 58 63 19 27 21
8 46 43 69 45 42 56 63 36 73 73 48
8 47 1 68 83 82 56 61 81 78 77 98
8 48 18 41 49 71 66 43 67 76 87 67
8 49 14 44 86 79 87 75 87 50 55 52
9 10 95 10 43 35 14 42 18 40 41 15
9 11 49 49 42 34 45 41 48 37 41 44
9 12 44 63 43 74 33 70 29 59 67 43
9 13 59 57 41 62 33 22 32 42 46 55
9 14 97 4 47 2 40 31 23 36 42 6
9 15 29 38 62 37 83 59 84 65 47 45
9 16 61 47 31 52 36 21 51 20 34 54
9 17 57 55 31 39 70 25 37 30 22 58
9 18 88 43 38 28 24 44 28 30 40 7
9 19 15 84 87 77 72 58 72 61 46 63
9 20 8 55 49 81 61 75 46 70 77 61
9 21 72 56 63 53 63 34 26 20 45 53
9 22 11 79 66 88 77 73 87 79 80 59
9 23 65 62 54 48 54 26 26 29 56 25
9 24 72 22 16 47 44 21 50 49 26 52
9 25 71 38 48 59 25 58 41 61 60 47
9 26 17 62 68 43 44 58 62 55 43 59
9 27 80 51 14 21 15 59 20 40 49 42
9 28 11 88 67 45 78 55 86 77 45 49
9 29 64 37 19 45 38 17 22 50 61 47
9 30 21 65 69 86 65 79 51 63 54 58
9 31 57 23 32 40 23 71 50 42 65 25
9 32 33 40 38 47 65 74 68 68 62 52
9 33 98 20 28 39 33 22 8 4 3 24
9 34 72 16 17 38 45 28 34 21 25 21
9 35 75 37 23 61 45 26 22 29 21 61
9 36 93 24 36 9 16 27 29 23 4 51
9 37 37 76 72 71 46 43 60 69 38 63
9 38 68 26 27 45 27 56 27 47 53 17
9 39 42 58 64 61 31 32 37 72 35 67
9 40 44 70 61 29 67 61 73 35 31 50
9 41 83 34 29 11 30 26 31 43 45 32
9 42 13 56 85 46 69 80 54 62 84 64
9 43 56 65 65 23 24 27 32 56 30 70
9 44 7 87 48 72 82 69 78 79 48 70
9 45 5 59 96 91 75 73 58 53 54 68
9 46 82 55 9 32 39 42 33 13 24 17
9 47 72 36 41 24 21 57 36 57 36 37
9 48 33 82 47 55 78 60 62 72 52 45
9 49 7 90 90 95 49 61 61 93 95 76
10 11 17 83 71 76 86 43 84 63 80 53
10 12 6 86 51 47 73 87 68 94 85 91
10 13 29 70 82 60 77 59 76 41 78 62
10 14 43 54 54 63 39 71 59 72 47 65
10 15 24 61 81 67 83 56 55 86 65 44
10 16 6 89 71 74 80 88 57 93 47 71
10 17 49 72 57 70 64 40 73 50 52 71
10 18 88 25 32 49 46 18 36 44 25 50
10 19 46 68 68 27 61 36 28 39 28 57
10 20 86 7 45 38 27 9 55 46 9 12
10 21 57 25 68 46 52 61 66 56 45 58
10 22 16 90 83 73 48 53 47 58 66 43
10 23 35 35 37 46 78 77 40 64 63 57
10 24 51 44 59 44 69 68 34 33 26 24
10 25 7 59 60 81 49 48 67 72 65 61
10 26 95 42 12 48 10 15 47 24 26 25
10 27 75 55 37 24 34 38 53 34 24 43
10 28 69 40 54 59 53 63 26 48 41 23
10 29 12 79 49 66 81 72 61 88 84 64
10 30 30 35 78 53 41 52 71 81 50 41
10 31 25 54 67 73 62 46 52 57 50 83
10 32 52 43 26 58 55 65 47 40 56 26
10 33 30 35 63 43 36 61 75 84 70 80
10 34 16 51 44 90 65 70 80 44 60 70
10 35 58 39 22 50 36 31 65 25 55 60
10 36 60 65 55 65 22 31 29 37 60 32
10 37 56 44 28 31 34 22 31 23 70 43
10 38 26 57 55 73 63 78 78 45 37 71
10 39 48 60 47 26 42 59 55 34 70 62
10 40 31 73 57 65 59 52 42 38 70 56
10 41 49 49 65 39 45 33 64 45 56 30
10 42 95 51 48 14 7 15 15 50 32 45
10 43 45 76 51 59 53 35 39 31 75 58
10 44 59 50 42 61 69 39 36 28 29 64
10 45 86 39 28 15 18 40 36 55 49 54
10 46 75 17 30 50 51 39 36 20 25 31
10 47 38 76 73 64 62 48 35 80 57 63
10 48 1 86 75 61 77 77 83 79 53 85
10 49 48 38 68 36 52 30 67 28 37 58
11 12 20 58 87 75 82 73 46 80 50 63
11 13 27 43 72 76 66 42 53 80 67 63
11 14 37 48 61 70 68 35 45 49 62 53
11 15 58 40 53 63 51 56 54 31 28 30
11 16 58 65 63 51 28 30 44 45 64 48
11 17 80 33 36 17 45 27 59 55 37 19
11 18 6 69 58 69 57 68 55 89 48 85
11 19 58 69 58 52 36 54 57 43 61 39
11 20 16 68 55 62 80 60 49 69 72 45
11 21 60 38 54 42 65 61 23 41 67 37
11 22 8 60 84 69 54 88 47 89 83 94
11 23 94 44 18 26 44 37 25 18 19 39
11 24 0 93 59 95 60 53 81 70 88 98
11 25 7 95 78 77 82 68 86 55 49 67
11 26 25 50 52 68 45 56 39 47 83 76
11 27 52 44 71 26 50 71 47 66 52 59
11 28 72 44 57 51 26 16 61 32 17 50
11 29 43 47 44 55 63 66 53 51 42 40
11 30 72 60 20 24 47 38 60 36 27 31
11 31 48 36 35 67 64 73 30 74 58 51
11 32 30 71 36 49 72 68 51 70 77 60
11 33 40 52 69 33 63 61 43 34 61 59
11 34 25 63 51 80 45 41 83 81 62 38
11 35 53 51 38 51 38 55 32 33 38 71
11 36 22 73 71 51 71 44 62 75 67 39
11 37 34 48 58 43 63 42 61 71 70 38
11 38 58 39 35 42 48 69 29 34 57 66
11 39 10 49 90 47 63 65 69 63 52 81
11 40 53 29 29 70 31 31 59 56 53 49
11 41 59 57 58 45 24 51 39 44 28 30
11 42 90 6 13 52 42 22 12 28 37 41
11 43 4 68 56 78 70 76 93 58 49 80
11 44 90 40 30 29 15 14 38 34 43 52
11 45 25 42 70 45 62 83 50 43 70 45
11 46 43 78 40 77 52 60 73 34 60 32
11 47 16 56 48 74 52 58 64 60 59 64
11 48 98 41 11 31 40 43 42 46 46 1
11 49 28 76 74 70 39 51 44 46 76 64
12 13 98 9 50 45 50 39 48 40 35 48
12 14 15 81 70 82 70 83 72 43 72 85
12 15 0 65 69 65 54 77 97 81 86 76
12 16 15 59 90 65 56 63 60 53 80 71
12 17 34 80 65 77 64 55 47 42 41 64
12 18 53 61 66 47 34 49 24 64 24 52
12 19 51 60 51 56 46 70 36 71 53 43
12 20 44 72 76 48 55 50 36 33 76 38
12 21 64 29 39 19 48 25 28 36 20 48
12 22 48 59 40 61 56 31 26 59 35 61
12 23 63 56 44 49 46 49 28 61 24 29
12 24 90 7 10 35 39 18 41 37 26 30
12 25 41 57 32 53 76 61 37 45 53 40
12 26 11 79 58 85 86 66 73 48 81 90
12 27 4 87 95 88 88 85 53 87 86 96
12 28 27 43 83 36 42 53 48 67 78 49
12 29 93 30 35 14 23 37 19 5 17 46
12 30 15 62 62 61 53 44 45 70 75 46
12 31 24 86 54 67 62 61 81 39 42 74
12 32 23 53 58 67 76 55 82 55 42 77
12 33 8 75 61 51 66 94 91 70 78 75
12 34 62 60 38 54 21 40 52 28 41 49
12 35 41 75 46 66 38 70 44 67 38 73
12 36 12 69 61 44 47 79 56 91 80 61
12 37 85 34 31 54 10 45 16 15 48 53
12 38 52 71 24 45 53 36 60 63 29 69
12 39 32 49 44 53 80 65 67 74 62 47
12 40 7 72 88 63 60 63 82 87 93 59
12 41 11 76 62 55 45 46 89 80 50 86
12 42 99 45 7 9 37 0 10 18 44 11
12 43 68 34 34 57 51 25 50 64 23 49
12 44 3 93 56 86 63 51 98 67 97 67
12 45 62 59 65 50 62 43 43 20 33 57
12 46 33 80 41 80 69 53 45 65 78 58
12 47 62 19 49 35 43 55 45 54 21 47
12 48 79 34 46 58 42 37 26 41 24 26
12 49 55 45 67 41 37 61 70 61 66 68
13 14 50 64 66 69 72 45 68 41 56 50
13 15 53 52 58 59 49 45 30 37 43 46
13 16 13 61 82 87 89 59 54 67 52 66
13 17 64 35 41 50 35 64 58 26 23 25
13 18 68 58 51 47 63 25 54 33 62 24
13 19 37 53 79 68 74 63 33 59 61 49
13 20 68 36 32 37 42 63 49 19 51 38
13 21 2 81 55 76 79 79 73 90 96 84
13 22 54 58 53 23 58 65 59 68 67 69
13 23 62 48 24 54 57 65 66 33 29 52
13 24 64 23 40 52 42 18 23 40 44 45
13 25 51 60 69 67 67 60 25 71 53 65
13 26 9 90 70 61 65 79 46 89 70 69
13 27 24 54 38 81 77 86 62 63 60 51
13 28 17 44 69 48 69 67 91 79 44 55
13 29 69 48 56 58 51 32 40 60 46 33
13 30 18 65 88 69 82 60 48 77 72 67
13 31 95 4 22 37 15 42 48 8 21 22
13 32 65 37 55 54 47 22 24 37 49 51
13 33 29 60 52 66 83 39 63 67 40 72
13 34 76 30 53 53 60 36 30 45 60 27
13 35 2 52 78 70 97 56 89 91 91 51
13 36 61 23 67 50 49 32 49 33 62 39
13 37 24 64 81 38 86 59 54 46 81 57
13 38 0 85 87 49 93 82 50 75 83 53
13 39 81 20 21 15 13 12 46 46 42 11
13 40 25 45 40 66 48 79 53 37 39 63
13 41 6 58 53 90 48 63 63 58 74 72
13 42 2 59 70 76 79 98 75 94 83 92
13 43 56 66 61 43 22 40 53 31 50 45
13 44 29 58 62 37 64 43 38 43 84 38
13 45 7 67 91 79 62 95 91 58 50 71
13 46 70 47 23 20 62 36 18 63 22 26
13 47 10 71 67 49 45 75 77 76 86 82
13 48 0 81 70 74 82 63 95 51 69 57
13 49 80 43 53 34 44 22 17 30 35 55
14 15 12 83 56 85 76 62 86 77 88 87
14 16 81 45 41 30 57 52 26 43 54 47
14 17 21 74 66 76 42 52 62 65 59 51
14 18 62 26 20 26 23 45 25 24 50 27
14 19 71 62 31 41 30 52 17 53 25 16
14 20 84 43 15 30 25 41 33 53 22 40
14 21 78 22 37 60 51 40 45 11 30 26
14 22 67 23 48 43 16 17 34 61 35 55
14 23 86 34 20 46 50 19 43 52 35 46
14 24 27 62 82 69 37 83 50 76 66 59
14 25 62 65 18 68 23 33 32 32 64 43
14 26 52 34 56 43 36 49 50 58 71 44
14 27 72 30 15 35 27 33 26 38 31 35
14 28 20 50 65 67 84 60 46 72 49 63
14 29 1 74 98 79 85 73 91 78 88 75
14 30 2 71 87 95 91 49 60 54 84 97
14 31 44 41 61 77 50 45 37 58 41 69
14 32 34 62 45 37 69 44 74 79 42 54
14 33 10 87 63 77 66 57 72 94 88 75
14 34 2 85 87 53 66 62 86 69 54 67
14 35 20 63 53 88 79 61 45 57 85 60
14 36 27 47 65 67 62 39 66 52 85 39
14 37 39 39 77 34 37 39 78 44 41 77
14 38 89 52 9 22 5 13 46 42 46 55
14 39 80 51 44 53 28 26 39 35 52 40
14 40 90 42 54 37 21 21 11 54 22 53
14 41 12 73 43 76 59 65 92 70 74 89
14 42 69 59 62 17 57 52 31 61 48 36
14 43 34 62 62 75 74 70 41 65 33 72
14 44 85 11 36 48 32 37 40 41 7 18
14 45 25 74 43 83 83 84 45 69 77 78
14 46 62 60 60 60 23 28 20 22 28 30
14 47 65 34 49 42 66 40 35 34 36 22
14 48 30 70 71 78 60 51 59 81 47 74
14 49 6 76 84 88 57 73 77 91 56 49
15 16 94 21 45 39 47 38 28 13 8 7
15 17 54 65 70 67 49 27 57 43 64 51
15 18 23 66 77 39 70 67 57 84 80 79
15 19 37 58 75 52 52 48 55 67 58 72
15 20 24 71 63 67 52 47 56 66 67 77
15 21 7 80 73 49 67 74 76 68 71 50
15 22 84 49 35 54 41 55 35 24 11 23
15 23 36 65 40 69 52 66 65 73 41 73
15 24 89 12 8 16 21 53 11 32 42 12
15 25 22 57 82 61 73 63 78 43 85 88
15 26 7 62 52 50 62 81 84 78 94 64
15 27 33 34 67 50 33 80 51 66 75 55
15 28 48 40 30 52 48 50 42 42 67 50
15 29 88 25 52 14 50 16 10 38 27 10
15 30 24 82 46 76 42 85 60 62 78 49
15 31 80 57 30 52 45 16 33 35 16 13
15 32 72 41 57 48 36 31 59 52 57 15
15 33 22 45 86 38 60 61 52 61 84 52
15 34 60 57 43 56 30 65 55 39 33 53
15 35 38 53 60 42 40 70 31 41 53 47
15 36 66 28 17 41 49 36 63 61 27 19
15 37 85 38 7 43 29 20 37 55 9 13
15 38 7 65 47 53 81 72 67 57 95 69
15 39 51 64 56 72 62 45 71 36 56 26
15 40 0 79 80 74 97 60 62 59 92 85
15 41 92 34 35 18 20 36 46 39 15 48
15 42 30 78 44 66 40 43 37 69 81 68
15 43 65 43 45 48 30 48 44 17 28 36
15 44 75 42 41 36 38 39 22 26 39 57
15 45 64 28 21 22 27 40 40 43 36 29
15 46 79 46 49 12 50 39 50 34 51 44
15 47 52 30 51 31 57 56 30 57 51 62
15 48 11 56 80 71 87 72 76 89 55 53
15 49 71 25 16 52 62 22 20 64 35 35
16 17 60 67 20 41 48 55 55 52 36 20
16 18 57 61 45 70 55 41 28 57 46 60
16 19 77 43 22 51 39 48 23 18 37 54
16 20 5 51 47 78 48 70 70 51 61 50
16 21 28 80 78 80 58 73 82 76 36 51
16 22 37 39 40 48 80 32 55 71 48 70
16 23 76 26 16 30 26 51 51 48 28 45
16 24 78 37 12 44 57 48 25 56 44 59
16 25 76 33 28 36 55 60 39 33 36 41
16 26 59 66 59 60 21 58 27 69 34 46
16 27 20 54 52 71 55 43 86 54 51 49
16 28 95 40 15 41 18 23 32 46 26 42
16 29 66 19 48 54 61 32 41 65 30 44
16 30 88 33 53 45 48 30 37 36 30 23
16 31 71 48 43 41 62 31 29 42 58 63
16 32 47 36 62 56 67 68 27 59 34 53
16 33 76 51 53 13 46 30 32 60 58 59
16 34 52 46 59 66 50 37 51 67 30 46
16 35 53 27 60 52 65 53 35 66 49 58
16 36 78 16 59 27 35 25 20 11 11 49
16 37 36 42 50 51 77 38 57 32 68 41
16 38 14 50 92 67 50 90 59 88 47 70
16 39 79 44 59 36 17 15 19 35 20 30
16 40 52 53 41 24 59 73 33 71 31 44
16 41 64 26 51 41 30 25 47 64 43 57
16 42 12 78 78 89 70 83 64 46 91 52
16 43 26 54 52 78 59 77 41 60 83 81
16 44 15 59 59 75 68 76 80 67 76 63
16 45 61 65 50 62 28 36 63 62 26 23
16 46 86 33 55 37 33 19 25 30 23 37
16 47 65 21 62 51 45 60 19 43 18 32
16 48 94 27 50 14 46 45 15 6 50 6
16 49 45 30 38 57 75 58 55 60 73 53
17 18 81 56 42 17 55 17 34 19 53 24
17 19 35 71 41 69 61 44 61 60 61 66
17 20 37 32 57 49 52 31 46 53 33 68
17 21 82 12 38 29 52 13 15 33 27 35
17 22 89 27 47 25 18 44 7 50 11 40
17 23 4 92 89 70 80 55 66 61 85 80
17 24 31 49 69 69 46 57 64 41 50 55
17 25 4 60 49 59 51 81 63 59 77 90
17 26 42 32 47 49 50 58 67 73 70 33
17 27 3 51 87 76 86 96 54 76 60 83
17 28 46 74 67 41 33 27 53 41 29 37
17 29 0 97 63 80 52 92 79 80 92 80
17 30 12 61 91 58 89 45 76 76 83 80
17 31 12 63 72 91 75 66 49 48 60 74
17 32 61 57 34 61 46 27 33 63 26 38
17 33 9 49 45 55 80 94 83 66 62 90
17 34 99 22 8 21 5 40 48 4 23 42
17 35 84 17 43 50 26 17 31 36 23 53
17 36 78 53 23 48 17 17 46 37 60 12
17 37 57 71 33 25 63 37 71 40 39 23
17 38 59 33 43 23 47 37 54 43 38 55
17 39 91 44 36 30 4 38 53 19 30 32
17 40 15 43 78 72 44 53 76 91 81 84
17 41 10 70 58 57 62 67 51 79 92 60
17 42 37 76 57 61 76 42 78 42 71 34
17 43 43 64 47 28 61 43 60 66 50 62
17 44 10 73 94 49 80 68 48 89 73 78
17 45 79 41 59 28 18 39 47 30 19 11
17 46 13 77 92 65 53 85 66 72 91 55
17 47 40 76 45 59 67 75 30 76 43 48
17 48 22 76 49 40 43 73 69 58 60 63
17 49 72 59 23 38 62 52 21 57 20 25
18 19 49 40 62 66 39 57 63 43 25 48
18 20 45 38 57 47 73 58 62 32 30 76
18 21 53 28 54 43 57 62 32 24 66 68
18 22 67 22 52 33 54 26 58 48 24 57
18 23 19 86 74 57 62 78 47 81 40 42
18 24 18 67 87 60 59 84 63 47 62 62
18 25 46 55 56 65 64 69 69 39 27 34
18 26 12 54 77 53 56 61 74 49 49 50
18 27 64 49 57 31 29 51 29 62 37 43
18 28 27 41 75 58 67 61 75 68 41 70
18 29 88 50 30 32 12 23 43 45 50 35
18 30 16 64 88 76 81 56 65 85 72 58
18 31 4 57 86 86 77 91 85 85 84 74
18 32 63 49 61 50 57 30 57 29 63 54
18 33 93 47 20 36 52 26 39 35 14 48
18 34 1 83 76 55 52 66 61 71 60 87
18 35 37 47 66 62 47 48 77 69 42 53
18 36 20 48 49 46 74 62 80 58 42 72
18 37 60 47 59 53 37 59 47 46 57 54
18 38 23 78 76 42 54 85 55 82 85 49
18 39 1 62 85 62 80 55 81 68 51 64
18 40 71 36 26 62 24 39 18 54 51 62
18 41 99 1 26 21 4 46 6 17 20 31
18 42 46 53 62 64 43 45 51 47 31 29
18 43 11 92 78 52 70 60 76 59 70 76
18 44 12 61 47 71 70 78 69 91 46 53
18 45 58 33 69 31 59 28 65 49 49 38
18 46 16 71 56 65 72 89 52 74 54 69
18 47 87 50 43 9 13 33 26 26 31 50
18 48 34 76 46 37 36 78 53 39 32 72
18 49 64 27 66 34 30 29 25 43 56 23
19 20 30 60 63 43 83 56 52 54 59 50
19 21 12 51 87 49 77 64 52 72 81 79
19 22 39 56 31 69 64 52 37 65 63 51
19 23 13 56 60 85 91 90 53 57 73 51
19 24 33 64 80 59 65 55 46 80 43 47
19 25 8 87 62 65 79 56 51 77 56 76
19 26 86 16 8 24 53 52 56 6 28 27
19 27 90 44 46 34 16 26 14 38 43 7
19 28 35 37 72 32 39 78 58 68 54 73
19 29 1 84 76 55 89 53 57 67 56 96
19 30 31 34 73 74 46 80 76 73 51 74
19 31 71 63 22 22 51 63 21 30 32 27
19 32 33 54 59 48 76 53 68 50 59 73
19 33 96 1 45 11 12 38 31 32 36 46
19 34 3 85 68 58 52 83 57 62 87 76
19 35 65 66 60 30 28 40 64 21 44 23
19 36 60 54 21 65 31 56 43 60 22 61
19 37 87 44 47 52 16 35 17 12 16 41
19 38 91 8 5 42 27 19 37 23 19 26
19 39 87 29 15 14 36 35 27 20 21 29
19 40 99 11 22 27 28 26 16 16 0 26
19 41 38 63 36 80 56 68 45 38 79 33
19 42 32 49 82 40 56 52 61 45 63 75
19 43 37 54 51 37 62 46 54 68 57 51
19 44 31 36 70 34 41 84 72 69 52 54
19 45 12 90 74 53 78 91 44 80 85 81
19 46 65 24 26 59 58 65 44 59 33 48
19 47 5 49 57 68 62 57 59 57 83 94
19 48 50 71 57 62 34 66 72 30 42 50
19 49 36 34 32 36 42 66 75 64 51 75
20 21 22 79 46 49 73 66 70 55 61 63
20 22 65 49 23 66 35 34 52 58 19 64
20 23 36 75 31 71 50 54 64 42 53 65
20 24 20 51 41 46 59 83 89 86 72 65
20 25 62 26 53 45 53 57 53 51 54 27
20 26 2 81 59 76 92 66 73 61 93 93
20 27 73 62 22 19 46 33 33 31 44 36
20 28 66 53 39 51 36 43 65 65 56 66
20 29 55 52 32 56 57 58 54 71 26 63
20 30 39 76 70 44 54 77 69 49 58 37
20 31 98 17 13 21 46 48 16 34 21 19
20 32 71 46 44 36 34 37 44 43 54 19
20 33 5 91 74 59 96 87 81 84 71 74
20 34 48 43 40 34 54 41 58 34 49 32
20 35 50 59 73 73 31 29 38 52 31 33
20 36 34 80 41 74 46 54 63 72 37 64
20 37 25 68 85 52 79 78 74 55 60 40
20 38 37 70 53 65 59 58 46 40 53 34
20 39 16 66 76 61 83 63 50 63 69 78
20 40 81 18 24 32 46 43 43 44 54 24
20 41 44 69 55 66 41 49 64 65 65 64
20 42 56 30 36 54 52 29 32 38 36 64
20 43 64 52 18 65 48 42 42 33 30 36
20 44 28 51 67 67 58 55 52 56 66 60
20 45 69 50 15 59 49 20 26 39 57 20
20 46 29 71 80 80 81 85 78 67 66 65
20 47 62 32 24 22 31 25 64 60 28 47
20 48 56 42 51 25 37 40 28 71 49 71
20 49 85 45 49 40 14 11 20 33 41 54
21 22 84 7 11 21 10 52 23 41 55 39
21 23 28 55 67 67 41 66 72 77 70 35
21 24 21 51 67 58 85 69 53 55 42 85
21 25 16 79 54 89 53 80 54 65 43 85
21 26 43 76 29 59 76 44 60 59 35 68
21 27 86 53 39 38 54 23 47 17 34 18
21 28 40 70 39 78 40 57 41 53 49 49
21 29 57 35 46 48 38 32 31 34 46 54
21 30 90 30 32 7 16 14 13 26 54 46
21 31 57 67 55 33 25 41 35 41 52 38
21 32 39 65 56 31 38 45 67 50 47 58
21 33 10 86 86 59 55 86 68 61 44 69
21 34 18 42 74 52 67 61 42 43 58 50
21 35 17 71 78 85 58 71 90 72 80 64
21 36 10 47 46 92 45 91 78 90 93 45
21 37 76 56 55 31 44 20 14 30 27 35
21 38 22 69 48 76 44 50 68 50 47 73
21 39 62 38 67 25 49 36 34 30 20 20
21 40 35 66 40 36 38 44 55 65 55 54
21 41 27 55 85 39 61 76 57 69 65 82
21 42 36 63 76 80 75 71 63 53 62 39
21 43 71 27 56 19 23 16 31 57 29 42
21 44 54 44 30 57 42 61 39 39 23 36
21 45 96 16 1 14 49 46 36 31 18 3
21 46 14 81 84 43 81 91 89 77 80 61
21 47 23 60 65 79 64 41 66 49 71 82
21 48 38 38 79 77 46 44 71 73 40 64
21 49 86 23 25 41 38 36 28 13 33 41
22 23 41 74 47 45 57 50 33 34 71 77
22 24 43 36 39 35 46 38 59 42 67 65
22 25 51 38 36 52 69 36 43 59 63 34
22 26 88 40 26 11 48 18 52 15 31 47
22 27 31 47 49 37 71 58 50 70 42 74
22 28 28 37 37 52 52 51 78 72 50 71
22 29 23 85 81 82 64 58 80 47 85 42
22 30 41 59 72 33 43 45 41 35 71 66
22 31 84 55 50 32 31 51 41 35 39 9
22 32 45 57 59 33 40 52 45 72 33 61
22 33 6 64 80 79 53 82 71 48 76 86
22 34 24 63 63 55 79 68 65 70 61 57
22 35 50 69 57 71 34 71 57 44 73 70
22 36 76 15 40 19 58 45 42 15 44 38
22 37 53 51 37 56 24 44 49 64 60 66
22 38 93 39 41 21 50 28 31 25 45 48
22 39 32 60 65 39 55 44 62 51 72 39
22 40 93 19 7 22 4 39 34 7 23 40
22 41 13 49 46 85 77 71 64 56 47 77
22 42 76 29 21 34 29 27 48 50 29 16
22 43 47 52 76 66 60 42 55 52 30 63
22 44 28 40 79 58 70 41 38 67 45 59
22 45 6 83 57 55 70 65 90 80 95 58
22 46 26 85 66 44 69 38 52 39 53 50
22 47 92 6 24 19 26 25 42 41 20 36
22 48 76 21 39 47 56 22 19 39 28 41
22 49 83 46 43 35 15 41 28 49 36 40
23 24 9 71 55 90 84 82 93 63 52 95
23 25 64 32 39 66 54 52 38 63 52 57
23 26 12 85 90 45 55 55 75 45 49 64
23 27 51 55 30 32 44 51 44 38 50 67
23 28 21 72 66 73 43 50 80 69 71 58
23 29 85 39 17 35 24 34 42 41 52 46
23 30 86 13 12 7 55 48 35 43 33 37
23 31 8 60 77 48 70 85 85 78 67 95
23 32 15 61 48 73 77 63 57 65 51 54
23 33 24 68 51 67 83 52 74 62 43 76
23 34 99 46 14 12 4 16 34 11 42 34
23 35 43 36 77 31 64 62 69 74 38 46
23 36 8 59 64 53 45 66 50 69 78 83
23 37 29 64 45 80 75 72 72 51 76 75
23 38 47 51 38 76 62 32 35 55 26 49
23 39 38 43 41 48 31 58 66 40 75 53
23 40 36 66 78 69 63 55 78 35 64 57
23 41 25 37 52 46 49 52 42 85 59 72
23 42 14 90 53 91 53 75 80 83 54 55
23 43 51 71 46 52 34 24 58 25 69 35
23 44 25 41 39 79 67 48 43 77 57 82
23 45 20 62 41 75 62 80 76 76 43 45
23 46 39 80 36 54 44 37 65 63 41 55
23 47 42 48 40 78 72 34 60 40 40 48
23 48 92 39 52 34 39 30 23 12 16 34
23 49 46 54 35 53 38 62 65 56 54 41
24 25 36 52 78 47 72 79 65 32 74 73
24 26 86 25 16 20 7 52 8 18 36 13
24 27 72 23 29 55 51 22 32 28 35 37
24 28 93 13 41 30 6 51 53 33 48 20
24 29 16 49 86 74 80 76 58 63 64 61
24 30 12 56 65 56 66 57 80 72 47 83
24 31 4 48 67 73 61 72 78 69 55 91
24 32 1 76 78 60 95 63 85 64 67 51
24 33 60 45 64 41 31 31 24 54 33 66
24 34 77 29 40 29 20 42 33 21 31 14
24 35 12 50 52 44 47 44 64 44 46 52
24 36 45 47 74 49 53 44 63 68 44 53
24 37 35 45 75 58 57 47 47 77 41 52
24 38 8 83 73 72 69 48 52 56 87 72
24 39 37 31 77 69 44 36 50 61 57 39
24 40 76 37 44 51 16 39 21 58 40 13
24 41 81 32 44 20 12 15 43 48 41 18
24 42 19 86 40 50 42 62 78 87 59 83
24 43 85 23 47 17 13 44 34 25 47 7
24 44 48 33 61 61 60 38 37 62 47 32
24 45 29 76 51 70 57 51 73 40 70 74
24 46 72 44 52 57 15 43 42 46 51 29
24 47 12 79 73 79 71 68 83 45 93 81
24 48 1 83 66 64 86 89 73 81 50 50
24 49 93 8 29 37 31 11 18 28 13 27
25 26 20 41 85 50 76 55 52 59 83 84
25 27 73 33 30 56 42 58 24 34 21 61
25 28 76 48 12 15 27 19 45 44 52 49
25 29 93 7 21 42 9 15 3 23 29 4
25 30 19 80 81 59 83 86 45 63 60 68
25 31 59 53 68 48 55 39 35 68 53 32
25 32 31 68 37 57 78 49 81 64 73 55
25 33 65 33 35 57 17 45 48 63 58 29
25 34 60 24 61 60 61 54 66 48 59 35
25 35 83 40 40 51 57 38 33 40 15 15
25 36 57 68 58 39 58 58 64 42 30 58
25 37 80 12 39 34 11 47 27 47 51 48
25 38 32 48 74 62 80 70 73 63 68 43
25 39 90 38 13 45 8 40 14 9 49 14
25 40 54 37 43 52 32 35 59 33 50 34
25 41 27 81 51 82 84 56 66 38 66 71
25 42 56 22 29 33 55 56 23 64 26 58
25 43 0 77 89 79 88 83 50 97 87 87
25 44 76 32 52 22 19 24 27 30 33 55
25 45 59 49 44 64 47 36 46 64 27 25
25 46 3 77 56 74 75 60 92 72 56 85
25 47 64 22 64 40 45 31 21 44 58 32
25 48 55 32 62 30 44 66 23 37 26 49
25 49 44 74 46 30 50 76 51 49 58 33
26 27 86 34 37 46 30 10 10 32 43 15
26 28 80 31 25 24 27 34 47 38 55 52
26 29 42 57 64 40 33 58 73 68 42 29
26 30 93 43 32 14 34 42 48 31 34 12
26 31 70 55 49 15 63 19 47 26 40 19
26 32 34 53 35 39 60 62 40 66 71 43
26 33 54 23 63 53 61 69 32 34 65 53
26 34 72 33 30 39 51 28 42 38 57 56
26 35 92 52 33 42 27 35 4 39 22 52
26 36 90 42 52 40 33 34 32 9 35 40
26 37 97 9 11 30 39 16 18 26 22 27
26 38 5 78 89 79 78 92 85 63 53 95
26 39 81 25 35 45 40 52 18 48 28 29
26 40 67 22 20 56 40 36 36 34 61 19
26 41 84 44 20 35 57 9 57 56 9 30
26 42 11 57 65 71 67 61 51 80 93 79
26 43 1 92 56 72 78 53 71 92 78 86
26 44 60 53 32 55 35 34 34 56 61 55
26 45 30 49 75 64 82 79 84 79 39 68
26 46 72 20 38 41 51 21 40 28 56 48
26 47 9 51 63 76 53 47 89 52 66 69
26 48 65 23 33 52 42 59 47 38 61 50
26 49 82 23 47 56 31 37 16 11 57 45
27 28 69 26 43 62 18 45 27 25 32 43
27 29 59 40 45 38 69 29 22 21 58 50
27 30 82 55 14 13 49 29 51 9 32 15
27 31 97 50 31 26 30 3 17 19 20 21
27 32 61 51 43 64 32 21 22 39 20 32
27 33 15 92 81 54 49 55 58 72 87 43
27 34 80 14 56 24 31 36 48 19 56 31
27 35 70 17 25 62 29 63 52 35 27 55
27 36 52 48 63 71 44 52 61 44 39 63
27 37 11 62 65 86 93 65 86 85 50 74
27 38 96 26 10 50 31 21 37 26 22 30
27 39 47 58 60 31 57 45 38 39 57 37
27 40 7 92 93 79 52 52 95 66 93 61
27 41 92 5 6 47 27 37 26 16 38 11
27 42 33 62 68 43 75 38 68 57 60 50
27 43 46 43 55 43 70 61 50 67 42 69
27 44 98 30 12 50 20 25 11 5 8 8
27 45 31 49 47 75 45 80 58 47 38 39
27 46 39 76 35 78 36 33 78 75 47 46
27 47 42 63 55 39 49 37 33 74 34 57
27 48 38 75 45 53 65 68 76 58 66 72
27 49 96 28 42 41 24 43 8 27 25 25
28 29 31 48 80 56 50 48 46 61 78 41
28 30 22 65 55 49 82 60 40 57 61 41
28 31 5 82 50 56 71 48 56 93 80 70
28 32 70 56 33 37 48 64 33 23 58 31
28 33 72 20 48 56 60 17 20 53 26 54
28 34 98 5 4 4 44 26 33 5 24 8
28 35 24 80 85 72 63 44 85 73 59 45
28 36 62 50 35 51 57 50 58 19 38 45
28 37 71 63 38 58 57 15 52 21 26 25
28 38 61 67 41 39 49 32 41 37 21 36
28 39 38 49 62 68 56 48 40 43 48 38
28 40 35 58 45 40 39 35 81 64 32 78
28 41 97 5 43 36 2 22 24 9 5 40
28 42 57 49 32 42 35 68 42 48 29 66
28 43 83 20 31 41 44 19 51 29 17 24
28 44 47 38 74 60 50 65 29 59 49 55
28 45 82 42 24 46 40 52 18 30 24 24
28 46 41 44 69 78 50 76 31 37 38 34
28 47 9 93 86 77 83 56 68 77 94 70
28 48 93 30 27 30 34 17 8 52 25 5
28 49 88 16 54 11 48 10 13 10 17 45
29 30 20 70 67 66 80 50 66 61 50 57
29 31 81 33 38 30 40 14 56 35 58 18
29 32 3 52 80 67 83 76 88 92 92 63
29 33 76 35 23 25 49 53 25 13 53 30
29 34 2 75 98 55 95 79 79 82 85 79
29 35 6 88 48 74 68 54 91 83 95 88
29 36 70 36 32 63 34 15 28 43 22 32
29 37 54 46 67 52 28 56 68 32 64 65
29 38 32 56 75 57 39 58 66 62 62 41
29 39 40 75 61 58 44 76 51 60 35 42
29 40 56 52 28 71 47 68 32 61 23 35
29 41 80 41 15 53 13 13 32 20 38 51
29 42 2 53 52 59 56 90 82 84 76 92
29 43 12 75 69 79 68 52 83 81 52 66
29 44 8 55 88 68 46 46 62 94 53 53
29 45 28 66 36 78 52 53 49 61 46 68
29 46 68 28 25 31 38 61 32 40 38 65
29 47 54 39 62 30 23 62 24 66 50 71
29 48 69 39 30 22 55 33 48 16 39 62
29 49 63 46 67 24 25 49 57 25 50 63
30 31 71 53 47 49 36 39 40 35 22 38
30 32 39 77 39 69 40 45 40 31 65 30
30 33 68 30 64 30 21 32 28 58 18 22
30 34 23 78 65 81 44 86 83 67 42 40
30 35 92 28 23 16 12 31 12 4 52 53
30 36 98 28 9 6 37 37 12 35 23 33
30 37 2 91 48 49 89 77 95 92 54 87
30 38 58 41 33 68 58 24 46 33 56 43
30 39 41 29 51 37 38 40 53 63 58 30
30 40 9 94 59 79 66 50 64 76 59 81
30 41 28 38 85 73 36 49 41 83 72 63
30 42 41 76 45 67 77 35 59 47 66 67
30 43 84 27 28 23 50 32 39 14 43 57
30 44 4 95 75 80 69 56 89 94 72 64
30 45 11 74 79 63 92 92 51 48 50 89
30 46 14 52 49 51 61 79 48 48 78 64
30 47 53 29 45 50 72 27 23 58 32 57
30 48 22 63 75 45 80 51 81 76 83 69
30 49 70 40 57 51 59 19 47 44 34 20
31 32 44 29 43 36 33 74 49 52 38 48
31 33 69 46 39 35 24 44 61 33 44 30
31 34 8 91 55 91 85 87 68 71 84 51
31 35 74 41 52 55 56 18 13 14 62 18
31 36 59 41 51 64 25 23 46 62 63 27
31 37 57 31 32 63 59 36 53 58 48 54
31 38 37 40 58 65 72 44 72 32 45 38
31 39 94 17 38 23 22 11 44 32 20 20
31 40 9 60 91 81 71 79 48 73 92 61
31 41 80 18 20 19 41 19 34 58 34 33
31 42 84 57 52 15 57 13 23 8 22 44
31 43 17 75 69 89 90 68 85 90 89 48
31 44 86 24 35 43 19 42 32 24 27 51
31 45 24 80 45 50 76 50 68 75 72 53
31 46 52 54 62 73 51 62 59 33 28 54
31 47 49 64 73 55 31 65 53 57 30 52
31 48 64 49 56 34 52 51 59 47 67 64
31 49 42 65 31 46 72 71 35 56 30 58
32 33 12 59 48 81 51 70 91 68 87 74
32 34 92 21 35 29 7 32 26 17 31 30
32 35 13 54 86 66 57 78 86 90 70 79
32 36 44 63 73 30 50 72 48 34 70 63
32 37 45 45 46 70 42 27 58 58 65 70
32 38 81 15 32 20 26 9 17 34 13 26
32 39 93 25 21 11 23 19 27 10 20 24
32 40 11 78 85 86 85 51 80 70 78 70
32 41 92 21 41 41 5 7 4 17 40 47
32 42 14 74 69 43 64 81 75 78 84 65
32 43 91 6 47 43 52 46 33 29 6 29
32 44 6 62 69 90 78 78 80 65 55 54
32 45 79 53 15 27 11 21 28 43 47 18
32 46 2 70 88 78 89 98 89 72 52 83
32 47 62 27 64 28 23 39 46 28 68 27
32 48 82 45 34 11 27 35 25 40 53 35
32 49 97 21 13 13 44 31 17 47 2 26
33 34 8 53 93 74 84 61 48 91 94 85
33 35 4 74 78 76 86 74 67 65 78 60
33 36 39 44 68 60 45 66 50 56 41 70
33 37 64 24 27 42 50 36 27 36 26 27
33 38 97 45 1 7 36 39 2 43 30 44
33 39 4 96 90 62 97 87 71 82 87 66
33 40 63 29 60 60 47 44 65 22 26 58
33 41 65 25 17 63 45 60 43 64 46 64
33 42 57 27 57 31 65 29 69 47 44 21
33 43 42 43 59 38 36 67 44 61 39 39
33 44 86 11 29 46 9 53 33 24 7 52
33 45 14 52 66 47 92 75 61 77 64 77
33 46 29 60 37 36 67 60 61 78 45 74
33 47 94 3 21 20 28 46 9 38 10 48
33 48 90 49 7 40 15 20 6 33 21 17
33 49 97 3 4 38 39 6 27 29 14 16
34 35 8 80 89 56 83 78 92 93 85 73
34 36 84 39 21 36 39 18 15 34 10 50
34 37 78 20 12 15 38 25 41 24 60 11
34 38 58 60 27 53 35 41 21 27 47 66
34 39 91 23 43 8 23 48 19 9 17 51
34 40 27 59 45 75 59 46 47 64 49 43
34 41 45 65 50 27 39 28 71 42 50 32
34 42 40 43 45 77 33 53 75 55 31 54
34 43 78 48 56 30 47 51 19 18 47 49
34 44 97 49 25 4 45 27 41 33 18 13
34 45 53 28 55 54 46 32 30 34 44 32
34 46 23 52 84 83 72 47 79 79 40 65
34 47 89 10 10 13 36 45 31 37 18 27
34 48 57 52 33 67 63 51 62 31 49 25
34 49 46 68 56 69 50 32 71 61 28 30
35 36 6 57 90 87 81 60 77 48 47 73
35 37 46 58 31 68 50 39 68 62 45 66
35 38 60 36 36 65 68 23 51 51 36 49
35 39 54 28 53 61 39 56 37 53 29 54
35 40 96 29 46 18 49 16 21 5 26 6
35 41 70 24 51 27 27 54 34 17 34 47
35 42 27 84 55 72 70 69 66 80 70 79
35 43 11 45 68 72 73 73 54 58 55 50
35 44 65 48 38 64 60 61 33 53 44 46
35 45 0 62 69 87 66 79 56 82 82 89
35 46 23 83 39 62 57 39 60 41 85 83
35 47 53 71 39 70 39 36 59 29 70 59
35 48 22 77 76 42 40 55 70 47 40 40
35 49 62 46 58 43 19 50 46 20 66 40
36 37 29 38 67 55 56 54 79 55 47 38
36 38 88 49 28 17 35 46 50 26 41 16
36 39 34 75 44 70 65 68 35 35 62 42
36 40 20 66 71 88 70 84 82 53 84 84
36 41 49 69 58 49 32 51 60 59 42 46
36 42 76 49 32 56 48 23 38 37 39 37
36 43 36 62 75 68 35 64 43 69 79 35
36 44 55 58 37 26 33 50 39 27 54 42
36 45 37 32 50 45 70 66 33 34 56 76
36 46 45 71 65 48 32 34 32 28 56 29
36 47 92 22 18 52 32 46 39 47 24 25
36 48 48 64 35 46 70 74 43 26 59 64
36 49 65 55 48 43 66 61 60 25 66 44
37 38 49 60 36 59 42 34 40 60 47 30
37 39 7 70 58 77 87 76 89 67 57 57
37 40 3 66 71 60 83 95 90 79 92 92
37 41 94 27 18 23 49 37 9 45 43 5
37 42 14 80 67 75 48 61 66 81 73 75
37 43 76 37 22 19 39 20 49 24 25 58
37 44 73 62 39 17 34 16 17 50 53 56
37 45 90 28 22 29 33 42 24 53 30 30
37 46 63 40 56 29 67 48 44 61 23 59
37 47 59 48 56 48 32 37 25 29 22 66
37 48 92 28 34 12 11 35 28 17 32 21
37 49 53 37 27 42 61 50 49 58 26 27
38 39 84 39 45 53 43 15 19 35 13 47
38 40 23 81 55 39 88 68 46 61 84 79
38 41 79 19 22 46 21 10 24 57 40 17
38 42 91 15 16 17 30 4 26 21 22 28
38 43 91 36 34 49 41 10 51 48 5 41
38 44 53 28 66 55 61 33 60 27 69 53
38 45 95 22 34 23 29 26 43 18 47 38
38 46 87 30 22 33 55 50 53 22 33 11
38 47 11 91 67 63 86 52 46 73 48 80
38 48 0 64 95 89 51 60 95 89 71 70
38 49 55 42 71 64 36 68 35 54 37 69
39 40 55 32 41 52 38 71 70 29 29 27
39 41 82 41 36 39 35 57 38 20 50 46
39 42 48 29 72 55 28 40 33 51 69 35
39 43 10 63 90 57 87 78 85 72 56 76
39 44 12 72 56 72 74 76 93 71 67 55
39 45 42 70 64 64 63 63 51 33 70 34
39 46 18 49 47 48 49 74 61 88 90 56
39 47 50 40 57 47 48 29 26 38 38 46
39 48 28 82 36 55 61 63 77 79 62 43
39 49 21 74 62 47 83 48 53 44 55 58
40 41 23 73 70 60 46 70 53 82 78 65
40 42 13 73 48 71 50 80 49 77 51 63
40 43 72 29 50 51 34 29 45 26 39 42
40 44 64 26 23 54 30 28 64 43 46 33
40 45 41 41 48 53 73 32 36 68 64 46
40 46 53 37 50 67 44 70 57 49 50 52
40 47 81 39 22 25 52 9 41 21 46 38
40 48 63 40 56 33 28 52 51 18 52 51
40 49 37 58 38 76 36 54 32 55 71 34
41 42 15 57 45 57 85 47 64 63 71 73
41 43 42 39 60 67 78 33 46 61 33 49
41 44 70 63 19 63 26 25 53 30 35 54
41 45 48 33 69 57 31 49 30 73 34 45
41 46 65 51 48 39 65 54 23 47 44 50
41 47 14 78 92 66 80 46 76 70 82 51
41 48 17 43 77 91 48 87 60 55 45 78
41 49 72 33 15 16 35 36 54 55 27 45
42 43 11 78 67 48 70 65 59 87 75 90
42 44 32 67 54 69 66 63 34 34 65 38
42 45 75 48 42 31 16 43 57 36 58 52
42 46 71 26 15 35 27 26 34 56 28 31
42 47 38 35 57 47 34 51 33 79 66 31
42 48 32 49 62 57 43 68 38 40 79 78
42 49 96 2 43 11 43 24 35 26 24 32
43 44 93 11 30 30 3 22 51 9 25 11
43 45 72 56 62 57 45 25 58 42 18 33
43 46 64 47 33 49 47 61 40 56 41 58
43 47 0 86 66 69 65 77 91 95 72 55
43 48 23 66 39 61 65 65 65 58 70 84
43 49 78 13 47 51 37 41 11 60 43 34
44 45 80 38 34 56 56 18 11 19 59 22
44 46 27 67 59 82 65 54 84 52 46 78
44 47 79 13 40 59 18 10 28 24 28 20
44 48 33 76 59 53 71 33 43 61 75 57
44 49 48 25 30 34 25 29 44 58 68 52
45 46 10 90 89 55 81 91 50 81 61 91
45 47 54 28 40 49 25 31 25 27 23 33
45 48 90 50 34 36 49 39 25 18 40 44
45 49 7 61 61 94 77 60 50 87 80 48
46 47 6 58 54 87 66 86 68 66 63 91
46 48 53 31 63 45 45 60 34 62 43 64
46 49 30 76 67 81 76 58 41 62 50 38
47 48 62 34 23 59 67 28 40 36 34 66
47 49 89 32 24 12 16 5 48 49 44 18
48 49 95 19 20 42 38 10 49 15 43 13
