50 10
0.5 0.5 0.0 0.0 0.0 0.0 0.0 0.0 0.0 0.0 
0 1 55 45 44 48 40 50 48 44 50 42
0 2 25 71 63 65 75 64 74 67 73 69
0 3 57 45 38 49 40 38 48 50 49 40
0 4 12 84 76 83 86 77 83 88 84 82
0 5 26 73 74 75 64 71 65 73 67 65
0 6 44 56 59 50 48 54 52 57 50 48
0 7 18 78 78 76 74 83 82 77 81 73
0 8 20 78 72 72 81 82 74 75 77 70
0 9 92 21 14 7 18 8 8 10 10 11
0 10 5 89 82 87 94 92 86 84 94 87
0 11 7 90 91 79 85 88 82 91 86 82
0 12 77 19 29 27 28 26 27 19 29 33
0 13 60 43 45 42 38 37 40 46 46 36
0 14 60 36 36 38 47 36 44 41 37 45
0 15 91 20 22 19 16 19 22 19 19 22
0 16 10 77 77 88 88 89 83 84 90 91
0 17 60 43 41 42 34 48 47 46 34 42
0 18 73 31 36 32 34 36 23 22 30 28
0 19 70 39 32 38 34 26 35 27 29 33
0 20 48 53 50 48 52 49 53 49 48 56
0 21 11 80 76 85 80 84 85 87 75 84
0 22 87 12 20 15 11 13 24 12 23 16
0 23 5 85 94 88 90 90 80 83 92 90
0 24 28 68 69 74 74 69 73 65 63 68
0 25 30 67 67 65 73 64 67 63 66 59
0 26 93 9 14 6 11 9 6 14 12 17
0 27 77 30 24 34 22 27 33 26 24 33
0 28 81 20 26 22 17 30 30 16 26 23
0 29 15 79 84 82 79 74 83 77 82 73
0 30 12 82 86 83 83 89 87 80 86 80
0 31 25 77 71 77 71 77 67 71 65 65
0 32 25 72 74 72 63 63 68 71 67 69
0 33 77 23 23 32 30 21 21 23 30 24
0 34 26 67 64 66 64 72 74 74 67 70
0 35 87 21 19 13 15 20 15 18 22 10
0 36 52 53 51 53 52 43 40 46 40 48
0 37 67 35 39 42 42 38 34 30 31 30
0 38 55 39 42 39 43 44 42 47 49 47
0 39 20 81 71 71 68 77 79 77 77 78
0 40 85 18 15 26 13 24 15 19 14 24
0 41 91 19 17 14 9 20 16 12 11 14
0 42 46 56 60 50 55 59 60 57 60 51
0 43 65 41 41 34 36 29 34 40 32 42
0 44 51 41 54 48 48 48 43 54 49 45
0 45 19 77 70 81 75 82 68 80 80 77
0 46 1 89 97 95 91 94 98 96 97 97
0 47 6 88 86 92 89 89 84 79 91 79
0 48 32 59 62 70 59 65 60 59 67 66
0 49 9 89 90 86 87 80 86 83 90 79
1 2 67 34 42 36 37 37 39 36 36 36
1 3 83 20 21 14 22 28 18 14 23 23
1 4 88 22 14 22 18 22 22 20 19 24
1 5 46 58 57 59 51 54 53 52 49 46
1 6 99 12 2 14 6 13 12 1 9 1
1 7 73 30 26 30 27 36 25 23 29 30
1 8 9 82 81 82 91 86 83 91 78 82
1 9 41 62 52 52 60 53 62 50 58 50
1 10 57 41 40 41 38 40 47 48 46 40
1 11 77 33 26 33 25 29 31 24 30 20
1 12 86 24 21 19 19 17 16 15 13 15
1 13 42 60 56 49 50 63 54 59 50 51
1 14 89 16 14 20 21 12 11 20 11 12
1 15 80 17 22 25 18 25 30 28 25 27
1 16 66 41 42 41 29 38 36 34 35 35
1 17 64 38 42 31 43 38 42 37 41 41
1 18 91 21 19 13 8 12 8 21 16 19
1 19 40 53 50 58 58 60 53 53 55 64
1 20 19 75 77 75 71 69 81 82 72 73
1 21 39 58 66 61 61 66 65 56 61 62
1 22 45 46 54 59 60 52 58 55 56 47
1 23 91 10 10 12 19 13 13 13 14 15
1 24 92 17 21 10 18 11 19 19 14 20
1 25 99 5 9 15 14 9 15 12 1 5
1 26 16 77 82 78 74 74 77 72 74 76
1 27 84 19 19 26 20 24 27 24 23 18
1 28 84 18 22 14 15 19 22 20 24 28
1 29 26 74 64 73 64 65 63 72 64 69
1 30 62 41 35 38 44 32 32 41 33 40
1 31 93 14 17 5 14 19 10 17 6 14
1 32 49 44 54 47 48 55 50 45 55 45
1 33 57 45 51 49 38 49 43 48 43 50
1 34 98 1 1 15 4 10 9 5 15 10
1 35 52 41 43 53 50 43 41 48 47 50
1 36 62 32 39 34 43 34 41 35 32 37
1 37 23 73 65 79 77 74 76 79 71 72
1 38 68 28 35 29 37 34 27 28 28 37
1 39 74 32 32 29 26 32 22 28 29 35
1 40 73 26 29 34 37 35 30 23 35 29
1 41 6 85 83 89 84 82 86 82 86 83
1 42 2 96 88 83 84 97 85 92 87 87
1 43 1 84 97 86 84 88 85 89 93 86
1 44 47 53 57 55 52 50 45 55 57 53
1 45 10 77 79 87 81 78 86 83 85 85
1 46 17 77 73 79 80 80 76 81 79 77
1 47 0 98 90 94 92 93 86 90 97 95
1 48 73 26 28 25 37 36 23 36 34 22
1 49 86 14 15 20 14 12 12 15 23 14
2 3 30 69 73 70 66 66 65 61 70 69
2 4 15 76 75 77 86 72 77 72 85 86
2 5 67 36 36 41 32 40 39 34 29 28
2 6 67 40 30 38 38 41 28 31 33 38
2 7 7 93 91 85 86 85 81 91 92 89
2 8 38 65 63 58 57 54 56 54 55 63
2 9 40 55 54 62 64 52 51 59 59 59
2 10 18 81 69 81 72 76 71 78 69 70
2 11 2 91 92 94 90 92 90 97 92 95
2 12 92 20 8 16 19 14 10 18 17 7
2 13 3 94 88 84 94 91 82 91 85 91
2 14 60 45 42 34 42 36 37 45 45 37
2 15 66 39 36 30 33 37 42 37 36 39
2 16 91 7 15 14 13 21 17 17 8 21
2 17 24 72 66 68 76 64 74 72 73 64
2 18 90 20 20 19 14 10 11 14 13 11
2 19 7 86 93 87 88 81 88 93 85 82
2 20 2 96 90 87 94 88 95 89 83 84
2 21 87 19 19 11 15 25 18 24 18 19
2 22 16 71 71 75 80 75 78 75 75 74
2 23 38 55 60 62 63 59 55 63 54 62
2 24 62 34 35 37 37 34 45 41 45 43
2 25 68 33 27 28 39 31 26 29 35 32
2 26 0 97 90 93 98 95 97 86 85 93
2 27 11 86 82 83 86 75 79 77 87 81
2 28 27 67 75 74 73 63 65 67 76 68
2 29 66 39 38 36 41 34 36 36 37 31
2 30 68 26 30 30 29 38 33 31 30 40
2 31 39 54 52 65 62 57 65 59 56 52
2 32 10 85 77 90 83 85 89 80 83 81
2 33 10 87 77 85 89 87 88 77 80 86
2 34 59 36 41 41 35 36 43 47 39 47
2 35 19 73 72 74 73 73 73 79 71 74
2 36 18 73 75 73 77 76 69 78 74 70
2 37 48 47 48 47 57 56 53 54 57 55
2 38 75 30 29 32 34 32 25 27 31 33
2 39 10 77 90 79 85 87 84 82 76 79
2 40 32 62 59 72 57 60 68 68 63 59
2 41 68 35 38 33 35 35 31 34 33 33
2 42 80 20 20 18 23 26 28 30 18 31
2 43 49 58 57 43 54 56 44 50 44 43
2 44 71 39 36 30 28 36 34 28 25 39
2 45 85 11 12 19 19 14 14 26 19 13
2 46 48 46 47 51 50 56 57 51 58 48
2 47 82 25 15 29 27 19 18 24 15 26
2 48 78 29 29 21 31 22 27 30 23 19
2 49 11 88 82 77 88 88 86 90 77 79
3 4 36 54 63 63 68 64 56 64 54 67
3 5 24 75 78 73 78 70 74 70 75 68
3 6 30 58 65 71 60 68 72 65 70 66
3 7 49 50 50 43 46 54 45 57 50 51
3 8 56 49 37 48 41 50 49 46 38 42
3 9 90 10 13 12 9 9 7 10 8 12
3 10 85 15 26 22 15 13 27 23 22 13
3 11 50 51 44 52 50 53 48 49 42 51
3 12 15 77 84 80 85 79 72 72 76 75
3 13 75 34 22 32 22 27 24 31 23 34
3 14 87 19 17 22 16 21 23 13 23 14
3 15 58 35 46 48 41 37 45 50 40 36
3 16 37 54 60 64 56 62 66 61 62 63
3 17 8 92 80 79 89 91 82 84 86 80
3 18 71 38 29 36 33 32 38 28 36 34
3 19 37 57 65 59 59 64 54 54 62 64
3 20 62 37 35 34 34 34 33 43 35 46
3 21 31 64 60 60 58 65 68 69 67 59
3 22 21 75 76 68 79 72 70 68 79 74
3 23 7 92 93 79 89 85 83 89 91 86
3 24 57 41 48 50 41 42 39 45 37 39
3 25 34 56 63 55 58 68 61 55 65 63
3 26 68 29 29 39 41 32 27 37 33 31
3 27 60 34 41 41 43 47 41 48 46 36
3 28 47 52 46 46 54 58 47 47 54 58
3 29 29 69 65 65 66 70 71 61 66 74
3 30 29 74 60 71 69 65 67 65 72 63
3 31 93 17 15 19 14 20 11 20 12 20
3 32 68 39 30 36 26 32 33 41 33 32
3 33 12 82 80 80 87 79 74 84 84 85
3 34 7 89 82 87 79 82 83 85 90 90
3 35 69 27 27 27 40 36 34 28 40 38
3 36 34 68 62 60 59 59 67 69 66 65
3 37 75 31 34 25 28 22 33 25 34 33
3 38 86 14 18 11 24 23 17 13 11 24
3 39 48 51 58 51 52 51 46 48 49 44
3 40 18 80 82 77 84 81 80 71 70 82
3 41 31 69 62 68 63 68 58 70 70 59
3 42 98 14 9 5 15 7 14 9 8 5
3 43 98 7 3 12 15 3 8 6 9 9
3 44 84 23 14 26 21 19 27 14 17 26
3 45 88 24 19 23 12 17 11 17 17 13
3 46 84 17 14 25 14 24 13 24 25 23
3 47 22 71 78 69 79 80 70 79 80 80
3 48 51 48 44 46 53 52 47 46 50 55
3 49 0 89 90 92 92 90 89 92 87 98
4 5 72 36 34 24 33 23 30 24 28 37
4 6 25 77 75 66 65 66 63 68 66 63
4 7 34 62 61 60 69 66 56 68 67 56
4 8 19 75 78 69 74 75 81 74 75 78
4 9 92 20 13 16 20 19 12 19 7 19
4 10 50 50 50 52 48 45 46 52 54 48
4 11 51 49 42 42 46 45 50 49 51 47
4 12 72 34 35 24 35 32 30 36 29 33
4 13 82 29 24 26 16 27 17 26 19 16
4 14 43 58 60 48 62 52 48 56 48 50
4 15 44 49 55 48 51 54 58 58 50 55
4 16 88 19 15 10 14 22 14 23 24 19
4 17 58 45 47 46 44 39 49 48 37 44
4 18 7 84 82 90 85 81 85 80 92 84
4 19 16 75 82 85 82 76 73 71 79 78
4 20 54 42 40 48 43 44 44 46 52 40
4 21 2 87 86 97 86 90 85 92 94 90
4 22 5 86 86 82 85 91 84 91 80 92
4 23 45 47 47 52 56 54 48 57 57 48
4 24 67 34 31 38 38 40 29 42 42 31
4 25 0 90 92 88 85 96 97 97 95 94
4 26 56 39 52 42 38 41 45 48 46 50
4 27 90 21 9 10 17 15 10 12 21 13
4 28 82 18 22 19 15 15 17 19 16 27
4 29 37 67 68 58 56 62 68 59 60 56
4 30 63 40 35 42 31 42 32 42 45 35
4 31 25 75 74 67 76 67 72 66 75 69
4 32 24 75 71 65 67 76 78 74 64 64
4 33 59 45 42 39 43 42 43 41 39 48
4 34 96 14 5 9 10 3 14 12 15 11
4 35 25 70 74 75 73 77 63 64 68 65
4 36 27 74 70 75 61 71 63 70 75 73
4 37 45 57 46 46 52 53 49 48 57 49
4 38 12 81 89 75 75 86 84 82 83 77
4 39 86 25 14 21 11 18 11 23 25 22
4 40 3 91 84 95 91 91 96 84 93 89
4 41 68 41 38 39 36 30 38 34 30 34
4 42 19 76 69 78 81 80 71 71 76 68
4 43 17 74 73 81 76 75 76 76 78 77
4 44 72 38 35 25 25 26 31 32 24 29
4 45 53 49 51 48 48 54 54 48 49 47
4 46 36 54 60 58 56 58 67 59 58 55
4 47 14 87 79 74 79 73 83 73 82 75
4 48 45 46 56 49 50 56 54 53 50 61
4 49 73 37 29 23 24 36 25 33 24 30
5 6 26 62 75 63 67 75 69 68 75 65
5 7 90 10 10 14 19 13 14 19 10 11
5 8 42 49 57 63 60 51 51 61 60 52
5 9 58 39 35 47 44 41 47 37 41 48
5 10 34 59 65 63 58 57 64 68 64 58
5 11 68 28 36 28 31 30 32 30 41 31
5 12 86 19 14 12 21 15 24 24 18 16
5 13 4 85 83 89 87 88 95 93 87 85
5 14 40 61 65 64 63 64 57 54 56 52
5 15 49 44 44 43 54 48 54 53 53 52
5 16 95 9 8 8 18 11 11 7 12 6
5 17 59 47 36 40 46 36 38 41 39 36
5 18 27 71 68 64 69 68 65 71 73 65
5 19 77 33 26 22 32 21 28 32 26 24
5 20 64 37 31 34 32 32 44 36 44 44
5 21 6 93 93 82 91 93 89 80 94 90
5 22 20 79 73 68 68 81 81 80 75 73
5 23 71 24 28 36 32 27 37 30 36 36
5 24 3 93 87 90 82 95 96 88 94 87
5 25 87 11 17 17 21 23 11 12 22 24
5 26 54 47 44 50 50 42 45 50 46 42
5 27 20 72 68 77 80 79 78 80 74 77
5 28 40 61 59 65 58 57 56 65 52 62
5 29 26 74 66 75 76 69 68 75 64 68
5 30 60 39 40 44 45 42 37 35 44 42
5 31 70 32 27 30 36 38 37 25 29 39
5 32 50 49 48 54 42 53 43 48 43 42
5 33 15 79 75 78 80 74 86 79 84 81
5 34 46 49 56 53 59 46 60 46 54 60
5 35 72 34 35 31 32 30 30 24 30 32
5 36 61 39 46 42 46 42 37 41 44 34
5 37 19 79 78 69 71 78 71 82 78 78
5 38 8 92 81 87 91 88 84 84 80 87
5 39 78 27 24 30 18 19 25 27 25 31
5 40 81 28 22 27 24 27 30 17 30 17
5 41 92 19 21 16 13 19 12 18 13 13
5 42 18 75 69 81 80 73 80 70 69 81
5 43 17 70 81 70 73 80 75 70 83 72
5 44 57 41 49 43 43 41 41 38 39 50
5 45 58 42 36 37 40 42 41 40 39 44
5 46 10 85 77 81 79 84 81 88 86 84
5 47 13 76 80 75 81 77 78 77 77 74
5 48 88 12 17 20 18 13 23 24 11 11
5 49 24 71 71 74 70 66 77 66 70 69
6 7 77 20 27 20 31 33 33 30 21 25
6 8 35 62 69 62 57 61 55 67 63 63
6 9 14 85 76 84 76 74 74 75 84 85
6 10 22 66 80 70 72 80 78 72 70 71
6 11 39 54 52 52 58 65 64 53 65 63
6 12 46 52 55 56 55 51 50 51 51 56
6 13 61 32 36 42 46 39 45 43 41 44
6 14 58 39 43 41 40 36 43 48 43 49
6 15 28 69 63 70 68 71 69 67 74 68
6 16 7 82 85 88 92 84 91 78 84 83
6 17 36 67 57 57 55 66 57 59 60 55
6 18 91 16 17 18 22 15 14 13 10 17
6 19 18 82 80 83 81 79 76 81 79 81
6 20 73 27 22 36 28 30 34 31 32 26
6 21 18 81 81 72 81 84 71 73 81 72
6 22 58 35 39 39 43 44 42 42 48 45
6 23 4 86 84 92 83 88 93 90 92 94
6 24 26 75 74 75 65 72 65 71 68 69
6 25 33 65 62 61 63 60 65 68 64 61
6 26 69 39 39 28 40 35 31 33 37 40
6 27 4 81 83 81 93 83 83 95 91 91
6 28 39 57 60 52 58 66 62 66 62 65
6 29 66 30 30 29 35 28 41 41 34 37
6 30 43 59 58 54 48 52 53 51 62 51
6 31 60 35 36 35 34 36 44 45 42 33
6 32 62 42 40 40 37 44 34 42 41 31
6 33 52 48 42 54 45 48 42 53 42 55
6 34 56 51 46 44 50 38 50 50 46 49
6 35 65 43 43 38 40 35 41 33 34 29
6 36 10 81 90 85 90 81 82 87 90 84
6 37 60 39 42 35 45 46 41 34 35 42
6 38 48 57 48 46 57 49 50 49 52 56
6 39 85 24 18 17 25 14 23 25 12 25
6 40 90 18 21 14 18 9 14 11 11 17
6 41 45 52 54 58 47 48 57 60 54 47
6 42 6 85 92 84 84 92 89 82 87 84
6 43 97 2 15 8 8 7 6 8 4 5
6 44 3 92 91 83 92 91 95 93 87 93
6 45 8 79 78 87 88 91 77 89 92 89
6 46 91 12 12 19 10 8 21 7 21 11
6 47 99 4 12 4 9 10 5 8 11 0
6 48 31 72 73 73 73 66 72 73 68 73
6 49 40 60 54 65 51 51 52 63 53 64
7 8 54 40 53 43 46 42 45 43 41 51
7 9 24 70 77 65 77 64 64 73 68 79
7 10 41 61 51 50 53 63 51 53 54 52
7 11 80 24 19 25 29 20 24 25 16 29
7 12 6 89 82 91 80 90 80 91 85 81
7 13 95 7 11 16 14 10 16 15 18 8
7 14 97 12 9 3 15 6 17 16 3 10
7 15 3 95 87 86 87 92 92 96 83 94
7 16 51 54 50 53 48 54 52 56 42 48
7 17 67 38 33 41 39 36 33 29 34 40
7 18 32 63 70 59 63 66 66 59 66 66
7 19 36 68 60 64 62 57 68 62 55 66
7 20 63 36 35 44 32 42 41 32 44 41
7 21 75 35 21 30 34 22 22 23 26 23
7 22 37 65 54 56 59 57 60 56 62 55
7 23 33 57 68 64 61 67 69 59 63 65
7 24 67 39 37 31 42 33 34 37 35 37
7 25 34 68 60 63 64 58 56 63 57 60
7 26 55 44 44 46 41 41 49 40 47 42
7 27 17 81 83 75 75 73 73 84 79 81
7 28 76 32 23 29 31 31 23 31 32 22
7 29 47 57 58 51 47 58 52 46 53 47
7 30 36 60 58 56 60 56 56 65 65 55
7 31 35 63 57 57 66 66 61 63 59 58
7 32 22 78 78 78 72 70 77 79 68 68
7 33 3 86 93 93 93 93 90 95 91 94
7 34 61 40 47 34 44 45 42 36 46 42
7 35 56 46 50 39 40 38 40 46 44 43
7 36 84 17 16 26 25 21 22 18 16 13
7 37 12 75 85 89 87 86 88 79 87 83
7 38 75 21 32 33 31 23 30 30 26 26
7 39 94 13 9 6 7 7 10 5 5 6
7 40 60 41 47 34 46 35 42 42 45 38
7 41 9 78 90 77 76 80 81 90 90 81
7 42 92 18 8 7 16 16 10 9 13 12
7 43 64 44 39 38 31 38 43 31 32 34
7 44 68 40 38 36 29 29 41 28 37 36
7 45 39 59 59 54 55 61 65 52 64 57
7 46 94 15 7 17 16 15 8 18 15 16
7 47 25 77 72 65 66 72 67 69 67 64
7 48 80 16 31 27 19 28 24 23 24 20
7 49 9 83 85 84 79 82 86 87 81 83
8 9 20 82 69 81 81 70 74 77 72 72
8 10 80 31 17 21 17 26 17 24 18 28
8 11 61 36 42 42 33 35 43 41 40 34
8 12 42 59 52 61 57 60 57 53 49 50
8 13 59 44 49 40 40 46 36 38 38 39
8 14 85 14 12 20 22 22 15 22 19 12
8 15 19 77 75 70 78 77 75 72 77 72
8 16 57 39 38 36 37 50 41 36 43 37
8 17 46 45 46 52 55 47 58 55 59 57
8 18 82 27 28 16 15 26 25 18 27 21
8 19 93 10 19 7 20 9 17 15 9 14
8 20 24 71 65 75 67 64 72 64 66 67
8 21 81 24 17 23 15 24 28 24 24 21
8 22 67 31 29 30 37 41 42 35 29 32
8 23 72 24 38 33 29 35 32 37 34 28
8 24 13 76 87 81 74 86 84 82 77 75
8 25 60 38 37 34 44 41 45 44 47 45
8 26 75 25 27 27 26 30 30 31 35 24
8 27 40 51 56 55 58 63 65 50 52 53
8 28 14 77 79 85 79 82 79 83 86 86
8 29 44 54 49 49 57 51 50 57 49 59
8 30 99 10 12 0 14 7 9 0 2 14
8 31 23 70 76 71 67 65 78 77 67 65
8 32 76 32 21 20 25 32 21 24 31 23
8 33 52 49 49 50 47 48 41 42 54 51
8 34 69 33 32 36 34 27 28 32 25 36
8 35 98 5 10 7 15 13 2 12 4 13
8 36 17 72 74 72 78 82 82 77 84 84
8 37 88 17 21 16 15 21 23 13 21 13
8 38 17 77 74 82 75 71 81 79 83 78
8 39 94 17 10 17 8 9 16 5 16 12
8 40 15 83 80 78 77 74 84 71 77 86
8 41 77 24 20 28 28 29 26 19 23 27
8 42 78 19 29 23 20 32 28 26 20 21
8 43 53 43 43 46 51 50 45 50 39 46
8 44 33 59 60 65 66 59 60 60 61 60
8 45 69 39 31 38 27 28 33 36 39 36
8 46 49 47 44 43 49 47 57 54 49 44
8 47 82 25 24 16 27 20 20 26 15 23
8 48 25 67 72 75 73 67 65 75 71 63
8 49 90 20 17 14 9 13 18 19 14 10
9 10 95 6 13 12 7 9 9 4 13 15
9 11 10 78 79 85 76 77 87 81 86 83
9 12 44 57 51 49 61 48 55 55 47 60
9 13 95 13 5 17 6 16 16 11 11 10
9 14 26 69 77 73 64 68 67 76 62 77
9 15 2 92 83 92 93 95 94 94 91 91
9 16 18 80 70 81 70 74 81 75 72 80
9 17 64 31 44 40 37 36 42 42 39 41
9 18 88 16 19 10 22 22 16 17 15 22
9 19 65 38 32 37 36 32 38 31 38 34
9 20 77 32 24 20 24 21 21 23 22 30
9 21 59 48 49 43 46 48 40 37 41 45
9 22 38 63 54 53 63 57 60 54 65 57
9 23 37 66 63 61 65 64 56 57 60 65
9 24 8 78 79 83 84 81 88 83 82 90
9 25 32 57 58 63 65 59 62 59 67 71
9 26 87 18 16 16 18 22 11 23 16 11
9 27 36 68 62 66 54 57 54 54 64 64
9 28 89 23 15 22 20 15 14 19 22 16
9 29 63 38 41 40 38 34 33 41 38 31
9 30 92 20 11 8 9 16 12 19 15 10
9 31 48 53 43 50 51 56 43 44 57 44
9 32 57 46 46 49 49 47 46 38 36 39
9 33 39 54 64 54 54 64 58 64 53 53
9 34 63 34 41 39 34 33 35 43 46 37
9 35 56 39 45 48 38 42 37 44 38 44
9 36 80 25 29 30 23 27 21 17 20 25
9 37 49 47 56 51 47 57 55 55 52 57
9 38 52 53 51 50 43 47 50 46 47 46
9 39 94 12 15 14 5 13 11 14 18 9
9 40 24 70 67 77 75 75 77 77 78 65
9 41 92 17 21 10 18 8 18 13 11 10
9 42 14 82 75 79 74 85 86 79 73 83
9 43 25 65 70 66 69 76 78 70 69 66
9 44 58 37 47 44 46 39 45 37 37 49
9 45 86 25 25 20 22 20 19 14 14 23
9 46 39 64 63 61 53 55 65 61 55 62
9 47 32 64 60 68 68 68 69 58 71 69
9 48 13 85 78 80 87 75 86 85 74 75
9 49 16 84 78 72 83 70 84 77 85 80
10 11 53 41 46 42 51 44 51 47 43 45
10 12 29 73 72 60 73 65 70 61 60 69
10 13 57 49 36 44 49 39 50 38 46 43
10 14 7 92 84 84 79 84 91 93 92 80
10 15 95 9 10 9 13 9 5 10 7 13
10 16 58 39 46 47 37 36 39 37 40 44
10 17 14 87 84 75 87 79 87 85 86 78
10 18 21 67 66 72 71 69 77 78 71 69
10 19 4 95 85 92 85 88 84 84 92 83
10 20 24 70 76 66 74 75 70 64 70 66
10 21 34 63 69 56 62 64 68 56 57 61
10 22 0 89 85 93 96 95 86 94 89 84
10 23 71 35 37 32 36 31 25 30 38 27
10 24 58 42 46 38 36 47 47 44 39 38
10 25 8 82 79 84 90 89 89 87 83 84
10 26 3 88 95 92 87 92 96 91 91 90
10 27 29 66 71 63 69 60 61 63 73 60
10 28 92 19 10 7 19 16 17 14 15 7
10 29 1 86 88 98 98 89 95 86 89 97
10 30 87 18 24 12 23 13 24 15 25 24
10 31 83 26 16 26 24 17 26 24 18 16
10 32 28 63 65 63 65 65 64 61 63 67
10 33 84 27 27 26 16 19 24 14 19 28
10 34 82 18 29 23 20 29 17 20 25 28
10 35 70 25 27 26 26 27 26 29 30 33
10 36 0 99 99 88 88 93 87 94 95 90
10 37 81 25 26 30 16 22 24 23 29 27
10 38 8 82 82 78 89 88 84 85 88 81
10 39 32 69 63 62 58 69 62 70 63 67
10 40 81 18 22 21 20 25 23 26 20 30
10 41 55 45 47 45 51 52 38 38 41 42
10 42 64 38 30 38 32 41 38 32 43 40
10 43 91 10 21 14 9 11 13 16 11 16
10 44 79 31 31 31 22 28 30 22 17 29
10 45 76 28 22 32 24 24 20 31 24 25
10 46 87 11 23 20 17 11 17 24 16 17
10 47 14 81 78 78 82 77 76 77 80 79
10 48 10 80 77 87 76 88 90 84 86 87
10 49 26 71 76 76 68 68 70 64 70 74
11 12 59 44 43 38 36 38 40 38 36 47
11 13 96 5 15 6 15 4 11 5 12 17
11 14 63 45 45 45 45 40 42 36 36 36
11 15 71 38 24 36 27 28 36 34 24 27
11 16 29 68 68 69 70 64 68 62 74 64
11 17 54 48 40 47 41 51 49 44 42 43
11 18 92 19 12 11 8 18 7 17 18 14
11 19 84 19 20 13 15 18 18 14 26 27
11 20 54 44 50 38 38 43 42 44 43 52
11 21 61 41 43 36 40 47 34 39 32 46
11 22 97 12 9 13 3 9 13 2 2 3
11 23 22 73 71 78 68 77 69 79 78 77
11 24 90 18 16 11 13 12 10 14 14 18
11 25 47 51 59 47 48 54 50 55 46 47
11 26 81 24 28 15 17 17 26 25 21 21
11 27 94 8 8 19 19 10 16 18 8 7
11 28 29 61 64 65 61 62 70 72 63 72
11 29 49 48 57 54 45 48 52 49 58 54
11 30 70 25 29 29 32 30 36 39 36 38
11 31 29 61 73 68 64 62 73 73 65 71
11 32 19 80 82 76 78 80 75 68 75 81
11 33 10 90 83 79 90 83 76 83 84 79
11 34 88 14 23 12 9 22 11 12 23 24
11 35 75 22 31 27 26 22 27 26 25 26
11 36 14 73 82 85 79 80 83 86 76 81
11 37 3 86 83 91 82 83 95 88 84 92
11 38 58 43 36 37 38 46 45 41 42 46
11 39 18 77 70 74 81 71 80 77 74 69
11 40 8 86 85 79 80 85 84 83 80 86
11 41 51 46 42 53 41 51 48 47 53 46
11 42 4 89 91 82 87 83 81 83 86 83
11 43 21 78 71 75 72 75 73 69 80 81
11 44 34 65 65 58 66 59 62 68 65 70
11 45 86 26 20 15 19 22 14 16 12 21
11 46 90 14 13 13 8 19 11 21 17 14
11 47 0 95 85 85 85 85 97 94 89 89
11 48 47 52 51 53 53 57 48 46 48 44
11 49 67 40 41 29 39 31 30 36 41 41
12 13 75 25 26 28 21 33 27 32 26 24
12 14 26 64 64 67 70 74 76 67 75 73
12 15 62 46 32 45 45 44 37 40 40 37
12 16 1 87 87 92 84 83 86 92 97 85
12 17 44 60 50 51 47 57 59 49 57 58
12 18 10 86 85 83 76 88 80 81 80 90
12 19 17 73 74 74 80 78 83 79 79 83
12 20 72 36 25 29 26 32 36 30 24 35
12 21 91 17 11 16 14 20 16 19 8 7
12 22 75 32 34 31 22 34 26 33 33 32
12 23 36 62 55 59 63 60 66 55 59 62
12 24 1 94 92 88 90 96 94 84 88 83
12 25 67 42 28 34 32 28 32 35 35 30
12 26 94 6 15 9 12 7 9 19 14 10
12 27 91 19 11 10 13 13 10 19 18 10
12 28 64 39 44 41 31 34 32 41 32 38
12 29 20 69 79 71 70 74 71 80 76 78
12 30 2 89 89 95 93 91 94 88 88 86
12 31 42 59 51 51 51 51 62 54 49 49
12 32 64 35 37 41 44 37 35 43 38 33
12 33 44 51 51 61 57 48 58 59 55 47
12 34 51 43 48 56 43 53 52 53 52 53
12 35 5 83 92 80 90 86 82 86 94 86
12 36 86 20 18 15 21 23 19 21 22 24
12 37 93 6 14 6 18 16 17 5 10 8
12 38 15 84 74 83 76 83 86 72 84 86
12 39 99 3 7 12 10 13 6 3 10 11
12 40 42 52 50 59 52 57 56 55 60 56
12 41 62 38 44 46 39 44 34 31 39 38
12 42 75 26 26 24 34 23 23 28 29 21
12 43 46 52 46 50 56 54 52 58 56 57
12 44 79 29 30 18 27 23 22 27 22 30
12 45 14 79 80 76 76 74 86 86 84 72
12 46 47 58 57 51 56 53 56 48 57 55
12 47 51 52 46 47 44 46 47 45 45 54
12 48 45 51 56 56 59 58 58 47 55 53
12 49 30 60 65 65 61 66 66 60 63 66
13 14 31 67 59 72 72 60 62 70 61 65
13 15 4 83 83 90 86 89 81 93 91 94
13 16 96 16 12 10 11 14 14 16 7 16
13 17 84 23 18 16 22 22 26 13 12 16
13 18 95 11 14 10 9 6 8 15 17 18
13 19 68 40 37 39 32 37 29 39 33 31
13 20 33 57 58 68 69 61 65 60 64 57
13 21 40 62 58 53 61 56 58 52 52 53
13 22 6 86 84 87 84 94 82 93 85 87
13 23 8 90 82 83 79 85 77 88 86 88
13 24 12 86 79 85 77 79 87 84 80 80
13 25 15 80 80 78 75 82 81 75 85 72
13 26 5 92 94 86 84 89 84 94 86 93
13 27 96 18 9 3 16 8 17 13 7 14
13 28 67 41 42 42 34 40 34 40 32 38
13 29 2 92 95 97 93 95 89 84 96 97
13 30 63 37 45 34 32 32 32 42 35 37
13 31 45 49 52 54 58 54 58 49 54 57
13 32 83 23 15 18 24 20 24 21 16 26
13 33 59 45 36 36 48 43 36 38 37 48
13 34 97 3 5 14 13 8 15 4 7 7
13 35 65 35 43 42 35 36 35 31 40 37
13 36 93 16 18 9 7 13 16 11 9 20
13 37 84 18 22 13 27 20 22 23 22 14
13 38 67 30 38 37 33 29 39 32 32 31
13 39 45 47 48 53 56 48 61 47 49 54
13 40 26 76 62 69 69 77 63 67 67 67
13 41 28 63 75 68 70 71 75 70 67 61
13 42 32 62 66 57 66 70 60 62 68 67
13 43 23 73 68 66 78 76 70 66 68 76
13 44 11 76 76 78 77 88 84 81 85 77
13 45 19 81 72 76 81 78 82 83 78 74
13 46 30 68 73 74 68 67 62 71 71 69
13 47 3 89 85 96 93 84 85 82 92 94
13 48 42 56 60 60 56 63 54 59 62 51
13 49 23 78 69 74 72 76 72 67 77 74
14 15 83 17 27 21 18 18 21 15 18 22
14 16 68 39 39 36 37 28 39 35 27 29
14 17 10 86 85 87 86 83 79 82 91 82
14 18 45 53 53 57 51 52 57 51 49 57
14 19 59 38 46 48 48 35 44 41 44 40
14 20 65 33 39 38 36 39 40 43 36 37
14 21 84 13 26 28 21 14 21 26 24 28
14 22 3 83 87 96 87 89 84 87 85 87
14 23 50 54 55 45 45 47 56 52 51 51
14 24 39 58 57 56 57 61 55 57 52 61
14 25 36 59 68 56 65 55 59 55 61 53
14 26 63 31 40 30 37 34 40 42 31 41
14 27 22 71 80 79 74 70 69 73 76 70
14 28 7 88 80 81 88 93 80 93 85 81
14 29 90 12 9 11 17 14 15 21 17 16
14 30 61 34 37 46 42 34 34 42 39 44
14 31 89 20 16 11 15 18 12 15 18 23
14 32 57 37 37 48 49 41 38 49 49 41
14 33 70 30 39 39 32 36 26 38 34 38
14 34 36 65 65 58 67 55 55 64 62 55
14 35 24 64 74 74 65 76 79 73 69 65
14 36 79 24 22 18 20 25 27 21 18 21
14 37 96 10 4 7 14 7 5 6 17 10
14 38 73 30 26 32 34 22 31 27 23 28
14 39 84 20 23 26 26 23 17 21 26 15
14 40 44 48 57 58 48 48 55 55 56 55
14 41 17 71 79 71 74 70 84 77 73 71
14 42 18 76 70 83 80 73 75 75 79 72
14 43 70 31 25 26 36 33 29 31 38 36
14 44 68 29 31 32 29 41 35 31 39 38
14 45 68 26 33 29 34 38 33 34 28 37
14 46 26 70 65 77 69 66 67 65 67 64
14 47 60 39 36 36 36 36 36 39 46 35
14 48 78 29 24 30 33 19 30 33 30 28
14 49 18 71 69 82 77 80 78 74 77 77
15 16 93 12 19 7 15 12 9 15 18 5
15 17 93 16 16 9 14 20 8 10 12 13
15 18 84 18 26 15 13 14 16 22 20 17
15 19 80 16 27 30 17 18 29 22 29 20
15 20 95 18 16 8 8 11 10 15 16 17
15 21 45 59 48 53 55 60 48 50 58 47
15 22 59 43 35 36 43 37 48 48 40 42
15 23 22 79 71 80 80 69 73 66 77 69
15 24 99 14 4 8 14 12 12 12 10 12
15 25 4 89 82 86 82 95 94 90 94 91
15 26 6 81 92 93 93 84 84 82 89 88
15 27 97 9 3 11 11 10 9 12 4 15
15 28 0 85 92 98 93 89 92 95 98 93
15 29 87 16 19 25 17 20 13 24 24 25
15 30 38 59 54 55 60 57 61 54 60 60
15 31 74 35 36 23 33 35 36 25 34 31
15 32 64 43 37 31 39 33 43 39 43 41
15 33 45 52 57 55 47 57 49 48 50 51
15 34 2 88 91 87 86 97 86 91 86 89
15 35 53 47 47 43 46 43 52 51 49 53
15 36 64 37 38 41 34 33 42 42 33 38
15 37 41 64 62 58 55 63 58 56 57 55
15 38 31 68 71 68 70 61 68 60 70 63
15 39 88 23 21 21 11 13 10 15 19 17
15 40 78 18 29 23 29 21 32 20 32 25
15 41 61 35 42 45 37 36 34 43 45 44
15 42 86 22 19 24 12 16 17 24 19 25
15 43 46 46 52 52 47 54 58 46 50 46
15 44 5 91 80 85 81 94 93 83 83 94
15 45 0 87 89 89 88 94 98 85 94 88
15 46 90 9 15 13 17 21 21 21 13 18
15 47 45 52 54 55 52 50 50 49 47 49
15 48 51 45 53 50 49 43 55 54 52 41
15 49 48 47 56 56 52 54 52 58 48 46
16 17 92 12 13 6 7 17 14 16 14 9
16 18 23 70 72 69 78 70 78 67 66 69
16 19 54 38 49 49 39 44 51 40 49 40
16 20 53 42 44 43 40 52 52 45 46 48
16 21 90 20 12 19 20 16 10 15 18 8
16 22 41 57 53 62 61 62 62 61 57 54
16 23 20 72 67 78 72 71 76 72 76 72
16 24 79 25 19 23 28 23 27 23 19 22
16 25 66 36 41 41 29 37 30 37 32 38
16 26 71 27 34 35 37 27 25 32 25 37
16 27 82 27 19 15 17 26 21 26 24 19
16 28 79 20 27 28 22 31 25 19 20 17
16 29 22 70 67 67 70 79 80 76 69 66
16 30 88 15 14 17 13 17 10 11 20 13
16 31 70 37 28 37 39 39 25 25 30 38
16 32 31 68 66 66 59 64 67 65 62 68
16 33 40 60 56 60 57 60 65 56 56 60
16 34 1 98 96 91 98 93 83 96 97 87
16 35 1 92 97 88 87 88 87 84 87 97
16 36 30 69 63 64 63 68 69 65 66 74
16 37 4 85 93 86 93 93 87 82 90 89
16 38 30 63 69 61 67 59 71 71 69 62
16 39 95 9 17 14 13 7 5 7 7 11
16 40 19 70 81 69 71 76 77 80 83 74
16 41 48 45 48 50 51 49 57 57 48 57
16 42 82 22 23 21 30 18 26 15 21 27
16 43 25 72 76 72 70 64 74 76 75 73
16 44 35 58 63 67 56 68 63 67 64 62
16 45 82 28 27 24 17 18 20 28 16 15
16 46 1 84 98 87 84 87 86 86 83 93
16 47 49 48 44 55 44 53 54 56 57 57
16 48 53 51 42 48 44 45 42 53 51 49
16 49 15 85 79 83 85 74 78 76 73 79
17 18 96 8 13 4 14 6 6 4 4 16
17 19 63 36 45 41 39 33 40 42 43 39
17 20 86 23 25 21 15 19 24 16 17 15
17 21 42 50 57 52 58 57 56 56 63 62
17 22 76 20 21 28 33 22 33 28 23 25
17 23 27 65 75 72 68 69 70 62 73 70
17 24 61 43 34 33 38 46 34 39 47 43
17 25 77 33 31 30 27 28 30 20 30 32
17 26 37 58 54 64 61 64 62 64 67 65
17 27 44 50 55 57 56 55 52 52 53 54
17 28 6 91 87 93 94 85 86 88 89 85
17 29 25 70 74 76 77 71 70 67 67 74
17 30 2 91 84 93 90 92 97 92 92 89
17 31 10 82 86 87 89 84 83 85 85 88
17 32 21 71 80 77 79 69 67 67 70 78
17 33 41 53 64 57 51 51 53 64 55 54
17 34 31 64 71 67 65 70 67 65 63 71
17 35 63 38 45 44 34 39 41 39 45 34
17 36 51 51 43 52 47 46 44 48 52 54
17 37 42 62 55 62 60 53 55 60 58 50
17 38 99 13 8 0 5 2 14 7 0 5
17 39 13 73 88 81 84 84 83 80 86 77
17 40 88 17 24 20 13 15 13 23 17 16
17 41 51 45 54 51 50 45 47 54 49 47
17 42 21 78 73 70 74 80 75 77 74 70
17 43 91 20 17 11 12 22 8 14 18 22
17 44 37 56 59 64 66 67 63 53 56 59
17 45 70 25 37 40 31 37 26 27 40 28
17 46 67 28 32 29 35 28 36 36 39 41
17 47 24 70 68 77 71 68 74 76 64 77
17 48 26 71 68 68 70 73 70 69 70 75
17 49 14 82 73 81 85 82 76 75 74 86
18 19 13 75 75 82 75 74 77 74 74 83
18 20 24 76 78 71 77 70 65 68 77 66
18 21 53 54 51 50 43 45 50 50 43 46
18 22 85 25 19 21 20 13 15 24 16 17
18 23 86 22 21 13 18 20 11 19 23 21
18 24 12 84 86 76 88 78 74 86 84 87
18 25 13 75 88 88 87 86 75 84 82 83
18 26 51 52 50 41 46 45 45 42 47 55
18 27 14 77 75 77 85 83 81 83 85 73
18 28 51 51 50 50 43 54 52 42 42 42
18 29 92 11 19 19 10 6 7 19 10 12
18 30 55 41 39 40 41 40 48 41 52 41
18 31 10 90 90 84 77 81 84 80 84 84
18 32 74 24 29 33 35 25 33 30 35 35
18 33 54 48 41 48 45 42 43 39 43 46
18 34 83 16 20 19 14 22 26 20 16 14
18 35 59 38 47 38 40 45 37 35 43 42
18 36 53 48 51 52 44 45 40 43 51 49
18 37 22 81 69 74 76 69 80 68 66 71
18 38 56 39 51 48 41 48 47 48 40 45
18 39 98 4 2 2 9 8 12 1 15 14
18 40 41 64 59 57 52 57 53 59 53 63
18 41 0 86 94 99 95 97 90 91 98 89
18 42 72 23 37 33 27 30 36 29 31 24
18 43 45 58 47 49 56 57 45 48 57 54
18 44 74 35 22 24 25 31 31 28 35 36
18 45 84 19 22 20 20 20 18 20 23 15
18 46 42 60 61 61 53 50 59 52 51 62
18 47 59 44 35 40 36 47 41 42 46 38
18 48 37 61 65 56 59 66 67 63 63 66
18 49 28 70 69 60 68 66 75 72 67 73
19 20 17 77 79 80 75 73 77 75 82 77
19 21 93 17 9 7 7 12 20 17 16 10
19 22 11 81 88 83 84 76 88 75 82 77
19 23 4 85 83 91 91 83 88 82 91 95
19 24 53 41 52 54 44 46 47 43 47 43
19 25 38 63 60 65 57 58 54 66 61 52
19 26 84 13 26 22 21 19 16 20 16 25
19 27 55 39 44 43 48 47 42 47 45 47
19 28 30 71 73 66 65 62 67 63 69 66
19 29 41 53 52 56 63 58 59 56 61 50
19 30 59 38 41 46 45 40 38 42 35 39
19 31 79 27 24 20 28 27 19 18 18 28
19 32 33 67 68 57 62 61 68 70 63 65
19 33 19 74 78 73 81 70 80 81 79 75
19 34 99 14 10 5 7 12 13 4 1 3
19 35 13 74 78 86 85 75 80 78 87 87
19 36 95 8 9 11 7 18 10 3 14 16
19 37 52 41 51 53 51 42 52 41 40 47
19 38 57 42 38 38 44 43 38 37 46 38
19 39 37 58 64 67 53 57 63 60 64 65
19 40 16 72 80 80 81 73 78 76 82 77
19 41 96 3 3 13 13 9 10 3 16 13
19 42 68 35 28 32 37 33 28 31 34 38
19 43 1 88 88 97 86 97 92 92 94 97
19 44 44 49 55 59 59 57 59 58 55 49
19 45 39 58 54 64 65 59 62 61 65 64
19 46 32 68 68 67 64 57 58 58 63 59
19 47 0 86 96 85 94 87 99 95 88 92
19 48 39 55 55 65 57 56 59 54 65 59
19 49 72 35 28 29 28 26 23 37 37 32
20 21 12 83 78 88 78 81 85 82 87 74
20 22 59 46 40 46 36 43 46 43 42 49
20 23 17 82 80 81 71 77 83 80 76 82
20 24 34 55 58 64 58 61 59 61 65 61
20 25 70 35 25 37 33 25 30 26 31 31
20 26 89 12 19 14 11 22 17 14 22 10
20 27 95 6 9 14 17 13 7 8 7 5
20 28 14 78 86 87 84 83 75 86 79 80
20 29 13 85 84 85 86 82 82 87 75 79
20 30 76 21 20 20 28 24 29 21 24 26
20 31 28 70 69 71 62 70 68 62 68 69
20 32 82 20 16 19 23 18 21 27 19 29
20 33 32 65 71 59 66 64 60 69 66 63
20 34 81 30 17 19 19 27 24 27 26 26
20 35 10 84 86 78 88 84 77 76 80 87
20 36 75 32 22 21 32 30 32 30 33 25
20 37 76 29 23 31 26 25 22 26 32 27
20 38 6 90 91 91 82 80 87 85 88 91
20 39 60 44 40 45 39 38 38 45 43 42
20 40 17 74 80 73 74 84 74 74 74 78
20 41 78 27 18 32 24 24 22 31 19 26
20 42 41 64 51 62 51 50 50 56 61 50
20 43 16 77 79 84 84 76 77 70 73 78
20 44 81 24 30 25 23 16 22 29 29 20
20 45 89 16 14 16 12 20 12 10 10 13
20 46 80 25 29 21 17 31 23 24 20 25
20 47 55 51 42 51 47 45 42 45 50 43
20 48 32 67 66 61 60 68 61 69 61 67
20 49 69 27 40 28 34 31 28 29 37 30
21 22 76 24 30 24 30 34 23 23 34 34
21 23 79 27 31 27 17 29 19 18 19 23
21 24 69 32 28 37 26 27 35 31 37 38
21 25 10 88 78 76 83 83 86 81 78 87
21 26 84 27 28 22 17 16 14 15 17 24
21 27 98 8 7 9 10 12 13 4 5 12
21 28 70 34 35 31 27 33 28 33 34 26
21 29 79 29 28 31 29 19 32 27 28 23
21 30 72 36 31 23 23 24 30 28 23 29
21 31 97 6 9 3 13 3 8 4 15 2
21 32 10 82 89 80 87 79 86 76 78 76
21 33 4 86 94 84 90 86 84 87 88 82
21 34 12 84 78 80 74 76 75 80 79 84
21 35 65 42 43 34 31 35 32 37 33 40
21 36 83 18 16 20 28 19 20 21 26 25
21 37 64 37 42 44 44 41 35 31 43 30
21 38 62 42 41 45 35 35 38 40 37 39
21 39 7 89 84 92 81 93 88 79 84 93
21 40 37 64 53 57 65 66 53 62 55 63
21 41 62 38 39 35 34 37 39 40 40 42
21 42 19 73 76 72 70 77 81 76 70 83
21 43 72 36 25 32 25 36 35 35 30 30
21 44 39 60 55 56 56 58 65 51 58 59
21 45 99 11 13 13 12 1 6 13 2 9
21 46 28 70 65 63 75 70 63 72 65 76
21 47 70 38 28 40 27 33 32 33 28 33
21 48 8 91 86 92 91 85 86 81 81 91
21 49 94 8 5 13 5 11 19 7 15 10
22 23 95 16 6 11 15 15 15 17 7 4
22 24 54 40 53 38 39 41 44 40 53 47
22 25 9 91 81 86 83 81 81 89 86 91
22 26 92 15 11 20 8 9 14 6 6 6
22 27 0 98 96 86 90 87 92 95 94 95
22 28 46 56 58 47 52 54 57 58 50 48
22 29 68 28 31 36 31 27 35 35 36 27
22 30 99 12 2 1 7 11 8 4 1 2
22 31 73 27 33 29 35 27 32 31 35 33
22 32 21 67 75 75 72 72 67 76 71 70
22 33 6 93 84 83 92 92 83 86 83 88
22 34 31 64 66 63 63 67 60 61 66 61
22 35 48 56 58 46 52 44 48 55 50 49
22 36 34 56 57 60 68 60 69 62 56 58
22 37 96 4 2 3 2 12 8 2 11 10
22 38 58 39 37 35 45 41 49 48 47 47
22 39 26 65 77 63 74 65 65 70 73 66
22 40 24 74 66 64 64 69 65 70 72 73
22 41 14 77 81 75 82 84 77 78 72 84
22 42 40 56 57 51 53 59 56 56 50 54
22 43 32 61 67 67 61 58 60 67 63 67
22 44 45 56 60 56 57 54 48 57 59 47
22 45 15 78 73 77 78 84 79 85 76 87
22 46 42 53 51 63 51 59 50 61 49 55
22 47 12 77 82 83 83 81 81 77 84 85
22 48 47 51 58 59 57 52 51 55 47 52
22 49 46 57 48 54 55 58 51 59 59 59
23 24 45 60 55 54 47 57 55 49 56 52
23 25 54 41 42 43 52 48 40 51 39 49
23 26 56 43 41 44 42 42 51 45 49 49
23 27 16 71 82 80 72 84 84 75 73 85
23 28 61 42 34 39 35 34 33 40 46 35
23 29 92 8 6 6 18 10 12 7 10 16
23 30 26 62 63 72 68 75 68 65 73 75
23 31 91 18 15 15 22 15 8 13 9 16
23 32 70 28 25 24 29 35 34 26 30 38
23 33 19 72 70 76 76 82 79 81 82 75
23 34 26 73 69 75 74 72 71 63 74 65
23 35 46 48 47 56 53 52 47 57 45 51
23 36 74 27 32 22 35 33 35 28 34 23
23 37 28 70 71 66 71 63 61 73 69 62
23 38 61 40 44 39 41 36 41 41 42 36
23 39 29 72 68 71 69 67 63 68 63 61
23 40 1 95 90 94 92 87 84 94 89 94
23 41 21 72 76 71 76 78 80 69 81 80
23 42 22 77 75 79 71 69 71 80 74 67
23 43 68 39 41 34 33 34 35 36 27 38
23 44 51 54 43 42 44 50 54 47 47 48
23 45 81 15 27 26 22 29 16 26 27 28
23 46 30 61 70 72 70 63 61 63 61 66
23 47 80 26 26 27 23 21 20 19 30 17
23 48 52 42 40 48 48 47 53 43 47 54
23 49 84 27 15 17 23 22 14 13 26 14
24 25 27 74 63 69 74 70 76 72 64 73
24 26 88 11 21 17 20 23 16 17 18 14
24 27 52 51 52 43 51 46 46 41 54 45
24 28 31 66 63 61 61 71 63 61 71 70
24 29 94 18 16 15 10 18 17 17 13 15
24 30 52 49 42 50 43 50 55 55 51 44
24 31 89 9 11 21 13 14 12 15 18 16
24 32 67 34 32 27 35 33 38 38 35 42
24 33 30 60 67 68 59 72 68 67 70 64
24 34 86 13 24 15 16 19 12 19 15 15
24 35 53 47 44 50 43 52 52 42 52 50
24 36 89 23 19 19 16 9 14 21 12 16
24 37 7 92 83 81 82 90 84 80 83 89
24 38 84 18 20 13 18 16 15 19 19 28
24 39 11 84 82 87 78 84 88 86 88 86
24 40 37 61 54 67 61 54 59 63 59 56
24 41 85 15 15 14 25 17 25 21 14 15
24 42 80 19 22 30 29 21 18 30 22 20
24 43 36 60 68 64 65 59 68 55 56 64
24 44 23 69 68 69 79 69 72 76 71 73
24 45 33 61 64 63 56 66 70 58 65 70
24 46 54 49 48 45 44 47 49 41 48 46
24 47 23 67 74 74 74 66 72 77 65 65
24 48 79 25 19 26 29 22 18 21 26 30
24 49 24 69 73 66 70 78 67 72 64 65
25 26 22 70 73 69 78 68 73 78 75 79
25 27 14 76 81 77 76 79 75 75 84 83
25 28 12 80 81 87 85 86 82 76 75 77
25 29 22 81 77 80 77 80 69 71 69 74
25 30 26 69 72 73 67 63 65 62 73 63
25 31 59 39 41 42 39 42 35 44 45 44
25 32 69 28 38 38 34 32 39 36 31 30
25 33 60 48 34 34 36 35 41 36 38 43
25 34 97 6 9 11 13 4 8 2 7 13
25 35 51 55 51 42 43 42 49 52 55 44
25 36 32 64 65 67 71 71 64 68 60 63
25 37 58 44 41 44 37 44 38 43 47 36
25 38 66 33 31 30 41 39 42 35 42 32
25 39 48 45 53 53 45 56 46 57 48 45
25 40 41 56 62 61 54 59 64 60 51 57
25 41 17 76 70 82 83 70 80 82 81 77
25 42 38 63 54 57 61 66 60 62 60 54
25 43 90 9 12 10 10 20 19 14 13 10
25 44 44 50 55 58 48 59 49 53 61 56
25 45 97 13 14 7 12 6 16 5 13 16
25 46 99 2 10 8 0 14 0 11 3 0
25 47 31 69 66 73 70 72 62 64 64 67
25 48 80 25 19 28 19 18 27 24 17 23
25 49 50 54 53 51 48 52 51 46 53 53
26 27 78 31 20 22 23 24 19 25 20 22
26 28 63 31 41 38 36 40 41 42 40 41
26 29 11 76 86 79 75 78 89 86 84 82
26 30 10 78 78 76 84 77 80 86 82 82
26 31 59 45 46 48 38 46 39 42 43 36
26 32 35 55 56 69 69 59 67 66 60 67
26 33 23 65 77 75 79 79 71 76 71 72
26 34 27 68 61 67 65 65 74 67 72 69
26 35 24 77 64 74 64 69 65 70 70 76
26 36 60 42 46 35 44 39 45 43 44 40
26 37 81 27 22 21 28 22 16 19 21 17
26 38 9 84 82 78 82 89 84 91 90 87
26 39 94 7 9 16 14 13 18 10 10 11
26 40 73 27 27 37 26 34 35 33 37 32
26 41 81 25 26 30 26 21 30 17 20 25
26 42 73 36 26 36 32 35 25 23 26 26
26 43 4 93 94 85 83 83 84 82 95 94
26 44 71 27 29 27 26 31 31 37 32 25
26 45 72 35 23 36 32 31 33 26 29 27
26 46 24 74 68 76 66 67 76 73 67 78
26 47 29 64 74 66 62 68 63 64 74 63
26 48 15 82 78 82 80 73 81 82 83 73
26 49 87 19 18 16 13 15 20 22 18 14
27 28 31 68 69 59 67 63 64 68 67 68
27 29 69 29 27 40 38 40 35 28 34 31
27 30 16 82 84 82 84 80 74 73 73 81
27 31 2 93 92 85 89 91 82 96 85 82
27 32 80 17 19 30 17 28 28 18 23 22
27 33 91 14 7 21 17 17 11 13 17 17
27 34 69 40 38 41 35 40 40 30 31 26
27 35 10 87 81 86 85 89 79 88 77 77
27 36 24 66 65 75 76 66 78 72 76 65
27 37 97 14 10 2 9 9 2 5 11 5
27 38 50 52 46 44 43 54 47 46 51 42
27 39 4 93 85 84 94 87 86 83 92 87
27 40 5 84 93 82 93 82 88 90 81 82
27 41 82 26 22 22 19 29 18 14 26 22
27 42 73 29 28 23 28 25 26 26 27 34
27 43 14 80 78 87 87 80 82 73 85 75
27 44 27 66 66 67 66 71 64 69 66 63
27 45 72 28 27 32 33 34 29 33 29 28
27 46 2 97 86 93 93 92 86 93 90 86
27 47 46 56 50 47 47 59 59 46 53 57
27 48 65 33 30 40 37 36 37 37 41 30
27 49 34 68 67 57 69 56 59 57 59 56
28 29 59 38 44 35 37 41 35 41 44 35
28 30 72 25 25 28 36 30 34 32 30 23
28 31 51 53 54 46 43 52 46 45 53 46
28 32 9 85 83 77 89 84 88 83 86 88
28 33 13 82 80 84 84 77 79 87 81 78
28 34 40 60 52 65 57 63 60 64 60 61
28 35 81 19 27 21 23 30 28 28 16 22
28 36 85 21 21 14 23 21 14 23 15 18
28 37 2 87 94 89 93 95 96 84 93 90
28 38 42 49 55 62 51 50 52 54 60 52
28 39 68 30 35 37 39 36 32 29 31 41
28 40 89 14 12 11 15 15 10 15 24 12
28 41 91 10 21 18 20 21 20 15 11 13
28 42 20 77 81 76 77 70 75 78 68 81
28 43 53 53 53 49 45 41 54 51 41 43
28 44 86 23 25 21 25 23 12 13 14 23
28 45 45 57 48 52 47 53 47 47 61 48
28 46 40 58 54 52 57 62 64 55 64 59
28 47 13 81 87 82 82 82 85 73 82 83
28 48 39 53 64 51 54 52 51 64 60 56
28 49 88 14 23 24 13 13 22 22 16 21
29 30 23 74 74 69 75 78 68 72 76 68
29 31 38 65 64 62 53 62 66 65 62 57
29 32 55 39 52 46 52 45 46 44 46 42
29 33 39 58 52 52 52 61 52 52 52 61
29 34 81 24 19 19 20 25 24 17 26 18
29 35 78 31 21 25 19 29 20 23 25 32
29 36 76 32 32 23 31 26 22 27 28 20
29 37 44 59 59 58 60 52 52 52 59 47
29 38 0 85 85 86 95 96 94 92 96 97
29 39 44 56 48 49 47 52 56 59 49 52
29 40 48 52 51 52 46 47 49 45 55 46
29 41 76 34 28 21 32 34 33 26 22 26
29 42 76 33 31 27 20 22 24 31 26 28
29 43 84 16 17 17 23 13 15 18 16 21
29 44 82 27 15 19 26 20 19 24 21 18
29 45 59 38 46 37 39 39 34 40 37 35
29 46 93 15 17 19 8 17 17 8 16 8
29 47 30 61 71 64 65 64 61 65 61 62
29 48 52 44 43 41 47 47 52 44 48 45
29 49 88 17 18 15 13 17 14 12 17 20
30 31 30 62 62 72 65 65 61 71 62 74
30 32 84 26 13 22 14 18 25 25 25 13
30 33 74 24 33 26 28 33 35 36 27 29
30 34 82 19 23 21 21 26 26 27 20 29
30 35 41 50 55 59 53 60 54 50 61 62
30 36 35 58 63 57 56 69 63 66 58 58
30 37 71 31 29 27 24 33 27 32 28 31
30 38 36 67 56 57 59 56 56 67 68 65
30 39 13 86 86 76 75 80 84 86 86 78
30 40 94 10 6 13 18 7 13 12 8 11
30 41 42 57 50 51 53 57 57 49 55 48
30 42 52 48 48 48 53 51 48 54 45 46
30 43 73 33 32 27 33 30 35 33 22 30
30 44 16 84 76 79 75 83 77 77 84 75
30 45 12 76 88 80 85 82 83 84 88 81
30 46 3 86 91 90 93 86 90 93 93 85
30 47 90 10 16 19 21 9 11 17 21 18
30 48 30 63 65 64 59 72 71 68 70 69
30 49 4 95 95 86 84 82 85 92 86 86
31 32 10 84 79 81 78 76 77 76 89 76
31 33 6 87 93 86 82 88 91 86 92 92
31 34 50 46 53 46 53 43 51 53 45 52
31 35 67 42 31 34 35 39 32 35 28 36
31 36 32 68 63 59 63 59 70 69 58 58
31 37 38 54 53 61 52 60 62 65 66 59
31 38 55 43 41 41 49 44 50 43 46 39
31 39 6 92 83 92 90 80 88 82 88 94
31 40 16 76 73 73 82 79 72 79 85 83
31 41 19 73 76 81 68 78 76 76 74 75
31 42 1 97 98 86 94 92 96 94 98 95
31 43 78 22 32 31 18 33 18 20 21 30
31 44 59 41 42 37 37 45 45 37 43 44
31 45 9 86 85 89 82 85 90 84 92 82
31 46 43 62 59 53 54 52 51 50 58 53
31 47 20 79 68 77 68 69 70 77 69 81
31 48 95 12 11 6 9 8 13 4 8 17
31 49 24 71 68 70 70 69 79 70 79 65
32 33 58 42 45 39 35 38 49 49 41 43
32 34 74 30 23 36 26 35 25 32 27 35
32 35 58 38 39 35 39 49 48 48 38 48
32 36 46 48 57 53 48 57 47 60 48 59
32 37 90 22 18 11 11 14 18 21 8 10
32 38 85 13 19 24 15 16 18 16 24 22
32 39 78 23 18 27 22 31 18 32 28 25
32 40 42 58 61 56 59 59 60 56 49 52
32 41 74 33 30 35 28 24 34 26 25 34
32 42 52 50 40 41 45 53 43 44 46 47
32 43 21 77 74 70 80 72 71 81 72 75
32 44 15 86 72 85 74 81 81 80 82 83
32 45 81 26 18 21 22 19 18 25 26 26
32 46 70 28 31 35 25 37 36 25 28 38
32 47 10 85 81 82 87 85 85 87 90 87
32 48 30 69 72 60 70 61 63 61 60 66
32 49 37 56 60 64 60 60 55 53 62 56
33 34 97 3 14 8 11 16 6 16 2 14
33 35 54 46 48 52 42 47 46 39 45 52
33 36 42 63 61 57 52 54 61 55 58 57
33 37 50 48 52 50 43 52 54 45 45 48
33 38 6 85 90 85 86 89 79 84 88 81
33 39 43 62 48 50 51 52 53 62 57 61
33 40 77 24 26 33 19 20 22 31 27 27
33 41 56 46 40 50 44 45 50 43 44 51
33 42 31 65 58 63 58 71 59 67 65 70
33 43 40 63 53 54 61 57 51 60 56 56
33 44 74 25 35 37 28 24 32 32 30 33
33 45 77 25 31 27 33 19 27 30 30 21
33 46 52 42 41 53 47 46 52 53 49 43
33 47 26 68 64 77 70 68 69 73 70 77
33 48 35 56 64 61 56 57 65 57 55 56
33 49 15 80 74 74 82 83 79 80 83 74
34 35 60 34 45 37 41 41 37 47 45 44
34 36 75 27 34 33 22 23 35 29 30 23
34 37 53 54 49 51 49 49 47 41 42 46
34 38 78 29 27 25 30 32 33 27 31 27
34 39 91 11 10 22 21 18 11 18 18 21
34 40 83 24 16 23 28 25 27 18 22 14
34 41 52 52 43 50 54 41 52 55 48 44
34 42 92 17 12 7 12 9 17 8 20 7
34 43 91 10 16 15 18 11 13 18 20 10
34 44 48 48 52 49 53 57 51 56 55 51
34 45 77 28 30 20 19 21 27 20 19 29
34 46 92 17 14 13 11 7 17 9 19 17
34 47 72 31 27 32 28 23 30 32 32 37
34 48 3 84 87 89 84 83 92 87 90 90
34 49 35 64 58 59 64 60 58 56 58 65
35 36 25 71 65 64 74 67 72 69 75 64
35 37 31 63 65 60 67 61 62 71 60 64
35 38 63 37 43 37 44 36 37 46 37 42
35 39 96 4 14 14 15 6 3 10 3 11
35 40 69 33 40 34 41 28 31 35 31 36
35 41 52 53 47 51 53 51 47 41 51 49
35 42 33 60 59 58 68 62 68 58 60 56
35 43 54 49 53 51 42 52 43 48 50 45
35 44 30 68 71 59 64 72 73 72 60 62
35 45 49 54 53 52 46 45 50 43 43 46
35 46 27 62 71 62 63 70 67 75 65 63
35 47 13 84 81 81 80 85 78 84 81 78
35 48 11 90 81 79 87 76 90 88 80 89
35 49 35 69 62 67 57 56 56 55 62 67
36 37 3 93 89 91 87 90 82 90 85 94
36 38 5 84 89 82 84 86 82 92 81 81
36 39 73 26 26 33 27 29 30 32 32 33
36 40 46 54 54 49 57 47 52 47 56 56
36 41 98 11 12 7 6 12 16 16 14 7
36 42 52 52 53 50 41 41 42 42 42 40
36 43 58 46 41 47 43 43 36 50 45 39
36 44 89 18 10 24 11 21 14 17 18 9
36 45 42 58 49 63 55 60 55 50 56 62
36 46 59 38 49 44 40 38 42 39 41 38
36 47 87 23 18 22 14 22 19 11 12 24
36 48 81 20 23 26 30 18 25 23 22 20
36 49 97 2 4 12 5 7 2 15 7 15
37 38 77 27 30 30 28 23 31 31 28 30
37 39 92 8 18 9 13 8 8 6 11 20
37 40 85 15 14 13 23 19 18 13 19 12
37 41 45 46 55 46 46 59 52 50 50 52
37 42 60 38 38 48 35 34 38 36 35 44
37 43 4 83 95 84 89 95 92 84 93 87
37 44 91 14 10 12 14 10 14 15 19 10
37 45 97 6 7 11 10 3 15 7 9 15
37 46 15 73 76 81 83 82 78 82 72 80
37 47 79 32 31 24 23 31 27 19 32 22
37 48 44 57 55 58 57 53 56 50 50 47
37 49 66 35 32 37 38 30 31 43 42 37
38 39 57 48 44 47 37 50 38 37 43 46
38 40 28 63 67 62 74 64 66 72 70 65
38 41 1 88 98 88 93 92 97 94 85 88
38 42 99 7 4 12 6 4 15 8 2 10
38 43 62 45 40 36 41 40 38 33 40 41
38 44 21 72 74 69 74 72 66 75 68 73
38 45 31 64 60 65 66 61 69 62 67 72
38 46 27 67 67 67 76 68 67 70 63 62
38 47 34 62 70 62 69 61 59 70 61 61
38 48 57 44 35 49 41 37 35 45 39 42
38 49 99 5 3 9 13 3 7 5 11 3
39 40 75 29 26 28 26 31 32 32 23 21
39 41 9 81 87 86 84 81 88 78 89 85
39 42 20 70 70 81 80 79 79 74 73 78
39 43 84 19 18 15 15 19 15 22 27 21
39 44 9 89 90 79 88 80 79 85 82 79
39 45 39 59 61 66 65 66 51 64 52 57
39 46 87 18 22 20 14 13 18 17 14 21
39 47 6 89 82 85 86 88 94 88 83 91
39 48 12 79 76 75 75 77 79 86 87 77
39 49 16 83 81 76 85 74 72 72 73 81
40 41 44 50 55 52 56 48 56 50 52 47
40 42 83 16 16 18 14 17 17 15 17 15
40 43 36 55 67 61 55 65 60 58 64 69
40 44 82 21 28 16 22 24 16 16 23 22
40 45 48 53 47 55 50 55 45 51 52 58
40 46 92 16 9 18 20 15 16 15 12 7
40 47 14 73 86 81 86 83 82 79 74 81
40 48 1 83 84 98 95 85 94 88 94 93
40 49 28 62 64 61 73 72 73 74 65 74
41 42 41 58 56 51 63 59 53 63 61 55
41 43 1 84 93 91 88 88 84 93 90 84
41 44 41 58 61 51 64 53 55 56 59 50
41 45 55 48 45 39 43 45 48 48 43 40
41 46 76 34 26 28 34 22 20 26 23 22
41 47 89 11 10 20 15 17 20 10 14 22
41 48 45 51 57 59 54 54 55 48 50 47
41 49 51 44 52 43 42 49 45 48 45 51
42 43 26 63 73 69 66 64 62 63 77 71
42 44 26 68 65 72 72 71 69 66 71 66
42 45 32 57 65 68 67 71 70 57 68 68
42 46 23 75 69 71 65 68 67 70 77 74
42 47 58 36 43 40 49 38 43 48 48 46
42 48 74 23 25 35 30 29 22 30 24 35
42 49 76 32 28 22 28 28 25 24 20 25
43 44 79 29 23 22 25 25 18 20 31 18
43 45 72 27 37 31 29 37 24 29 37 30
43 46 28 68 73 70 68 71 74 66 64 74
43 47 84 14 16 15 17 23 14 17 13 16
43 48 15 74 77 77 78 82 73 85 77 80
43 49 91 9 18 11 7 17 19 14 21 18
44 45 42 53 51 51 50 48 60 61 58 51
44 46 28 68 62 66 61 65 64 62 72 61
44 47 3 84 86 96 86 85 94 82 93 86
44 48 45 56 47 60 51 56 57 60 56 57
44 49 51 55 52 54 54 41 54 44 49 53
45 46 60 39 33 33 38 42 34 34 38 36
45 47 74 29 31 29 33 31 23 31 29 24
45 48 94 5 10 5 7 8 12 14 11 6
45 49 96 3 3 12 13 8 7 9 2 13
46 47 10 89 89 87 87 84 80 82 88 82
46 48 76 23 29 32 29 28 21 30 24 21
46 49 35 60 68 61 66 68 66 60 64 60
47 48 65 30 37 32 29 30 38 35 35 43
47 49 13 86 79 74 74 85 74 87 81 82
48 49 63 37 36 33 38 36 38 33 38 32
